STATIONS_ID;MESS_DATUM;QN_3;  FX;  FM;QN_4; RSK;RSKF; SDK;SHK_TAG;  NM; VPM;  PM; TMK; UPM; TXK; TNK; TGK;eor
       3034;20181208;-999;-999;-999;    3;  30.0;   4;-999;   0;  -999;   7.3;    -999;    4.1;   88.33;    5.7;    2.8;    1.3;eor
       3034;20181209;-999;-999;-999;    3;   4.6;   4;-999;   0;  -999;   7.6;    -999;    4.8;   88.46;    6.2;    2.8;    1.2;eor
       3034;20181210;-999;-999;-999;    3;   2.7;   4;-999;   0;  -999;   5.8;    -999;    1.9;   82.33;    3.7;    0.4;   -1.5;eor
       3034;20181211;-999;-999;-999;    3;   4.0;   4;-999;   0;  -999;   5.6;    -999;    1.7;   81.29;    3.1;    0.6;   -0.1;eor
       3034;20181212;-999;-999;-999;    3;   0.2;   4;-999;   3;  -999;   5.7;    -999;    0.1;   92.79;    0.7;   -1.6;   -2.7;eor
       3034;20181213;-999;-999;-999;    3;   0.0;   0;-999;   0;  -999;   4.4;    -999;   -2.4;   85.21;   -1.3;   -3.9;   -6.0;eor
       3034;20181214;-999;-999;-999;    3;   0.0;   0;-999;   0;  -999;   4.0;    -999;   -2.7;   79.38;   -2.2;   -3.7;   -3.6;eor
       3034;20181215;-999;-999;-999;    3;   0.0;   0;-999;   0;  -999;   3.9;    -999;   -2.7;   78.50;   -2.1;   -3.4;   -4.1;eor
       3034;20181216;-999;-999;-999;    3;   0.2;   4;-999;   0;  -999;   4.1;    -999;   -3.6;   86.71;   -1.5;   -7.8;   -9.8;eor
       3034;20181217;-999;-999;-999;    3;   0.0;   0;-999;   0;  -999;   6.1;    -999;    0.9;   92.67;    2.4;   -1.5;   -2.9;eor
       3034;20181218;-999;-999;-999;    3;   0.0;   0;-999;   0;  -999;   6.2;    -999;    1.8;   88.83;    3.9;   -0.3;   -2.5;eor
       3034;20181219;-999;-999;-999;    3;   0.7;   4;-999;   0;  -999;   5.6;    -999;    0.5;   88.46;    2.1;   -2.6;   -4.5;eor
       3034;20181220;-999;-999;-999;    3;   4.3;   4;-999;   0;  -999;   7.0;    -999;    2.9;   92.71;    4.3;    1.0;    0.6;eor
       3034;20181221;-999;-999;-999;    3;  17.6;   4;-999;   0;  -999;   8.4;    -999;    5.9;   89.67;    9.0;    3.8;    3.0;eor
       3034;20181222;-999;-999;-999;    3;   1.1;   4;-999;   0;  -999;   8.3;    -999;    7.1;   81.71;    8.9;    4.9;    2.6;eor
       3034;20181223;-999;-999;-999;    3;  12.8;   4;-999;   0;  -999;   7.7;    -999;    4.9;   88.92;    6.4;    3.4;    1.5;eor
       3034;20181224;-999;-999;-999;    3;   1.3;   4;-999;   0;  -999;   6.1;    -999;    1.0;   92.42;    3.5;   -1.0;   -2.2;eor
       3034;20181225;-999;-999;-999;    3;   0.2;   4;-999;   0;  -999;   5.7;    -999;    0.7;   88.13;    1.7;   -0.2;   -0.5;eor
       3034;20181226;-999;-999;-999;    3;   0.3;   4;-999;   0;  -999;   5.7;    -999;    0.6;   89.21;    1.6;   -0.4;   -1.7;eor
       3034;20181227;-999;-999;-999;    3;   0.0;   0;-999;   0;  -999;   6.4;    -999;    2.0;   89.92;    3.7;    1.0;   -0.5;eor
       3034;20181228;-999;-999;-999;    3;   0.3;   4;-999;   0;  -999;   5.6;    -999;    0.7;   88.29;    3.8;   -2.6;   -4.4;eor
       3034;20181229;-999;-999;-999;    3;   8.4;   4;-999;   1;  -999;   5.7;    -999;    0.2;   91.96;    1.3;   -0.8;   -1.9;eor
       3034;20181230;-999;-999;-999;    3;   0.3;   4;-999;   0;  -999;   6.7;    -999;    3.7;   84.29;    5.0;    1.1;    0.5;eor
       3034;20181231;-999;-999;-999;    3;   1.5;   4;-999;   0;  -999;   7.9;    -999;    4.3;   94.67;    5.3;    3.3;    2.5;eor
       3034;20190101;-999;-999;-999;    3;   6.0;   4;-999;   0;  -999;   7.3;    -999;    4.1;   87.83;    5.8;   -0.3;   -1.0;eor
       3034;20190102;-999;-999;-999;    3;   1.7;   4;-999;   2;  -999;   4.7;    -999;   -0.5;   79.17;    1.5;   -2.6;   -5.8;eor
       3034;20190103;-999;-999;-999;    3;   0.3;   4;-999;   3;  -999;   4.0;    -999;   -2.1;   76.21;    0.6;   -5.4;  -11.0;eor
       3034;20190104;-999;-999;-999;    3;   9.5;   4;-999;   3;  -999;   5.2;    -999;   -0.2;   86.21;    1.8;   -1.8;   -2.7;eor
       3034;20190105;-999;-999;-999;    3;  12.0;   4;-999;   3;  -999;   7.3;    -999;    3.2;   94.29;    4.6;    0.7;   -0.1;eor
       3034;20190106;-999;-999;-999;    3;   3.4;   4;-999;   0;  -999;   6.7;    -999;    2.4;   92.88;    4.0;    0.9;    0.6;eor
       3034;20190107;-999;-999;-999;    3;   1.8;   4;-999;   0;  -999;   6.9;    -999;    2.8;   92.38;    3.6;    1.1;    0.3;eor
       3034;20190108;-999;-999;-999;    3;   9.8;   4;-999;   0;  -999;   6.3;    -999;    1.8;   89.88;    2.9;    0.4;   -0.1;eor
       3034;20190109;-999;-999;-999;    3;   9.2;   4;-999;   8;  -999;   5.4;    -999;   -0.9;   93.75;    0.4;   -1.5;   -2.1;eor
       3034;20190110;-999;-999;-999;    3;   3.0;   4;-999;  20;  -999;   4.7;    -999;   -2.5;   91.33;   -1.1;   -4.6;   -6.2;eor
       3034;20190111;-999;-999;-999;    3;   3.4;   4;-999;  20;  -999;   4.7;    -999;   -2.4;   90.13;    0.6;   -4.6;   -6.2;eor
       3034;20190112;-999;-999;-999;    3;   2.3;   4;-999;  18;  -999;   6.1;    -999;    1.3;   91.54;    2.6;    0.2;   -0.5;eor
       3034;20190113;-999;-999;-999;    3;   4.7;   4;-999;   9;  -999;   6.9;    -999;    2.9;   91.25;    5.3;    1.2;    0.0;eor
       3034;20190114;-999;-999;-999;    3;   1.9;   4;-999;   4;  -999;   5.2;    -999;    0.9;   79.08;    3.4;   -1.2;   -3.0;eor
       3034;20190115;-999;-999;-999;    3;   0.2;   4;-999;   4;  -999;   5.4;    -999;    0.9;   82.33;    2.4;   -0.6;   -1.7;eor
       3034;20190116;-999;-999;-999;    3;   0.7;   4;-999;   2;  -999;   6.1;    -999;    1.9;   86.08;    2.4;    1.0;   -0.6;eor
       3034;20190117;-999;-999;-999;    3;   9.1;   4;-999;   2;  -999;   6.3;    -999;    2.2;   87.71;    3.6;   -0.9;   -2.6;eor
       3034;20190118;-999;-999;-999;    3;   0.0;   0;-999;   2;  -999;   3.9;    -999;   -4.1;   84.21;   -0.6;  -10.2;  -14.7;eor
       3034;20190119;-999;-999;-999;    3;   0.0;   0;-999;   2;  -999;   2.8;    -999;   -7.7;   83.67;   -0.7;  -11.0;  -15.0;eor
       3034;20190120;-999;-999;-999;    3;   0.0;   0;-999;   2;  -999;   3.2;    -999;   -6.7;   85.21;   -3.8;  -12.2;  -16.0;eor
       3034;20190121;-999;-999;-999;    3;   0.0;   0;-999;   2;  -999;   3.4;    -999;   -4.7;   77.58;   -2.0;  -11.7;  -14.7;eor
       3034;20190122;-999;-999;-999;    3;   0.0;   0;-999;   2;  -999;   2.8;    -999;   -8.4;   85.67;   -4.0;  -12.2;  -15.3;eor
       3034;20190123;-999;-999;-999;    3;   0.0;   4;-999;   2;  -999;   2.7;    -999;   -8.9;   87.04;   -6.2;  -11.4;  -14.6;eor
       3034;20190124;-999;-999;-999;    3;   0.1;   4;-999;   2;  -999;   3.4;    -999;   -6.2;   87.46;   -4.0;   -8.6;   -8.5;eor
       3034;20190125;-999;-999;-999;    3;   2.5;   4;-999;   4;  -999;   3.6;    -999;   -5.3;   86.46;   -2.9;   -6.2;   -8.7;eor
       3034;20190126;-999;-999;-999;    3;   4.0;   4;-999;   5;  -999;   5.6;    -999;    0.0;   90.79;    1.9;   -2.9;   -3.1;eor
       3034;20190127;-999;-999;-999;    3;   9.4;   4;-999;   2;  -999;   6.6;    -999;    2.2;   92.42;    3.2;    1.0;    0.5;eor
       3034;20190128;-999;-999;-999;    3;   4.2;   4;-999;   0;  -999;   5.7;    -999;    0.5;   89.67;    1.7;   -0.8;   -1.5;eor
       3034;20190129;-999;-999;-999;    3;   0.2;   4;-999;   3;  -999;   4.6;    -999;   -1.9;   86.71;    1.1;   -8.7;  -12.5;eor
       3034;20190130;-999;-999;-999;    3;   2.1;   4;-999;   2;  -999;   3.9;    -999;   -3.7;   83.42;    0.5;  -10.1;  -14.5;eor
       3034;20190131;-999;-999;-999;    3;   1.8;   4;-999;   2;  -999;   3.7;    -999;   -4.0;   82.25;    1.6;   -9.4;  -13.1;eor
       3034;20190201;-999;-999;-999;    3;   3.8;   4;-999;   2;  -999;   4.7;    -999;   -1.3;   84.25;    2.9;   -9.1;  -11.4;eor
       3034;20190202;-999;-999;-999;    3;   0.3;   4;-999;   2;  -999;   6.0;    -999;    0.7;   94.08;    2.5;   -0.2;   -0.3;eor
       3034;20190203;-999;-999;-999;    3;   3.3;   4;-999;   2;  -999;   5.2;    -999;   -1.2;   91.50;    0.5;   -1.7;   -2.5;eor
       3034;20190204;-999;-999;-999;    3;   0.0;   0;-999;   4;  -999;   4.2;    -999;   -3.2;   86.75;    1.2;   -8.6;  -12.6;eor
       3034;20190205;-999;-999;-999;    3;   0.0;   0;-999;   2;  -999;   4.3;    -999;   -2.3;   83.46;   -0.1;   -5.1;   -9.1;eor
       3034;20190206;-999;-999;-999;    3;   0.0;   0;-999;   1;  -999;   4.3;    -999;   -2.4;   84.71;    4.4;   -6.5;   -9.9;eor
       3034;20190207;-999;-999;-999;    3;   0.2;   4;-999;   1;  -999;   4.4;    -999;   -1.9;   82.29;    1.4;   -5.2;   -8.6;eor
       3034;20190208;-999;-999;-999;    3;   0.4;   4;-999;   1;  -999;   6.3;    -999;    3.0;   83.33;    5.0;    1.4;    0.9;eor
       3034;20190209;-999;-999;-999;    3;   2.1;   4;-999;   1;  -999;   6.6;    -999;    4.0;   80.38;    5.7;    2.1;    0.8;eor
       3034;20190210;-999;-999;-999;    3;  23.8;   4;-999;   0;  -999;   7.1;    -999;    4.4;   85.33;    6.5;    1.6;   -0.4;eor
       3034;20190211;-999;-999;-999;    3;   2.4;   4;-999;   0;  -999;   5.9;    -999;    1.7;   85.83;    4.1;    0.1;   -2.0;eor
       3034;20190212;-999;-999;-999;    3;   2.1;   4;-999;   0;  -999;   5.3;    -999;    0.7;   81.83;    2.7;   -0.6;   -2.5;eor
       3034;20190213;-999;-999;-999;    3;   0.0;   0;-999;   0;  -999;   5.6;    -999;    1.9;   79.67;    3.9;   -0.6;   -3.2;eor
       3034;20190214;-999;-999;-999;    3;   0.0;   0;-999;   0;  -999;   5.1;    -999;    1.7;   77.54;   11.0;   -2.9;   -4.7;eor
       3034;20190215;-999;-999;-999;    3;   0.0;   0;-999;   0;  -999;   5.2;    -999;    1.1;   81.17;   13.1;   -4.3;   -6.3;eor
       3034;20190216;-999;-999;-999;    3;   0.0;   0;-999;   0;  -999;   4.9;    -999;    3.9;   67.88;   15.0;   -3.5;   -5.6;eor
       3034;20190217;-999;-999;-999;    3;   0.0;   0;-999;   0;  -999;   5.3;    -999;    3.4;   73.83;   15.6;   -3.5;   -5.4;eor
       3034;20190218;-999;-999;-999;    3;   0.0;   0;-999;   0;  -999;   5.1;    -999;    2.4;   75.38;   13.9;   -4.1;   -6.0;eor
       3034;20190219;-999;-999;-999;    3;   0.2;   4;-999;   0;  -999;   5.9;    -999;    2.6;   80.75;    6.9;   -2.6;   -4.7;eor
       3034;20190220;-999;-999;-999;    3;   0.0;   0;-999;   0;  -999;   6.3;    -999;    2.4;   86.21;    6.4;   -1.7;   -3.8;eor
       3034;20190221;-999;-999;-999;    3;   1.0;   4;-999;   0;  -999;   6.9;    -999;    4.2;   83.75;    7.5;   -0.8;   -2.5;eor
       3034;20190222;-999;-999;-999;    3;   0.8;   4;-999;   0;  -999;   7.6;    -999;    4.1;   90.96;    6.6;   -1.5;   -3.1;eor
       3034;20190223;-999;-999;-999;    3;   0.0;   0;-999;   0;  -999;   3.5;    -999;   -0.7;   63.75;    5.4;   -4.4;   -6.2;eor
       3034;20190224;-999;-999;-999;    3;   0.0;   0;-999;   0;  -999;   3.4;    -999;    0.2;   60.13;   11.2;   -5.6;   -6.8;eor
       3034;20190225;-999;-999;-999;    3;   0.0;   0;-999;   0;  -999;   5.0;    -999;    2.9;   69.75;   14.9;   -3.8;   -5.3;eor
       3034;20190226;-999;-999;-999;    3;   0.0;   0;-999;   0;  -999;   4.7;    -999;    4.1;   65.88;   15.2;   -2.0;   -3.7;eor
       3034;20190227;-999;-999;-999;    3;   0.0;   0;-999;   0;  -999;   5.3;    -999;    5.5;   63.67;   17.5;   -2.4;   -4.0;eor
       3034;20190228;-999;-999;-999;    3;   0.4;   4;-999;   0;  -999;   6.1;    -999;    8.0;   56.88;   13.9;    1.0;   -2.4;eor
       3034;20190301;-999;-999;-999;    3;   4.9;   4;-999;   0;  -999;   8.3;    -999;    6.6;   85.38;    9.4;    2.1;    2.0;eor
       3034;20190302;-999;-999;-999;    3;   1.2;   4;-999;   0;  -999;   7.1;    -999;    3.4;   90.83;    5.8;    1.7;    1.6;eor
       3034;20190303;-999;-999;-999;    3;   0.0;   0;-999;   0;  -999;   8.2;    -999;    7.4;   79.96;    8.7;    5.8;    5.1;eor
       3034;20190304;-999;-999;-999;    3;   5.0;   4;-999;   0;  -999;   7.0;    -999;    7.2;   70.00;   11.7;    2.2;    0.5;eor
       3034;20190305;-999;-999;-999;    3;   4.4;   4;-999;   0;  -999;   6.5;    -999;    2.9;   85.42;    5.0;    0.1;   -2.0;eor
       3034;20190306;-999;-999;-999;    3;   0.0;   0;-999;   0;  -999;   7.2;    -999;    5.3;   81.21;   10.1;    0.5;   -1.8;eor
       3034;20190307;-999;-999;-999;    3;   1.6;   4;-999;   0;  -999;   7.3;    -999;    6.6;   75.96;   11.5;    2.3;   -0.2;eor
       3034;20190308;-999;-999;-999;    3;   2.9;   4;-999;   0;  -999;   6.8;    -999;    5.0;   77.50;    7.5;    3.3;    1.1;eor
       3034;20190309;-999;-999;-999;    3;  16.0;   4;-999;   0;  -999;   7.4;    -999;    5.0;   84.54;    7.6;    1.8;   -0.7;eor
       3034;20190310;-999;-999;-999;    3;  10.3;   4;-999;   0;  -999;   7.6;    -999;    5.8;   81.42;   10.3;    2.3;    0.7;eor
       3034;20190311;-999;-999;-999;    3;   1.6;   4;-999;   3;  -999;   5.5;    -999;    1.4;   82.00;    3.3;    0.1;   -1.7;eor
       3034;20190312;-999;-999;-999;    3;   1.3;   4;-999;   0;  -999;   5.1;    -999;    3.4;   67.04;    7.0;    0.5;   -0.3;eor
       3034;20190313;-999;-999;-999;    3;   6.5;   4;-999;   0;  -999;   6.0;    -999;    3.5;   76.75;    5.9;    1.5;   -0.3;eor
       3034;20190314;-999;-999;-999;    3;  14.1;   4;-999;   0;  -999;   6.6;    -999;    2.7;   88.79;    4.1;    1.4;    0.5;eor
       3034;20190315;-999;-999;-999;    3;  13.8;   4;-999;   0;  -999;   8.0;    -999;    5.5;   87.88;    9.3;    2.8;    1.7;eor
       3034;20190316;-999;-999;-999;    3;   2.4;   4;-999;   0;  -999;   8.1;    -999;    6.1;   86.17;    8.6;    3.8;    3.3;eor
       3034;20190317;-999;-999;-999;    3;   4.5;   4;-999;   0;  -999;   7.2;    -999;    6.2;   76.67;   12.4;    1.4;    0.0;eor
       3034;20190318;-999;-999;-999;    3;   1.4;   4;-999;   0;  -999;   5.9;    -999;    2.2;   82.33;    6.5;   -0.8;   -2.6;eor
       3034;20190319;-999;-999;-999;    3;   0.0;   0;-999;   0;  -999;   4.9;    -999;    1.8;   72.83;    6.6;   -2.8;   -5.0;eor
       3034;20190320;-999;-999;-999;    3;   0.0;   0;-999;   0;  -999;   4.7;    -999;    2.6;   68.38;   11.2;   -3.8;   -5.2;eor
       3034;20190321;-999;-999;-999;    3;   0.0;   0;-999;   0;  -999;   6.2;    -999;    5.2;   73.33;   15.1;   -2.7;   -4.0;eor
       3034;20190322;-999;-999;-999;    3;   0.0;   0;-999;   0;  -999;   7.4;    -999;    7.7;   74.83;   18.6;   -0.3;   -2.0;eor
       3034;20190323;-999;-999;-999;    3;   0.0;   0;-999;   0;  -999;   7.2;    -999;    8.8;   69.75;   18.7;    0.0;   -2.2;eor
       3034;20190324;-999;-999;-999;    3;   0.0;   4;-999;   0;  -999;   8.4;    -999;    5.9;   90.71;    7.8;    0.8;   -1.8;eor
       3034;20190325;-999;-999;-999;    3;   1.0;   4;-999;   0;  -999;   5.7;    -999;    2.3;   79.71;    7.7;   -1.8;   -3.9;eor
       3034;20190326;-999;-999;-999;    3;   1.8;   4;-999;   0;  -999;   5.9;    -999;    3.5;   75.88;    7.3;    1.5;    0.4;eor
       3034;20190327;-999;-999;-999;    3;   0.1;   4;-999;   0;  -999;   6.7;    -999;    4.6;   80.00;    7.9;    1.4;    0.5;eor
       3034;20190328;-999;-999;-999;    3;   0.9;   4;-999;   0;  -999;   8.6;    -999;    6.5;   88.58;    9.3;    3.3;    2.9;eor
       3034;20190329;-999;-999;-999;    3;   0.0;   0;-999;   0;  -999;   8.1;    -999;    7.6;   79.71;   14.2;    0.2;   -2.0;eor
       3034;20190330;-999;-999;-999;    3;   0.0;   0;-999;   0;  -999;   6.5;    -999;    6.8;   71.38;   17.4;   -1.5;   -3.2;eor
       3034;20190331;-999;-999;-999;    3;   0.0;   0;-999;   0;  -999;   7.6;    -999;    6.5;   78.92;   13.9;    1.2;   -1.1;eor
       3034;20190401;-999;-999;-999;    3;   0.0;   0;-999;   0;  -999;   6.1;    -999;    4.6;   74.17;   13.2;   -1.1;   -2.6;eor
       3034;20190402;-999;-999;-999;    3;   3.2;   4;-999;   0;  -999;   6.7;    -999;    7.8;   66.71;   17.3;   -1.9;   -3.7;eor
       3034;20190403;-999;-999;-999;    3;   0.1;   4;-999;   0;  -999;   8.8;    -999;    9.8;   75.63;   17.1;    3.5;    2.2;eor
       3034;20190404;-999;-999;-999;    3;   0.1;   4;-999;   0;  -999;   9.0;    -999;    9.5;   76.63;   16.5;    3.4;    1.4;eor
       3034;20190405;-999;-999;-999;    3;   0.0;   0;-999;   0;  -999;   9.2;    -999;    7.3;   90.21;   10.0;    4.7;    2.9;eor
       3034;20190406;-999;-999;-999;    3;   0.0;   0;-999;   0;  -999;   9.0;    -999;    9.6;   77.79;   17.4;    2.9;    0.9;eor
       3034;20190407;-999;-999;-999;    3;   0.0;   0;-999;   0;  -999;   7.5;    -999;    8.5;   70.92;   16.6;    0.3;   -1.2;eor
       3034;20190408;-999;-999;-999;    3;   0.0;   0;-999;   0;  -999;   8.8;    -999;   10.1;   73.08;   16.2;    3.2;    1.0;eor
       3034;20190409;-999;-999;-999;    3;   0.0;   0;-999;   0;  -999;   8.0;    -999;    6.3;   83.83;    8.0;    3.5;    1.6;eor
       3034;20190410;-999;-999;-999;    3;   0.0;   0;-999;   0;  -999;   5.5;    -999;    3.9;   70.50;    9.3;   -1.4;   -4.0;eor
       3034;20190411;-999;-999;-999;    3;   0.0;   0;-999;   0;  -999;   4.2;    -999;    0.8;   66.63;    6.6;   -3.5;   -6.4;eor
       3034;20190412;-999;-999;-999;    3;   0.6;   4;-999;   0;  -999;   4.3;    -999;   -0.3;   72.04;    2.0;   -3.5;   -6.2;eor
       3034;20190413;-999;-999;-999;    3;   0.0;   0;-999;   1;  -999;   4.7;    -999;    0.6;   75.88;    6.0;   -3.5;   -5.5;eor
       3034;20190414;-999;-999;-999;    3;   1.2;   4;-999;   0;  -999;   5.7;    -999;   -0.3;   94.17;    2.3;   -3.9;   -6.1;eor
       3034;20190415;-999;-999;-999;    3;   0.0;   0;-999;   0;  -999;   6.4;    -999;    5.5;   74.33;   12.9;   -0.9;   -2.5;eor
       3034;20190416;-999;-999;-999;    3;   0.0;   0;-999;   0;  -999;   5.0;    -999;    6.6;   58.42;   16.5;   -3.0;   -5.0;eor
       3034;20190417;-999;-999;-999;    3;   0.0;   0;-999;   0;  -999;   5.3;    -999;    8.5;   54.42;   18.4;   -1.8;   -4.5;eor
       3034;20190418;-999;-999;-999;    3;   0.0;   0;-999;   0;  -999;   6.0;    -999;   10.0;   55.79;   19.0;    0.6;   -1.1;eor
       3034;20190419;-999;-999;-999;    3;   0.0;   0;-999;   0;  -999;   6.4;    -999;   11.2;   55.08;   21.8;    0.4;   -1.4;eor
       3034;20190420;-999;-999;-999;    3;   0.0;   0;-999;   0;  -999;   6.4;    -999;   11.2;   54.75;   21.2;    0.7;   -1.9;eor
       3034;20190421;-999;-999;-999;    3;   0.0;   0;-999;   0;  -999;   6.4;    -999;   11.4;   54.83;   21.6;    1.1;   -1.4;eor
       3034;20190422;-999;-999;-999;    3;   0.0;   0;-999;   0;  -999;   6.4;    -999;   11.4;   52.58;   21.2;    1.1;   -1.1;eor
       3034;20190423;-999;-999;-999;    3;   0.0;   0;-999;   0;  -999;   8.5;    -999;   12.4;   59.50;   18.7;    5.8;    1.9;eor
       3034;20190424;-999;-999;-999;    3;   0.0;   4;-999;   0;  -999;   9.6;    -999;   15.7;   56.88;   24.0;    8.5;    6.0;eor
       3034;20190425;-999;-999;-999;    3;   0.0;   0;-999;   0;  -999;   7.7;    -999;   14.5;   53.17;   25.0;    3.4;    0.9;eor
       3034;20190426;-999;-999;-999;    3;   9.8;   4;-999;   0;  -999;   9.4;    -999;   10.5;   75.25;   17.7;    6.2;    3.3;eor
       3034;20190427;-999;-999;-999;    3;   3.3;   4;-999;   0;  -999;   9.0;    -999;    8.8;   80.92;   15.3;    4.5;    2.9;eor
       3034;20190428;-999;-999;-999;    3;   4.2;   4;-999;   0;  -999;   7.8;    -999;    5.5;   86.33;    9.8;    2.9;    1.7;eor
       3034;20190429;-999;-999;-999;    3;   9.4;   4;-999;   0;  -999;   8.7;    -999;    6.1;   91.75;    8.1;    2.5;    1.0;eor
       3034;20190430;-999;-999;-999;    3;   0.0;   0;-999;   0;  -999;   7.2;    -999;    8.1;   70.13;   14.5;    1.9;   -0.1;eor
       3034;20190501;-999;-999;-999;    3;   0.0;   0;-999;-999;  -999;   8.2;    -999;   10.1;   70.38;   18.3;    2.1;   -0.1;eor
       3034;20190502;-999;-999;-999;    3;   0.1;   4;-999;-999;  -999;   8.3;    -999;   10.5;   69.63;   18.1;    3.0;    1.1;eor
       3034;20190503;-999;-999;-999;    3;   2.2;   4;-999;-999;  -999;   7.2;    -999;    6.2;   76.00;    9.4;    0.8;   -0.6;eor
       3034;20190504;-999;-999;-999;    3;   9.9;   4;-999;-999;  -999;   6.3;    -999;    2.2;   88.33;    5.1;   -0.8;   -2.6;eor
       3034;20190505;-999;-999;-999;    3;   0.0;   0;-999;-999;  -999;  -999;    -999;    3.8;-999;    8.1;    0.8;   -0.3;eor
       3034;20190506;-999;-999;-999;    3;   0.0;   0;-999;-999;  -999;  -999;    -999;    5.0;-999;    8.2;    0.3;   -2.7;eor
       3034;20190507;-999;-999;-999;-999;-999;-999;-999;-999;  -999;   6.6;    -999;    4.6;   77.25;-999;-999;-999;eor
       3034;20190508;-999;-999;-999;-999;-999;-999;-999;-999;  -999;  -999;    -999;   -999;-999;-999;-999;-999;eor
       3034;20190527;-999;-999;-999;-999;-999;-999;-999;-999;-999;-999;-999;-999;-999;   18.0;    9.0;    6.0;eor
       3034;20190528;-999;-999;-999;    3;  -999;-999;-999;-999;  -999;  -999;    -999;   10.0;-999;   15.0;    8.5;    7.9;eor
       3034;20190529;-999;-999;-999;    3;   0.1;   4;-999;-999;  -999;   8.9;    -999;    9.4;   76.58;   14.8;    2.7;    0.9;eor
       3034;20190530;-999;-999;-999;    3;   0.0;   0;-999;-999;  -999;   8.3;    -999;   12.2;   62.42;   19.7;    1.0;   -0.6;eor
       3034;20190531;-999;-999;-999;    3;   0.0;   0;-999;-999;  -999;  13.1;    -999;   16.2;   71.92;   21.0;   10.5;    8.6;eor
       3034;20190601;-999;-999;-999;    3;   0.0;   0;-999;-999;  -999;  12.7;    -999;   17.8;   66.75;   25.9;    8.5;    6.3;eor
       3034;20190602;-999;-999;-999;    3;   0.0;   0;-999;-999;  -999;  12.7;    -999;   19.5;   62.00;   28.8;    9.8;    7.8;eor
       3034;20190603;-999;-999;-999;    3;   1.0;   4;-999;-999;  -999;  12.6;    -999;   20.5;   60.13;   30.0;   10.7;    8.3;eor
       3034;20190604;-999;-999;-999;    3;   0.0;   0;-999;-999;  -999;  13.4;    -999;   20.2;   62.92;   28.9;   11.7;   10.8;eor
       3034;20190605;-999;-999;-999;    3;   0.0;   0;-999;-999;  -999;  14.0;    -999;   20.9;   62.38;   30.8;   11.1;    9.0;eor
       3034;20190606;-999;-999;-999;    3;   5.5;   4;-999;-999;  -999;  13.6;    -999;   15.6;   77.42;   22.9;    9.2;    8.1;eor
       3034;20190607;-999;-999;-999;    3;   0.2;   4;-999;-999;  -999;  13.6;    -999;   16.1;   75.75;   24.6;    7.2;    6.4;eor
       3034;20190608;-999;-999;-999;    3;   0.0;   0;-999;-999;  -999;   9.1;    -999;   13.5;   61.63;   19.3;    5.9;    4.3;eor
       3034;20190609;-999;-999;-999;    3;   0.3;   4;-999;-999;  -999;  11.0;    -999;   15.9;   64.92;   25.3;    4.9;    3.3;eor
       3034;20190610;-999;-999;-999;    3;   2.9;   4;-999;-999;  -999;  15.0;    -999;   17.8;   76.38;   24.8;   13.0;   12.0;eor
       3034;20190611;-999;-999;-999;    3;   1.4;   4;-999;-999;  -999;  15.6;    -999;   17.8;   77.75;   23.6;   12.1;   10.9;eor
       3034;20190612;-999;-999;-999;    3;   2.4;   4;-999;-999;  -999;  16.7;    -999;   17.7;   82.83;   26.8;   12.8;   12.4;eor
       3034;20190613;-999;-999;-999;    3;   0.0;   0;-999;-999;  -999;  12.2;    -999;   17.0;   66.71;   23.5;   10.3;    8.7;eor
       3034;20190614;-999;-999;-999;    3;   0.0;   0;-999;-999;  -999;  13.8;    -999;   19.5;   65.08;   28.9;    8.1;    6.4;eor
       3034;20190615;-999;-999;-999;    3;   0.0;   4;-999;-999;  -999;  15.2;    -999;   20.4;   65.67;   25.5;   13.3;   11.8;eor
       3034;20190616;-999;-999;-999;    3;   0.9;   4;-999;-999;  -999;  14.3;    -999;   15.8;   80.46;   19.1;   12.3;   10.7;eor
       3034;20190617;-999;-999;-999;    3;   0.0;   4;-999;-999;  -999;  13.2;    -999;   17.8;   68.50;   25.6;   10.2;    8.6;eor
       3034;20190618;-999;-999;-999;    3;   0.0;   0;-999;-999;  -999;  13.4;    -999;   19.4;   64.04;   27.6;    9.8;    8.2;eor
       3034;20190619;-999;-999;-999;    3;   0.3;   4;-999;-999;  -999;  13.8;    -999;   21.8;   58.54;   30.1;   13.2;   11.5;eor
       3034;20190620;-999;-999;-999;    3;   3.1;   4;-999;-999;  -999;  15.4;    -999;   18.5;   73.88;   25.2;   12.6;   11.0;eor
       3034;20190621;-999;-999;-999;    3;   1.7;   4;-999;-999;  -999;  14.5;    -999;   16.8;   77.33;   22.3;   11.7;   10.6;eor
       3034;20190622;-999;-999;-999;    3;   3.3;   4;-999;-999;  -999;  14.9;    -999;   16.4;   81.13;   23.1;   10.2;    9.1;eor
       3034;20190623;-999;-999;-999;    3;   0.0;   0;-999;-999;  -999;  15.3;    -999;   19.2;   70.96;   26.3;   13.4;   12.6;eor
       3034;20190624;-999;-999;-999;    3;   0.0;   0;-999;-999;  -999;  13.5;    -999;   20.7;   60.75;   29.3;   11.7;   10.4;eor
       3034;20190625;-999;-999;-999;    3;   0.0;   0;-999;-999;  -999;  14.8;    -999;   22.6;   59.33;   33.0;   11.7;    9.8;eor
       3034;20190626;-999;-999;-999;    3;   0.0;   0;-999;-999;  -999;  18.3;    -999;   26.0;   60.08;   35.4;   14.7;   12.5;eor
       3034;20190627;-999;-999;-999;    3;   0.0;   0;-999;-999;  -999;  12.4;    -999;   21.3;   52.33;   28.0;   13.1;   10.6;eor
       3034;20190628;-999;-999;-999;    3;   0.0;   0;-999;-999;  -999;  10.5;    -999;   16.5;   60.50;   24.7;    9.7;    8.1;eor
       3034;20190629;-999;-999;-999;    3;   0.0;   0;-999;-999;  -999;  10.2;    -999;   19.8;   52.04;   32.1;    7.4;    5.3;eor
       3034;20190630;-999;-999;-999;    3;   0.0;   0;-999;-999;  -999;  12.5;    -999;   23.8;   49.67;   34.5;   10.5;    8.3;eor
       3034;20190701;-999;-999;-999;    3;   0.0;   0;-999;-999;  -999;  16.0;    -999;   23.0;   59.00;   29.7;   13.3;   10.4;eor
       3034;20190702;-999;-999;-999;    3;   0.0;   0;-999;-999;  -999;  10.2;    -999;   16.4;   57.04;   23.0;    8.9;    7.6;eor
       3034;20190703;-999;-999;-999;    3;   0.0;   0;-999;-999;  -999;   8.5;    -999;   14.2;   55.63;   21.7;    6.1;    5.0;eor
       3034;20190704;-999;-999;-999;    3;   0.0;   0;-999;-999;  -999;   8.4;    -999;   15.2;   53.29;   24.3;    6.0;    4.3;eor
       3034;20190705;-999;-999;-999;    3;   0.0;   0;-999;-999;  -999;  10.0;    -999;   17.7;   52.54;   25.5;   10.1;    9.1;eor
       3034;20190706;-999;-999;-999;    3;   0.6;   4;-999;-999;  -999;  11.2;    -999;   20.4;   51.25;   28.4;   10.6;    8.4;eor
       3034;20190707;-999;-999;-999;    3;   0.0;   4;-999;-999;  -999;  10.4;    -999;   14.3;   65.33;   20.6;    6.6;    5.1;eor
       3034;20190708;-999;-999;-999;    3;   0.0;   0;-999;-999;  -999;   8.4;    -999;   12.4;   61.00;   17.8;    6.7;    4.6;eor
       3034;20190709;-999;-999;-999;    3;   0.0;   0;-999;-999;  -999;   8.6;    -999;   11.3;   66.21;   16.6;    4.9;    3.1;eor
       3034;20190710;-999;-999;-999;    3;   1.1;   4;-999;-999;  -999;   9.0;    -999;   14.3;   59.04;   21.9;    5.6;    3.0;eor
       3034;20190711;-999;-999;-999;    3;   3.2;   4;-999;-999;  -999;  12.6;    -999;   15.2;   74.04;   21.3;   11.1;   10.8;eor
       3034;20190712;-999;-999;-999;    3;  -999;-999;-999;-999;  -999;  13.8;    -999;   15.1;   82.25;   22.2;   10.5;    9.9;eor
       3034;20190713;-999;-999;-999;    3;   9.9;   4;-999;-999;  -999;  13.9;    -999;   14.9;   82.54;   19.2;   11.2;   11.3;eor
       3034;20190714;-999;-999;-999;    3;   0.1;   4;-999;-999;  -999;  13.8;    -999;   13.8;   87.75;   17.7;   11.3;    9.9;eor
       3034;20190715;-999;-999;-999;    3;   0.0;   0;-999;-999;  -999;  12.3;    -999;   14.8;   74.21;   20.5;   11.3;    9.6;eor
       3034;20190716;-999;-999;-999;    3;   0.0;   0;-999;-999;  -999;  11.7;    -999;   15.2;   68.96;   21.8;   10.3;    9.8;eor
       3034;20190717;-999;-999;-999;    3;   0.0;   0;-999;-999;  -999;  12.6;    -999;   15.8;   71.21;   21.6;    9.9;    8.9;eor
       3034;20190718;-999;-999;-999;    3;   0.3;   4;-999;-999;  -999;  11.6;    -999;   17.4;   62.96;   25.1;    8.0;    6.7;eor
       3034;20190719;-999;-999;-999;    3;   4.4;   4;-999;-999;  -999;  16.0;    -999;   16.5;   85.25;   21.6;   12.9;   11.5;eor
       3034;20190720;-999;-999;-999;    3;   0.0;   0;-999;-999;  -999;  15.2;    -999;   20.7;   66.25;   29.7;   11.1;    9.5;eor
       3034;20190721;-999;-999;-999;    3;   2.0;   4;-999;-999;  -999;  14.9;    -999;   19.8;   67.04;   26.8;   13.1;   12.0;eor
       3034;20190722;-999;-999;-999;    3;   0.0;   0;-999;-999;  -999;  12.7;    -999;   19.6;   60.58;   27.8;   10.7;    9.0;eor
       3034;20190723;-999;-999;-999;    3;   0.0;   0;-999;-999;  -999;  14.1;    -999;   21.9;   59.13;   31.2;   12.4;   10.7;eor
       3034;20190724;-999;-999;-999;    3;   0.0;   0;-999;-999;  -999;  14.0;    -999;   24.0;   53.08;   34.1;   12.9;   11.3;eor
       3034;20190725;-999;-999;-999;    3;   0.0;   0;-999;-999;  -999;  13.2;    -999;   25.1;   48.17;   34.7;   14.9;   13.1;eor
       3034;20190726;-999;-999;-999;    3;   0.0;   0;-999;-999;  -999;  13.4;    -999;   23.2;   51.38;   31.7;   14.4;   13.0;eor
       3034;20190727;-999;-999;-999;    3;   0.0;   0;-999;-999;  -999;  14.6;    -999;   20.5;   63.46;   29.8;   12.5;   11.1;eor
       3034;20190728;-999;-999;-999;    3;   0.2;   4;-999;-999;  -999;  16.9;    -999;   21.2;   69.75;   29.0;   15.7;   14.6;eor
       3034;20190729;-999;-999;-999;    3;   0.0;   0;-999;-999;  -999;  18.1;    -999;   20.3;   77.04;   25.1;   15.5;   13.6;eor
       3034;20190730;-999;-999;-999;    3;   0.8;   4;-999;-999;  -999;  17.1;    -999;   20.4;   72.88;   25.9;   14.6;   12.5;eor
       3034;20190731;-999;-999;-999;    3;   1.2;   4;-999;-999;  -999;  15.3;    -999;   17.1;   79.29;   23.1;   11.1;    9.0;eor
       3034;20190801;-999;-999;-999;    3;   0.0;   0;-999;-999;  -999;  11.6;    -999;   16.5;   65.13;   24.2;    8.9;    6.5;eor
       3034;20190802;-999;-999;-999;    3;   0.1;   4;-999;-999;  -999;  12.5;    -999;   16.2;   70.46;   23.6;    9.8;    8.1;eor
       3034;20190803;-999;-999;-999;    3;   4.2;   4;-999;-999;  -999;  14.2;    -999;   15.8;   80.29;   22.7;   11.1;    9.5;eor
       3034;20190804;-999;-999;-999;    3;   0.0;   0;-999;-999;  -999;  13.2;    -999;   17.4;   69.96;   25.2;   10.0;    7.7;eor
       3034;20190805;-999;-999;-999;    3;   0.0;   4;-999;-999;  -999;  14.2;    -999;   18.2;   69.96;   24.8;   11.1;    9.5;eor
       3034;20190806;-999;-999;-999;    3;   2.8;   4;-999;-999;  -999;  15.8;    -999;   18.8;   74.92;   25.6;   12.5;   10.0;eor
       3034;20190807;-999;-999;-999;    3;  13.9;   4;-999;-999;  -999;  17.2;    -999;   16.8;   90.21;   20.6;   14.1;   11.8;eor
       3034;20190808;-999;-999;-999;    3;   0.0;   0;-999;-999;  -999;  14.1;    -999;   17.4;   73.79;   24.2;   11.2;    9.7;eor
       3034;20190809;-999;-999;-999;    3;   0.5;   4;-999;-999;  -999;  15.3;    -999;   19.8;   70.08;   28.5;   10.1;    8.4;eor
       3034;20190810;-999;-999;-999;    3;   0.1;   4;-999;-999;  -999;  16.5;    -999;   19.9;   71.79;   24.1;   12.3;   10.4;eor
       3034;20190811;-999;-999;-999;    3;   0.9;   4;-999;-999;  -999;  13.6;    -999;   19.1;   66.00;   27.1;   10.5;    8.3;eor
       3034;20190812;-999;-999;-999;    3;   0.0;   0;-999;-999;  -999;  12.8;    -999;   16.9;   67.21;   20.6;   14.3;   13.2;eor
       3034;20190813;-999;-999;-999;    3;   0.0;   0;-999;-999;  -999;  10.7;    -999;   14.9;   65.17;   20.7;    8.2;    7.1;eor
       3034;20190814;-999;-999;-999;    3;   0.0;   0;-999;-999;  -999;   8.7;    -999;   13.7;   58.46;   20.9;    6.6;    4.8;eor
       3034;20190815;-999;-999;-999;    3;   0.9;   4;-999;-999;  -999;  12.2;    -999;   13.7;   77.33;   20.1;    5.4;    3.7;eor
       3034;20190816;-999;-999;-999;    3;   0.0;   0;-999;-999;  -999;  12.4;    -999;   15.4;   73.08;   21.8;    9.1;    7.0;eor
       3034;20190817;-999;-999;-999;    3;   0.3;   4;-999;-999;  -999;  13.3;    -999;   16.0;   74.13;   20.7;    8.8;    6.9;eor
       3034;20190818;-999;-999;-999;    3;   0.9;   4;-999;-999;  -999;  16.4;    -999;   20.7;   69.83;   29.2;   15.2;   13.6;eor
       3034;20190819;-999;-999;-999;    3;   0.0;   0;-999;-999;  -999;  13.7;    -999;   18.1;   68.04;   23.7;   12.4;   11.2;eor
       3034;20190820;-999;-999;-999;    3;  10.2;   4;-999;-999;  -999;  12.7;    -999;   15.0;   76.54;   22.3;    9.7;    7.8;eor
       3034;20190821;-999;-999;-999;    3;   0.0;   0;-999;-999;  -999;  11.0;    -999;   14.3;   71.42;   21.8;    8.8;    7.1;eor
       3034;20190822;-999;-999;-999;    3;   0.0;   0;-999;-999;  -999;  10.3;    -999;   15.3;   64.96;   24.6;    6.4;    4.4;eor
       3034;20190823;-999;-999;-999;    3;   0.0;   0;-999;-999;  -999;  11.0;    -999;   16.7;   63.92;   26.7;    7.0;    5.1;eor
       3034;20190824;-999;-999;-999;    3;   0.0;   0;-999;-999;  -999;  14.7;    -999;   17.7;   73.33;   25.8;    8.4;    6.3;eor
       3034;20190825;-999;-999;-999;    3;   2.2;   4;-999;-999;  -999;  16.6;    -999;   20.1;   75.21;   30.8;   12.7;   11.0;eor
       3034;20190826;-999;-999;-999;    3;   0.1;   4;-999;-999;  -999;  16.4;    -999;   19.9;   74.38;   29.6;   12.8;   11.3;eor
       3034;20190827;-999;-999;-999;    3;   3.4;   4;-999;-999;  -999;  16.9;    -999;   19.5;   78.42;   29.7;   13.9;   12.5;eor
       3034;20190828;-999;-999;-999;    3;   0.0;   0;-999;-999;  -999;  17.2;    -999;   21.0;   73.29;   30.4;   13.9;   12.5;eor
       3034;20190829;-999;-999;-999;    3;   0.6;   4;-999;-999;  -999;  17.9;    -999;   19.8;   79.13;   29.2;   14.0;   11.9;eor
       3034;20190830;-999;-999;-999;    3;   0.6;   4;-999;-999;  -999;  18.0;    -999;   20.2;   78.92;   30.0;   14.9;   13.5;eor
       3034;20190831;-999;-999;-999;    3;   0.0;   0;-999;-999;  -999;  16.1;    -999;   21.2;   69.67;   30.8;   13.4;   11.4;eor
       3034;20190901;-999;-999;-999;    3;   0.0;   4;-999;-999;  -999;  15.6;    -999;   18.9;   72.92;   27.5;   13.4;   11.5;eor
       3034;20190902;-999;-999;-999;    3;   0.0;   0;-999;-999;  -999;   9.3;    -999;   13.3;   64.33;   19.9;    5.4;    2.9;eor
       3034;20190903;-999;-999;-999;    3;   0.0;   0;-999;-999;  -999;   8.4;    -999;   13.2;   61.17;   22.3;    3.3;    1.3;eor
       3034;20190904;-999;-999;-999;    3;   0.0;   4;-999;-999;  -999;   9.6;    -999;   15.5;   60.75;   25.0;    6.3;    4.1;eor
       3034;20190905;-999;-999;-999;    3;   0.0;   0;-999;-999;  -999;  10.1;    -999;   14.6;   63.71;   19.6;    8.8;    6.3;eor
       3034;20190906;-999;-999;-999;    3;   0.0;   0;-999;-999;  -999;   8.7;    -999;   12.1;   64.46;   19.1;    5.1;    4.0;eor
       3034;20190907;-999;-999;-999;    3;   2.9;   4;-999;-999;  -999;  10.2;    -999;   12.1;   74.00;   17.6;    8.7;    7.8;eor
       3034;20190908;-999;-999;-999;    3;  18.4;   4;-999;-999;  -999;  10.9;    -999;   11.1;   83.71;   16.5;    6.5;    5.6;eor
       3034;20190909;-999;-999;-999;    3;  26.0;   4;-999;-999;  -999;  11.7;    -999;   10.1;   94.21;   11.1;    8.5;    6.6;eor
       3034;20190910;-999;-999;-999;    3;   0.0;   4;-999;-999;  -999;   9.7;    -999;   10.5;   79.54;   17.1;    4.8;    3.1;eor
       3034;20190911;-999;-999;-999;    3;   0.0;   0;-999;-999;  -999;   8.9;    -999;   11.4;   70.92;   20.1;    3.0;    1.0;eor
       3034;20190912;-999;-999;-999;    3;   0.0;   0;-999;-999;  -999;  13.0;    -999;   14.6;   78.88;   20.7;    9.4;    8.7;eor
       3034;20190913;-999;-999;-999;    3;   0.0;   0;-999;-999;  -999;  14.5;    -999;   15.6;   82.46;   19.9;   10.0;    7.7;eor
       3034;20190914;-999;-999;-999;    3;   0.0;   0;-999;-999;  -999;  10.8;    -999;   12.8;   74.25;   19.6;    7.0;    5.6;eor
       3034;20190915;-999;-999;-999;    3;   0.0;   0;-999;-999;  -999;  11.1;    -999;   14.1;   72.29;   24.5;    5.6;    3.8;eor
       3034;20190916;-999;-999;-999;    3;   2.0;   4;-999;-999;  -999;  12.2;    -999;   13.2;   80.17;   18.6;    7.7;    5.9;eor
       3034;20190917;-999;-999;-999;    3;   0.0;   4;-999;-999;  -999;   9.8;    -999;   11.8;   71.63;   16.9;    7.3;    5.4;eor
       3034;20190918;-999;-999;-999;    3;   0.0;   0;-999;-999;  -999;   7.5;    -999;    8.3;   71.17;   14.9;    3.2;    0.2;eor
       3034;20190919;-999;-999;-999;    3;   0.0;   0;-999;-999;  -999;   7.0;    -999;    6.6;   74.58;   12.9;    1.4;   -0.6;eor
       3034;20190920;-999;-999;-999;    3;   0.0;   0;-999;-999;  -999;   7.0;    -999;    7.1;   73.00;   15.4;    0.1;   -1.8;eor
       3034;20190921;-999;-999;-999;    3;   0.0;   0;-999;-999;  -999;   8.1;    -999;   10.0;   71.00;   21.2;    0.8;   -1.1;eor
       3034;20190922;-999;-999;-999;    3;   0.0;   0;-999;-999;  -999;   9.3;    -999;   12.8;   68.54;   23.4;    3.8;    1.0;eor
       3034;20190923;-999;-999;-999;    3;   1.2;   4;-999;-999;  -999;  12.3;    -999;   12.7;   83.42;   19.0;    6.9;    5.2;eor
       3034;20190924;-999;-999;-999;    3;   0.2;   4;-999;-999;  -999;  12.7;    -999;   13.5;   82.75;   18.2;    9.7;    7.8;eor
       3034;20190925;-999;-999;-999;    3;   2.3;   4;-999;-999;  -999;  13.0;    -999;   13.1;   85.96;   16.8;   11.4;   10.0;eor
       3034;20190926;-999;-999;-999;    3;   2.9;   4;-999;-999;  -999;  13.7;    -999;   13.9;   86.25;   17.3;   11.6;   10.8;eor
       3034;20190927;-999;-999;-999;    3;   5.5;   4;-999;-999;  -999;  14.0;    -999;   13.7;   89.08;   15.8;   11.0;    9.2;eor
       3034;20190928;-999;-999;-999;    3;   4.2;   4;-999;-999;  -999;  12.6;    -999;   12.6;   86.50;   15.1;   10.6;    9.5;eor
       3034;20190929;-999;-999;-999;    3;   7.9;   4;-999;-999;  -999;  11.5;    -999;   14.1;   71.88;   19.0;   11.1;   10.4;eor
       3034;20190930;-999;-999;-999;    3;   0.0;   0;-999;-999;  -999;  11.5;    -999;   12.3;   80.38;   14.4;    8.3;    6.0;eor
       3034;20191001;-999;-999;-999;    3;   8.1;   4;-999;   0;  -999;  12.6;    -999;   12.5;   86.13;   15.2;    8.8;    8.1;eor
       3034;20191002;-999;-999;-999;    3;   8.7;   4;-999;   0;  -999;  10.3;    -999;    8.5;   90.42;   13.3;    2.2;    0.1;eor
       3034;20191003;-999;-999;-999;    3;   0.0;   4;-999;   0;  -999;   8.8;    -999;    7.3;   86.42;    9.5;    4.0;    2.0;eor
       3034;20191004;-999;-999;-999;    3;   6.3;   4;-999;   0;  -999;   9.3;    -999;    8.0;   86.46;    9.9;    6.0;    3.7;eor
       3034;20191005;-999;-999;-999;    3;   1.8;   4;-999;   0;  -999;   9.0;    -999;    6.6;   92.04;    9.7;    2.9;    1.5;eor
       3034;20191006;-999;-999;-999;    3;   1.2;   4;-999;   0;  -999;   7.9;    -999;    5.7;   86.50;    8.6;    2.0;    0.2;eor
       3034;20191007;-999;-999;-999;    3;   0.1;   4;-999;   0;  -999;   7.4;    -999;    5.6;   83.17;   12.0;    0.4;   -0.7;eor
       3034;20191008;-999;-999;-999;    3;   7.3;   4;-999;   0;  -999;  11.0;    -999;    9.6;   91.50;   11.3;    5.8;    4.3;eor
       3034;20191009;-999;-999;-999;    3;   3.6;   4;-999;   0;  -999;  10.5;    -999;    9.6;   87.46;   12.3;    5.5;    2.7;eor
       3034;20191010;-999;-999;-999;    3;   4.5;   4;-999;   0;  -999;   9.7;    -999;    8.4;   87.46;   11.2;    6.3;    4.2;eor
       3034;20191011;-999;-999;-999;    3;   0.0;   4;-999;   0;  -999;  10.9;    -999;   10.5;   85.29;   12.5;    7.5;    4.9;eor
       3034;20191012;-999;-999;-999;    3;   0.1;   4;-999;   0;  -999;  11.7;    -999;   13.4;   77.71;   19.9;    5.7;    2.8;eor
       3034;20191013;-999;-999;-999;    3;   0.0;   0;-999;   0;  -999;  13.8;    -999;   16.8;   73.71;   23.4;   11.2;    8.5;eor
       3034;20191014;-999;-999;-999;    3;   0.0;   0;-999;   0;  -999;  12.9;    -999;   14.8;   79.25;   24.0;    9.2;    6.4;eor
       3034;20191015;-999;-999;-999;    3;   0.2;   4;-999;   0;  -999;  12.5;    -999;   12.9;   85.54;   22.1;    6.7;    4.0;eor
       3034;20191016;-999;-999;-999;    3;   0.3;   4;-999;   0;  -999;  10.7;    -999;   11.0;   81.63;   13.3;    8.0;    5.9;eor
       3034;20191017;-999;-999;-999;    3;   1.5;   4;-999;   0;  -999;  10.7;    -999;   10.8;   82.79;   14.2;    7.8;    6.9;eor
       3034;20191018;-999;-999;-999;    3;   6.0;   4;-999;   0;  -999;  12.6;    -999;   12.5;   87.17;   17.4;    6.8;    4.6;eor
       3034;20191019;-999;-999;-999;    3;   0.1;   4;-999;   0;  -999;  11.1;    -999;   11.3;   83.17;   14.3;    6.6;    4.7;eor
       3034;20191020;-999;-999;-999;    3;   0.0;   0;-999;   0;  -999;  11.8;    -999;   13.3;   78.79;   20.1;    7.7;    6.0;eor
       3034;20191021;-999;-999;-999;    3;   0.0;   0;-999;   0;  -999;  11.5;    -999;   10.3;   91.08;   18.8;    5.8;    4.0;eor
       3034;20191022;-999;-999;-999;    3;   0.0;   0;-999;   0;  -999;  11.0;    -999;   10.1;   89.08;   18.2;    5.4;    3.1;eor
       3034;20191023;-999;-999;-999;    3;   0.0;   0;-999;   0;  -999;  11.9;    -999;   10.9;   91.04;   16.4;    6.3;    3.7;eor
       3034;20191024;-999;-999;-999;    3;   0.0;   0;-999;   0;  -999;  10.9;    -999;    9.9;   89.83;   18.2;    5.5;    3.0;eor
       3034;20191025;-999;-999;-999;    3;   0.0;   0;-999;   0;  -999;  11.2;    -999;   10.9;   86.17;   15.0;    6.5;    4.1;eor
       3034;20191026;-999;-999;-999;    3;   0.0;   0;-999;   0;  -999;  11.6;    -999;   12.1;   82.79;   17.5;    7.7;    5.0;eor
       3034;20191027;-999;-999;-999;    3;   7.8;   4;-999;   0;  -999;  10.2;    -999;    9.4;   85.54;   14.3;    4.6;    4.5;eor
       3034;20191028;-999;-999;-999;    3;   0.0;   0;-999;   0;  -999;   7.0;    -999;    3.4;   88.96;    8.8;   -0.7;   -2.5;eor
       3034;20191029;-999;-999;-999;    3;   0.0;   0;-999;   0;  -999;   6.5;    -999;    2.2;   89.88;    6.1;   -1.7;   -2.9;eor
       3034;20191030;-999;-999;-999;    3;   0.0;   0;-999;   0;  -999;   5.7;    -999;    1.6;   84.75;    7.3;   -2.5;   -4.4;eor
       3034;20191031;-999;-999;-999;    3;   0.0;   0;-999;   0;  -999;   4.8;    -999;   -0.1;   80.33;    6.7;   -4.8;   -6.5;eor
       3034;20191101;-999;-999;-999;    3;   2.8;   4;-999;   0;  -999;   6.6;    -999;    1.9;   91.42;    7.1;   -3.3;   -5.6;eor
       3034;20191102;-999;-999;-999;    3;   7.6;   4;-999;   0;  -999;  11.9;    -999;   10.4;   93.46;   13.2;    7.1;    6.0;eor
       3034;20191103;-999;-999;-999;    3;   8.2;   4;-999;   0;  -999;  11.1;    -999;   10.1;   89.67;   12.3;    8.1;    6.0;eor
       3034;20191104;-999;-999;-999;    3;   5.0;   4;-999;   0;  -999;  10.0;    -999;    8.6;   89.33;    9.9;    7.0;    5.8;eor
       3034;20191105;-999;-999;-999;    3;   0.2;   4;-999;   0;  -999;   8.1;    -999;    5.5;   89.04;    8.5;    0.4;   -1.8;eor
       3034;20191106;-999;-999;-999;    3;   1.2;   4;-999;   0;  -999;   8.1;    -999;    5.3;   90.33;    7.8;    0.7;   -1.5;eor
       3034;20191107;-999;-999;-999;    3;   0.2;   4;-999;   0;  -999;   8.4;    -999;    6.6;   86.79;    9.4;    3.8;    1.6;eor
       3034;20191108;-999;-999;-999;    3;   9.5;   4;-999;   0;  -999;   8.3;    -999;    5.1;   93.75;    6.2;    3.6;    2.5;eor
       3034;20191109;-999;-999;-999;    3;   0.5;   4;-999;   0;  -999;   7.3;    -999;    3.5;   93.17;    5.3;    0.2;   -2.0;eor
       3034;20191110;-999;-999;-999;    3;   0.0;   0;-999;   0;  -999;   6.0;    -999;    0.2;   96.33;    3.9;   -2.3;   -3.5;eor
       3034;20191111;-999;-999;-999;    3;   0.0;   0;-999;   0;  -999;   5.5;    -999;    0.1;   89.79;    1.4;   -2.4;   -3.4;eor
       3034;20191112;-999;-999;-999;    3;   0.0;   0;-999;   0;  -999;   6.2;    -999;    2.3;   86.71;    5.5;   -0.6;   -2.6;eor
       3034;20191113;-999;-999;-999;    3;   0.0;   0;-999;   0;  -999;   6.2;    -999;    2.8;   83.54;    4.8;    0.2;   -2.0;eor
       3034;20191114;-999;-999;-999;    3;   0.0;   0;-999;   0;  -999;   6.1;    -999;    2.8;   81.83;    6.0;    0.5;   -1.5;eor
       3034;20191115;-999;-999;-999;    3;   3.1;   4;-999;   0;  -999;   7.3;    -999;    4.7;   85.38;    7.6;    2.3;    1.2;eor
       3034;20191116;-999;-999;-999;    3;   0.0;   0;-999;   0;  -999;   7.0;    -999;    3.1;   91.29;    5.3;   -1.0;   -2.6;eor
       3034;20191117;-999;-999;-999;    3;   1.9;   4;-999;   0;  -999;   6.7;    -999;    1.7;   97.00;    3.7;   -1.3;   -2.5;eor
       3034;20191118;-999;-999;-999;    3;   0.0;   4;-999;   0;  -999;   7.0;    -999;    3.9;   85.83;    5.3;    2.8;    0.6;eor
       3034;20191119;-999;-999;-999;    3;   0.8;   4;-999;   0;  -999;   6.7;    -999;    3.5;   86.13;    4.3;    2.5;    1.5;eor
       3034;20191120;-999;-999;-999;    3;   0.2;   4;-999;   0;  -999;   6.9;    -999;    2.3;   95.67;    2.8;    1.8;    1.2;eor
       3034;20191121;-999;-999;-999;    3;   0.2;   4;-999;   0;  -999;   8.1;    -999;    4.4;   96.13;    6.5;    2.7;    2.7;eor
       3034;20191122;-999;-999;-999;    3;   0.0;   0;-999;   0;  -999;   7.3;    -999;    3.9;   90.00;    5.6;    2.0;    1.5;eor
       3034;20191123;-999;-999;-999;    3;   0.0;   0;-999;   0;  -999;   7.7;    -999;    5.8;   83.13;    8.8;    4.2;    2.7;eor
       3034;20191124;-999;-999;-999;    3;   0.0;   0;-999;   0;  -999;   7.7;    -999;    4.9;   89.38;    8.7;    1.5;   -0.2;eor
       3034;20191125;-999;-999;-999;    3;   0.0;   0;-999;   0;  -999;   6.6;    -999;    2.2;   91.38;    7.4;   -1.0;   -2.4;eor
       3034;20191126;-999;-999;-999;    3;   0.0;   0;-999;   0;  -999;   7.8;    -999;    4.7;   91.38;    6.8;    2.9;    2.1;eor
       3034;20191127;-999;-999;-999;    3;   4.3;   4;-999;   0;  -999;   8.3;    -999;    5.8;   89.71;    7.7;    3.3;    2.4;eor
       3034;20191128;-999;-999;-999;    3;   6.6;   4;-999;   0;  -999;   8.7;    -999;    7.5;   84.08;    8.5;    6.6;    5.6;eor
       3034;20191129;-999;-999;-999;    3;   3.4;   4;-999;   0;  -999;   6.9;    -999;    3.9;   84.08;    7.0;    0.6;   -1.1;eor
       3034;20191130;-999;-999;-999;    3;   0.0;   0;-999;   1;  -999;   5.8;    -999;    0.6;   91.25;    3.5;   -2.8;   -4.4;eor
       3034;20191201;-999;-999;-999;    3;   0.0;   0;-999;   0;  -999;   4.9;    -999;   -1.8;   90.25;    0.9;   -4.6;   -6.2;eor
       3034;20191202;-999;-999;-999;    3;   0.9;   4;-999;   0;  -999;   5.4;    -999;    0.4;   85.92;    2.6;   -1.3;   -2.1;eor
       3034;20191203;-999;-999;-999;    3;   0.0;   0;-999;   0;  -999;   5.9;    -999;    1.2;   89.25;    3.2;    0.0;   -1.7;eor
       3034;20191204;-999;-999;-999;    3;   0.0;   0;-999;   0;  -999;   5.0;    -999;   -1.1;   88.25;    4.1;   -3.7;   -5.5;eor
       3034;20191205;-999;-999;-999;    3;   0.0;   0;-999;   0;  -999;   4.6;    -999;   -2.2;   88.04;    1.3;   -5.1;   -7.0;eor
       3034;20191206;-999;-999;-999;    3;   5.3;   4;-999;   0;  -999;   5.4;    -999;    0.4;   85.46;    3.2;   -1.6;   -2.6;eor
       3034;20191207;-999;-999;-999;    3;   1.8;   4;-999;   0;  -999;   7.8;    -999;    4.8;   89.71;    6.5;    2.0;    1.1;eor
       3034;20191208;-999;-999;-999;    3;   6.9;   4;-999;   0;  -999;   8.2;    -999;    6.5;   84.46;    8.3;    5.1;    4.1;eor
       3034;20191209;-999;-999;-999;    3;   9.3;   4;-999;   0;  -999;   7.3;    -999;    4.5;   86.46;    6.1;    1.0;    0.0;eor
       3034;20191210;-999;-999;-999;    3;   0.0;   0;-999;   0;  -999;   5.7;    -999;    0.9;   86.71;    3.7;   -1.4;   -3.1;eor
       3034;20191211;-999;-999;-999;    3;   2.1;   4;-999;   0;  -999;   4.5;    -999;    0.2;   72.83;    1.7;   -0.7;   -2.1;eor
       3034;20191212;-999;-999;-999;    3;   0.1;   4;-999;   1;  -999;   5.8;    -999;    0.7;   91.17;    1.6;   -0.2;   -1.8;eor
       3034;20191213;-999;-999;-999;    3;   4.6;   4;-999;   0;  -999;   5.6;    -999;    0.6;   87.50;    2.1;   -0.8;   -1.9;eor
       3034;20191214;-999;-999;-999;    3;  15.4;   4;-999;   1;  -999;   6.4;    -999;    2.6;   87.58;    4.1;    0.8;    0.0;eor
       3034;20191215;-999;-999;-999;    3;   5.8;   4;-999;   0;  -999;   7.8;    -999;    4.8;   90.50;    8.2;    1.3;   -0.2;eor
       3034;20191216;-999;-999;-999;    3;   1.7;   4;-999;   0;  -999;   7.9;    -999;    4.8;   91.25;    9.4;    0.3;   -1.6;eor
       3034;20191217;-999;-999;-999;    3;   0.0;   0;-999;   0;  -999;   7.3;    -999;    3.0;   95.96;    7.5;    0.6;   -1.3;eor
       3034;20191218;-999;-999;-999;    3;   0.4;   4;-999;   0;  -999;   8.0;    -999;    4.5;   94.08;    8.6;    0.3;   -1.3;eor
       3034;20191219;-999;-999;-999;    3;   0.0;   0;-999;   0;  -999;   6.7;    -999;    2.0;   94.54;    8.4;   -0.8;   -2.9;eor
       3034;20191220;-999;-999;-999;    3;   1.1;   4;-999;   0;  -999;   7.2;    -999;    3.9;   88.58;    8.3;   -1.6;   -3.6;eor
       3034;20191221;-999;-999;-999;    3;   0.1;   4;-999;   0;  -999;   7.5;    -999;    4.7;   88.21;    6.8;    1.2;   -1.5;eor
       3034;20191222;-999;-999;-999;    3;   0.7;   4;-999;   0;  -999;   7.6;    -999;    4.7;   88.71;    5.8;    2.9;    2.6;eor
       3034;20191223;-999;-999;-999;    3;   1.4;   4;-999;   0;  -999;   7.2;    -999;    4.5;   84.75;    6.3;    1.8;   -1.0;eor
       3034;20191224;-999;-999;-999;    3;   2.4;   4;-999;   0;  -999;   7.2;    -999;    4.0;   87.96;    5.4;    1.2;   -1.5;eor
       3034;20191225;-999;-999;-999;    3;   6.9;   4;-999;   0;  -999;   7.6;    -999;    4.2;   91.04;    6.0;    2.0;    0.0;eor
       3034;20191226;-999;-999;-999;    3;   0.4;   4;-999;   0;  -999;   6.3;    -999;    1.5;   92.50;    3.4;   -0.2;   -1.2;eor
       3034;20191227;-999;-999;-999;    3;   0.0;   4;-999;   0;  -999;   5.5;    -999;    0.5;   87.50;    2.8;   -0.9;   -2.4;eor
       3034;20191228;-999;-999;-999;    3;   0.0;   0;-999;   0;  -999;   4.4;    -999;   -1.2;   78.21;    0.0;   -4.6;   -6.5;eor
       3034;20191229;-999;-999;-999;    3;   0.0;   0;-999;   0;  -999;   3.9;    -999;   -3.2;   81.50;    1.3;   -6.0;   -7.6;eor
       3034;20191230;-999;-999;-999;    3;   0.0;   0;-999;   0;  -999;   3.7;    -999;    1.7;   54.33;    4.7;   -1.4;   -2.8;eor
       3034;20191231;-999;-999;-999;    3;   0.0;   0;-999;   0;  -999;   5.0;    -999;    1.1;   76.08;    4.7;   -2.3;   -4.3;eor
       3034;20200101;-999;-999;-999;    3;   0.0;   0;-999;   0;  -999;   4.5;    -999;   -2.7;   89.42;    3.2;   -5.4;   -8.1;eor
       3034;20200102;-999;-999;-999;    3;   0.6;   4;-999;   0;  -999;   4.4;    -999;   -2.1;   84.13;    4.2;   -6.5;   -9.1;eor
       3034;20200103;-999;-999;-999;    3;   1.8;   4;-999;   0;  -999;   7.0;    -999;    3.0;   91.83;    5.8;    0.2;   -0.1;eor
       3034;20200104;-999;-999;-999;    3;   2.9;   4;-999;   0;  -999;   6.1;    -999;    1.6;   89.33;    5.5;   -1.5;   -5.1;eor
       3034;20200105;-999;-999;-999;    3;   0.0;   0;-999;   1;  -999;   5.3;    -999;    0.2;   86.21;    2.0;   -2.6;   -5.4;eor
       3034;20200106;-999;-999;-999;    3;   0.0;   0;-999;   1;  -999;   5.7;    -999;    0.4;   91.25;    2.9;   -2.3;   -4.8;eor
       3034;20200107;-999;-999;-999;    3;   0.2;   4;-999;   0;  -999;   5.8;    -999;    0.7;   89.04;    2.9;   -1.4;   -3.5;eor
       3034;20200108;-999;-999;-999;    3;   5.0;   4;-999;   0;  -999;   6.7;    -999;    2.9;   89.00;    4.3;    2.1;    1.1;eor
       3034;20200109;-999;-999;-999;    3;   2.7;   4;-999;   0;  -999;   9.1;    -999;    6.3;   94.17;    8.0;    4.2;    3.6;eor
       3034;20200110;-999;-999;-999;    3;   1.5;   4;-999;   0;  -999;   8.3;    -999;    6.1;   88.54;    7.2;    2.8;    1.5;eor
       3034;20200111;-999;-999;-999;    3;   0.0;   0;-999;   0;  -999;   5.6;    -999;    1.7;   80.96;    3.6;   -0.9;   -3.1;eor
       3034;20200112;-999;-999;-999;    3;   0.0;   0;-999;   0;  -999;   5.4;    -999;    0.5;   84.75;    2.0;   -1.3;   -3.6;eor
       3034;20200113;-999;-999;-999;    3;   0.6;   4;-999;   0;  -999;   6.7;    -999;    2.1;   93.58;    3.0;    1.2;    0.7;eor
       3034;20200114;-999;-999;-999;    3;   0.0;   0;-999;   0;  -999;   6.0;    -999;    4.2;   73.88;    7.6;   -0.7;   -2.4;eor
       3034;20200115;-999;-999;-999;    3;   0.0;   0;-999;   0;  -999;   6.0;    -999;    5.3;   68.50;    9.5;    0.4;   -2.2;eor
       3034;20200116;-999;-999;-999;    3;   0.0;   0;-999;   0;  -999;   7.0;    -999;    4.8;   81.71;   10.1;   -1.7;   -4.0;eor
       3034;20200117;-999;-999;-999;    3;   0.0;   0;-999;   0;  -999;   6.0;    -999;    1.2;   89.00;    5.1;   -2.6;   -5.0;eor
       3034;20200118;-999;-999;-999;    3;   0.0;   4;-999;   0;  -999;   6.2;    -999;    2.5;   85.04;    4.6;   -1.0;   -3.1;eor
       3034;20200119;-999;-999;-999;    3;   0.9;   4;-999;   0;  -999;   5.8;    -999;    0.7;   89.75;    2.1;   -0.5;   -1.6;eor
       3034;20200120;-999;-999;-999;    3;   0.0;   0;-999;   0;  -999;   5.2;    -999;   -0.1;   86.46;    2.6;   -4.7;   -6.6;eor
       3034;20200121;-999;-999;-999;    3;   0.0;   0;-999;   0;  -999;   4.2;    -999;   -3.2;   86.92;    4.5;   -6.9;   -8.8;eor
       3034;20200122;-999;-999;-999;    3;   0.0;   0;-999;   0;  -999;   4.6;    -999;   -2.3;   87.75;    3.2;   -7.8;  -10.2;eor
       3034;20200123;-999;-999;-999;    3;   0.0;   0;-999;   0;  -999;   5.0;    -999;   -1.0;   87.63;    1.8;   -5.5;   -7.7;eor
       3034;20200124;-999;-999;-999;    3;   0.0;   0;-999;   0;  -999;   4.4;    -999;   -3.0;   89.25;   -0.9;   -6.1;   -8.1;eor
       3034;20200125;-999;-999;-999;    3;   0.0;   0;-999;   0;  -999;   4.5;    -999;   -2.5;   87.96;    2.7;   -5.6;   -8.0;eor
       3034;20200126;-999;-999;-999;    3;   0.0;   0;-999;   0;  -999;   5.9;    -999;    0.5;   91.79;    4.5;   -4.5;   -6.7;eor
       3034;20200127;-999;-999;-999;    3;   9.2;   4;-999;   0;  -999;   7.1;    -999;    3.7;   88.96;    5.5;    1.4;   -0.9;eor
       3034;20200128;-999;-999;-999;    3;   9.1;   4;-999;   0;  -999;   6.5;    -999;    2.8;   86.79;    4.5;    0.1;   -1.4;eor
       3034;20200129;-999;-999;-999;    3;   1.0;   4;-999;   1;  -999;   5.4;    -999;    0.6;   85.33;    1.6;   -0.3;   -4.3;eor
       3034;20200130;-999;-999;-999;    3;   0.9;   4;-999;   0;  -999;   6.4;    -999;    3.2;   83.04;    5.4;    0.2;   -2.6;eor
       3034;20200131;-999;-999;-999;    3;   0.3;   4;-999;   0;  -999;   9.9;    -999;    9.3;   84.21;   11.6;    5.4;    4.5;eor
       3034;20200201;-999;-999;-999;    3;  10.3;   4;-999;   0;  -999;  10.0;    -999;    9.3;   85.08;   10.6;    6.6;    4.9;eor
       3034;20200202;-999;-999;-999;    3;   2.4;   4;-999;   0;  -999;   8.4;    -999;    6.8;   84.00;   10.1;    3.9;    1.9;eor
       3034;20200203;-999;-999;-999;    3;  15.3;   4;-999;   0;  -999;   8.3;    -999;    6.9;   82.83;    9.0;    4.9;    3.7;eor
       3034;20200204;-999;-999;-999;    3;   1.7;   4;-999;   1;  -999;   5.9;    -999;    1.7;   85.71;    5.0;    0.5;   -0.8;eor
       3034;20200205;-999;-999;-999;    3;   0.0;   4;-999;   0;  -999;   4.7;    -999;   -0.1;   77.79;    2.6;   -3.0;   -5.2;eor
       3034;20200206;-999;-999;-999;    3;   0.0;   0;-999;   0;  -999;   4.9;    -999;   -0.4;   82.42;    1.8;   -3.7;   -5.6;eor
       3034;20200207;-999;-999;-999;    3;   0.0;   0;-999;   0;  -999;   5.4;    -999;    1.3;   80.92;    3.1;   -2.0;   -4.3;eor
       3034;20200208;-999;-999;-999;    3;   0.0;   0;-999;   0;  -999;   5.2;    -999;    1.4;   77.96;    7.2;   -3.5;   -5.4;eor
       3034;20200209;-999;-999;-999;    3;  16.2;   4;-999;   0;  -999;   6.3;    -999;    6.5;   65.83;   10.5;    0.3;   -2.0;eor
       3034;20200210;-999;-999;-999;    3;  16.7;   4;-999;   0;  -999;   7.1;    -999;    5.5;   78.79;   10.5;    1.6;    0.4;eor
       3034;20200211;-999;-999;-999;    3;   6.9;   4;-999;   0;  -999;   5.3;    -999;    1.5;   78.63;    4.1;   -0.6;   -1.8;eor
       3034;20200212;-999;-999;-999;    3;   0.4;   4;-999;   8;  -999;   5.1;    -999;    0.9;   78.08;    3.6;   -0.5;   -5.2;eor
       3034;20200213;-999;-999;-999;    3;   3.6;   4;-999;   3;  -999;   5.7;    -999;    1.5;   83.83;    3.9;   -0.5;   -4.0;eor
       3034;20200214;-999;-999;-999;    3;   0.5;   4;-999;   0;  -999;   6.7;    -999;    2.9;   88.92;    6.0;    0.7;   -1.3;eor
       3034;20200215;-999;-999;-999;    3;   0.0;   0;-999;   0;  -999;   6.8;    -999;    4.3;   82.75;    7.9;   -0.7;   -2.1;eor
       3034;20200216;-999;-999;-999;    3;   1.8;   4;-999;   0;  -999;   6.7;    -999;    9.0;   60.25;   14.2;    2.1;   -0.3;eor
       3034;20200217;-999;-999;-999;    3;   4.7;   4;-999;   0;  -999;   7.9;    -999;    7.0;   79.92;   13.7;    3.5;    1.8;eor
       3034;20200218;-999;-999;-999;    3;   1.5;   4;-999;   0;  -999;   6.4;    -999;    4.1;   78.08;    6.4;    2.5;    1.4;eor
       3034;20200219;-999;-999;-999;    3;   6.5;   4;-999;   0;  -999;   5.9;    -999;    2.6;   80.25;    4.7;   -2.1;   -4.1;eor
       3034;20200220;-999;-999;-999;    3;   4.6;   4;-999;   0;  -999;   6.2;    -999;    2.7;   83.00;    5.4;   -2.0;   -4.1;eor
       3034;20200221;-999;-999;-999;    3;   0.0;   0;-999;   0;  -999;   5.6;    -999;    3.1;   73.83;    5.4;    0.7;   -1.0;eor
       3034;20200222;-999;-999;-999;    3;   2.3;   4;-999;   0;  -999;   5.8;    -999;    5.4;   65.00;    8.8;    1.7;   -0.1;eor
       3034;20200223;-999;-999;-999;    3;  13.7;   4;-999;   0;  -999;   9.1;    -999;    7.3;   88.08;    9.6;    2.6;    0.9;eor
       3034;20200224;-999;-999;-999;    3;   0.8;   4;-999;   0;  -999;   6.6;    -999;    3.2;   84.17;    8.2;   -1.4;   -3.3;eor
       3034;20200225;-999;-999;-999;    3;   6.1;   4;-999;   0;  -999;   8.1;    -999;    5.9;   86.83;    7.4;    3.5;    1.6;eor
       3034;20200226;-999;-999;-999;    3;   3.5;   4;-999;   2;  -999;   5.8;    -999;    1.2;   86.42;    3.6;    0.0;   -1.8;eor
       3034;20200227;-999;-999;-999;    3;   7.8;   4;-999;   0;  -999;   5.4;    -999;    0.5;   84.88;    2.6;   -0.7;   -2.8;eor
       3034;20200228;-999;-999;-999;    3;   1.8;   4;-999;   9;  -999;   5.2;    -999;    0.5;   82.25;    3.0;   -1.3;   -2.6;eor
       3034;20200229;-999;-999;-999;    3;   8.3;   4;-999;   2;  -999;   6.9;    -999;    4.1;   83.46;    8.3;   -0.2;   -0.3;eor
       3034;20200301;-999;-999;-999;    3;   3.4;   4;-999;   0;  -999;   6.7;    -999;    4.3;   81.79;    7.6;   -0.2;   -2.0;eor
       3034;20200302;-999;-999;-999;    3;   0.9;   4;-999;   0;  -999;   6.2;    -999;    4.4;   74.88;    9.4;    1.2;   -0.2;eor
       3034;20200303;-999;-999;-999;    3;   2.9;   4;-999;   0;  -999;   6.2;    -999;    2.8;   82.71;    5.4;   -1.3;   -3.4;eor
       3034;20200304;-999;-999;-999;    3;   0.0;   4;-999;   0;  -999;   5.8;    -999;    1.1;   87.33;    3.1;   -1.0;   -3.5;eor
       3034;20200305;-999;-999;-999;    3;   7.8;   4;-999;   0;  -999;   5.8;    -999;    2.6;   79.67;    7.5;   -2.5;   -4.5;eor
       3034;20200306;-999;-999;-999;    3;   8.4;   4;-999;   0;  -999;   7.3;    -999;    4.0;   89.04;    5.9;    2.2;    1.6;eor
       3034;20200307;-999;-999;-999;    3;   0.7;   4;-999;   0;  -999;   6.0;    -999;    2.2;   84.21;    4.4;   -0.6;   -2.3;eor
       3034;20200308;-999;-999;-999;    3;   0.1;   4;-999;   0;  -999;   5.9;    -999;    2.9;   79.08;    6.7;   -2.6;   -4.5;eor
       3034;20200309;-999;-999;-999;    3;   0.7;   4;-999;   0;  -999;   7.0;    -999;    4.8;   82.21;    9.8;    0.7;   -1.6;eor
       3034;20200310;-999;-999;-999;    3;  11.5;   4;-999;   0;  -999;   7.5;    -999;    4.2;   89.92;    9.0;    1.8;   -0.4;eor
       3034;20200311;-999;-999;-999;    3;  13.3;   4;-999;   0;  -999;  11.0;    -999;    9.6;   91.58;   11.0;    6.7;    6.5;eor
       3034;20200312;-999;-999;-999;    3;   3.9;   4;-999;   0;  -999;   9.0;    -999;    8.2;   82.33;   10.9;    4.1;    1.1;eor
       3034;20200313;-999;-999;-999;    3;   0.1;   4;-999;   0;  -999;   5.8;    -999;    3.8;   72.54;    7.2;    0.1;   -2.2;eor
       3034;20200314;-999;-999;-999;    3;   0.0;   0;-999;   0;  -999;   5.5;    -999;    1.7;   80.46;    7.5;   -2.7;   -4.6;eor
       3034;20200315;-999;-999;-999;    3;   0.0;   0;-999;   0;  -999;   4.5;    -999;    3.1;   64.71;   11.4;   -3.6;   -5.4;eor
       3034;20200316;-999;-999;-999;    3;   0.0;   0;-999;   0;  -999;   6.4;    -999;    5.9;   70.46;   15.3;   -2.4;   -4.6;eor
       3034;20200317;-999;-999;-999;    3;   1.2;   4;-999;   0;  -999;   8.4;    -999;    6.8;   85.42;   13.2;    0.9;   -1.2;eor
       3034;20200318;-999;-999;-999;    3;   0.0;   0;-999;   0;  -999;   7.6;    -999;    6.3;   80.71;   15.8;   -1.3;   -3.2;eor
       3034;20200319;-999;-999;-999;    3;   0.0;   0;-999;   0;  -999;   8.4;    -999;    8.6;   77.33;   16.4;    3.5;    1.7;eor
       3034;20200320;-999;-999;-999;    3;   0.9;   4;-999;   0;  -999;   8.1;    -999;    4.8;   92.96;    7.6;    1.9;    0.9;eor
       3034;20200321;-999;-999;-999;    3;   0.0;   4;-999;   0;  -999;   5.3;    -999;    1.3;   78.50;    2.9;   -2.9;   -5.4;eor
       3034;20200322;-999;-999;-999;    3;   0.0;   0;-999;   0;  -999;   3.3;    -999;   -1.2;   59.92;    3.6;   -5.9;   -8.3;eor
       3034;20200323;-999;-999;-999;    3;   0.0;   0;-999;   0;  -999;   2.8;    -999;   -2.0;   55.75;    4.8;   -8.3;  -10.2;eor
       3034;20200324;-999;-999;-999;    3;   0.0;   0;-999;   0;  -999;   2.8;    -999;   -1.6;   56.04;    6.5;   -8.3;  -10.4;eor
       3034;20200325;-999;-999;-999;    3;   0.0;   0;-999;   0;  -999;   2.6;    -999;   -0.4;   49.92;    8.4;   -8.1;  -10.0;eor
       3034;20200326;-999;-999;-999;    3;   0.0;   0;-999;   0;  -999;   4.1;    -999;    1.3;   61.92;    8.5;   -5.4;   -8.2;eor
       3034;20200327;-999;-999;-999;    3;   0.0;   0;-999;   0;  -999;   5.4;    -999;    6.7;   60.00;   17.2;   -2.5;   -4.7;eor
       3034;20200328;-999;-999;-999;    3;   0.0;   0;-999;   0;  -999;   5.7;    -999;    5.1;   67.71;   13.5;   -1.2;   -3.4;eor
       3034;20200329;-999;-999;-999;    1;   3.3;   4;-999;   0;  -999;   5.5;    -999;    1.1;   83.25;    5.5;   -3.5;   -5.5;eor
       3034;20200330;-999;-999;-999;    1;   0.0;   0;-999;   3;  -999;   3.4;    -999;   -1.5;   65.29;    4.0;   -9.3;  -14.7;eor
       3034;20200331;-999;-999;-999;    1;   1.6;   4;-999;   0;  -999;   3.9;    -999;   -0.7;   67.50;    3.0;   -6.1;   -7.3;eor
       3034;20200401;-999;-999;-999;    1;   0.0;   0;-999;   0;  -999;   3.4;    -999;   -0.1;   60.92;    9.1;   -8.2;   -9.6;eor
       3034;20200402;-999;-999;-999;    1;   0.0;   0;-999;   0;  -999;   4.0;    -999;    2.5;   59.96;   11.5;   -5.6;   -7.6;eor
       3034;20200403;-999;-999;-999;    1;   0.2;   4;-999;   0;  -999;   6.1;    -999;    3.7;   77.13;    9.7;   -2.5;   -4.9;eor
       3034;20200404;-999;-999;-999;    1;   0.0;   0;-999;   0;  -999;   5.8;    -999;    4.3;   72.96;   11.4;   -1.6;   -3.6;eor
       3034;20200405;-999;-999;-999;    1;   0.0;   0;-999;   0;  -999;   5.4;    -999;    6.1;   63.33;   15.9;   -2.8;   -5.3;eor
       3034;20200406;-999;-999;-999;    1;   0.0;   0;-999;   0;  -999;   5.8;    -999;    9.4;   55.13;   20.8;   -0.1;   -3.4;eor
       3034;20200407;-999;-999;-999;    1;   0.0;   0;-999;   0;  -999;   8.3;    -999;   10.1;   69.71;   19.4;    0.6;   -2.6;eor
       3034;20200408;-999;-999;-999;    1;   0.0;   0;-999;   0;  -999;   6.1;    -999;   10.1;   58.79;   21.2;    0.8;   -1.9;eor
       3034;20200409;-999;-999;-999;    1;   0.0;   0;-999;   0;  -999;   7.5;    -999;   10.5;   63.83;   20.6;    0.8;   -2.1;eor
       3034;20200410;-999;-999;-999;    1;   0.0;   0;-999;   0;  -999;   7.4;    -999;    9.2;   67.79;   18.6;    1.1;   -1.0;eor
       3034;20200411;-999;-999;-999;    1;   0.0;   0;-999;   0;  -999;   5.5;    -999;    7.2;   59.79;   16.4;   -0.6;   -2.5;eor
       3034;20200412;-999;-999;-999;    1;   0.6;   4;-999;   0;  -999;   7.3;    -999;   11.1;   60.96;   21.6;   -0.7;   -3.3;eor
       3034;20200413;-999;-999;-999;    1;   2.0;   4;-999;   0;  -999;   7.0;    -999;    6.4;   70.83;   13.7;   -1.3;   -4.7;eor
       3034;20200414;-999;-999;-999;    1;   0.1;   4;-999;   1;  -999;   4.2;    -999;    1.9;   61.29;    7.8;   -2.2;   -4.2;eor
       3034;20200415;-999;-999;-999;    1;   0.0;   0;-999;   0;  -999;   5.4;    -999;    5.7;   62.92;   16.2;   -2.7;   -4.9;eor
       3034;20200416;-999;-999;-999;    1;   0.0;   0;-999;   0;  -999;   6.0;    -999;   10.5;   55.29;   21.4;   -0.7;   -3.2;eor
       3034;20200417;-999;-999;-999;    1;   0.0;   0;-999;   0;  -999;   7.9;    -999;   10.8;   64.75;   19.9;    2.3;   -0.2;eor
       3034;20200418;-999;-999;-999;    1;   3.1;   4;-999;   0;  -999;   9.5;    -999;   12.0;   69.88;   21.2;    2.3;   -0.5;eor
       3034;20200419;-999;-999;-999;    1;   0.2;   4;-999;   0;  -999;   7.5;    -999;    8.7;   67.71;   14.0;    0.4;   -1.7;eor
       3034;20200420;-999;-999;-999;    1;   0.0;   0;-999;   0;  -999;   5.0;    -999;    7.4;   53.42;   15.4;   -2.0;   -4.3;eor
       3034;20200421;-999;-999;-999;    1;   0.0;   0;-999;   0;  -999;   5.2;    -999;    8.9;   51.08;   17.6;   -1.2;   -3.9;eor
       3034;20200422;-999;-999;-999;    1;   0.0;   0;-999;   0;  -999;   5.6;    -999;    9.3;   53.96;   18.6;   -1.0;   -4.0;eor
       3034;20200423;-999;-999;-999;    1;   0.0;   0;-999;   0;  -999;   6.1;    -999;    9.8;   56.63;   20.1;   -0.5;   -2.8;eor
       3034;20200424;-999;-999;-999;    1;   0.0;   0;-999;   0;  -999;   6.9;    -999;   11.3;   57.13;   20.7;    1.0;   -2.2;eor
       3034;20200425;-999;-999;-999;    1;   0.0;   0;-999;   0;  -999;   6.5;    -999;    6.5;   68.04;   12.7;   -0.2;   -2.6;eor
       3034;20200426;-999;-999;-999;    1;   0.0;   0;-999;   0;  -999;   5.7;    -999;    7.8;   60.58;   17.8;   -1.9;   -5.3;eor
       3034;20200427;-999;-999;-999;    1;   0.0;   0;-999;   0;  -999;   6.7;    -999;   10.6;   58.67;   20.5;   -0.8;   -3.8;eor
       3034;20200428;-999;-999;-999;    1;   0.5;   4;-999;   0;  -999;   9.5;    -999;   12.5;   69.00;   20.7;    3.3;   -0.5;eor
       3034;20200429;-999;-999;-999;    1;   0.0;   0;-999;   0;  -999;   9.9;    -999;   12.2;   70.96;   17.3;    7.2;    3.3;eor
       3034;20200430;-999;-999;-999;    1;   3.7;   4;-999;   0;  -999;  10.0;    -999;   10.2;   80.79;   15.4;    6.4;    2.5;eor
       3034;20200501;-999;-999;-999;    1;   5.4;   4;-999;-999;  -999;   9.0;    -999;    8.5;   81.50;   13.1;    5.3;    2.5;eor
       3034;20200502;-999;-999;-999;    1;   4.7;   4;-999;-999;  -999;   8.2;    -999;    7.0;   81.92;   12.0;    3.9;    1.3;eor
       3034;20200503;-999;-999;-999;    1;   0.0;   4;-999;-999;  -999;   7.9;    -999;    8.0;   75.71;   13.6;    2.3;   -0.7;eor
       3034;20200504;-999;-999;-999;    1;   2.9;   4;-999;-999;  -999;   8.5;    -999;    7.9;   81.75;   17.2;    1.1;   -0.6;eor
       3034;20200505;-999;-999;-999;    1;   0.0;   0;-999;-999;  -999;   5.9;    -999;    4.8;   72.54;   11.9;   -0.9;   -3.1;eor
       3034;20200506;-999;-999;-999;    1;   0.0;   0;-999;-999;  -999;   6.1;    -999;    5.9;   68.13;   12.7;   -2.0;   -4.3;eor
       3034;20200507;-999;-999;-999;    1;   0.0;   0;-999;-999;  -999;   5.5;    -999;   10.3;   52.75;   20.4;    0.3;   -2.4;eor
       3034;20200508;-999;-999;-999;    1;   0.0;   0;-999;-999;  -999;   8.0;    -999;   13.6;   56.88;   22.9;    2.6;    0.5;eor
       3034;20200509;-999;-999;-999;    1;   0.1;   4;-999;-999;  -999;   9.6;    -999;   12.7;   67.63;   19.9;    4.3;    2.6;eor
       3034;20200510;-999;-999;-999;    1;   8.4;   4;-999;-999;  -999;  12.5;    -999;   14.9;   75.50;   22.0;    8.0;    6.6;eor
       3034;20200511;-999;-999;-999;    1;  19.6;   4;-999;-999;  -999;   8.5;    -999;    4.8;   94.29;   12.7;   -0.7;   -3.1;eor
       3034;20200512;-999;-999;-999;    1;   0.0;   0;-999;-999;  -999;   5.4;    -999;    3.5;   71.17;    9.6;   -2.4;   -4.4;eor
       3034;20200513;-999;-999;-999;    1;   0.0;   0;-999;-999;  -999;   6.1;    -999;    6.7;   64.96;   12.6;   -1.9;   -3.4;eor
       3034;20200514;-999;-999;-999;    1;   0.0;   0;-999;-999;  -999;   7.3;    -999;    6.9;   74.58;   12.5;    1.8;   -0.6;eor
       3034;20200515;-999;-999;-999;    1;   0.0;   0;-999;-999;  -999;   6.5;    -999;    7.2;   66.88;   13.9;    0.7;   -1.3;eor
       3034;20200516;-999;-999;-999;    1;   0.0;   0;-999;-999;  -999;   6.8;    -999;    8.9;   63.79;   18.4;   -1.2;   -3.2;eor
       3034;20200517;-999;-999;-999;    1;   0.0;   0;-999;-999;  -999;   7.8;    -999;   10.3;   65.79;   18.0;    2.3;   -0.2;eor
       3034;20200518;-999;-999;-999;    1;   0.0;   0;-999;-999;  -999;   8.6;    -999;   12.6;   62.96;   21.6;    2.2;   -0.2;eor
       3034;20200519;-999;-999;-999;    1;   0.0;   0;-999;-999;  -999;  10.0;    -999;   14.8;   63.25;   22.6;    5.7;    3.0;eor
       3034;20200520;-999;-999;-999;    1;   0.0;   0;-999;-999;  -999;  11.5;    -999;   12.6;   78.88;   16.6;    6.3;    5.2;eor
       3034;20200521;-999;-999;-999;    1;   0.0;   0;-999;-999;  -999;   9.2;    -999;   12.8;   66.04;   21.0;    3.9;    1.4;eor
       3034;20200522;-999;-999;-999;    1;  11.6;   4;-999;-999;  -999;  11.6;    -999;   15.3;   68.46;   22.8;    5.1;    3.3;eor
       3034;20200523;-999;-999;-999;    1;   2.7;   4;-999;-999;  -999;  12.4;    -999;   12.2;   86.54;   15.5;    8.3;    6.4;eor
       3034;20200524;-999;-999;-999;    1;   5.0;   4;-999;-999;  -999;   9.5;    -999;   10.5;   75.88;   15.3;    7.3;    4.6;eor
       3034;20200525;-999;-999;-999;    1;   1.3;   4;-999;-999;  -999;  10.1;    -999;   10.6;   79.71;   15.7;    4.7;    3.9;eor
       3034;20200526;-999;-999;-999;    1;   0.0;   0;-999;-999;  -999;   9.4;    -999;   10.4;   76.04;   17.0;    5.2;    3.4;eor
       3034;20200527;-999;-999;-999;    1;   1.8;   4;-999;-999;  -999;   9.6;    -999;   12.8;   68.54;   20.2;    3.9;    1.8;eor
       3034;20200528;-999;-999;-999;    1;   0.0;   0;-999;-999;  -999;   9.5;    -999;   12.3;   68.58;   16.7;    7.4;    4.7;eor
       3034;20200529;-999;-999;-999;    1;   0.0;   0;-999;-999;  -999;   8.2;    -999;   11.2;   64.67;   17.8;    3.8;    2.2;eor
       3034;20200530;-999;-999;-999;    1;   0.0;   0;-999;-999;  -999;   8.0;    -999;   10.8;   63.67;   15.6;    4.5;    3.0;eor
       3034;20200531;-999;-999;-999;    1;   0.0;   0;-999;-999;  -999;   8.7;    -999;    9.8;   73.00;   15.5;    3.4;    1.9;eor
       3034;20200601;-999;-999;-999;    1;   0.0;   0;-999;-999;  -999;   9.6;    -999;   13.4;   66.17;   20.8;    4.7;    3.0;eor
       3034;20200602;-999;-999;-999;    1;   0.0;   0;-999;-999;  -999;   9.4;    -999;   14.7;   61.25;   23.3;    5.6;    4.3;eor
       3034;20200603;-999;-999;-999;    1;   0.0;   4;-999;-999;  -999;  10.4;    -999;   15.6;   63.13;   24.2;    6.9;    4.2;eor
       3034;20200604;-999;-999;-999;    1;   7.3;   4;-999;-999;  -999;  13.0;    -999;   12.9;   86.54;   16.4;    8.2;    6.4;eor
       3034;20200605;-999;-999;-999;    1;   6.0;   4;-999;-999;  -999;  10.1;    -999;   10.7;   79.46;   15.3;    7.0;    5.7;eor
       3034;20200606;-999;-999;-999;    1;   5.3;   4;-999;-999;  -999;  10.0;    -999;   10.3;   80.38;   15.0;    5.5;    3.9;eor
       3034;20200607;-999;-999;-999;    1;   0.3;   4;-999;-999;  -999;  10.4;    -999;   10.4;   82.75;   14.2;    5.1;    2.6;eor
       3034;20200608;-999;-999;-999;    1;   0.0;   0;-999;-999;  -999;   9.8;    -999;   11.3;   75.25;   16.0;    5.0;    1.6;eor
       3034;20200609;-999;-999;-999;    1;  12.3;   4;-999;-999;  -999;  11.9;    -999;   12.0;   85.29;   17.2;    8.8;    8.4;eor
