STATIONS_ID;MESS_DATUM;QN_3;  FX;  FM;QN_4; RSK;RSKF; SDK;SHK_TAG;  NM; VPM;  PM; TMK; UPM; TXK; TNK; TGK;eor
        420;20181208;-999;-999;-999;    3;   3.4;   4;-999;   0;  -999;   7.7;    -999;    7.3;   74.92;    9.7;    5.5;    3.8;eor
        420;20181209;-999;-999;-999;    3;   2.5;   4;-999;   0;  -999;   8.3;    -999;    7.3;   80.79;    8.2;    6.2;    5.5;eor
        420;20181210;-999;-999;-999;    3;   0.8;   4;-999;   0;  -999;   6.4;    -999;    4.8;   74.71;    6.4;    3.6;    2.8;eor
        420;20181211;-999;-999;-999;    3;   3.9;   4;-999;   0;  -999;   6.9;    -999;    3.5;   87.29;    4.6;    2.2;    1.4;eor
        420;20181212;-999;-999;-999;    3;   0.0;   0;-999;   0;  -999;   6.4;    -999;    2.6;   86.25;    4.4;    1.3;   -0.7;eor
        420;20181213;-999;-999;-999;    3;   0.1;   4;-999;   0;  -999;   6.2;    -999;    1.6;   90.63;    2.1;    0.9;    0.5;eor
        420;20181214;-999;-999;-999;    3;   0.0;   0;-999;   0;  -999;   5.1;    -999;    0.3;   80.96;    1.0;   -0.4;   -0.7;eor
        420;20181215;-999;-999;-999;    3;   0.0;   0;-999;   0;  -999;   5.0;    -999;   -0.1;   81.96;    0.5;   -0.7;   -0.8;eor
        420;20181216;-999;-999;-999;    3;   0.0;   4;-999;   0;  -999;   4.4;    -999;   -0.5;   74.04;    0.2;   -1.5;   -2.8;eor
        420;20181217;-999;-999;-999;    3;   0.1;   4;-999;   0;  -999;   5.5;    -999;    0.6;   85.71;    2.0;   -1.2;   -1.6;eor
        420;20181218;-999;-999;-999;    3;   0.0;   0;-999;   0;  -999;   6.9;    -999;    3.1;   90.42;    6.3;    0.5;   -1.0;eor
        420;20181219;-999;-999;-999;    3;   0.0;   0;-999;   0;  -999;   5.8;    -999;    1.7;   84.63;    2.9;   -0.3;   -2.5;eor
        420;20181220;-999;-999;-999;    3;   0.5;   4;-999;   0;  -999;   6.9;    -999;    3.5;   88.29;    5.1;    2.6;    1.3;eor
        420;20181221;-999;-999;-999;    3;   6.8;   4;-999;   0;  -999;   8.7;    -999;    6.4;   90.00;   11.1;    4.3;    2.5;eor
        420;20181222;-999;-999;-999;    3;   4.7;   4;-999;   0;  -999;   7.7;    -999;    6.5;   79.17;    9.9;    3.5;    1.7;eor
        420;20181223;-999;-999;-999;    3;   3.4;   4;-999;   0;  -999;   8.4;    -999;    6.1;   89.46;    7.8;    3.7;    2.4;eor
        420;20181224;-999;-999;-999;    3;   0.1;   4;-999;   0;  -999;   5.7;    -999;    1.8;   81.71;    5.0;    0.0;   -0.4;eor
        420;20181225;-999;-999;-999;    3;   0.0;   4;-999;   0;  -999;   6.9;    -999;    4.8;   80.50;    5.9;    3.0;    2.7;eor
        420;20181226;-999;-999;-999;    3;   1.1;   4;-999;   0;  -999;   8.3;    -999;    5.8;   89.42;    6.8;    4.9;    4.7;eor
        420;20181227;-999;-999;-999;    3;   0.2;   4;-999;   0;  -999;   8.3;    -999;    5.5;   91.17;    6.4;    4.5;    3.5;eor
        420;20181228;-999;-999;-999;    3;   0.4;   4;-999;   0;  -999;   8.5;    -999;    6.3;   88.54;    7.2;    5.3;    5.1;eor
        420;20181229;-999;-999;-999;    3;   3.9;   4;-999;   0;  -999;   8.5;    -999;    6.0;   91.08;    7.0;    4.6;    4.4;eor
        420;20181230;-999;-999;-999;    3;   0.2;   4;-999;   0;  -999;   7.7;    -999;    6.2;   81.13;    7.8;    3.3;    0.5;eor
        420;20181231;-999;-999;-999;    3;   0.3;   4;-999;   0;  -999;   8.2;    -999;    5.5;   90.00;    8.4;    3.1;    1.0;eor
        420;20190101;-999;-999;-999;    3;   0.9;   4;-999;   0;  -999;   7.7;    -999;    6.7;   77.04;    8.6;    3.2;    2.2;eor
        420;20190102;-999;-999;-999;    3;   0.4;   4;-999;   0;  -999;   4.3;    -999;    1.8;   61.08;    3.8;   -1.5;   -4.5;eor
        420;20190103;-999;-999;-999;    3;   0.1;   4;-999;   0;  -999;   4.7;    -999;   -0.3;   77.83;    1.7;   -2.3;   -5.3;eor
        420;20190104;-999;-999;-999;    3;   1.4;   4;-999;   0;  -999;   6.4;    -999;    1.9;   90.25;    5.1;   -1.3;   -1.6;eor
        420;20190105;-999;-999;-999;    3;   0.0;   0;-999;   0;  -999;   8.2;    -999;    5.7;   88.67;    7.5;    2.3;    0.0;eor
        420;20190106;-999;-999;-999;    3;   0.0;   0;-999;   0;  -999;   5.8;    -999;    1.9;   83.63;    3.5;    0.8;   -2.7;eor
        420;20190107;-999;-999;-999;    3;   7.1;   4;-999;   0;  -999;   7.2;    -999;    3.0;   93.58;    5.5;    0.5;   -1.2;eor
        420;20190108;-999;-999;-999;    3;   5.6;   4;-999;   0;  -999;   7.7;    -999;    4.8;   88.63;    6.2;    2.1;    1.8;eor
        420;20190109;-999;-999;-999;    3;   4.8;   4;-999;   0;  -999;   6.4;    -999;    2.0;   90.25;    3.4;    0.8;    0.2;eor
        420;20190110;-999;-999;-999;    3;   0.1;   4;-999;   0;  -999;   5.3;    -999;    1.1;   79.83;    2.3;    0.1;   -1.2;eor
        420;20190111;-999;-999;-999;    3;   1.4;   4;-999;   0;  -999;   6.6;    -999;    2.5;   88.88;    5.8;    0.0;   -0.5;eor
        420;20190112;-999;-999;-999;    3;   4.2;   4;-999;   0;  -999;   7.4;    -999;    5.0;   85.04;    6.0;    3.8;    3.3;eor
        420;20190113;-999;-999;-999;    3;   7.8;   4;-999;   0;  -999;   8.5;    -999;    6.3;   88.17;    8.3;    5.2;    4.0;eor
        420;20190114;-999;-999;-999;    3;   1.0;   4;-999;   0;  -999;   4.8;    -999;    2.1;   67.25;    5.8;    0.0;   -1.0;eor
        420;20190115;-999;-999;-999;    3;   1.6;   4;-999;   0;  -999;   6.7;    -999;    3.9;   81.79;    6.8;    0.9;    0.1;eor
        420;20190116;-999;-999;-999;    3;   0.0;   0;-999;   0;  -999;   7.7;    -999;    6.3;   79.79;    7.4;    3.0;    1.7;eor
        420;20190117;-999;-999;-999;    3;   2.8;   4;-999;   0;  -999;   6.3;    -999;    4.7;   74.46;    7.0;    2.0;    0.7;eor
        420;20190118;-999;-999;-999;    3;   0.0;   4;-999;   0;  -999;   4.8;    -999;    0.6;   74.46;    2.3;   -1.5;   -3.6;eor
        420;20190119;-999;-999;-999;    3;   0.0;   0;-999;   0;  -999;   4.8;    -999;   -0.3;   80.75;    3.2;   -3.5;   -6.3;eor
        420;20190120;-999;-999;-999;    3;   0.0;   0;-999;   0;  -999;   4.2;    -999;   -3.1;   86.04;    0.4;   -5.7;   -8.1;eor
        420;20190121;-999;-999;-999;    3;   0.0;   0;-999;   0;  -999;   4.1;    -999;   -3.2;   84.46;   -1.8;   -4.8;   -6.2;eor
        420;20190122;-999;-999;-999;    3;   0.0;   0;-999;   0;  -999;   3.7;    -999;   -3.3;   78.58;    0.2;   -6.1;   -7.0;eor
        420;20190123;-999;-999;-999;    3;   0.0;   0;-999;   0;  -999;   3.2;    -999;   -5.6;   80.67;   -3.4;   -7.0;   -7.5;eor
        420;20190124;-999;-999;-999;    3;   0.0;   0;-999;   0;  -999;   3.2;    -999;   -4.1;   72.00;   -3.3;   -5.4;   -4.7;eor
        420;20190125;-999;-999;-999;    3;   1.0;   4;-999;   0;  -999;   3.4;    -999;   -3.8;   73.96;   -2.8;   -4.6;   -4.8;eor
        420;20190126;-999;-999;-999;    3;   4.6;   4;-999;   1;  -999;   5.9;    -999;    0.4;   92.83;    3.6;   -3.2;   -3.3;eor
        420;20190127;-999;-999;-999;    3;   3.3;   4;-999;   0;  -999;   7.2;    -999;    3.9;   89.25;    5.4;    2.4;    1.6;eor
        420;20190128;-999;-999;-999;    3;   1.1;   4;-999;   0;  -999;   6.6;    -999;    3.3;   85.38;    5.1;    1.5;   -0.1;eor
        420;20190129;-999;-999;-999;    3;   0.0;   0;-999;   0;  -999;   5.7;    -999;    1.2;   85.54;    2.8;   -1.0;   -3.2;eor
        420;20190130;-999;-999;-999;    3;   0.0;   0;-999;   0;  -999;   4.7;    -999;    0.0;   78.00;    2.7;   -2.0;   -4.5;eor
        420;20190131;-999;-999;-999;    3;   0.0;   0;-999;   0;  -999;   4.8;    -999;    0.1;   78.33;    3.5;   -1.8;   -3.8;eor
        420;20190201;-999;-999;-999;    3;   1.4;   4;-999;   0;  -999;   4.7;    -999;   -0.7;   81.08;    1.6;   -3.6;   -4.5;eor
        420;20190202;-999;-999;-999;    3;   1.7;   4;-999;   0;  -999;   5.9;    -999;    0.6;   92.33;    1.0;    0.2;   -0.1;eor
        420;20190203;-999;-999;-999;    3;   0.2;   4;-999;   0;  -999;   6.1;    -999;    1.2;   91.00;    1.9;   -0.3;   -1.8;eor
        420;20190204;-999;-999;-999;    3;   0.3;   4;-999;   0;  -999;   5.3;    -999;    1.3;   79.67;    5.6;   -1.1;   -3.1;eor
        420;20190205;-999;-999;-999;    3;   0.0;   0;-999;   0;  -999;   5.4;    -999;    2.3;   74.42;    4.0;   -0.3;   -1.3;eor
        420;20190206;-999;-999;-999;    3;   0.0;   0;-999;   0;  -999;   5.5;    -999;    3.4;   71.71;    6.6;    0.4;   -2.1;eor
        420;20190207;-999;-999;-999;    3;   0.1;   4;-999;   0;  -999;   4.9;    -999;    2.1;   69.46;    5.1;   -1.0;   -2.2;eor
        420;20190208;-999;-999;-999;    3;   0.0;   0;-999;   0;  -999;   6.5;    -999;    5.2;   73.67;    8.5;    1.1;   -1.3;eor
        420;20190209;-999;-999;-999;    3;   1.3;   4;-999;   0;  -999;   6.6;    -999;    7.4;   63.75;   11.0;    4.7;    3.2;eor
        420;20190210;-999;-999;-999;    3;  12.3;   4;-999;   0;  -999;   7.9;    -999;    6.4;   81.88;    8.6;    4.2;    2.4;eor
        420;20190211;-999;-999;-999;    3;   0.4;   4;-999;   0;  -999;   6.0;    -999;    4.5;   71.42;    7.3;    1.3;    0.5;eor
        420;20190212;-999;-999;-999;    3;   0.3;   4;-999;   0;  -999;   5.1;    -999;    3.4;   66.17;    6.1;    1.6;   -1.4;eor
        420;20190213;-999;-999;-999;    3;   0.2;   4;-999;   0;  -999;   8.3;    -999;    6.4;   85.42;    8.2;    3.8;    3.0;eor
        420;20190214;-999;-999;-999;    3;   0.0;   0;-999;   0;  -999;   7.7;    -999;    6.9;   77.58;   10.7;    2.5;   -2.4;eor
        420;20190215;-999;-999;-999;    3;   0.0;   0;-999;   0;  -999;   5.5;    -999;    6.3;   62.00;   14.6;   -0.8;   -3.9;eor
        420;20190216;-999;-999;-999;    3;   0.0;   0;-999;   0;  -999;   5.6;    -999;    7.5;   57.50;   16.3;    0.8;   -2.9;eor
        420;20190217;-999;-999;-999;    3;   0.0;   0;-999;   0;  -999;   6.2;    -999;    6.5;   65.83;   13.3;    0.3;   -3.1;eor
        420;20190218;-999;-999;-999;    3;   0.0;   0;-999;   0;  -999;   6.2;    -999;    7.1;   64.21;   15.1;    0.7;   -3.3;eor
        420;20190219;-999;-999;-999;    3;   0.3;   4;-999;   0;  -999;   6.8;    -999;    7.1;   67.54;    9.6;    3.2;   -1.5;eor
        420;20190220;-999;-999;-999;    3;   0.1;   4;-999;   0;  -999;   7.3;    -999;    8.0;   68.13;   10.6;    5.9;    4.2;eor
        420;20190221;-999;-999;-999;    3;   3.4;   4;-999;   0;  -999;   8.5;    -999;    8.5;   76.04;   10.8;    6.9;    5.0;eor
        420;20190222;-999;-999;-999;    3;   0.0;   0;-999;   0;  -999;   5.3;    -999;    3.1;   65.79;    8.5;   -2.3;   -5.4;eor
        420;20190223;-999;-999;-999;    3;   0.0;   0;-999;   0;  -999;   2.9;    -999;    0.1;   49.21;    5.2;   -3.8;   -5.6;eor
        420;20190224;-999;-999;-999;    3;   0.0;   0;-999;   0;  -999;   3.4;    -999;    4.6;   43.88;   12.8;   -1.7;   -4.7;eor
        420;20190225;-999;-999;-999;    3;   0.0;   0;-999;   0;  -999;   5.8;    -999;    7.6;   54.17;   14.2;    1.7;   -3.5;eor
        420;20190226;-999;-999;-999;    3;   0.0;   0;-999;   0;  -999;   7.1;    -999;    6.8;   71.38;   11.2;    2.9;   -1.7;eor
        420;20190227;-999;-999;-999;    3;   0.0;   0;-999;   0;  -999;   5.5;    -999;    8.2;   57.54;   16.6;   -0.2;   -2.7;eor
        420;20190228;-999;-999;-999;    3;   0.0;   0;-999;   0;  -999;   7.0;    -999;    8.6;   63.58;   12.8;    5.3;    1.9;eor
        420;20190301;-999;-999;-999;    3;   0.0;   0;-999;   0;  -999;   6.3;    -999;    4.5;   74.21;    5.6;    3.3;   -0.1;eor
        420;20190302;-999;-999;-999;    3;   0.5;   4;-999;   0;  -999;   5.7;    -999;    4.2;   69.00;    5.8;    3.0;    1.1;eor
        420;20190303;-999;-999;-999;    3;   1.4;   4;-999;   0;  -999;   9.2;    -999;    8.7;   81.33;   11.4;    4.0;    2.9;eor
        420;20190304;-999;-999;-999;    3;   3.5;   4;-999;   0;  -999;   8.2;    -999;    9.6;   68.46;   15.0;    6.3;    4.7;eor
        420;20190305;-999;-999;-999;    3;   1.3;   4;-999;   0;  -999;   6.5;    -999;    6.5;   67.92;    9.5;    3.5;    0.0;eor
        420;20190306;-999;-999;-999;    3;   0.9;   4;-999;   0;  -999;   6.5;    -999;    7.0;   66.75;   12.3;    1.0;   -1.5;eor
        420;20190307;-999;-999;-999;    3;   0.5;   4;-999;   0;  -999;   7.9;    -999;   10.4;   64.00;   16.5;    7.5;    5.8;eor
        420;20190308;-999;-999;-999;    3;   1.9;   4;-999;   0;  -999;   6.6;    -999;    7.9;   62.29;    9.9;    5.0;    2.3;eor
        420;20190309;-999;-999;-999;    3;   7.3;   4;-999;   0;  -999;   7.2;    -999;    7.3;   70.96;   11.6;    4.7;    3.7;eor
        420;20190310;-999;-999;-999;    3;  14.0;   4;-999;   0;  -999;   6.6;    -999;    4.7;   78.21;    7.9;    0.5;    0.1;eor
        420;20190311;-999;-999;-999;    3;   3.7;   4;-999;   0;  -999;   6.3;    -999;    2.9;   84.33;    5.4;    0.8;   -1.5;eor
        420;20190312;-999;-999;-999;    3;   1.1;   4;-999;   0;  -999;   6.0;    -999;    5.3;   68.96;    9.2;    1.1;   -0.2;eor
        420;20190313;-999;-999;-999;    3;   1.3;   4;-999;   0;  -999;   6.0;    -999;    7.4;   58.67;   10.1;    5.2;    3.2;eor
        420;20190314;-999;-999;-999;    3;  10.1;   4;-999;   0;  -999;   7.6;    -999;    5.8;   82.17;    8.3;    3.9;    3.5;eor
        420;20190315;-999;-999;-999;    3;   2.0;   4;-999;   0;  -999;   7.6;    -999;    7.5;   73.42;    9.8;    5.6;    4.7;eor
        420;20190316;-999;-999;-999;    3;   4.6;   4;-999;   0;  -999;   7.5;    -999;    6.7;   75.96;    9.1;    4.8;    3.9;eor
        420;20190317;-999;-999;-999;    3;   1.4;   4;-999;   0;  -999;   7.9;    -999;    8.7;   69.96;   13.0;    4.6;    2.7;eor
        420;20190318;-999;-999;-999;    3;   1.1;   4;-999;   0;  -999;   6.3;    -999;    5.3;   70.29;    8.8;    3.4;    1.7;eor
        420;20190319;-999;-999;-999;    3;   0.0;   0;-999;   0;  -999;   5.8;    -999;    5.1;   66.96;    9.6;    1.3;   -3.0;eor
        420;20190320;-999;-999;-999;    3;   0.0;   0;-999;   0;  -999;   6.5;    -999;    7.4;   64.33;   13.0;   -1.3;   -4.4;eor
        420;20190321;-999;-999;-999;    3;   0.0;   0;-999;   0;  -999;   9.7;    -999;   10.0;   79.04;   12.1;    7.3;    3.1;eor
        420;20190322;-999;-999;-999;    3;   0.0;   0;-999;   0;  -999;   9.9;    -999;    8.7;   87.63;    9.9;    6.7;    4.0;eor
        420;20190323;-999;-999;-999;    3;   0.0;   0;-999;   0;  -999;   9.4;    -999;   10.0;   78.29;   17.1;    4.5;    4.6;eor
        420;20190324;-999;-999;-999;    3;   0.0;   0;-999;   0;  -999;   6.2;    -999;    7.3;   61.67;   12.1;    3.4;   -0.5;eor
        420;20190325;-999;-999;-999;    3;   3.2;   4;-999;   0;  -999;   6.3;    -999;    5.0;   72.92;    8.9;    1.6;   -0.7;eor
        420;20190326;-999;-999;-999;    3;   0.8;   4;-999;   0;  -999;   6.4;    -999;    5.2;   72.96;    8.5;    2.1;   -0.8;eor
        420;20190327;-999;-999;-999;    3;   0.8;   4;-999;   0;  -999;   8.4;    -999;    7.3;   82.08;   10.1;    3.5;   -0.3;eor
        420;20190328;-999;-999;-999;    3;   0.4;   4;-999;   0;  -999;  10.5;    -999;    8.9;   91.63;   10.6;    8.0;    7.8;eor
        420;20190329;-999;-999;-999;    3;   0.0;   0;-999;   0;  -999;   9.8;    -999;   10.1;   79.50;   12.5;    5.7;    1.9;eor
        420;20190330;-999;-999;-999;    3;   0.0;   0;-999;   0;  -999;   8.3;    -999;   11.7;   64.13;   18.8;    3.9;    0.2;eor
        420;20190331;-999;-999;-999;    3;   0.0;   0;-999;   0;  -999;   6.5;    -999;    8.6;   58.46;   12.8;    2.7;   -1.5;eor
        420;20190401;-999;-999;-999;    3;   0.0;   0;-999;   0;  -999;   4.4;    -999;    6.0;   48.71;   11.7;   -0.6;   -4.7;eor
        420;20190402;-999;-999;-999;    3;   0.0;   0;-999;   0;  -999;   5.2;    -999;    8.9;   45.88;   15.3;    2.1;    0.3;eor
        420;20190403;-999;-999;-999;    3;   0.0;   0;-999;   0;  -999;   7.9;    -999;   13.7;   51.54;   19.3;    7.6;    3.9;eor
        420;20190404;-999;-999;-999;    3;   0.0;   0;-999;   0;  -999;   8.1;    -999;   15.1;   48.63;   20.9;    9.1;    5.5;eor
        420;20190405;-999;-999;-999;    3;   0.0;   0;-999;   0;  -999;   9.3;    -999;   11.6;   67.75;   15.2;    7.7;    6.2;eor
        420;20190406;-999;-999;-999;    3;   0.0;   0;-999;   0;  -999;   8.5;    -999;   15.3;   50.67;   21.7;    9.5;    5.1;eor
        420;20190407;-999;-999;-999;    3;   0.0;   0;-999;   0;  -999;   7.0;    -999;   14.2;   45.17;   19.6;    8.7;    5.9;eor
        420;20190408;-999;-999;-999;    3;   0.0;   0;-999;   0;  -999;   7.1;    -999;   12.3;   51.33;   19.7;    4.6;    1.5;eor
        420;20190409;-999;-999;-999;    3;   0.0;   0;-999;   0;  -999;   5.8;    -999;    6.5;   61.63;   11.9;    3.0;    1.0;eor
        420;20190410;-999;-999;-999;    3;   0.0;   0;-999;   0;  -999;   4.8;    -999;    5.2;   56.46;   10.0;    1.2;   -1.0;eor
        420;20190411;-999;-999;-999;    3;   0.0;   0;-999;   0;  -999;   4.8;    -999;    3.4;   62.71;    6.2;   -0.1;   -1.3;eor
        420;20190412;-999;-999;-999;    3;   0.0;   0;-999;   0;  -999;   5.1;    -999;    3.2;   66.17;    4.7;    2.0;    1.9;eor
        420;20190413;-999;-999;-999;    3;   0.6;   4;-999;   0;  -999;   4.9;    -999;    4.6;   58.38;    7.3;    2.1;    1.6;eor
        420;20190414;-999;-999;-999;    3;   0.8;   4;-999;   0;  -999;   6.7;    -999;    5.9;   73.13;   10.5;    2.1;    2.2;eor
        420;20190415;-999;-999;-999;    3;   0.0;   0;-999;   0;  -999;   5.1;    -999;    7.6;   51.21;   13.6;    1.0;   -0.4;eor
        420;20190416;-999;-999;-999;    3;   0.0;   0;-999;   0;  -999;   4.8;    -999;    9.2;   44.50;   15.8;    1.8;   -1.5;eor
        420;20190417;-999;-999;-999;    3;   0.0;   0;-999;   0;  -999;   6.3;    -999;   11.4;   47.21;   18.4;    3.5;    0.8;eor
        420;20190418;-999;-999;-999;    3;   0.0;   0;-999;   0;  -999;   6.4;    -999;   14.8;   40.92;   21.1;    7.6;    4.3;eor
        420;20190419;-999;-999;-999;    3;   0.0;   0;-999;   0;  -999;   6.0;    -999;   15.3;   36.29;   22.1;    8.5;    5.5;eor
        420;20190420;-999;-999;-999;    3;   0.0;   0;-999;   0;  -999;   6.7;    -999;   13.8;   45.83;   21.8;    4.8;    1.3;eor
        420;20190421;-999;-999;-999;    3;   0.0;   0;-999;   0;  -999;   6.3;    -999;   14.6;   39.17;   21.3;    6.9;    2.7;eor
        420;20190422;-999;-999;-999;    3;   0.0;   0;-999;   0;  -999;   6.7;    -999;   13.4;   43.50;   18.6;    7.7;    4.1;eor
        420;20190423;-999;-999;-999;    3;   0.0;   0;-999;   0;  -999;   8.3;    -999;   14.4;   50.38;   19.4;    9.3;    7.8;eor
        420;20190424;-999;-999;-999;    3;   0.0;   0;-999;   0;  -999;  10.8;    -999;   17.3;   55.54;   23.6;   12.6;   11.7;eor
        420;20190425;-999;-999;-999;    3;   0.0;   0;-999;   0;  -999;   9.6;    -999;   19.4;   45.54;   25.7;   13.7;   11.6;eor
        420;20190426;-999;-999;-999;    3;   9.7;   4;-999;   0;  -999;  11.5;    -999;   19.2;   52.83;   25.9;   10.5;   10.1;eor
        420;20190427;-999;-999;-999;    3;   0.4;   4;-999;   0;  -999;  10.1;    -999;   13.4;   67.42;   18.2;    9.5;    7.4;eor
        420;20190428;-999;-999;-999;    3;   1.1;   4;-999;   0;  -999;   9.5;    -999;   10.5;   75.17;   13.1;    8.4;    8.2;eor
        420;20190429;-999;-999;-999;    3;   1.3;   4;-999;   0;  -999;   9.4;    -999;   10.5;   74.38;   17.4;    5.9;    4.6;eor
        420;20190430;-999;-999;-999;    3;   0.7;   4;-999;   0;  -999;   5.7;    -999;   11.6;   45.83;   18.7;    3.6;    2.3;eor
        420;20190501;-999;-999;-999;    3;   0.3;   4;-999;-999;  -999;   9.8;    -999;   12.9;   66.42;   17.4;    8.1;    6.7;eor
        420;20190502;-999;-999;-999;    3;   0.0;   0;-999;-999;  -999;   8.8;    -999;   10.2;   70.50;   13.2;    7.2;    6.0;eor
        420;20190503;-999;-999;-999;    3;   0.0;   0;-999;-999;  -999;   5.9;    -999;    8.8;   52.13;   11.6;    5.7;    4.2;eor
        420;20190504;-999;-999;-999;    3;   0.0;   0;-999;-999;  -999;   5.8;    -999;    7.1;   58.04;   11.2;    2.9;   -0.1;eor
        420;20190505;-999;-999;-999;    3;   0.0;   0;-999;-999;  -999;   5.3;    -999;    7.0;   55.71;   12.5;    0.8;   -2.8;eor
        420;20190506;-999;-999;-999;    3;   0.9;   4;-999;-999;  -999;   6.2;    -999;    8.3;   57.88;   13.8;    3.7;    0.3;eor
        420;20190507;-999;-999;-999;    3;   0.0;   0;-999;-999;  -999;   6.0;    -999;    9.0;   54.96;   14.1;    4.3;   -1.1;eor
        420;20190508;-999;-999;-999;    3;   0.6;   4;-999;-999;  -999;   6.7;    -999;   12.2;   49.92;   18.2;    2.8;   -2.0;eor
        420;20190509;-999;-999;-999;    3;   1.1;   4;-999;-999;  -999;  11.0;    -999;   13.4;   71.71;   17.7;    9.6;    5.1;eor
        420;20190510;-999;-999;-999;    3;   0.0;   4;-999;-999;  -999;  10.4;    -999;   13.0;   70.29;   17.6;    7.9;    3.5;eor
        420;20190511;-999;-999;-999;    3;   0.3;   4;-999;-999;  -999;   8.7;    -999;   11.3;   65.96;   15.2;    6.6;    1.7;eor
        420;20190512;-999;-999;-999;    3;   0.0;   0;-999;-999;  -999;   6.3;    -999;   11.9;   47.04;   17.4;    6.6;    0.1;eor
        420;20190513;-999;-999;-999;    3;   0.0;   0;-999;-999;  -999;   6.0;    -999;   10.2;   50.29;   16.0;    4.6;    1.1;eor
        420;20190514;-999;-999;-999;    3;   0.0;   0;-999;-999;  -999;   5.9;    -999;    8.7;   53.63;   13.5;    4.0;    1.6;eor
        420;20190515;-999;-999;-999;    3;   4.3;   4;-999;-999;  -999;   6.1;    -999;    8.6;   55.42;   13.4;    1.7;   -0.8;eor
        420;20190516;-999;-999;-999;    3;   8.5;   4;-999;-999;  -999;  11.0;    -999;    9.4;   92.63;   11.6;    6.8;    4.5;eor
        420;20190517;-999;-999;-999;    3;   0.0;   0;-999;-999;  -999;  11.3;    -999;   13.6;   73.92;   19.6;    6.0;    4.6;eor
        420;20190518;-999;-999;-999;    3;   0.0;   0;-999;-999;  -999;  11.7;    -999;   17.7;   61.21;   24.4;   10.6;    9.1;eor
        420;20190519;-999;-999;-999;    3;   0.1;   4;-999;-999;  -999;  13.4;    -999;   19.0;   62.29;   25.4;   11.9;    9.2;eor
        420;20190520;-999;-999;-999;    3;   2.2;   4;-999;-999;  -999;  16.0;    -999;   18.5;   76.42;   24.8;   14.2;   11.8;eor
        420;20190521;-999;-999;-999;    3;   5.9;   4;-999;-999;  -999;  14.6;    -999;   18.6;   71.04;   25.3;   12.9;   11.4;eor
        420;20190522;-999;-999;-999;    3;   0.5;   4;-999;-999;  -999;  13.0;    -999;   12.9;   86.79;   15.7;   11.7;   11.4;eor
        420;20190523;-999;-999;-999;    3;   0.0;   0;-999;-999;  -999;   9.8;    -999;   14.4;   62.04;   19.2;    8.8;    7.6;eor
        420;20190524;-999;-999;-999;    3;   0.0;   0;-999;-999;  -999;  10.1;    -999;   17.9;   52.13;   23.5;    9.7;    6.7;eor
        420;20190525;-999;-999;-999;    3;   0.0;   0;-999;-999;  -999;   9.8;    -999;   13.8;   62.75;   16.1;   10.7;    7.8;eor
        420;20190526;-999;-999;-999;    3;   0.0;   0;-999;-999;  -999;  10.5;    -999;   16.5;   58.00;   21.6;    8.0;    4.9;eor
        420;20190527;-999;-999;-999;    3;   0.5;   4;-999;-999;  -999;  13.5;    -999;   18.2;   65.08;   22.0;   15.7;   14.3;eor
        420;20190528;-999;-999;-999;    3;   0.0;   0;-999;-999;  -999;  11.3;    -999;   15.6;   64.75;   19.5;    9.6;    6.7;eor
        420;20190529;-999;-999;-999;    3;   0.0;   0;-999;-999;  -999;   7.3;    -999;   12.7;   51.67;   17.8;    8.5;    5.0;eor
        420;20190530;-999;-999;-999;    3;   0.0;   0;-999;-999;  -999;   8.9;    -999;   16.3;   50.17;   23.2;    6.6;    2.9;eor
        420;20190531;-999;-999;-999;    3;   4.5;   4;-999;-999;  -999;  15.5;    -999;   18.9;   71.71;   24.6;   13.4;    9.2;eor
        420;20190601;-999;-999;-999;    3;   0.0;   0;-999;-999;  -999;  15.5;    -999;   21.5;   63.75;   27.8;   15.5;   13.0;eor
        420;20190602;-999;-999;-999;    3;   0.0;   0;-999;-999;  -999;  14.5;    -999;   23.4;   53.63;   31.1;   15.1;   13.2;eor
        420;20190603;-999;-999;-999;    3;   4.0;   4;-999;-999;  -999;  14.2;    -999;   25.7;   46.88;   34.0;   18.1;   14.7;eor
        420;20190604;-999;-999;-999;    3;   0.0;   0;-999;-999;  -999;  15.8;    -999;   24.1;   55.25;   30.4;   17.3;   14.5;eor
        420;20190605;-999;-999;-999;    3;   0.0;   0;-999;-999;  -999;  15.0;    -999;   26.8;   45.63;   32.9;   19.0;   15.4;eor
        420;20190606;-999;-999;-999;    3;  20.7;   4;-999;-999;  -999;  17.2;    -999;   21.8;   68.54;   31.1;   15.0;   14.7;eor
        420;20190607;-999;-999;-999;    3;   0.0;   0;-999;-999;  -999;  14.3;    -999;   19.8;   63.63;   25.3;   13.9;   12.1;eor
        420;20190608;-999;-999;-999;    3;   0.0;   0;-999;-999;  -999;  10.9;    -999;   18.7;   51.33;   22.7;   13.3;    7.8;eor
        420;20190609;-999;-999;-999;    3;   8.4;   4;-999;-999;  -999;   9.8;    -999;   19.5;   45.00;   25.7;   11.9;    7.1;eor
        420;20190610;-999;-999;-999;    3;   2.9;   4;-999;-999;  -999;  17.0;    -999;   21.3;   66.71;   26.3;   14.4;   13.8;eor
        420;20190611;-999;-999;-999;    3;  24.4;   4;-999;-999;  -999;  20.2;    -999;   23.5;   71.67;   28.7;   17.4;   16.5;eor
        420;20190612;-999;-999;-999;    3;   9.6;   4;-999;-999;  -999;  19.1;    -999;   22.6;   73.08;   33.5;   17.4;   16.5;eor
        420;20190613;-999;-999;-999;    3;   0.2;   4;-999;-999;  -999;  14.2;    -999;   19.9;   63.42;   25.0;   15.7;   13.7;eor
        420;20190614;-999;-999;-999;    3;   0.2;   4;-999;-999;  -999;  14.0;    -999;   23.6;   50.71;   30.0;   15.2;   12.5;eor
        420;20190615;-999;-999;-999;    3;   0.0;   0;-999;-999;  -999;  18.4;    -999;   25.3;   57.71;   32.1;   18.2;   16.9;eor
        420;20190616;-999;-999;-999;    3;   0.0;   0;-999;-999;  -999;  13.6;    -999;   19.0;   62.50;   22.9;   15.2;   13.2;eor
        420;20190617;-999;-999;-999;    3;   0.0;   0;-999;-999;  -999;  13.8;    -999;   21.6;   55.33;   26.8;   16.1;   14.0;eor
        420;20190618;-999;-999;-999;    3;   0.0;   0;-999;-999;  -999;  13.0;    -999;   23.9;   46.79;   30.2;   16.5;   14.6;eor
        420;20190619;-999;-999;-999;    3;   0.8;   4;-999;-999;  -999;  15.1;    -999;   25.3;   48.25;   31.7;   18.4;   15.2;eor
        420;20190620;-999;-999;-999;    3;   3.6;   4;-999;-999;  -999;  16.9;    -999;   22.5;   62.83;   26.5;   19.0;   16.5;eor
        420;20190621;-999;-999;-999;    3;   0.0;   0;-999;-999;  -999;  15.1;    -999;   20.8;   63.04;   25.4;   16.8;   13.3;eor
        420;20190622;-999;-999;-999;    3;   0.0;   0;-999;-999;  -999;  13.6;    -999;   20.2;   58.96;   25.7;   14.7;   13.0;eor
        420;20190623;-999;-999;-999;    3;   0.0;   0;-999;-999;  -999;  12.2;    -999;   21.1;   50.54;   27.6;   13.6;   12.5;eor
        420;20190624;-999;-999;-999;    3;   0.0;   0;-999;-999;  -999;  11.1;    -999;   23.4;   41.75;   29.4;   15.3;   12.7;eor
        420;20190625;-999;-999;-999;    3;   0.0;   0;-999;-999;  -999;  13.5;    -999;   27.0;   39.71;   33.3;   19.5;   16.0;eor
        420;20190626;-999;-999;-999;    3;   0.0;   0;-999;-999;  -999;  18.3;    -999;   29.2;   46.67;   37.2;   21.3;   17.1;eor
        420;20190627;-999;-999;-999;    3;   0.0;   0;-999;-999;  -999;  12.3;    -999;   20.1;   53.46;   25.9;   15.0;   13.8;eor
        420;20190628;-999;-999;-999;    3;   0.0;   0;-999;-999;  -999;  12.6;    -999;   19.0;   58.75;   24.9;   12.9;   11.2;eor
        420;20190629;-999;-999;-999;    3;   0.0;   0;-999;-999;  -999;  11.6;    -999;   23.2;   45.13;   31.4;   13.8;    9.8;eor
        420;20190630;-999;-999;-999;    3;   0.0;   0;-999;-999;  -999;  12.5;    -999;   28.6;   36.25;   38.1;   16.9;   11.8;eor
        420;20190701;-999;-999;-999;    3;   0.0;   0;-999;-999;  -999;  12.1;    -999;   22.9;   44.21;   28.6;   17.2;   15.2;eor
        420;20190702;-999;-999;-999;    3;   0.0;   0;-999;-999;  -999;  10.0;    -999;   17.9;   49.17;   21.8;   13.1;   10.5;eor
        420;20190703;-999;-999;-999;    3;   0.0;   0;-999;-999;  -999;   9.1;    -999;   15.9;   50.96;   20.2;   10.9;    8.4;eor
        420;20190704;-999;-999;-999;    3;   0.0;   0;-999;-999;  -999;   9.1;    -999;   17.3;   47.46;   22.6;   10.5;    7.6;eor
        420;20190705;-999;-999;-999;    3;   0.0;   0;-999;-999;  -999;  12.1;    -999;   18.5;   57.04;   21.2;   15.7;   12.5;eor
        420;20190706;-999;-999;-999;    3;   3.5;   4;-999;-999;  -999;  14.0;    -999;   17.9;   69.42;   22.9;   13.4;   11.5;eor
        420;20190707;-999;-999;-999;    3;   0.0;   0;-999;-999;  -999;   9.9;    -999;   15.3;   57.42;   19.0;   12.5;    9.8;eor
        420;20190708;-999;-999;-999;    3;   0.3;   4;-999;-999;  -999;  10.1;    -999;   14.6;   61.04;   19.4;   12.0;   10.4;eor
        420;20190709;-999;-999;-999;    3;   0.0;   0;-999;-999;  -999;  10.3;    -999;   15.0;   61.17;   19.5;   10.4;    8.8;eor
        420;20190710;-999;-999;-999;    3;   0.0;   0;-999;-999;  -999;  11.7;    -999;   16.7;   63.21;   23.1;   11.3;    7.9;eor
        420;20190711;-999;-999;-999;    3;   1.3;   4;-999;-999;  -999;  11.4;    -999;   19.3;   53.38;   25.5;   11.8;    6.8;eor
        420;20190712;-999;-999;-999;    3;   6.6;   4;-999;-999;  -999;  16.7;    -999;   17.8;   81.96;   21.3;   15.6;   13.5;eor
        420;20190713;-999;-999;-999;    3;  10.7;   4;-999;-999;  -999;  16.1;    -999;   19.1;   75.38;   25.5;   15.4;   14.2;eor
        420;20190714;-999;-999;-999;    3;   0.0;   0;-999;-999;  -999;  15.2;    -999;   17.2;   78.29;   21.2;   14.5;   13.0;eor
        420;20190715;-999;-999;-999;    3;   0.0;   0;-999;-999;  -999;  12.3;    -999;   15.8;   68.88;   17.6;   13.9;   11.3;eor
        420;20190716;-999;-999;-999;    3;   0.0;   0;-999;-999;  -999;  12.9;    -999;   16.9;   67.50;   21.2;   12.8;   12.1;eor
        420;20190717;-999;-999;-999;    3;   0.0;   0;-999;-999;  -999;  12.5;    -999;   17.8;   64.08;   24.5;   12.0;   10.0;eor
        420;20190718;-999;-999;-999;    3;   0.0;   0;-999;-999;  -999;  11.4;    -999;   21.0;   48.21;   27.2;   13.4;   11.1;eor
        420;20190719;-999;-999;-999;    3;   0.0;   0;-999;-999;  -999;  14.9;    -999;   21.0;   60.21;   25.5;   16.1;   13.3;eor
        420;20190720;-999;-999;-999;    3;  11.5;   4;-999;-999;  -999;  15.7;    -999;   22.9;   61.04;   29.9;   15.0;   12.2;eor
        420;20190721;-999;-999;-999;    3;   0.0;   0;-999;-999;  -999;  16.5;    -999;   21.3;   67.63;   26.8;   16.8;   15.3;eor
        420;20190722;-999;-999;-999;    3;   0.0;   0;-999;-999;  -999;  15.8;    -999;   20.3;   67.58;   24.7;   15.3;   12.8;eor
        420;20190723;-999;-999;-999;    3;   0.0;   0;-999;-999;  -999;  17.6;    -999;   24.3;   60.21;   30.2;   17.4;   15.3;eor
        420;20190724;-999;-999;-999;    3;   0.0;   0;-999;-999;  -999;  15.8;    -999;   26.0;   51.08;   32.7;   17.6;   14.7;eor
        420;20190725;-999;-999;-999;    3;   0.0;   0;-999;-999;  -999;  16.1;    -999;   26.5;   49.75;   34.1;   19.2;   17.3;eor
        420;20190726;-999;-999;-999;    3;   0.0;   0;-999;-999;  -999;  15.1;    -999;   24.7;   51.29;   30.8;   18.6;   17.3;eor
        420;20190727;-999;-999;-999;    3;   0.0;   0;-999;-999;  -999;  14.6;    -999;   23.3;   52.42;   28.2;   18.7;   17.3;eor
        420;20190728;-999;-999;-999;    3;   0.0;   0;-999;-999;  -999;  16.6;    -999;   25.1;   54.29;   31.6;   17.9;   16.8;eor
        420;20190729;-999;-999;-999;    3;   3.7;   4;-999;-999;  -999;  20.7;    -999;   26.1;   64.04;   33.9;   21.0;   20.0;eor
        420;20190730;-999;-999;-999;    3;   0.0;   0;-999;-999;  -999;  21.9;    -999;   22.8;   79.38;   26.9;   20.3;   19.6;eor
        420;20190731;-999;-999;-999;    3;  26.1;   4;-999;-999;  -999;  18.6;    -999;   20.3;   78.92;   25.1;   15.8;   14.5;eor
        420;20190801;-999;-999;-999;    3;   0.0;   0;-999;-999;  -999;  16.3;    -999;   19.1;   75.96;   24.6;   14.9;   13.4;eor
        420;20190802;-999;-999;-999;    3;   6.2;   4;-999;-999;  -999;  16.6;    -999;   18.5;   79.92;   24.8;   14.4;   12.5;eor
        420;20190803;-999;-999;-999;    3;   0.0;   0;-999;-999;  -999;  14.5;    -999;   19.7;   65.50;   26.1;   15.6;   14.2;eor
        420;20190804;-999;-999;-999;    3;   0.0;   0;-999;-999;  -999;  14.9;    -999;   19.5;   66.88;   24.6;   14.8;   12.5;eor
        420;20190805;-999;-999;-999;    3;   0.0;   0;-999;-999;  -999;  15.3;    -999;   20.5;   65.29;   24.9;   13.8;   11.6;eor
        420;20190806;-999;-999;-999;    3;   5.3;   4;-999;-999;  -999;  18.3;    -999;   21.5;   73.04;   28.2;   16.9;   14.3;eor
        420;20190807;-999;-999;-999;    3;   0.3;   4;-999;-999;  -999;  17.9;    -999;   21.2;   71.88;   25.4;   17.2;   14.8;eor
        420;20190808;-999;-999;-999;    3;   0.0;   0;-999;-999;  -999;  13.6;    -999;   21.1;   57.38;   27.0;   14.9;   12.1;eor
        420;20190809;-999;-999;-999;    3;   0.1;   4;-999;-999;  -999;  14.1;    -999;   21.9;   56.08;   27.8;   13.9;   11.1;eor
        420;20190810;-999;-999;-999;    3;   0.0;   0;-999;-999;  -999;  15.9;    -999;   23.9;   53.92;   27.7;   20.6;   17.3;eor
        420;20190811;-999;-999;-999;    3;   0.1;   4;-999;-999;  -999;  12.9;    -999;   23.3;   47.00;   28.8;   16.5;   12.2;eor
        420;20190812;-999;-999;-999;    3;   0.0;   0;-999;-999;  -999;  12.6;    -999;   20.8;   51.58;   23.6;   17.8;   15.3;eor
        420;20190813;-999;-999;-999;    3;   0.0;   0;-999;-999;  -999;  11.7;    -999;   18.6;   55.54;   22.9;   13.4;    8.9;eor
        420;20190814;-999;-999;-999;    3;   0.0;   0;-999;-999;  -999;   9.7;    -999;   16.9;   52.46;   22.7;   12.2;    8.0;eor
        420;20190815;-999;-999;-999;    3;   0.0;   4;-999;-999;  -999;  12.0;    -999;   18.1;   58.33;   23.4;   11.5;    7.3;eor
        420;20190816;-999;-999;-999;    3;   0.0;   0;-999;-999;  -999;  13.9;    -999;   18.4;   66.88;   23.6;   14.7;   10.1;eor
        420;20190817;-999;-999;-999;    3;   0.2;   4;-999;-999;  -999;  13.0;    -999;   20.1;   56.71;   27.7;   14.0;    9.6;eor
        420;20190818;-999;-999;-999;    3;  10.0;   4;-999;-999;  -999;  18.8;    -999;   20.1;   80.42;   26.3;   17.3;   16.0;eor
        420;20190819;-999;-999;-999;    3;   0.0;   0;-999;-999;  -999;  14.1;    -999;   19.0;   67.21;   24.6;   14.3;   11.0;eor
        420;20190820;-999;-999;-999;    3;   0.5;   4;-999;-999;  -999;  12.6;    -999;   19.4;   58.63;   25.1;   12.1;    8.8;eor
        420;20190821;-999;-999;-999;    3;   0.0;   0;-999;-999;  -999;  12.3;    -999;   18.1;   61.63;   23.7;   13.3;   10.0;eor
        420;20190822;-999;-999;-999;    3;   0.0;   0;-999;-999;  -999;  11.0;    -999;   19.8;   50.25;   26.2;   12.3;    8.2;eor
        420;20190823;-999;-999;-999;    3;   0.0;   0;-999;-999;  -999;  13.1;    -999;   21.3;   54.92;   28.5;   13.3;    9.8;eor
        420;20190824;-999;-999;-999;    3;   0.0;   0;-999;-999;  -999;  14.0;    -999;   22.8;   52.63;   29.6;   15.3;   11.7;eor
        420;20190825;-999;-999;-999;    3;   0.0;   0;-999;-999;  -999;  14.7;    -999;   24.8;   48.21;   31.1;   19.1;   17.7;eor
        420;20190826;-999;-999;-999;    3;   0.0;   0;-999;-999;  -999;  16.8;    -999;   24.9;   53.83;   32.0;   19.1;   17.2;eor
        420;20190827;-999;-999;-999;    3;   0.0;   0;-999;-999;  -999;  18.4;    -999;   26.0;   56.88;   32.5;   19.5;   16.7;eor
        420;20190828;-999;-999;-999;    3;   0.0;   0;-999;-999;  -999;  18.2;    -999;   26.0;   56.00;   33.8;   20.8;   18.3;eor
        420;20190829;-999;-999;-999;    3;   0.0;   0;-999;-999;  -999;  17.6;    -999;   24.7;   58.67;   31.0;   18.7;   16.5;eor
        420;20190830;-999;-999;-999;    3;   0.0;   0;-999;-999;  -999;  18.0;    -999;   24.7;   59.21;   30.1;   20.0;   17.5;eor
        420;20190831;-999;-999;-999;    3;   0.0;   0;-999;-999;  -999;  17.2;    -999;   26.7;   52.33;   33.2;   20.0;   17.7;eor
        420;20190901;-999;-999;-999;    3;   0.0;   0;-999;-999;  -999;  16.8;    -999;   24.0;   56.54;   30.7;   17.4;   16.4;eor
        420;20190902;-999;-999;-999;    3;   0.0;   0;-999;-999;  -999;  10.3;    -999;   17.5;   53.00;   22.3;   12.1;    7.9;eor
        420;20190903;-999;-999;-999;    3;   0.2;   4;-999;-999;  -999;  10.9;    -999;   16.3;   60.04;   21.1;   10.0;    6.2;eor
        420;20190904;-999;-999;-999;    3;   0.2;   4;-999;-999;  -999;  12.0;    -999;   19.8;   55.42;   27.1;   13.6;    9.8;eor
        420;20190905;-999;-999;-999;    3;   0.0;   4;-999;-999;  -999;  11.6;    -999;   17.5;   59.29;   22.9;   12.5;   10.1;eor
        420;20190906;-999;-999;-999;    3;   0.0;   0;-999;-999;  -999;   8.8;    -999;   14.9;   54.67;   20.6;    9.9;    5.5;eor
        420;20190907;-999;-999;-999;    3;   0.0;   0;-999;-999;  -999;   9.7;    -999;   13.9;   61.96;   18.7;    8.0;    4.0;eor
        420;20190908;-999;-999;-999;    3;   1.7;   4;-999;-999;  -999;  11.6;    -999;   16.2;   64.83;   21.3;   11.7;    9.5;eor
        420;20190909;-999;-999;-999;    3;  11.5;   4;-999;-999;  -999;  14.3;    -999;   13.6;   91.88;   14.3;   11.9;   11.8;eor
        420;20190910;-999;-999;-999;    3;   0.0;   0;-999;-999;  -999;  11.1;    -999;   15.4;   65.79;   20.1;   10.6;    7.1;eor
        420;20190911;-999;-999;-999;    3;   0.4;   4;-999;-999;  -999;   9.8;    -999;   15.9;   57.67;   22.8;    7.9;    4.9;eor
        420;20190912;-999;-999;-999;    3;   0.0;   0;-999;-999;  -999;  15.1;    -999;   17.6;   75.92;   22.4;   14.5;   11.8;eor
        420;20190913;-999;-999;-999;    3;   0.0;   4;-999;-999;  -999;  13.4;    -999;   16.8;   69.83;   22.5;   10.5;    6.9;eor
        420;20190914;-999;-999;-999;    3;   0.0;   0;-999;-999;  -999;   9.7;    -999;   13.6;   64.38;   19.4;    9.0;    5.6;eor
        420;20190915;-999;-999;-999;    3;   0.0;   4;-999;-999;  -999;   9.7;    -999;   16.7;   54.63;   24.0;    8.5;    5.6;eor
        420;20190916;-999;-999;-999;    3;   0.0;   0;-999;-999;  -999;  11.5;    -999;   14.4;   70.58;   17.1;   12.9;   11.8;eor
        420;20190917;-999;-999;-999;    3;   8.2;   4;-999;-999;  -999;  10.5;    -999;   11.6;   76.75;   15.7;    8.8;    7.2;eor
        420;20190918;-999;-999;-999;    3;   0.0;   0;-999;-999;  -999;   8.6;    -999;   11.4;   65.08;   16.6;    7.8;    6.1;eor
        420;20190919;-999;-999;-999;    3;   0.0;   0;-999;-999;  -999;   8.9;    -999;   11.2;   68.54;   16.7;    7.0;    4.3;eor
        420;20190920;-999;-999;-999;    3;   0.0;   0;-999;-999;  -999;   9.5;    -999;   12.0;   68.75;   17.1;    6.0;    2.7;eor
        420;20190921;-999;-999;-999;    3;   0.0;   0;-999;-999;  -999;  10.3;    -999;   14.5;   64.92;   21.6;    7.4;    4.5;eor
        420;20190922;-999;-999;-999;    3;   0.0;   0;-999;-999;  -999;  10.2;    -999;   16.7;   57.25;   24.8;    8.8;    5.4;eor
        420;20190923;-999;-999;-999;    3;   0.0;   0;-999;-999;  -999;  10.7;    -999;   16.8;   58.58;   23.2;   10.0;    7.3;eor
        420;20190924;-999;-999;-999;    3;   0.0;   0;-999;-999;  -999;  14.6;    -999;   15.2;   84.00;   17.7;   13.1;   11.8;eor
        420;20190925;-999;-999;-999;    3;   1.4;   4;-999;-999;  -999;  15.0;    -999;   15.0;   88.25;   17.7;   11.7;    8.5;eor
        420;20190926;-999;-999;-999;    3;   0.0;   0;-999;-999;  -999;  13.8;    -999;   15.2;   81.13;   20.2;    9.8;    7.3;eor
        420;20190927;-999;-999;-999;    3;  14.4;   4;-999;-999;  -999;  15.8;    -999;   14.7;   93.75;   16.7;   11.5;    9.2;eor
        420;20190928;-999;-999;-999;    3;   5.1;   4;-999;-999;  -999;  14.0;    -999;   14.1;   87.54;   19.7;   11.2;    9.1;eor
        420;20190929;-999;-999;-999;    3;  10.3;   4;-999;-999;  -999;  13.8;    -999;   14.4;   83.67;   16.0;   12.4;   10.5;eor
        420;20190930;-999;-999;-999;    3;   2.3;   4;-999;-999;  -999;  13.3;    -999;   14.7;   79.38;   16.6;   12.5;   11.1;eor
        420;20191001;-999;-999;-999;    3;  12.9;   4;-999;   0;  -999;  13.8;    -999;   13.9;   86.71;   17.4;   10.9;    9.4;eor
        420;20191002;-999;-999;-999;    3;   4.4;   4;-999;   0;  -999;  10.1;    -999;   10.4;   79.88;   13.9;    7.6;    5.7;eor
        420;20191003;-999;-999;-999;    3;   1.0;   4;-999;   0;  -999;  10.3;    -999;    9.4;   87.00;   13.1;    7.1;    4.6;eor
        420;20191004;-999;-999;-999;    3;  13.9;   4;-999;   0;  -999;   9.6;    -999;    8.9;   85.17;   11.7;    5.1;    2.1;eor
        420;20191005;-999;-999;-999;    3;   0.1;   4;-999;   0;  -999;   9.4;    -999;    8.6;   84.04;   12.3;    5.4;    3.1;eor
        420;20191006;-999;-999;-999;    3;   0.0;   0;-999;   0;  -999;   7.4;    -999;    6.7;   77.21;   10.9;    3.0;   -0.4;eor
        420;20191007;-999;-999;-999;    3;   0.0;   0;-999;   0;  -999;   6.7;    -999;    6.3;   73.17;   12.6;    0.9;   -1.9;eor
        420;20191008;-999;-999;-999;    3;   3.6;   4;-999;   0;  -999;  11.0;    -999;    9.7;   87.96;   12.9;    5.2;    4.0;eor
        420;20191009;-999;-999;-999;    3;   2.0;   4;-999;   0;  -999;  11.5;    -999;   12.6;   79.96;   16.1;    9.7;    7.5;eor
        420;20191010;-999;-999;-999;    3;   1.8;   4;-999;   0;  -999;  10.6;    -999;   11.3;   79.13;   14.8;    9.7;    7.8;eor
        420;20191011;-999;-999;-999;    3;   0.2;   4;-999;   0;  -999;  11.5;    -999;   12.8;   77.42;   15.5;    9.6;    7.8;eor
        420;20191012;-999;-999;-999;    3;   0.0;   0;-999;   0;  -999;  12.9;    -999;   16.4;   69.71;   20.1;   14.1;   10.6;eor
        420;20191013;-999;-999;-999;    3;   0.0;   4;-999;   0;  -999;  15.9;    -999;   19.0;   72.33;   24.1;   13.5;   11.0;eor
        420;20191014;-999;-999;-999;    3;   0.0;   0;-999;   0;  -999;  15.2;    -999;   18.6;   71.29;   22.8;   14.6;   11.6;eor
        420;20191015;-999;-999;-999;    3;   0.0;   0;-999;   0;  -999;  14.9;    -999;   15.9;   83.42;   21.3;   12.5;    9.0;eor
        420;20191016;-999;-999;-999;    3;  10.3;   4;-999;   0;  -999;  13.1;    -999;   11.8;   93.75;   14.4;   10.0;    6.9;eor
        420;20191017;-999;-999;-999;    3;   0.2;   4;-999;   0;  -999;  12.7;    -999;   14.5;   77.29;   18.0;   11.3;    9.6;eor
        420;20191018;-999;-999;-999;    3;   1.5;   4;-999;   0;  -999;  13.1;    -999;   14.8;   78.38;   19.2;    9.7;    7.3;eor
        420;20191019;-999;-999;-999;    3;   0.1;   4;-999;   0;  -999;  11.8;    -999;   12.1;   83.46;   15.8;    9.0;    6.7;eor
        420;20191020;-999;-999;-999;    3;   0.0;   0;-999;   0;  -999;  13.1;    -999;   14.8;   78.42;   20.4;   11.0;    8.8;eor
        420;20191021;-999;-999;-999;    3;   0.0;   0;-999;   0;  -999;  14.1;    -999;   14.4;   86.25;   17.8;   11.1;    8.2;eor
        420;20191022;-999;-999;-999;    3;   0.0;   0;-999;   0;  -999;  12.5;    -999;   13.2;   83.50;   18.0;    8.3;    5.5;eor
        420;20191023;-999;-999;-999;    3;   0.0;   4;-999;   0;  -999;  12.3;    -999;   12.0;   87.75;   16.9;    7.1;    4.7;eor
        420;20191024;-999;-999;-999;    3;   0.1;   4;-999;   0;  -999;  14.3;    -999;   13.2;   94.17;   15.9;   10.6;    7.3;eor
        420;20191025;-999;-999;-999;    3;   0.0;   0;-999;   0;  -999;  12.3;    -999;   13.6;   79.96;   17.9;   10.2;    7.4;eor
        420;20191026;-999;-999;-999;    3;   0.0;   0;-999;   0;  -999;  11.9;    -999;   14.4;   73.08;   18.0;   10.3;    8.7;eor
        420;20191027;-999;-999;-999;    3;   0.8;   4;-999;   0;  -999;  10.0;    -999;   12.1;   70.33;   16.5;    7.6;    5.7;eor
        420;20191028;-999;-999;-999;    3;   0.0;   0;-999;   0;  -999;   8.6;    -999;    8.6;   77.04;   12.4;    5.7;    3.0;eor
        420;20191029;-999;-999;-999;    3;   0.0;   0;-999;   0;  -999;   7.7;    -999;    5.2;   87.42;   10.2;    1.0;   -2.8;eor
        420;20191030;-999;-999;-999;    3;   0.0;   0;-999;   0;  -999;   6.0;    -999;    3.2;   79.29;    9.0;   -1.1;   -4.2;eor
        420;20191031;-999;-999;-999;    3;   0.0;   0;-999;   0;  -999;   5.5;    -999;    2.0;   79.29;    7.1;   -1.8;   -5.2;eor
        420;20191101;-999;-999;-999;    3;   2.6;   4;-999;   0;  -999;   6.1;    -999;    2.6;   82.00;    6.7;   -1.4;   -4.2;eor
        420;20191102;-999;-999;-999;    3;   0.1;   4;-999;   0;  -999;  11.7;    -999;   10.8;   89.21;   15.7;    6.3;    6.0;eor
        420;20191103;-999;-999;-999;    3;   4.0;   4;-999;   0;  -999;  12.1;    -999;   10.8;   93.75;   12.4;    8.0;    7.4;eor
        420;20191104;-999;-999;-999;    3;   8.2;   4;-999;   0;  -999;  11.5;    -999;   10.1;   93.33;   13.0;    8.1;    5.7;eor
        420;20191105;-999;-999;-999;    3;   3.2;   4;-999;   0;  -999;  10.6;    -999;    9.4;   89.88;   11.0;    8.0;    5.9;eor
        420;20191106;-999;-999;-999;    3;   3.0;   4;-999;   0;  -999;  10.1;    -999;    8.2;   92.58;    9.1;    6.3;    4.7;eor
        420;20191107;-999;-999;-999;    3;   0.0;   0;-999;   0;  -999;   9.5;    -999;    8.0;   89.00;   10.9;    5.9;    5.0;eor
        420;20191108;-999;-999;-999;    3;   2.3;   4;-999;   0;  -999;   9.1;    -999;    7.2;   89.08;   10.0;    3.9;    1.3;eor
        420;20191109;-999;-999;-999;    3;   0.8;   4;-999;   0;  -999;   9.5;    -999;    6.9;   95.71;    7.8;    3.8;    0.7;eor
        420;20191110;-999;-999;-999;    3;   0.0;   0;-999;   0;  -999;   8.1;    -999;    5.2;   91.96;    8.8;    2.4;    0.0;eor
        420;20191111;-999;-999;-999;    3;   0.0;   0;-999;   0;  -999;   6.7;    -999;    2.8;   89.67;    6.3;    0.6;    0.2;eor
        420;20191112;-999;-999;-999;    3;   0.0;   0;-999;   0;  -999;   6.8;    -999;    4.2;   82.25;    6.9;    1.4;    0.0;eor
        420;20191113;-999;-999;-999;    3;   0.0;   0;-999;   0;  -999;   7.4;    -999;    5.0;   84.38;    6.7;    3.3;    0.8;eor
        420;20191114;-999;-999;-999;    3;   0.0;   0;-999;   0;  -999;   7.1;    -999;    5.3;   80.17;    9.0;    3.4;    1.7;eor
        420;20191115;-999;-999;-999;    3;   0.6;   4;-999;   0;  -999;   8.6;    -999;    7.0;   85.08;    9.2;    3.7;    3.5;eor
        420;20191116;-999;-999;-999;    3;   1.1;   4;-999;   0;  -999;   8.8;    -999;    6.3;   91.42;    9.6;    1.4;   -2.1;eor
        420;20191117;-999;-999;-999;    3;   0.5;   4;-999;   0;  -999;   8.0;    -999;    4.5;   93.71;    8.6;    0.3;   -2.1;eor
        420;20191118;-999;-999;-999;    3;   0.6;   4;-999;   0;  -999;   9.5;    -999;    8.3;   86.00;   11.4;    4.7;    2.3;eor
        420;20191119;-999;-999;-999;    3;   6.7;   4;-999;   0;  -999;   7.3;    -999;    6.4;   75.46;    8.8;    4.4;    2.4;eor
        420;20191120;-999;-999;-999;    3;   0.0;   0;-999;   0;  -999;   8.5;    -999;    5.3;   96.00;    6.0;    4.8;    4.6;eor
        420;20191121;-999;-999;-999;    3;   4.8;   4;-999;   0;  -999;  10.4;    -999;    8.1;   96.13;    9.8;    5.8;    5.8;eor
        420;20191122;-999;-999;-999;    3;   0.0;   4;-999;   0;  -999;  10.6;    -999;    8.7;   94.00;   10.1;    6.7;    5.6;eor
        420;20191123;-999;-999;-999;    3;   0.0;   0;-999;   0;  -999;   8.0;    -999;    5.5;   88.42;    8.1;    2.9;    1.6;eor
        420;20191124;-999;-999;-999;    3;   0.0;   0;-999;   0;  -999;   7.4;    -999;    4.3;   89.71;    5.9;    2.9;    1.6;eor
        420;20191125;-999;-999;-999;    3;   0.0;   0;-999;   0;  -999;   7.6;    -999;    4.0;   93.46;    4.6;    3.2;    3.4;eor
        420;20191126;-999;-999;-999;    3;   0.0;   0;-999;   0;  -999;   8.3;    -999;    6.0;   88.92;    7.6;    3.9;    4.0;eor
        420;20191127;-999;-999;-999;    3;   2.6;   4;-999;   0;  -999;   8.7;    -999;    6.3;   91.00;    7.6;    4.5;    3.2;eor
        420;20191128;-999;-999;-999;    3;   1.7;   4;-999;   0;  -999;   9.3;    -999;    9.8;   77.33;   12.5;    7.1;    5.7;eor
        420;20191129;-999;-999;-999;    3;   0.0;   0;-999;   0;  -999;   6.8;    -999;    5.6;   72.96;    9.5;    0.7;   -1.2;eor
        420;20191130;-999;-999;-999;    3;   0.0;   0;-999;   0;  -999;   6.0;    -999;    2.0;   84.38;    4.8;   -1.9;   -5.3;eor
        420;20191201;-999;-999;-999;    3;   0.0;   0;-999;   0;  -999;   6.9;    -999;    2.9;   91.08;    4.1;    1.8;    1.6;eor
        420;20191202;-999;-999;-999;    3;   0.3;   4;-999;   0;  -999;   6.8;    -999;    3.2;   88.17;    4.8;    1.3;   -1.2;eor
        420;20191203;-999;-999;-999;    3;   0.2;   4;-999;   0;  -999;   6.8;    -999;    2.5;   91.42;    6.1;   -1.7;   -5.2;eor
        420;20191204;-999;-999;-999;    3;   0.0;   0;-999;   0;  -999;   7.0;    -999;    4.5;   83.71;    7.2;    0.2;   -2.6;eor
        420;20191205;-999;-999;-999;    3;   0.0;   0;-999;   0;  -999;   5.4;    -999;    1.0;   83.42;    4.2;   -1.4;   -4.3;eor
        420;20191206;-999;-999;-999;    3;   4.9;   4;-999;   0;  -999;   6.0;    -999;    2.1;   83.04;    5.4;   -0.4;   -2.0;eor
        420;20191207;-999;-999;-999;    3;   2.4;   4;-999;   0;  -999;   9.0;    -999;    7.8;   84.83;    9.7;    5.4;    4.8;eor
        420;20191208;-999;-999;-999;    3;   1.1;   4;-999;   0;  -999;   8.6;    -999;    8.9;   74.79;   10.8;    7.5;    6.6;eor
        420;20191209;-999;-999;-999;    3;   2.5;   4;-999;   0;  -999;   7.8;    -999;    7.3;   76.04;    9.6;    4.9;    3.1;eor
        420;20191210;-999;-999;-999;    3;   0.0;   0;-999;   0;  -999;   6.3;    -999;    3.3;   82.33;    5.6;    0.7;   -1.4;eor
        420;20191211;-999;-999;-999;    3;   0.7;   4;-999;   0;  -999;   5.0;    -999;    2.4;   69.42;    4.3;    0.5;   -1.4;eor
        420;20191212;-999;-999;-999;    3;   0.0;   4;-999;   0;  -999;   6.6;    -999;    2.1;   91.96;    3.7;    0.2;   -0.8;eor
        420;20191213;-999;-999;-999;    3;   0.4;   4;-999;   0;  -999;   5.6;    -999;    0.8;   87.04;    1.9;   -0.8;   -2.4;eor
        420;20191214;-999;-999;-999;    3;   5.1;   4;-999;   0;  -999;   7.0;    -999;    3.7;   87.83;    5.9;    1.9;    1.3;eor
        420;20191215;-999;-999;-999;    3;   2.5;   4;-999;   0;  -999;   7.0;    -999;    5.7;   76.25;    9.4;    2.0;    0.0;eor
        420;20191216;-999;-999;-999;    3;   0.0;   0;-999;   0;  -999;   8.0;    -999;    5.9;   85.71;    7.7;    3.7;    1.2;eor
        420;20191217;-999;-999;-999;    3;   0.0;   4;-999;   0;  -999;   8.4;    -999;    7.9;   78.96;   11.1;    3.9;    1.4;eor
        420;20191218;-999;-999;-999;    3;   0.0;   0;-999;   0;  -999;   8.2;    -999;    8.0;   76.71;   11.7;    1.6;   -1.9;eor
        420;20191219;-999;-999;-999;    3;   0.0;   0;-999;   0;  -999;   8.2;    -999;    4.5;   96.63;    7.5;    0.9;    0.5;eor
        420;20191220;-999;-999;-999;    3;   4.0;   4;-999;   0;  -999;   8.8;    -999;    6.7;   90.00;    9.9;    3.4;    0.2;eor
        420;20191221;-999;-999;-999;    3;   0.0;   4;-999;   0;  -999;   9.1;    -999;    6.9;   90.92;    9.7;    2.2;   -1.0;eor
        420;20191222;-999;-999;-999;    3;   0.2;   4;-999;   0;  -999;   7.2;    -999;    2.5;   97.42;    4.7;    0.4;   -1.0;eor
        420;20191223;-999;-999;-999;    3;   1.3;   4;-999;   0;  -999;   8.5;    -999;    6.6;   87.46;    8.3;    4.6;    2.6;eor
        420;20191224;-999;-999;-999;    3;   3.1;   4;-999;   0;  -999;   8.0;    -999;    6.1;   85.38;    7.9;    4.5;    4.4;eor
        420;20191225;-999;-999;-999;    3;   0.3;   4;-999;   0;  -999;   8.3;    -999;    5.2;   93.88;    5.8;    4.3;    2.0;eor
        420;20191226;-999;-999;-999;    3;   3.0;   4;-999;   0;  -999;   7.8;    -999;    4.9;   89.71;    6.1;    4.0;    1.9;eor
        420;20191227;-999;-999;-999;    3;   0.2;   4;-999;   0;  -999;   6.9;    -999;    2.8;   91.58;    4.2;    0.7;   -0.8;eor
        420;20191228;-999;-999;-999;    3;   0.0;   0;-999;   0;  -999;   5.1;    -999;    1.2;   76.92;    2.2;   -1.3;   -4.1;eor
        420;20191229;-999;-999;-999;    3;   0.0;   0;-999;   0;  -999;   4.6;    -999;   -0.1;   76.75;    2.1;   -3.1;   -5.7;eor
        420;20191230;-999;-999;-999;    3;   0.0;   0;-999;   0;  -999;   4.2;    -999;    4.5;   50.96;    7.2;    1.5;    0.9;eor
        420;20191231;-999;-999;-999;    3;   0.0;   0;-999;   0;  -999;   6.5;    -999;    6.0;   69.13;    7.4;    4.0;    0.4;eor
        420;20200101;-999;-999;-999;    3;   0.0;   0;-999;   0;  -999;   6.4;    -999;    2.4;   88.63;    4.6;   -2.1;   -6.8;eor
        420;20200102;-999;-999;-999;    3;   0.0;   0;-999;   0;  -999;   4.7;    -999;    0.9;   74.42;    6.4;   -3.6;   -7.6;eor
        420;20200103;-999;-999;-999;    3;   5.8;   4;-999;   0;  -999;   7.5;    -999;    4.4;   88.46;    7.2;    1.5;   -0.5;eor
        420;20200104;-999;-999;-999;    3;   4.0;   4;-999;   0;  -999;   6.9;    -999;    4.2;   83.42;    5.6;    1.4;   -0.5;eor
        420;20200105;-999;-999;-999;    3;   0.0;   0;-999;   0;  -999;   5.8;    -999;    1.8;   83.29;    4.0;   -0.8;   -3.5;eor
        420;20200106;-999;-999;-999;    3;   0.0;   4;-999;   0;  -999;   6.8;    -999;    4.8;   79.33;    6.6;    2.8;   -0.3;eor
        420;20200107;-999;-999;-999;    3;   0.2;   4;-999;   0;  -999;   6.9;    -999;    2.9;   90.46;    5.8;   -1.2;   -4.2;eor
        420;20200108;-999;-999;-999;    3;   1.7;   4;-999;   0;  -999;   8.2;    -999;    6.2;   85.29;    8.4;    3.2;    2.6;eor
        420;20200109;-999;-999;-999;    3;   4.2;   4;-999;   0;  -999;  10.5;    -999;    8.3;   95.67;   10.0;    7.0;    6.7;eor
        420;20200110;-999;-999;-999;    3;   3.5;   4;-999;   0;  -999;  10.3;    -999;    9.3;   87.13;   11.4;    4.6;    3.7;eor
        420;20200111;-999;-999;-999;    3;   0.0;   0;-999;   0;  -999;   6.7;    -999;    4.6;   79.04;    6.7;    2.4;    0.7;eor
        420;20200112;-999;-999;-999;    3;   0.0;   0;-999;   0;  -999;   6.0;    -999;    3.5;   76.58;    6.2;    1.1;   -0.5;eor
        420;20200113;-999;-999;-999;    3;   0.5;   4;-999;   0;  -999;   7.7;    -999;    5.6;   84.08;    7.5;    2.4;    0.2;eor
        420;20200114;-999;-999;-999;    3;   0.0;   0;-999;   0;  -999;   7.2;    -999;    6.8;   73.42;   10.2;    2.2;    0.1;eor
        420;20200115;-999;-999;-999;    3;   0.0;   0;-999;   0;  -999;   7.4;    -999;   10.3;   58.92;   13.8;    8.0;    5.9;eor
        420;20200116;-999;-999;-999;    3;   0.0;   0;-999;   0;  -999;   7.6;    -999;    7.3;   74.75;   10.5;    3.2;   -0.5;eor
        420;20200117;-999;-999;-999;    3;   0.0;   0;-999;   0;  -999;   6.8;    -999;    4.5;   81.33;    9.0;    1.2;   -1.0;eor
        420;20200118;-999;-999;-999;    3;   0.0;   0;-999;   0;  -999;   6.9;    -999;    5.8;   74.29;    7.0;    4.1;    1.0;eor
        420;20200119;-999;-999;-999;    3;   0.0;   0;-999;   0;  -999;   6.8;    -999;    4.2;   82.88;    4.9;    3.5;    3.2;eor
        420;20200120;-999;-999;-999;    3;   0.0;   0;-999;   0;  -999;   6.4;    -999;    2.5;   87.46;    4.6;   -0.1;   -3.6;eor
        420;20200121;-999;-999;-999;    3;   0.0;   0;-999;   0;  -999;   5.8;    -999;    2.9;   77.33;    6.3;    0.2;   -1.7;eor
        420;20200122;-999;-999;-999;    3;   0.0;   0;-999;   0;  -999;   7.2;    -999;    4.4;   85.50;    6.4;    2.9;   -1.3;eor
        420;20200123;-999;-999;-999;    3;   0.0;   0;-999;   0;  -999;   6.3;    -999;    3.8;   78.88;    6.2;    0.2;   -3.4;eor
        420;20200124;-999;-999;-999;    3;   0.0;   0;-999;   0;  -999;   5.4;    -999;    0.5;   85.67;    4.3;   -2.3;   -5.9;eor
        420;20200125;-999;-999;-999;    3;   0.1;   4;-999;   0;  -999;   6.2;    -999;    0.7;   96.08;    1.6;   -0.1;   -0.1;eor
        420;20200126;-999;-999;-999;    3;   0.0;   0;-999;   0;  -999;   5.7;    -999;   -0.4;   95.79;    0.5;   -1.7;   -1.4;eor
        420;20200127;-999;-999;-999;    3;   2.1;   4;-999;   0;  -999;   7.4;    -999;    4.9;   85.21;    8.9;    0.4;   -1.1;eor
        420;20200128;-999;-999;-999;    3;  12.4;   4;-999;   0;  -999;   7.6;    -999;    5.6;   83.29;    8.8;    2.4;    1.7;eor
        420;20200129;-999;-999;-999;    3;   1.0;   4;-999;   0;  -999;   6.4;    -999;    4.7;   74.79;    6.8;    2.5;    1.8;eor
        420;20200130;-999;-999;-999;    3;   3.4;   4;-999;   0;  -999;   7.3;    -999;    5.7;   79.46;    8.4;    2.7;    1.8;eor
        420;20200131;-999;-999;-999;    3;   0.0;   4;-999;   0;  -999;   9.2;    -999;    9.7;   76.50;   11.1;    5.7;    5.1;eor
        420;20200201;-999;-999;-999;    3;   9.1;   4;-999;   0;  -999;  10.7;    -999;   10.9;   81.50;   12.6;    8.3;    6.9;eor
        420;20200202;-999;-999;-999;    3;   7.1;   4;-999;   0;  -999;   8.4;    -999;    7.2;   82.96;    8.8;    5.6;    5.1;eor
        420;20200203;-999;-999;-999;    3;   2.3;   4;-999;   0;  -999;   9.1;    -999;    7.3;   88.75;    9.8;    5.3;    4.9;eor
        420;20200204;-999;-999;-999;    3;   1.3;   4;-999;   0;  -999;   7.0;    -999;    5.2;   79.29;    7.2;    3.5;    2.8;eor
        420;20200205;-999;-999;-999;    3;   0.0;   0;-999;   0;  -999;   5.7;    -999;    3.5;   73.58;    5.9;    1.7;    0.0;eor
        420;20200206;-999;-999;-999;    3;   0.0;   0;-999;   0;  -999;   6.8;    -999;    4.7;   78.96;    6.2;    2.9;    1.9;eor
        420;20200207;-999;-999;-999;    3;   0.0;   0;-999;   0;  -999;   8.0;    -999;    5.7;   87.08;    6.8;    5.0;    4.6;eor
        420;20200208;-999;-999;-999;    3;   0.0;   0;-999;   0;  -999;   6.7;    -999;    5.1;   77.13;    9.0;    1.6;    0.3;eor
        420;20200209;-999;-999;-999;    3;   7.9;   4;-999;   0;  -999;   7.5;    -999;    9.2;   64.83;   13.2;    5.2;    3.6;eor
        420;20200210;-999;-999;-999;    3;   4.5;   4;-999;   0;  -999;   7.8;    -999;    7.4;   76.13;   13.7;    3.8;    2.1;eor
        420;20200211;-999;-999;-999;    3;   0.4;   4;-999;   0;  -999;   5.8;    -999;    5.0;   67.29;    6.8;    3.3;    2.1;eor
        420;20200212;-999;-999;-999;    3;   0.0;   0;-999;   0;  -999;   5.2;    -999;    4.6;   61.63;    6.7;    3.3;    1.5;eor
        420;20200213;-999;-999;-999;    3;   0.6;   4;-999;   0;  -999;   5.9;    -999;    3.9;   72.96;    5.8;    1.8;    0.0;eor
        420;20200214;-999;-999;-999;    3;   0.3;   4;-999;   0;  -999;   7.5;    -999;    4.1;   90.92;    5.6;    2.3;   -1.7;eor
        420;20200215;-999;-999;-999;    3;   0.0;   0;-999;   0;  -999;   7.3;    -999;    5.5;   82.08;   10.6;    1.4;   -0.8;eor
        420;20200216;-999;-999;-999;    3;   1.9;   4;-999;   0;  -999;   7.9;    -999;   11.6;   58.04;   15.8;    7.3;    5.8;eor
        420;20200217;-999;-999;-999;    3;   0.0;   4;-999;   0;  -999;   7.2;    -999;    9.8;   59.46;   12.0;    7.2;    5.3;eor
        420;20200218;-999;-999;-999;    3;   1.9;   4;-999;   0;  -999;   6.9;    -999;    6.8;   69.42;    8.1;    4.2;    3.5;eor
        420;20200219;-999;-999;-999;    3;   6.7;   4;-999;   0;  -999;   7.1;    -999;    5.2;   79.67;    7.2;    2.7;    2.0;eor
        420;20200220;-999;-999;-999;    3;   5.8;   4;-999;   0;  -999;   7.0;    -999;    5.0;   79.75;    7.4;    1.2;   -1.5;eor
        420;20200221;-999;-999;-999;    3;   0.0;   0;-999;   0;  -999;   6.7;    -999;    6.0;   71.33;    7.5;    4.4;    3.4;eor
        420;20200222;-999;-999;-999;    3;   0.9;   4;-999;   0;  -999;   6.7;    -999;    8.3;   61.38;   12.2;    5.6;    4.8;eor
        420;20200223;-999;-999;-999;    3;  15.9;   4;-999;   0;  -999;   7.9;    -999;    6.6;   81.21;    8.6;    4.2;    3.5;eor
        420;20200224;-999;-999;-999;    3;   7.3;   4;-999;   0;  -999;   7.0;    -999;    5.2;   78.63;    7.5;    3.8;    3.1;eor
        420;20200225;-999;-999;-999;    3;   1.9;   4;-999;   0;  -999;   7.8;    -999;    8.2;   71.46;   11.0;    4.3;    2.8;eor
        420;20200226;-999;-999;-999;    3;   3.5;   4;-999;   0;  -999;   6.7;    -999;    3.1;   88.54;    4.8;    2.1;    0.1;eor
        420;20200227;-999;-999;-999;    3;   0.0;   0;-999;   0;  -999;   6.1;    -999;    3.5;   77.83;    6.3;    1.9;    0.3;eor
        420;20200228;-999;-999;-999;    3;   2.1;   4;-999;   0;  -999;   5.8;    -999;    3.9;   72.71;    7.9;    1.2;   -1.7;eor
        420;20200229;-999;-999;-999;    3;   1.5;   4;-999;   0;  -999;   7.6;    -999;    6.6;   78.00;   12.0;    1.2;    0.6;eor
        420;20200301;-999;-999;-999;    3;   3.2;   4;-999;   0;  -999;   7.1;    -999;    7.1;   71.00;   10.7;    4.1;    2.1;eor
        420;20200302;-999;-999;-999;    3;   0.2;   4;-999;   0;  -999;   7.5;    -999;    5.6;   82.25;    8.3;    3.0;    0.6;eor
        420;20200303;-999;-999;-999;    3;   0.2;   4;-999;   0;  -999;   7.2;    -999;    4.8;   83.83;    7.2;    3.2;    0.1;eor
        420;20200304;-999;-999;-999;    3;   0.2;   4;-999;   0;  -999;   6.3;    -999;    4.8;   74.21;    8.7;    1.9;   -1.3;eor
        420;20200305;-999;-999;-999;    3;   3.5;   4;-999;   0;  -999;   6.2;    -999;    5.1;   72.92;   10.2;    0.4;   -1.8;eor
        420;20200306;-999;-999;-999;    3;   5.3;   4;-999;   0;  -999;   8.1;    -999;    5.1;   92.04;    6.9;    3.1;    2.7;eor
        420;20200307;-999;-999;-999;    3;   0.0;   0;-999;   0;  -999;   7.0;    -999;    4.5;   82.88;    6.5;    1.4;   -2.5;eor
        420;20200308;-999;-999;-999;    3;   0.0;   0;-999;   0;  -999;   6.9;    -999;    5.1;   78.54;    9.8;    0.1;   -2.8;eor
        420;20200309;-999;-999;-999;    3;   3.2;   4;-999;   0;  -999;   8.4;    -999;    6.9;   83.83;   10.1;    4.8;    0.6;eor
        420;20200310;-999;-999;-999;    3;  10.8;   4;-999;   0;  -999;   8.4;    -999;    6.1;   89.04;   10.6;    2.6;    0.2;eor
        420;20200311;-999;-999;-999;    3;   1.1;   4;-999;   0;  -999;   8.7;    -999;   10.0;   71.50;   13.6;    7.7;    5.4;eor
        420;20200312;-999;-999;-999;    3;   2.8;   4;-999;   0;  -999;   7.9;    -999;   10.0;   62.21;   13.3;    6.4;    3.6;eor
        420;20200313;-999;-999;-999;    3;   0.4;   4;-999;   0;  -999;   6.3;    -999;    6.3;   66.29;    9.5;    3.0;    0.7;eor
        420;20200314;-999;-999;-999;    3;   0.0;   0;-999;   0;  -999;   4.4;    -999;    3.6;   57.88;    7.9;   -1.0;   -4.5;eor
        420;20200315;-999;-999;-999;    3;   0.0;   0;-999;   0;  -999;   3.8;    -999;    6.0;   43.17;   11.8;   -0.1;   -2.3;eor
        420;20200316;-999;-999;-999;    3;   0.0;   0;-999;   0;  -999;   6.2;    -999;    9.5;   51.96;   17.2;    3.0;    0.0;eor
        420;20200317;-999;-999;-999;    3;   0.0;   0;-999;   0;  -999;   7.6;    -999;    9.9;   65.21;   15.8;    4.0;   -0.1;eor
        420;20200318;-999;-999;-999;    3;   0.0;   0;-999;   0;  -999;   7.2;    -999;   12.0;   55.25;   17.8;    5.6;    1.1;eor
        420;20200319;-999;-999;-999;    3;   0.0;   4;-999;   0;  -999;   9.3;    -999;   10.8;   72.00;   14.4;    7.4;    6.0;eor
        420;20200320;-999;-999;-999;    3;   0.0;   0;-999;   0;  -999;   7.3;    -999;    7.4;   70.75;    9.9;    5.0;    4.2;eor
        420;20200321;-999;-999;-999;    3;   0.0;   0;-999;   0;  -999;   4.8;    -999;    3.7;   61.54;    7.0;    0.4;   -1.6;eor
        420;20200322;-999;-999;-999;    3;   0.0;   0;-999;   0;  -999;   3.3;    -999;    1.8;   49.04;    6.0;   -1.6;   -4.4;eor
        420;20200323;-999;-999;-999;    3;   0.0;   0;-999;   0;  -999;   2.8;    -999;    1.4;   42.83;    6.1;   -3.4;   -6.5;eor
        420;20200324;-999;-999;-999;    3;   0.0;   0;-999;   0;  -999;   2.7;    -999;    2.7;   38.58;    8.3;   -3.2;   -7.9;eor
        420;20200325;-999;-999;-999;    3;   0.0;   0;-999;   0;  -999;   2.8;    -999;    4.0;   36.33;    9.9;   -2.0;   -5.8;eor
        420;20200326;-999;-999;-999;    3;   0.0;   0;-999;   0;  -999;   3.6;    -999;    5.7;   40.17;   11.4;   -0.8;   -2.9;eor
        420;20200327;-999;-999;-999;    3;   0.0;   0;-999;   0;  -999;   5.3;    -999;    9.5;   45.33;   15.9;    4.3;    1.4;eor
        420;20200328;-999;-999;-999;    3;   0.0;   0;-999;   0;  -999;   5.9;    -999;    8.1;   58.25;   15.6;    1.5;   -0.2;eor
        420;20200329;-999;-999;-999;    1;   0.2;   4;-999;   0;  -999;   5.2;    -999;    3.0;   66.92;    5.8;   -2.2;   -7.9;eor
        420;20200330;-999;-999;-999;    1;   0.8;   4;-999;   0;  -999;   4.5;    -999;    0.5;   69.75;    3.9;   -2.9;   -7.9;eor
        420;20200331;-999;-999;-999;    1;   0.0;   0;-999;   0;  -999;   4.0;    -999;    1.7;   60.42;    6.1;   -1.4;   -6.3;eor
        420;20200401;-999;-999;-999;    1;   0.0;   0;-999;   0;  -999;   4.4;    -999;    4.8;   51.42;   10.4;   -0.9;   -5.5;eor
        420;20200402;-999;-999;-999;    1;   0.0;   0;-999;   0;  -999;   5.7;    -999;    7.4;   56.54;   11.0;    5.4;    3.7;eor
        420;20200403;-999;-999;-999;    1;   0.0;   0;-999;   0;  -999;   5.4;    -999;    7.3;   52.67;   10.9;    3.8;   -2.7;eor
        420;20200404;-999;-999;-999;    1;   0.0;   0;-999;   0;  -999;   4.9;    -999;    8.1;   46.63;   13.1;    4.2;   -2.6;eor
        420;20200405;-999;-999;-999;    1;   0.0;   0;-999;   0;  -999;   5.1;    -999;   10.1;   43.21;   16.3;    2.9;   -2.7;eor
        420;20200406;-999;-999;-999;    1;   0.0;   0;-999;   0;  -999;   5.4;    -999;   13.7;   37.00;   21.9;    5.1;    0.8;eor
        420;20200407;-999;-999;-999;    1;   0.0;   0;-999;   0;  -999;   7.9;    -999;   13.8;   50.13;   20.7;    6.7;    0.2;eor
        420;20200408;-999;-999;-999;    1;   0.0;   0;-999;   0;  -999;   7.2;    -999;   14.2;   46.00;   22.8;    6.1;    0.4;eor
        420;20200409;-999;-999;-999;    1;   0.0;   0;-999;   0;  -999;   7.9;    -999;   12.8;   54.13;   19.3;    6.2;   -0.3;eor
        420;20200410;-999;-999;-999;    1;   0.0;   0;-999;   0;  -999;   6.0;    -999;    9.9;   51.38;   16.6;    3.1;   -3.1;eor
        420;20200411;-999;-999;-999;    1;   0.0;   0;-999;   0;  -999;   5.6;    -999;    9.5;   50.00;   15.7;    2.2;   -3.4;eor
        420;20200412;-999;-999;-999;    1;   2.5;   4;-999;   0;  -999;   6.8;    -999;   14.6;   44.00;   23.9;    4.0;   -2.7;eor
        420;20200413;-999;-999;-999;    1;   0.0;   0;-999;   0;  -999;   5.8;    -999;    8.1;   52.38;   12.8;    3.8;   -2.7;eor
        420;20200414;-999;-999;-999;    1;   0.0;   0;-999;   0;  -999;   4.5;    -999;    6.3;   49.96;   11.2;    0.4;   -2.4;eor
        420;20200415;-999;-999;-999;    1;   0.0;   0;-999;   0;  -999;   6.2;    -999;    9.8;   52.75;   15.6;    4.9;    2.0;eor
        420;20200416;-999;-999;-999;    1;   0.0;   0;-999;   0;  -999;   7.3;    -999;   12.4;   50.92;   18.3;    6.6;   -1.1;eor
        420;20200417;-999;-999;-999;    1;   0.0;   0;-999;   0;  -999;   6.6;    -999;   11.6;   50.13;   17.4;    6.7;    1.6;eor
        420;20200418;-999;-999;-999;    1;   0.0;   0;-999;   0;  -999;   4.5;    -999;   10.7;   36.00;   17.5;    4.6;    0.3;eor
        420;20200419;-999;-999;-999;    1;   0.0;   0;-999;   0;  -999;   4.4;    -999;    8.9;   39.96;   13.5;    4.8;    3.0;eor
        420;20200420;-999;-999;-999;    1;   0.0;   0;-999;   0;  -999;   5.4;    -999;   10.0;   44.88;   15.6;    4.0;   -0.4;eor
        420;20200421;-999;-999;-999;    1;   0.0;   0;-999;   0;  -999;   5.8;    -999;   11.2;   45.13;   17.3;    4.7;    2.4;eor
        420;20200422;-999;-999;-999;    1;   0.0;   0;-999;   0;  -999;   6.7;    -999;   12.7;   48.00;   18.6;    6.4;    3.0;eor
        420;20200423;-999;-999;-999;    1;   0.0;   0;-999;   0;  -999;   6.9;    -999;   14.8;   43.75;   21.2;    7.1;    1.6;eor
        420;20200424;-999;-999;-999;    1;   0.0;   0;-999;   0;  -999;   7.1;    -999;   14.8;   45.13;   22.3;    7.6;    1.3;eor
        420;20200425;-999;-999;-999;    1;   0.0;   0;-999;   0;  -999;   6.9;    -999;   11.1;   53.88;   15.6;    7.6;    1.5;eor
        420;20200426;-999;-999;-999;    1;   0.0;   0;-999;   0;  -999;   6.5;    -999;   12.1;   49.50;   18.9;    4.0;   -2.7;eor
        420;20200427;-999;-999;-999;    1;   0.0;   0;-999;   0;  -999;   7.1;    -999;   14.8;   46.71;   22.8;    4.7;   -2.0;eor
        420;20200428;-999;-999;-999;    1;   2.9;   4;-999;   0;  -999;   8.8;    -999;   16.8;   48.67;   23.9;    8.9;    2.0;eor
        420;20200429;-999;-999;-999;    1;   5.7;   4;-999;   0;  -999;  11.2;    -999;   11.8;   80.88;   18.4;    7.5;    7.3;eor
        420;20200430;-999;-999;-999;    1;   2.1;   4;-999;   0;  -999;  11.9;    -999;   13.9;   76.42;   18.4;    9.3;    4.9;eor
        420;20200501;-999;-999;-999;    1;   0.4;   4;-999;-999;  -999;   9.5;    -999;   13.2;   64.21;   18.3;    9.6;    7.4;eor
        420;20200502;-999;-999;-999;    1;   3.4;   4;-999;-999;  -999;   9.7;    -999;   10.4;   77.46;   15.2;    6.5;    1.9;eor
        420;20200503;-999;-999;-999;    1;   0.0;   0;-999;-999;  -999;   8.8;    -999;   10.7;   70.13;   15.1;    6.7;    3.7;eor
        420;20200504;-999;-999;-999;    1;   0.3;   4;-999;-999;  -999;   9.5;    -999;    9.4;   80.67;   12.2;    4.6;   -0.6;eor
        420;20200505;-999;-999;-999;    1;   0.8;   4;-999;-999;  -999;   7.2;    -999;    7.5;   70.08;   12.4;    3.4;   -2.2;eor
        420;20200506;-999;-999;-999;    1;   0.0;   0;-999;-999;  -999;   6.7;    -999;   11.6;   52.83;   17.3;    5.8;    4.2;eor
        420;20200507;-999;-999;-999;    1;   0.0;   0;-999;-999;  -999;   8.3;    -999;   10.8;   64.63;   16.7;    6.3;    3.6;eor
        420;20200508;-999;-999;-999;    1;   0.0;   0;-999;-999;  -999;   7.5;    -999;   15.0;   48.17;   22.0;    6.5;    1.4;eor
        420;20200509;-999;-999;-999;    1;   0.0;   0;-999;-999;  -999;   8.4;    -999;   16.7;   45.58;   23.3;    7.6;    3.2;eor
        420;20200510;-999;-999;-999;    1;   5.5;   4;-999;-999;  -999;  12.2;    -999;   17.7;   62.25;   25.4;   11.3;    7.9;eor
        420;20200511;-999;-999;-999;    1;   7.3;   4;-999;-999;  -999;   8.5;    -999;    7.2;   82.29;   15.4;    2.2;   -1.1;eor
        420;20200512;-999;-999;-999;    1;   0.0;   0;-999;-999;  -999;   5.8;    -999;    7.4;   57.58;   11.9;    0.3;   -3.0;eor
        420;20200513;-999;-999;-999;    1;   0.0;   0;-999;-999;  -999;   6.9;    -999;   10.1;   57.83;   15.2;    6.2;    3.9;eor
        420;20200514;-999;-999;-999;    1;   0.0;   0;-999;-999;  -999;   6.6;    -999;    9.6;   56.71;   14.2;    4.0;   -0.8;eor
        420;20200515;-999;-999;-999;    1;   0.0;   0;-999;-999;  -999;   6.3;    -999;   10.1;   53.08;   15.8;    1.6;   -2.6;eor
        420;20200516;-999;-999;-999;    1;   0.0;   0;-999;-999;  -999;   7.3;    -999;   12.2;   52.63;   16.2;    8.1;    5.7;eor
        420;20200517;-999;-999;-999;    1;   0.0;   0;-999;-999;  -999;   7.8;    -999;   14.2;   49.71;   18.5;    9.4;    6.5;eor
        420;20200518;-999;-999;-999;    1;   0.0;   0;-999;-999;  -999;   9.5;    -999;   16.4;   51.38;   21.8;   12.4;    7.8;eor
        420;20200519;-999;-999;-999;    1;   0.0;   0;-999;-999;  -999;  11.3;    -999;   15.2;   65.83;   19.9;   10.8;    6.2;eor
        420;20200520;-999;-999;-999;    1;   0.0;   0;-999;-999;  -999;   8.4;    -999;   15.7;   49.79;   21.1;   10.4;    7.0;eor
        420;20200521;-999;-999;-999;    1;   0.0;   0;-999;-999;  -999;   7.4;    -999;   15.2;   46.04;   20.9;    8.3;    4.9;eor
        420;20200522;-999;-999;-999;    1;   1.9;   4;-999;-999;  -999;   7.9;    -999;   17.2;   42.13;   22.4;    9.9;    5.5;eor
        420;20200523;-999;-999;-999;    1;   0.1;   4;-999;-999;  -999;  11.5;    -999;   15.1;   67.79;   19.9;    9.2;    4.9;eor
        420;20200524;-999;-999;-999;    1;   4.8;   4;-999;-999;  -999;  10.7;    -999;   12.4;   74.75;   17.4;    8.4;    3.5;eor
        420;20200525;-999;-999;-999;    1;   3.5;   4;-999;-999;  -999;  11.4;    -999;   12.0;   80.92;   13.7;    9.5;    5.5;eor
        420;20200526;-999;-999;-999;    1;   0.0;   0;-999;-999;  -999;   9.9;    -999;   14.4;   63.71;   20.9;    7.9;    4.1;eor
        420;20200527;-999;-999;-999;    1;   0.0;   0;-999;-999;  -999;   9.4;    -999;   16.6;   53.04;   23.4;    6.9;    2.7;eor
        420;20200528;-999;-999;-999;    1;   0.0;   0;-999;-999;  -999;   9.1;    -999;   15.3;   53.71;   20.2;    9.9;    7.4;eor
        420;20200529;-999;-999;-999;    1;   0.0;   0;-999;-999;  -999;   8.3;    -999;   14.7;   52.04;   20.6;    7.8;    5.9;eor
        420;20200530;-999;-999;-999;    1;   0.0;   0;-999;-999;  -999;   8.0;    -999;   14.0;   51.96;   18.6;    7.9;    4.5;eor
        420;20200531;-999;-999;-999;    1;   0.0;   0;-999;-999;  -999;  10.0;    -999;   15.5;   59.21;   22.6;    9.0;    6.8;eor
        420;20200601;-999;-999;-999;    1;   0.0;   0;-999;-999;  -999;   9.3;    -999;   17.1;   51.25;   24.3;    8.7;    5.6;eor
        420;20200602;-999;-999;-999;    1;   0.0;   0;-999;-999;  -999;  10.0;    -999;   20.2;   44.96;   27.7;   10.6;    5.5;eor
        420;20200603;-999;-999;-999;    1;   0.0;   0;-999;-999;  -999;   9.3;    -999;   18.9;   45.58;   25.5;   12.3;    8.3;eor
        420;20200604;-999;-999;-999;    1;   3.2;   4;-999;-999;  -999;  12.0;    -999;   18.6;   57.83;   25.1;   14.0;    9.5;eor
        420;20200605;-999;-999;-999;    1;   0.4;   4;-999;-999;  -999;  11.3;    -999;   14.2;   70.83;   17.8;   11.4;   10.2;eor
        420;20200606;-999;-999;-999;    1;   0.0;   0;-999;-999;  -999;   9.1;    -999;   14.0;   58.46;   19.8;    9.1;    6.4;eor
        420;20200607;-999;-999;-999;    1;   0.0;   4;-999;-999;  -999;  10.9;    -999;   15.2;   64.54;   19.6;    9.2;    4.8;eor
        420;20200608;-999;-999;-999;    1;   0.0;   0;-999;-999;  -999;   9.9;    -999;   17.4;   51.17;   22.6;   10.5;    4.3;eor
        420;20200609;-999;-999;-999;    1;   0.0;   0;-999;-999;  -999;  10.5;    -999;   18.0;   52.46;   22.3;   12.2;    7.8;eor
