STATIONS_ID;MESS_DATUM;QN_3;  FX;  FM;QN_4; RSK;RSKF; SDK;SHK_TAG;  NM; VPM;  PM; TMK; UPM; TXK; TNK; TGK;eor
       3946;20181208;   10;  15.6;   5.3;    3;   4.8;   6;    0.900;   0;   7.0;   7.1;  959.77;    5.3;   79.50;    7.9;    3.6;    2.3;eor
       3946;20181209;   10;  18.6;   4.5;    3;   2.2;   6;    0.017;   0;   7.5;   7.6;  953.70;    5.6;   83.75;    7.3;    3.2;    1.7;eor
       3946;20181210;   10;  13.5;   4.4;    3;   0.6;   8;    0.417;   0;   7.0;   5.7;  968.03;    2.6;   77.50;    4.1;    1.6;    0.1;eor
       3946;20181211;   10;  13.0;   4.7;    3;   2.6;   8;    0.000;   0;   7.7;   6.0;  970.81;    1.9;   85.50;    3.1;    1.0;    0.5;eor
       3946;20181212;   10;   8.7;   3.0;    3;   0.5;   8;    0.067;   0;   7.6;   5.8;  975.47;    0.4;   91.71;    1.4;   -1.3;   -2.4;eor
       3946;20181213;   10;   6.5;   1.9;    3;   0.0;   0;    2.950;   0;   5.7;   4.3;  974.20;   -2.4;   84.88;   -1.1;   -3.9;   -5.9;eor
       3946;20181214;   10;   5.4;   1.6;    3;   0.0;   0;    0.000;   0;   8.0;   4.0;  975.48;   -2.1;   76.71;   -1.2;   -3.1;   -3.5;eor
       3946;20181215;   10;   4.7;   1.5;    3;   0.0;   8;    0.000;   0;   7.9;   4.0;  977.95;   -2.1;   77.04;   -1.4;   -2.9;   -3.2;eor
       3946;20181216;   10;   9.6;   2.8;    3;   0.3;   8;    0.017;   0;   7.7;   4.2;  968.35;   -2.1;   79.00;   -0.7;   -3.0;   -4.4;eor
       3946;20181217;   10;   7.6;   2.6;    3;   0.1;   8;    0.017;   0;   7.9;   6.0;  974.30;    1.6;   88.21;    3.1;   -0.6;   -1.1;eor
       3946;20181218;   10;  10.1;   2.5;    3;   0.0;   0;    3.367;   0;   6.2;   6.2;  978.33;    2.8;   83.00;    6.3;    0.8;   -0.8;eor
       3946;20181219;   10;  13.2;   4.3;    3;   7.5;   6;    0.000;   0;   7.3;   5.4;  971.05;    0.7;   84.50;    1.8;   -0.3;   -1.3;eor
       3946;20181220;   10;  10.0;   3.4;    3;   0.0;   6;    0.000;   0;   7.8;   6.8;  969.67;    2.7;   90.63;    4.9;    0.4;    0.1;eor
       3946;20181221;   10;  12.9;   4.7;    3;   3.2;   6;    0.000;   0;   7.8;   8.4;  963.69;    6.6;   85.29;   10.1;    4.5;    3.8;eor
       3946;20181222;   10;  14.8;   4.1;    3;   0.6;   6;    0.117;   0;   7.2;   8.4;  965.27;    8.1;   77.75;   10.1;    5.5;    3.2;eor
       3946;20181223;   10;   7.6;   2.5;    3;  15.1;   8;    0.000;   0;   7.5;   7.8;  971.41;    5.6;   86.29;    7.2;    3.7;    2.8;eor
       3946;20181224;   10;   8.9;   3.4;    3;   2.3;   8;    0.017;   0;   7.8;   6.2;  976.77;    1.1;   92.83;    3.7;   -0.5;   -0.7;eor
       3946;20181225;   10;   8.8;   2.5;    3;   0.2;   8;    0.000;   0;   7.8;   5.8;  985.06;    1.3;   86.33;    2.2;    0.1;   -0.3;eor
       3946;20181226;   10;   6.4;   2.7;    3;   0.9;   6;    0.000;   0;   8.0;   5.9;  983.41;    1.1;   88.38;    1.8;    0.6;    0.3;eor
       3946;20181227;   10;   6.9;   2.8;    3;   0.0;   0;    3.217;   0;   7.0;   6.6;  980.04;    2.7;   88.83;    5.8;    1.4;    0.3;eor
       3946;20181228;   10;   5.4;   1.7;    3;   0.0;   8;    3.267;   0;   5.7;   5.9;  980.25;    1.1;   89.08;    3.0;   -2.4;   -4.0;eor
       3946;20181229;   10;  10.5;   2.9;    3;   4.2;   8;    0.700;   0;   7.8;   6.1;  981.51;    1.5;   88.96;    3.1;    0.5;    0.1;eor
       3946;20181230;   10;  15.8;   4.8;    3;   0.1;   6;    0.133;   0;   7.8;   6.9;  979.81;    4.4;   82.54;    5.7;    2.0;    1.5;eor
       3946;20181231;   10;   6.0;   1.6;    3;   0.2;   6;    0.000;   0;   8.0;   8.1;  983.97;    5.0;   93.42;    5.9;    4.2;    3.7;eor
       3946;20190101;   10;  16.6;   4.0;    3;   1.3;   8;    0.000;   0;   7.5;   7.3;  976.79;    5.1;   82.58;    6.5;    1.4;    0.5;eor
       3946;20190102;   10;  20.1;   6.7;    3;   0.7;   8;    0.800;   0;   7.2;   4.5;  979.06;    0.2;   71.50;    1.9;   -2.1;   -3.1;eor
       3946;20190103;   10;  10.1;   3.9;    3;   0.8;   8;    1.817;   0;   7.0;   4.0;  985.82;   -1.3;   72.17;    0.3;   -3.2;   -5.3;eor
       3946;20190104;   10;   8.5;   2.9;    3;   5.7;   8;    0.000;   0;   7.9;   5.4;  983.42;    0.2;   86.79;    1.9;   -1.4;   -1.9;eor
       3946;20190105;   10;  11.2;   4.2;    3;   5.3;   6;    0.000;   0;   7.6;   7.7;  975.35;    3.8;   95.04;    5.6;    0.8;    0.0;eor
       3946;20190106;   10;   9.3;   2.7;    3;   3.0;   6;    0.000;   0;   8.0;   6.6;  980.25;    2.5;   89.71;    3.9;    1.3;    0.9;eor
       3946;20190107;   10;  11.0;   3.2;    3;   1.3;   8;    0.000;   0;   7.7;   7.1;  980.56;    3.4;   90.96;    4.2;    2.1;    1.3;eor
       3946;20190108;   10;  15.1;   4.6;    3;   6.2;   8;    0.000;   0;   7.9;   6.4;  962.55;    2.6;   86.00;    3.9;    0.6;    0.1;eor
       3946;20190109;   10;  13.4;   5.7;    3;  13.2;   8;    0.000;   3;   7.7;   5.5;  961.95;   -0.5;   93.67;    0.6;   -1.1;   -0.8;eor
       3946;20190110;   10;  11.4;   4.4;    3;   2.0;   8;    0.000;  25;   7.8;   4.8;  974.00;   -2.1;   91.42;   -0.3;   -5.4;   -0.7;eor
       3946;20190111;   10;   8.3;   2.9;    3;   2.8;   8;    0.000;  22;  -999;   4.7;  973.77;   -2.4;   89.50;    0.8;   -5.2;   -0.8;eor
       3946;20190112;   10;  10.0;   3.2;    3;   2.4;   8;    0.000;  17;   7.7;   6.2;  968.64;    1.9;   88.38;    3.0;    0.7;   -0.1;eor
       3946;20190113;   10;  15.6;   3.9;    3;   2.1;   6;    0.000;   5;   7.8;   6.9;  956.23;    3.4;   88.33;    6.2;    1.1;   -0.1;eor
       3946;20190114;   10;  16.0;   5.5;    3;   1.0;   8;    0.450;   0;   6.8;   5.2;  959.85;    1.4;   76.38;    4.5;   -1.2;   -3.5;eor
       3946;20190115;   10;  11.2;   3.9;    3;   0.2;   8;    0.000;   1;   7.9;   5.4;  968.99;    1.7;   77.54;    3.3;   -1.1;   -1.6;eor
       3946;20190116;   10;  12.5;   4.1;    3;   0.0;   6;    0.000;   0;   7.7;   6.1;  964.63;    3.0;   80.88;    3.6;    1.9;    0.6;eor
       3946;20190117;   10;  12.5;   3.8;    3;   5.1;   8;    0.283;   0;   7.3;   6.4;  957.84;    3.1;   83.58;    5.2;   -1.4;   -3.8;eor
       3946;20190118;   10;  10.3;   2.2;    3;   0.0;   8;    4.417;   2;   3.7;   4.0;  970.30;   -2.9;   79.58;    0.1;   -9.7;  -12.2;eor
       3946;20190119;   10;   4.7;   1.1;    3;   0.0;   7;    6.783;   1;   4.8;   2.7;  971.58;   -7.1;   77.08;    0.8;  -11.6;  -13.5;eor
       3946;20190120;   10;   5.7;   1.5;    3;   0.0;   0;    0.883;   1;   5.3;   3.1;  970.60;   -6.3;   80.08;   -2.5;  -12.3;  -14.3;eor
       3946;20190121;   10;   5.5;   1.4;    3;   0.0;   0;    0.517;   1;   6.5;   3.4;  973.66;   -3.7;   74.08;   -0.2;   -9.7;  -12.3;eor
       3946;20190122;   10;   8.8;   2.5;    3;   0.0;   0;    6.017;   1;   2.0;   2.9;  964.38;   -7.1;   80.46;   -3.0;  -11.6;  -13.9;eor
       3946;20190123;   10;   7.8;   1.8;    3;   0.1;   7;    5.383;   1;   5.3;   2.7;  954.96;   -7.6;   79.71;   -4.2;  -11.1;  -12.8;eor
       3946;20190124;   10;   3.1;   1.1;    3;   0.0;   7;    0.000;   3;   7.8;   3.3;  962.30;   -6.1;   84.75;   -4.0;   -8.2;   -8.0;eor
       3946;20190125;   10;   8.8;   1.9;    3;   1.6;   8;    0.000;   3;   7.8;   3.6;  967.05;   -4.7;   82.71;   -2.5;   -5.7;   -7.6;eor
       3946;20190126;   10;  11.2;   4.4;    3;   1.4;   8;    0.000;   5;   7.8;   5.7;  959.69;    0.7;   87.42;    2.9;   -2.6;   -2.8;eor
       3946;20190127;   10;  11.0;   4.0;    3;   0.6;   8;    0.517;   1;   7.8;   6.6;  946.81;    3.1;   86.71;    5.2;    2.1;    1.3;eor
       3946;20190128;   10;  12.1;   4.0;    3;   0.6;   8;    0.167;   0;   7.8;   5.7;  947.84;    1.4;   84.67;    3.1;   -0.5;   -0.8;eor
       3946;20190129;   10;  10.4;   2.6;    3;   0.0;   7;    0.017;   1;   6.9;   4.6;  958.16;   -0.9;   81.21;    1.3;   -5.5;   -9.2;eor
       3946;20190130;   10;  13.3;   3.0;    3;   0.0;   8;    4.833;   0;   6.5;   3.9;  951.51;   -2.3;   75.88;    1.0;   -8.8;  -11.5;eor
       3946;20190131;   10;   8.0;   2.4;    3;   0.0;   7;    7.967;   0;   3.8;   4.1;  952.87;   -0.6;   70.50;    2.8;   -5.4;   -8.2;eor
       3946;20190201;   10;  16.5;   3.1;    3;   4.5;   8;    0.000;   1;   7.3;   4.6;  947.82;   -0.6;   79.38;    1.9;   -5.2;   -7.3;eor
       3946;20190202;   10;   5.3;   1.2;    3;   0.2;   8;    0.000;   1;   8.0;   6.3;  950.96;    0.9;   95.83;    2.7;   -0.2;   -0.2;eor
       3946;20190203;   10;  12.3;   4.7;    3;   9.6;   8;    0.000;   0;   7.9;   5.4;  966.61;   -1.0;   94.04;    0.9;   -1.5;   -1.6;eor
       3946;20190204;   10;   7.7;   2.4;    3;   0.0;   0;    8.317;   8;   3.9;   4.4;  981.13;   -1.8;   82.58;    2.2;   -5.6;   -7.4;eor
       3946;20190205;   10;   9.6;   3.2;    3;   0.0;   6;    1.167;   8;   6.3;   4.2;  981.01;   -2.2;   80.21;    0.7;   -5.1;   -7.2;eor
       3946;20190206;   10;  10.4;   3.3;    3;   0.0;   0;    6.100;   6;   3.4;   4.4;  979.31;   -2.1;   83.13;    1.7;   -7.6;  -10.0;eor
       3946;20190207;   10;  12.2;   4.4;    3;   0.5;   8;    0.000;   6;   6.0;   4.3;  969.35;   -2.5;   83.71;    2.2;   -4.7;   -6.6;eor
       3946;20190208;   10;  12.1;   4.2;    3;   0.0;   6;    1.083;   5;   7.4;   6.2;  969.85;    3.3;   80.63;    5.7;    1.9;   -0.1;eor
       3946;20190209;   10;  14.5;   4.9;    3;   0.2;   6;    4.017;   1;   6.5;   6.5;  963.78;    4.8;   75.42;    7.2;    3.0;    1.9;eor
       3946;20190210;   10;  14.6;   5.3;    3;   3.7;   8;    0.100;   0;   6.8;   7.1;  955.80;    5.6;   77.83;    8.6;    3.4;    1.9;eor
       3946;20190211;   10;  14.6;   5.2;    3;   0.0;   8;    1.583;   0;   6.5;   5.8;  965.42;    2.8;   77.83;    4.7;    0.1;   -2.1;eor
       3946;20190212;   10;  11.1;   3.8;    3;   1.0;   8;    1.250;   0;   7.7;   5.1;  982.85;    1.6;   75.04;    3.9;   -0.2;   -1.1;eor
       3946;20190213;   10;   7.8;   2.8;    3;   0.0;   6;    0.067;   0;   7.7;   5.8;  988.26;    3.0;   76.46;    5.6;    0.6;   -0.8;eor
       3946;20190214;   10;   5.1;   1.8;    3;   0.0;   0;    6.567;   0;   3.5;   5.3;  989.24;    3.2;   70.83;   10.9;   -1.8;   -4.6;eor
       3946;20190215;   10;   4.6;   1.4;    3;   0.0;   0;    9.150;   0;   0.0;   5.1;  987.27;    3.6;   69.50;   15.6;   -3.8;   -6.2;eor
       3946;20190216;   10;   7.7;   2.8;    3;   0.0;   0;    9.217;   0;   0.0;   5.1;  981.96;    5.4;   61.04;   15.4;   -3.1;   -5.4;eor
       3946;20190217;   10;   6.8;   2.6;    3;   0.0;   0;    8.733;   0;   2.6;   5.5;  978.78;    5.9;   61.04;   15.2;   -2.3;   -5.0;eor
       3946;20190218;   10;   6.3;   2.4;    3;   0.0;   0;    9.333;   0;   0.1;   5.1;  974.40;    5.0;   62.54;   15.6;   -3.1;   -5.0;eor
       3946;20190219;   10;   8.1;   2.6;    3;   0.1;   6;    3.017;   0;   3.1;   5.9;  972.48;    3.1;   76.63;    8.4;   -2.0;   -4.6;eor
       3946;20190220;   10;   8.2;   2.7;    3;   0.0;   0;    5.067;   0;   5.7;   6.3;  977.05;    3.4;   81.29;    8.7;   -0.3;   -2.5;eor
       3946;20190221;   10;   7.3;   2.2;    3;   0.6;   6;    1.017;   0;   7.5;   6.9;  979.80;    4.9;   79.54;    9.0;   -1.3;   -2.6;eor
       3946;20190222;   10;  10.6;   4.0;    3;   2.0;   6;    0.017;   0;   7.3;   7.5;  987.13;    4.2;   88.29;    7.3;   -2.7;   -4.8;eor
       3946;20190223;   10;   7.8;   2.1;    3;   0.0;   0;    6.883;   0;   3.0;   3.2;  993.82;   -0.6;   57.04;    4.9;   -4.0;   -6.1;eor
       3946;20190224;   10;   4.5;   1.5;    3;   0.0;   0;    5.533;   0;   1.7;   3.1;  991.76;    1.3;   51.38;   10.9;   -5.2;   -7.2;eor
       3946;20190225;   10;   5.3;   1.1;    3;   0.0;   0;    9.683;   0;   0.6;   4.5;  990.82;    3.7;   59.58;   15.5;   -3.6;   -5.5;eor
       3946;20190226;   10;   7.1;   1.2;    3;   0.0;   0;    6.350;   0;   4.1;   4.9;  987.03;    4.5;   64.29;   14.6;   -1.7;   -3.5;eor
       3946;20190227;   10;   5.0;   1.4;    3;   0.0;   0;    9.900;   0;   0.0;   5.5;  980.37;    6.4;   60.54;   17.8;   -2.5;   -4.2;eor
       3946;20190228;   10;  10.0;   3.2;    3;   0.6;   6;    8.517;   0;   3.0;   6.3;  968.66;    8.9;   55.29;   14.2;    2.6;   -0.8;eor
       3946;20190301;   10;   9.8;   2.9;    3;   1.2;   6;    0.783;   0;   7.6;   8.3;  966.52;    7.2;   82.33;   10.4;    1.6;    1.5;eor
       3946;20190302;   10;   7.6;   1.8;    3;   0.5;   6;    0.000;   0;   7.9;   7.1;  969.67;    3.5;   89.75;    6.6;    1.3;    1.3;eor
       3946;20190303;   10;  12.5;   4.6;    3;   0.0;   6;    0.000;   0;   7.8;   8.2;  964.67;    8.4;   74.58;    9.8;    6.5;    5.8;eor
       3946;20190304;   10;  21.9;   5.6;    3;   2.2;   6;    2.250;   0;   6.3;   7.0;  953.58;    8.5;   64.25;   13.4;    2.4;    0.8;eor
       3946;20190305;   10;  16.0;   4.5;    3;   1.3;   6;    1.750;   0;   6.1;   6.4;  961.05;    4.0;   79.25;    7.0;    1.2;   -1.9;eor
       3946;20190306;   10;  12.3;   3.6;    3;   0.0;   6;    5.567;   0;   5.5;   7.1;  962.60;    6.0;   76.46;   11.9;    0.1;   -2.6;eor
       3946;20190307;   10;  15.8;   5.3;    3;   0.1;   6;    3.333;   0;   5.6;   7.2;  955.44;    8.7;   64.17;   13.0;    5.4;    4.2;eor
       3946;20190308;   10;  16.7;   5.0;    3;   0.0;   6;    1.400;   0;   6.4;   6.6;  965.28;    6.0;   71.13;    8.3;    3.2;    1.2;eor
       3946;20190309;   10;  22.8;   5.4;    3;   5.6;   8;    1.517;   0;   6.9;   7.3;  965.49;    6.1;   76.75;    9.4;    3.6;    2.3;eor
       3946;20190310;   10;  23.6;   4.7;    3;   6.3;   8;    2.200;   0;   6.7;   7.7;  960.62;    6.6;   78.17;   11.6;    0.8;    0.1;eor
       3946;20190311;   10;  15.7;   3.9;    3;   2.1;   8;    1.517;   0;   6.5;   5.6;  968.07;    2.1;   78.96;    4.5;    0.5;   -0.4;eor
       3946;20190312;   10;  14.6;   4.2;    3;   0.0;   8;    4.000;   0;   7.3;   5.4;  971.05;    4.1;   67.13;    8.0;    1.1;    0.2;eor
       3946;20190313;   10;  14.4;   5.2;    3;   0.3;   8;    2.667;   0;   6.9;   5.9;  960.79;    4.8;   69.08;    7.6;    2.4;    1.4;eor
       3946;20190314;   10;  13.3;   5.0;    3;   1.2;   6;    0.117;   0;   7.5;   6.6;  957.42;    4.0;   81.13;    6.1;    2.6;    2.2;eor
       3946;20190315;   10;  15.3;   4.3;    3;   9.8;   6;    0.017;   0;   7.3;   8.0;  958.33;    6.4;   81.67;   10.1;    3.9;    3.3;eor
       3946;20190316;   10;  14.6;   4.2;    3;   1.9;   6;    0.000;   0;   6.6;   8.1;  962.67;    6.9;   81.63;    9.6;    4.4;    3.7;eor
       3946;20190317;   10;  16.4;   4.7;    3;   1.1;   8;    6.150;   0;   4.9;   7.2;  958.94;    8.0;   68.25;   14.5;    2.5;    1.9;eor
       3946;20190318;   10;  12.3;   3.6;    3;   1.5;   8;    2.833;   0;   5.9;   5.8;  969.75;    2.8;   78.42;    6.9;    0.1;   -1.4;eor
       3946;20190319;   10;   8.0;   2.2;    3;   0.0;   0;    3.417;   0;   5.5;   5.1;  980.09;    2.3;   71.92;    7.1;   -2.5;   -4.4;eor
       3946;20190320;   10;   5.4;   1.4;    3;   0.0;   0;   11.283;   0;   1.3;   4.7;  986.70;    3.9;   62.75;   11.5;   -2.9;   -5.0;eor
       3946;20190321;   10;   4.8;   1.2;    3;   0.0;   0;   11.350;   0;   0.2;   6.1;  987.35;    6.2;   66.83;   15.5;   -2.6;   -4.4;eor
       3946;20190322;   10;   5.2;   1.3;    3;   0.0;   0;   10.267;   0;   1.6;   8.1;  984.40;    8.6;   74.54;   18.1;   -0.1;   -1.6;eor
       3946;20190323;   10;  10.6;   2.4;    3;   0.0;   0;   10.900;   0;   1.3;   8.2;  980.86;    9.9;   71.96;   19.4;    2.4;    0.0;eor
       3946;20190324;   10;   5.4;   2.1;    3;   0.0;   6;    0.000;   0;   7.9;   8.8;  977.72;    6.8;   89.04;    8.2;    3.3;    1.8;eor
       3946;20190325;   10;  17.4;   3.2;    3;   3.7;   8;    2.000;   0;   6.3;   6.1;  971.92;    3.0;   81.38;    8.3;    0.2;   -1.9;eor
       3946;20190326;   10;  13.6;   3.3;    3;   1.4;   6;    0.617;   0;   7.8;   6.2;  980.03;    3.7;   79.04;    7.5;    1.7;    1.3;eor
       3946;20190327;   10;   7.1;   2.4;    3;   1.2;   6;    0.083;   0;   7.6;   7.0;  984.12;    5.2;   79.58;    8.0;    2.4;    2.3;eor
       3946;20190328;   10;   5.3;   1.6;    3;   3.2;   6;    0.000;   0;   7.8;   9.2;  986.62;    6.5;   94.54;    8.4;    4.4;    4.2;eor
       3946;20190329;   10;   5.5;   1.2;    3;   0.0;   0;    7.333;   0;   4.5;   8.7;  984.72;    8.8;   78.67;   14.8;    2.0;   -0.1;eor
       3946;20190330;   10;   6.7;   2.0;    3;   0.0;   0;   11.583;   0;   1.1;   6.9;  977.45;    8.5;   67.21;   17.6;   -0.6;   -2.6;eor
       3946;20190331;   10;  11.0;   2.9;    3;   0.0;   0;    5.783;   0;   6.8;   7.7;  975.99;    7.4;   75.29;   13.8;    2.6;    0.7;eor
       3946;20190401;   10;   8.1;   2.1;    3;   0.0;   0;    7.817;   0;   3.5;   6.1;  975.60;    6.5;   64.08;   13.7;    0.6;   -2.2;eor
       3946;20190402;   10;  10.6;   2.8;    3;   0.0;   0;   10.667;   0;   2.5;   6.4;  965.68;    9.7;   53.17;   17.3;    0.5;   -2.4;eor
       3946;20190403;   10;   7.0;   1.9;    3;   0.0;   6;    3.333;   0;   6.3;   8.5;  957.03;   11.3;   65.00;   18.0;    5.5;    3.6;eor
       3946;20190404;   10;   9.0;   2.5;    3;   0.5;   6;    9.183;   0;   4.1;   8.9;  952.59;   10.1;   73.29;   17.7;    2.1;    0.4;eor
       3946;20190405;   10;   6.8;   1.9;    3;   0.0;   0;    0.167;   0;   6.4;   9.8;  958.80;    8.8;   86.42;   12.5;    4.5;    2.3;eor
       3946;20190406;   10;   9.2;   2.0;    3;   0.0;   6;    6.100;   0;  -999;   8.8;  960.16;   10.4;   73.25;   18.2;    3.0;    2.2;eor
       3946;20190407;   10;   9.1;   1.8;    3;   0.0;   0;    8.283;   0;   2.2;   7.5;  960.75;    9.2;   67.50;   17.4;    0.8;   -1.4;eor
       3946;20190408;   10;   7.9;   1.6;    3;   0.0;   0;    2.100;   0;   6.9;   8.5;  963.41;   10.4;   70.08;   17.2;    2.5;    0.9;eor
       3946;20190409;   10;   9.6;   3.1;    3;   0.0;   0;    0.000;   0;   6.9;   8.0;  965.92;    6.5;   82.50;    9.3;    4.0;    2.2;eor
       3946;20190410;   10;  11.1;   3.9;    3;   0.0;   0;    6.967;   0;   4.7;   5.5;  968.13;    4.8;   65.00;    9.6;    0.8;   -1.2;eor
       3946;20190411;   10;  12.2;   3.5;    3;   0.0;   0;    8.533;   0;   2.8;   4.3;  974.29;    1.7;   63.13;    7.0;   -3.1;   -5.7;eor
       3946;20190412;   10;   9.1;   2.4;    3;   0.0;   7;    0.017;   0;   6.7;   4.2;  976.14;    0.0;   68.96;    3.6;   -4.9;   -6.6;eor
       3946;20190413;   10;   7.8;   2.4;    3;   0.0;   0;    5.800;   0;   5.0;   4.8;  974.60;    1.6;   71.04;    7.0;   -2.5;   -5.0;eor
       3946;20190414;   10;   7.3;   2.4;    3;   0.9;   8;    0.000;   0;  -999;   5.9;  975.88;    0.2;   93.71;    2.8;   -4.0;   -6.2;eor
       3946;20190415;   10;   9.6;   3.0;    3;   0.0;   0;    9.733;   0;   3.0;   6.3;  977.83;    6.6;   68.33;   13.2;    0.3;   -1.6;eor
       3946;20190416;   10;-999;-999;    3;   0.0;   0;   12.600;-999;  -999;  -999;    -999;    8.0;-999;   16.0;   -0.5;   -4.0;eor
       3946;20190417;   10;   8.6;-999;    3;   0.0;   0;   12.500;-999;  -999;  -999;    -999;   10.0;-999;   18.5;    1.5;   -3.0;eor
       3946;20190418;   10;  11.2;   2.3;    3;   0.0;   0;   12.983;   0;   0.0;   6.1;  981.20;   11.0;   52.71;   19.4;    0.2;   -1.6;eor
       3946;20190419;   10;   9.9;   2.0;    3;   0.0;   0;   13.100;   0;   0.0;   5.9;  983.75;   12.1;   49.25;   22.2;    0.4;   -1.5;eor
       3946;20190420;   10;   8.1;   1.8;    3;   0.0;   0;   13.117;   0;   0.2;   6.4;  982.59;   11.8;   51.63;   21.2;    0.7;   -1.3;eor
       3946;20190421;   10;   8.2;   1.8;    3;   0.0;   0;   13.150;   0;   0.0;   6.6;  975.64;   11.9;   52.71;   21.3;    1.3;   -0.9;eor
       3946;20190422;   10;  15.8;   3.0;    3;   0.0;   0;   13.233;   0;   0.1;   6.5;  967.14;   11.9;   51.25;   20.6;    0.8;   -0.8;eor
       3946;20190423;   10;  13.9;   3.7;    3;   0.0;   0;   10.517;   0;   3.1;   8.6;  959.05;   13.2;   57.33;   19.0;    6.9;    3.5;eor
       3946;20190424;   10;  15.2;   3.8;    3;   0.0;   6;   10.700;   0;   3.7;  10.4;  959.79;   16.2;   57.63;   24.1;    9.7;    7.8;eor
       3946;20190425;   10;  12.5;   2.3;    3;   0.0;   0;   10.950;   0;   3.2;   8.1;  965.07;   16.4;   47.21;   24.7;    5.6;    2.6;eor
       3946;20190426;   10;   9.3;   2.8;    3;   7.1;   6;    6.267;   0;   5.8;  10.0;  965.53;   12.7;   69.92;   19.8;    6.8;    5.1;eor
       3946;20190427;   10;  11.5;   2.6;    3;   7.9;   6;    2.617;   0;   6.8;   9.5;  968.57;    9.4;   82.67;   16.6;    4.6;    3.6;eor
       3946;20190428;   10;   7.1;   2.1;    3;   0.7;   6;    2.183;   0;   6.6;   8.0;  972.50;    6.5;   83.13;   11.4;    3.3;    1.8;eor
       3946;20190429;   10;   8.2;   2.6;    3;  11.8;   6;    0.000;   0;   7.7;   9.2;  972.88;    6.5;   94.71;    9.1;    3.0;    1.9;eor
       3946;20190430;   10;  10.4;   3.5;    3;   0.0;   0;   12.967;   0;   1.8;   7.2;  971.99;    8.3;   68.38;   13.8;    2.6;    0.5;eor
       3946;20190501;   10;   8.5;   2.1;    3;   0.0;   6;    4.750;-999;   5.7;   8.4;  968.74;   10.7;   68.25;   18.5;    1.1;   -0.9;eor
       3946;20190502;   10;   9.2;   2.0;    3;   0.1;   6;    6.483;-999;   4.3;   9.2;  962.56;   11.4;   71.00;   19.1;    4.6;    2.5;eor
       3946;20190503;   10;  10.0;   2.1;    3;   2.8;   6;    0.033;-999;   7.5;   7.4;  963.56;    6.7;   75.67;   10.0;    1.1;   -0.9;eor
       3946;20190504;   10;   9.7;   1.9;    3;   9.0;   8;    0.533;-999;   6.8;   6.6;  961.78;    2.3;   91.17;    4.6;   -0.6;   -1.6;eor
       3946;20190505;   10;   8.2;   2.1;    3;   0.2;   8;    1.350;-999;   7.0;   5.8;  970.05;    3.9;   73.29;    8.2;   -0.2;   -1.3;eor
       3946;20190506;   10;  11.6;   2.3;    3;   0.0;   6;    2.300;-999;   7.2;   5.8;  972.45;    4.9;   68.17;    9.7;    0.4;   -2.4;eor
       3946;20190507;   10;   5.7;   1.3;    3;   0.0;   6;    1.150;-999;   6.7;   6.4;  971.55;    6.0;   69.96;   10.6;   -0.5;   -3.2;eor
       3946;20190508;   10;  11.9;   3.4;    3;   0.0;   6;    4.367;-999;   6.9;   8.1;  961.10;    9.4;   69.96;   16.5;    0.4;   -1.9;eor
       3946;20190509;   10;  10.7;   3.2;    3;   1.7;   6;    4.483;-999;   7.0;   9.6;  956.15;   11.4;   72.25;   16.8;    9.0;    8.4;eor
       3946;20190510;   10;  11.7;   2.4;    3;   1.1;   6;    4.267;-999;   6.3;   9.2;  963.81;   10.9;   72.46;   16.0;    5.9;    4.6;eor
       3946;20190511;   10;  12.8;   2.5;    3;  14.8;   6;    0.683;-999;   7.6;  10.4;  965.92;    8.5;   93.00;   14.4;    4.9;    3.3;eor
       3946;20190512;   10;  12.8;   5.2;    3;   0.0;   6;    5.567;-999;   7.3;   7.2;  981.24;    8.0;   69.71;   12.7;    4.8;    4.5;eor
       3946;20190513;   10;  11.3;   3.1;    3;   0.0;   0;   11.767;-999;   3.0;   6.0;  987.88;    7.5;   59.75;   12.6;    1.6;   -0.1;eor
       3946;20190514;   10;  17.9;   2.9;    3;   1.0;   6;    6.817;-999;   4.3;   6.4;  983.29;    5.8;   70.38;   11.1;    0.8;   -0.6;eor
       3946;20190515;   10;   9.6;   2.5;    3;   2.2;   6;    0.000;-999;   6.2;   6.5;  977.69;    4.0;   79.67;    7.1;   -1.3;   -2.8;eor
       3946;20190516;   10;   6.2;   1.3;    3;   2.0;   6;    0.000;-999;   8.0;   8.5;  969.55;    5.7;   92.13;    6.8;    4.4;    4.2;eor
       3946;20190517;   10;   8.2;   1.6;    3;   0.0;   0;    3.750;-999;   5.6;   9.3;  963.94;   10.6;   75.21;   17.8;    4.4;    2.7;eor
       3946;20190518;   10;   7.6;   1.9;    3;   0.0;   0;   13.350;-999;   1.9;  10.1;  961.23;   12.5;   71.83;   21.1;    2.2;    0.9;eor
       3946;20190519;   10;  12.1;   1.8;    3;   4.3;   6;    9.733;-999;   4.3;  11.8;  958.92;   14.3;   76.08;   23.3;    5.8;    4.5;eor
       3946;20190520;   10;   6.2;   1.3;    3;   6.0;   6;    0.133;-999;   7.3;  14.0;  956.90;   13.6;   90.58;   17.9;    9.7;    9.0;eor
       3946;20190521;   10;  11.2;   2.3;    3;   0.4;   6;    1.933;-999;   7.7;  14.0;  960.27;   14.5;   85.17;   17.9;   10.7;    9.9;eor
       3946;20190522;   10;  12.1;   4.3;    3;   0.0;   0;    0.600;-999;   7.9;  11.8;  969.84;   12.0;   83.63;   14.4;    8.1;    6.0;eor
       3946;20190523;   10;   8.4;   2.0;    3;   0.0;   0;   11.233;-999;   4.3;   9.7;  972.76;   12.8;   68.33;   19.4;    5.6;    4.4;eor
       3946;20190524;   10;   6.3;   1.7;    3;   0.0;   0;    8.567;-999;   5.0;  10.3;  969.47;   14.7;   64.88;   22.6;    6.5;    4.3;eor
       3946;20190525;   10;   6.3;   1.5;    3;   0.7;   6;    7.483;-999;   4.5;  11.7;  969.58;   13.3;   77.13;   18.9;    6.8;    4.9;eor
       3946;20190526;   10;  11.5;   2.3;    3;   0.0;   0;   12.867;-999;   4.2;  10.8;  968.96;   15.0;   66.04;   21.6;    7.1;    5.5;eor
       3946;20190527;   10;   9.0;   2.5;    3;   5.3;   6;    6.400;-999;   5.8;  12.6;  963.88;   15.8;   71.17;   21.3;    9.4;    6.8;eor
       3946;20190528;   10;   8.9;   1.9;    3;   5.7;   6;    0.633;-999;   7.3;  12.1;  962.34;   12.2;   85.46;   16.0;    9.8;    9.7;eor
       3946;20190529;   10;  10.3;   2.9;    3;   0.1;   6;    3.500;-999;   5.9;   9.0;  974.27;    9.9;   75.63;   15.2;    3.8;    1.5;eor
       3946;20190530;   10;   7.1;   1.6;    3;   0.2;   6;   11.883;-999;   3.2;   8.6;  979.02;   13.1;   60.79;   20.6;    1.3;   -0.7;eor
       3946;20190531;   10;   5.2;   1.4;    3;   0.0;   6;    2.267;-999;   7.0;  14.0;  978.91;   16.8;   73.67;   21.5;   11.7;    9.4;eor
       3946;20190601;   10;   5.5;   1.4;    3;   0.0;   0;   13.300;-999;   1.7;  13.9;  976.75;   19.0;   67.04;   26.4;    9.8;    7.8;eor
       3946;20190602;   10;   5.9;   1.7;    3;   0.0;   0;   14.717;-999;   0.7;  13.5;  972.83;   21.2;   58.13;   29.4;   10.8;    8.5;eor
       3946;20190603;   10;  13.4;   2.2;    3;   0.0;   0;   12.900;-999;   1.9;  12.6;  969.87;   22.2;   52.46;   30.5;   11.4;    9.6;eor
       3946;20190604;   10;   6.1;   1.6;    3;   0.0;   0;   13.500;-999;   1.2;  14.3;  967.45;   21.6;   59.25;   29.8;   13.1;   11.2;eor
       3946;20190605;   10;   6.7;   1.6;    3;   0.1;   6;   10.350;-999;   1.3;  15.0;  963.31;   22.1;   59.88;   30.3;   13.0;   11.1;eor
       3946;20190606;   10;   9.5;   2.6;    3;   6.7;   6;    5.183;-999;   4.8;  15.0;  965.32;   17.2;   77.04;   24.4;   10.4;    9.3;eor
       3946;20190607;   10;  11.4;   2.0;    3;   0.0;   6;    6.783;-999;   4.3;  14.3;  968.49;   16.5;   78.08;   24.9;    8.3;    7.3;eor
       3946;20190608;   10;  13.3;   3.2;    3;   0.0;   6;    8.733;-999;   4.3;   9.4;  976.36;   15.2;   56.58;   21.1;    7.4;    5.3;eor
       3946;20190609;   10;   7.1;   1.6;    3;   0.1;   6;   11.150;-999;   4.1;  11.0;  976.77;   17.0;   59.29;   25.6;    5.6;    3.5;eor
       3946;20190610;   10;   9.3;   1.5;    3;   0.1;   6;    4.583;-999;   6.7;  15.3;  968.18;   20.0;   66.96;   27.0;   14.6;   13.4;eor
       3946;20190611;   10;   9.9;   2.2;    3;   0.6;   6;    6.733;-999;   5.7;  16.4;  964.78;   19.4;   73.88;   25.4;   13.7;   12.8;eor
       3946;20190612;   10;  11.1;   2.3;    3;   1.5;   6;    3.917;-999;   6.9;  17.6;  964.45;   18.5;   83.08;   26.4;   13.2;   13.0;eor
       3946;20190613;   10;   6.6;   1.6;    3;   0.0;   0;   12.000;-999;   3.0;  13.2;  969.95;   18.0;   67.67;   24.3;   12.1;   10.2;eor
       3946;20190614;   10;  10.0;   1.8;    3;   0.0;   6;   10.700;-999;   3.5;  13.7;  971.26;   21.1;   59.79;   29.9;    9.4;    7.4;eor
       3946;20190615;   10;  10.1;   3.0;    3;   1.8;   6;   12.000;-999;   3.6;  16.1;  967.43;   22.9;   58.71;   28.3;   17.2;   15.8;eor
       3946;20190616;   10;   6.5;   1.8;    3;   0.2;   6;    1.683;-999;   7.6;  14.1;  975.00;   17.3;   71.75;   21.4;   13.7;   12.3;eor
       3946;20190617;   10;   7.0;   1.7;    3;   0.0;   0;    9.850;-999;   3.8;  12.9;  975.44;   19.1;   62.38;   25.6;   11.1;    9.8;eor
       3946;20190618;   10;   7.6;   1.7;    3;   0.0;   0;   12.433;-999;   2.4;  13.1;  970.88;   21.1;   55.79;   28.5;   10.4;    9.0;eor
       3946;20190619;   10;  10.2;   2.6;    3;   0.4;   6;   12.350;-999;   4.3;  14.3;  965.75;   24.6;   49.42;   32.2;   15.8;   14.5;eor
       3946;20190620;   10;   9.0;   2.6;    3;   0.0;   0;    7.317;-999;   4.3;  15.0;  967.13;   21.1;   61.46;   27.1;   14.4;   12.6;eor
       3946;20190621;   10;  14.4;   1.6;    3;   3.3;   6;    5.567;-999;   5.8;  14.9;  972.40;   17.9;   73.79;   23.5;   13.6;   11.5;eor
       3946;20190622;   10;   9.5;   1.9;    3;   3.6;   6;    3.617;-999;   6.0;  15.9;  974.11;   17.4;   81.00;   24.2;   11.4;   10.3;eor
       3946;20190623;   10;   8.5;   2.4;    3;   0.0;   0;    8.283;-999;   4.8;  15.1;  974.72;   20.5;   64.17;   26.6;   14.4;   12.7;eor
       3946;20190624;   10;   7.5;   1.8;    3;   0.0;   0;   15.333;-999;   0.0;  13.7;  977.05;   21.5;   57.92;   29.0;   11.9;   10.5;eor
       3946;20190625;   10;   7.1;   1.8;    3;   0.0;   0;   15.233;-999;   1.0;  14.9;  976.40;   24.4;   52.75;   33.2;   12.5;   10.9;eor
       3946;20190626;   10;   8.0;   2.3;    3;   0.0;   0;   14.650;-999;   0.3;  17.9;  976.95;   27.7;   52.71;   37.1;   15.7;   14.4;eor
       3946;20190627;   10;   9.6;   3.6;    3;   0.0;   0;   14.867;-999;   0.5;  12.4;  978.42;   22.2;   48.92;   28.6;   14.9;   13.4;eor
       3946;20190628;   10;   7.4;   2.5;    3;   0.0;   0;   10.650;-999;   2.1;  11.2;  978.65;   17.2;   59.13;   23.6;   10.5;    9.0;eor
       3946;20190629;   10;   7.6;   1.6;    3;   0.0;   0;   15.317;-999;   0.1;  10.6;  975.61;   21.0;   49.13;   31.6;    8.2;    6.3;eor
       3946;20190630;   10;   9.1;   2.3;    3;   0.0;   0;   15.133;-999;   0.1;  11.7;  970.52;   25.9;   41.54;   36.1;   11.5;    9.6;eor
       3946;20190701;   10;  13.4;   2.5;    3;   0.0;   6;    9.800;-999;   4.0;  15.7;  970.05;   24.4;   52.54;   32.0;   16.5;   13.8;eor
       3946;20190702;   10;  10.2;   3.3;    3;   0.0;   0;   12.667;-999;   2.8;  10.1;  974.77;   18.7;   47.96;   24.7;   10.7;    8.9;eor
       3946;20190703;   10;   9.0;   2.2;    3;   0.0;   0;   13.767;-999;   1.1;   8.6;  976.94;   15.5;   51.33;   23.2;    6.5;    5.0;eor
       3946;20190704;   10;   8.0;   1.8;    3;   0.0;   0;   14.267;-999;   1.7;   8.2;  976.46;   16.1;   49.13;   24.4;    6.0;    4.9;eor
       3946;20190705;   10;   9.6;   2.4;    3;   0.0;   0;    5.483;-999;   6.1;   9.9;  970.93;   19.0;   47.71;   28.0;   11.2;   10.5;eor
       3946;20190706;   10;  11.6;   2.7;    3;   1.0;   6;    9.233;-999;   6.7;  10.8;  965.24;   21.7;   45.63;   29.6;   11.3;    9.7;eor
       3946;20190707;   10;  12.4;   2.8;    3;   0.3;   6;    3.267;-999;   6.2;  10.8;  966.95;   14.6;   66.42;   21.4;    7.7;    6.3;eor
       3946;20190708;   10;  12.6;   2.8;    3;   0.0;   0;    7.267;-999;   6.0;   8.4;  971.30;   13.9;   55.33;   20.3;    7.7;    6.9;eor
       3946;20190709;   10;  10.4;   2.6;    3;   0.0;   0;    0.967;-999;   7.5;   8.8;  972.76;   13.0;   60.83;   19.0;    7.2;    5.9;eor
       3946;20190710;   10;   9.0;   2.1;    3;   0.0;   6;    8.167;-999;   6.4;   9.0;  972.69;   15.4;   54.13;   22.9;    7.3;    5.9;eor
       3946;20190711;   10;   7.1;   1.6;    3;   3.0;   6;    0.283;-999;   7.7;  12.4;  968.88;   16.2;   68.00;   20.9;   12.7;   11.1;eor
       3946;20190712;   10;  13.4;   1.7;    3;  11.1;   6;    2.600;-999;   7.3;  14.8;  966.51;   15.2;   86.21;   22.2;   11.9;   11.5;eor
       3946;20190713;   10;   9.8;   2.8;    3;   4.3;   6;    2.750;-999;   7.1;  14.5;  968.72;   15.8;   81.67;   21.5;   12.2;   12.2;eor
       3946;20190714;   10;   6.9;   1.8;    3;   0.7;   6;    0.117;-999;   7.6;  13.8;  971.65;   13.6;   88.63;   16.6;   11.9;   10.3;eor
       3946;20190715;   10;   6.5;   2.0;    3;   0.0;   0;    4.600;-999;   5.0;  12.7;  971.63;   15.4;   74.33;   20.9;   11.4;    9.8;eor
       3946;20190716;   10;   8.7;   2.7;    3;   0.0;   0;    7.650;-999;   5.2;  11.8;  971.29;   15.3;   68.58;   21.8;   11.7;   11.4;eor
       3946;20190717;   10;   6.8;   1.8;    3;   0.0;   0;    7.483;-999;   4.5;  12.8;  969.55;   15.8;   72.13;   20.8;   10.2;    9.3;eor
       3946;20190718;   10;   8.6;   1.7;    3;   0.2;   6;    9.717;-999;   4.1;  11.6;  967.53;   18.6;   59.46;   27.5;    9.2;    7.7;eor
       3946;20190719;   10;   6.9;   1.7;    3;   2.4;   6;    0.200;-999;   7.0;  16.3;  970.08;   17.4;   81.92;   22.2;   14.2;   12.5;eor
       3946;20190720;   10;  12.4;   2.2;    3;   2.7;   6;   10.600;-999;   5.0;  15.2;  969.63;   22.3;   61.38;   30.9;   11.9;   10.9;eor
       3946;20190721;   10;   8.4;   1.9;    3;  13.3;   8;    5.783;-999;   5.1;  16.0;  974.43;   20.2;   69.63;   27.1;   14.4;   12.6;eor
       3946;20190722;   10;   7.1;   1.6;    3;   0.0;   0;   10.817;-999;   4.3;  13.8;  978.05;   20.5;   61.83;   28.1;   11.8;   10.5;eor
       3946;20190723;   10;   7.6;   1.7;    3;   0.0;   0;   14.617;-999;   0.7;  14.0;  976.65;   22.6;   55.46;   30.9;   13.2;   11.9;eor
       3946;20190724;   10;   7.2;   1.7;    3;   0.0;   0;   14.500;-999;   0.0;  13.8;  972.99;   24.9;   49.75;   33.5;   13.5;   11.9;eor
       3946;20190725;   10;   9.8;   1.8;    3;   0.0;   0;   13.983;-999;   0.2;  13.7;  972.13;   25.8;   46.54;   34.5;   15.8;   14.2;eor
       3946;20190726;   10;   9.9;   2.6;    3;   0.0;   0;   13.933;-999;   1.4;  14.0;  966.92;   23.9;   50.58;   31.9;   14.6;   13.1;eor
       3946;20190727;   10;   8.2;   1.6;    3;   0.0;   0;    8.600;-999;   3.2;  14.8;  959.32;   21.7;   59.29;   30.3;   13.1;   11.7;eor
       3946;20190728;   10;   8.3;   1.6;    3;   0.0;   0;    5.717;-999;   7.2;  17.3;  957.05;   21.9;   67.42;   28.8;   16.4;   15.7;eor
       3946;20190729;   10;   7.1;   2.2;    3;   0.0;   0;    1.500;-999;   6.4;  18.8;  964.42;   21.8;   72.71;   27.0;   16.6;   15.7;eor
       3946;20190730;   10;   5.1;   1.4;    3;   0.1;   6;    0.783;-999;   7.2;  17.8;  967.62;   22.3;   67.38;   27.8;   16.9;   14.8;eor
       3946;20190731;   10;  10.9;   1.6;    3;   4.7;   6;    4.000;-999;   3.8;  16.4;  970.77;   18.1;   79.75;   23.6;   13.2;   11.2;eor
       3946;20190801;   10;   7.5;   1.5;    3;   0.0;   0;    7.433;-999;   4.0;  12.3;  971.88;   18.0;   64.04;   25.5;   10.5;    8.9;eor
       3946;20190802;   10;  11.5;   1.4;    3;   0.0;   6;    1.867;-999;   6.8;  12.5;  969.60;   17.4;   66.42;   25.0;   10.7;    9.4;eor
       3946;20190803;   10;  12.3;   1.5;    3;   3.9;   6;    3.083;-999;   7.1;  14.8;  969.89;   16.1;   82.04;   23.2;   12.3;   10.6;eor
       3946;20190804;   10;   5.9;   1.3;    3;   0.0;   0;    8.550;-999;   3.8;  13.9;  971.04;   18.2;   70.38;   25.8;   11.5;   10.2;eor
       3946;20190805;   10;   9.9;   1.8;    3;   0.1;   6;    2.083;-999;   6.9;  14.4;  968.02;   19.1;   67.58;   24.8;   11.7;   10.3;eor
       3946;20190806;   10;  10.0;   2.2;    3;   1.9;   6;    5.467;-999;   6.3;  16.3;  966.62;   20.0;   71.17;   27.2;   14.6;   13.3;eor
       3946;20190807;   10;   6.9;   1.9;    3;   7.8;   6;    0.683;-999;   6.3;  18.0;  964.34;   17.1;   92.21;   22.2;   13.4;   12.2;eor
       3946;20190808;   10;  10.5;   2.6;    3;   0.0;   0;    8.517;-999;   3.6;  14.2;  967.94;   18.5;   69.88;   24.8;   13.2;   11.1;eor
       3946;20190809;   10;   8.3;   1.9;    3;   2.8;   6;    9.017;-999;   5.1;  15.1;  967.39;   21.6;   62.29;   29.9;   10.9;    9.6;eor
       3946;20190810;   10;  11.0;   3.2;    3;   0.1;   6;    1.667;-999;   6.0;  17.5;  969.06;   20.6;   72.96;   24.7;   14.6;   11.7;eor
       3946;20190811;   10;   9.2;   2.0;    3;   2.1;   6;   11.000;-999;   3.3;  14.1;  970.93;   20.6;   63.17;   28.2;   13.0;   10.4;eor
       3946;20190812;   10;   6.1;   1.6;    3;   0.0;   0;    2.217;-999;   7.3;  13.7;  970.80;   17.4;   69.71;   21.3;   14.7;   13.5;eor
       3946;20190813;   10;  10.8;   2.7;    3;   0.0;   0;    9.250;-999;   4.9;  11.1;  971.86;   16.5;   61.17;   22.2;   10.1;    8.4;eor
       3946;20190814;   10;  10.4;   1.7;    3;   0.0;   0;    5.850;-999;   4.5;   9.5;  972.60;   14.7;   60.29;   21.8;    8.2;    6.2;eor
       3946;20190815;   10;  11.7;   2.8;    3;   0.6;   6;    3.600;-999;   5.5;  12.5;  969.18;   14.9;   73.67;   21.0;    6.0;    4.7;eor
       3946;20190816;   10;   8.0;   1.9;    3;   0.0;   0;    3.000;-999;   6.3;  12.4;  971.63;   16.9;   66.21;   22.8;   10.1;    7.8;eor
       3946;20190817;   10;  10.8;   3.1;    3;   0.7;   6;    0.150;-999;   7.4;  13.2;  968.13;   18.0;   64.42;   23.6;    9.6;    7.7;eor
       3946;20190818;   10;  14.6;   3.6;    3;   4.7;   6;    8.900;-999;   5.3;  16.5;  964.81;   22.2;   65.21;   30.6;   15.6;   14.6;eor
       3946;20190819;   10;   7.4;   1.6;    3;   0.4;   6;    5.333;-999;   6.4;  14.8;  971.47;   18.9;   70.33;   24.8;   13.0;   11.9;eor
       3946;20190820;   10;   7.2;   1.6;    3;   8.6;   6;    1.667;-999;   6.3;  13.3;  976.81;   16.0;   76.00;   23.2;   11.5;    9.6;eor
       3946;20190821;   10;   6.0;   1.5;    3;   0.0;   0;   10.583;-999;  -999;  11.9;  982.17;   15.9;   68.79;   22.2;   10.1;    9.2;eor
       3946;20190822;   10;-999;   1.6;    3;   0.0;   0;   12.717;-999;  -999;  10.4;  981.08;   16.5;   61.08;   25.3;    7.1;    5.8;eor
       3946;20190823;   10;   6.9;   1.7;    3;   0.0;   0;   13.083;-999;   0.0;  11.4;  980.09;   17.9;   60.54;   26.9;    8.4;    6.4;eor
       3946;20190824;   10;   7.0;   1.6;    3;   0.0;   0;    8.567;-999;   3.4;  14.5;  976.79;   18.7;   68.96;   26.9;    8.7;    7.5;eor
       3946;20190825;   10;   7.5;   1.3;    3;   0.0;   0;    9.017;-999;   1.5;  16.2;  974.55;   21.7;   66.63;   31.5;   13.5;   12.2;eor
       3946;20190826;   10;   9.7;   1.3;    3;   0.7;   6;    7.867;-999;   2.6;  17.0;  974.26;   20.4;   73.71;   31.2;   13.8;   12.6;eor
       3946;20190827;   10;  14.5;   1.7;    3;  11.3;   8;    7.250;-999;   5.1;  17.4;  972.71;   20.6;   76.08;   30.8;   13.9;   12.8;eor
       3946;20190828;   10;   7.5;   1.6;    3;   0.0;   0;    7.833;-999;   6.2;  17.1;  971.35;   22.5;   66.75;   30.9;   14.6;   13.7;eor
       3946;20190829;   10;  13.5;   1.6;    3;   0.1;   6;    6.250;-999;   7.7;  17.2;  973.72;   20.9;   71.38;   29.2;   15.5;   13.8;eor
       3946;20190830;   10;  16.5;   1.3;    3;  10.0;   8;    6.317;-999;   4.3;  19.2;  976.53;   20.3;   82.50;   29.6;   15.1;   14.0;eor
       3946;20190831;   10;   7.8;   1.6;    3;   0.0;   0;   11.983;-999;   0.6;  16.3;  971.04;   22.3;   65.83;   30.6;   14.7;   13.4;eor
       3946;20190901;   10;  12.5;   2.4;    3;   0.3;   6;    6.617;-999;   6.3;  16.2;  967.77;   20.1;   69.75;   27.8;   14.4;   13.0;eor
       3946;20190902;   10;   8.5;   2.5;    3;   0.0;   0;    8.367;-999;   3.8;   9.8;  976.02;   14.8;   60.13;   21.1;    7.1;    4.8;eor
       3946;20190903;   10;   8.6;   1.9;    3;   0.0;   0;   12.083;-999;   2.0;   8.1;  978.00;   14.3;   55.42;   22.9;    4.1;    2.4;eor
       3946;20190904;   10;   8.8;   2.2;    3;   0.4;   6;   12.417;-999;   0.7;   9.2;  971.74;   16.7;   53.21;   26.3;    6.4;    4.6;eor
       3946;20190905;   10;  10.5;   2.4;    3;   0.1;   6;    3.767;-999;   6.0;  10.3;  972.18;   14.9;   62.75;   21.3;    9.8;    7.7;eor
       3946;20190906;   10;   5.6;   1.4;    3;   0.2;   6;    8.117;-999;   6.7;   9.0;  977.18;   13.3;   62.21;   19.2;    5.5;    4.1;eor
       3946;20190907;   10;   6.4;   1.8;    3;   1.4;   6;    0.283;-999;   7.9;  11.3;  972.89;   13.5;   74.08;   16.9;   10.6;   10.5;eor
       3946;20190908;   10;   6.9;   1.3;    3;  21.4;   6;    0.500;-999;   7.5;  11.8;  971.43;   11.8;   86.21;   15.7;    8.8;    7.4;eor
       3946;20190909;   10;  10.0;   3.1;    3;  24.6;   6;    0.000;-999;   7.4;  12.1;  967.26;   10.6;   94.79;   11.3;    8.9;    7.7;eor
       3946;20190910;   10;   6.3;   1.8;    3;   0.0;   0;    8.833;-999;   2.6;  10.2;  972.48;   12.1;   75.54;   18.2;    6.5;    4.8;eor
       3946;20190911;   10;   7.0;   1.6;    3;   0.0;   6;   11.317;-999;   1.3;   9.3;  977.65;   12.7;   68.21;   21.1;    4.2;    2.6;eor
       3946;20190912;   10;   8.4;   2.2;    3;   0.1;   6;    3.417;-999;   5.8;  13.2;  982.85;   15.7;   74.04;   20.8;   10.1;    9.3;eor
       3946;20190913;   10;   7.9;   2.2;    3;   0.0;   0;    1.383;-999;   7.6;  14.7;  985.00;   16.9;   76.79;   20.8;   12.8;   11.5;eor
       3946;20190914;   10;   6.3;   1.8;    3;   0.0;   0;    9.667;-999;   4.3;  10.9;  985.81;   14.1;   68.75;   19.1;    8.2;    6.8;eor
       3946;20190915;   10;   8.6;   2.1;    3;   0.0;   0;   11.300;-999;  -999;  11.9;  977.45;   16.2;   67.67;   24.6;    7.5;    6.0;eor
       3946;20190916;   10;   6.7;   1.6;    3;   3.3;   6;    0.083;-999;   7.4;  12.4;  973.55;   13.5;   80.88;   19.2;    8.7;    7.3;eor
       3946;20190917;   10;  11.4;   3.1;    3;   0.0;   6;    5.600;-999;   7.1;  10.2;  972.68;   12.0;   74.00;   16.5;    7.3;    5.0;eor
       3946;20190918;   10;   8.3;   2.4;    3;   0.0;   0;    2.817;-999;   4.7;   7.8;  978.07;    8.9;   70.38;   15.2;    3.9;    2.1;eor
       3946;20190919;   10;   8.8;   1.8;    3;   0.0;   0;    1.633;-999;   6.7;   7.6;  982.18;    7.4;   75.83;   13.9;    2.1;    0.4;eor
       3946;20190920;   10;   5.5;   1.3;    3;   0.0;   0;   11.433;-999;   4.7;   7.2;  982.30;    7.8;   71.79;   15.6;    0.8;   -0.8;eor
       3946;20190921;   10;   6.1;   1.5;    3;   0.0;   0;   11.417;-999;   0.0;   8.2;  976.39;   11.4;   65.38;   21.8;    1.5;    0.1;eor
       3946;20190922;   10;   9.5;   2.2;    3;   0.0;   0;   11.283;-999;   3.5;   9.2;  967.93;   14.3;   60.00;   23.4;    5.9;    3.2;eor
       3946;20190923;   10;   7.7;   1.9;    3;   1.3;   6;    2.050;-999;   7.9;  12.2;  968.41;   13.4;   79.13;   20.2;    7.2;    4.7;eor
       3946;20190924;   10;   5.6;   1.5;    3;   1.4;   6;    4.583;-999;   7.2;  13.4;  967.75;   14.5;   81.67;   18.7;   10.8;    9.7;eor
       3946;20190925;   10;  11.8;   2.4;    3;   0.7;   6;    1.250;-999;   7.7;  12.9;  962.90;   13.9;   82.08;   17.7;   11.5;   10.2;eor
       3946;20190926;   10;   8.2;   2.5;    3;   2.1;   6;    2.100;-999;   7.6;  13.6;  967.23;   14.7;   81.58;   19.3;   11.8;   11.0;eor
       3946;20190927;   10;  11.6;   3.0;    3;   4.3;   6;    0.000;-999;   7.3;  14.3;  966.75;   14.6;   86.25;   17.9;   10.0;    8.2;eor
       3946;20190928;   10;  11.2;   3.2;    3;   0.7;   6;    1.967;-999;   6.1;  12.4;  968.95;   13.4;   80.54;   17.7;   10.9;    9.1;eor
       3946;20190929;   10;  14.3;   3.8;    3;   1.4;   6;    1.733;-999;   7.8;  11.2;  962.04;   15.2;   65.67;   19.0;   10.8;    8.8;eor
       3946;20190930;   10;  14.7;   4.2;    3;   0.0;   6;    0.967;-999;   7.3;  11.4;  962.00;   13.5;   73.75;   15.9;    9.1;    7.3;eor
       3946;20191001;   10;  12.8;   3.5;    3;   4.3;   6;    1.217;-999;   7.9;  12.5;  960.66;   13.6;   79.75;   16.9;    9.4;    7.7;eor
       3946;20191002;   10;  11.2;   2.6;    3;   8.3;   6;    0.733;   0;   6.0;  10.6;  961.37;    9.3;   88.83;   13.8;    3.3;    2.1;eor
       3946;20191003;   10;   8.2;   2.4;    3;   1.5;   6;    0.283;   0;   7.3;   9.2;  969.44;    7.9;   86.21;   10.4;    3.2;    1.2;eor
       3946;20191004;   10;   8.9;   2.2;    3;   5.4;   6;    0.000;   0;   7.8;   9.4;  963.82;    8.5;   85.00;   11.4;    6.5;    5.5;eor
       3946;20191005;   10;  15.6;   4.0;    3;   1.9;   6;    0.000;   0;   7.5;   9.3;  966.16;    7.2;   91.04;   10.1;    5.1;    4.7;eor
       3946;20191006;   10;   6.7;   1.3;    3;   0.3;   6;    0.533;   0;   7.6;   8.1;  971.57;    6.7;   82.96;   10.0;    4.1;    3.3;eor
       3946;20191007;   10;   5.1;   1.3;    3;   0.0;   6;    7.917;   0;   5.6;   7.2;  972.32;    6.0;   79.38;   12.7;    0.6;    0.2;eor
       3946;20191008;   10;   9.4;   3.0;    3;  15.2;   6;    0.000;   0;   7.7;  11.1;  965.25;    9.9;   89.79;   11.5;    6.1;    5.7;eor
       3946;20191009;   10;   9.8;   2.8;    3;   0.1;   6;    1.350;   0;   7.6;  10.7;  964.47;   10.7;   83.13;   13.4;    7.1;    5.6;eor
       3946;20191010;   10;  10.7;   3.2;    3;   1.1;   6;    1.683;   0;   5.7;   9.5;  968.34;    9.3;   81.04;   12.0;    7.5;    5.3;eor
       3946;20191011;   10;  10.8;   3.4;    3;   0.0;   0;    1.650;   0;   6.7;  10.8;  971.47;   11.6;   79.42;   15.0;    8.0;    6.4;eor
       3946;20191012;   10;  11.9;   3.6;    3;   0.0;   0;    9.333;   0;   3.6;  11.6;  969.07;   15.6;   66.29;   21.1;    9.3;    7.0;eor
       3946;20191013;   10;  10.6;   3.5;    3;   0.0;   0;    8.767;   0;   3.2;  13.1;  969.84;   18.1;   63.63;   24.2;   13.1;   11.3;eor
       3946;20191014;   10;   7.7;   2.1;    3;   0.0;   0;    9.867;   0;   1.2;  13.2;  969.45;   17.4;   67.42;   24.0;   10.8;    8.6;eor
       3946;20191015;   10;   9.9;   2.9;    3;   2.3;   6;    6.133;   0;   5.5;  12.9;  963.10;   13.3;   84.83;   18.1;   11.2;    8.8;eor
       3946;20191016;   10;  11.6;   3.8;    3;   0.0;   6;    2.767;   0;   7.1;  10.7;  967.12;   12.2;   75.29;   14.4;   10.2;    9.2;eor
       3946;20191017;   10;  10.1;   3.3;    3;   0.0;   6;    1.567;   0;   7.4;  10.3;  969.01;   12.4;   70.88;   16.4;    9.6;    8.8;eor
       3946;20191018;   10;  11.2;   3.2;    3;   3.5;   6;    2.233;   0;   7.7;  12.5;  966.87;   13.7;   79.92;   18.2;    9.2;    7.6;eor
       3946;20191019;   10;  12.0;   3.5;    3;   0.3;   6;    2.267;   0;   8.0;  11.3;  965.54;   12.0;   81.13;   15.1;    8.9;    7.4;eor
       3946;20191020;   10;  10.0;   2.9;    3;   0.0;   0;    8.283;   0;   7.6;  11.5;  965.42;   13.9;   72.83;   19.3;   10.9;    9.2;eor
       3946;20191021;   10;   5.8;   1.5;    3;   0.0;   0;    1.250;   0;   7.4;  12.2;  972.75;   11.9;   87.42;   17.5;    8.0;    6.2;eor
       3946;20191022;   10;   4.0;   1.1;    3;   0.0;   0;    5.333;   0;   6.9;  11.1;  977.76;   10.6;   87.04;   17.8;    5.3;    4.2;eor
       3946;20191023;   10;   7.1;   1.3;    3;   0.0;   0;    4.583;   0;   5.2;  11.8;  972.20;   10.7;   91.75;   17.6;    5.6;    4.1;eor
       3946;20191024;   10;   9.0;   2.5;    3;   0.0;   0;    6.683;   0;   6.0;  11.7;  966.51;   11.7;   86.08;   20.1;    5.5;    3.7;eor
       3946;20191025;   10;  10.9;   2.3;    3;   0.0;   0;    3.283;   0;   7.0;  11.3;  975.16;   12.2;   79.50;   15.6;    9.4;    6.4;eor
       3946;20191026;   10;  11.1;   3.6;    3;   0.0;   0;    7.450;   0;   7.0;  11.6;  973.60;   13.4;   76.42;   19.4;   10.2;    8.0;eor
       3946;20191027;   10;  10.4;   3.1;    3;   5.2;   6;    1.867;   0;   7.2;  10.1;  972.90;   10.7;   78.67;   16.3;    5.1;    4.9;eor
       3946;20191028;   10;   5.8;   1.4;    3;   0.0;   0;    6.283;   0;   5.4;   7.1;  975.85;    4.0;   87.54;    9.8;   -0.5;   -1.5;eor
       3946;20191029;   10;   7.0;   1.5;    3;   0.0;   0;    0.650;   0;   6.0;   6.4;  977.55;    2.4;   88.58;    7.2;   -1.9;   -3.3;eor
       3946;20191030;   10;   6.3;   1.2;    3;   0.0;   0;    4.850;   0;   4.5;   5.4;  981.29;    0.9;   84.33;    8.2;   -3.9;   -5.1;eor
       3946;20191031;   10;   6.3;   1.3;    3;   0.0;   0;    8.817;   0;   2.9;   4.6;  978.19;   -0.2;   77.92;    7.2;   -6.6;   -8.0;eor
       3946;20191101;   10;  15.1;   4.1;    3;   1.4;   6;    3.700;   0;   6.3;   6.4;  966.75;    3.7;   79.75;    7.3;   -1.5;   -4.5;eor
       3946;20191102;   10;  11.7;   4.1;    3;   1.7;   6;    0.317;   0;   7.8;  11.4;  951.92;   10.8;   87.50;   14.7;    5.9;    5.5;eor
       3946;20191103;   10;   8.7;   2.9;    3;   7.1;   6;    0.683;   0;   7.8;  11.0;  945.98;   10.4;   86.96;   12.9;    8.1;    7.5;eor
       3946;20191104;   10;   9.2;   3.1;    3;   0.6;   6;    0.483;   0;   7.3;  10.1;  947.61;    9.2;   86.00;   11.9;    7.9;    6.5;eor
       3946;20191105;   10;   9.6;   2.7;    3;   0.0;   6;    0.317;   0;   5.3;   8.3;  952.63;    6.8;   84.29;    9.4;    1.4;   -0.7;eor
       3946;20191106;   10;   8.9;   2.4;    3;   0.0;   6;    0.850;   0;   7.9;   8.1;  956.77;    6.4;   84.38;    9.6;    2.1;    1.3;eor
       3946;20191107;   10;  10.1;   3.0;    3;   0.0;   6;    0.417;   0;   7.4;   8.2;  958.29;    7.1;   81.04;    9.5;    4.8;    3.6;eor
       3946;20191108;   10;   6.5;   1.7;    3;   4.1;   6;    0.000;   0;   7.7;   8.4;  959.57;    5.9;   89.88;    7.5;    4.1;    2.8;eor
       3946;20191109;   10;   6.6;   1.7;    3;   2.2;   6;    0.150;   0;   5.6;   7.7;  962.37;    4.1;   92.92;    5.9;   -0.8;   -2.3;eor
       3946;20191110;   10;   4.3;   1.4;    3;   0.0;   0;    3.833;   0;   4.2;   6.1;  967.18;    1.2;   91.46;    6.3;   -3.1;   -4.6;eor
       3946;20191111;   10;  10.8;   3.4;    3;   0.0;   0;    1.967;   0;   6.7;   5.4;  965.31;    0.2;   87.50;    3.3;   -3.5;   -5.2;eor
       3946;20191112;   10;   9.9;   3.2;    3;   0.0;   0;    0.150;   0;   8.0;   6.4;  960.49;    3.6;   81.13;    6.2;    1.1;    0.4;eor
       3946;20191113;   10;   6.7;   2.4;    3;   0.0;   0;    0.250;   0;   7.5;   6.3;  957.93;    3.5;   79.88;    5.8;    0.6;   -1.7;eor
       3946;20191114;   10;   9.2;   2.5;    3;   0.0;   0;    6.633;   0;   5.7;   6.0;  960.28;    3.3;   77.79;    7.1;   -1.1;   -2.3;eor
       3946;20191115;   10;   4.9;   1.4;    3;   3.1;   6;    0.633;   0;   7.6;   6.6;  956.72;    2.3;   90.29;    8.5;   -1.9;   -2.9;eor
       3946;20191116;   10;   7.5;   2.0;    3;   0.0;   6;    0.117;   0;   7.2;   7.1;  962.85;    3.3;   90.92;    6.0;   -1.1;   -2.4;eor
       3946;20191117;   10;   6.8;   1.4;    3;   0.0;   6;    0.000;   0;   8.0;   6.9;  962.41;    1.8;   97.83;    4.8;   -2.1;   -3.1;eor
       3946;20191118;   10;  10.8;   2.8;    3;   1.3;   6;    0.600;   0;   5.9;   7.3;  961.72;    4.5;   86.46;    6.1;    2.5;    0.6;eor
       3946;20191119;   10;  12.5;   2.3;    3;   5.1;   6;    0.000;   0;   7.5;   6.6;  970.26;    4.2;   80.75;    5.6;    2.2;    2.1;eor
       3946;20191120;   10;   5.2;   1.8;    3;   0.0;   6;    0.000;   0;   7.9;   7.1;  970.27;    2.7;   95.54;    3.4;    2.1;    2.0;eor
       3946;20191121;   10;   4.7;   1.2;    3;   2.1;   6;    0.000;   0;   8.0;   8.3;  964.22;    4.8;   96.63;    6.2;    3.3;    3.4;eor
       3946;20191122;   10;  10.2;   2.6;    3;   0.0;   0;    0.433;   0;   7.3;   7.4;  963.40;    4.4;   88.83;    6.4;    0.0;   -1.6;eor
       3946;20191123;   10;   9.5;   2.0;    3;   0.0;   0;    6.933;   0;   5.5;   7.1;  958.70;    4.5;   84.38;    9.9;   -1.8;   -3.0;eor
       3946;20191124;   10;   7.6;   2.5;    3;   0.0;   0;    3.033;   0;   7.8;   7.7;  962.22;    5.2;   87.13;    8.2;    1.3;   -0.4;eor
       3946;20191125;   10;   8.8;   2.7;    3;   0.0;   0;    0.183;   0;   7.9;   7.4;  964.60;    4.2;   89.46;    6.3;    3.5;    3.3;eor
       3946;20191126;   10;   9.4;   3.4;    3;   0.0;   6;    0.000;   0;   7.9;   7.7;  962.45;    4.9;   88.17;    7.5;    3.5;    3.4;eor
       3946;20191127;   10;  11.9;   4.5;    3;   2.2;   6;    1.217;   0;   7.3;   7.9;  953.09;    5.5;   87.83;    8.7;    4.6;    3.7;eor
       3946;20191128;   10;  15.0;   5.1;    3;   0.3;   6;    2.283;   0;   7.3;   8.7;  950.88;    8.6;   77.67;   11.2;    7.7;    6.4;eor
       3946;20191129;   10;  11.9;   3.5;    3;   0.9;   8;    1.867;   0;   7.3;   6.7;  960.73;    5.0;   76.29;    8.2;    0.6;   -1.5;eor
       3946;20191130;   10;   7.3;   1.5;    3;   0.0;   0;    0.900;   0;   6.9;   5.7;  975.25;    1.9;   82.21;    4.3;   -1.0;   -2.9;eor
       3946;20191201;   10;   3.3;   0.9;    3;   0.0;   0;    1.133;   0;   7.1;   4.9;  973.71;   -1.5;   89.75;    1.2;   -4.6;   -5.7;eor
       3946;20191202;   10;   7.7;   2.2;    3;   0.0;   8;    0.083;   0;   7.6;   5.6;  975.61;    1.1;   84.46;    3.5;   -1.1;   -1.9;eor
       3946;20191203;   10;   6.8;   1.9;    3;   0.0;   0;    2.167;   0;   7.5;   6.0;  980.40;    2.2;   84.33;    5.5;    0.2;   -1.1;eor
       3946;20191204;   10;   6.4;   2.0;    3;   0.0;   0;    7.117;   0;   4.6;   5.2;  977.13;    0.9;   80.71;    5.9;   -2.7;   -4.2;eor
       3946;20191205;   10;  11.3;   3.6;    3;   0.0;   0;    5.567;   0;   5.1;   4.7;  974.52;   -0.6;   81.50;    2.0;   -1.9;   -4.3;eor
       3946;20191206;   10;  13.0;   5.2;    3;   1.0;   6;    4.300;   0;   6.5;   5.2;  969.00;    1.3;   77.25;    5.1;   -1.6;   -2.7;eor
       3946;20191207;   10;  12.4;   3.8;    3;   0.0;   6;    0.300;   0;   7.4;   7.7;  966.43;    5.9;   82.58;    8.0;    3.2;    2.4;eor
       3946;20191208;   10;  14.3;   4.9;    3;   1.5;   6;    0.000;   0;   7.9;   8.1;  961.58;    7.4;   78.75;    8.7;    5.6;    4.9;eor
       3946;20191209;   10;  12.6;   3.6;    3;   2.1;   6;    2.333;   0;   7.0;   7.3;  957.88;    5.7;   79.54;    8.0;    2.3;    1.9;eor
       3946;20191210;   10;   8.8;   3.2;    3;   0.0;   0;    1.417;   0;   4.4;   5.6;  975.83;    1.7;   81.75;    4.2;   -1.1;   -3.1;eor
       3946;20191211;   10;  10.8;   4.2;    3;   0.9;   8;    0.217;   0;   7.3;   4.7;  966.21;    0.6;   74.17;    1.8;   -0.8;   -1.7;eor
       3946;20191212;   10;   7.3;   2.7;    3;   0.0;   8;    0.000;   0;   6.8;   6.0;  956.83;    1.5;   88.67;    3.1;    0.2;   -1.4;eor
       3946;20191213;   10;  13.1;   4.1;    3;   0.5;   8;    1.250;   0;   6.9;   5.7;  939.24;    1.3;   83.79;    3.0;   -0.2;   -1.4;eor
       3946;20191214;   10;  15.5;   4.8;    3;   2.4;   8;    1.267;   0;   7.3;   6.5;  947.79;    3.8;   81.46;    5.9;    2.0;    0.7;eor
       3946;20191215;   10;  11.9;   3.8;    3;   3.4;   6;    0.017;   0;   7.8;   7.8;  959.20;    5.8;   84.25;    9.6;    2.8;    0.5;eor
       3946;20191216;   10;  11.2;   3.8;    3;   0.0;   6;    3.900;   0;   8.0;   8.1;  964.14;    7.5;   78.88;   11.2;    5.1;    4.1;eor
       3946;20191217;   10;  13.0;   4.0;    3;   0.0;   0;    5.617;   0;   7.1;   7.1;  963.06;    7.4;   69.21;   10.7;    5.3;    3.4;eor
       3946;20191218;   10;   8.4;   2.5;    3;   0.0;   6;    0.000;   0;   6.5;   8.5;  971.08;    7.8;   80.42;   10.3;    3.3;    0.9;eor
       3946;20191219;   10;  12.0;   3.0;    3;   0.0;   0;    4.300;   0;   5.8;   7.7;  968.96;    5.0;   88.38;   10.3;    1.2;   -0.5;eor
       3946;20191220;   10;  11.6;   4.2;    3;   0.9;   6;    4.117;   0;   4.9;   7.6;  951.76;    6.2;   80.75;    9.0;    2.0;    0.0;eor
       3946;20191221;   10;   7.8;   2.5;    3;   0.0;   0;    1.250;   0;   6.1;   7.6;  949.30;    5.1;   86.46;    7.8;    2.2;   -0.3;eor
       3946;20191222;   10;  10.7;   3.2;    3;   0.1;   6;    0.000;   0;   7.7;   7.5;  944.51;    5.3;   83.33;    7.1;    3.7;    1.9;eor
       3946;20191223;   10;   8.6;   2.5;    3;   0.3;   6;    0.017;   0;   7.3;   7.2;  959.05;    5.4;   80.25;    7.1;    3.1;    1.1;eor
       3946;20191224;   10;  10.7;   3.3;    3;   5.2;   6;    0.750;   0;   6.9;   7.1;  966.07;    4.9;   82.46;    6.6;    2.5;    0.6;eor
       3946;20191225;   10;  10.9;   2.7;    3;   7.5;   6;    0.000;   0;   7.6;   7.8;  969.37;    4.6;   91.17;    6.2;    2.9;    1.8;eor
       3946;20191226;   10;   5.1;   1.4;    3;   0.0;   6;    0.000;   0;   8.0;   6.4;  977.55;    2.7;   85.67;    4.3;    1.3;    0.7;eor
       3946;20191227;   10;   7.3;   2.1;    3;   0.3;   8;    2.283;   0;   7.1;   5.5;  981.15;    1.2;   82.71;    3.6;   -1.1;   -2.5;eor
       3946;20191228;   10;   7.3;   2.3;    3;   0.0;   7;    0.333;   0;   7.8;   4.6;  992.47;   -0.7;   78.63;    0.4;   -3.4;   -4.8;eor
       3946;20191229;   10;   6.6;   2.2;    3;   0.0;   0;    6.883;   0;   6.0;   3.9;  991.48;   -2.3;   75.33;    1.8;   -6.0;   -7.5;eor
       3946;20191230;   10;   8.6;   3.6;    3;   0.0;   0;    6.167;   0;   5.3;   3.8;  985.89;    1.7;   55.54;    5.4;   -1.6;   -3.0;eor
       3946;20191231;   10;   7.1;   2.3;    3;   0.0;   0;    0.100;   0;   5.8;   5.0;  984.29;    2.2;   69.58;    5.7;   -1.6;   -3.6;eor
       3946;20200101;   10;   7.1;   1.8;    3;   0.0;   0;    6.900;   0;   1.2;   4.6;  986.71;   -1.1;   82.42;    5.0;   -5.2;   -7.0;eor
       3946;20200102;   10;   8.7;   2.9;    3;   0.0;   6;    6.917;   0;   2.2;   4.3;  981.42;   -0.2;   73.08;    6.3;   -4.6;   -7.0;eor
       3946;20200103;   10;  11.9;   4.2;    3;   0.9;   6;    0.000;   0;   7.7;   6.8;  975.19;    3.8;   84.67;    6.9;    0.7;    0.3;eor
       3946;20200104;   10;  12.5;   3.4;    3;   3.2;   8;    0.000;   0;   7.2;   6.3;  978.54;    2.5;   85.83;    6.2;    0.0;   -1.6;eor
       3946;20200105;   10;   5.6;   1.9;    3;   0.0;   8;    0.483;   0;   7.2;   5.2;  986.96;    0.8;   80.25;    2.1;   -0.3;   -2.0;eor
       3946;20200106;   10;  11.0;   2.7;    3;   0.0;   0;    0.017;   0;   5.3;   5.7;  981.55;    1.4;   84.04;    3.7;   -0.8;   -1.9;eor
       3946;20200107;   10;   9.6;   2.7;    3;   0.0;   8;    0.133;   0;   6.8;   5.8;  980.03;    1.1;   87.17;    3.5;   -0.9;   -2.6;eor
       3946;20200108;   10;  13.3;   4.2;    3;   3.8;   6;    0.000;   0;   7.8;   6.8;  980.17;    3.6;   84.88;    4.6;    2.0;    0.8;eor
       3946;20200109;   10;  11.1;   3.7;    3;   4.5;   6;    0.000;   0;   7.8;   8.4;  973.30;    5.7;   91.67;    7.8;    4.0;    3.7;eor
       3946;20200110;   10;  11.4;   3.7;    3;   1.3;   6;    0.067;   0;   7.9;   8.3;  972.26;    7.1;   81.96;    8.2;    3.2;    1.5;eor
       3946;20200111;   10;   9.6;   2.9;    3;   0.0;   6;    0.017;   0;   7.0;   5.7;  984.13;    2.5;   77.67;    4.2;    0.2;   -1.0;eor
       3946;20200112;   10;  12.9;   4.3;    3;   0.0;   0;    3.317;   0;   7.0;   5.4;  978.75;    1.3;   80.79;    3.9;   -0.7;   -2.4;eor
       3946;20200113;   10;   8.8;   3.2;    3;   0.0;   6;    0.000;   0;   7.9;   6.5;  975.22;    3.0;   86.08;    4.1;    2.1;    0.8;eor
       3946;20200114;   10;  12.5;   4.8;    3;   0.0;   0;    1.017;   0;   7.8;   5.9;  969.37;    4.3;   71.13;    7.8;    1.3;    0.4;eor
       3946;20200115;   10;  11.9;   4.1;    3;   0.0;   0;    5.350;   0;   5.3;   5.7;  972.56;    6.6;   58.46;   11.7;    4.4;    2.2;eor
       3946;20200116;   10;   7.7;   2.4;    3;   0.0;   6;    5.017;   0;   3.6;   6.9;  981.17;    6.0;   74.33;   11.0;    2.6;   -0.2;eor
       3946;20200117;   10;  10.4;   3.7;    3;   0.0;   6;    5.917;   0;   3.0;   6.3;  974.15;    2.9;   84.04;    5.0;    1.4;   -0.9;eor
       3946;20200118;   10;   8.1;   2.2;    3;   0.0;   6;    0.017;   0;   7.8;   6.3;  977.55;    3.8;   78.21;    5.0;    1.4;   -0.3;eor
       3946;20200119;   10;   6.7;   1.5;    3;   0.3;   8;    0.000;   0;   7.8;   5.9;  987.03;    1.3;   87.92;    2.3;    0.1;   -1.9;eor
       3946;20200120;   10;   3.1;   0.9;    3;   0.0;   0;    0.400;   0;   5.5;   5.5;  997.64;    0.4;   87.17;    4.4;   -4.6;   -6.5;eor
       3946;20200121;   10;   5.6;   1.4;    3;   0.0;   0;    7.667;   0;   3.0;   4.3;  993.50;   -2.5;   84.71;    4.3;   -7.1;   -8.8;eor
       3946;20200122;   10;   5.3;   1.2;    3;   0.0;   6;    3.167;   0;   5.3;   4.8;  987.19;   -2.0;   89.21;    2.4;   -7.5;   -9.6;eor
       3946;20200123;   10;   6.0;   1.4;    3;   0.0;   0;    3.617;   0;   4.2;   5.2;  984.67;    0.3;   83.71;    3.8;   -3.1;   -5.8;eor
       3946;20200124;   10;  11.0;   3.5;    3;   0.0;   0;    0.000;   0;   5.5;   4.6;  977.02;   -2.0;   86.96;   -0.5;   -3.8;   -6.5;eor
       3946;20200125;   10;   6.7;   2.5;    3;   0.0;   0;    3.250;   0;   5.6;   5.1;  974.74;   -0.5;   87.38;    2.9;   -2.5;   -4.4;eor
       3946;20200126;   10;   7.2;   2.5;    3;   0.0;   6;    0.000;   0;   7.9;   5.9;  972.63;    1.1;   88.13;    4.0;   -2.0;   -2.7;eor
       3946;20200127;   10;  11.5;   4.1;    3;   1.4;   6;    1.917;   0;   7.4;   6.8;  965.87;    3.9;   84.63;    7.2;    1.3;   -0.1;eor
       3946;20200128;   10;  17.4;   4.9;    3;   2.3;   8;    0.683;   0;   6.7;   6.6;  952.70;    3.7;   81.92;    5.8;    0.9;   -0.5;eor
       3946;20200129;   10;  12.2;   3.7;    3;   0.0;   8;    0.417;   0;   7.3;   5.4;  960.61;    1.5;   79.92;    2.9;    0.6;   -1.0;eor
       3946;20200130;   10;  13.8;   4.3;    3;   0.0;   6;    0.467;   0;   7.8;   6.3;  965.14;    4.2;   76.17;    6.8;    0.9;   -0.5;eor
       3946;20200131;   10;  12.9;   4.5;    3;   0.0;   6;    0.333;   0;   7.8;   9.7;  962.59;   10.3;   77.67;   12.6;    6.1;    5.6;eor
       3946;20200201;    3;  14.8;   4.8;    3;   4.9;   6;    0.100;   0;   7.7;  10.0;  961.24;   10.4;   79.21;   12.5;    7.2;    5.4;eor
       3946;20200202;    3;  12.3;   4.1;    3;   0.7;   6;    0.217;   0;   7.6;   8.4;  963.14;    7.9;   77.38;   11.4;    5.3;    4.5;eor
       3946;20200203;    3;  12.0;   3.7;    3;  18.3;   8;    0.767;   0;   7.8;   8.2;  964.65;    8.1;   75.71;   10.6;    5.3;    5.0;eor
       3946;20200204;    3;  13.6;   3.8;    3;   1.5;   8;    1.967;   0;   6.3;   6.1;  962.72;    2.5;   83.21;    5.4;    0.6;    0.0;eor
       3946;20200205;    3;  15.8;   5.4;    3;   0.0;   8;    2.600;   0;   6.8;   4.8;  982.22;    0.5;   75.79;    2.7;   -2.7;   -4.3;eor
       3946;20200206;    3;   6.8;   1.9;    3;   0.0;   6;    0.000;   0;   7.9;   5.0;  983.84;    0.4;   78.38;    2.5;   -3.2;   -5.2;eor
       3946;20200207;    3;   8.1;   1.5;    3;   0.0;   0;    0.367;   0;   7.4;   5.5;  982.04;    2.5;   75.67;    3.9;    1.2;   -1.8;eor
       3946;20200208;    3;  10.4;   3.4;    3;   0.0;   0;    7.817;   0;   3.3;   5.5;  977.84;    3.0;   72.67;    8.1;   -0.3;   -2.1;eor
       3946;20200209;    3;  19.2;   5.5;    3;   7.5;   6;    4.667;   0;   6.6;   6.2;  968.24;    6.6;   64.50;   11.4;    0.9;    0.0;eor
       3946;20200210;    3;  25.4;   6.9;    3;   5.3;   8;    4.283;   0;   6.0;   7.2;  951.73;    6.6;   74.29;   11.8;    2.4;    1.2;eor
       3946;20200211;    3;  19.2;   5.3;    3;   0.5;   8;    3.183;   0;   4.4;   5.3;  957.03;    2.6;   71.63;    5.2;    0.0;   -1.6;eor
       3946;20200212;    3;  14.3;   4.7;    3;   0.0;   8;    6.433;   0;   2.9;   5.0;  966.70;    1.9;   71.33;    5.4;    0.1;   -2.1;eor
       3946;20200213;    3;  14.1;   3.9;    3;   0.8;   6;    0.500;   0;   7.3;   5.7;  964.70;    2.0;   80.54;    4.5;   -0.4;   -2.1;eor
       3946;20200214;    3;   8.6;   2.3;    3;   0.0;   6;    0.017;   0;   7.8;   6.8;  970.97;    4.1;   82.88;    6.7;    1.8;    0.8;eor
       3946;20200215;    3;  12.2;   4.1;    3;   0.0;   0;    5.117;   0;   7.1;   6.8;  976.36;    5.0;   78.42;    9.6;    2.0;    0.6;eor
       3946;20200216;    3;  14.6;   5.8;    3;   0.5;   6;    2.217;   0;   7.9;   6.4;  967.72;   10.4;   52.50;   14.7;    5.8;    5.0;eor
       3946;20200217;    3;  14.4;   4.2;    3;   1.9;   6;    0.000;   0;   7.9;   7.8;  969.60;    8.3;   72.29;   14.6;    3.8;    2.6;eor
       3946;20200218;    3;  13.4;   4.8;    3;   0.2;   6;    3.000;   0;   6.8;   6.3;  975.38;    5.1;   71.75;    8.1;    3.7;    2.1;eor
       3946;20200219;    3;  12.0;   4.0;    3;   1.5;   8;    0.583;   0;   7.3;   5.9;  971.53;    3.6;   74.21;    5.5;   -0.1;   -2.2;eor
       3946;20200220;    3;  12.4;   3.8;    3;   1.7;   6;    0.017;   0;   6.8;   6.2;  972.54;    3.6;   77.54;    6.5;   -0.5;   -2.2;eor
       3946;20200221;    3;  14.1;   4.2;    3;   0.0;   6;    3.817;   0;   6.8;   5.6;  976.85;    4.1;   68.58;    6.9;    1.5;    0.0;eor
       3946;20200222;    3;  13.6;   4.8;    3;   0.0;   6;    1.483;   0;   7.4;   5.8;  975.96;    6.5;   60.25;   10.1;    2.5;    1.1;eor
       3946;20200223;    3;  20.9;   6.2;    3;   5.6;   6;    0.000;   0;   7.8;   9.0;  968.10;    8.4;   81.17;   11.1;    3.6;    2.1;eor
       3946;20200224;    3;  13.5;   3.8;    3;   0.6;   8;    0.450;   0;   6.8;   6.5;  970.46;    4.2;   77.25;    9.4;   -0.3;   -1.9;eor
       3946;20200225;    3;  13.9;   4.2;    3;   0.8;   6;    0.217;   0;   7.0;   8.2;  955.10;    7.0;   81.50;    9.1;    3.7;    1.8;eor
       3946;20200226;    3;  14.9;   3.8;    3;   0.6;   8;    0.333;   0;   7.1;   5.8;  951.72;    2.4;   79.25;    4.7;    0.4;   -0.7;eor
       3946;20200227;    3;  11.4;   3.3;    3;   5.5;   8;    1.500;   0;   7.0;   5.5;  955.78;    1.6;   80.54;    4.3;   -0.2;   -1.5;eor
       3946;20200228;    3;  10.3;   3.4;    3;   4.1;   8;    0.600;   4;   7.5;   5.4;  967.46;    1.1;   81.33;    3.4;   -0.2;   -1.4;eor
       3946;20200229;    3;  12.7;   5.1;    3;   2.2;   6;    2.167;   0;   7.6;   6.8;  955.77;    4.6;   81.00;    9.9;   -0.1;   -0.2;eor
       3946;20200301;    3;  14.5;   4.3;    3;   0.6;   6;    4.450;   0;   7.2;   6.9;  953.13;    6.3;   72.79;   10.2;    3.1;    1.6;eor
       3946;20200302;    3;  16.9;   3.4;    3;   0.1;   6;    7.533;   0;   6.8;   5.8;  948.23;    5.9;   63.46;   10.7;    2.4;    1.7;eor
       3946;20200303;    3;  12.3;   2.3;    3;   2.0;   6;    0.000;   0;   6.8;   6.2;  954.57;    3.5;   79.17;    5.5;   -0.4;   -2.0;eor
       3946;20200304;    3;  10.0;   2.7;    3;   0.0;   6;    0.483;   0;   4.3;   5.7;  965.15;    1.4;   84.58;    4.8;   -1.3;   -2.8;eor
       3946;20200305;    3;  13.3;   3.3;    3;   0.4;   8;    5.233;   0;   6.3;   5.7;  955.34;    4.1;   71.71;    9.1;   -0.7;   -2.5;eor
       3946;20200306;    3;  11.4;   4.0;    3;   2.7;   6;    0.000;   0;   7.7;   7.3;  948.72;    4.9;   83.83;    6.6;    2.8;    2.2;eor
       3946;20200307;    3;  13.0;   3.4;    3;   0.3;   8;    0.733;   0;   7.4;   6.2;  968.10;    3.1;   80.58;    5.5;    1.8;    1.5;eor
       3946;20200308;    3;   9.9;   3.4;    3;   1.9;   6;    0.600;   0;   6.1;   6.1;  971.16;    4.2;   73.96;    8.3;   -0.1;   -2.6;eor
       3946;20200309;    3;   8.7;   2.5;    3;   0.6;   6;    1.317;   0;   6.5;   7.1;  966.83;    5.2;   80.25;   10.4;    2.0;   -0.5;eor
       3946;20200310;    3;  13.6;   4.6;    3;   7.9;   6;    0.000;   0;   6.6;   7.5;  964.42;    4.8;   86.54;   10.1;    1.9;    0.5;eor
       3946;20200311;    3;  11.4;   3.3;    3;  14.2;   6;    0.017;   0;   7.6;  10.9;  965.64;    9.8;   89.75;   12.2;    6.8;    6.6;eor
       3946;20200312;    3;  20.5;   4.4;    3;   1.3;   8;    2.383;   0;   7.2;   9.0;  964.83;    9.8;   74.04;   13.6;    5.9;    3.5;eor
       3946;20200313;    3;  15.1;   4.0;    3;   0.1;   6;    5.417;   0;   4.7;   5.9;  969.90;    5.0;   68.21;    8.9;    0.9;   -1.5;eor
       3946;20200314;    3;   7.6;   1.7;    3;   0.0;   0;    5.950;   0;   4.3;   5.3;  976.24;    3.8;   68.00;    9.2;    0.8;   -1.6;eor
       3946;20200315;    3;  11.1;   3.9;    3;   0.0;   0;   10.350;   0;   4.9;   4.0;  973.98;    5.4;   46.92;   11.4;    0.3;   -1.1;eor
       3946;20200316;    3;  10.1;   3.4;    3;   0.0;   6;    9.833;   0;   6.5;   5.9;  974.36;    8.1;   54.04;   16.6;    1.9;    0.5;eor
       3946;20200317;    3;   8.5;   1.5;    3;   0.6;   6;    2.183;   0;   6.4;   8.5;  981.79;    7.7;   81.63;   15.3;    2.1;    0.1;eor
       3946;20200318;    3;   7.6;   2.1;    3;   0.0;   0;    9.150;   0;   4.0;   8.1;  981.51;    8.0;   78.04;   16.8;   -0.1;   -1.8;eor
       3946;20200319;    3;   6.8;   1.5;    3;   0.0;   0;    4.650;   0;   5.3;   8.5;  978.51;    9.5;   73.96;   16.7;    3.6;    2.1;eor
       3946;20200320;    3;  11.0;   2.7;    3;   0.4;   8;    0.000;   0;   7.1;   8.1;  976.87;    5.0;   92.29;    7.7;    2.3;    1.0;eor
       3946;20200321;    3;  12.2;   3.9;    3;   0.0;   6;    0.033;   0;   6.4;   5.3;  979.70;    1.9;   75.17;    3.5;   -3.3;   -5.9;eor
       3946;20200322;    3;  11.5;   2.6;    3;   0.0;   0;   11.300;   0;   0.3;   3.2;  985.61;   -1.2;   58.92;    3.6;   -6.7;   -8.8;eor
       3946;20200323;    3;   9.5;   2.1;    3;   0.0;   0;   11.483;   0;   0.1;   2.7;  988.59;   -1.6;   53.79;    4.8;   -8.6;  -10.3;eor
       3946;20200324;    3;  10.1;   2.0;    3;   0.0;   0;   11.550;   0;   0.0;   2.5;  986.39;   -0.9;   48.83;    7.1;   -9.2;  -11.1;eor
       3946;20200325;    3;  11.2;   2.3;    3;   0.0;   0;   11.633;   0;   0.0;   2.4;  981.00;    0.1;   45.04;    8.1;   -9.0;  -10.9;eor
       3946;20200326;    3;  12.2;   2.7;    3;   0.0;   0;    7.733;   0;   4.1;   3.9;  976.15;    2.8;   52.96;    9.2;   -3.9;   -6.9;eor
       3946;20200327;    3;  10.6;   2.3;    3;   0.0;   0;   10.467;   0;   3.1;   5.2;  972.56;    8.3;   51.17;   17.4;   -2.0;   -4.2;eor
       3946;20200328;    3;   9.1;   2.5;    3;   0.0;   0;   11.367;   0;   0.0;   5.5;  972.37;    5.7;   62.71;   13.6;   -2.1;   -4.0;eor
       3946;20200329;    1;  12.8;   3.8;    1;   3.1;   8;    0.033;   0;   6.3;   5.4;  975.15;    1.3;   81.04;    5.9;   -2.4;   -3.3;eor
       3946;20200330;    1;   9.2;   2.0;    1;   0.3;   8;   10.033;   0;   4.1;   3.5;  979.74;   -0.7;   62.04;    4.4;   -7.5;  -10.5;eor
       3946;20200331;    1;  11.2;   3.0;    1;   0.1;   8;    6.067;   0;   5.0;   3.8;  980.50;   -0.2;   65.00;    3.5;   -6.2;   -7.8;eor
       3946;20200401;    1;   5.5;   1.5;    1;   0.0;   0;   12.083;   0;   0.0;   3.3;  974.08;    0.5;   56.29;    8.9;   -8.2;  -10.2;eor
       3946;20200402;    1;   8.7;   1.9;    1;   0.0;   8;   12.083;   0;   0.2;   3.8;  965.98;    3.7;   53.04;   12.8;   -6.0;   -7.8;eor
       3946;20200403;    1;   6.5;   2.0;    1;   0.1;   6;    0.050;   0;   6.8;   6.2;  968.66;    4.4;   74.08;    8.2;   -1.3;   -4.1;eor
       3946;20200404;    1;   5.8;   1.3;    1;   0.0;   0;    5.750;   0;   4.3;   6.1;  978.16;    5.7;   69.75;   11.4;   -0.7;   -2.6;eor
       3946;20200405;    1;  12.8;   2.2;    1;   0.0;   0;   12.267;   0;   0.0;   5.0;  979.77;    8.0;   52.46;   16.5;   -2.8;   -4.9;eor
       3946;20200406;    1;   9.6;   2.4;    1;   0.0;   0;   12.367;   0;   0.0;   5.6;  977.43;   12.7;   40.67;   21.2;    4.9;    0.7;eor
       3946;20200407;    1;   8.5;   2.3;    1;   0.0;   0;   12.067;   0;   0.0;   8.5;  983.60;   11.1;   65.42;   19.2;    1.3;   -0.7;eor
       3946;20200408;    1;   7.0;   1.4;    1;   0.0;   0;   12.450;   0;   0.0;   6.5;  979.86;   11.4;   56.63;   22.2;    1.0;   -1.0;eor
       3946;20200409;    1;   7.9;   2.0;    1;   0.0;   0;   11.733;   0;   1.0;   7.6;  977.67;   10.8;   61.75;   20.3;    1.0;   -1.2;eor
       3946;20200410;    1;   8.8;   1.8;    1;   0.0;   0;   11.400;   0;   4.2;   7.7;  978.74;   10.4;   64.67;   18.5;    1.3;   -0.6;eor
       3946;20200411;    1;   6.5;   1.5;    1;   0.0;   0;   12.667;   0;   5.9;   5.4;  978.79;    8.3;   55.00;   16.1;   -0.2;   -2.1;eor
       3946;20200412;    1;  14.4;   2.2;    1;   0.1;   6;    9.967;   0;   2.8;   6.9;  970.95;   12.6;   51.88;   21.8;    0.0;   -2.1;eor
       3946;20200413;    1;  11.7;   3.6;    1;   1.5;   8;    1.150;   0;   5.9;   6.9;  969.15;    7.1;   66.33;   13.7;    0.0;   -2.7;eor
       3946;20200414;    1;  10.2;   2.8;    1;   0.0;   7;    6.267;   0;   4.3;   4.2;  976.40;    2.7;   58.50;    8.7;   -2.2;   -4.2;eor
       3946;20200415;    1;   6.1;   1.6;    1;   0.0;   0;   10.167;   0;   6.0;   5.3;  977.28;    6.6;   57.25;   16.4;   -3.0;   -4.4;eor
       3946;20200416;    1;   8.2;   1.9;    1;   0.0;   0;   12.567;   0;   3.0;   6.0;  971.61;   11.6;   50.25;   22.6;   -0.3;   -2.5;eor
       3946;20200417;    1;   7.2;   1.9;    1;   0.0;   0;   12.350;   0;   0.5;   7.5;  970.64;   11.2;   59.21;   19.6;    2.2;    0.3;eor
       3946;20200418;    1;   5.0;   1.3;    1;   5.1;   6;    7.550;   0;   5.5;   9.6;  969.93;   12.1;   70.17;   22.2;    2.4;    0.5;eor
       3946;20200419;    1;  10.7;   3.2;    1;   0.3;   6;    7.967;   0;   4.3;   7.4;  972.38;    9.3;   65.13;   14.3;    3.8;    0.7;eor
       3946;20200420;    1;  12.8;   3.1;    1;   0.0;   0;   13.200;   0;   0.0;   5.0;  974.84;    8.5;   48.92;   15.5;   -1.4;   -3.6;eor
       3946;20200421;    1;  12.4;   3.4;    1;   0.0;   0;   13.233;   0;   0.0;   5.0;  974.37;   10.5;   42.79;   17.3;    2.4;   -0.5;eor
       3946;20200422;    1;  10.7;   2.5;    1;   0.0;   0;   13.283;   0;   0.0;   5.4;  975.61;   10.3;   48.17;   18.1;   -0.4;   -2.8;eor
       3946;20200423;    1;   6.4;   1.4;    1;   0.0;   0;   13.350;   0;   0.3;   6.1;  974.42;   10.7;   52.96;   20.7;   -0.3;   -2.2;eor
       3946;20200424;    1;   9.3;   2.6;    1;   0.0;   0;    8.833;   0;   7.0;   6.9;  965.29;   12.7;   51.04;   21.4;    2.5;    0.2;eor
       3946;20200425;    1;   9.5;   2.6;    1;   0.0;   0;    1.450;   0;   5.8;   6.8;  965.61;    7.4;   66.96;   12.5;    0.6;   -1.5;eor
       3946;20200426;    1;   7.0;   1.3;    1;   0.0;   0;   13.483;   0;   1.9;   5.7;  965.47;    9.0;   56.46;   17.9;   -1.4;   -3.6;eor
       3946;20200427;    1;   9.8;   2.3;    1;   0.0;   0;   12.400;   0;   1.4;   6.8;  963.52;   12.2;   52.67;   21.6;    0.6;   -1.4;eor
       3946;20200428;    1;   9.3;   2.4;    1;   0.0;   6;    6.667;   0;   6.6;   9.4;  960.22;   14.0;   62.04;   22.7;    4.8;    2.5;eor
       3946;20200429;    1;   9.9;   2.3;    1;   0.8;   6;    2.950;   0;   6.8;  10.1;  960.96;   12.8;   69.04;   17.7;    8.9;    6.7;eor
       3946;20200430;    1;  14.2;   3.7;    1;   0.1;   6;    1.317;   0;   7.6;   9.7;  960.31;   12.0;   70.08;   16.5;    7.6;    5.1;eor
       3946;20200501;    1;  13.3;   3.5;    1;   1.2;   6;    5.817;-999;   6.1;   8.9;  958.68;    9.9;   73.33;   14.9;    6.2;    4.0;eor
       3946;20200502;    1;  16.9;   3.1;    1;   0.5;   6;    2.783;-999;   7.0;   8.0;  962.54;    8.1;   75.13;   14.1;    4.2;    2.5;eor
       3946;20200503;    1;   8.5;   1.9;    1;   0.5;   6;    3.917;-999;   5.9;   8.0;  971.43;    9.0;   71.46;   14.3;    3.1;    1.3;eor
       3946;20200504;    1;  11.3;   2.2;    1;   2.3;   6;    0.633;-999;   7.3;   8.5;  970.85;    8.6;   78.96;   17.2;    2.8;    1.1;eor
       3946;20200505;    1;  10.9;   2.2;    1;   0.0;   6;    5.567;-999;   4.5;   6.1;  973.13;    5.2;   71.88;   12.3;   -0.5;   -2.4;eor
       3946;20200506;    1;   7.8;   2.0;    1;   0.0;   0;    6.850;-999;   3.2;   6.1;  976.98;    6.5;   65.17;   14.5;   -1.3;   -3.2;eor
       3946;20200507;    1;   8.8;   2.2;    1;   0.0;   0;   14.017;-999;   2.9;   5.6;  976.72;   10.9;   50.92;   20.6;   -0.5;   -2.1;eor
       3946;20200508;    1;   9.0;   2.1;    1;   0.0;   0;   10.467;-999;   7.8;   7.6;  972.07;   14.3;   51.04;   23.8;    3.0;    1.3;eor
       3946;20200509;    1;   6.7;   1.6;    1;   0.1;   6;    5.417;-999;   6.9;   9.5;  968.07;   13.7;   63.25;   21.3;    4.5;    2.6;eor
       3946;20200510;    1;   9.2;   1.9;    1;   9.1;   6;    3.383;-999;   7.7;  13.1;  961.18;   16.1;   73.21;   22.5;    9.6;    9.0;eor
       3946;20200511;    1;  14.6;   4.7;    1;  18.1;   8;    0.000;-999;   6.8;   8.9;  960.64;    5.5;   94.75;   13.3;   -0.5;   -2.2;eor
       3946;20200512;    1;   6.6;   1.7;    1;   0.0;   0;    7.133;-999;   4.3;   5.4;  970.50;    4.5;   67.29;   10.0;   -1.7;   -3.4;eor
       3946;20200513;    1;   7.8;   1.6;    1;   0.0;   6;    6.783;-999;   6.5;   5.9;  965.97;    7.4;   60.42;   13.5;   -1.3;   -2.4;eor
       3946;20200514;    1;  10.2;   2.7;    1;   0.0;   0;    3.000;-999;   6.2;   7.5;  969.87;    8.1;   70.04;   13.7;    3.7;    1.0;eor
       3946;20200515;    1;   9.6;   2.3;    1;   0.0;   0;    9.200;-999;   2.8;   6.6;  972.29;    8.5;   62.63;   14.5;    1.6;   -0.3;eor
       3946;20200516;    1;   6.3;   1.4;    1;   0.0;   0;   13.467;-999;   1.5;   6.7;  975.39;    9.6;   60.71;   18.9;   -0.7;   -2.4;eor
       3946;20200517;    1;   7.2;   1.8;    1;   0.0;   0;   11.400;-999;   4.0;   7.9;  975.88;   11.5;   61.79;   18.5;    4.5;    2.9;eor
       3946;20200518;    1;   7.0;   1.6;    1;   0.0;   0;   13.383;-999;   4.1;   8.6;  976.65;   13.6;   59.46;   22.1;    2.4;    0.6;eor
       3946;20200519;    1;  11.2;   2.5;    1;   0.0;   0;   10.783;-999;   3.1;  10.3;  974.87;   15.4;   61.17;   23.6;    6.5;    4.1;eor
       3946;20200520;    1;   6.3;   1.9;    1;   0.0;   6;    0.033;-999;   7.7;  11.8;  975.93;   13.5;   76.29;   17.1;    8.0;    5.2;eor
       3946;20200521;    1;   7.3;   1.8;    1;   0.0;   0;   14.300;-999;   3.8;   9.0;  976.99;   13.4;   62.96;   21.3;    4.0;    2.1;eor
       3946;20200522;    1;  11.3;   2.4;    1;  10.6;   6;    2.483;-999;   6.8;  11.8;  975.49;   15.2;   68.79;   23.0;    7.4;    5.1;eor
       3946;20200523;    1;   9.7;   1.9;    1;   2.6;   6;    0.000;-999;   7.0;  12.5;  976.42;   12.4;   85.75;   15.7;    7.1;    5.2;eor
       3946;20200524;    1;  11.9;   3.1;    1;   1.9;   6;    6.650;-999;   5.7;   9.5;  981.07;   11.6;   70.75;   17.0;    7.2;    5.5;eor
       3946;20200525;    1;  15.4;   3.6;    1;   0.0;   6;    2.133;-999;   7.5;  10.2;  983.28;   11.3;   76.83;   16.5;    8.5;    6.6;eor
       3946;20200526;    1;   8.3;   2.3;    1;   0.0;   0;    5.017;-999;   5.0;   9.8;  987.63;   11.8;   72.50;   17.4;    5.9;    3.9;eor
       3946;20200527;    1;   6.2;   1.6;    1;  10.2;   6;    9.300;-999;   5.7;   9.4;  985.91;   13.5;   64.38;   21.0;    4.2;    2.0;eor
       3946;20200528;    1;  12.0;   3.7;    1;   0.0;   0;    8.933;-999;   4.8;   9.8;  982.88;   12.5;   69.21;   16.9;    6.8;    4.6;eor
       3946;20200529;    1;  10.8;   2.6;    1;   0.0;   0;   12.483;-999;   3.1;   8.1;  980.85;   11.9;   61.21;   18.0;    3.5;    2.0;eor
       3946;20200530;    1;  11.4;   2.9;    1;   0.0;   0;    7.517;-999;   6.2;   8.1;  976.91;   11.4;   61.58;   15.8;    5.0;    2.8;eor
       3946;20200531;    1;   9.1;   2.4;    1;   0.0;   6;    3.633;-999;   6.2;   9.0;  975.71;   10.0;   73.79;   16.5;    2.5;    0.9;eor
       3946;20200601;    1;   8.5;   2.3;    1;   0.0;   0;   14.983;-999;   0.1;   9.3;  976.20;   13.6;   63.29;   21.0;    3.4;    1.6;eor
       3946;20200602;    1;   8.3;   2.0;    1;   0.0;   0;   14.983;-999;   0.9;   9.6;  971.69;   15.4;   58.96;   23.1;    4.8;    2.9;eor
       3946;20200603;    1;  10.6;   1.9;    1;   0.0;   6;    8.050;-999;   7.5;  10.6;  960.84;   16.3;   60.42;   25.6;    8.0;    5.9;eor
       3946;20200604;    1;   8.3;   1.9;    1;   6.8;   6;    1.567;-999;   7.9;  13.8;  951.38;   14.2;   84.96;   18.2;    9.3;    7.8;eor
       3946;20200605;    1;  12.4;   3.2;    1;   2.0;   6;    3.317;-999;   7.6;  10.4;  952.47;   11.9;   75.83;   16.7;    8.2;    7.3;eor
       3946;20200606;    1;  10.9;   3.6;    1;   2.3;   6;    3.733;-999;   6.4;  10.1;  958.79;   11.7;   74.00;   17.0;    7.5;    6.1;eor
       3946;20200607;    1;   6.1;   1.8;    1;   4.4;   6;    0.217;-999;   6.8;  11.9;  963.43;   11.2;   89.79;   13.2;    7.6;    6.3;eor
       3946;20200608;    1;   5.4;   1.4;    1;   0.0;   6;    1.833;-999;   7.6;  10.0;  968.35;   12.3;   73.00;   17.7;    7.3;    5.7;eor
       3946;20200609;    1;   9.1;   1.6;    1;  11.1;   6;    0.000;-999;   7.5;  12.2;  969.53;   12.5;   84.25;   18.0;    8.3;    8.3;eor
