STATIONS_ID;MESS_DATUM;QN_3;  FX;  FM;QN_4; RSK;RSKF; SDK;SHK_TAG;  NM; VPM;  PM; TMK; UPM; TXK; TNK; TGK;eor
       2750;20181208;-999;-999;-999;    3;  11.8;   4;    0.000;   0;  -999;   8.1;    -999;    5.7;   88.63;    7.0;    4.4;    2.4;eor
       2750;20181209;-999;-999;-999;    3;   4.5;   4;    0.000;   0;  -999;   8.4;    -999;    6.2;   88.00;    7.8;    3.7;    1.5;eor
       2750;20181210;-999;-999;-999;    3;   1.4;   4;    0.733;   0;  -999;   6.6;    -999;    3.1;   86.38;    4.9;    1.8;    0.1;eor
       2750;20181211;-999;-999;-999;    3;   0.4;   4;    0.167;   0;  -999;   6.5;    -999;    2.5;   89.21;    3.6;    1.7;    0.0;eor
       2750;20181212;-999;-999;-999;    3;   0.1;   4;    0.383;   0;  -999;   6.0;    -999;    1.1;   90.79;    2.7;   -3.3;   -4.4;eor
       2750;20181213;-999;-999;-999;    3;   0.0;   0;    0.717;   0;  -999;   4.5;    -999;   -1.0;   79.71;    0.1;   -4.6;   -6.1;eor
       2750;20181214;-999;-999;-999;    3;   0.0;   0;    0.000;   0;  -999;   4.1;    -999;   -1.1;   72.63;   -0.7;   -1.7;   -2.0;eor
       2750;20181215;-999;-999;-999;    3;   0.0;   0;    0.000;   0;  -999;   3.9;    -999;   -1.0;   69.50;   -0.5;   -2.7;   -5.4;eor
       2750;20181216;-999;-999;-999;    3;   0.7;   4;    0.000;   0;  -999;   4.5;    -999;   -2.8;   90.58;   -0.8;   -6.5;   -8.3;eor
       2750;20181217;-999;-999;-999;    3;   0.6;   4;    0.000;   1;  -999;   6.6;    -999;    1.1;   99.58;    3.4;   -0.8;   -0.9;eor
       2750;20181218;-999;-999;-999;    3;   0.2;   4;    0.700;   0;  -999;   7.0;    -999;    2.8;   93.75;    6.0;   -2.0;   -3.6;eor
       2750;20181219;-999;-999;-999;    3;   4.6;   4;    0.000;   0;  -999;   6.1;    -999;    0.7;   94.46;    1.8;   -2.6;   -3.9;eor
       2750;20181220;-999;-999;-999;    3;   2.0;   4;    0.000;   0;  -999;   7.6;    -999;    3.6;   96.08;    5.7;    1.3;    0.7;eor
       2750;20181221;-999;-999;-999;    3;  15.1;   4;    0.000;   0;  -999;   9.2;    -999;    7.3;   89.75;   10.8;    4.9;    4.0;eor
       2750;20181222;-999;-999;-999;    3;   3.3;   4;    0.233;   0;  -999;   9.4;    -999;    8.7;   83.50;   10.7;    5.4;    2.7;eor
       2750;20181223;-999;-999;-999;    3;  15.5;   4;    0.000;   0;  -999;   8.8;    -999;    6.4;   92.25;    7.9;    4.7;    2.9;eor
       2750;20181224;-999;-999;-999;    3;   1.7;   4;    0.500;   0;  -999;   7.0;    -999;    3.0;   92.79;    5.2;   -1.4;   -3.1;eor
       2750;20181225;-999;-999;-999;    3;   0.0;   0;    0.000;   0;  -999;   6.1;    -999;    0.9;   92.54;    2.1;   -1.0;   -2.2;eor
       2750;20181226;-999;-999;-999;    3;   0.2;   4;    0.000;   0;  -999;   5.9;    -999;   -0.2;   97.63;    1.1;   -2.6;   -3.8;eor
       2750;20181227;-999;-999;-999;    3;   0.0;   0;    0.000;   0;  -999;   6.7;    -999;    1.6;   98.00;    3.6;    0.4;    0.2;eor
       2750;20181228;-999;-999;-999;    3;   0.3;   4;    0.000;   0;  -999;   6.2;    -999;    0.2;   99.63;    1.7;   -0.6;   -0.6;eor
       2750;20181229;-999;-999;-999;    3;   7.8;   4;    0.000;   0;  -999;   6.1;    -999;    0.3;   98.08;    1.9;   -0.7;   -0.9;eor
       2750;20181230;-999;-999;-999;    3;   0.1;   4;    0.350;   0;  -999;   7.6;    -999;    4.2;   92.04;    6.4;    1.3;    0.5;eor
       2750;20181231;-999;-999;-999;    3;   0.6;   4;    0.000;   0;  -999;   8.8;    -999;    5.2;   98.79;    6.3;    4.1;    3.7;eor
       2750;20190101;-999;-999;-999;    3;   5.3;   4;    0.000;   0;  -999;   8.4;    -999;    5.6;   92.04;    6.7;    1.4;    0.4;eor
       2750;20190102;-999;-999;-999;    3;   1.3;   4;    2.933;   0;  -999;   5.1;    -999;    1.2;   76.96;    2.8;   -0.6;   -2.8;eor
       2750;20190103;-999;-999;-999;    3;   0.3;   4;    5.450;   1;  -999;   4.4;    -999;   -1.3;   80.00;    2.0;   -5.2;   -7.2;eor
       2750;20190104;-999;-999;-999;    3;   7.0;   4;    0.000;   1;  -999;   5.7;    -999;    0.2;   92.04;    1.6;   -1.3;   -2.5;eor
       2750;20190105;-999;-999;-999;    3;   5.9;   4;    0.000;   0;  -999;   6.9;    -999;    1.9;   98.96;    2.9;    0.6;    0.0;eor
       2750;20190106;-999;-999;-999;    3;   1.2;   4;    0.000;   0;  -999;   7.3;    -999;    2.9;   97.63;    4.1;    1.9;    1.0;eor
       2750;20190107;-999;-999;-999;    3;   9.4;   4;    0.000;   0;  -999;   7.5;    -999;    3.5;   95.29;    4.9;    1.5;    0.7;eor
       2750;20190108;-999;-999;-999;    3;  18.4;   4;    0.000;   0;  -999;   7.1;    -999;    2.8;   94.92;    4.3;    0.6;    0.0;eor
       2750;20190109;-999;-999;-999;    3;   1.7;   4;    0.000;   1;  -999;   6.0;    -999;    0.5;   94.00;    1.5;   -0.5;   -1.8;eor
       2750;20190110;-999;-999;-999;    3;   0.5;   4;    0.067;   2;  -999;   5.1;    -999;   -0.8;   88.25;    0.5;   -2.7;   -3.9;eor
       2750;20190111;-999;-999;-999;    3;   5.1;   4;    0.000;   2;  -999;   5.4;    -999;   -1.4;   96.96;    0.7;   -3.0;   -3.8;eor
       2750;20190112;-999;-999;-999;    3;   7.8;   4;    0.000;   2;  -999;   6.7;    -999;    1.6;   97.54;    3.1;    0.4;    0.0;eor
       2750;20190113;-999;-999;-999;    3;   8.6;   4;    0.000;   0;  -999;   8.2;    -999;    4.8;   94.04;    7.4;    1.5;    0.7;eor
       2750;20190114;-999;-999;-999;    3;   0.1;   4;    0.333;   0;  -999;   6.1;    -999;    2.6;   82.38;    5.2;   -0.6;   -2.3;eor
       2750;20190115;-999;-999;-999;    3;   0.2;   4;    0.000;   0;  -999;   6.1;    -999;    2.5;   82.33;    4.2;    0.7;    0.1;eor
       2750;20190116;-999;-999;-999;    3;   0.0;   4;    0.000;   0;  -999;   6.5;    -999;    2.5;   88.96;    4.2;   -2.2;   -3.9;eor
       2750;20190117;-999;-999;-999;    3;   5.9;   4;    0.017;   0;  -999;   7.0;    -999;    3.4;   89.63;    5.9;   -1.8;   -3.5;eor
       2750;20190118;-999;-999;-999;    3;   0.0;   0;    5.417;   0;  -999;   4.7;    -999;   -1.4;   85.71;    2.0;   -6.8;   -8.1;eor
       2750;20190119;-999;-999;-999;    3;   0.0;   0;    6.200;   0;  -999;   3.4;    -999;   -4.4;   79.17;    2.2;   -8.8;  -10.5;eor
       2750;20190120;-999;-999;-999;    3;   0.0;   0;    6.000;   0;  -999;   3.5;    -999;   -5.1;   83.13;    0.0;  -10.5;  -12.4;eor
       2750;20190121;-999;-999;-999;    3;   0.0;   0;    0.000;   0;  -999;   3.7;    -999;   -3.1;   76.21;   -0.4;   -9.6;  -12.2;eor
       2750;20190122;-999;-999;-999;    3;   0.0;   0;    0.000;   0;  -999;   3.2;    -999;   -7.2;   87.63;   -3.9;  -11.8;  -13.8;eor
       2750;20190123;-999;-999;-999;    3;   0.0;   0;    0.000;   0;  -999;   3.3;    -999;   -5.8;   82.04;   -4.1;   -7.7;   -8.8;eor
       2750;20190124;-999;-999;-999;    3;   0.2;   4;    0.000;   0;  -999;   3.9;    -999;   -4.4;   87.71;   -2.8;   -5.7;   -5.8;eor
       2750;20190125;-999;-999;-999;    3;   3.0;   4;    0.000;   3;  -999;   4.1;    -999;   -3.8;   89.25;   -1.9;   -4.6;   -5.0;eor
       2750;20190126;-999;-999;-999;    3;   5.3;   4;    0.000;   6;  -999;   6.4;    -999;    0.7;   98.92;    2.9;   -2.0;   -2.2;eor
       2750;20190127;-999;-999;-999;    3;   8.0;   4;    0.000;   1;  -999;   7.2;    -999;    2.8;   96.33;    4.5;    2.0;    1.0;eor
       2750;20190128;-999;-999;-999;    3;   2.6;   4;    0.000;   0;  -999;   6.3;    -999;    1.5;   93.08;    3.1;    0.8;    0.1;eor
       2750;20190129;-999;-999;-999;    3;   0.4;   4;    0.083;   0;  -999;   5.5;    -999;   -0.1;   91.13;    1.9;   -3.8;   -6.2;eor
       2750;20190130;-999;-999;-999;    3;   0.1;   4;    0.667;   0;  -999;   4.6;    -999;   -1.5;   84.63;    1.9;   -6.6;   -8.4;eor
       2750;20190131;-999;-999;-999;    3;   0.2;   4;    5.717;   0;  -999;   4.5;    -999;   -1.1;   80.54;    3.3;   -5.4;   -7.8;eor
       2750;20190201;-999;-999;-999;    3;   4.4;   4;    0.000;   1;  -999;   5.4;    -999;    0.4;   85.00;    3.5;   -5.1;   -6.1;eor
       2750;20190202;-999;-999;-999;    3;   0.0;   0;    0.000;   0;  -999;   6.6;    -999;    1.2;   98.96;    2.6;    0.4;    0.0;eor
       2750;20190203;-999;-999;-999;    3;   0.0;   0;    0.000;   0;  -999;   5.6;    -999;    0.8;   85.42;    1.8;   -0.1;   -1.3;eor
       2750;20190204;-999;-999;-999;    3;   0.0;   0;    2.717;   0;  -999;   4.8;    -999;   -1.5;   88.96;    3.5;   -5.3;   -6.7;eor
       2750;20190205;-999;-999;-999;    3;   0.1;   4;    0.000;   0;  -999;   4.6;    -999;   -2.6;   90.29;   -1.3;   -5.0;   -6.5;eor
       2750;20190206;-999;-999;-999;    3;   0.0;   0;    5.033;   0;  -999;   4.8;    -999;   -1.3;   87.25;    2.5;   -5.7;   -6.9;eor
       2750;20190207;-999;-999;-999;    3;   1.7;   4;    0.000;   0;  -999;   4.6;    -999;   -3.2;   94.79;   -0.1;   -6.7;   -7.9;eor
       2750;20190208;-999;-999;-999;    3;   0.2;   4;    0.967;   1;  -999;   6.6;    -999;    2.5;   90.25;    7.4;   -0.3;   -2.1;eor
       2750;20190209;-999;-999;-999;    3;   3.4;   4;    0.367;   0;  -999;   7.3;    -999;    4.7;   84.38;    7.2;   -0.9;   -2.5;eor
       2750;20190210;-999;-999;-999;    3;  11.8;   4;    0.000;   0;  -999;   7.7;    -999;    4.8;   88.83;    8.1;   -0.1;   -2.1;eor
       2750;20190211;-999;-999;-999;    3;   1.2;   4;    0.450;   0;  -999;   6.6;    -999;    2.9;   88.08;    4.9;    0.1;   -1.5;eor
       2750;20190212;-999;-999;-999;    3;   0.9;   4;    0.117;   0;  -999;   5.8;    -999;    2.2;   81.67;    3.2;    0.6;   -1.2;eor
       2750;20190213;-999;-999;-999;    3;   0.0;   0;    0.000;   0;  -999;   6.0;    -999;    0.8;   92.71;    5.5;   -2.6;   -3.9;eor
       2750;20190214;-999;-999;-999;    3;   0.0;   0;    4.983;   0;  -999;   5.5;    -999;   -0.2;   91.92;    7.8;   -4.0;   -5.0;eor
       2750;20190215;-999;-999;-999;    3;   0.0;   0;    7.883;   0;  -999;   5.6;    -999;    1.0;   86.75;   13.0;   -4.7;   -6.2;eor
       2750;20190216;-999;-999;-999;    3;   0.0;   0;    7.883;   0;  -999;   5.6;    -999;    1.5;   85.38;   13.6;   -4.8;   -6.2;eor
       2750;20190217;-999;-999;-999;    3;   0.0;   0;    7.800;   0;  -999;   5.8;    -999;    1.8;   85.96;   14.0;   -4.8;   -6.5;eor
       2750;20190218;-999;-999;-999;    3;   0.0;   0;    8.017;   0;  -999;   5.6;    -999;    1.6;   84.54;   13.4;   -5.1;   -6.6;eor
       2750;20190219;-999;-999;-999;    3;   0.2;   4;    0.833;   0;  -999;   5.8;    -999;   -0.3;   95.33;    6.2;   -5.2;   -6.2;eor
       2750;20190220;-999;-999;-999;    3;   0.0;   0;    0.633;   0;  -999;   6.4;    -999;    1.5;   93.42;    7.5;   -3.7;   -4.8;eor
       2750;20190221;-999;-999;-999;    3;   0.2;   4;    0.583;   0;  -999;   7.1;    -999;    3.1;   92.58;    8.3;   -1.9;   -3.1;eor
       2750;20190222;-999;-999;-999;    3;   0.1;   4;    0.017;   0;  -999;   8.1;    -999;    5.5;   88.63;    8.7;   -1.0;   -2.9;eor
       2750;20190223;-999;-999;-999;    3;   0.0;   0;    7.767;   0;  -999;   3.9;    -999;    0.2;   68.33;    7.2;   -4.9;   -6.7;eor
       2750;20190224;-999;-999;-999;    3;   0.0;   0;    5.933;   0;  -999;   3.9;    -999;   -0.4;   71.42;   10.3;   -6.1;   -7.9;eor
       2750;20190225;-999;-999;-999;    3;   0.0;   0;    8.417;   0;  -999;   4.9;    -999;    2.3;   73.42;   14.6;   -4.6;   -6.7;eor
       2750;20190226;-999;-999;-999;    3;   0.0;   0;    8.233;   0;  -999;   5.8;    -999;    3.8;   77.25;   16.5;   -3.3;   -5.4;eor
       2750;20190227;-999;-999;-999;    3;   0.0;   0;    8.750;   0;  -999;   5.3;    -999;    4.0;   71.54;   16.8;   -3.4;   -5.0;eor
       2750;20190228;-999;-999;-999;    3;   2.1;   4;    7.400;   0;  -999;   6.5;    -999;    5.6;   72.96;   14.9;   -4.5;   -6.8;eor
       2750;20190301;-999;-999;-999;    3;   2.9;   4;    0.867;   0;  -999;   9.5;    -999;    7.7;   90.38;   10.5;    5.9;    5.0;eor
       2750;20190302;-999;-999;-999;    3;   0.3;   4;    0.000;   0;  -999;   8.1;    -999;    5.3;   89.88;    7.2;    4.0;    3.2;eor
       2750;20190303;-999;-999;-999;    3;   0.1;   4;    0.000;   0;  -999;   8.8;    -999;    9.1;   76.63;   10.6;    6.9;    6.0;eor
       2750;20190304;-999;-999;-999;    3;   3.2;   4;    0.117;   0;  -999;   7.5;    -999;    8.5;   68.75;   12.7;    2.4;    1.3;eor
       2750;20190305;-999;-999;-999;    3;   1.8;   4;    0.400;   0;  -999;   7.2;    -999;    4.7;   84.83;    6.5;    2.9;    1.8;eor
       2750;20190306;-999;-999;-999;    3;   0.0;   0;    2.000;   0;  -999;   7.9;    -999;    7.4;   77.63;   12.7;    3.5;    2.9;eor
       2750;20190307;-999;-999;-999;    3;   0.5;   4;    0.867;   0;  -999;   7.9;    -999;    9.0;   68.58;   12.1;    4.5;    2.1;eor
       2750;20190308;-999;-999;-999;    3;   3.2;   4;    1.283;   0;  -999;   7.4;    -999;    6.0;   79.38;    8.1;    1.5;   -0.4;eor
       2750;20190309;-999;-999;-999;    3;   6.9;   4;    0.133;   0;  -999;   8.2;    -999;    6.6;   84.78;    9.6;    1.7;   -1.1;eor
       2750;20190310;-999;-999;-999;    3;  20.9;   4;    0.367;   0;  -999;   8.5;    -999;    7.0;   84.46;   11.5;    3.9;    2.5;eor
       2750;20190311;-999;-999;-999;    3;   4.8;   4;    0.300;   0;  -999;   6.2;    -999;    2.5;   84.29;    4.7;    1.0;   -1.2;eor
       2750;20190312;-999;-999;-999;    3;   1.0;   4;    2.900;   0;  -999;   5.7;    -999;    4.8;   68.17;    8.4;    0.8;   -0.1;eor
       2750;20190313;-999;-999;-999;    3;   2.2;   4;    0.833;   0;  -999;   6.5;    -999;    5.4;   72.54;    7.4;    3.7;    1.4;eor
       2750;20190314;-999;-999;-999;    3;  12.6;   4;    0.000;   0;  -999;   7.5;    -999;    4.6;   88.50;    5.9;    3.6;    2.6;eor
       2750;20190315;-999;-999;-999;    3;  16.9;   4;    0.000;   0;  -999;   9.2;    -999;    7.1;   90.38;   10.6;    4.4;    3.4;eor
       2750;20190316;-999;-999;-999;    3;   2.1;   4;    0.000;   0;  -999;   9.1;    -999;    7.3;   89.17;    9.9;    3.9;    0.1;eor
       2750;20190317;-999;-999;-999;    3;   2.7;   4;    4.250;   0;  -999;   7.6;    -999;    5.9;   84.21;   13.5;    0.5;   -2.4;eor
       2750;20190318;-999;-999;-999;    3;   0.3;   4;    2.317;   0;  -999;   6.5;    -999;    3.1;   86.00;    7.4;   -0.5;   -2.2;eor
       2750;20190319;-999;-999;-999;    3;   0.0;   0;    2.967;   0;  -999;   5.7;    -999;    2.6;   80.42;    7.6;   -1.8;   -3.4;eor
       2750;20190320;-999;-999;-999;    3;   0.0;   0;   10.067;   0;  -999;   5.4;    -999;    2.9;   75.79;   11.4;   -3.7;   -5.5;eor
       2750;20190321;-999;-999;-999;    3;   0.0;   0;   10.150;   0;  -999;   6.4;    -999;    5.8;   74.71;   17.5;   -3.1;   -4.8;eor
       2750;20190322;-999;-999;-999;    3;   0.0;   0;    8.867;   0;  -999;   7.9;    -999;    8.6;   75.96;   19.9;   -0.9;   -2.8;eor
       2750;20190323;-999;-999;-999;    3;   0.0;   0;   10.283;   0;  -999;   8.0;    -999;    9.2;   72.58;   18.5;    0.0;   -2.8;eor
       2750;20190324;-999;-999;-999;    3;   0.0;   0;    0.033;   0;  -999;   8.8;    -999;    7.8;   83.50;   10.8;    0.8;   -1.3;eor
       2750;20190325;-999;-999;-999;    3;   2.1;   4;    2.817;   0;  -999;   6.6;    -999;    2.9;   88.42;    8.2;   -0.5;   -2.4;eor
       2750;20190326;-999;-999;-999;    3;   0.2;   4;    0.200;   0;  -999;   6.5;    -999;    4.1;   80.58;    7.0;    0.4;   -1.6;eor
       2750;20190327;-999;-999;-999;    3;   0.0;   4;    0.883;   0;  -999;   7.3;    -999;    5.7;   81.42;    9.6;    1.0;   -0.7;eor
       2750;20190328;-999;-999;-999;    3;   0.2;   4;    0.050;   0;  -999;   9.0;    -999;    7.4;   87.08;   11.5;    3.4;    2.4;eor
       2750;20190329;-999;-999;-999;    3;   0.0;   0;    7.733;   0;  -999;   8.7;    -999;    9.3;   77.79;   16.6;    1.4;   -1.7;eor
       2750;20190330;-999;-999;-999;    3;   0.0;   0;   10.717;   0;  -999;   7.3;    -999;    7.6;   74.96;   17.7;   -0.9;   -2.9;eor
       2750;20190331;-999;-999;-999;    3;   0.0;   0;    5.933;   0;  -999;   8.0;    -999;    7.8;   77.54;   17.5;    0.0;   -2.6;eor
       2750;20190401;-999;-999;-999;    3;   0.0;   0;   10.250;   0;  -999;   6.8;    -999;    7.5;   67.88;   14.4;    0.3;   -2.9;eor
       2750;20190402;-999;-999;-999;    3;   4.0;   4;   10.450;   0;  -999;   7.6;    -999;    8.8;   70.42;   18.3;   -1.8;   -4.6;eor
       2750;20190403;-999;-999;-999;    3;   0.0;   0;    7.550;   0;  -999;   9.7;    -999;   11.2;   76.42;   18.5;    4.9;    3.0;eor
       2750;20190404;-999;-999;-999;    3;   0.3;   4;    7.700;   0;  -999;   8.9;    -999;   10.2;   74.25;   19.4;    5.1;    3.6;eor
       2750;20190405;-999;-999;-999;    3;   0.0;   0;    1.550;   0;  -999;   9.7;    -999;    8.4;   88.46;   13.3;    5.8;    3.1;eor
       2750;20190406;-999;-999;-999;    3;   0.0;   0;    8.883;   0;  -999;   8.9;    -999;   10.5;   74.71;   19.1;    1.6;   -0.9;eor
       2750;20190407;-999;-999;-999;    3;   0.0;   0;    9.650;   0;  -999;   7.8;    -999;    9.4;   71.08;   18.4;    0.2;   -2.2;eor
       2750;20190408;-999;-999;-999;    3;   5.0;   4;    3.117;   0;  -999;  10.2;    -999;    9.8;   85.08;   17.2;    2.5;   -0.3;eor
       2750;20190409;-999;-999;-999;    3;   0.0;   0;    8.033;   0;  -999;   9.4;    -999;    9.7;   79.04;   13.5;    7.4;    6.6;eor
       2750;20190410;-999;-999;-999;    3;   0.0;   0;    8.150;   0;  -999;   5.8;    -999;    7.1;   57.67;   11.4;    3.1;    0.6;eor
       2750;20190411;-999;-999;-999;    3;   0.0;   0;   11.667;   0;  -999;   4.6;    -999;    4.0;   57.67;    8.6;   -0.7;   -3.8;eor
       2750;20190412;-999;-999;-999;    3;   0.0;   0;    0.800;   0;  -999;   4.5;    -999;    2.2;   62.96;    5.2;   -1.4;   -4.1;eor
       2750;20190413;-999;-999;-999;    3;   0.0;   0;    7.600;   0;  -999;   4.9;    -999;    3.1;   66.54;    8.2;   -2.6;   -5.9;eor
       2750;20190414;-999;-999;-999;    3;   0.0;   4;    0.167;   0;  -999;   6.2;    -999;    2.0;   87.08;    5.0;   -3.4;   -5.7;eor
       2750;20190415;-999;-999;-999;    3;   0.0;   0;   11.600;   0;  -999;   6.6;    -999;    8.4;   62.75;   15.2;    0.9;   -2.7;eor
       2750;20190416;-999;-999;-999;    3;   0.0;   0;   11.983;   0;  -999;   5.4;    -999;    8.8;   54.54;   18.0;   -2.5;   -6.0;eor
       2750;20190417;-999;-999;-999;    3;   0.0;   0;   12.233;   0;  -999;   5.7;    -999;   10.8;   51.46;   19.5;   -1.2;   -4.6;eor
       2750;20190418;-999;-999;-999;    3;   0.0;   0;   12.267;   0;  -999;   6.7;    -999;   12.1;   53.63;   20.1;    0.8;   -2.5;eor
       2750;20190419;-999;-999;-999;    3;   0.0;   0;   12.317;   0;  -999;   7.1;    -999;   12.9;   55.04;   22.7;    0.0;   -2.7;eor
       2750;20190420;-999;-999;-999;    3;   0.0;   0;   12.383;   0;  -999;   6.7;    -999;   13.5;   50.88;   23.6;    1.3;   -3.0;eor
       2750;20190421;-999;-999;-999;    3;   0.0;   0;   12.383;   0;  -999;   6.8;    -999;   13.7;   50.96;   23.1;    1.7;   -2.7;eor
       2750;20190422;-999;-999;-999;    3;   0.0;   0;   12.317;   0;  -999;   6.7;    -999;   13.5;   49.96;   22.8;    1.3;   -2.7;eor
       2750;20190423;-999;-999;-999;    3;   0.0;   0;    9.000;   0;  -999;   9.0;    -999;   14.8;   53.83;   20.2;   10.1;    5.9;eor
       2750;20190424;-999;-999;-999;    3;   0.0;   0;   10.500;   0;  -999;   9.9;    -999;   16.8;   56.75;   25.8;    4.8;    1.8;eor
       2750;20190425;-999;-999;-999;    3;   0.0;   0;   11.300;   0;  -999;   8.1;    -999;   14.6;   57.21;   25.4;    2.1;   -1.5;eor
       2750;20190426;-999;-999;-999;    3;   6.4;   4;    1.350;   0;  -999;  10.0;    -999;    9.6;   84.21;   15.0;    4.5;    0.9;eor
       2750;20190427;-999;-999;-999;    3;  12.4;   4;    2.217;   0;  -999;  10.0;    -999;    9.7;   84.50;   15.8;    6.0;    4.6;eor
       2750;20190428;-999;-999;-999;    3;   4.8;   4;    2.917;   0;  -999;   8.5;    -999;    7.0;   85.42;   12.3;    2.9;    1.0;eor
       2750;20190429;-999;-999;-999;    3;   9.6;   4;    0.017;   0;  -999;   9.3;    -999;    6.5;   94.83;   10.1;    1.2;   -0.2;eor
       2750;20190430;-999;-999;-999;    3;   0.0;   0;   12.100;   0;  -999;   7.7;    -999;    9.5;   68.92;   15.7;    1.9;   -0.2;eor
       2750;20190501;-999;-999;-999;    3;   0.0;   4;    2.050;-999;  -999;   9.3;    -999;    8.8;   83.46;   19.0;    0.9;   -1.5;eor
       2750;20190502;-999;-999;-999;    3;   0.0;   4;   10.117;-999;  -999;   8.9;    -999;   10.5;   74.17;   19.1;    2.0;   -0.4;eor
       2750;20190503;-999;-999;-999;    3;   2.0;   4;    0.850;-999;  -999;   8.2;    -999;    7.9;   77.96;   12.1;    2.3;   -0.5;eor
       2750;20190504;-999;-999;-999;    3;   7.0;   4;    0.800;-999;  -999;   7.2;    -999;    3.5;   91.33;    5.7;   -0.4;   -2.1;eor
       2750;20190505;-999;-999;-999;    3;   0.0;   0;    2.300;-999;  -999;   5.9;    -999;    4.0;   76.00;   10.0;   -0.5;   -2.7;eor
       2750;20190506;-999;-999;-999;    3;   0.0;   0;    2.000;-999;  -999;   6.1;    -999;    4.9;   73.38;   10.7;   -1.1;   -3.5;eor
       2750;20190507;-999;-999;-999;    3;   0.0;   0;    1.300;-999;  -999;   6.8;    -999;    6.1;   75.25;   12.2;   -1.0;   -3.2;eor
       2750;20190508;-999;-999;-999;    3;   6.5;   4;    3.467;-999;  -999;   9.4;    -999;    8.7;   83.21;   15.4;    0.4;   -2.1;eor
       2750;20190509;-999;-999;-999;    3;   6.1;   4;    1.233;-999;  -999;  10.7;    -999;   10.5;   84.79;   14.7;    8.4;    7.2;eor
       2750;20190510;-999;-999;-999;    3;   4.5;   4;    4.433;-999;  -999;   9.4;    -999;   11.6;   71.29;   17.0;    6.9;    4.4;eor
       2750;20190511;-999;-999;-999;    3;  12.0;   4;    0.467;-999;  -999;  10.9;    -999;    9.5;   91.46;   13.9;    6.7;    5.3;eor
       2750;20190512;-999;-999;-999;    3;   0.0;   0;    7.233;-999;  -999;   7.4;    -999;    8.5;   68.63;   14.0;    2.4;   -0.4;eor
       2750;20190513;-999;-999;-999;    3;   0.0;   0;   12.500;-999;  -999;   6.0;    -999;    7.6;   62.79;   14.3;    0.2;   -2.7;eor
       2750;20190514;-999;-999;-999;    3;   0.3;   4;    8.117;-999;  -999;   6.4;    -999;    5.8;   73.00;   12.4;   -0.9;   -3.3;eor
       2750;20190515;-999;-999;-999;    3;   0.1;   4;    3.400;-999;  -999;   6.0;    -999;    5.6;   68.88;    9.5;   -1.9;   -4.1;eor
       2750;20190516;-999;-999;-999;    3;   2.6;   4;    0.000;-999;  -999;   8.6;    -999;    6.9;   86.08;    8.2;    5.5;    4.7;eor
       2750;20190517;-999;-999;-999;    3;   0.0;   0;    5.183;-999;  -999;   9.8;    -999;   11.0;   76.96;   18.2;    4.1;    1.2;eor
       2750;20190518;-999;-999;-999;    3;   0.0;   0;   11.467;-999;  -999;  10.3;    -999;   13.2;   71.96;   23.0;    1.9;   -0.3;eor
       2750;20190519;-999;-999;-999;    3;  10.7;   4;    7.767;-999;  -999;  11.6;    -999;   15.3;   71.33;   24.4;    6.0;    3.4;eor
       2750;20190520;-999;-999;-999;    3;  33.1;   4;    0.633;-999;  -999;  14.4;    -999;   14.2;   89.83;   20.5;    9.8;    9.4;eor
       2750;20190521;-999;-999;-999;    3;   6.3;   4;    0.417;-999;  -999;  15.2;    -999;   14.6;   91.79;   18.7;   12.5;   12.3;eor
       2750;20190522;-999;-999;-999;    3;   0.0;   0;    1.100;-999;  -999;  12.2;    -999;   12.6;   83.46;   16.5;    4.6;    2.3;eor
       2750;20190523;-999;-999;-999;    3;   0.0;   0;    9.050;-999;  -999;  10.4;    -999;   12.1;   76.58;   20.0;    3.2;    1.5;eor
       2750;20190524;-999;-999;-999;    3;   0.0;   0;   12.350;-999;  -999;  11.0;    -999;   14.9;   69.75;   22.8;    5.9;    3.6;eor
       2750;20190525;-999;-999;-999;    3;   0.0;   4;    9.067;-999;  -999;  12.3;    -999;   15.2;   72.92;   21.7;    8.0;    6.4;eor
       2750;20190526;-999;-999;-999;    3;   0.0;   0;   10.967;-999;  -999;  11.7;    -999;   15.1;   71.46;   21.8;    6.9;    4.3;eor
       2750;20190527;-999;-999;-999;    3;   5.4;   4;    7.450;-999;  -999;  12.9;    -999;   14.7;   78.13;   20.6;    6.5;    4.1;eor
       2750;20190528;-999;-999;-999;    3;   2.3;   4;    0.150;-999;  -999;  13.2;    -999;   12.8;   89.58;   16.4;    8.4;    7.1;eor
       2750;20190529;-999;-999;-999;    3;   0.0;   0;    2.967;-999;  -999;   9.6;    -999;   10.2;   79.13;   16.0;    3.4;    0.3;eor
       2750;20190530;-999;-999;-999;    3;   0.0;   4;   11.167;-999;  -999;   9.2;    -999;   12.7;   67.54;   20.9;    1.5;   -1.0;eor
       2750;20190531;-999;-999;-999;    3;   0.0;   0;    4.000;-999;  -999;  14.3;    -999;   16.8;   76.46;   23.3;   10.7;    8.2;eor
       2750;20190601;-999;-999;-999;    3;   0.0;   0;   12.550;-999;  -999;  14.0;    -999;   18.2;   71.63;   26.5;    8.4;    6.0;eor
       2750;20190602;-999;-999;-999;    3;   0.0;   0;   13.550;-999;  -999;  14.1;    -999;   20.2;   65.88;   29.6;    9.7;    7.1;eor
       2750;20190603;-999;-999;-999;    3;   0.0;   0;   11.250;-999;  -999;  14.1;    -999;   20.9;   63.75;   31.3;   10.2;    6.8;eor
       2750;20190604;-999;-999;-999;    3;   0.0;   0;   13.383;-999;  -999;  14.6;    -999;   20.8;   65.29;   29.9;   11.5;    8.8;eor
       2750;20190605;-999;-999;-999;    3;   0.0;   0;   10.450;-999;  -999;  14.9;    -999;   20.9;   67.25;   31.5;   11.4;    8.5;eor
       2750;20190606;-999;-999;-999;    3;   3.9;   4;    2.200;-999;  -999;  14.3;    -999;   15.4;   81.96;   21.0;   11.3;    9.0;eor
       2750;20190607;-999;-999;-999;    3;   0.4;   4;    9.033;-999;  -999;  14.5;    -999;   18.3;   71.71;   26.5;   11.4;   11.3;eor
       2750;20190608;-999;-999;-999;    3;   0.0;   0;    8.333;-999;  -999;  10.2;    -999;   14.4;   66.08;   20.6;    6.7;    3.2;eor
       2750;20190609;-999;-999;-999;    3;   1.3;   4;    9.450;-999;  -999;  12.4;    -999;   16.6;   70.04;   25.9;    4.5;    1.6;eor
       2750;20190610;-999;-999;-999;    3;   2.8;   4;    2.283;-999;  -999;  16.9;    -999;   17.9;   84.13;   24.6;   13.5;   12.1;eor
       2750;20190611;-999;-999;-999;    3;   0.0;   4;    7.017;-999;  -999;  16.9;    -999;   19.0;   78.67;   25.2;   14.3;   13.9;eor
       2750;20190612;-999;-999;-999;    3;   2.6;   4;    4.533;-999;  -999;  17.0;    -999;   17.9;   82.96;   27.1;   12.9;   12.3;eor
       2750;20190613;-999;-999;-999;    3;   0.0;   0;    9.350;-999;  -999;  13.4;    -999;   17.5;   71.67;   25.0;   10.5;    7.5;eor
       2750;20190614;-999;-999;-999;    3;   0.0;   0;    9.283;-999;  -999;  15.1;    -999;   21.1;   64.21;   30.3;    8.8;    5.8;eor
       2750;20190615;-999;-999;-999;    3;   1.2;   4;   12.100;-999;  -999;  16.1;    -999;   20.9;   67.13;   25.8;   14.2;   11.8;eor
       2750;20190616;-999;-999;-999;    3;   5.2;   4;    0.000;-999;  -999;  16.7;    -999;   16.3;   90.58;   19.1;   13.9;   12.7;eor
       2750;20190617;-999;-999;-999;    3;   0.0;   0;    8.633;-999;  -999;  14.6;    -999;   18.6;   72.33;   26.8;   11.2;    8.9;eor
       2750;20190618;-999;-999;-999;    3;   0.0;   0;   10.667;-999;  -999;  14.8;    -999;   19.9;   68.13;   29.1;   10.1;    7.3;eor
       2750;20190619;-999;-999;-999;    3;   1.6;   4;   12.600;-999;  -999;  15.3;    -999;   22.2;   62.71;   31.1;   13.6;   11.5;eor
       2750;20190620;-999;-999;-999;    3;   0.0;   0;    3.650;-999;  -999;  16.6;    -999;   19.2;   76.46;   25.4;   13.0;   10.4;eor
       2750;20190621;-999;-999;-999;    3;   0.0;   0;    8.633;-999;  -999;  14.8;    -999;   18.6;   72.38;   25.5;   10.3;    8.1;eor
       2750;20190622;-999;-999;-999;    3;   0.2;   4;    8.300;-999;  -999;  14.8;    -999;   19.7;   66.71;   26.4;   10.8;    8.1;eor
       2750;20190623;-999;-999;-999;    3;   0.0;   0;    8.083;-999;  -999;  15.3;    -999;   21.7;   61.38;   27.8;   13.8;   11.2;eor
       2750;20190624;-999;-999;-999;    3;   0.0;   0;   13.917;-999;  -999;  14.5;    -999;   22.2;   59.88;   30.8;   11.9;    9.5;eor
       2750;20190625;-999;-999;-999;    3;   0.0;   0;   13.917;-999;  -999;  15.7;    -999;   23.8;   59.79;   33.9;   12.6;    9.6;eor
       2750;20190626;-999;-999;-999;    3;   0.0;   0;   13.900;-999;  -999;  18.5;    -999;   26.3;   60.04;   35.9;   14.4;   11.5;eor
       2750;20190627;-999;-999;-999;    3;   0.0;   0;   13.683;-999;  -999;  12.8;    -999;   23.6;   47.67;   31.1;   13.1;    9.9;eor
       2750;20190628;-999;-999;-999;    3;   0.0;   0;   13.650;-999;  -999;  10.8;    -999;   19.3;   52.96;   28.0;   10.1;    6.3;eor
       2750;20190629;-999;-999;-999;    3;   0.0;   0;   13.917;-999;  -999;  11.3;    -999;   21.1;   53.33;   33.1;    7.5;    4.1;eor
       2750;20190630;-999;-999;-999;    3;   0.0;   0;   13.933;-999;  -999;  13.8;    -999;   24.2;   52.08;   35.5;   10.2;    7.0;eor
       2750;20190701;-999;-999;-999;    3;   0.0;   0;    9.983;-999;  -999;  16.2;    -999;   23.4;   58.25;   30.2;   13.9;    9.9;eor
       2750;20190702;-999;-999;-999;    3;   0.0;   0;   12.383;-999;  -999;  10.8;    -999;   18.6;   53.83;   26.1;    9.1;    5.4;eor
       2750;20190703;-999;-999;-999;    3;   0.0;   0;   13.150;-999;  -999;   8.8;    -999;   16.2;   52.33;   24.6;    5.9;    2.5;eor
       2750;20190704;-999;-999;-999;    3;   0.0;   0;   13.683;-999;  -999;   9.1;    -999;   17.0;   52.17;   25.7;    6.1;    2.5;eor
       2750;20190705;-999;-999;-999;    3;   0.0;   0;    8.450;-999;  -999;  10.7;    -999;   18.1;   55.38;   26.5;    9.6;    7.6;eor
       2750;20190706;-999;-999;-999;    3;   0.3;   4;   10.033;-999;  -999;  11.5;    -999;   21.2;   50.29;   29.9;    9.9;    6.9;eor
       2750;20190707;-999;-999;-999;    3;   1.2;   4;    4.683;-999;  -999;  11.7;    -999;   15.6;   67.92;   21.8;    7.4;    3.8;eor
       2750;20190708;-999;-999;-999;    3;   0.0;   0;    8.550;-999;  -999;   8.8;    -999;   13.8;   59.46;   20.8;    6.3;    2.4;eor
       2750;20190709;-999;-999;-999;    3;   0.0;   0;    3.000;-999;  -999;   8.5;    -999;   12.3;   63.46;   18.8;    3.4;   -0.1;eor
       2750;20190710;-999;-999;-999;    3;   1.3;   4;   11.933;-999;  -999;   8.7;    -999;   14.9;   56.46;   23.7;    4.0;    0.6;eor
       2750;20190711;-999;-999;-999;    3;   4.4;   4;    0.700;-999;  -999;  13.3;    -999;   14.7;   80.00;   21.3;   10.6;    9.4;eor
       2750;20190712;-999;-999;-999;    3;  13.2;   4;    4.000;-999;  -999;  15.5;    -999;   16.2;   85.38;   23.9;   13.2;   12.8;eor
       2750;20190713;-999;-999;-999;    3;   7.7;   4;    2.000;-999;  -999;  15.2;    -999;   16.0;   84.54;   20.7;   13.4;   13.2;eor
       2750;20190714;-999;-999;-999;    3;   0.0;   0;    4.000;-999;  -999;  13.9;    -999;   16.2;   77.04;   20.4;   10.5;    8.1;eor
       2750;20190715;-999;-999;-999;    3;   0.0;   0;    9.000;-999;  -999;  12.4;    -999;   16.5;   69.42;   24.7;    8.9;    6.8;eor
       2750;20190716;-999;-999;-999;    3;   0.0;   0;   11.000;-999;  -999;  11.9;    -999;   16.0;   68.38;   23.8;    8.2;    6.4;eor
       2750;20190717;-999;-999;-999;    3;   0.0;   0;   10.800;-999;  -999;  12.4;    -999;   17.7;   65.21;   25.1;   10.1;    8.1;eor
       2750;20190718;-999;-999;-999;    3;   0.0;   0;    9.667;-999;  -999;  12.5;    -999;   18.7;   63.00;   27.3;    9.2;    6.9;eor
       2750;20190719;-999;-999;-999;    3;   2.0;   4;    0.867;-999;  -999;  16.4;    -999;   17.3;   83.46;   23.6;   12.8;   11.3;eor
       2750;20190720;-999;-999;-999;    3;   0.1;   4;    9.867;-999;  -999;  14.5;    -999;   22.6;   59.13;   32.0;   11.9;   10.2;eor
       2750;20190721;-999;-999;-999;    3;   0.0;   0;    6.800;-999;  -999;  15.5;    -999;   21.0;   65.54;   28.4;   13.0;   10.7;eor
       2750;20190722;-999;-999;-999;    3;   0.0;   0;    8.417;-999;  -999;  13.3;    -999;   20.0;   62.13;   29.2;   10.6;    8.3;eor
       2750;20190723;-999;-999;-999;    3;   0.0;   0;   13.300;-999;  -999;  14.0;    -999;   23.6;   54.25;   33.8;   12.0;   10.3;eor
       2750;20190724;-999;-999;-999;    3;   0.0;   0;   13.250;-999;  -999;  14.5;    -999;   25.6;   50.58;   36.3;   13.2;   11.1;eor
       2750;20190725;-999;-999;-999;    3;   0.0;   0;   13.250;-999;  -999;  12.9;    -999;   27.0;   43.71;   37.4;   15.0;   13.1;eor
       2750;20190726;-999;-999;-999;    3;   0.0;   0;   13.100;-999;  -999;  12.5;    -999;   26.3;   41.79;   35.0;   14.4;   12.4;eor
       2750;20190727;-999;-999;-999;    3;   0.0;   4;    8.000;-999;  -999;  14.6;    -999;   22.7;   55.00;   30.9;   15.1;   13.1;eor
       2750;20190728;-999;-999;-999;    3;   2.9;   4;    4.350;-999;  -999;  18.3;    -999;   21.7;   73.46;   29.6;   17.1;   15.6;eor
       2750;20190729;-999;-999;-999;    3;   0.0;   0;    4.183;-999;  -999;  20.1;    -999;   21.6;   78.96;   26.2;   18.4;   17.7;eor
       2750;20190730;-999;-999;-999;    3;   7.6;   4;    2.717;-999;  -999;  17.7;    -999;   21.5;   71.13;   27.5;   15.5;   13.2;eor
       2750;20190731;-999;-999;-999;    3;   5.5;   4;    3.350;-999;  -999;  17.9;    -999;   17.4;   89.58;   23.0;   14.7;   13.2;eor
       2750;20190801;-999;-999;-999;    3;   0.0;   0;    8.350;-999;  -999;  13.4;    -999;   17.9;   69.58;   25.4;   11.1;    9.5;eor
       2750;20190802;-999;-999;-999;    3;   0.1;   4;    4.167;-999;  -999;  13.2;    -999;   17.6;   69.75;   25.6;   10.4;    8.8;eor
       2750;20190803;-999;-999;-999;    3;   2.9;   4;    3.867;-999;  -999;  15.2;    -999;   16.6;   82.08;   23.4;   12.2;   10.2;eor
       2750;20190804;-999;-999;-999;    3;   0.0;   0;   11.983;-999;  -999;  13.4;    -999;   18.6;   67.79;   27.1;    9.6;    7.6;eor
       2750;20190805;-999;-999;-999;    3;   0.1;   4;    1.750;-999;  -999;  15.8;    -999;   18.7;   74.33;   23.6;   13.5;   12.3;eor
       2750;20190806;-999;-999;-999;    3;   9.2;   4;    3.150;-999;  -999;  17.8;    -999;   18.6;   83.96;   25.4;   12.9;   11.3;eor
       2750;20190807;-999;-999;-999;    3;   4.8;   4;    0.000;-999;  -999;  18.6;    -999;   17.5;   93.50;   20.5;   15.5;   14.2;eor
       2750;20190808;-999;-999;-999;    3;   0.0;   0;    5.350;-999;  -999;  15.6;    -999;   18.7;   75.33;   25.2;   12.4;   10.3;eor
       2750;20190809;-999;-999;-999;    3;   4.3;   4;    6.867;-999;  -999;  16.4;    -999;   20.5;   71.08;   29.6;   10.1;    8.2;eor
       2750;20190810;-999;-999;-999;    3;   0.2;   4;    2.900;-999;  -999;  17.5;    -999;   20.5;   73.75;   24.8;   13.2;   10.5;eor
       2750;20190811;-999;-999;-999;    3;   0.1;   4;    8.450;-999;  -999;  14.7;    -999;   19.9;   67.38;   27.7;   10.8;    8.6;eor
       2750;20190812;-999;-999;-999;    3;   0.0;   0;    3.417;-999;  -999;  13.2;    -999;   18.2;   63.67;   21.6;   13.1;   10.4;eor
       2750;20190813;-999;-999;-999;    3;   0.0;   0;    4.600;-999;  -999;  11.2;    -999;   15.1;   69.04;   21.8;    7.9;    5.3;eor
       2750;20190814;-999;-999;-999;    3;   0.0;   0;    7.450;-999;  -999;   9.8;    -999;   14.1;   65.21;   21.9;    7.2;    4.6;eor
       2750;20190815;-999;-999;-999;    3;   3.6;   4;    0.567;-999;  -999;  13.4;    -999;   13.7;   83.92;   18.7;    6.9;    4.4;eor
       2750;20190816;-999;-999;-999;    3;   0.0;   0;    4.083;-999;  -999;  13.7;    -999;   16.5;   75.29;   22.4;    9.8;    6.7;eor
       2750;20190817;-999;-999;-999;    3;   1.2;   4;    0.150;-999;  -999;  14.5;    -999;   16.8;   77.38;   22.4;    9.1;    6.8;eor
       2750;20190818;-999;-999;-999;    3;   3.4;   4;    7.033;-999;  -999;  17.2;    -999;   21.6;   70.75;   30.5;   15.6;   14.3;eor
       2750;20190819;-999;-999;-999;    3;   0.0;   4;    4.917;-999;  -999;  15.3;    -999;   18.6;   74.17;   24.8;   12.8;   11.3;eor
       2750;20190820;-999;-999;-999;    3;   6.6;   4;    1.467;-999;  -999;  13.8;    -999;   15.7;   80.33;   22.5;   10.0;    8.1;eor
       2750;20190821;-999;-999;-999;    3;   0.0;   0;    7.600;-999;  -999;  12.9;    -999;   15.7;   75.63;   22.7;   10.3;    8.6;eor
       2750;20190822;-999;-999;-999;    3;   0.0;   0;   12.067;-999;  -999;  11.0;    -999;   16.3;   65.54;   25.9;    6.9;    4.7;eor
       2750;20190823;-999;-999;-999;    3;   0.0;   0;   12.200;-999;  -999;  11.2;    -999;   18.4;   59.79;   28.5;    7.3;    5.2;eor
       2750;20190824;-999;-999;-999;    3;   0.0;   0;    8.483;-999;  -999;  15.3;    -999;   19.5;   70.29;   28.4;    8.0;    6.0;eor
       2750;20190825;-999;-999;-999;    3;   7.7;   4;   10.333;-999;  -999;  17.8;    -999;   21.6;   74.54;   31.9;   13.8;   11.7;eor
       2750;20190826;-999;-999;-999;    3;   0.0;   0;    6.967;-999;  -999;  18.2;    -999;   21.0;   76.92;   30.0;   13.9;   12.8;eor
       2750;20190827;-999;-999;-999;    3;   0.2;   4;    9.633;-999;  -999;  18.0;    -999;   21.4;   74.50;   30.5;   14.2;   12.9;eor
       2750;20190828;-999;-999;-999;    3;   0.1;   4;    7.300;-999;  -999;  18.0;    -999;   22.0;   72.79;   31.9;   14.4;   12.9;eor
       2750;20190829;-999;-999;-999;    3;   0.0;   0;    6.950;-999;  -999;  17.8;    -999;   21.0;   74.50;   29.5;   13.5;   11.9;eor
       2750;20190830;-999;-999;-999;    3;   0.0;   0;    7.800;-999;  -999;  18.9;    -999;   21.4;   77.00;   30.5;   14.9;   13.6;eor
       2750;20190831;-999;-999;-999;    3;   0.0;   0;   10.283;-999;  -999;  16.5;    -999;   22.0;   68.25;   32.1;   13.7;   11.6;eor
       2750;20190901;-999;-999;-999;    3;   0.0;   0;    4.583;-999;  -999;  14.8;    -999;   19.8;   66.71;   28.1;   13.3;   11.5;eor
       2750;20190902;-999;-999;-999;    3;   0.0;   0;    8.483;-999;  -999;   9.4;    -999;   14.7;   60.33;   22.3;    6.0;    2.3;eor
       2750;20190903;-999;-999;-999;    3;   0.0;   0;   11.300;-999;  -999;   8.3;    -999;   13.5;   60.17;   23.5;    3.4;    0.7;eor
       2750;20190904;-999;-999;-999;    3;   0.0;   0;   11.350;-999;  -999;   9.7;    -999;   16.0;   59.71;   26.3;    6.0;    3.3;eor
       2750;20190905;-999;-999;-999;    3;   0.0;   0;    3.617;-999;  -999;  10.0;    -999;   14.8;   61.79;   20.8;    9.6;    6.6;eor
       2750;20190906;-999;-999;-999;    3;   0.0;   0;   10.250;-999;  -999;   8.8;    -999;   13.3;   61.88;   20.4;    4.0;    1.6;eor
       2750;20190907;-999;-999;-999;    3;   0.0;   0;    0.817;-999;  -999;  10.3;    -999;   13.6;   67.33;   18.6;   10.1;    9.6;eor
       2750;20190908;-999;-999;-999;    3;  10.2;   4;    0.983;-999;  -999;  11.3;    -999;   12.8;   77.67;   17.0;    6.9;    5.3;eor
       2750;20190909;-999;-999;-999;    3;  15.5;   4;    0.000;-999;  -999;  12.7;    -999;   11.6;   93.08;   13.7;    9.9;    8.9;eor
       2750;20190910;-999;-999;-999;    3;   0.0;   0;    4.967;-999;  -999;  11.4;    -999;   11.7;   84.67;   18.1;    5.6;    3.4;eor
       2750;20190911;-999;-999;-999;    3;   0.0;   0;   10.417;-999;  -999;   9.9;    -999;   12.0;   74.38;   21.5;    3.3;    1.2;eor
       2750;20190912;-999;-999;-999;    3;   0.4;   4;    1.717;-999;  -999;  14.1;    -999;   15.5;   80.75;   22.0;   10.5;    7.9;eor
       2750;20190913;-999;-999;-999;    3;   0.0;   0;    1.983;-999;  -999;  14.4;    -999;   15.5;   82.17;   21.6;    8.1;    6.2;eor
       2750;20190914;-999;-999;-999;    3;   0.0;   0;    8.050;-999;  -999;  11.7;    -999;   15.3;   68.79;   22.3;    8.4;    5.6;eor
       2750;20190915;-999;-999;-999;    3;   0.0;   0;   10.583;-999;  -999;  11.9;    -999;   14.7;   75.13;   25.8;    6.4;    4.2;eor
       2750;20190916;-999;-999;-999;    3;   0.0;   0;    0.700;-999;  -999;  12.2;    -999;   14.3;   75.79;   20.7;    6.4;    3.9;eor
       2750;20190917;-999;-999;-999;    3;   0.0;   0;    6.067;-999;  -999;   9.9;    -999;   14.2;   61.92;   19.3;    6.9;    3.4;eor
       2750;20190918;-999;-999;-999;    3;   0.0;   0;    7.367;-999;  -999;   7.3;    -999;    9.0;   67.58;   17.0;    2.1;   -1.0;eor
       2750;20190919;-999;-999;-999;    3;   0.0;   0;    7.933;-999;  -999;   6.6;    -999;    7.0;   70.29;   15.2;   -0.5;   -3.2;eor
       2750;20190920;-999;-999;-999;    3;   0.0;   0;   10.283;-999;  -999;   6.8;    -999;    8.3;   68.25;   18.9;   -0.4;   -3.2;eor
       2750;20190921;-999;-999;-999;    3;   0.0;   0;   10.150;-999;  -999;   8.0;    -999;   11.1;   67.13;   23.8;    0.4;   -2.2;eor
       2750;20190922;-999;-999;-999;    3;   0.0;   0;   10.050;-999;  -999;   9.3;    -999;   13.3;   66.46;   24.7;    2.7;   -0.3;eor
       2750;20190923;-999;-999;-999;    3;   2.7;   4;    1.350;-999;  -999;  12.9;    -999;   13.0;   85.58;   17.0;    7.0;    5.0;eor
       2750;20190924;-999;-999;-999;    3;   3.4;   4;    2.050;-999;  -999;  14.0;    -999;   14.3;   86.75;   18.1;   12.6;   12.0;eor
       2750;20190925;-999;-999;-999;    3;   3.5;   4;    1.783;-999;  -999;  13.9;    -999;   14.0;   86.92;   18.4;   11.7;    9.9;eor
       2750;20190926;-999;-999;-999;    3;   4.3;   4;    0.783;-999;  -999;  14.9;    -999;   14.8;   88.21;   18.7;   12.5;   12.1;eor
       2750;20190927;-999;-999;-999;    3;  14.8;   4;    0.000;-999;  -999;  15.3;    -999;   14.6;   91.96;   16.6;   11.4;    9.4;eor
       2750;20190928;-999;-999;-999;    3;   1.1;   4;    1.967;-999;  -999;  13.3;    -999;   13.7;   85.33;   17.1;   10.2;    7.2;eor
       2750;20190929;-999;-999;-999;    3;   9.6;   4;    4.200;-999;  -999;  11.9;    -999;   15.5;   69.17;   20.3;   10.0;    7.8;eor
       2750;20190930;-999;-999;-999;    3;   0.6;   4;    0.417;-999;  -999;  12.0;    -999;   13.0;   80.17;   15.4;    8.0;    5.9;eor
       2750;20191001;-999;-999;-999;    3;   9.9;   4;    0.017;   0;  -999;  13.2;    -999;   12.6;   90.00;   17.0;    7.8;    5.2;eor
       2750;20191002;-999;-999;-999;    3;   6.0;   4;    0.750;   0;  -999;  11.3;    -999;   10.2;   89.25;   14.3;    3.8;    2.5;eor
       2750;20191003;-999;-999;-999;    3;   0.2;   4;    0.117;   0;  -999;   9.5;    -999;    7.9;   89.00;   11.4;    3.6;    2.9;eor
       2750;20191004;-999;-999;-999;    3;   7.0;   4;    0.117;   0;  -999;  10.3;    -999;    9.5;   87.25;   11.6;    7.8;    7.1;eor
       2750;20191005;-999;-999;-999;    3;   0.0;   0;    0.100;   0;  -999;   9.5;    -999;    8.2;   87.25;   10.9;    3.4;    1.3;eor
       2750;20191006;-999;-999;-999;    3;   4.0;   4;    1.217;   0;  -999;   8.0;    -999;    6.5;   83.25;   10.7;    0.7;   -1.5;eor
       2750;20191007;-999;-999;-999;    3;   0.1;   4;    8.633;   0;  -999;   8.3;    -999;    7.4;   81.92;   12.4;    2.8;    1.0;eor
       2750;20191008;-999;-999;-999;    3;  21.0;   4;    0.000;   0;  -999;  12.0;    -999;   10.7;   93.29;   12.6;    7.0;    6.8;eor
       2750;20191009;-999;-999;-999;    3;   2.9;   4;    0.567;   0;  -999;  11.6;    -999;   11.2;   87.08;   13.8;    8.0;    5.1;eor
       2750;20191010;-999;-999;-999;    3;   7.3;   4;    1.017;   0;  -999;  10.3;    -999;    9.5;   86.79;   12.8;    7.0;    3.8;eor
       2750;20191011;-999;-999;-999;    3;   0.0;   0;    0.117;   0;  -999;  11.2;    -999;   10.3;   89.83;   14.7;    5.8;    3.5;eor
       2750;20191012;-999;-999;-999;    3;   0.1;   4;    8.150;   0;  -999;  12.2;    -999;   13.3;   81.54;   21.9;    4.3;    2.0;eor
       2750;20191013;-999;-999;-999;    3;   0.0;   0;    8.583;   0;  -999;  14.4;    -999;   16.1;   80.21;   23.8;    9.8;    7.2;eor
       2750;20191014;-999;-999;-999;    3;   0.0;   0;    8.650;   0;  -999;  12.9;    -999;   13.7;   84.58;   24.4;    7.4;    5.2;eor
       2750;20191015;-999;-999;-999;    3;   3.9;   4;    7.100;   0;  -999;  12.8;    -999;   13.0;   86.04;   21.2;    6.5;    4.3;eor
       2750;20191016;-999;-999;-999;    3;   0.0;   4;    1.250;   0;  -999;  11.5;    -999;   12.1;   80.92;   14.3;    8.0;    5.6;eor
       2750;20191017;-999;-999;-999;    3;   1.2;   4;    2.500;   0;  -999;  11.5;    -999;   11.2;   86.33;   16.7;    6.4;    4.1;eor
       2750;20191018;-999;-999;-999;    3;   4.1;   4;    1.350;   0;  -999;  13.4;    -999;   13.1;   89.08;   18.6;    7.9;    5.5;eor
       2750;20191019;-999;-999;-999;    3;   2.5;   4;    0.433;   0;  -999;  12.3;    -999;   11.6;   90.38;   15.1;    7.5;    5.3;eor
       2750;20191020;-999;-999;-999;    3;   0.0;   4;    7.683;   0;  -999;  12.6;    -999;   13.5;   83.54;   21.0;    9.0;    6.9;eor
       2750;20191021;-999;-999;-999;    3;   0.0;   0;    1.733;   0;  -999;  12.0;    -999;   10.8;   92.13;   17.9;    6.0;    4.7;eor
       2750;20191022;-999;-999;-999;    3;   0.0;   0;    3.317;   0;  -999;  12.0;    -999;   10.5;   94.04;   16.4;    7.0;    5.0;eor
       2750;20191023;-999;-999;-999;    3;   0.1;   4;    3.817;   0;  -999;  11.9;    -999;   10.9;   91.29;   19.4;    5.4;    3.9;eor
       2750;20191024;-999;-999;-999;    3;   0.0;   4;    1.583;   0;  -999;  11.7;    -999;    9.9;   94.75;   13.0;    5.9;    5.8;eor
       2750;20191025;-999;-999;-999;    3;   0.0;   0;    3.050;   0;  -999;  11.5;    -999;   11.2;   86.92;   16.4;    5.9;    3.6;eor
       2750;20191026;-999;-999;-999;    3;   0.0;   4;    6.733;   0;  -999;  10.7;    -999;    9.7;   89.42;   19.0;    3.4;    1.6;eor
       2750;20191027;-999;-999;-999;    3;   6.2;   4;    0.617;   0;  -999;  10.6;    -999;    9.1;   90.92;   15.9;    4.6;    3.3;eor
       2750;20191028;-999;-999;-999;    3;   0.0;   0;    2.383;   0;  -999;   7.8;    -999;    3.9;   95.46;    7.7;    0.6;   -0.5;eor
       2750;20191029;-999;-999;-999;    3;   0.0;   0;    0.400;   0;  -999;   6.8;    -999;    3.0;   89.50;    8.3;   -1.7;   -4.3;eor
       2750;20191030;-999;-999;-999;    3;   0.0;   0;    7.100;   0;  -999;   5.5;    -999;    1.4;   83.25;    8.7;   -3.1;   -5.4;eor
       2750;20191031;-999;-999;-999;    3;   0.0;   0;    7.383;   0;  -999;   5.0;    -999;    0.5;   80.75;    8.5;   -4.7;   -7.6;eor
       2750;20191101;-999;-999;-999;    3;  10.7;   4;    0.000;   0;  -999;   6.5;    -999;    1.2;   93.79;    6.8;   -4.9;   -7.8;eor
       2750;20191102;-999;-999;-999;    3;   8.4;   4;    0.000;   0;  -999;  12.3;    -999;   10.6;   95.42;   14.9;    6.8;    5.5;eor
       2750;20191103;-999;-999;-999;    3;  12.8;   4;    0.033;   0;  -999;  11.9;    -999;   10.6;   93.21;   13.1;    8.3;    6.4;eor
       2750;20191104;-999;-999;-999;    3;   3.5;   4;    0.167;   0;  -999;  10.8;    -999;    9.6;   90.38;   11.4;    7.5;    5.4;eor
       2750;20191105;-999;-999;-999;    3;   0.1;   4;    0.583;   0;  -999;   8.9;    -999;    7.1;   88.38;   10.1;    2.5;   -0.2;eor
       2750;20191106;-999;-999;-999;    3;   1.7;   4;    0.383;   0;  -999;   8.7;    -999;    6.1;   92.21;    9.6;    2.6;    2.1;eor
       2750;20191107;-999;-999;-999;    3;   0.0;   0;    0.717;   0;  -999;   9.0;    -999;    7.4;   87.83;    9.5;    3.7;    0.6;eor
       2750;20191108;-999;-999;-999;    3;   9.9;   4;    0.000;   0;  -999;   8.8;    -999;    6.0;   93.50;    8.0;    4.3;    2.5;eor
       2750;20191109;-999;-999;-999;    3;   1.0;   4;    0.417;   0;  -999;   7.7;    -999;    4.1;   93.79;    7.8;   -0.2;   -2.7;eor
       2750;20191110;-999;-999;-999;    3;   0.0;   0;    2.383;   0;  -999;   6.8;    -999;    2.3;   94.96;    6.9;    0.0;   -1.2;eor
       2750;20191111;-999;-999;-999;    3;   0.3;   4;    0.000;   0;  -999;   6.1;    -999;    1.9;   87.21;    3.2;    0.5;    0.7;eor
       2750;20191112;-999;-999;-999;    3;   0.0;   0;    1.783;   0;  -999;   6.8;    -999;    3.9;   84.92;    7.2;    1.9;   -1.1;eor
       2750;20191113;-999;-999;-999;    3;   0.0;   0;    0.233;   0;  -999;   6.9;    -999;    3.9;   85.46;    6.1;    1.8;    0.2;eor
       2750;20191114;-999;-999;-999;    3;   0.0;   0;    4.350;   0;  -999;   6.4;    -999;    4.7;   75.58;    8.5;    2.0;   -0.8;eor
       2750;20191115;-999;-999;-999;    3;   5.4;   4;    1.800;   0;  -999;   7.6;    -999;    5.9;   81.83;    9.1;    3.4;    0.7;eor
       2750;20191116;-999;-999;-999;    3;   0.0;   0;    0.000;   0;  -999;   7.5;    -999;    3.9;   92.33;    6.1;    0.2;   -1.6;eor
       2750;20191117;-999;-999;-999;    3;   0.4;   4;    0.000;   0;  -999;   7.6;    -999;    4.3;   91.21;    7.1;   -0.4;   -1.2;eor
       2750;20191118;-999;-999;-999;    3;   0.0;   4;    0.000;   0;  -999;   7.3;    -999;    5.5;   80.67;    6.2;    4.8;    3.2;eor
       2750;20191119;-999;-999;-999;    3;   0.2;   4;    0.000;   0;  -999;   7.2;    -999;    4.8;   83.92;    5.6;    3.8;    3.3;eor
       2750;20191120;-999;-999;-999;    3;   0.0;   0;    0.000;   0;  -999;   7.2;    -999;    3.6;   90.38;    4.6;    1.1;   -1.3;eor
       2750;20191121;-999;-999;-999;    3;   0.2;   4;    0.000;   0;  -999;   8.5;    -999;    5.7;   92.13;    7.0;    4.4;    4.2;eor
       2750;20191122;-999;-999;-999;    3;   0.0;   0;    0.000;   0;  -999;   7.0;    -999;    3.1;   91.21;    5.5;   -1.4;   -3.2;eor
       2750;20191123;-999;-999;-999;    3;   0.0;   0;    5.000;   0;  -999;   7.5;    -999;    5.9;   81.08;   11.0;   -1.3;   -3.1;eor
       2750;20191124;-999;-999;-999;    3;   0.0;   0;    1.600;   0;  -999;   7.0;    -999;    2.8;   93.38;    9.3;   -1.2;   -2.9;eor
       2750;20191125;-999;-999;-999;    3;   0.0;   4;    0.000;   0;  -999;   7.1;    -999;    2.4;   97.96;    4.1;   -0.9;   -2.8;eor
       2750;20191126;-999;-999;-999;    3;   0.0;   0;    0.000;   0;  -999;   8.3;    -999;    5.4;   91.79;    7.1;    3.8;    3.5;eor
       2750;20191127;-999;-999;-999;    3;   4.8;   4;    0.567;   0;  -999;   8.7;    -999;    6.4;   89.79;    9.3;    4.3;    2.9;eor
       2750;20191128;-999;-999;-999;    3;  15.7;   4;    0.267;   0;  -999;   9.3;    -999;    9.0;   81.17;   10.1;    7.8;    5.9;eor
       2750;20191129;-999;-999;-999;    3;   1.7;   4;    1.350;   0;  -999;   7.6;    -999;    5.3;   83.88;    8.1;    1.0;   -0.1;eor
       2750;20191130;-999;-999;-999;    3;   0.0;   0;    3.050;   0;  -999;   6.3;    -999;    1.4;   92.92;    5.1;   -1.7;   -3.6;eor
       2750;20191201;-999;-999;-999;    3;   0.0;   0;    0.067;   0;  -999;   5.2;    -999;   -0.5;   88.08;    2.4;   -3.5;   -4.9;eor
       2750;20191202;-999;-999;-999;    3;   0.0;   0;    0.217;   0;  -999;   5.8;    -999;    1.4;   85.00;    3.2;   -0.5;   -1.8;eor
       2750;20191203;-999;-999;-999;    3;   0.1;   4;    0.000;   0;  -999;   6.5;    -999;    1.9;   92.58;    3.3;    0.6;   -1.0;eor
       2750;20191204;-999;-999;-999;    3;   0.0;   0;    0.517;   0;  -999;   5.5;    -999;   -1.0;   97.38;    0.9;   -3.8;   -5.5;eor
       2750;20191205;-999;-999;-999;    3;   0.0;   0;    2.350;   0;  -999;   4.8;    -999;   -1.9;   89.71;    1.0;   -5.4;   -7.3;eor
       2750;20191206;-999;-999;-999;    3;   9.8;   4;    1.467;   0;  -999;   5.8;    -999;    1.4;   85.67;    3.9;   -0.3;   -0.6;eor
       2750;20191207;-999;-999;-999;    3;   2.1;   4;    0.000;   0;  -999;   8.5;    -999;    6.3;   89.33;    7.8;    3.7;    2.0;eor
       2750;20191208;-999;-999;-999;    3;   5.9;   4;    0.000;   0;  -999;   8.8;    -999;    7.9;   83.08;    9.6;    6.3;    4.7;eor
       2750;20191209;-999;-999;-999;    3;   2.0;   4;    0.000;   0;  -999;   7.9;    -999;    6.0;   84.67;    7.7;    4.1;    2.0;eor
       2750;20191210;-999;-999;-999;    3;   0.0;   0;    0.650;   0;  -999;   5.8;    -999;    1.6;   85.38;    4.3;   -3.1;   -5.7;eor
       2750;20191211;-999;-999;-999;    3;   6.8;   4;    0.000;   0;  -999;   5.2;    -999;   -0.1;   86.17;    2.0;   -3.0;   -4.6;eor
       2750;20191212;-999;-999;-999;    3;   0.2;   4;    0.000;   6;  -999;   6.4;    -999;    1.1;   95.75;    2.8;    0.2;   -0.8;eor
       2750;20191213;-999;-999;-999;    3;   8.2;   4;    0.000;   0;  -999;   6.2;    -999;    1.9;   87.79;    3.9;    0.7;   -0.9;eor
       2750;20191214;-999;-999;-999;    3;  10.5;   4;    0.117;   0;  -999;   7.0;    -999;    4.6;   82.75;    6.9;    1.3;    0.1;eor
       2750;20191215;-999;-999;-999;    3;  14.4;   4;    0.000;   0;  -999;   8.5;    -999;    5.3;   94.25;    9.6;    1.3;   -0.3;eor
       2750;20191216;-999;-999;-999;    3;   0.4;   4;    3.850;   0;  -999;   8.3;    -999;    5.3;   92.42;   10.9;    0.2;   -1.5;eor
       2750;20191217;-999;-999;-999;    3;   0.0;   0;    5.583;   0;  -999;   7.3;    -999;    4.4;   88.58;   11.1;    0.7;   -1.2;eor
       2750;20191218;-999;-999;-999;    3;   0.6;   4;    0.000;   0;  -999;   7.6;    -999;    3.2;   98.00;    7.1;   -0.1;   -1.6;eor
       2750;20191219;-999;-999;-999;    3;   0.0;   0;    4.117;   0;  -999;   7.1;    -999;    2.3;   97.50;    8.4;   -0.8;   -1.7;eor
       2750;20191220;-999;-999;-999;    3;   1.4;   4;    2.350;   0;  -999;   7.3;    -999;    3.0;   94.92;   10.4;   -1.9;   -3.6;eor
       2750;20191221;-999;-999;-999;    3;   0.0;   0;    1.233;   0;  -999;   8.2;    -999;    5.3;   91.79;    7.3;    3.0;   -0.2;eor
       2750;20191222;-999;-999;-999;    3;   4.0;   4;    0.000;   0;  -999;   8.2;    -999;    5.7;   89.00;    7.0;    4.1;    3.8;eor
       2750;20191223;-999;-999;-999;    3;   0.4;   4;    0.017;   0;  -999;   8.0;    -999;    6.0;   85.33;    7.3;    3.8;    1.3;eor
       2750;20191224;-999;-999;-999;    3;   5.8;   4;    0.250;   0;  -999;   7.9;    -999;    5.5;   87.54;    7.1;    3.1;    1.1;eor
       2750;20191225;-999;-999;-999;    3;   4.7;   4;    0.100;   0;  -999;   8.2;    -999;    5.6;   89.96;    7.2;    2.1;   -0.2;eor
       2750;20191226;-999;-999;-999;    3;   0.0;   0;    0.133;   0;  -999;   7.0;    -999;    2.9;   93.25;    5.2;    0.5;   -1.4;eor
       2750;20191227;-999;-999;-999;    3;   0.0;   0;    2.083;   0;  -999;   6.0;    -999;    2.0;   85.04;    5.3;   -1.5;   -4.3;eor
       2750;20191228;-999;-999;-999;    3;   0.0;   0;    0.817;   0;  -999;   4.8;    -999;   -0.4;   80.25;    2.1;   -4.3;   -6.6;eor
       2750;20191229;-999;-999;-999;    3;   0.0;   0;    5.650;   0;  -999;   4.0;    -999;   -3.7;   86.08;    0.5;   -6.8;   -8.6;eor
       2750;20191230;-999;-999;-999;    3;   0.0;   0;    5.550;   0;  -999;   4.4;    -999;   -2.0;   85.33;    3.3;   -5.3;   -7.0;eor
       2750;20191231;-999;-999;-999;    3;   0.0;   0;    0.350;   0;  -999;   4.6;    -999;   -2.5;   89.83;    1.6;   -5.9;   -7.7;eor
       2750;20200101;-999;-999;-999;    3;   0.0;   0;    5.683;   0;  -999;   4.1;    -999;   -4.1;   90.04;    2.5;   -7.3;   -9.5;eor
       2750;20200102;-999;-999;-999;    3;   0.0;   4;    3.733;   0;  -999;   4.4;    -999;   -3.6;   92.25;    0.6;   -8.0;  -10.4;eor
       2750;20200103;-999;-999;-999;    3;   2.4;   4;    0.000;   0;  -999;   7.3;    -999;    3.7;   90.58;    7.0;    0.2;    0.0;eor
       2750;20200104;-999;-999;-999;    3;   4.8;   4;    0.000;   0;  -999;   6.9;    -999;    2.9;   90.88;    6.8;    0.2;   -1.6;eor
       2750;20200105;-999;-999;-999;    3;   0.0;   0;    0.200;   0;  -999;   6.1;    -999;    0.8;   94.75;    3.1;   -0.6;   -2.4;eor
       2750;20200106;-999;-999;-999;    3;   0.0;   0;    3.900;   0;  -999;   5.9;    -999;    0.9;   91.38;    5.3;   -3.9;   -6.1;eor
       2750;20200107;-999;-999;-999;    3;   0.1;   4;    0.000;   0;  -999;   5.8;    -999;   -0.4;   97.00;    1.7;   -4.4;   -6.0;eor
       2750;20200108;-999;-999;-999;    3;   8.1;   4;    0.000;   0;  -999;   7.0;    -999;    2.1;   98.54;    3.7;   -0.7;   -2.7;eor
       2750;20200109;-999;-999;-999;    3;   6.5;   4;    0.000;   0;  -999;   8.8;    -999;    5.5;   97.33;    7.6;    3.0;    2.3;eor
       2750;20200110;-999;-999;-999;    3;   1.1;   4;    0.000;   0;  -999;   8.9;    -999;    7.1;   88.38;    8.8;    4.8;    3.5;eor
       2750;20200111;-999;-999;-999;    3;   0.0;   0;    0.300;   0;  -999;   6.1;    -999;    1.6;   88.88;    5.4;   -2.5;   -4.8;eor
       2750;20200112;-999;-999;-999;    3;   0.1;   4;    0.000;   0;  -999;   5.4;    -999;   -0.6;   91.83;    1.9;   -5.0;   -6.3;eor
       2750;20200113;-999;-999;-999;    3;   0.6;   4;    0.000;   0;  -999;   7.1;    -999;    3.0;   93.50;    4.0;    1.2;    0.4;eor
       2750;20200114;-999;-999;-999;    3;   0.0;   0;    1.933;   0;  -999;   6.2;    -999;    4.0;   77.54;    8.3;   -0.3;   -2.5;eor
       2750;20200115;-999;-999;-999;    3;   0.0;   0;    5.467;   0;  -999;   6.2;    -999;    5.1;   72.13;   10.4;    0.6;   -2.2;eor
       2750;20200116;-999;-999;-999;    3;   0.0;   0;    4.267;   0;  -999;   6.9;    -999;    4.8;   81.58;   10.4;   -1.7;   -4.1;eor
       2750;20200117;-999;-999;-999;    3;   0.1;   4;    2.450;   0;  -999;   5.9;    -999;    0.5;   91.75;    4.7;   -3.6;   -5.4;eor
       2750;20200118;-999;-999;-999;    3;   0.1;   4;    1.067;   0;  -999;   6.5;    -999;    3.1;   86.17;    6.4;    0.3;   -1.8;eor
       2750;20200119;-999;-999;-999;    3;   0.2;   4;    0.000;   0;  -999;   6.1;    -999;    1.6;   89.88;    4.0;    0.2;   -1.3;eor
       2750;20200120;-999;-999;-999;    3;   0.0;   0;    0.000;   0;  -999;   5.5;    -999;    0.1;   89.50;    4.0;   -4.6;   -6.8;eor
       2750;20200121;-999;-999;-999;    3;   0.0;   0;    6.250;   0;  -999;   4.3;    -999;   -3.2;   88.63;    3.3;   -6.8;   -9.2;eor
       2750;20200122;-999;-999;-999;    3;   0.0;   0;    0.000;   0;  -999;   4.6;    -999;   -2.8;   92.92;   -1.3;   -6.2;   -8.4;eor
       2750;20200123;-999;-999;-999;    3;   0.0;   0;    1.350;   0;  -999;   5.1;    -999;   -1.1;   89.92;    2.5;   -5.6;   -8.0;eor
       2750;20200124;-999;-999;-999;    3;   0.0;   0;    0.000;   0;  -999;   4.6;    -999;   -2.9;   91.38;   -0.8;   -6.8;   -8.9;eor
       2750;20200125;-999;-999;-999;    3;   0.0;   0;    0.000;   0;  -999;   5.3;    -999;   -0.9;   93.08;   -0.4;   -1.6;   -1.4;eor
       2750;20200126;-999;-999;-999;    3;   0.3;   4;    0.000;   0;  -999;   6.3;    -999;    1.0;   95.25;    3.7;   -0.9;   -0.8;eor
       2750;20200127;-999;-999;-999;    3;   9.6;   4;    0.117;   0;  -999;   7.3;    -999;    3.6;   92.46;    6.4;    0.8;   -0.3;eor
       2750;20200128;-999;-999;-999;    3;   8.0;   4;    0.117;   0;  -999;   7.0;    -999;    4.0;   85.75;    5.8;    1.5;   -0.5;eor
       2750;20200129;-999;-999;-999;    3;   2.7;   4;    0.083;   0;  -999;   6.0;    -999;    1.4;   89.46;    3.7;   -0.4;   -2.2;eor
       2750;20200130;-999;-999;-999;    3;   5.0;   4;    0.650;   0;  -999;   7.0;    -999;    4.3;   84.33;    7.6;    0.3;   -0.5;eor
       2750;20200131;-999;-999;-999;    3;   0.2;   4;    1.267;   0;  -999;  10.9;    -999;   10.8;   83.92;   13.3;    6.6;    5.8;eor
       2750;20200201;-999;-999;-999;    3;  10.7;   4;    0.000;   0;  -999;  10.7;    -999;   10.7;   82.75;   12.6;    6.9;    4.6;eor
       2750;20200202;-999;-999;-999;    3;   9.2;   4;    0.000;   0;  -999;   9.1;    -999;    8.1;   83.21;   11.5;    5.1;    3.8;eor
       2750;20200203;-999;-999;-999;    3;  19.5;   4;    0.767;   0;  -999;   9.2;    -999;    8.3;   84.17;   10.5;    5.9;    5.5;eor
       2750;20200204;-999;-999;-999;    3;   2.6;   4;    1.933;   0;  -999;   6.7;    -999;    3.2;   86.29;    6.3;    1.1;   -1.0;eor
       2750;20200205;-999;-999;-999;    3;   0.0;   0;    4.717;   0;  -999;   4.9;    -999;    1.3;   74.38;    4.2;   -2.9;   -5.5;eor
       2750;20200206;-999;-999;-999;    3;   0.0;   0;    0.000;   0;  -999;   5.3;    -999;   -0.4;   89.54;    2.1;   -3.7;   -6.0;eor
       2750;20200207;-999;-999;-999;    3;   0.0;   0;    0.000;   0;  -999;   5.7;    -999;    1.7;   83.38;    4.5;   -2.5;   -4.9;eor
       2750;20200208;-999;-999;-999;    3;   0.0;   0;    5.867;   0;  -999;   5.2;    -999;   -0.1;   86.67;    6.4;   -4.7;   -6.8;eor
       2750;20200209;-999;-999;-999;    3;  10.7;   4;    3.967;   0;  -999;   6.4;    -999;    5.6;   72.29;   12.4;   -2.4;   -4.4;eor
       2750;20200210;-999;-999;-999;    3;   5.7;   4;    1.983;   0;  -999;   7.7;    -999;    7.2;   75.83;   13.6;    3.9;    3.2;eor
       2750;20200211;-999;-999;-999;    3;   4.6;   4;    2.483;   0;  -999;   5.6;    -999;    3.6;   71.50;    6.4;    0.2;    0.0;eor
       2750;20200212;-999;-999;-999;    3;   0.4;   4;    3.133;   2;  -999;   5.7;    -999;    2.3;   79.46;    5.7;    0.4;   -2.2;eor
       2750;20200213;-999;-999;-999;    3;  11.6;   4;    0.317;   0;  -999;   6.3;    -999;    2.4;   87.13;    5.2;   -0.2;   -2.2;eor
       2750;20200214;-999;-999;-999;    3;   0.7;   4;    0.117;   0;  -999;   7.3;    -999;    3.7;   92.04;    6.6;    0.9;    0.2;eor
       2750;20200215;-999;-999;-999;    3;   0.0;   0;    3.900;   0;  -999;   7.2;    -999;    4.2;   87.58;   10.1;   -0.4;   -2.1;eor
       2750;20200216;-999;-999;-999;    3;   3.9;   4;    0.183;   0;  -999;   7.1;    -999;    8.7;   66.04;   15.3;    1.3;   -1.2;eor
       2750;20200217;-999;-999;-999;    3;   4.1;   4;    0.000;   0;  -999;   8.6;    -999;    8.1;   81.21;   14.9;    4.3;    3.9;eor
       2750;20200218;-999;-999;-999;    3;   0.8;   4;    0.917;   0;  -999;   6.7;    -999;    5.9;   72.00;    7.2;    3.7;    3.4;eor
       2750;20200219;-999;-999;-999;    3;   3.4;   4;    0.817;   0;  -999;   6.2;    -999;    4.2;   75.17;    5.6;   -0.7;   -3.2;eor
       2750;20200220;-999;-999;-999;    3;   6.4;   4;    0.000;   0;  -999;   6.6;    -999;    3.8;   83.25;    7.4;   -1.1;   -3.5;eor
       2750;20200221;-999;-999;-999;    3;   0.0;   4;    2.717;   0;  -999;   6.0;    -999;    4.7;   71.13;    7.2;    1.7;   -0.5;eor
       2750;20200222;-999;-999;-999;    3;   0.5;   4;    3.200;   0;  -999;   6.0;    -999;    6.6;   62.96;   10.6;   -1.2;   -3.6;eor
       2750;20200223;-999;-999;-999;    3;   6.4;   4;    0.000;   0;  -999;   9.5;    -999;    9.1;   82.17;   11.8;    5.2;    3.4;eor
       2750;20200224;-999;-999;-999;    3;   4.2;   4;    0.000;   0;  -999;   7.0;    -999;    4.4;   82.50;    9.6;   -0.8;   -3.1;eor
       2750;20200225;-999;-999;-999;    3;   6.4;   4;    0.067;   0;  -999;   8.8;    -999;    6.8;   88.46;    9.1;    2.8;   -0.4;eor
       2750;20200226;-999;-999;-999;    3;   2.7;   4;    0.000;   0;  -999;   6.2;    -999;    2.6;   84.58;    5.0;    1.6;    0.1;eor
       2750;20200227;-999;-999;-999;    3;   6.4;   4;    0.033;   0;  -999;   5.8;    -999;    2.1;   82.04;    4.6;    0.4;   -0.1;eor
       2750;20200228;-999;-999;-999;    3;   5.6;   4;    0.450;   1;  -999;   5.8;    -999;    1.5;   85.79;    3.5;    0.1;   -1.4;eor
       2750;20200229;-999;-999;-999;    3;   4.6;   4;    1.650;   1;  -999;   7.3;    -999;    4.5;   86.33;    8.5;    0.4;    0.0;eor
       2750;20200301;-999;-999;-999;    3;   2.2;   4;    1.900;   0;  -999;   7.2;    -999;    6.3;   76.21;    9.5;    2.3;   -1.1;eor
       2750;20200302;-999;-999;-999;    3;   2.7;   4;    4.983;   0;  -999;   6.6;    -999;    5.9;   71.67;   10.6;    1.7;   -0.6;eor
       2750;20200303;-999;-999;-999;    3;   3.4;   4;    0.500;   0;  -999;   6.7;    -999;    3.8;   83.92;    6.5;   -2.1;   -4.5;eor
       2750;20200304;-999;-999;-999;    3;   0.5;   4;    0.283;   0;  -999;   6.1;    -999;    0.9;   93.17;    4.7;   -2.7;   -5.2;eor
       2750;20200305;-999;-999;-999;    3;   5.1;   4;    1.200;   0;  -999;   6.3;    -999;    3.3;   82.25;    7.7;   -1.5;   -3.7;eor
       2750;20200306;-999;-999;-999;    3;   7.4;   4;    0.000;   0;  -999;   7.9;    -999;    5.0;   89.63;    6.8;    3.5;    3.0;eor
       2750;20200307;-999;-999;-999;    3;   0.3;   4;    0.650;   0;  -999;   6.6;    -999;    3.5;   84.08;    5.4;    1.0;   -0.9;eor
       2750;20200308;-999;-999;-999;    3;   2.1;   4;    0.650;   0;  -999;   6.5;    -999;    3.3;   84.54;    8.7;   -2.0;   -4.0;eor
       2750;20200309;-999;-999;-999;    3;   3.3;   4;    3.150;   0;  -999;   7.9;    -999;    5.6;   87.67;    9.9;    1.5;   -0.8;eor
       2750;20200310;-999;-999;-999;    3;  18.9;   4;    0.000;   0;  -999;   8.2;    -999;    4.8;   93.50;   10.0;    0.4;   -1.6;eor
       2750;20200311;-999;-999;-999;    3;   3.0;   4;    0.000;   0;  -999;  11.8;    -999;   11.4;   87.75;   13.0;   10.0;    9.0;eor
       2750;20200312;-999;-999;-999;    3;   4.6;   4;    0.450;   0;  -999;   9.4;    -999;    9.9;   76.58;   13.0;    4.4;    0.7;eor
       2750;20200313;-999;-999;-999;    3;   0.0;   0;    0.833;   0;  -999;   6.0;    -999;    5.3;   68.13;    9.2;    0.3;   -2.8;eor
       2750;20200314;-999;-999;-999;    3;   0.0;   0;    7.583;   0;  -999;   5.8;    -999;    3.0;   78.88;    9.2;   -1.8;   -4.5;eor
       2750;20200315;-999;-999;-999;    3;   0.0;   0;    9.583;   0;  -999;   4.7;    -999;    4.1;   63.13;   12.3;   -2.8;   -5.1;eor
       2750;20200316;-999;-999;-999;    3;   0.0;   0;    9.317;   0;  -999;   6.6;    -999;    5.8;   73.75;   16.5;   -2.7;   -5.1;eor
       2750;20200317;-999;-999;-999;    3;   0.0;   0;    2.850;   0;  -999;   8.6;    -999;    7.8;   82.46;   15.0;    1.2;   -1.7;eor
       2750;20200318;-999;-999;-999;    3;   0.0;   0;    5.417;   0;  -999;   8.3;    -999;    7.0;   84.42;   16.7;   -0.3;   -2.3;eor
       2750;20200319;-999;-999;-999;    3;   0.4;   4;    5.533;   0;  -999;   8.9;    -999;    9.7;   76.79;   17.0;    3.9;    1.9;eor
       2750;20200320;-999;-999;-999;    3;   3.4;   4;    0.000;   0;  -999;   8.8;    -999;    6.8;   87.67;   10.7;    3.6;    0.7;eor
       2750;20200321;-999;-999;-999;    3;   0.0;   0;    0.067;   0;  -999;   5.4;    -999;    3.4;   68.58;    4.7;   -2.4;   -5.4;eor
       2750;20200322;-999;-999;-999;    3;   0.0;   0;   10.283;   0;  -999;   3.3;    -999;    0.7;   53.08;    5.2;   -4.6;   -7.7;eor
       2750;20200323;-999;-999;-999;    3;   0.0;   0;   10.383;   0;  -999;   2.8;    -999;    0.3;   47.29;    6.5;   -6.3;   -9.6;eor
       2750;20200324;-999;-999;-999;    3;   0.0;   0;   10.433;   0;  -999;   2.9;    -999;   -0.1;   53.92;    8.2;   -7.5;  -10.9;eor
       2750;20200325;-999;-999;-999;    3;   0.0;   0;   10.483;   0;  -999;   2.7;    -999;    1.3;   46.63;    8.7;   -7.7;  -11.3;eor
       2750;20200326;-999;-999;-999;    3;   0.0;   0;    7.033;   0;  -999;   4.2;    -999;    4.3;   50.92;    9.6;   -0.5;   -3.4;eor
       2750;20200327;-999;-999;-999;    3;   0.0;   0;   10.167;   0;  -999;   5.6;    -999;    8.7;   53.50;   18.5;    0.2;   -3.2;eor
       2750;20200328;-999;-999;-999;    3;   0.0;   0;   10.650;   0;  -999;   5.8;    -999;    6.5;   65.00;   15.7;   -1.5;   -5.2;eor
       2750;20200329;-999;-999;-999;    1;   0.0;   4;    0.367;   0;  -999;   5.4;    -999;    2.0;   77.04;    6.8;   -2.1;   -5.7;eor
       2750;20200330;-999;-999;-999;    1;   0.0;   0;   10.200;   0;  -999;   3.2;    -999;    1.1;   50.75;    6.8;   -6.1;  -10.0;eor
       2750;20200331;-999;-999;-999;    1;   0.0;   0;    6.083;   0;  -999;   3.9;    -999;    0.8;   61.58;    5.8;   -6.0;  -10.4;eor
       2750;20200401;-999;-999;-999;    1;   0.0;   0;   10.967;   0;  -999;   3.4;    -999;   -0.1;   61.21;    9.2;   -8.0;  -11.6;eor
       2750;20200402;-999;-999;-999;    1;   0.0;   0;   11.000;   0;  -999;   3.9;    -999;    2.8;   58.71;   12.6;   -6.2;  -10.0;eor
       2750;20200403;-999;-999;-999;    1;   0.1;   4;    0.600;   0;  -999;   6.0;    -999;    3.2;   76.83;    9.3;   -4.2;   -8.3;eor
       2750;20200404;-999;-999;-999;    1;   0.0;   0;    8.400;   0;  -999;   5.9;    -999;    6.4;   66.29;   14.0;   -2.3;   -6.6;eor
       2750;20200405;-999;-999;-999;    1;   0.0;   0;   11.200;   0;  -999;   5.5;    -999;    7.4;   60.29;   17.3;   -3.1;   -6.4;eor
       2750;20200406;-999;-999;-999;    1;   0.0;   0;   11.317;   0;  -999;   5.9;    -999;    8.6;   59.75;   21.1;   -2.7;   -6.2;eor
       2750;20200407;-999;-999;-999;    1;   0.0;   0;   11.117;   0;  -999;   8.0;    -999;   12.2;   60.29;   22.3;   -0.3;   -3.0;eor
       2750;20200408;-999;-999;-999;    1;   0.0;   0;   11.483;   0;  -999;   6.2;    -999;   11.3;   56.33;   21.8;    0.7;   -2.2;eor
       2750;20200409;-999;-999;-999;    1;   0.0;   0;    8.167;   0;  -999;   7.4;    -999;   11.5;   59.50;   23.0;    0.7;   -3.0;eor
       2750;20200410;-999;-999;-999;    1;   0.0;   0;   10.750;   0;  -999;   7.7;    -999;   11.3;   63.63;   21.1;    1.0;   -1.9;eor
       2750;20200411;-999;-999;-999;    1;   0.0;   0;   11.800;   0;  -999;   5.8;    -999;    9.9;   54.42;   20.0;   -0.1;   -4.0;eor
       2750;20200412;-999;-999;-999;    1;   1.1;   4;   10.433;   0;  -999;   7.5;    -999;   12.1;   58.79;   22.7;   -0.4;   -3.6;eor
       2750;20200413;-999;-999;-999;    1;   0.3;   4;    6.950;   0;  -999;   7.2;    -999;    6.8;   72.33;   16.3;   -2.6;   -6.9;eor
       2750;20200414;-999;-999;-999;    1;   0.0;   4;    6.917;   0;  -999;   4.1;    -999;    3.0;   58.00;    9.6;   -2.5;   -6.4;eor
       2750;20200415;-999;-999;-999;    1;   0.0;   0;   10.650;   0;  -999;   5.2;    -999;    5.5;   61.75;   16.2;   -3.5;   -6.2;eor
       2750;20200416;-999;-999;-999;    1;   0.0;   0;   12.183;   0;  -999;   6.3;    -999;   10.4;   57.58;   22.2;   -1.3;   -4.2;eor
       2750;20200417;-999;-999;-999;    1;   0.0;   0;   10.167;   0;  -999;   8.0;    -999;   13.0;   59.25;   23.5;    1.4;   -1.2;eor
       2750;20200418;-999;-999;-999;    1;   4.6;   4;    4.017;   0;  -999;  10.3;    -999;   13.4;   69.58;   20.3;    4.6;    2.4;eor
       2750;20200419;-999;-999;-999;    1;   0.1;   4;    4.067;   0;  -999;   8.4;    -999;   10.7;   65.21;   15.1;    6.3;    2.4;eor
       2750;20200420;-999;-999;-999;    1;   0.0;   0;   12.400;   0;  -999;   4.9;    -999;   10.6;   40.13;   17.5;    2.5;   -0.7;eor
       2750;20200421;-999;-999;-999;    1;   0.0;   0;   12.433;   0;  -999;   4.9;    -999;   12.7;   34.63;   18.8;    6.8;    4.4;eor
       2750;20200422;-999;-999;-999;    1;   0.0;   0;   12.500;   0;  -999;   5.3;    -999;   12.8;   38.63;   20.1;    4.2;    0.0;eor
       2750;20200423;-999;-999;-999;    1;   0.0;   0;   12.483;   0;  -999;   6.4;    -999;   11.8;   51.00;   21.5;    1.6;   -1.4;eor
       2750;20200424;-999;-999;-999;    1;   0.0;   0;    9.067;   0;  -999;   7.2;    -999;   11.4;   58.96;   21.7;    1.3;   -1.6;eor
       2750;20200425;-999;-999;-999;    1;   0.0;   0;    9.583;   0;  -999;   6.6;    -999;    8.4;   63.38;   16.0;   -0.1;   -2.7;eor
       2750;20200426;-999;-999;-999;    1;   0.0;   0;   12.533;   0;  -999;   5.8;    -999;    8.7;   58.88;   18.7;   -1.6;   -4.9;eor
       2750;20200427;-999;-999;-999;    1;   0.0;   0;   11.767;   0;  -999;   7.0;    -999;   11.3;   57.29;   21.6;   -0.4;   -2.9;eor
       2750;20200428;-999;-999;-999;    1;   1.3;   4;    4.083;   0;  -999;  10.3;    -999;   12.1;   74.63;   20.4;    2.0;   -0.5;eor
       2750;20200429;-999;-999;-999;    1;   0.0;   0;    4.383;   0;  -999;  10.5;    -999;   12.4;   75.25;   17.8;    6.6;    3.1;eor
       2750;20200430;-999;-999;-999;    1;   8.8;   4;    0.617;   0;  -999;  10.7;    -999;   10.7;   83.67;   16.5;    6.2;    3.0;eor
       2750;20200501;-999;-999;-999;    1;   3.4;   4;    2.583;-999;  -999;   9.7;    -999;    8.8;   86.00;   14.4;    6.2;    3.4;eor
       2750;20200502;-999;-999;-999;    1;   5.3;   4;    3.700;-999;  -999;   8.8;    -999;    7.8;   84.08;   14.6;    4.2;    2.8;eor
       2750;20200503;-999;-999;-999;    1;   0.0;   0;    5.050;-999;  -999;   8.7;    -999;    9.3;   77.21;   15.6;    4.3;    3.1;eor
       2750;20200504;-999;-999;-999;    1;   4.0;   4;    2.667;-999;  -999;   9.4;    -999;    9.3;   81.21;   17.9;    2.6;    0.2;eor
       2750;20200505;-999;-999;-999;    1;   0.0;   0;    8.400;-999;  -999;   6.6;    -999;    6.8;   71.63;   13.8;    0.1;   -2.2;eor
       2750;20200506;-999;-999;-999;    1;   0.0;   0;    6.900;-999;  -999;   6.3;    -999;    7.0;   67.42;   15.1;   -1.9;   -3.9;eor
       2750;20200507;-999;-999;-999;    1;   0.0;   0;   13.000;-999;  -999;   6.9;    -999;   10.5;   61.96;   21.2;   -0.6;   -2.7;eor
       2750;20200508;-999;-999;-999;    1;   0.0;   0;   11.217;-999;  -999;   8.1;    -999;   15.3;   52.33;   24.5;    3.9;    2.3;eor
       2750;20200509;-999;-999;-999;    1;   0.0;   0;    2.833;-999;  -999;  10.7;    -999;   15.3;   62.25;   21.1;    6.2;    4.0;eor
       2750;20200510;-999;-999;-999;    1;   9.2;   4;    3.350;-999;  -999;  13.4;    -999;   15.8;   75.96;   22.6;    9.2;    7.7;eor
       2750;20200511;-999;-999;-999;    1;  10.6;   4;    0.000;-999;  -999;   9.2;    -999;    6.8;   89.00;   14.5;   -0.7;   -2.5;eor
       2750;20200512;-999;-999;-999;    1;   0.0;   0;    6.950;-999;  -999;   5.8;    -999;    4.6;   72.83;   11.8;   -1.5;   -2.4;eor
       2750;20200513;-999;-999;-999;    1;   0.0;   0;    6.767;-999;  -999;   6.5;    -999;    8.2;   63.54;   14.4;   -1.2;   -3.0;eor
       2750;20200514;-999;-999;-999;    1;   0.0;   0;    8.900;-999;  -999;   7.4;    -999;    9.4;   64.63;   15.0;    3.2;    1.0;eor
       2750;20200515;-999;-999;-999;    1;   0.0;   0;    9.083;-999;  -999;   6.8;    -999;   10.0;   57.92;   15.5;    2.5;   -0.2;eor
       2750;20200516;-999;-999;-999;    1;   0.0;   0;   13.233;-999;  -999;   6.8;    -999;   10.0;   60.75;   18.6;    0.3;   -2.2;eor
       2750;20200517;-999;-999;-999;    1;   0.0;   0;   11.933;-999;  -999;   7.6;    -999;   11.4;   61.38;   19.0;    2.5;    0.2;eor
       2750;20200518;-999;-999;-999;    1;   0.0;   0;   13.117;-999;  -999;   8.9;    -999;   13.2;   63.25;   21.9;    2.7;    0.5;eor
       2750;20200519;-999;-999;-999;    1;   0.0;   0;    9.750;-999;  -999;  10.0;    -999;   16.1;   59.13;   24.2;    5.7;    3.3;eor
       2750;20200520;-999;-999;-999;    1;   0.2;   4;    1.567;-999;  -999;  12.1;    -999;   14.5;   73.58;   18.8;    7.2;    4.3;eor
       2750;20200521;-999;-999;-999;    1;   0.0;   0;   12.750;-999;  -999;   9.4;    -999;   15.3;   59.96;   23.9;    4.9;    2.0;eor
       2750;20200522;-999;-999;-999;    1;  10.8;   4;    2.583;-999;  -999;  12.3;    -999;   16.6;   67.08;   24.2;    6.4;    4.0;eor
       2750;20200523;-999;-999;-999;    1;   2.5;   4;    0.000;-999;  -999;  13.1;    -999;   12.8;   87.79;   16.0;    7.3;    5.6;eor
       2750;20200524;-999;-999;-999;    1;   3.3;   4;    3.350;-999;  -999;  10.3;    -999;   11.9;   75.25;   16.1;    9.1;    8.9;eor
       2750;20200525;-999;-999;-999;    1;   0.2;   4;    3.567;-999;  -999;  10.8;    -999;   12.6;   76.08;   17.4;    5.7;    3.4;eor
       2750;20200526;-999;-999;-999;    1;   0.0;   0;    3.200;-999;  -999;   9.2;    -999;   10.5;   75.92;   17.7;    3.3;    1.1;eor
       2750;20200527;-999;-999;-999;    1;   0.2;   4;    6.967;-999;  -999;  10.2;    -999;   13.7;   68.42;   21.5;    3.8;    2.1;eor
       2750;20200528;-999;-999;-999;    1;   0.0;   0;    9.150;-999;  -999;   9.1;    -999;   13.9;   59.88;   19.1;    6.0;    3.1;eor
       2750;20200529;-999;-999;-999;    1;   0.0;   0;   11.250;-999;  -999;   7.8;    -999;   12.7;   58.00;   19.8;    3.9;    1.2;eor
       2750;20200530;-999;-999;-999;    1;   0.0;   0;    7.850;-999;  -999;   7.8;    -999;   12.7;   55.58;   17.4;    5.9;    2.4;eor
       2750;20200531;-999;-999;-999;    1;   0.0;   0;    6.017;-999;  -999;   8.7;    -999;   11.6;   66.21;   17.6;    4.0;    1.3;eor
       2750;20200601;-999;-999;-999;    1;   0.0;   0;   13.700;-999;  -999;   9.6;    -999;   15.6;   59.29;   24.1;    4.6;    2.0;eor
       2750;20200602;-999;-999;-999;    1;   0.0;   0;   13.633;-999;  -999;   9.5;    -999;   16.8;   55.79;   25.8;    6.1;    3.3;eor
       2750;20200603;-999;-999;-999;    1;   0.2;   4;   10.667;-999;  -999;  10.4;    -999;   17.2;   58.42;   27.5;    7.4;    5.1;eor
       2750;20200604;-999;-999;-999;    1;   4.5;   4;    0.150;-999;  -999;  14.1;    -999;   14.0;   87.13;   17.4;    9.6;    7.2;eor
       2750;20200605;-999;-999;-999;    1;   7.0;   4;    2.867;-999;  -999;  10.7;    -999;   12.1;   76.25;   15.6;    8.2;    7.6;eor
       2750;20200606;-999;-999;-999;    1;   4.4;   4;    0.650;-999;  -999;  11.1;    -999;   11.0;   85.21;   15.6;    6.7;    5.0;eor
       2750;20200607;-999;-999;-999;    1;   0.1;   4;    0.617;-999;  -999;  11.2;    -999;   11.8;   82.17;   16.1;    6.6;    4.7;eor
       2750;20200608;-999;-999;-999;    1;   0.0;   0;    0.717;-999;  -999;  10.9;    -999;   12.6;   76.71;   17.4;    7.5;    7.3;eor
       2750;20200609;-999;-999;-999;    1;   9.4;   4;    0.000;-999;  -999;  12.6;    -999;   12.8;   85.58;   17.5;    8.7;    7.6;eor
