STATIONS_ID;MESS_DATUM;QN_3;  FX;  FM;QN_4; RSK;RSKF; SDK;SHK_TAG;  NM; VPM;  PM; TMK; UPM; TXK; TNK; TGK;eor
       3166;20181208;   10;  20.5;   6.7;    3;   0.6;   8;    0.633;   0;   7.5;   6.2;  930.10;    3.9;   77.00;    7.3;    2.3;    1.0;eor
       3166;20181209;   10;  16.3;   6.4;    3;   4.6;   8;    0.000;   0;   7.6;   6.9;  923.77;    3.9;   86.00;    5.6;    0.8;    0.2;eor
       3166;20181210;   10;  15.3;   6.5;    3;   3.7;   8;    0.000;   0;   7.5;   5.4;  936.62;    0.4;   85.83;    1.6;   -1.1;   -0.9;eor
       3166;20181211;   10;  16.2;   5.9;    3;  15.9;   8;    0.000;   3;   7.6;   5.6;  939.26;   -0.4;   95.29;    0.1;   -0.9;   -0.4;eor
       3166;20181212;   10;   9.1;   2.6;    3;   2.0;   8;    0.683;  18;   7.8;   5.1;  945.12;   -1.7;   94.08;   -0.8;   -3.6;   -0.6;eor
       3166;20181213;   10;   9.0;   2.3;    3;   0.0;   7;    6.150;  17;   5.8;   3.8;  944.37;   -4.5;   86.04;   -2.3;   -9.4;   -1.7;eor
       3166;20181214;   10;   9.8;   3.5;    3;   0.0;   7;    0.000;  15;   7.8;   3.7;  945.60;   -3.8;   80.58;   -3.2;   -4.7;   -0.8;eor
       3166;20181215;   10;   4.8;   1.6;    3;   0.0;   7;    0.817;  14;   7.8;   3.9;  947.78;   -4.3;   87.71;   -3.2;   -5.2;   -0.9;eor
       3166;20181216;   10;  10.8;   3.0;    3;   0.0;   7;    0.633;  13;   7.8;   3.6;  938.65;   -4.6;   83.58;   -2.1;   -5.4;   -0.9;eor
       3166;20181217;   10;   7.4;   2.5;    3;   0.6;   8;    2.667;  12;   7.6;   5.5;  944.28;    0.0;   89.92;    2.2;   -2.1;   -0.6;eor
       3166;20181218;   10;  12.3;   2.4;    3;   0.0;   0;    2.000;  10;   6.9;   5.8;  948.72;    0.9;   89.13;    3.2;   -0.7;   -2.0;eor
       3166;20181219;   10;  13.3;   3.3;    3;   5.3;   4;    0.000;   9;   7.7;   5.0;  941.89;   -0.8;   87.13;    0.4;   -2.1;   -1.6;eor
       3166;20181220;   10;   8.4;   3.0;    3;   2.0;   8;    1.067;  13;   7.6;   5.9;  940.27;    1.1;   89.58;    3.4;   -1.5;    0.0;eor
       3166;20181221;   10;  15.7;   5.4;    3;   7.3;   6;    0.000;   7;   7.7;   7.1;  934.57;    4.4;   84.71;    7.7;    2.4;    0.1;eor
       3166;20181222;   10;  17.4;   5.1;    3;  18.1;   8;    0.000;   0;   7.4;   8.0;  935.36;    5.2;   90.08;    7.3;    2.7;    2.8;eor
       3166;20181223;   10;  11.9;   3.8;    3;  18.3;   8;    0.000;   0;   7.6;   7.1;  941.61;    3.3;   92.21;    4.4;    0.2;    0.1;eor
       3166;20181224;   10;   9.9;   3.3;    3;   4.3;   8;    0.000;   5;   7.7;   5.2;  945.84;   -1.4;   94.17;    0.4;   -3.4;   -2.5;eor
       3166;20181225;   10;  11.6;   5.0;    3;   0.7;   8;    0.000;   8;   7.5;   5.5;  953.53;   -0.6;   94.29;    0.0;   -1.8;   -1.5;eor
       3166;20181226;   10;  10.2;   4.2;    3;   0.0;   8;    0.000;   7;   7.9;   5.8;  952.20;    0.1;   94.54;    1.6;   -1.4;   -1.3;eor
       3166;20181227;   10;   7.8;   3.0;    3;   0.0;   0;    1.983;   3;   7.8;   6.9;  949.69;    2.7;   93.33;    5.0;    1.4;    0.1;eor
       3166;20181228;   10;   7.8;   3.0;    3;   1.3;   8;    0.000;   0;   6.9;   6.0;  949.67;    0.8;   91.83;    2.2;   -0.9;   -3.0;eor
       3166;20181229;   10;  15.3;   3.8;    3;   6.8;   8;    0.000;   0;   7.9;   6.3;  950.57;    0.9;   96.17;    1.5;    0.3;    0.1;eor
       3166;20181230;   10;  15.9;   5.4;    3;   7.5;   8;    0.017;   0;   7.5;   6.6;  948.53;    2.0;   92.83;    3.1;    0.7;    0.1;eor
       3166;20181231;   10;  10.3;   3.0;    3;   2.1;   6;    0.000;   0;   7.5;   7.2;  953.57;    2.8;   96.42;    4.3;    1.6;    1.4;eor
       3166;20190101;   10;  16.2;   6.2;    3;   9.2;   8;    0.000;   0;   7.5;   6.9;  945.40;    2.9;   91.04;    4.3;   -1.3;   -1.3;eor
       3166;20190102;   10;  16.1;   5.2;    3;   0.2;   8;    0.017;   3;   7.3;   4.1;  947.06;   -2.4;   79.58;   -0.8;   -5.3;   -8.9;eor
       3166;20190103;   10;  10.5;   3.9;    3;   1.4;   7;    0.017;   2;   7.0;   3.9;  954.13;   -4.5;   88.17;   -3.2;   -5.6;   -9.3;eor
       3166;20190104;   10;  13.0;   4.1;    3;   5.7;   8;    0.000;   4;   7.6;   4.9;  951.80;   -2.5;   94.54;    0.1;   -5.2;   -3.0;eor
       3166;20190105;   10;  12.9;   4.9;    3;  18.2;   8;    0.000;   7;   7.5;   6.8;  944.12;    1.7;   98.17;    3.2;    0.0;   -0.1;eor
       3166;20190106;   10;   9.2;   2.6;    3;   5.7;   8;    0.000;   3;   7.7;   5.3;  949.62;   -1.1;   94.00;    0.3;   -2.0;   -1.9;eor
       3166;20190107;   10;  11.8;   3.5;    3;   8.8;   8;    0.000;   3;   7.7;   6.3;  949.75;    0.9;   97.25;    1.5;   -0.2;    0.0;eor
       3166;20190108;   10;  15.7;   6.3;    3;  14.4;   8;    0.000;   3;   7.6;   6.0;  931.30;    0.6;   93.71;    1.4;   -1.3;    0.1;eor
       3166;20190109;   10;  15.4;   5.6;    3;  27.3;   8;    0.000;  15;   7.6;   5.0;  930.44;   -2.2;   95.38;   -1.2;   -2.6;    0.1;eor
       3166;20190110;   10;   9.8;   3.5;    3;   3.8;   7;    0.000;  44;   7.5;   4.7;  943.01;   -3.0;   95.75;   -1.4;   -5.3;    0.1;eor
       3166;20190111;   10;  12.1;   4.3;    3;   1.5;   8;    0.000;  45;   7.7;   4.6;  942.49;   -3.3;   93.96;    0.1;   -6.1;    0.0;eor
       3166;20190112;   10;  12.6;   5.8;    3;   3.6;   8;    0.000;  42;   7.6;   6.0;  937.56;    0.4;   95.08;    0.9;    0.0;    0.0;eor
       3166;20190113;   10;  16.7;   5.7;    3;   8.3;   8;    0.000;  41;   7.5;   6.5;  925.71;    1.6;   94.42;    4.1;    0.2;    0.0;eor
       3166;20190114;   10;  20.0;   6.5;    3;   2.8;   8;    0.100;  32;   7.3;   4.7;  928.60;   -1.5;   84.38;    2.1;   -3.9;    0.1;eor
       3166;20190115;   10;  15.1;   6.5;    3;   0.3;   8;    0.083;  31;   7.3;   5.1;  937.45;   -0.6;   86.29;    1.3;   -2.8;    0.1;eor
       3166;20190116;   10;  13.8;   5.0;    3;   0.0;   8;    0.017;  28;   7.8;   5.6;  934.50;    1.5;   83.08;    2.9;    0.2;    0.1;eor
       3166;20190117;   10;  13.9;   5.4;    3;   3.6;   8;    0.067;  25;   7.0;   5.6;  928.10;    1.9;   79.67;    3.1;   -2.0;    0.1;eor
       3166;20190118;   10;  11.5;   3.7;    3;   0.3;   7;    3.100;  27;   5.3;   3.6;  939.72;   -4.8;   83.79;   -1.7;  -10.3;    0.1;eor
       3166;20190119;   10;   6.7;   1.4;    3;   0.0;   0;    7.967;  26;   5.2;   2.5;  941.72;   -6.3;   67.42;   -0.7;  -11.9;   -0.8;eor
       3166;20190120;   10;   9.6;   2.1;    3;   0.0;   7;    0.000;  26;   6.9;   3.2;  940.46;   -6.6;   84.38;   -4.7;  -11.7;   -1.1;eor
       3166;20190121;   10;   4.4;   1.2;    3;   0.0;   0;    8.100;  26;   2.3;   2.7;  943.45;   -7.9;   80.67;   -2.2;  -13.1;   -1.4;eor
       3166;20190122;   10;   9.4;   1.8;    3;   0.0;   0;    8.183;  26;   0.3;   2.7;  934.29;   -8.1;   82.25;   -2.4;  -13.0;   -1.3;eor
       3166;20190123;   10;   8.4;   2.2;    3;   0.0;   7;    7.850;  26;   5.0;   2.5;  925.34;   -8.2;   75.75;   -4.6;  -11.4;   -1.2;eor
       3166;20190124;   10;   6.2;   1.3;    3;   0.1;   7;    0.000;  26;   7.9;   3.2;  932.03;   -6.6;   85.96;   -5.1;   -7.5;   -1.2;eor
       3166;20190125;   10;   7.9;   2.5;    3;   2.1;   7;    0.000;  27;   7.5;   3.1;  936.41;   -6.8;   84.63;   -4.0;   -8.1;   -0.6;eor
       3166;20190126;   10;  13.7;   5.0;    3;   7.0;   8;    0.000;  31;   7.7;   5.4;  929.35;   -0.7;   92.33;    1.6;   -4.1;   -0.6;eor
       3166;20190127;   10;  10.9;   4.8;    3;   0.4;   8;    0.117;  32;   7.5;   5.8;  918.35;    2.1;   82.13;    3.0;    0.8;   -0.1;eor
       3166;20190128;   10;  13.1;   4.5;    3;   1.5;   8;    0.900;  29;   7.4;   5.1;  918.50;    0.0;   84.04;    2.3;   -1.5;    0.1;eor
       3166;20190129;   10;  12.3;   3.6;    3;   0.0;   7;    1.033;  31;   6.2;   4.2;  928.21;   -2.8;   84.79;   -0.6;   -6.7;    0.1;eor
       3166;20190130;   10;  12.1;   3.3;    3;   0.0;   0;    6.033;  30;   7.5;   3.7;  923.13;   -3.7;   80.17;   -0.9;   -6.4;   -0.4;eor
       3166;20190131;   10;  13.3;   2.3;    3;   0.0;   7;    5.250;  30;   5.2;   4.0;  924.04;   -2.5;   79.46;    0.1;   -4.2;   -0.3;eor
       3166;20190201;   10;  13.1;   3.6;    3;   0.4;   8;    0.000;  29;   7.7;   4.5;  919.63;   -2.4;   86.83;    0.6;   -4.8;   -0.4;eor
       3166;20190202;   10;   6.9;   1.5;    3;   2.4;   8;    0.000;  29;   7.8;   6.1;  921.78;    0.5;   95.92;    1.1;   -0.6;   -0.2;eor
       3166;20190203;   10;  10.3;   3.2;    3;  19.4;   7;    0.000;  29;   7.8;   4.9;  936.00;   -2.4;   95.83;   -0.6;   -3.1;    0.1;eor
       3166;20190204;   10;  10.1;   2.5;    3;   0.0;   0;    5.983;  47;   5.6;   4.2;  950.55;   -3.0;   85.25;   -0.3;   -5.1;    0.1;eor
       3166;20190205;   10;   6.6;   2.5;    3;   0.0;   8;    2.617;  45;   7.2;   4.1;  950.33;   -2.2;   77.50;    0.7;   -8.8;   -0.1;eor
       3166;20190206;   10;   7.4;   1.7;    3;   0.0;   0;    9.050;  43;   5.9;   4.1;  949.04;   -0.2;   69.58;    4.2;   -6.1;    0.0;eor
       3166;20190207;   10;  10.7;   3.1;    3;   1.8;   6;    1.317;  42;   7.7;   4.2;  939.07;    1.4;   62.17;    4.3;   -1.9;   -0.1;eor
       3166;20190208;   10;  11.5;   4.6;    3;   0.0;   6;    7.133;  39;   6.5;   5.5;  940.42;    2.1;   77.75;    4.3;    0.5;    0.1;eor
       3166;20190209;   10;  15.9;   6.1;    3;   0.0;   6;    3.100;  35;   7.1;   5.7;  934.50;    3.7;   71.00;    5.4;    2.2;    0.1;eor
       3166;20190210;   10;  17.0;   5.2;    3;   3.3;   8;    0.950;  31;   7.5;   6.2;  927.46;    4.2;   74.79;    7.5;    2.6;    0.1;eor
       3166;20190211;   10;  15.4;   6.4;    3;   1.6;   8;    0.000;  29;   7.7;   5.5;  934.33;    0.2;   88.63;    2.9;   -1.7;    0.1;eor
       3166;20190212;   10;  12.3;   4.7;    3;   2.8;   8;    0.033;  29;   7.6;   4.8;  951.33;   -1.2;   85.92;    0.1;   -2.4;    0.1;eor
       3166;20190213;   10;  10.1;   3.9;    3;   0.2;   6;    0.000;  31;   7.8;   6.1;  957.38;    1.1;   91.71;    2.2;   -0.4;    0.1;eor
       3166;20190214;   10;   5.5;   2.4;    3;   0.0;   0;    7.383;  26;   3.8;   5.2;  959.10;    2.2;   74.17;    7.3;   -0.6;    0.1;eor
       3166;20190215;   10;   4.4;   1.9;    3;   0.0;   0;    9.700;  25;   1.1;   4.8;  957.78;    5.4;   56.50;   13.9;    0.1;    0.1;eor
       3166;20190216;   10;   5.2;   2.3;    3;   0.0;   0;    9.733;  24;   0.3;   3.9;  952.57;    7.6;   39.67;   14.3;    0.6;    0.1;eor
       3166;20190217;   10;   6.2;   1.8;    3;   0.0;   0;    9.167;  23;   7.0;   3.8;  949.57;    7.6;   38.54;   17.6;    0.3;    0.1;eor
       3166;20190218;   10;   6.3;   2.5;    3;   0.0;   0;    9.817;  22;   3.5;   3.7;  945.36;    7.6;   37.29;   14.7;    1.4;   -0.1;eor
       3166;20190219;   10;   9.9;   3.6;    3;   0.1;   6;    4.267;  19;   5.6;   5.2;  942.60;    4.4;   63.96;    8.1;    1.6;    0.1;eor
       3166;20190220;   10;  10.0;   3.0;    3;   0.0;   0;    3.317;  18;   6.8;   5.7;  946.96;    2.9;   76.50;    5.7;    0.6;    0.1;eor
       3166;20190221;   10;  11.1;   3.4;    3;  11.0;   6;    0.083;  14;   7.5;   6.6;  949.60;    3.4;   84.00;    5.6;    0.7;    0.1;eor
       3166;20190222;   10;  11.0;   3.5;    3;   1.8;   6;    0.000;   8;   6.8;   6.3;  956.83;    0.9;   93.92;    4.8;   -6.2;   -1.2;eor
       3166;20190223;   10;   9.1;   1.8;    3;   0.0;   0;    8.417;   7;   5.5;   2.7;  963.43;   -3.1;   58.75;    2.4;   -7.0;   -2.7;eor
       3166;20190224;   10;   3.9;   1.4;    3;   0.0;   0;    6.050;   7;   3.5;   2.2;  961.60;    1.3;   35.58;    9.2;   -5.2;   -2.8;eor
       3166;20190225;   10;   5.9;   2.6;    3;   0.0;   0;   10.250;   6;   5.3;   4.7;  960.83;    5.4;   53.54;   10.8;   -0.4;   -1.7;eor
       3166;20190226;   10;   5.6;   2.4;    3;   0.0;   0;    4.683;   3;   6.8;   4.6;  957.18;    5.2;   52.25;    9.5;    1.5;   -1.5;eor
       3166;20190227;   10;   7.1;   2.6;    3;   0.0;   0;   10.350;   0;   0.9;   5.9;  950.99;    6.6;   61.08;   13.2;    0.6;   -2.1;eor
       3166;20190228;   10;  13.1;   4.9;    3;   0.4;   6;    7.933;   0;   3.6;   5.9;  938.96;    8.1;   54.42;   11.2;    5.8;   -1.2;eor
       3166;20190301;   10;  10.5;   3.3;    3;   9.0;   6;    0.133;   0;   7.6;   7.7;  936.88;    4.4;   91.13;    6.8;   -0.7;   -0.3;eor
       3166;20190302;   10;   9.2;   2.8;    3;   0.6;   8;    0.000;   0;   7.6;   6.1;  939.89;    0.9;   92.92;    4.5;   -1.1;   -0.7;eor
       3166;20190303;   10;  13.7;   5.3;    3;   0.1;   6;    0.000;   0;   7.9;   7.7;  935.50;    6.1;   81.67;    7.7;    4.3;    3.5;eor
       3166;20190304;   10;  20.0;   6.7;    3;   0.6;   8;    3.383;   0;   7.0;   6.5;  924.87;    7.1;   65.38;   12.0;    1.2;   -0.3;eor
       3166;20190305;   10;  14.5;   5.3;    3;   2.3;   8;    0.683;   0;   6.4;   5.7;  931.32;    2.0;   80.75;    4.2;    0.4;   -1.0;eor
       3166;20190306;   10;  13.3;   4.0;    3;   0.0;   0;    9.650;   0;   6.0;   6.1;  934.26;    4.6;   72.25;    8.6;    0.1;   -2.4;eor
       3166;20190307;   10;  15.6;   4.9;    3;   0.0;   6;    2.467;   0;   6.2;   6.5;  927.20;    7.4;   63.04;   13.4;    4.3;    3.0;eor
       3166;20190308;   10;  18.5;   5.9;    3;   1.0;   6;    2.967;   0;   5.1;   6.0;  935.56;    4.1;   74.04;    5.9;    2.2;    0.4;eor
       3166;20190309;   10;  22.3;   7.2;    3;   5.2;   8;    0.983;   0;   7.4;   6.4;  935.53;    4.5;   75.88;    7.6;    1.7;   -0.1;eor
       3166;20190310;   10;  25.8;   5.8;    3;   6.3;   8;    0.367;   0;   7.1;   6.7;  930.90;    4.3;   79.88;    8.4;   -0.9;   -0.7;eor
       3166;20190311;   10;  16.4;   5.3;    3;  10.6;   8;    1.167;   0;   7.3;   5.1;  937.37;   -0.5;   86.71;    1.3;   -1.8;   -1.9;eor
       3166;20190312;   10;  12.0;   3.9;    3;   0.1;   8;    5.917;  12;   7.4;   5.0;  941.43;    1.3;   75.79;    3.8;   -1.3;   -0.6;eor
       3166;20190313;   10;  15.4;   6.2;    3;   0.0;   8;    4.117;   2;   7.2;   5.0;  931.16;    3.2;   65.54;    5.2;    1.4;   -0.3;eor
       3166;20190314;   10;  16.3;   6.5;    3;   3.6;   8;    1.100;   0;   7.5;   5.9;  927.42;    2.5;   81.29;    4.3;    0.8;    0.2;eor
       3166;20190315;   10;  17.4;   6.2;    3;  10.6;   8;    1.733;   0;   7.2;   7.1;  928.31;    4.3;   84.71;    8.0;    2.0;    1.1;eor
       3166;20190316;   10;  14.6;   5.5;    3;   4.1;   8;    0.000;   0;   7.5;   7.2;  933.01;    4.5;   85.25;    7.2;    0.8;    0.7;eor
       3166;20190317;   10;  19.9;   5.6;    3;   1.3;   8;    9.050;   0;   4.3;   6.2;  929.88;    7.0;   64.75;   13.4;    2.0;    1.2;eor
       3166;20190318;   10;  13.8;   4.7;    3;   0.5;   8;    4.783;   0;   5.7;   5.2;  939.38;    1.4;   77.38;    5.1;   -0.3;   -1.6;eor
       3166;20190319;   10;   8.4;   3.0;    3;   0.0;   8;    1.767;   0;   7.1;   5.0;  949.80;    1.0;   75.96;    4.0;   -0.8;   -1.6;eor
       3166;20190320;   10;   6.7;   2.2;    3;   0.0;   0;   11.217;   0;   2.8;   4.4;  956.77;    2.8;   61.17;    8.5;   -1.4;   -3.4;eor
       3166;20190321;   10;   5.4;   1.5;    3;   0.0;   0;   11.550;   0;   2.4;   6.2;  957.93;    6.3;   64.83;   13.5;   -0.2;   -3.0;eor
       3166;20190322;   10;   6.2;   1.5;    3;   0.0;   0;   11.833;   0;   5.3;   7.9;  955.64;    9.4;   69.58;   16.8;    1.6;   -0.9;eor
       3166;20190323;   10;   7.4;   2.6;    3;   0.0;   6;   11.550;   0;   3.3;   8.4;  951.84;   11.4;   63.67;   17.3;    5.8;    3.6;eor
       3166;20190324;   10;   6.7;   1.8;    3;   0.0;   8;    0.000;   0;   7.7;   7.8;  948.24;    5.4;   86.67;    6.9;    3.8;    3.7;eor
       3166;20190325;   10;  12.0;   3.9;    3;   3.1;   8;    1.467;   0;   7.5;   5.7;  941.45;    1.2;   86.08;    4.6;   -0.5;   -0.4;eor
       3166;20190326;   10;  11.9;   4.3;    3;   5.1;   8;    0.383;   0;   7.6;   5.8;  949.18;    1.2;   87.63;    3.6;   -0.1;    0.0;eor
       3166;20190327;   10;   7.2;   2.8;    3;   2.2;   6;    0.083;   0;   7.7;   6.8;  953.82;    2.7;   91.25;    4.8;    0.6;    0.5;eor
       3166;20190328;   10;   7.1;   2.7;    3;   7.2;   6;    0.000;   0;   7.7;   8.3;  956.51;    4.6;   97.29;    6.0;    3.1;    3.1;eor
       3166;20190329;   10;   5.8;   1.4;    3;   0.0;   0;    7.117;   0;   6.8;   7.5;  955.61;    7.2;   75.21;   12.6;    2.9;   -0.2;eor
       3166;20190330;   10;   7.1;   1.8;    3;   0.0;   0;   12.033;   0;   6.7;   6.9;  948.49;    7.8;   67.92;   16.2;   -0.1;   -2.5;eor
       3166;20190331;   10;   6.9;   2.7;    3;   0.0;   0;    6.200;   0;   4.0;   7.3;  946.85;    6.9;   73.75;   11.9;    1.3;   -0.2;eor
       3166;20190401;   10;  14.8;   3.2;    3;   0.0;   0;   12.133;   0;   0.5;   4.8;  946.93;    5.0;   56.54;   10.9;   -1.1;   -2.5;eor
       3166;20190402;   10;  13.1;   3.8;    3;   0.0;   0;   10.267;   0;   4.5;   5.4;  937.58;    7.9;   49.67;   13.8;    1.1;   -1.3;eor
       3166;20190403;   10;  10.1;   3.1;    3;   0.0;   6;    6.583;   0;   7.0;   7.3;  929.58;   11.0;   56.75;   16.1;    6.6;    4.0;eor
       3166;20190404;   10;  11.7;   3.6;    3;   0.0;   0;   12.367;   0;   2.7;   7.4;  924.68;   11.1;   56.88;   16.4;    3.0;   -0.2;eor
       3166;20190405;   10;   8.8;   2.1;    3;   0.0;   0;    5.017;   0;   6.3;   8.8;  930.32;    9.8;   75.04;   14.9;    5.4;    5.5;eor
       3166;20190406;   10;  10.3;   3.1;    3;   0.0;   6;    7.117;   0;   3.2;   8.0;  932.27;   11.1;   61.96;   17.4;    5.0;    1.7;eor
       3166;20190407;   10;  10.8;   2.5;    3;   0.0;   0;    9.400;   0;   3.3;   7.4;  932.76;    9.2;   65.71;   15.3;    2.2;   -0.6;eor
       3166;20190408;   10;   6.4;   1.5;    3;   0.0;   0;    2.600;   0;   5.9;   7.7;  935.18;    9.4;   66.92;   15.4;    2.9;    0.6;eor
       3166;20190409;   10;   8.1;   2.2;    3;   0.0;   0;    6.217;   0;   5.0;   7.1;  937.00;    5.4;   79.33;    9.7;    1.0;   -1.0;eor
       3166;20190410;   10;   8.9;   3.0;    3;   0.0;   0;    8.050;   0;   5.7;   5.1;  939.01;    2.5;   70.96;    8.0;   -1.4;   -2.6;eor
       3166;20190411;   10;  10.2;   3.2;    3;   0.0;   0;    7.150;   0;   4.4;   3.9;  944.55;    0.2;   64.75;    5.3;   -3.6;   -5.1;eor
       3166;20190412;   10;   6.4;   2.3;    3;   0.0;   7;    0.000;   0;   7.6;   3.9;  946.20;   -1.2;   69.50;    0.5;   -3.0;   -4.6;eor
       3166;20190413;   10;   6.0;   1.8;    3;   0.0;   7;    0.550;   0;   7.1;   4.5;  944.83;   -0.2;   76.00;    3.4;   -3.9;   -6.2;eor
       3166;20190414;   10;   5.5;   1.8;    3;   1.9;   8;    0.000;   0;   7.5;   5.8;  945.82;   -0.2;   94.21;    2.5;   -4.9;   -6.7;eor
       3166;20190415;   10;   9.9;   2.5;    3;   0.0;   0;   11.467;   0;   2.5;   5.4;  948.61;    5.0;   66.29;   11.5;   -0.3;   -1.2;eor
       3166;20190416;   10;  10.8;   3.0;    3;   0.0;   0;   13.117;   0;   0.0;   4.2;  945.80;    7.5;   41.71;   12.7;    2.0;   -1.1;eor
       3166;20190417;   10;   8.9;   2.6;    3;   0.0;   0;   10.100;   0;   0.8;   5.3;  949.67;    9.0;   46.71;   14.7;    3.8;    0.3;eor
       3166;20190418;   10;  12.0;   3.8;    3;   0.0;   0;   13.217;   0;   0.0;   6.0;  952.94;   11.3;   46.96;   17.2;    3.0;   -0.6;eor
       3166;20190419;   10;  10.4;   2.8;    3;   0.0;   0;   13.250;   0;   0.0;   6.1;  955.69;   12.7;   44.79;   19.3;    5.9;    1.1;eor
       3166;20190420;   10;   8.0;   2.0;    3;   0.0;   0;   13.283;   0;   2.1;   5.9;  953.92;   13.4;   40.29;   19.4;    5.0;    1.6;eor
       3166;20190421;   10;   7.3;   1.9;    3;   0.0;   0;   13.317;   0;   0.0;   6.0;  947.31;   12.6;   43.13;   19.1;    4.3;    1.1;eor
       3166;20190422;   10;  13.9;   3.8;    3;   0.0;   0;   13.383;   0;   0.3;   6.2;  939.74;   11.7;   46.75;   17.2;    5.4;    1.2;eor
       3166;20190423;   10;  21.1;   7.6;    3;   0.0;   0;    9.750;   0;   4.3;   8.3;  932.09;   10.1;   67.21;   14.9;    7.6;    6.0;eor
       3166;20190424;   10;  15.3;   5.4;    3;   0.0;   0;    9.683;   0;   5.1;  10.3;  932.83;   13.0;   69.88;   18.2;    7.9;    7.5;eor
       3166;20190425;   10;  13.7;   3.1;    3;   0.0;   0;   11.350;   0;   5.1;   7.7;  937.78;   15.9;   44.46;   21.8;    5.8;    2.5;eor
       3166;20190426;   10;  12.7;   3.4;    3;   9.2;   6;    8.917;   0;   6.9;  10.3;  936.50;   13.4;   68.33;   19.0;    5.5;    5.9;eor
       3166;20190427;   10;  10.1;   3.0;    3;   5.1;   6;    1.233;   0;   7.7;   8.6;  939.38;    7.8;   81.75;   12.6;    4.5;    4.4;eor
       3166;20190428;   10;   7.6;   2.7;    3;   1.6;   6;    1.950;   0;   7.5;   7.4;  942.79;    5.4;   83.50;    8.8;    3.4;    2.6;eor
       3166;20190429;   10;  10.6;   3.0;    3;  21.3;   6;    0.000;   0;   7.7;   8.7;  942.73;    5.4;   96.04;    7.6;    4.1;    3.3;eor
       3166;20190430;   10;   7.8;   2.6;    3;   0.0;   6;   10.600;   0;   2.9;   6.9;  942.38;    5.9;   75.54;   11.6;    1.3;   -0.4;eor
       3166;20190501;   10;  10.2;   3.4;    3;   0.3;   6;    6.317;-999;   5.7;   8.3;  939.42;    9.4;   71.33;   14.7;    2.4;   -0.6;eor
       3166;20190502;   10;  12.4;   3.5;    3;   3.2;   6;    7.217;-999;   5.1;   8.4;  933.71;    9.9;   70.83;   15.9;    4.8;    2.8;eor
       3166;20190503;   10;   8.6;   2.8;    3;   1.0;   6;    0.150;   0;   7.3;   6.9;  934.11;    4.7;   79.79;    7.4;    1.9;   -0.2;eor
       3166;20190504;   10;   7.2;   2.3;    3;   7.8;   8;    0.000;   0;   7.6;   6.0;  932.11;    1.3;   88.83;    3.6;   -0.3;   -0.9;eor
       3166;20190505;   10;   8.1;   2.5;    3;   0.0;   8;    4.683;   0;   6.8;   5.4;  940.09;    2.1;   77.96;    7.0;   -0.9;   -3.7;eor
       3166;20190506;   10;   8.6;   2.9;    3;   0.0;   8;    2.850;   0;   5.7;   5.1;  942.54;    2.5;   70.33;    6.7;   -1.5;   -3.6;eor
       3166;20190507;   10;   7.2;   2.4;    3;   0.3;   6;    2.817;   0;   6.3;   5.8;  942.28;    4.4;   70.00;    8.5;   -0.5;   -2.7;eor
       3166;20190508;   10;  13.1;   3.8;    3;   0.2;   6;    7.183;   0;   6.8;   6.7;  933.32;    9.1;   58.83;   13.6;    3.3;    1.7;eor
       3166;20190509;   10;  10.9;   3.1;    3;   2.6;   6;    2.567;   0;   7.6;   8.3;  927.72;   10.3;   67.08;   14.8;    7.8;    7.5;eor
       3166;20190510;   10;  12.9;   3.5;    3;   1.0;   6;    2.800;   0;   7.3;   8.7;  934.88;    8.9;   77.54;   12.8;    5.1;    3.0;eor
       3166;20190511;   10;  10.8;   2.7;    3;  19.2;   6;    0.333;   0;   7.5;   9.7;  937.11;    8.2;   89.00;   11.8;    5.2;    3.0;eor
       3166;20190512;   10;  11.7;   3.3;    3;   0.1;   6;    3.300;   0;   7.6;   7.0;  950.96;    6.1;   75.92;   10.0;    2.7;    2.9;eor
       3166;20190513;   10;  10.1;   2.7;    3;   0.0;   6;    8.950;   0;   4.7;   5.7;  957.69;    5.6;   63.71;   10.0;    1.4;   -0.4;eor
       3166;20190514;   10;  13.3;   3.0;    3;   5.2;   8;    7.817;   0;   4.8;   6.1;  953.28;    4.0;   75.46;    7.4;    0.5;   -1.2;eor
       3166;20190515;   10;   7.0;   2.1;    3;   4.6;   8;    0.000;   0;   7.5;   6.3;  947.63;    2.0;   87.83;    3.4;   -0.9;   -2.7;eor
       3166;20190516;   10;   5.4;   1.6;    3;   0.5;   6;    0.000;   0;   7.9;   7.9;  940.09;    4.4;   94.29;    6.4;    2.7;    3.1;eor
       3166;20190517;   10;   9.6;   2.8;    3;   0.0;   0;    5.450;-999;   5.3;   8.8;  935.90;    9.5;   75.46;   14.5;    5.0;    4.2;eor
       3166;20190518;   10;   9.6;   3.0;    3;   0.0;   6;   13.400;-999;   2.8;  10.0;  933.58;   12.1;   71.88;   17.3;    7.0;    4.9;eor
       3166;20190519;   10;   9.7;   2.6;    3;   0.0;   0;   11.867;-999;   5.3;  10.8;  931.44;   15.0;   64.96;   20.9;    8.8;    5.8;eor
       3166;20190520;   10;   6.5;   1.4;    3;   6.9;   6;    0.250;-999;   7.4;  12.5;  928.93;   12.7;   85.08;   15.8;    9.6;    7.9;eor
       3166;20190521;   10;   9.2;   2.3;    3;   4.6;   6;    5.967;-999;   7.2;  12.3;  931.94;   13.3;   81.50;   18.4;    9.1;    6.9;eor
       3166;20190522;   10;  12.0;   4.3;    3;   4.0;   6;    0.000;-999;   7.7;  11.5;  940.02;    9.3;   97.71;   10.8;    7.7;    7.0;eor
       3166;20190523;   10;   8.0;   2.4;    3;   0.0;   0;    8.650;-999;   6.7;   8.8;  943.94;   10.0;   73.75;   15.6;    5.3;    3.9;eor
       3166;20190524;   10;   7.0;   2.1;    3;   0.0;   0;    9.700;-999;   6.9;   9.2;  941.10;   12.8;   64.71;   19.4;    5.2;    3.1;eor
       3166;20190525;   10;   7.3;   1.9;    3;   0.2;   6;    8.333;-999;   5.5;  10.8;  940.98;   12.6;   74.42;   17.6;    7.9;    5.1;eor
       3166;20190526;   10;  10.5;   2.8;    3;   0.0;   0;   11.517;-999;   6.8;  10.1;  940.41;   13.9;   66.29;   19.7;    7.2;    6.1;eor
       3166;20190527;   10;  11.1;   3.0;    3;   6.3;   6;    6.917;-999;   7.4;  11.5;  935.72;   15.2;   67.25;   19.6;   11.3;    8.3;eor
       3166;20190528;   10;   8.8;   2.2;    3;  10.9;   6;    0.000;-999;   7.7;  11.4;  933.57;   10.3;   90.58;   12.7;    8.4;    8.3;eor
       3166;20190529;   10;  10.1;   2.5;    3;   0.7;   6;    2.500;-999;   6.3;   8.6;  945.00;    8.3;   79.25;   12.1;    3.2;    1.2;eor
       3166;20190530;   10;   7.3;   2.0;    3;   0.0;   0;   14.233;-999;   2.3;   7.5;  950.11;   11.4;   58.50;   18.1;    1.7;    0.0;eor
       3166;20190531;   10;   7.2;   2.2;    3;   0.0;   6;    1.917;-999;   7.5;  12.8;  950.35;   14.9;   75.54;   19.7;   11.8;    9.9;eor
       3166;20190601;   10;   6.8;   1.9;    3;   0.0;   0;   14.017;-999;   5.3;  13.4;  948.63;   17.5;   68.92;   23.3;   11.2;    8.7;eor
       3166;20190602;   10;   8.0;   2.1;    3;   0.0;   0;   13.800;-999;   2.0;  13.5;  945.38;   20.4;   58.75;   26.5;   11.1;    9.1;eor
       3166;20190603;   10;  15.9;   2.7;    3;   0.0;   0;   13.850;-999;   1.5;  13.5;  942.69;   21.9;   52.79;   27.4;   13.7;   12.0;eor
       3166;20190604;   10;   7.4;   2.0;    3;   0.3;   6;   12.800;-999;   2.7;  13.6;  940.23;   20.3;   58.67;   25.9;   12.6;   11.1;eor
       3166;20190605;   10;   7.5;   2.4;    3;   0.0;   0;   12.950;-999;   0.3;  14.3;  936.55;   22.9;   53.13;   28.2;   15.0;   12.8;eor
       3166;20190606;   10;   8.6;   2.7;    3;  31.9;   8;    4.850;-999;   5.4;  15.6;  937.24;   16.2;   85.00;   23.0;   10.4;   10.5;eor
       3166;20190607;   10;  14.1;   3.0;    3;   0.0;   6;    6.967;-999;   4.7;  14.0;  940.73;   15.1;   82.25;   20.6;    9.0;    8.2;eor
       3166;20190608;   10;  13.6;   4.0;    3;   0.0;   6;    8.833;-999;   4.6;   9.1;  947.52;   14.1;   57.79;   18.7;    7.0;    4.8;eor
       3166;20190609;   10;  10.5;   2.6;    3;   0.0;   0;   10.817;-999;   5.5;   9.6;  949.02;   16.5;   53.13;   22.2;    5.7;    3.8;eor
       3166;20190610;   10;  15.3;   2.4;    3;  33.2;   8;    5.667;-999;   7.7;  16.0;  940.47;   19.6;   71.25;   24.8;   13.2;    6.5;eor
       3166;20190611;   10;   8.2;   2.0;    3;   0.3;   6;    7.483;-999;   5.8;  18.2;  937.03;   18.6;   85.88;   26.0;   11.0;   10.4;eor
       3166;20190612;   10;  12.7;   3.0;    3;   7.5;   8;    8.883;-999;   5.3;  17.2;  936.44;   19.7;   78.50;   28.8;   12.7;   12.6;eor
       3166;20190613;   10;   5.6;   1.6;    3;   0.9;   6;    8.000;-999;   5.5;  14.4;  941.95;   15.9;   80.54;   21.1;   11.9;   11.3;eor
       3166;20190614;   10;  13.3;   2.7;    3;   0.0;   0;   11.967;-999;   3.7;  13.3;  944.25;   20.8;   57.38;   26.7;   10.5;    8.9;eor
       3166;20190615;   10;  14.8;   3.8;    3;   0.7;   6;    9.483;-999;   6.0;  16.8;  939.79;   22.4;   62.92;   27.9;   16.0;   15.5;eor
       3166;20190616;   10;   6.0;   1.7;    3;   4.5;   6;    2.650;-999;   7.3;  13.6;  946.60;   15.5;   77.92;   19.0;   12.5;   11.9;eor
       3166;20190617;   10;   7.7;   1.8;    3;   0.0;   6;   11.483;-999;   3.8;  12.2;  947.67;   17.3;   64.46;   23.2;   10.1;    8.9;eor
       3166;20190618;   10;   8.9;   2.9;    3;   0.0;   0;   12.517;-999;   3.6;  13.0;  943.74;   20.1;   56.04;   25.0;   14.4;   12.4;eor
       3166;20190619;   10;   7.5;   2.1;    3;   1.7;   8;    8.983;-999;   6.1;  15.0;  938.80;   21.8;   57.92;   25.9;   17.3;   15.4;eor
       3166;20190620;   10;  12.4;   2.6;    3;   0.0;   6;    5.033;-999;   6.5;  14.9;  939.25;   20.1;   63.92;   23.9;   16.0;   14.4;eor
       3166;20190621;   10;   7.7;   2.0;    3;   0.0;   6;    7.900;-999;   5.0;  14.3;  944.23;   16.7;   76.08;   20.7;   12.2;   10.8;eor
       3166;20190622;   10;   9.9;   2.6;    3;   0.0;   6;    4.533;-999;   6.7;  13.9;  946.31;   17.0;   72.38;   21.7;   10.9;    9.4;eor
       3166;20190623;   10;   8.9;   2.4;    3;   0.0;   0;    8.867;-999;   4.9;  13.5;  947.17;   18.6;   63.25;   22.8;   12.8;   10.4;eor
       3166;20190624;   10;   8.4;   2.3;    3;   0.0;   0;   15.083;-999;   0.8;  11.2;  949.80;   20.0;   50.54;   25.9;   11.9;    9.1;eor
       3166;20190625;   10;   9.8;   2.5;    3;   0.0;   0;   15.150;-999;   3.8;  15.9;  949.46;   23.5;   56.21;   29.5;   14.7;   12.3;eor
       3166;20190626;   10;   7.2;   2.5;    3;   0.0;   0;   14.867;-999;   1.3;  18.4;  949.61;   26.9;   52.96;   32.1;   21.2;   18.5;eor
       3166;20190627;   10;   9.3;   3.0;    3;   0.0;   0;   14.683;-999;   1.3;  12.4;  950.03;   18.9;   58.63;   23.2;   12.3;   10.8;eor
       3166;20190628;   10;   5.7;   1.8;    3;   0.0;   0;    9.550;-999;   3.3;  11.2;  950.11;   14.3;   70.96;   20.4;    8.9;    7.3;eor
       3166;20190629;   10;   6.9;   1.4;    3;   0.0;   0;   15.150;-999;   0.1;  10.8;  948.01;   19.8;   50.75;   27.8;    7.9;    6.1;eor
       3166;20190630;   10;   8.1;   2.4;    3;   0.0;   0;   15.100;-999;   0.2;  11.0;  943.25;   25.9;   35.17;   33.5;   16.1;   11.6;eor
       3166;20190701;   10;   8.4;   2.3;    3;   0.0;   6;    9.467;-999;   5.6;  15.6;  942.35;   21.9;   59.46;   26.7;   16.1;   14.2;eor
       3166;20190702;   10;   9.6;   2.8;    3;   0.0;   0;    9.683;-999;   3.5;  10.0;  946.16;   15.4;   57.38;   20.4;    8.4;    6.0;eor
       3166;20190703;   10;   8.1;   2.1;    3;   0.0;   0;   13.517;-999;   1.0;   8.2;  948.32;   12.6;   58.29;   18.4;    6.5;    4.1;eor
       3166;20190704;   10;   6.8;   1.7;    3;   0.0;   0;   14.150;-999;   2.9;   8.2;  947.87;   13.7;   55.17;   20.9;    5.9;    3.9;eor
       3166;20190705;   10;  10.1;   3.0;    3;   0.0;   0;    5.383;-999;   6.6;   9.7;  942.51;   16.1;   54.08;   22.3;   10.9;    9.2;eor
       3166;20190706;   10;  12.3;   2.9;    3;   5.4;   6;   12.000;-999;   5.9;  11.0;  937.32;   18.9;   53.38;   26.0;   11.1;    9.2;eor
       3166;20190707;   10;   9.8;   2.8;    3;   1.2;   6;    3.200;-999;   6.8;  10.5;  938.19;   12.2;   74.88;   16.8;    8.7;    7.4;eor
       3166;20190708;   10;   9.7;   2.8;    3;   0.0;   0;    3.067;-999;   7.5;   8.5;  942.30;   11.0;   65.38;   14.3;    7.7;    5.5;eor
       3166;20190709;   10;   7.2;   2.2;    3;   0.5;   6;    0.000;-999;   7.9;   9.6;  943.73;   10.1;   77.50;   12.5;    8.6;    8.1;eor
       3166;20190710;   10;   7.7;   2.5;    3;   0.0;   0;    8.817;-999;   6.6;   9.3;  943.97;   12.4;   66.67;   18.3;    7.9;    6.5;eor
       3166;20190711;   10;   6.3;   2.0;    3;   7.1;   6;    2.267;-999;   7.9;  11.6;  940.50;   14.8;   69.33;   19.1;    9.7;    8.4;eor
       3166;20190712;   10;  12.1;   3.0;    3;   6.2;   6;    4.317;-999;   7.2;  13.7;  937.97;   14.8;   82.92;   20.7;   11.6;   10.9;eor
       3166;20190713;   10;   9.7;   2.8;    3;  17.5;   6;    3.000;-999;   7.0;  13.7;  939.83;   13.3;   90.58;   18.5;   11.2;   10.7;eor
       3166;20190714;   10;   7.2;   2.0;    3;   1.3;   6;    0.017;-999;   7.5;  14.1;  942.86;   12.3;   98.29;   13.0;   11.6;   11.5;eor
       3166;20190715;   10;   7.1;   2.0;    3;   0.1;   6;    3.367;-999;   6.1;  12.5;  943.10;   13.0;   83.92;   17.1;    9.9;    8.3;eor
       3166;20190716;   10;   8.6;   3.2;    3;   0.0;   0;    4.567;-999;   6.7;  11.5;  942.36;   12.2;   81.00;   15.8;    9.5;    9.3;eor
       3166;20190717;   10;   4.7;   1.5;    3;   0.0;   0;    4.083;-999;   5.5;  12.3;  941.29;   13.0;   83.00;   18.1;    8.6;    7.0;eor
       3166;20190718;   10;   5.4;   1.4;    3;   0.0;   6;    9.817;-999;   3.8;  11.6;  939.79;   16.4;   65.29;   23.4;    7.7;    6.1;eor
       3166;20190719;   10;   9.6;   2.4;    3;   0.4;   6;    0.817;-999;   7.6;  14.3;  942.00;   16.9;   73.83;   19.6;   12.1;   10.5;eor
       3166;20190720;   10;   9.7;   2.2;    3;   1.3;   6;   11.950;-999;   7.4;  14.9;  942.22;   20.8;   63.54;   28.0;   12.2;   10.3;eor
       3166;20190721;   10;   7.6;   2.3;    3;   0.9;   6;    7.783;-999;   6.2;  14.8;  946.38;   18.2;   71.92;   23.0;   13.0;   11.1;eor
       3166;20190722;   10;   8.0;   2.2;    3;   0.0;   0;   10.100;-999;   7.1;  13.1;  949.99;   18.9;   61.83;   24.2;   11.6;    9.5;eor
       3166;20190723;   10;   6.9;   1.9;    3;   0.0;   0;   14.767;-999;   0.6;  13.9;  948.94;   20.7;   58.71;   27.7;   13.5;   11.5;eor
       3166;20190724;   10;   5.6;   1.5;    3;   0.0;   0;   14.733;-999;   0.4;  13.3;  945.88;   23.8;   48.33;   30.9;   14.4;   12.0;eor
       3166;20190725;   10;   6.6;   1.7;    3;   0.0;   0;   14.333;-999;   1.1;  12.9;  945.12;   25.2;   42.92;   31.8;   16.9;   14.1;eor
       3166;20190726;   10;   8.2;   2.1;    3;   0.0;   0;   14.367;-999;   0.5;  13.4;  939.85;   22.5;   50.83;   28.6;   14.5;   12.6;eor
       3166;20190727;   10;   9.4;   2.5;    3;   0.0;   0;    9.667;-999;   3.1;  12.8;  932.42;   21.3;   52.17;   26.8;   14.5;   11.2;eor
       3166;20190728;   10;   8.1;   2.5;    3;   0.0;   0;    2.700;-999;   7.0;  16.9;  930.30;   19.2;   76.58;   23.8;   15.4;   14.0;eor
       3166;20190729;   10;   7.4;   2.1;    3;   0.0;   6;    4.183;-999;   6.1;  18.2;  936.57;   20.4;   76.38;   25.9;   14.9;   13.4;eor
       3166;20190730;   10;   7.7;   2.2;    3;   0.0;   6;    1.467;-999;   7.2;  18.1;  939.76;   20.2;   77.75;   24.8;   17.0;   15.9;eor
       3166;20190731;   10;  10.0;   2.3;    3;   0.2;   6;    4.450;-999;   5.3;  15.6;  942.59;   17.2;   79.50;   21.1;   12.6;   10.2;eor
       3166;20190801;   10;   6.7;   2.0;    3;   0.0;   0;    8.467;-999;   4.1;  12.2;  943.69;   16.5;   66.83;   22.2;   11.0;    8.7;eor
       3166;20190802;   10;   9.3;   1.7;    3;   4.3;   6;    3.067;-999;   7.7;  12.3;  941.55;   16.6;   67.79;   23.0;   10.7;    8.6;eor
       3166;20190803;   10;  10.5;   1.9;    3;   9.5;   8;    6.433;-999;   5.6;  14.0;  941.47;   14.5;   85.04;   19.6;   11.3;   10.2;eor
       3166;20190804;   10;   7.0;   2.1;    3;   0.0;   0;   10.433;-999;   4.3;  13.5;  942.98;   16.3;   74.63;   22.3;   11.3;    9.9;eor
       3166;20190805;   10;   7.8;   2.3;    3;   0.0;   6;    2.867;-999;   7.9;  13.6;  940.24;   18.7;   64.79;   23.9;   11.2;   10.1;eor
       3166;20190806;   10;  10.7;   2.9;    3;   0.1;   6;    5.767;-999;   7.2;  15.0;  938.72;   19.2;   68.79;   25.3;   14.5;   12.2;eor
       3166;20190807;   10;  10.0;   2.8;    3;   8.6;   6;    1.333;-999;   7.6;  16.4;  936.24;   16.9;   85.58;   20.4;   13.1;   12.0;eor
       3166;20190808;   10;  12.1;   3.3;    3;   0.0;   0;   11.000;-999;   4.3;  13.2;  939.78;   16.9;   70.54;   22.9;   11.9;   10.4;eor
       3166;20190809;   10;   7.3;   2.2;    3;   8.8;   6;    9.133;-999;   6.2;  13.9;  940.22;   20.8;   58.71;   27.3;   11.6;    9.3;eor
       3166;20190810;   10;  11.0;   3.6;    3;   0.2;   6;    1.833;-999;   6.3;  16.7;  941.20;   18.9;   76.50;   21.2;   15.7;   13.5;eor
       3166;20190811;   10;   8.9;   2.4;    3;   6.2;   6;    9.933;-999;   4.3;  13.2;  943.30;   19.6;   60.21;   25.2;   14.3;   11.3;eor
       3166;20190812;   10;   6.0;   1.9;    3;   1.0;   6;    1.550;-999;   7.8;  13.8;  942.64;   15.0;   81.21;   17.9;   12.7;   12.6;eor
       3166;20190813;   10;  11.4;   3.3;    3;   0.0;   0;    8.450;-999;   5.6;  11.0;  943.29;   14.8;   66.71;   19.3;   10.8;    8.8;eor
       3166;20190814;   10;  14.9;   2.1;    3;   2.6;   6;    8.150;-999;   3.6;   9.8;  944.24;   12.1;   71.21;   17.8;    7.6;    5.1;eor
       3166;20190815;   10;   8.7;   2.6;    3;   2.1;   6;    3.617;-999;   5.4;  12.1;  941.10;   14.6;   72.50;   17.9;    8.5;    5.9;eor
       3166;20190816;   10;   7.3;   2.7;    3;   0.0;   6;    4.417;-999;   6.9;  12.5;  943.29;   14.6;   76.46;   19.2;   11.8;    8.6;eor
       3166;20190817;   10;   9.7;   3.1;    3;   0.2;   6;    0.200;-999;   7.5;  12.6;  940.41;   16.8;   65.50;   20.2;   12.7;    9.3;eor
       3166;20190818;   10;  16.8;   4.0;    3;  11.6;   8;    8.783;-999;   5.7;  15.9;  937.36;   20.9;   66.67;   27.3;   15.4;   14.5;eor
       3166;20190819;   10;   6.3;   1.6;    3;   0.2;   6;    3.867;-999;   7.6;  15.7;  943.57;   16.6;   84.13;   20.6;   12.6;   11.1;eor
       3166;20190820;   10;   7.2;   1.8;    3;  10.6;   6;    2.017;-999;   7.5;  13.8;  948.24;   15.9;   79.50;   21.4;   11.8;   11.8;eor
       3166;20190821;   10;   5.9;   1.9;    3;   0.0;   0;   11.150;-999;   3.9;  11.7;  953.59;   13.7;   77.08;   19.4;    8.8;    7.3;eor
       3166;20190822;   10;   7.6;   1.5;    3;   0.0;   0;   12.200;-999;   2.1;  10.8;  952.98;   15.2;   66.33;   22.2;    8.0;    6.0;eor
       3166;20190823;   10;   6.2;   1.5;    3;   0.0;   0;   13.200;-999;   0.0;  12.5;  952.12;   16.9;   68.17;   24.0;    8.8;    6.5;eor
       3166;20190824;   10;   6.3;   1.5;    3;   0.0;   0;    8.417;-999;   4.0;  16.1;  949.22;   18.5;   76.88;   24.9;   11.4;    8.9;eor
       3166;20190825;   10;   8.8;   2.7;    3;   0.0;   0;   12.617;-999;   1.7;  16.8;  947.49;   21.7;   66.67;   27.5;   17.1;   14.5;eor
       3166;20190826;   10;   7.5;   1.6;    3;   0.0;   6;    7.767;-999;   3.6;  17.1;  946.86;   21.5;   69.00;   27.7;   15.3;   13.5;eor
       3166;20190827;   10;   7.8;   2.2;    3;   0.0;   0;    6.017;-999;   5.8;  17.4;  945.51;   21.3;   69.67;   26.4;   17.0;   14.7;eor
       3166;20190828;   10;   9.0;   1.9;    3;   0.0;   0;    9.383;-999;   5.8;  17.3;  944.08;   22.2;   66.38;   27.7;   15.9;   13.6;eor
       3166;20190829;   10;   8.7;   1.7;    3;   0.0;   6;    5.950;-999;   7.1;  16.8;  946.10;   20.8;   69.67;   27.7;   15.5;   13.6;eor
       3166;20190830;   10;  12.0;   1.3;    3;   2.2;   6;    5.717;-999;   4.7;  18.3;  948.92;   20.4;   77.42;   27.7;   14.9;   13.0;eor
       3166;20190831;   10;   7.9;   2.2;    3;   0.0;   0;   12.567;-999;   0.5;  16.6;  944.06;   22.2;   63.63;   27.4;   15.2;   12.7;eor
       3166;20190901;   10;  15.7;   2.1;    3;  17.4;   6;    5.700;-999;   5.2;  17.5;  939.90;   19.4;   78.38;   26.3;   12.5;   12.5;eor
       3166;20190902;   10;   6.8;   2.2;    3;   0.0;   0;    4.433;-999;   6.0;  10.5;  947.23;   12.4;   73.79;   16.5;    6.8;    4.2;eor
       3166;20190903;   10;   9.2;   2.2;    3;   0.0;   0;   11.050;-999;   2.8;   8.6;  949.36;   12.5;   63.21;   20.0;    5.3;    2.8;eor
       3166;20190904;   10;   8.3;   2.1;    3;   0.0;   6;   12.817;-999;   0.7;   9.8;  943.78;   15.9;   58.08;   23.3;    6.7;    4.8;eor
       3166;20190905;   10;   9.0;   2.6;    3;   0.2;   6;    4.217;-999;   5.7;  10.5;  943.45;   13.1;   70.67;   17.9;    9.4;    7.1;eor
       3166;20190906;   10;   4.9;   1.4;    3;   2.2;   6;    8.483;-999;   6.7;   9.4;  948.59;   11.5;   70.54;   16.5;    4.9;    2.6;eor
       3166;20190907;   10;   5.0;   1.3;    3;   2.5;   6;    0.667;-999;   7.8;  11.0;  944.39;   10.9;   84.71;   13.3;    8.6;    7.4;eor
       3166;20190908;   10;   5.4;   1.5;    3;  15.8;   6;    2.450;-999;   7.5;  10.7;  942.66;   11.4;   80.71;   15.8;    7.5;    6.1;eor
       3166;20190909;   10;  12.3;   3.3;    3;  42.6;   6;    0.000;-999;   7.4;  11.4;  937.32;    9.2;   98.00;   10.1;    8.3;    8.3;eor
       3166;20190910;   10;   6.8;   2.4;    3;   0.0;   0;    7.883;-999;   5.3;  10.2;  943.63;   10.6;   81.63;   16.1;    6.0;    3.8;eor
       3166;20190911;   10;   5.8;   1.7;    3;   0.0;   6;   11.700;-999;   1.5;   9.4;  948.99;   12.1;   70.04;   19.6;    4.3;    1.9;eor
       3166;20190912;   10;   7.9;   2.9;    3;   0.2;   6;    2.983;-999;   5.8;  12.6;  953.96;   13.8;   79.50;   18.4;   10.8;    7.6;eor
       3166;20190913;   10;   9.2;   2.6;    3;   0.0;   6;    1.050;-999;   7.1;  14.5;  956.05;   15.1;   84.63;   17.7;   11.9;   10.2;eor
       3166;20190914;   10;   4.9;   1.2;    3;   0.0;   0;    8.700;-999;   4.1;  10.5;  956.96;   11.9;   77.00;   17.4;    7.5;    5.3;eor
       3166;20190915;   10;   8.9;   3.2;    3;   0.0;   0;   10.883;-999;   5.1;  12.1;  948.87;   16.1;   67.04;   22.4;   10.5;    7.3;eor
       3166;20190916;   10;   6.8;   2.0;    3;   8.4;   6;    0.083;-999;   7.4;  12.3;  944.77;   12.2;   86.33;   15.7;    8.6;    7.3;eor
       3166;20190917;   10;  14.4;   4.3;    3;   0.4;   6;    2.617;-999;   7.0;   9.8;  942.91;    9.3;   83.75;   12.7;    6.0;    4.2;eor
       3166;20190918;   10;  10.9;   3.0;    3;   1.2;   6;    1.800;-999;   6.7;   8.4;  948.23;    7.1;   82.88;   11.8;    4.7;    2.3;eor
       3166;20190919;   10;   9.0;   2.5;    3;   0.0;   6;    4.217;-999;   6.6;   7.6;  952.32;    6.3;   80.21;   11.2;    2.9;    0.4;eor
       3166;20190920;   10;   6.4;   1.9;    3;   0.0;   0;    9.933;-999;   5.5;   7.4;  952.98;    6.8;   77.04;   12.7;    2.8;    0.1;eor
       3166;20190921;   10;  10.6;   2.1;    3;   0.0;   0;   11.767;-999;   0.0;   8.4;  948.11;   12.2;   60.63;   19.1;    3.0;    1.0;eor
       3166;20190922;   10;   8.3;   2.5;    3;   0.0;   0;   11.167;-999;   2.2;   8.6;  940.31;   13.8;   54.92;   18.5;   10.1;    6.5;eor
       3166;20190923;   10;   7.3;   2.0;    3;   1.3;   6;    6.617;-999;   7.6;  11.1;  939.88;   13.9;   69.63;   18.5;    8.2;    5.3;eor
       3166;20190924;   10;   5.7;   1.6;    3;   0.9;   6;    1.517;-999;   7.8;  13.6;  939.48;   13.3;   89.29;   17.1;   12.0;   10.7;eor
       3166;20190925;   10;   9.8;   2.7;    3;   2.5;   6;    1.917;-999;   7.7;  12.4;  934.58;   12.0;   88.33;   14.4;    9.3;    7.4;eor
       3166;20190926;   10;   7.0;   2.5;    3;   5.3;   6;    2.883;-999;   6.8;  12.3;  938.93;   12.5;   85.58;   17.0;    8.3;    6.2;eor
       3166;20190927;   10;  10.6;   3.4;    3;   3.7;   6;    0.050;-999;   7.4;  13.7;  938.48;   13.3;   89.71;   16.3;    9.8;    8.4;eor
       3166;20190928;   10;  12.0;   4.0;    3;   0.3;   6;    4.700;-999;   5.4;  11.3;  940.18;   11.7;   82.17;   15.1;    8.8;    6.1;eor
       3166;20190929;   10;  18.8;   4.8;    3;   0.5;   6;    2.700;-999;   7.5;  10.7;  933.91;   13.8;   68.63;   17.8;   10.1;    8.9;eor
       3166;20190930;   10;  18.0;   6.0;    3;   3.5;   6;    1.217;-999;   7.3;  11.3;  932.46;   11.3;   84.54;   15.5;    8.6;    6.1;eor
       3166;20191001;   10;  14.4;   4.7;    3;   3.9;   6;    3.833;   0;   6.9;  11.9;  932.24;   12.7;   80.50;   16.6;    8.0;    5.2;eor
       3166;20191002;   10;  10.7;   3.3;    3;   6.6;   6;    0.117;   0;   6.9;  10.1;  932.10;    8.1;   91.67;   13.1;    3.5;    2.0;eor
       3166;20191003;   10;  12.3;   3.8;    3;  32.6;   6;    0.717;   0;   7.1;   8.8;  939.40;    5.9;   94.58;    9.0;    3.5;    2.2;eor
       3166;20191004;   10;   7.4;   2.1;    3;  12.1;   6;    0.833;   0;   7.4;   8.8;  935.33;    6.9;   88.79;    9.2;    5.7;    5.4;eor
       3166;20191005;   10;  12.8;   3.6;    3;  10.3;   6;    0.000;   0;   7.5;   8.8;  936.04;    5.4;   97.75;    8.2;    3.4;    3.5;eor
       3166;20191006;   10;   7.6;   2.3;    3;   0.0;   0;    5.350;   0;   7.5;   7.0;  942.83;    4.8;   81.88;    8.4;    1.4;    0.1;eor
       3166;20191007;   10;   6.4;   1.5;    3;   0.0;   0;   10.000;   0;   3.3;   6.0;  943.16;    4.1;   75.79;   10.0;   -1.3;   -3.3;eor
       3166;20191008;   10;  11.5;   3.6;    3;  12.7;   6;    0.000;   0;   7.7;  10.3;  936.46;    8.4;   91.96;   10.2;    4.6;    3.3;eor
       3166;20191009;   10;  11.6;   3.9;    3;   2.6;   6;    5.067;   0;   7.2;   9.9;  935.58;    9.5;   83.29;   12.8;    7.4;    5.9;eor
       3166;20191010;   10;  10.4;   4.1;    3;   2.9;   6;    1.933;   0;   5.9;   9.0;  938.83;    7.3;   87.67;    9.5;    5.9;    4.2;eor
       3166;20191011;   10;  12.1;   4.6;    3;   0.0;   0;    4.150;   0;   6.4;  10.0;  942.59;   10.3;   79.88;   12.9;    6.2;    4.3;eor
       3166;20191012;   10;  12.9;   4.3;    3;   0.0;   6;   10.017;   0;   3.7;  11.3;  940.69;   15.2;   65.96;   20.2;   10.8;    8.7;eor
       3166;20191013;   10;   8.6;   3.0;    3;   0.0;   0;    8.983;   0;   2.8;  13.5;  942.20;   17.9;   65.71;   23.2;   14.3;   11.0;eor
       3166;20191014;   10;   7.1;   2.2;    3;   0.0;   0;   10.133;   0;   1.0;  13.0;  941.86;   17.1;   68.17;   23.2;   11.8;    8.3;eor
       3166;20191015;   10;   8.1;   2.4;    3;   2.2;   6;    9.350;   0;   3.6;  12.2;  935.01;   12.1;   86.29;   16.5;    8.6;    5.7;eor
       3166;20191016;   10;  13.8;   5.1;    3;   0.1;   6;    3.317;   0;   7.2;  10.3;  938.17;   10.8;   79.92;   12.3;    8.4;    8.6;eor
       3166;20191017;   10;   8.6;   2.6;    3;   0.1;   6;    4.600;   0;   6.5;   9.6;  940.83;   11.8;   69.17;   15.4;    9.0;    6.2;eor
       3166;20191018;   10;  12.3;   3.3;    3;   0.4;   6;    3.167;   0;   7.6;  11.4;  938.75;   13.1;   75.83;   16.5;    9.0;    6.9;eor
       3166;20191019;   10;   9.5;   2.2;    3;   1.4;   6;    0.033;   0;   7.7;  10.2;  937.63;   11.2;   76.67;   12.7;    9.2;    7.9;eor
       3166;20191020;   10;  11.0;   3.0;    3;   0.0;   0;    8.750;   0;   7.5;  11.2;  937.94;   12.3;   78.00;   16.1;   10.0;    8.7;eor
       3166;20191021;   10;   6.9;   1.6;    3;   0.0;   0;    4.667;   0;   7.4;  11.7;  944.32;   13.4;   77.38;   18.3;    8.8;    5.7;eor
       3166;20191022;   10;   3.6;   1.2;    3;   0.0;   0;    5.800;   0;   6.8;  11.4;  949.15;   10.9;   87.67;   16.1;    7.1;    4.6;eor
       3166;20191023;   10;   9.9;   2.4;    3;   0.0;   0;    5.150;   0;   5.3;  12.6;  943.97;   12.2;   89.21;   16.9;    8.2;    6.5;eor
       3166;20191024;   10;   8.0;   2.3;    3;   0.0;   0;    6.983;   0;   7.0;  11.9;  938.07;   13.9;   76.29;   20.1;    9.8;    6.8;eor
       3166;20191025;   10;   8.2;   2.8;    3;   0.0;   0;    4.533;   0;   6.5;  10.8;  946.45;   12.0;   77.38;   15.9;    8.5;    4.8;eor
       3166;20191026;   10;   9.1;   3.3;    3;   0.0;   0;    9.083;   0;   7.0;  10.3;  945.03;   13.9;   65.63;   19.1;    9.4;    6.0;eor
       3166;20191027;   10;  13.2;   3.7;    3;   2.9;   6;    3.317;   0;   6.4;   9.2;  943.64;   10.0;   76.13;   16.9;    3.0;    3.1;eor
       3166;20191028;   10;   6.1;   2.3;    3;   0.0;   0;    4.350;   0;   6.8;   7.3;  946.09;    4.0;   90.25;    7.6;    1.2;   -1.5;eor
       3166;20191029;   10;   5.0;   1.6;    3;   0.0;   0;    0.717;   0;   7.0;   6.7;  947.81;    2.8;   89.96;    5.5;    0.6;   -1.7;eor
       3166;20191030;   10;   6.9;   1.5;    3;   0.0;   0;    6.183;   0;   2.8;   5.2;  951.62;    1.2;   79.79;    6.1;   -2.9;   -5.9;eor
       3166;20191031;   10;   6.2;   1.7;    3;   0.0;   0;    9.267;   0;   3.5;   4.6;  948.72;    0.1;   76.83;    5.3;   -5.0;   -8.0;eor
       3166;20191101;   10;  10.7;   2.8;    3;   3.1;   6;    6.883;   0;   5.1;   5.9;  937.93;    1.8;   83.29;    4.2;   -1.3;   -3.6;eor
       3166;20191102;   10;  11.8;   3.7;    3;   0.1;   6;    0.867;   0;   7.4;  10.4;  924.27;    9.2;   88.08;   12.9;    4.2;    3.8;eor
       3166;20191103;   10;   8.1;   2.1;    3;   6.2;   6;    0.117;   0;   7.8;   9.7;  918.48;    8.1;   89.63;   10.9;    6.0;    5.2;eor
       3166;20191104;   10;  11.7;   3.7;    3;   0.9;   6;    0.867;   0;   7.0;   9.3;  919.27;    7.8;   87.67;   10.4;    6.5;    4.7;eor
       3166;20191105;   10;   8.9;   3.4;    3;   0.1;   6;    1.333;   0;   5.3;   7.6;  923.93;    6.0;   81.04;    8.2;    1.5;   -1.7;eor
       3166;20191106;   10;   9.6;   3.2;    3;   0.1;   6;    2.750;   0;   6.7;   7.6;  927.75;    5.2;   85.71;    7.8;    2.2;   -0.6;eor
       3166;20191107;   10;   8.3;   2.4;    3;   0.0;   0;    6.017;   0;   5.5;   7.4;  929.95;    6.0;   79.29;    8.8;    3.6;    1.6;eor
       3166;20191108;   10;   6.0;   1.5;    3;   0.9;   6;    0.017;   0;   7.8;   8.0;  930.85;    4.7;   93.00;    6.6;    2.2;    0.2;eor
       3166;20191109;   10;   7.8;   2.3;    3;   1.3;   8;    0.000;   0;   6.5;   7.4;  932.87;    3.1;   95.75;    4.8;   -0.2;   -2.8;eor
       3166;20191110;   10;   4.1;   1.3;    3;   0.0;   0;    6.683;   0;   2.3;   5.5;  937.79;    0.8;   86.29;    6.4;   -2.5;   -5.4;eor
       3166;20191111;   10;  11.4;   2.6;    3;   0.0;   6;    8.500;   0;   2.6;   5.1;  935.85;   -0.1;   84.17;    2.3;   -3.1;   -6.1;eor
       3166;20191112;   10;   9.6;   2.6;    3;   0.0;   8;    0.000;   0;   6.8;   6.0;  931.64;    2.4;   82.71;    3.2;    1.5;    1.2;eor
       3166;20191113;   10;   5.5;   1.9;    3;   0.6;   8;    0.000;   0;   5.8;   6.1;  928.93;    1.6;   88.25;    2.7;    0.6;   -1.6;eor
       3166;20191114;   10;  16.3;   3.8;    3;   0.0;   0;    4.550;   0;   5.4;   5.7;  931.64;    1.3;   84.96;    3.7;   -0.5;   -1.5;eor
       3166;20191115;   10;  20.8;   4.6;    3;   0.0;   6;    1.500;   0;   7.7;   8.0;  928.20;    5.4;   89.17;    7.7;    2.5;    2.1;eor
       3166;20191116;   10;  11.6;   2.7;    3;   0.0;   6;    4.850;   0;   6.0;   7.2;  933.48;    4.5;   85.08;    7.6;   -0.9;   -2.8;eor
       3166;20191117;   10;  17.6;   4.0;    3;   0.4;   6;    0.667;   0;   7.6;   9.2;  933.54;    7.0;   90.13;   10.1;   -0.3;   -2.2;eor
       3166;20191118;   10;  10.5;   3.3;    3;   4.3;   6;    1.867;   0;   5.2;   8.2;  932.89;    5.8;   86.29;    9.4;    1.8;    0.5;eor
       3166;20191119;   10;  12.7;   2.5;    3;   2.0;   8;    2.000;   0;   7.4;   6.1;  940.84;    2.6;   83.00;    5.2;    1.4;    0.1;eor
       3166;20191120;   10;   3.8;   1.4;    3;   0.0;   6;    0.000;   0;   8.0;   7.1;  940.67;    2.1;   99.54;    3.2;    1.3;    1.4;eor
       3166;20191121;   10;   7.3;   1.8;    3;   1.1;   6;    0.000;   0;   7.8;   9.2;  935.12;    5.8;   99.42;    7.0;    2.9;    3.1;eor
       3166;20191122;   10;  14.1;   2.7;    3;   0.0;   0;    1.000;   0;   6.8;   7.9;  934.78;    4.6;   93.54;    5.9;    3.1;    0.9;eor
       3166;20191123;   10;  14.4;   4.0;    3;   0.0;   0;    0.883;   0;   7.5;   7.7;  930.88;    4.9;   89.33;    6.3;    3.7;    3.6;eor
       3166;20191124;   10;   9.0;   3.0;    3;   0.0;   0;    4.200;   0;   6.0;   7.4;  933.62;    3.8;   92.92;    6.0;    2.5;    0.6;eor
       3166;20191125;   10;   5.1;   1.6;    3;   0.0;   0;    4.183;   0;   7.9;   6.8;  935.25;    3.0;   89.75;    8.3;   -0.7;   -2.6;eor
       3166;20191126;   10;   7.6;   1.5;    3;   0.0;   6;    0.217;   0;   8.0;   6.9;  933.43;    2.6;   92.83;    7.2;   -1.5;   -3.7;eor
       3166;20191127;   10;  11.7;   3.2;    3;   3.5;   6;    0.500;   0;   6.9;   7.4;  925.17;    3.8;   92.42;    6.4;    2.3;    1.0;eor
       3166;20191128;   10;  15.2;   6.6;    3;   1.2;   6;    0.583;   0;   6.7;   7.9;  922.38;    7.1;   77.79;    8.5;    6.0;    5.0;eor
       3166;20191129;   10;  14.3;   5.4;    3;   3.5;   8;    2.667;   0;   7.3;   6.5;  930.43;    2.9;   84.96;    6.5;   -1.3;   -2.2;eor
       3166;20191130;   10;   7.9;   2.7;    3;   1.5;   8;    0.033;   2;   6.8;   5.6;  944.93;   -0.5;   94.38;    0.9;   -3.2;   -6.8;eor
       3166;20191201;   10;   8.0;   1.8;    3;   0.0;   0;    1.300;   0;   6.5;   4.7;  944.05;   -2.0;   89.46;    0.3;   -5.3;   -9.1;eor
       3166;20191202;   10;  10.7;   3.2;    3;   2.4;   8;    0.000;   0;   7.6;   5.3;  944.68;   -1.0;   93.25;    0.5;   -2.5;   -3.4;eor
       3166;20191203;   10;   9.4;   2.7;    3;   1.3;   8;    0.367;   1;   7.5;   5.9;  949.83;    0.3;   94.75;    1.6;   -0.6;   -2.2;eor
       3166;20191204;   10;   8.9;   1.9;    3;   0.0;   0;    7.750;   1;   1.8;   5.1;  947.47;    0.4;   81.50;    4.1;   -3.4;   -7.6;eor
       3166;20191205;   10;   8.8;   2.4;    3;   0.0;   0;    7.583;   0;   0.8;   4.1;  944.14;   -2.0;   78.29;    0.8;   -4.4;   -9.3;eor
       3166;20191206;   10;  16.5;   5.1;    3;   0.5;   6;    6.883;   0;   4.6;   4.1;  938.43;    3.0;   53.88;    5.7;   -4.0;   -9.7;eor
       3166;20191207;   10;  16.7;   6.0;    3;   0.4;   6;    0.000;   0;   7.6;   7.1;  936.17;    4.6;   83.29;    5.8;    2.5;    1.5;eor
       3166;20191208;   10;  14.9;   6.3;    3;   1.6;   6;    0.917;   0;   7.6;   7.5;  932.33;    5.9;   79.88;    7.7;    3.8;    3.2;eor
       3166;20191209;   10;  14.1;   4.8;    3;   3.5;   8;    1.433;   0;   7.3;   6.7;  928.53;    4.3;   80.58;    6.6;    0.0;    0.1;eor
       3166;20191210;   10;  14.0;   3.5;    3;   0.1;   8;    0.217;   0;   5.4;   5.5;  945.33;    0.0;   89.67;    1.5;   -2.1;   -4.3;eor
       3166;20191211;   10;   8.8;   2.4;    3;   0.4;   8;    3.633;   0;   6.8;   3.9;  936.60;    0.1;   63.67;    2.8;   -2.1;   -4.5;eor
       3166;20191212;   10;   8.2;   2.6;    3;   0.2;   8;    0.000;   0;   7.1;   5.4;  927.63;    0.0;   88.83;    2.1;   -1.5;   -2.9;eor
       3166;20191213;   10;  13.9;   4.9;    3;   0.2;   8;    0.683;-999;   6.3;   5.1;  911.15;   -0.8;   88.33;    2.0;   -3.1;   -3.3;eor
       3166;20191214;   10;  18.4;   6.2;    3;   2.3;   8;    0.083;   0;   7.2;   5.9;  918.28;    2.3;   82.50;    3.9;    0.4;    0.1;eor
       3166;20191215;   10;  19.8;   4.5;    3;   3.8;   6;    0.333;   0;   7.3;   7.1;  930.19;    4.4;   84.04;    8.4;    1.5;   -0.2;eor
       3166;20191216;   10;   8.2;   2.9;    3;   0.0;   0;    2.617;   0;   8.0;   7.6;  935.92;    6.4;   78.50;    9.1;    3.2;    1.4;eor
       3166;20191217;   10;   9.0;   2.7;    3;   0.0;   0;    5.050;   0;   7.8;   6.7;  934.66;   10.6;   52.50;   14.2;    7.3;    4.8;eor
       3166;20191218;   10;   9.7;   2.9;    3;   0.0;   6;    0.033;   0;   7.0;   8.5;  942.21;    8.7;   76.21;   11.9;    5.3;    1.3;eor
       3166;20191219;   10;  13.6;   2.8;    3;   0.0;   0;    3.367;   0;   6.0;   8.0;  940.65;    6.7;   81.33;    9.1;    4.1;    2.0;eor
       3166;20191220;   10;  12.6;   4.0;    3;   4.4;   6;    5.300;   0;   5.4;   8.0;  924.03;    6.3;   83.58;    8.2;    4.9;    2.8;eor
       3166;20191221;   10;   9.1;   2.3;    3;   0.0;   0;    3.583;   0;   5.2;   7.1;  920.63;    3.8;   88.50;    7.3;   -0.2;   -2.9;eor
       3166;20191222;   10;   8.7;   2.5;    3;   0.7;   6;    0.000;   0;   7.5;   6.9;  916.28;    3.0;   90.46;    4.8;    0.9;   -1.2;eor
       3166;20191223;   10;  10.5;   4.4;    3;   1.7;   6;    0.000;   0;   7.4;   7.1;  929.03;    3.4;   90.21;    4.6;    2.7;    1.4;eor
       3166;20191224;   10;  12.0;   4.1;    3;   4.2;   8;    0.867;   0;   7.6;   6.7;  936.32;    3.1;   88.00;    4.4;    1.0;    0.2;eor
       3166;20191225;   10;  11.3;   4.3;    3;  11.6;   8;    0.000;   0;   7.5;   7.2;  938.92;    2.7;   96.25;    4.2;    0.5;    0.1;eor
       3166;20191226;   10;   7.8;   2.6;    3;   0.2;   8;    0.000;   0;   7.8;   6.0;  947.22;    0.7;   92.88;    1.7;   -0.4;   -0.9;eor
       3166;20191227;   10;   6.7;   1.7;    3;   2.1;   8;    0.017;   0;   7.7;   5.4;  950.90;   -0.4;   91.33;    1.1;   -1.6;   -1.7;eor
       3166;20191228;   10;   7.1;   2.0;    3;   0.0;   8;    0.000;   2;   7.7;   4.2;  961.41;   -3.0;   84.25;   -1.6;   -4.5;   -6.9;eor
       3166;20191229;   10;   4.2;   1.3;    3;   0.0;   0;    7.567;   1;   6.0;   3.3;  960.66;   -3.1;   69.79;    1.6;   -8.7;  -12.6;eor
       3166;20191230;   10;   7.9;   3.0;    3;   0.0;   0;    3.017;   2;   7.0;   3.7;  955.31;    4.8;   41.88;    8.1;   -2.0;   -6.5;eor
       3166;20191231;   10;  12.2;   3.9;    3;   0.2;   6;    0.000;   0;   6.1;   5.1;  953.40;    2.8;   71.04;    7.5;    0.4;    0.1;eor
       3166;20200101;   10;   5.4;   1.6;    3;   0.0;   0;    7.367;   0;   2.5;   4.3;  956.33;    1.3;   66.13;    5.5;   -2.5;   -4.9;eor
       3166;20200102;   10;   8.9;   2.3;    3;   0.0;   0;    7.633;   0;   0.0;   3.4;  951.14;    5.2;   40.83;   10.4;   -1.3;   -4.0;eor
       3166;20200103;   10;  14.9;   5.6;    3;   2.9;   8;    0.000;   0;   6.8;   6.6;  945.00;    3.1;   85.83;    5.6;   -0.8;   -2.6;eor
       3166;20200104;   10;  14.8;   5.6;    3;   4.6;   8;    0.000;   0;   7.4;   6.0;  946.95;    0.7;   93.58;    4.7;   -0.8;   -1.3;eor
       3166;20200105;   10;  10.2;   3.0;    3;   0.0;   8;    0.083;   0;   7.5;   4.7;  956.04;   -1.1;   83.71;   -0.2;   -2.1;   -3.9;eor
       3166;20200106;   10;   7.5;   2.5;    3;   0.1;   8;    0.000;   1;   5.5;   5.5;  951.33;    0.4;   87.46;    2.4;   -2.0;   -6.0;eor
       3166;20200107;   10;   9.7;   3.4;    3;   0.2;   8;    0.000;   1;   5.6;   5.6;  949.38;    0.8;   86.67;    2.9;   -1.0;   -4.3;eor
       3166;20200108;   10;  10.7;   4.4;    3;   4.1;   6;    0.000;   1;   7.0;   6.8;  949.65;    3.8;   83.46;    6.5;   -0.3;   -3.1;eor
       3166;20200109;   10;  10.4;   3.3;    3;   1.1;   6;    0.000;   0;   7.8;   9.6;  943.95;    7.3;   93.71;    8.9;    5.3;    5.0;eor
       3166;20200110;   10;  12.7;   5.0;    3;   2.8;   8;    0.000;   0;   7.6;   7.9;  942.52;    6.0;   84.58;    8.4;    1.0;    0.6;eor
       3166;20200111;   10;  10.8;   3.2;    3;   0.5;   8;    0.000;   0;   7.1;   5.7;  953.36;    0.1;   92.67;    1.5;   -3.0;   -5.6;eor
       3166;20200112;   10;  13.2;   3.8;    3;   0.0;   0;    6.317;   0;   7.2;   4.7;  947.71;    1.6;   69.58;    6.6;   -3.6;   -6.2;eor
       3166;20200113;   10;   9.4;   3.0;    3;   0.0;   6;    0.017;   0;   7.6;   5.9;  945.29;    2.5;   81.63;    4.5;    0.7;   -1.0;eor
       3166;20200114;   10;  10.7;   3.8;    3;   0.0;   6;    3.817;   0;   7.3;   5.9;  940.40;    4.7;   70.00;    8.1;    1.6;    0.3;eor
       3166;20200115;   10;  11.5;   4.4;    3;   0.0;   6;    4.167;   0;   5.5;   5.6;  943.56;    6.5;   58.21;    9.9;    1.0;   -0.1;eor
       3166;20200116;   10;  10.0;   2.7;    3;   0.0;   0;    6.617;   0;   3.1;   7.4;  951.88;    6.9;   74.00;   10.7;    1.8;    0.5;eor
       3166;20200117;   10;  12.8;   3.5;    3;   0.0;   6;    7.517;   0;   2.2;   6.2;  944.78;    2.8;   83.29;    5.4;    0.9;   -1.9;eor
       3166;20200118;   10;   8.2;   3.2;    3;   0.7;   8;    0.017;   0;   7.7;   5.9;  947.39;    2.8;   78.71;    4.7;    0.7;   -1.0;eor
       3166;20200119;   10;   6.3;   2.2;    3;   1.9;   8;    0.000;   0;   7.7;   5.7;  956.33;   -0.3;   95.63;    0.7;   -0.9;   -0.9;eor
       3166;20200120;   10;   3.6;   1.2;    3;   0.0;   0;    0.133;   0;   6.3;   5.3;  966.87;   -0.8;   90.67;    1.4;   -4.2;   -6.5;eor
       3166;20200121;   10;   4.2;   1.4;    3;   0.0;   0;    8.183;   0;   3.3;   4.2;  962.75;   -1.8;   78.75;    4.1;   -6.1;   -9.2;eor
       3166;20200122;   10;   9.1;   2.8;    3;   0.1;   6;    2.967;   0;   5.6;   4.7;  956.22;   -1.2;   82.42;    0.6;   -4.1;   -7.8;eor
       3166;20200123;   10;   7.6;   1.7;    3;   0.0;   7;    3.150;   0;   4.5;   5.0;  954.55;   -1.1;   87.58;    0.8;   -3.4;   -5.4;eor
       3166;20200124;   10;   4.0;   1.2;    3;   0.0;   0;    8.250;   0;   2.1;   4.0;  946.11;   -1.5;   74.63;    5.4;   -6.7;   -9.3;eor
       3166;20200125;   10;   4.9;   1.6;    3;   0.0;   0;    7.750;   0;   1.7;   4.3;  944.36;   -0.9;   75.21;    4.9;   -5.8;   -8.2;eor
       3166;20200126;   10;   5.3;   1.8;    3;   0.3;   6;    0.000;   0;   5.7;   5.5;  942.69;    2.3;   75.71;    5.7;   -2.0;   -5.6;eor
       3166;20200127;   10;  10.9;   3.3;    3;   0.1;   6;    6.350;   0;   7.2;   6.6;  936.90;    3.9;   81.42;    7.1;    2.5;    0.6;eor
       3166;20200128;   10;  18.5;   5.6;    3;   1.2;   8;    0.500;   0;   7.1;   5.9;  923.55;    2.5;   80.04;    5.0;   -0.5;   -1.9;eor
       3166;20200129;   10;  14.1;   5.4;    3;   0.4;   8;    0.533;   0;   6.9;   4.8;  929.97;    0.1;   78.50;    1.4;   -1.3;   -3.7;eor
       3166;20200130;   10;  15.8;   5.6;    3;   0.1;   8;    1.350;   1;   7.3;   5.7;  935.07;    2.5;   77.54;    6.1;   -0.1;   -1.6;eor
       3166;20200131;   10;  17.1;   6.2;    3;   0.7;   6;    0.600;   0;   7.6;   9.2;  932.83;    8.4;   83.71;   10.4;    5.1;    4.3;eor
       3166;20200201;    3;  14.1;   5.7;    3;   3.0;   6;    0.233;   0;   7.5;   9.2;  932.11;    8.7;   81.88;   11.1;    6.3;    4.9;eor
       3166;20200202;    3;  16.5;   5.3;    3;  10.6;   6;    1.017;   0;   7.3;   8.0;  933.37;    5.6;   86.50;    8.8;    3.2;    1.9;eor
       3166;20200203;    3;  14.0;   4.5;    3;  21.5;   8;    0.300;   0;   7.8;   7.9;  934.72;    5.6;   87.13;    6.9;    3.2;    3.0;eor
       3166;20200204;    3;  14.2;   4.5;    3;  12.6;   8;    0.000;   9;   6.7;   5.9;  931.90;    0.2;   95.21;    3.2;   -0.9;    0.1;eor
       3166;20200205;    3;  16.4;   4.2;    3;   8.1;   8;    0.633;  13;   7.2;   4.9;  950.75;   -1.8;   91.67;   -0.3;   -3.8;   -0.9;eor
       3166;20200206;    3;   9.2;   3.5;    3;   0.0;   8;    0.000;  17;   8.0;   5.0;  952.74;   -1.3;   89.17;   -0.2;   -4.4;   -1.4;eor
       3166;20200207;    3;  11.3;   2.1;    3;   0.2;   8;    0.200;  15;   8.0;   5.7;  951.94;    0.5;   90.50;    3.1;   -0.8;   -0.1;eor
       3166;20200208;    3;   8.6;   2.2;    3;   0.0;   0;    8.250;  11;   3.3;   5.3;  948.09;    1.1;   80.79;    5.4;   -1.0;   -3.1;eor
       3166;20200209;    3;  22.1;   4.9;    3;   8.2;   8;    7.167;  10;   5.2;   6.3;  939.43;    5.3;   71.25;    9.0;    0.6;   -2.8;eor
       3166;20200210;    3;  24.1;   8.3;    3;   7.1;   8;    1.250;   0;   6.3;   6.5;  922.15;    4.3;   78.83;    9.0;    0.4;    0.1;eor
       3166;20200211;    3;  18.9;   6.9;    3;   0.4;   8;    1.983;   1;   6.7;   4.9;  926.50;    0.7;   75.75;    3.5;   -0.5;   -2.1;eor
       3166;20200212;    3;  17.9;   5.8;    3;   0.3;   7;    0.383;   0;   7.3;   4.4;  936.08;    0.4;   70.79;    2.0;   -0.6;   -1.7;eor
       3166;20200213;    3;  12.4;   3.7;    3;   0.7;   8;    3.383;   0;   5.6;   5.0;  935.44;    0.8;   77.42;    2.9;   -1.8;   -3.6;eor
       3166;20200214;    3;  10.8;   3.4;    3;   0.9;   8;    0.000;   0;   7.7;   6.5;  940.80;    2.3;   90.54;    3.8;    1.3;    0.2;eor
       3166;20200215;    3;  12.0;   2.4;    3;   0.0;   0;    4.250;   0;   6.8;   6.2;  947.01;    3.5;   78.71;    6.2;    0.2;   -1.5;eor
       3166;20200216;    3;  15.9;   5.6;    3;   0.5;   6;    0.017;   0;   8.0;   6.0;  939.41;   10.0;   48.92;   13.5;    5.2;    3.8;eor
       3166;20200217;    3;  14.8;   5.2;    3;   0.2;   6;    0.217;   0;   7.7;   7.2;  940.02;    7.1;   72.58;   13.2;    3.4;    1.9;eor
       3166;20200218;    3;  14.3;   5.7;    3;   1.0;   8;    3.083;   0;   6.2;   5.9;  945.06;    3.1;   76.96;    5.4;    1.3;    0.1;eor
       3166;20200219;    3;  14.3;   5.4;    3;   0.9;   8;    0.333;   0;   7.4;   5.4;  941.18;    1.9;   77.96;    3.4;    0.3;   -1.3;eor
       3166;20200220;    3;  16.5;   4.5;    3;   4.4;   8;    0.000;   0;   7.5;   5.8;  942.90;    2.3;   79.33;    4.7;   -0.7;   -2.1;eor
       3166;20200221;    3;  16.1;   5.4;    3;   0.0;   8;    0.650;   0;   7.2;   5.4;  946.07;    1.6;   79.25;    4.7;   -0.4;   -1.2;eor
       3166;20200222;    3;  15.2;   6.1;    3;   0.0;   6;    3.050;   0;   7.0;   5.3;  945.35;    5.7;   58.17;    9.6;    1.4;   -0.1;eor
       3166;20200223;    3;  22.7;   7.8;    3;   9.7;   8;    0.000;   0;   7.5;   8.5;  937.56;    6.7;   86.21;    9.7;    1.5;    0.4;eor
       3166;20200224;    3;  14.4;   4.9;    3;   0.6;   8;    1.750;   0;   7.0;   5.9;  940.28;    2.8;   78.75;    7.5;   -0.6;   -2.0;eor
       3166;20200225;    3;  14.2;   5.2;    3;   3.3;   8;    0.500;   0;   7.0;   7.8;  925.90;    5.4;   86.71;    7.4;    2.0;    0.2;eor
       3166;20200226;    3;  14.8;   4.9;    3;   4.6;   8;    0.383;   0;   7.1;   5.4;  921.84;    0.4;   86.25;    3.1;   -1.6;   -1.4;eor
       3166;20200227;    3;  11.5;   4.0;    3;   3.2;   8;    3.967;   6;   7.0;   4.9;  926.25;   -0.2;   82.79;    2.0;   -1.5;   -3.9;eor
       3166;20200228;    3;  13.1;   4.7;    3;   6.4;   8;    1.767;   4;   7.4;   4.9;  936.81;   -0.7;   84.04;    1.3;   -1.8;   -5.1;eor
       3166;20200229;    3;  14.8;   3.9;    3;   3.2;   6;    2.750;   4;   6.9;   6.6;  927.17;    3.8;   82.00;    9.5;   -1.2;   -1.4;eor
       3166;20200301;    3;  15.3;   4.8;    3;   0.1;   8;    3.517;   0;   7.3;   6.3;  924.79;    4.7;   74.29;    7.7;    3.1;    0.9;eor
       3166;20200302;    3;  17.1;   4.6;    3;   0.0;   8;    6.500;   0;   6.8;   5.5;  919.82;    4.4;   65.88;    8.7;    0.8;    0.4;eor
       3166;20200303;    3;  10.5;   3.2;    3;   4.5;   8;    0.000;   0;   7.0;   6.1;  924.82;    1.9;   88.04;    5.5;   -0.4;   -1.9;eor
       3166;20200304;    3;  10.3;   3.5;    3;   0.0;   8;    4.400;   0;   5.2;   5.3;  935.26;    0.9;   81.21;    4.1;   -1.7;   -3.9;eor
       3166;20200305;    3;  16.4;   3.9;    3;   0.5;   8;    8.033;   0;   4.3;   5.0;  927.15;    2.9;   67.42;    6.2;   -0.6;   -3.6;eor
       3166;20200306;    3;  13.0;   4.3;    3;   3.7;   8;    0.633;   0;   7.5;   6.5;  919.88;    3.3;   84.13;    6.7;    0.5;    0.2;eor
       3166;20200307;    3;  11.1;   4.2;    3;   2.6;   8;    0.283;   3;   7.7;   5.8;  937.28;    0.4;   92.50;    2.2;   -0.3;   -1.0;eor
       3166;20200308;    3;  10.0;   3.5;    3;   0.0;   6;    2.533;   1;   6.0;   5.7;  941.69;    2.6;   77.58;    5.3;   -0.8;   -3.3;eor
       3166;20200309;    3;   7.1;   2.9;    3;   0.6;   6;    0.633;   0;   7.6;   6.6;  937.43;    4.1;   79.88;    6.8;    1.8;    0.0;eor
       3166;20200310;    3;  15.7;   5.4;    3;  12.5;   8;    0.033;   0;   6.5;   6.9;  934.88;    3.7;   85.38;    9.0;    0.9;   -1.3;eor
       3166;20200311;    3;  14.6;   4.2;    3;  25.6;   6;    0.000;   0;   7.5;   9.9;  936.43;    7.3;   96.50;    9.2;    4.3;    4.5;eor
       3166;20200312;    3;  18.8;   5.5;    3;   2.1;   8;    3.733;   0;   6.6;   8.6;  935.44;    7.9;   80.08;   11.7;    4.1;    1.2;eor
       3166;20200313;    3;  15.4;   5.3;    3;   3.1;   8;    2.133;   0;   6.9;   5.5;  939.60;    3.1;   73.17;    5.0;    0.4;   -1.0;eor
       3166;20200314;    3;  10.6;   2.2;    3;   0.0;   0;    7.550;   0;   4.0;   4.9;  946.65;    1.8;   71.33;    6.4;   -1.0;   -3.2;eor
       3166;20200315;    3;  13.8;   4.4;    3;   0.0;   0;   10.800;   0;   4.6;   3.3;  945.30;    3.0;   45.54;    7.2;   -0.9;   -2.5;eor
       3166;20200316;    3;   9.5;   2.6;    3;   0.0;   0;   10.417;   0;   6.5;   5.6;  945.37;    7.0;   55.46;   15.0;    0.8;   -1.3;eor
       3166;20200317;    3;   7.4;   2.1;    3;   0.0;   6;    2.667;   0;   5.8;   8.2;  952.46;    7.4;   80.50;   12.4;    3.2;   -0.3;eor
       3166;20200318;    3;   7.4;   2.7;    3;   0.0;   0;   10.217;   0;   3.6;   8.3;  952.22;    8.8;   74.67;   14.5;    2.9;   -1.0;eor
       3166;20200319;    3;   7.4;   2.1;    3;   0.0;   0;    6.600;   0;   5.5;   8.4;  949.65;    8.9;   75.00;   14.8;    3.8;    0.2;eor
       3166;20200320;    3;   8.4;   2.0;    3;   3.5;   8;    0.183;   0;   7.5;   8.1;  947.42;    5.0;   91.33;    8.1;    0.3;    0.2;eor
       3166;20200321;    3;  10.9;   4.2;    3;   0.0;   6;    0.017;   0;   6.0;   5.0;  949.93;   -0.5;   83.63;    0.3;   -3.6;   -5.2;eor
       3166;20200322;    3;  10.4;   3.1;    3;   0.0;   0;    8.167;   0;   1.6;   2.9;  955.48;   -3.2;   60.67;    1.2;   -7.5;  -10.1;eor
       3166;20200323;    3;   8.5;   2.3;    3;   0.0;   0;   11.933;   0;   0.0;   2.5;  958.29;   -3.3;   54.29;    2.1;   -9.6;  -11.9;eor
       3166;20200324;    3;   9.9;   2.5;    3;   0.0;   0;   11.950;   0;   0.0;   2.3;  956.40;   -1.4;   44.67;    4.6;   -7.3;  -10.8;eor
       3166;20200325;    3;  12.1;   4.2;    3;   0.0;   0;   12.033;   0;   0.0;   2.3;  951.50;    0.2;   38.04;    5.2;   -4.7;   -6.7;eor
       3166;20200326;    3;  15.9;   5.4;    3;   0.0;   0;    6.817;   0;   4.5;   3.8;  947.33;    1.9;   53.96;    6.3;   -2.9;   -4.4;eor
       3166;20200327;    3;  14.2;   4.1;    3;   0.0;   0;   11.150;   0;   2.9;   5.2;  944.64;    7.6;   51.13;   14.0;    2.0;   -2.0;eor
       3166;20200328;    3;   8.0;   2.0;    3;   0.0;   0;   11.533;   0;   0.0;   5.7;  942.85;    5.8;   63.29;   11.5;    0.2;   -3.4;eor
       3166;20200329;    1;  13.5;   3.8;    1;   4.3;   8;    0.183;   0;   6.5;   5.2;  944.58;   -0.3;   87.71;    2.3;   -4.8;   -6.2;eor
       3166;20200330;    1;   6.5;   2.1;    1;   1.3;   8;   10.800;   4;   3.3;   3.0;  949.04;   -3.1;   64.04;    1.0;  -10.2;  -14.7;eor
       3166;20200331;    1;   8.4;   2.5;    1;   0.1;   8;    3.233;   1;   5.2;   3.6;  950.04;   -2.8;   73.08;   -0.3;   -7.1;   -9.9;eor
       3166;20200401;    1;   7.1;   2.1;    1;   0.0;   0;   12.600;   0;   0.0;   3.2;  944.13;   -1.3;   60.04;    6.0;   -8.0;  -10.9;eor
       3166;20200402;    1;   8.3;   2.4;    1;   0.3;   8;   12.467;   0;   0.3;   3.8;  936.41;    2.8;   52.96;   10.0;   -4.8;   -8.0;eor
       3166;20200403;    1;   5.9;   2.3;    1;   0.7;   8;    0.000;   0;   6.5;   5.8;  938.93;    2.4;   79.08;    4.9;   -0.2;   -2.8;eor
       3166;20200404;    1;   5.9;   1.9;    1;   0.0;   0;    7.400;   0;   4.3;   5.8;  948.71;    4.3;   71.58;    9.5;    0.2;   -3.0;eor
       3166;20200405;    1;  13.6;   4.3;    1;   0.0;   0;   12.583;   0;   0.0;   4.8;  951.39;    7.4;   48.33;   12.2;    0.9;   -2.9;eor
       3166;20200406;    1;  13.6;   3.6;    1;   0.0;   0;   12.850;   0;   0.0;   5.0;  949.12;   11.0;   39.00;   17.0;    5.6;    1.6;eor
       3166;20200407;    1;   7.3;   2.4;    1;   0.0;   0;   12.233;   0;   0.0;   7.5;  954.78;   12.1;   54.13;   17.8;    5.4;    1.2;eor
       3166;20200408;    1;   9.0;   2.4;    1;   0.0;   0;   12.783;   0;   0.0;   5.2;  951.42;   11.9;   40.75;   18.5;    4.8;   -0.5;eor
       3166;20200409;    1;   8.7;   2.4;    1;   0.0;   0;   11.250;   0;   0.7;   6.7;  948.69;   10.9;   52.46;   17.5;    3.8;    0.6;eor
       3166;20200410;    1;   7.9;   1.7;    1;   0.0;   0;    8.950;   0;   4.5;   7.0;  949.73;    8.5;   66.17;   15.3;    1.6;   -1.4;eor
       3166;20200411;    1;   5.9;   1.6;    1;   0.0;   0;   12.850;   0;   5.8;   5.4;  949.56;    7.5;   56.08;   14.4;    0.0;   -2.6;eor
       3166;20200412;    1;   7.8;   2.5;    1;   0.2;   6;   10.950;   0;   2.6;   6.2;  942.47;   13.8;   41.21;   19.7;    7.9;    3.3;eor
       3166;20200413;    1;  11.6;   3.3;    1;   2.8;   8;    4.067;   0;   6.1;   6.2;  939.33;    5.7;   65.83;   12.4;   -0.5;   -1.6;eor
       3166;20200414;    1;  10.3;   3.3;    1;   0.3;   8;    5.817;   0;   4.7;   3.9;  945.76;    0.5;   63.38;    4.7;   -2.9;   -4.8;eor
       3166;20200415;    1;  10.0;   3.4;    1;   0.0;   0;   10.300;   0;   6.5;   4.8;  947.55;    5.3;   56.38;   13.0;   -2.1;   -4.2;eor
       3166;20200416;    1;   8.8;   2.5;    1;   0.0;   0;   13.100;   0;   4.4;   6.5;  942.89;   11.5;   50.17;   19.4;    2.4;   -1.1;eor
       3166;20200417;    1;   6.8;   1.8;    1;   0.0;   0;   12.783;   0;   1.9;   7.4;  941.98;   10.5;   59.63;   16.9;    3.8;    0.6;eor
       3166;20200418;    1;   7.7;   1.6;    1;  10.3;   6;    9.667;   0;   5.3;   7.9;  941.57;   11.5;   60.71;   18.4;    3.2;   -0.1;eor
       3166;20200419;    1;   9.2;   2.8;    1;   0.0;   0;    9.783;   0;   3.3;   6.6;  943.58;    7.9;   63.38;   11.8;    3.4;    0.8;eor
       3166;20200420;    1;  13.2;   4.5;    1;   0.0;   0;   13.400;   0;   0.0;   4.5;  946.52;    7.5;   44.42;   12.8;    2.3;   -0.5;eor
       3166;20200421;    1;  14.5;   5.1;    1;   0.0;   0;   13.433;   0;   0.0;   4.6;  946.36;    9.2;   40.54;   15.0;    3.4;    0.0;eor
       3166;20200422;    1;   9.8;   3.9;    1;   0.0;   0;   13.467;   0;   0.0;   5.0;  947.40;   10.2;   40.88;   15.9;    4.7;    2.1;eor
       3166;20200423;    1;   8.4;   2.6;    1;   0.0;   0;   13.467;   0;   0.4;   5.5;  946.06;   11.1;   43.38;   17.0;    2.8;   -1.8;eor
       3166;20200424;    1;  10.9;   3.6;    1;   0.0;   0;   10.900;   0;   5.8;   6.4;  936.56;   13.3;   42.67;   18.3;    8.0;    4.9;eor
       3166;20200425;    1;   9.3;   3.1;    1;   0.0;   0;    2.400;   0;   6.4;   6.4;  936.08;    5.1;   73.88;    8.9;    2.2;   -0.3;eor
       3166;20200426;    1;   6.6;   1.6;    1;   0.0;   0;   11.000;   0;   3.3;   5.8;  936.84;    8.5;   55.79;   15.6;   -0.1;   -3.4;eor
       3166;20200427;    1;   8.2;   2.7;    1;   0.0;   0;   12.750;   0;   1.4;   6.3;  935.25;   13.3;   42.54;   19.3;    6.7;    3.3;eor
       3166;20200428;    1;   8.4;   2.8;    1;   0.0;   6;    7.600;   0;   6.0;   8.7;  931.95;   14.9;   53.54;   21.1;    9.5;    6.1;eor
       3166;20200429;    1;   8.6;   3.1;    1;   1.7;   6;    2.633;   0;   6.5;   9.8;  932.32;   10.9;   75.33;   13.9;    8.8;    6.8;eor
       3166;20200430;    1;  11.5;   3.2;    1;   0.4;   6;    0.817;   0;   7.4;   8.9;  932.19;   10.9;   68.33;   13.4;    7.3;    4.3;eor
       3166;20200501;    1;  15.1;   4.3;    1;   2.1;   6;    6.717;-999;   5.8;   7.9;  930.05;    8.5;   71.58;   13.8;    4.9;    3.1;eor
       3166;20200502;    1;  15.1;   4.1;    1;   3.2;   6;    3.250;-999;   6.6;   7.5;  933.05;    6.1;   79.96;   10.7;    3.3;    3.0;eor
       3166;20200503;    1;   9.0;   3.0;    1;   0.3;   6;    2.133;-999;   7.5;   7.8;  942.00;    7.0;   78.96;   11.8;    4.4;    4.2;eor
       3166;20200504;    1;   8.5;   2.3;    1;   6.4;   6;    1.117;-999;   7.8;   7.9;  941.74;    8.3;   73.83;   14.0;    4.7;    2.7;eor
       3166;20200505;    1;   9.8;   2.5;    1;   0.2;   8;    4.917;-999;   4.6;   6.3;  943.20;    4.0;   77.88;    8.2;   -0.1;   -2.3;eor
       3166;20200506;    1;   8.6;   2.8;    1;   0.0;   0;    5.133;-999;   5.3;   6.2;  947.05;    5.5;   69.17;   10.9;    0.6;   -1.1;eor
       3166;20200507;    1;  10.1;   3.2;    1;   0.0;   0;   13.850;-999;   2.0;   5.8;  947.42;    8.4;   55.38;   15.5;    2.4;   -0.2;eor
       3166;20200508;    1;   8.7;   2.1;    1;   0.0;   0;   10.300;-999;   7.4;   7.2;  943.79;   13.0;   50.13;   20.1;    4.1;    0.5;eor
       3166;20200509;    1;   7.3;   1.7;    1;   0.0;   6;    6.817;-999;   7.0;   8.5;  939.82;   14.2;   54.04;   20.2;    5.2;    1.5;eor
       3166;20200510;    1;   9.6;   2.1;    1;   2.6;   6;    3.750;-999;   6.8;  12.0;  933.27;   15.6;   68.38;   20.3;   10.6;    8.3;eor
       3166;20200511;    1;  12.0;   3.3;    1;  15.6;   8;    0.000;-999;   7.3;   8.7;  931.15;    4.9;   95.79;   12.9;   -0.6;   -0.6;eor
       3166;20200512;    1;   6.9;   2.1;    1;   0.0;   0;    7.133;-999;   4.6;   5.3;  940.80;    2.2;   75.54;    6.8;   -2.0;   -4.3;eor
       3166;20200513;    1;   7.2;   1.6;    1;   0.0;   6;    7.833;-999;   6.9;   5.6;  937.00;    6.0;   62.67;   11.9;   -1.7;   -4.1;eor
       3166;20200514;    1;   7.6;   2.1;    1;   0.0;   6;    2.067;-999;   7.0;   7.0;  940.60;    6.7;   71.92;   11.3;    2.8;   -0.4;eor
       3166;20200515;    1;   7.7;   2.0;    1;   0.0;   0;    6.350;-999;   3.4;   6.0;  943.04;    6.0;   66.54;   11.5;   -0.1;   -3.3;eor
       3166;20200516;    1;   7.6;   1.9;    1;   0.0;   0;   13.900;-999;   1.0;   6.4;  946.38;    7.9;   62.71;   14.8;    1.0;   -2.0;eor
       3166;20200517;    1;   8.6;   2.3;    1;   0.0;   0;   11.283;-999;   3.5;   7.2;  946.85;    9.2;   63.46;   14.8;    2.9;    0.4;eor
       3166;20200518;    1;   7.3;   2.4;    1;   0.0;   0;   13.967;-999;   4.0;   8.2;  947.88;   12.3;   58.92;   18.8;    3.7;    0.9;eor
       3166;20200519;    1;   8.6;   2.7;    1;   0.0;   6;    9.500;-999;   3.8;   9.9;  946.24;   13.9;   63.63;   19.4;    7.8;    4.8;eor
       3166;20200520;    1;   5.9;   1.9;    1;   0.0;   6;    0.033;-999;   7.3;  10.8;  947.03;   11.0;   82.17;   14.3;    6.7;    3.9;eor
       3166;20200521;    1;   8.6;   2.1;    1;   0.0;   0;   13.900;-999;   2.5;   8.3;  948.34;   12.1;   61.88;   17.9;    4.8;    1.8;eor
       3166;20200522;    1;   8.6;   2.3;    1;  11.1;   6;    3.967;-999;   6.6;   9.9;  947.46;   14.0;   61.88;   19.1;    8.4;    5.6;eor
       3166;20200523;    1;   8.1;   2.9;    1;   6.8;   6;    0.017;-999;   7.3;  11.7;  947.14;   10.9;   88.96;   14.2;    6.9;    5.5;eor
       3166;20200524;    1;  12.7;   4.0;    1;   8.3;   6;    4.533;-999;   6.4;   9.0;  951.13;    9.2;   78.42;   13.1;    6.6;    5.2;eor
       3166;20200525;    1;  12.4;   3.7;    1;  10.0;   6;    0.100;-999;   7.5;   9.8;  953.28;    8.0;   91.71;    9.5;    6.6;    6.7;eor
       3166;20200526;    1;  10.3;   2.4;    1;   0.4;   6;    6.100;-999;   5.7;   9.8;  957.92;    9.8;   82.04;   14.5;    5.9;    3.9;eor
       3166;20200527;    1;   7.8;   2.3;    1;   3.7;   6;   10.867;-999;   4.8;   9.3;  956.76;   12.2;   67.92;   17.7;    5.4;    3.4;eor
       3166;20200528;    1;  11.6;   2.5;    1;   1.2;   6;    4.167;-999;   6.6;   9.3;  953.41;    9.7;   77.88;   13.6;    4.5;    2.6;eor
       3166;20200529;    1;  10.3;   2.4;    1;   0.0;   6;    7.933;-999;   4.2;   7.9;  951.86;   10.1;   66.58;   15.5;    3.5;    1.3;eor
       3166;20200530;    1;   9.4;   2.4;    1;   0.0;   6;    5.833;-999;   6.3;   7.3;  947.65;    9.2;   63.88;   12.8;    3.8;    1.8;eor
       3166;20200531;    1;   8.2;   2.2;    1;   0.2;   6;    3.617;-999;   5.8;   8.9;  946.38;    8.8;   79.25;   15.2;    3.4;    1.5;eor
       3166;20200601;    1;   8.3;   2.2;    1;   0.0;   0;   14.650;-999;   0.5;   9.3;  947.51;   12.9;   64.96;   19.2;    4.7;    2.4;eor
       3166;20200602;    1;  10.4;   2.0;    1;   3.5;   6;   12.150;-999;   1.8;  10.0;  943.25;   13.5;   66.83;   20.5;    5.3;    3.0;eor
       3166;20200603;    1;   7.2;   2.2;    1;   0.7;   6;   12.483;-999;   6.1;  10.9;  932.99;   15.5;   64.17;   22.5;    8.6;    6.8;eor
       3166;20200604;    1;   8.1;   2.1;    1;   9.5;   6;    3.400;-999;   7.3;  12.5;  923.79;   13.4;   81.42;   17.8;    8.9;    6.7;eor
       3166;20200605;    1;  14.4;   4.0;    1;   1.0;   6;    3.667;-999;   7.0;  10.1;  924.02;   10.8;   78.46;   15.0;    7.5;    6.7;eor
       3166;20200606;    1;  10.4;   3.6;    1;   0.1;   6;    1.883;-999;   6.8;   9.3;  930.57;   10.1;   74.71;   14.1;    6.9;    5.7;eor
       3166;20200607;    1;   6.4;   1.9;    1;  10.9;   6;    0.000;-999;   7.5;  10.9;  934.95;   10.0;   88.67;   12.1;    7.4;    6.0;eor
       3166;20200608;    1;   5.3;   1.6;    1;   0.0;   6;    4.283;-999;   6.4;   9.7;  939.78;   11.7;   72.04;   15.2;    6.7;    5.7;eor
       3166;20200609;    1;   8.9;   2.2;    1;   1.7;   6;    0.317;-999;   8.0;  11.1;  940.87;   12.9;   75.33;   16.7;    9.5;    9.1;eor
