STATIONS_ID;MESS_DATUM;QN_3;  FX;  FM;QN_4; RSK;RSKF; SDK;SHK_TAG;  NM; VPM;  PM; TMK; UPM; TXK; TNK; TGK;eor
       1504;20181208;-999;-999;-999;    3;   8.9;   4;    0.100;   0;   6.7;   8.1;  981.90;    6.1;   85.75;   -999;   -999;-999;eor
       1504;20181209;-999;-999;-999;    3;  10.2;   4;    0.000;   0;   7.2;   7.9;  978.59;    6.5;   81.75;   -999;   -999;-999;eor
       1504;20181210;-999;-999;-999;    3;   1.0;   4;    0.800;   0;   6.4;   6.2;  995.52;    4.2;   75.13;   -999;   -999;-999;eor
       1504;20181211;-999;-999;-999;    3;   0.5;   4;    0.900;   0;   6.9;   6.5;  999.07;    4.0;   80.75;   -999;   -999;-999;eor
       1504;20181212;-999;-999;-999;    3;   0.0;   4;    0.100;   0;   7.0;   6.1; 1002.33;    3.1;   80.00;   -999;   -999;-999;eor
       1504;20181213;-999;-999;-999;    3;   0.0;   0;    2.600;   0;   5.8;   4.8;  999.88;    0.9;   72.83;   -999;   -999;-999;eor
       1504;20181214;-999;-999;-999;    3;   0.0;   0;    0.000;   0;   7.4;   4.0; 1001.13;    0.5;   63.58;   -999;   -999;-999;eor
       1504;20181215;-999;-999;-999;    3;   0.0;   0;    0.000;   0;   7.7;   3.8; 1002.97;   -0.8;   65.29;   -999;   -999;-999;eor
       1504;20181216;-999;-999;-999;    3;   1.2;   4;    0.000;   0;   7.6;   4.5;  992.38;   -1.8;   83.88;   -999;   -999;-999;eor
       1504;20181217;-999;-999;-999;    3;   0.9;   4;    0.000;   2;   7.8;   6.8;  998.33;    2.3;   92.88;   -999;   -999;-999;eor
       1504;20181218;-999;-999;-999;    3;   0.0;   0;    0.000;   0;   6.7;   6.6; 1001.80;    2.7;   89.71;   -999;   -999;-999;eor
       1504;20181219;-999;-999;-999;    3;   0.0;   4;    0.000;   0;   7.5;   6.6;  993.41;    3.1;   84.88;   -999;   -999;-999;eor
       1504;20181220;-999;-999;-999;    3;   0.7;   4;    0.000;   0;   7.2;   8.1;  992.13;    5.7;   88.67;   -999;   -999;-999;eor
       1504;20181221;-999;-999;-999;    3;   6.2;   4;    0.000;   0;   7.1;   9.1;  984.88;    8.2;   83.79;   -999;   -999;-999;eor
       1504;20181222;-999;-999;-999;    3;   1.0;   4;    0.800;   0;   7.0;   8.5;  990.42;    8.9;   74.21;   -999;   -999;-999;eor
       1504;20181223;-999;-999;-999;    3;   9.2;   4;    0.000;   0;   7.7;   8.6;  995.97;    6.4;   89.50;   -999;   -999;-999;eor
       1504;20181224;-999;-999;-999;    3;   0.5;   4;    0.300;-999;  -999;   6.4; 1004.81;    2.9;   85.21;   -999;   -999;-999;eor
       1504;20181225;-999;-999;-999;    3;   0.0;   0;    0.000;-999;  -999;   6.1; 1011.78;    3.1;   79.50;   -999;   -999;-999;eor
       1504;20181226;-999;-999;-999;    3;   0.0;   0;    0.000;-999;  -999;   5.6; 1009.90;    1.0;   85.25;   -999;   -999;-999;eor
       1504;20181227;-999;-999;-999;    3;   0.0;   0;    3.500;   0;   6.0;   5.7; 1005.57;    1.4;   84.04;   -999;   -999;-999;eor
       1504;20181228;-999;-999;-999;    3;   0.0;   0;    0.000;   0;   8.0;   5.3; 1007.02;   -1.1;   93.38;   -999;   -999;-999;eor
       1504;20181229;-999;-999;-999;    3;   1.0;   4;    0.000;   0;  -999;   6.5; 1007.18;    2.0;   91.50;   -999;   -999;-999;eor
       1504;20181230;-999;-999;-999;    3;   0.0;   0;    0.500;-999;  -999;   7.7; 1007.72;    6.7;   78.58;   -999;   -999;-999;eor
       1504;20181231;-999;-999;-999;    3;   1.0;   4;    0.100;-999;  -999;   9.2; 1009.90;    6.5;   94.46;   -999;   -999;-999;eor
       1504;20190101;-999;-999;-999;    3;   4.4;   4;    0.100;-999;  -999;   7.7; 1003.92;    6.4;   79.50;   -999;   -999;-999;eor
       1504;20190102;-999;-999;-999;    3;   0.4;   4;    4.500;   0;   1.3;   4.6; 1009.02;    2.5;   63.08;   -999;   -999;-999;eor
       1504;20190103;-999;-999;-999;    3;   1.7;   4;    0.000;   0;   6.0;   5.1; 1014.34;   -1.0;   88.17;   -999;   -999;-999;eor
       1504;20190104;-999;-999;-999;    3;   1.1;   4;    0.000;   0;   7.7;   5.7; 1011.50;    0.3;   89.54;   -999;   -999;-999;eor
       1504;20190105;-999;-999;-999;    3;   2.8;   4;    0.000;   0;   7.8;   8.3; 1003.97;    6.3;   85.58;   -999;   -999;-999;eor
       1504;20190106;-999;-999;-999;    3;   0.1;   4;    0.100;   0;   7.5;   8.4; 1007.26;    6.4;   88.00;   -999;   -999;-999;eor
       1504;20190107;-999;-999;-999;    3;   0.5;   4;    0.000;   0;   7.5;   7.2; 1006.90;    4.8;   83.92;   -999;   -999;-999;eor
       1504;20190108;-999;-999;-999;    3;   4.6;   4;    0.400;   0;   7.0;   7.0;  989.31;    5.3;   77.92;   -999;   -999;-999;eor
       1504;20190109;-999;-999;-999;    3;   0.2;   4;    0.300;   0;   6.9;   5.2;  992.22;    2.2;   73.46;   -999;   -999;-999;eor
       1504;20190110;-999;-999;-999;    3;   0.1;   4;    0.000;   0;   7.3;   4.8; 1002.25;    0.4;   76.08;   -999;   -999;-999;eor
       1504;20190111;-999;-999;-999;    3;   0.6;   4;    0.000;   0;   7.9;   6.2;  999.98;    1.4;   91.04;   -999;   -999;-999;eor
       1504;20190112;-999;-999;-999;    3;   6.9;   4;    0.000;   0;   7.6;   7.6;  994.39;    4.7;   88.88;   -999;   -999;-999;eor
       1504;20190113;-999;-999;-999;    3;   9.6;   4;    0.000;   0;   6.8;   8.1;  981.94;    6.0;   86.08;   -999;   -999;-999;eor
       1504;20190114;-999;-999;-999;    3;   0.4;   4;    3.400;   0;   5.4;   5.8;  987.96;    3.6;   73.92;   -999;   -999;-999;eor
       1504;20190115;-999;-999;-999;    3;   0.0;   4;    0.000;   0;   7.5;   6.2;  995.23;    3.9;   75.79;   -999;   -999;-999;eor
       1504;20190116;-999;-999;-999;    3;   0.0;   4;    0.000;   0;   7.6;   6.6;  988.36;    4.2;   80.79;   -999;   -999;-999;eor
       1504;20190117;-999;-999;-999;    3;   2.2;   4;    0.600;   0;   6.6;   6.4;  981.95;    3.7;   79.75;   -999;   -999;-999;eor
       1504;20190118;-999;-999;-999;    3;   0.0;   0;    6.800;   1;   3.3;   4.4;  996.50;   -0.9;   79.21;   -999;   -999;-999;eor
       1504;20190119;-999;-999;-999;    3;   0.0;   0;    5.500;   0;   6.2;   3.7;  996.46;   -4.6;   84.67;   -999;   -999;-999;eor
       1504;20190120;-999;-999;-999;    3;   0.0;   0;    6.900;   0;   0.5;   3.2;  996.09;   -5.4;   79.42;   -999;   -999;-999;eor
       1504;20190121;-999;-999;-999;    3;   0.0;   0;    6.800;   0;   0.8;   3.0;  999.98;   -7.0;   84.04;   -999;   -999;-999;eor
       1504;20190122;-999;-999;-999;    3;   0.0;   0;    0.000;   0;   5.5;   3.2;  988.87;   -6.6;   83.29;   -999;   -999;-999;eor
       1504;20190123;-999;-999;-999;    3;   0.0;   0;    0.000;   0;   7.7;   3.4;  979.93;   -3.9;   74.33;   -999;   -999;-999;eor
       1504;20190124;-999;-999;-999;    3;   0.0;   4;    0.000;   0;   7.8;   3.3;  988.62;   -5.0;   79.13;   -999;   -999;-999;eor
       1504;20190125;-999;-999;-999;    3;   2.6;   4;    1.100;   1;   7.8;   4.0;  992.23;   -3.1;   80.33;   -999;   -999;-999;eor
       1504;20190126;-999;-999;-999;    3;   0.9;   4;    0.000;   0;   8.0;   6.8;  983.60;    2.7;   90.75;   -999;   -999;-999;eor
       1504;20190127;-999;-999;-999;    3;   2.8;   4;    0.000;   0;   7.5;   7.4;  968.00;    4.2;   89.54;   -999;   -999;-999;eor
       1504;20190128;-999;-999;-999;    3;   0.3;   4;    0.200;   0;   7.3;   6.0;  971.67;    2.1;   85.00;   -999;   -999;-999;eor
       1504;20190129;-999;-999;-999;    3;   0.0;   0;    2.100;   0;   5.6;   5.3;  982.67;    0.3;   85.46;   -999;   -999;-999;eor
       1504;20190130;-999;-999;-999;    3;   0.0;   4;    0.000;   0;   5.8;   4.7;  973.59;   -1.0;   82.71;   -999;   -999;-999;eor
       1504;20190131;-999;-999;-999;    3;   0.2;   4;    1.600;   0;   5.0;   4.7;  975.85;   -0.5;   80.58;   -999;   -999;-999;eor
       1504;20190201;-999;-999;-999;    3;   0.5;   4;    2.300;   1;   7.2;   5.6;  970.72;    0.7;   85.54;   -999;   -999;-999;eor
       1504;20190202;-999;-999;-999;    3;   0.8;   4;    0.000;   0;   8.0;   6.2;  976.12;    1.2;   93.63;   -999;   -999;-999;eor
       1504;20190203;-999;-999;-999;    3;   0.0;   0;    0.300;   0;   6.3;   5.4;  995.17;    1.1;   81.29;   -999;   -999;-999;eor
       1504;20190204;-999;-999;-999;    3;   0.0;   0;    2.600;   0;   5.1;   4.9; 1005.42;    0.1;   79.50;   -999;   -999;-999;eor
       1504;20190205;-999;-999;-999;    3;   0.0;   4;    0.100;   0;   5.8;   5.2; 1005.40;    1.6;   76.88;   -999;   -999;-999;eor
       1504;20190206;-999;-999;-999;    3;   0.0;   0;    4.700;   0;   6.8;   5.1; 1002.81;    0.9;   79.04;   -999;   -999;-999;eor
       1504;20190207;-999;-999;-999;    3;   0.2;   4;    0.000;   0;   7.0;   5.8;  991.98;    1.8;   82.42;   -999;   -999;-999;eor
       1504;20190208;-999;-999;-999;    3;   1.9;   4;    0.000;   0;   7.0;   7.2;  991.28;    5.2;   80.67;   -999;   -999;-999;eor
       1504;20190209;-999;-999;-999;    3;   4.4;   4;    1.800;   0;   6.8;   7.1;  985.13;    7.2;   70.67;   -999;   -999;-999;eor
       1504;20190210;-999;-999;-999;    3;  13.3;   4;    0.000;   0;   6.9;   8.2;  976.26;    6.5;   85.00;   -999;   -999;-999;eor
       1504;20190211;-999;-999;-999;    3;   2.4;   4;    2.200;   0;   5.8;   6.2;  993.36;    3.8;   77.79;   -999;   -999;-999;eor
       1504;20190212;-999;-999;-999;    3;   0.0;   4;    0.300;   0;   6.3;   5.7; 1010.18;    3.8;   72.17;   -999;   -999;-999;eor
       1504;20190213;-999;-999;-999;    3;   0.0;   0;    5.700;   0;   6.6;   6.1; 1013.88;    3.3;   79.17;   -999;   -999;-999;eor
       1504;20190214;-999;-999;-999;    3;   0.0;   0;    5.200;   0;   4.0;   5.8; 1014.48;    2.1;   82.71;   -999;   -999;-999;eor
       1504;20190215;-999;-999;-999;    3;   0.0;   0;    8.600;   0;   0.1;   5.7; 1011.65;    2.4;   81.29;   -999;   -999;-999;eor
       1504;20190216;-999;-999;-999;    3;   0.0;   0;    8.700;   0;   1.2;   5.7; 1005.71;    3.4;   76.13;   -999;   -999;-999;eor
       1504;20190217;-999;-999;-999;    3;   0.0;   0;    8.500;   0;   6.0;   5.6; 1002.25;    3.4;   76.25;   -999;   -999;-999;eor
       1504;20190218;-999;-999;-999;    3;   0.0;   0;    8.600;   0;   2.0;   5.9;  998.00;    3.7;   75.50;   -999;   -999;-999;eor
       1504;20190219;-999;-999;-999;    3;   0.0;   4;    3.800;   0;   5.0;   6.2;  996.84;    5.1;   71.25;   -999;   -999;-999;eor
       1504;20190220;-999;-999;-999;    3;   0.0;   0;    0.600;   0;   6.5;   6.6; 1001.66;    4.2;   80.29;   -999;   -999;-999;eor
       1504;20190221;-999;-999;-999;    3;   0.1;   4;    1.300;   0;   6.7;   7.7; 1005.02;    5.9;   82.38;   -999;   -999;-999;eor
       1504;20190222;-999;-999;-999;    3;   0.0;   0;    0.000;   0;   7.3;   8.6; 1013.41;    8.2;   79.54;   -999;   -999;-999;eor
       1504;20190223;-999;-999;-999;    3;   0.0;   0;    8.600;   0;   6.3;   5.1; 1018.38;    2.1;   73.42;   -999;   -999;-999;eor
       1504;20190224;-999;-999;-999;    3;   0.0;   0;    9.200;   0;   2.3;   4.6; 1017.00;    2.7;   67.63;   -999;   -999;-999;eor
       1504;20190225;-999;-999;-999;    3;   0.0;   0;    9.300;   0;   3.6;   5.2; 1016.38;    4.1;   67.75;   -999;   -999;-999;eor
       1504;20190226;-999;-999;-999;    3;   0.0;   0;    9.300;   0;   3.4;   5.6; 1012.83;    4.8;   68.88;   -999;   -999;-999;eor
       1504;20190227;-999;-999;-999;    3;   0.0;   0;    9.400;   0;   0.5;   5.1; 1005.07;    4.3;   67.50;   -999;   -999;-999;eor
       1504;20190228;-999;-999;-999;    3;   0.2;   4;    7.900;   0;   3.5;   7.0;  994.00;    6.8;   71.13;   -999;   -999;-999;eor
       1504;20190301;-999;-999;-999;    3;   1.2;   4;    0.400;   0;   7.1;   8.8;  992.07;    7.8;   83.21;   -999;   -999;-999;eor
       1504;20190302;-999;-999;-999;    3;   0.0;   4;    0.500;   0;   7.6;   7.7;  993.79;    6.0;   82.13;   -999;   -999;-999;eor
       1504;20190303;-999;-999;-999;    3;   0.1;   4;    0.100;   0;   7.6;   9.3;  986.78;    9.5;   77.58;   -999;   -999;-999;eor
       1504;20190304;-999;-999;-999;    3;   4.6;   4;    2.100;   0;   6.9;   7.8;  975.11;    8.7;   69.33;   -999;   -999;-999;eor
       1504;20190305;-999;-999;-999;    3;   1.2;   4;    1.800;   0;   5.2;   6.7;  984.94;    4.8;   78.54;   -999;   -999;-999;eor
       1504;20190306;-999;-999;-999;    3;   0.3;   4;    2.000;   0;   7.4;   7.7;  983.63;    7.9;   73.00;   -999;   -999;-999;eor
       1504;20190307;-999;-999;-999;    3;   1.9;   4;    5.200;   0;   5.2;   7.8;  976.09;   10.2;   63.63;   -999;   -999;-999;eor
       1504;20190308;-999;-999;-999;    3;   2.2;   4;    2.900;   0;   6.5;   6.8;  988.55;    7.3;   66.79;   -999;   -999;-999;eor
       1504;20190309;-999;-999;-999;    3;   3.6;   4;    3.300;   0;   6.5;   7.7;  988.82;    8.1;   71.79;   -999;   -999;-999;eor
       1504;20190310;-999;-999;-999;    3;   9.4;   4;    2.500;   0;   6.4;   7.5;  985.04;    6.6;   77.38;   -999;   -999;-999;eor
       1504;20190311;-999;-999;-999;    3;   2.2;   4;    0.700;   0;   6.3;   6.0;  993.80;    3.3;   77.88;   -999;   -999;-999;eor
       1504;20190312;-999;-999;-999;    3;   0.6;   4;    2.800;   0;   7.1;   5.6;  993.64;    5.5;   63.79;   -999;   -999;-999;eor
       1504;20190313;-999;-999;-999;    3;   1.9;   4;    0.500;   0;   6.9;   6.5;  983.55;    5.4;   73.13;   -999;   -999;-999;eor
       1504;20190314;-999;-999;-999;    3;   7.0;   4;    0.300;   0;   5.8;   7.3;  980.85;    5.6;   80.29;   -999;   -999;-999;eor
       1504;20190315;-999;-999;-999;    3;   8.4;   4;    0.200;   0;   6.9;   8.6;  982.71;    8.1;   78.92;   -999;   -999;-999;eor
       1504;20190316;-999;-999;-999;    3;   0.7;   4;    0.200;   0;   7.1;   8.6;  986.31;    8.3;   78.25;   -999;   -999;-999;eor
       1504;20190317;-999;-999;-999;    3;   1.7;   4;    1.800;   0;   6.5;   7.3;  982.14;    7.4;   71.17;   -999;   -999;-999;eor
       1504;20190318;-999;-999;-999;    3;   0.0;   4;    4.800;   0;   4.1;   5.8;  994.44;    4.2;   71.22;   -999;   -999;-999;eor
       1504;20190319;-999;-999;-999;    3;   0.0;   0;    7.200;   0;   3.3;   5.1; 1006.20;    2.9;   69.78;   -999;   -999;-999;eor
       1504;20190320;-999;-999;-999;    3;   0.0;   0;   10.200;   0;   3.4;   5.9; 1011.84;    4.5;   71.88;   -999;   -999;-999;eor
       1504;20190321;-999;-999;-999;    3;   0.0;   0;   10.900;   0;   3.3;   7.0; 1012.31;    7.2;   71.54;   -999;   -999;-999;eor
       1504;20190322;-999;-999;-999;    3;   0.0;   0;   10.500;   0;   3.5;   8.3; 1008.45;    9.3;   73.75;   -999;   -999;-999;eor
       1504;20190323;-999;-999;-999;    3;   0.0;   0;    9.900;   0;   3.8;   7.8; 1006.70;    6.1;   81.92;   -999;   -999;-999;eor
       1504;20190324;-999;-999;-999;    3;   1.0;   4;    2.200;   0;   6.0;   7.3; 1003.67;    7.0;   73.71;   -999;   -999;-999;eor
       1504;20190325;-999;-999;-999;    3;   1.4;   4;    3.600;   0;   5.5;   6.4;  998.77;    4.0;   78.75;   -999;   -999;-999;eor
       1504;20190326;-999;-999;-999;    3;   0.0;   4;    0.700;   0;   7.3;   6.7; 1007.20;    5.9;   71.79;   -999;   -999;-999;eor
       1504;20190327;-999;-999;-999;    3;   0.1;   4;    1.900;   0;   7.1;   7.1; 1010.37;    7.0;   72.33;   -999;   -999;-999;eor
       1504;20190328;-999;-999;-999;    3;   0.0;   0;    1.400;   0;   7.6;   8.2; 1012.55;    9.0;   72.42;   -999;   -999;-999;eor
       1504;20190329;-999;-999;-999;    3;   0.0;   0;   11.500;   0;   2.6;   8.2; 1009.07;   10.4;   68.63;   -999;   -999;-999;eor
       1504;20190330;-999;-999;-999;    3;   0.0;   0;   10.000;   0;   1.5;   7.7; 1001.14;    9.5;   68.50;   -999;   -999;-999;eor
       1504;20190331;-999;-999;-999;    3;   0.0;   0;    1.900;   0;   3.5;   7.3; 1001.38;    7.3;   71.96;   -999;   -999;-999;eor
       1504;20190401;-999;-999;-999;    3;   0.0;   0;   11.700;   0;   0.6;   5.6; 1000.28;    6.8;   59.88;   -999;   -999;-999;eor
       1504;20190402;-999;-999;-999;    3;   0.0;   4;    5.700;   0;   5.0;   7.4;  988.00;    9.0;   64.46;   -999;   -999;-999;eor
       1504;20190403;-999;-999;-999;    3;   8.9;   4;    0.900;   0;   7.5;   8.8;  981.13;    9.3;   75.21;   -999;   -999;-999;eor
       1504;20190404;-999;-999;-999;    3;   0.5;   4;    0.000;   0;   7.8;   8.0;  979.07;    5.4;   89.04;   -999;   -999;-999;eor
       1504;20190405;-999;-999;-999;    3;   0.0;   4;    0.000;   0;   7.9;   8.6;  984.18;    6.5;   88.29;   -999;   -999;-999;eor
       1504;20190406;-999;-999;-999;    3;   0.0;   0;    7.500;   0;   4.6;   9.7;  984.00;   12.0;   71.08;   -999;   -999;-999;eor
       1504;20190407;-999;-999;-999;    3;   0.0;   0;   10.800;   0;   2.7;   9.0;  984.89;   12.0;   66.58;   -999;   -999;-999;eor
       1504;20190408;-999;-999;-999;    3;   0.0;   0;    7.100;   0;   6.1;   8.7;  987.98;   12.8;   62.33;   -999;   -999;-999;eor
       1504;20190409;-999;-999;-999;    3;   0.0;   0;    9.000;   0;   5.7;   8.4;  990.33;    9.8;   70.21;   -999;   -999;-999;eor
       1504;20190410;-999;-999;-999;    3;   0.0;   0;   10.700;   0;   4.1;   5.4;  993.83;    7.0;   54.42;   -999;   -999;-999;eor
       1504;20190411;-999;-999;-999;    3;   0.0;   0;   11.600;   0;   3.0;   4.1; 1000.37;    4.6;   50.83;   -999;   -999;-999;eor
       1504;20190412;-999;-999;-999;    3;   0.0;   4;    0.000;   0;   7.5;   4.3; 1002.41;    3.2;   56.38;   -999;   -999;-999;eor
       1504;20190413;-999;-999;-999;    3;   1.0;   4;    2.100;   0;   6.2;   5.4; 1001.00;    2.1;   77.54;   -999;   -999;-999;eor
       1504;20190414;-999;-999;-999;    3;   0.1;   4;    5.500;   0;  -999;   5.9; 1002.42;    3.2;   76.88;   -999;   -999;-999;eor
       1504;20190415;-999;-999;-999;    3;   0.0;   0;   12.200;   0;   2.3;   6.1; 1002.72;    8.6;   57.92;   -999;   -999;-999;eor
       1504;20190416;-999;-999;-999;    3;   0.0;   0;   12.100;   0;   2.4;   5.8;  997.64;   10.0;   50.83;   -999;   -999;-999;eor
       1504;20190417;-999;-999;-999;    3;   0.0;   0;    1.900;   0;   6.4;   6.1; 1001.66;   12.7;   41.50;   -999;   -999;-999;eor
       1504;20190418;-999;-999;-999;    3;   0.0;   0;   12.700;   0;   2.5;   7.2; 1005.10;   13.6;   50.54;   -999;   -999;-999;eor
       1504;20190419;-999;-999;-999;    3;   0.0;   0;   12.800;   0;   0.3;   7.6; 1007.57;   14.1;   50.25;   -999;   -999;-999;eor
       1504;20190420;-999;-999;-999;    3;   0.0;   0;   12.800;   0;   0.7;   7.4; 1006.84;   14.4;   48.30;   -999;   -999;-999;eor
       1504;20190421;-999;-999;-999;    3;   0.0;   0;   12.900;   0;   0.1;   7.4;  999.50;   13.9;   51.33;   -999;   -999;-999;eor
       1504;20190422;-999;-999;-999;    3;   0.0;   0;   12.800;   0;   3.6;   6.7;  990.47;   14.2;   44.54;   -999;   -999;-999;eor
       1504;20190423;-999;-999;-999;    3;   0.0;   0;   10.700;   0;   4.0;   8.7;  980.88;   14.4;   52.75;   -999;   -999;-999;eor
       1504;20190424;-999;-999;-999;    3;   1.6;   4;   10.100;   0;   6.0;  10.9;  981.55;   16.6;   60.63;   -999;   -999;-999;eor
       1504;20190425;-999;-999;-999;    3;   0.0;   0;    7.000;   0;   4.7;   9.3;  987.42;   13.9;   62.58;   -999;   -999;-999;eor
       1504;20190426;-999;-999;-999;    3;   6.0;   4;    0.400;   0;   6.6;  10.3;  991.55;   10.1;   84.08;   -999;   -999;-999;eor
       1504;20190427;-999;-999;-999;    3;   2.6;   4;    1.800;   0;   6.3;   9.6;  992.36;    8.4;   86.63;   -999;   -999;-999;eor
       1504;20190428;-999;-999;-999;    3;   0.0;   0;    7.400;   0;   4.7;   8.1;  997.24;    8.3;   75.92;   -999;   -999;-999;eor
       1504;20190429;-999;-999;-999;    3;   1.5;   4;    3.500;   0;   6.8;   8.5; 1000.50;    7.8;   79.88;   -999;   -999;-999;eor
       1504;20190430;-999;-999;-999;    3;   0.0;   0;   11.200;   0;   2.0;   8.6;  998.61;   11.5;   64.17;   -999;   -999;-999;eor
       1504;20190501;-999;-999;-999;    3;   0.0;   0;    3.100;   0;   3.7;   9.8;  994.20;   11.6;   73.33;   -999;   -999;-999;eor
       1504;20190502;-999;-999;-999;    3;   1.1;   4;    6.900;   0;   5.7;   8.9;  987.96;   10.5;   73.00;   -999;   -999;-999;eor
       1504;20190503;-999;-999;-999;    3;   7.4;   4;    1.700;   0;   6.8;   6.9;  989.05;    8.5;   62.75;   -999;   -999;-999;eor
       1504;20190504;-999;-999;-999;    3;   2.4;   4;    4.000;   0;   6.5;   6.4;  987.80;    5.1;   74.46;   -999;   -999;-999;eor
       1504;20190505;-999;-999;-999;    3;   0.0;   4;    5.700;   0;   5.1;   6.2;  996.43;    5.2;   71.29;   -999;   -999;-999;eor
       1504;20190506;-999;-999;-999;    3;   0.0;   4;    2.100;   0;   5.8;   6.3;  998.19;    6.3;   67.33;   -999;   -999;-999;eor
       1504;20190507;-999;-999;-999;    3;   0.0;   0;    0.200;   0;   7.0;   7.1;  995.90;    7.5;   69.67;   -999;   -999;-999;eor
       1504;20190508;-999;-999;-999;    3;   6.0;   4;    0.500;   0;   7.6;   9.3;  982.90;    8.3;   83.13;   -999;   -999;-999;eor
       1504;20190509;-999;-999;-999;    3;   0.0;   4;    0.900;   0;   6.5;  10.1;  979.12;   10.3;   80.96;   -999;   -999;-999;eor
       1504;20190510;-999;-999;-999;    3;   3.2;   4;    3.200;   0;   6.5;   9.6;  987.90;   10.8;   75.79;   -999;   -999;-999;eor
       1504;20190511;-999;-999;-999;    3;  12.9;   4;    0.000;   0;   7.7;   9.8;  992.37;    8.4;   88.83;   -999;   -999;-999;eor
       1504;20190512;-999;-999;-999;    3;   0.0;   0;    6.300;   0;   4.3;   6.7; 1009.59;    8.6;   61.17;   -999;   -999;-999;eor
       1504;20190513;-999;-999;-999;    3;   0.0;   0;   12.200;   0;   1.0;   5.8; 1014.82;    8.5;   55.88;   -999;   -999;-999;eor
       1504;20190514;-999;-999;-999;    3;   0.0;   0;   10.600;   0;   2.7;   6.0; 1010.05;    8.5;   56.96;   -999;   -999;-999;eor
       1504;20190515;-999;-999;-999;    3;   0.0;   4;   10.900;   0;   3.9;   5.7; 1003.96;    8.4;   54.25;   -999;   -999;-999;eor
       1504;20190516;-999;-999;-999;    3;   5.7;   4;    0.100;   0;   7.7;   8.0;  995.21;    8.4;   72.96;   -999;   -999;-999;eor
       1504;20190517;-999;-999;-999;    3;   0.0;   4;    1.600;   0;   6.1;  10.1;  987.55;   10.7;   79.29;   -999;   -999;-999;eor
       1504;20190518;-999;-999;-999;    3;   0.0;   0;   13.900;   0;   4.9;  10.4;  984.83;   14.9;   65.79;   -999;   -999;-999;eor
       1504;20190519;-999;-999;-999;    3;   7.5;   4;    8.300;   0;   5.7;  12.0;  983.25;   15.9;   69.71;   -999;   -999;-999;eor
       1504;20190520;-999;-999;-999;    3;  33.7;   4;    6.800;   0;   6.8;  14.4;  983.05;   15.2;   83.50;   -999;   -999;-999;eor
       1504;20190521;-999;-999;-999;    3;   0.7;   4;    0.000;   0;   7.8;  13.6;  987.19;   14.1;   84.13;   -999;   -999;-999;eor
       1504;20190522;-999;-999;-999;    3;   0.0;   0;    3.400;   0;   6.4;  10.9;  996.28;   12.7;   75.33;   -999;   -999;-999;eor
       1504;20190523;-999;-999;-999;    3;   0.0;   0;    8.500;   0;   7.0;  10.6;  997.05;   13.0;   73.75;   -999;   -999;-999;eor
       1504;20190524;-999;-999;-999;    3;   0.0;   0;    7.100;   0;   7.1;  11.2;  993.48;   15.3;   67.50;   -999;   -999;-999;eor
       1504;20190525;-999;-999;-999;    3;   0.0;   0;   11.000;   0;   3.9;  10.4;  994.91;   13.1;   70.50;   -999;   -999;-999;eor
       1504;20190526;-999;-999;-999;    3;   0.0;   0;    7.400;   0;   6.2;  10.9;  992.52;   14.7;   67.54;   -999;   -999;-999;eor
       1504;20190527;-999;-999;-999;    3;   0.8;   4;    0.000;   0;   7.6;  14.3;  987.48;   14.9;   84.96;   -999;   -999;-999;eor
       1504;20190528;-999;-999;-999;    3;   5.8;   4;    2.500;   0;   7.3;  11.5;  987.50;   11.8;   83.08;   -999;   -999;-999;eor
       1504;20190529;-999;-999;-999;    3;   0.0;   0;   14.100;   0;   2.6;   8.3;  999.52;   12.1;   61.83;   -999;   -999;-999;eor
       1504;20190530;-999;-999;-999;    3;   0.0;   4;    3.900;   0;   6.1;  11.6; 1002.56;   13.9;   72.25;   -999;   -999;-999;eor
       1504;20190531;-999;-999;-999;    3;   0.0;   0;    3.200;   0;   5.6;  14.8; 1002.79;   17.1;   76.83;   -999;   -999;-999;eor
       1504;20190601;-999;-999;-999;    3;   0.0;   0;   14.400;   0;   5.2;  14.9; 1000.36;   18.6;   71.54;   -999;   -999;-999;eor
       1504;20190602;-999;-999;-999;    3;   0.0;   0;   14.800;   0;   2.6;  15.1;  995.04;   20.6;   66.54;   -999;   -999;-999;eor
       1504;20190603;-999;-999;-999;    3;   7.6;   4;    7.800;   0;   4.8;  16.7;  992.46;   18.7;   79.13;   -999;   -999;-999;eor
       1504;20190604;-999;-999;-999;    3;   0.0;   0;    8.800;   0;   6.3;  17.9;  989.97;   19.8;   79.83;   -999;   -999;-999;eor
       1504;20190605;-999;-999;-999;    3;   0.0;   0;   10.100;   0;   3.9;  17.9;  985.29;   23.1;   65.33;   -999;   -999;-999;eor
       1504;20190606;-999;-999;-999;    3;   0.8;   4;    0.500;   0;   6.2;  13.6;  990.20;   15.4;   78.38;   -999;   -999;-999;eor
       1504;20190607;-999;-999;-999;    3;   4.2;   4;    8.200;   0;   5.3;  13.2;  991.89;   15.2;   77.83;   -999;   -999;-999;eor
       1504;20190608;-999;-999;-999;    3;   0.0;   0;    8.300;   0;   4.4;  10.0;  998.61;   14.3;   63.08;   -999;   -999;-999;eor
       1504;20190609;-999;-999;-999;    3;   0.0;   0;   11.200;   0;   6.4;  11.2; 1000.62;   16.4;   62.08;   -999;   -999;-999;eor
       1504;20190610;-999;-999;-999;    3;   6.6;   4;    6.800;   0;   5.9;  15.4;  991.55;   18.6;   72.71;   -999;   -999;-999;eor
       1504;20190611;-999;-999;-999;    3;   0.3;   4;-999;   0;   6.5;  15.6;  989.58;   17.7;   77.75;   -999;   -999;-999;eor
       1504;20190612;-999;-999;-999;    3;   9.3;   4;-999;   0;   5.6;  15.1;  988.91;   15.5;   85.71;   -999;   -999;-999;eor
       1504;20190613;-999;-999;-999;    3;   0.0;   0;-999;   0;   2.2;  11.9;  993.03;   15.9;   68.96;   -999;   -999;-999;eor
       1504;20190614;-999;-999;-999;    3;   0.0;   0;-999;   0;   4.9;  14.5;  993.86;   18.4;   69.42;   -999;   -999;-999;eor
       1504;20190615;-999;-999;-999;    3;   0.0;   4;-999;   0;   4.2;  15.2;  991.23;   19.6;   68.33;   -999;   -999;-999;eor
       1504;20190616;-999;-999;-999;    3;   0.7;   4;-999;   0;   5.8;  14.9;  998.94;   16.3;   81.17;   -999;   -999;-999;eor
       1504;20190617;-999;-999;-999;    3;   0.0;   0;-999;   0;   2.4;  14.4;  999.14;   18.5;   71.58;   -999;   -999;-999;eor
       1504;20190618;-999;-999;-999;    3;   0.0;   0;-999;   0;   5.0;  16.5;  993.69;   21.2;   68.29;   -999;   -999;-999;eor
       1504;20190619;-999;-999;-999;    3;   0.0;   4;   13.300;   0;   4.3;  17.1;  988.04;   22.9;   64.88;   -999;   -999;-999;eor
       1504;20190620;-999;-999;-999;    3;  12.4;   4;    4.100;   0;   6.6;  16.8;  990.75;   18.8;   79.67;   -999;   -999;-999;eor
       1504;20190621;-999;-999;-999;    3;   0.0;   0;    6.800;   0;   4.5;  13.4;  997.06;   17.6;   69.13;   -999;   -999;-999;eor
       1504;20190622;-999;-999;-999;    3;   0.0;   0;    9.900;   0;   4.8;  13.7;  998.73;   19.0;   63.83;   -999;   -999;-999;eor
       1504;20190623;-999;-999;-999;    3;   0.0;   0;   13.300;   0;   3.5;  13.3;  998.71;   21.1;   58.38;   -999;   -999;-999;eor
       1504;20190624;-999;-999;-999;    3;   0.0;   0;   14.400;   0;   4.7;  15.6;  999.62;   22.8;   59.04;   -999;   -999;-999;eor
       1504;20190625;-999;-999;-999;    3;   0.0;   0;   14.300;   0;   4.5;  17.5;  998.67;   24.5;   59.96;   -999;   -999;-999;eor
       1504;20190626;-999;-999;-999;    3;   0.0;   0;   13.700;   0;   1.0;  20.6; 1001.06;   26.2;   63.58;   -999;   -999;-999;eor
       1504;20190627;-999;-999;-999;    3;   0.0;   0;   13.900;   0;   0.6;  12.7; 1004.38;   20.3;   56.04;   -999;   -999;-999;eor
       1504;20190628;-999;-999;-999;    3;   0.0;   0;   11.800;   0;   1.4;  11.7; 1003.26;   18.1;   59.33;   -999;   -999;-999;eor
       1504;20190629;-999;-999;-999;    3;   0.0;   0;   15.100;   0;   0.0;  12.8;  998.77;   21.1;   57.08;   -999;   -999;-999;eor
       1504;20190630;-999;-999;-999;    3;   0.2;   4;   13.800;   0;   2.0;  15.6;  993.00;   25.1;   53.42;   -999;   -999;-999;eor
       1504;20190701;-999;-999;-999;    3;   0.1;   4;    9.800;   0;   4.3;  13.5;  995.25;   21.8;   54.38;   -999;   -999;-999;eor
       1504;20190702;-999;-999;-999;    3;   0.0;   0;   10.200;   0;   2.3;  10.5; 1000.19;   16.6;   58.08;   -999;   -999;-999;eor
       1504;20190703;-999;-999;-999;    3;   0.0;   0;    9.900;   0;   2.5;   9.5; 1002.25;   15.1;   57.96;   -999;   -999;-999;eor
       1504;20190704;-999;-999;-999;    3;   0.0;   0;   13.800;   0;   3.5;   9.1; 1001.40;   16.0;   53.21;   -999;   -999;-999;eor
       1504;20190705;-999;-999;-999;    3;   0.0;   0;    7.500;   0;   4.7;  11.3;  995.17;   19.6;   53.08;   -999;   -999;-999;eor
       1504;20190706;-999;-999;-999;    3;   0.0;   4;    8.400;   0;   5.5;  12.2;  989.55;   20.0;   56.25;   -999;   -999;-999;eor
       1504;20190707;-999;-999;-999;    3;   0.0;   0;    3.400;   0;   5.8;   9.6;  992.38;   15.7;   54.75;   -999;   -999;-999;eor
       1504;20190708;-999;-999;-999;    3;   0.0;   0;    0.700;   0;   6.1;   9.8;  996.68;   13.4;   64.58;   -999;   -999;-999;eor
       1504;20190709;-999;-999;-999;    3;   0.0;   0;    2.400;   0;   5.7;  10.0;  998.41;   12.9;   68.67;   -999;   -999;-999;eor
       1504;20190710;-999;-999;-999;    3;   0.2;   4;   11.800;   0;   5.4;  10.2;  997.55;   15.7;   61.08;   -999;   -999;-999;eor
       1504;20190711;-999;-999;-999;    3;   4.6;   4;    0.200;   0;   7.6;  14.9;  992.99;   15.5;   83.38;   -999;   -999;-999;eor
       1504;20190712;-999;-999;-999;    3;   9.8;   4;    1.200;   0;   6.1;  15.7;  990.47;   16.0;   85.33;   -999;   -999;-999;eor
       1504;20190713;-999;-999;-999;    3;   0.4;   4;    0.300;   0;   6.8;  14.8;  994.60;   15.6;   83.58;   -999;   -999;-999;eor
       1504;20190714;-999;-999;-999;    3;   0.0;   4;    0.000;   0;   7.2;  12.7;  997.19;   14.5;   77.38;   -999;   -999;-999;eor
       1504;20190715;-999;-999;-999;    3;   0.0;   4;    0.000;   0;   6.8;  12.1;  997.35;   14.0;   76.58;   -999;   -999;-999;eor
       1504;20190716;-999;-999;-999;    3;   0.0;   0;    5.600;   0;   7.0;  12.2;  996.58;   14.1;   75.83;   -999;   -999;-999;eor
       1504;20190717;-999;-999;-999;    3;   0.0;   0;    0.100;   0;   5.7;  13.0;  994.26;   15.3;   75.92;   -999;   -999;-999;eor
       1504;20190718;-999;-999;-999;    3;   1.2;   4;    7.000;   0;   5.5;  12.9;  991.17;   17.6;   68.58;   -999;   -999;-999;eor
       1504;20190719;-999;-999;-999;    3;   0.2;   4;    1.300;   0;   7.2;  16.5;  993.06;   18.1;   80.92;   -999;   -999;-999;eor
       1504;20190720;-999;-999;-999;    3;   4.3;   4;    7.500;   0;   6.6;  16.3;  992.16;   19.7;   74.33;   -999;   -999;-999;eor
       1504;20190721;-999;-999;-999;    3;   0.0;   4;    9.800;   0;   3.9;  15.4;  998.68;   19.9;   69.71;   -999;   -999;-999;eor
       1504;20190722;-999;-999;-999;    3;   0.0;   0;    8.800;   0;   5.1;  14.3; 1001.94;   20.1;   64.46;   -999;   -999;-999;eor
       1504;20190723;-999;-999;-999;    3;   0.0;   0;   14.400;   0;   1.8;  15.4;  999.94;   23.5;   57.83;   -999;   -999;-999;eor
       1504;20190724;-999;-999;-999;    3;   0.0;   0;   14.300;   0;   1.2;  16.0;  995.28;   26.4;   52.13;   -999;   -999;-999;eor
       1504;20190725;-999;-999;-999;    3;   0.0;   0;   13.500;   0;   0.8;  16.7;  994.61;   27.6;   50.71;   -999;   -999;-999;eor
       1504;20190726;-999;-999;-999;    3;   0.0;   0;   12.500;   0;   2.6;  15.1;  989.62;   26.7;   46.58;   -999;   -999;-999;eor
       1504;20190727;-999;-999;-999;    3;   0.0;   0;   10.500;   0;   5.0;  13.1;  982.25;   24.8;   45.17;   -999;   -999;-999;eor
       1504;20190728;-999;-999;-999;    3;   4.1;   4;    3.200;   0;   7.2;  16.7;  981.34;   22.0;   64.42;   -999;   -999;-999;eor
       1504;20190729;-999;-999;-999;    3;   0.0;   0;    0.300;   0;   7.3;  17.8;  989.68;   20.0;   77.08;   -999;   -999;-999;eor
       1504;20190730;-999;-999;-999;    3;   1.9;   4;    8.200;   0;   3.4;  15.5;  991.07;   22.2;   62.92;   -999;   -999;-999;eor
       1504;20190731;-999;-999;-999;    3;   0.0;   4;    6.100;   0;   4.5;  14.2;  994.29;   20.1;   64.00;   -999;   -999;-999;eor
       1504;20190801;-999;-999;-999;    3;   0.0;   0;    2.700;   0;   6.0;  12.7;  995.90;   18.5;   61.83;   -999;   -999;-999;eor
       1504;20190802;-999;-999;-999;    3;  15.2;   4;    3.800;   0;   6.4;  15.2;  993.68;   18.2;   74.71;   -999;   -999;-999;eor
       1504;20190803;-999;-999;-999;    3;   0.0;   0;    6.100;   0;   4.1;  15.4;  994.75;   18.2;   74.92;   -999;   -999;-999;eor
       1504;20190804;-999;-999;-999;    3;   0.0;   4;    8.800;   0;   4.4;  14.7;  994.91;   18.7;   70.96;   -999;   -999;-999;eor
       1504;20190805;-999;-999;-999;    3;   0.2;   4;    4.000;   0;   7.3;  15.7;  990.39;   20.5;   67.17;   -999;   -999;-999;eor
       1504;20190806;-999;-999;-999;    3;   0.3;   4;    1.900;   0;   6.5;  16.5;  989.33;   19.9;   71.67;   -999;   -999;-999;eor
       1504;20190807;-999;-999;-999;    3;   0.0;   0;    2.200;   0;   6.5;  15.7;  987.19;   19.8;   69.71;   -999;   -999;-999;eor
       1504;20190808;-999;-999;-999;    3;   0.1;   4;    8.500;   0;   4.7;  13.8;  991.02;   19.0;   66.00;   -999;   -999;-999;eor
       1504;20190809;-999;-999;-999;    3;   9.0;   4;    2.700;   0;   6.7;  17.4;  989.54;   20.4;   75.29;   -999;   -999;-999;eor
       1504;20190810;-999;-999;-999;    3;   0.0;   0;    4.300;   0;   4.8;  16.3;  991.34;   21.0;   66.63;   -999;   -999;-999;eor
       1504;20190811;-999;-999;-999;    3;   0.1;   4;    6.900;   0;   4.8;  12.2;  994.10;   19.0;   58.42;   -999;   -999;-999;eor
       1504;20190812;-999;-999;-999;    3;   7.6;   4;    7.100;   0;   4.8;  13.6;  994.43;   17.0;   72.83;   -999;   -999;-999;eor
       1504;20190813;-999;-999;-999;    3;   0.1;   4;    3.400;   0;   6.5;  11.9;  996.01;   15.6;   69.50;   -999;   -999;-999;eor
       1504;20190814;-999;-999;-999;    3;   1.2;   4;    9.800;   0;   3.3;  10.4;  996.45;   15.2;   63.79;   -999;   -999;-999;eor
       1504;20190815;-999;-999;-999;    3;   2.5;   4;    2.700;   0;   7.1;  15.3;  991.34;   16.9;   79.67;   -999;   -999;-999;eor
       1504;20190816;-999;-999;-999;    3;   0.0;   4;    7.500;   0;   5.0;  13.2;  995.02;   17.1;   71.21;   -999;   -999;-999;eor
       1504;20190817;-999;-999;-999;    3;   2.8;   4;    0.000;   0;   7.3;  15.2;  989.61;   18.0;   74.13;   -999;   -999;-999;eor
       1504;20190818;-999;-999;-999;    3;   1.5;   4;    1.600;   0;   7.1;  18.5;  986.96;   19.6;   82.21;   -999;   -999;-999;eor
       1504;20190819;-999;-999;-999;    3;   0.0;   0;    8.800;   0;   4.1;  12.2;  995.35;   17.6;   64.50;   -999;   -999;-999;eor
       1504;20190820;-999;-999;-999;    3;   0.0;   0;    4.200;   0;   5.7;  10.9; 1001.44;   15.5;   65.46;   -999;   -999;-999;eor
       1504;20190821;-999;-999;-999;    3;   0.0;   0;   10.400;   0;   3.4;  10.5; 1006.39;   15.4;   64.96;   -999;   -999;-999;eor
       1504;20190822;-999;-999;-999;    3;   0.0;   0;   12.800;   0;   0.8;  10.8; 1004.93;   17.1;   60.75;   -999;   -999;-999;eor
       1504;20190823;-999;-999;-999;    3;   0.0;   0;   12.700;   0;   0.7;  11.1; 1003.78;   18.6;   57.79;   -999;   -999;-999;eor
       1504;20190824;-999;-999;-999;    3;   0.0;   0;   12.700;   0;   0.7;  12.9; 1000.39;   20.2;   58.00;   -999;   -999;-999;eor
       1504;20190825;-999;-999;-999;    3;   0.0;   4;   11.100;   0;   1.8;  17.6;  997.87;   23.2;   63.79;   -999;   -999;-999;eor
       1504;20190826;-999;-999;-999;    3;   0.0;   0;   11.700;   0;   0.5;  17.2;  997.07;   24.1;   61.83;   -999;   -999;-999;eor
       1504;20190827;-999;-999;-999;    3;   0.0;   0;    8.000;   0;   2.7;  17.8;  995.31;   23.0;   66.38;   -999;   -999;-999;eor
       1504;20190828;-999;-999;-999;    3;   0.0;   0;    6.300;   0;   6.3;  16.4;  993.83;   22.8;   64.17;   -999;   -999;-999;eor
       1504;20190829;-999;-999;-999;    3;  18.4;   4;    6.300;   0;   4.8;  18.2;  997.17;   20.8;   74.08;   -999;   -999;-999;eor
       1504;20190830;-999;-999;-999;    3;   0.0;   0;    8.900;   0;   3.8;  17.9; 1000.34;   21.4;   71.83;   -999;   -999;-999;eor
       1504;20190831;-999;-999;-999;    3;   0.2;   4;   12.000;   0;   0.6;  17.2;  993.27;   22.2;   68.88;   -999;   -999;-999;eor
       1504;20190901;-999;-999;-999;    3;   0.0;   4;    0.600;   0;   6.5;  15.6;  992.63;   17.7;   78.17;   -999;   -999;-999;eor
       1504;20190902;-999;-999;-999;    3;   0.0;   0;    8.900;   0;   1.7;  10.0; 1001.07;   14.1;   66.21;   -999;   -999;-999;eor
       1504;20190903;-999;-999;-999;    3;   0.0;   0;    7.800;   0;   5.2;  10.3; 1001.98;   14.7;   65.17;   -999;   -999;-999;eor
       1504;20190904;-999;-999;-999;    3;   0.1;   4;    7.700;   0;   4.6;  12.4;  995.17;   16.7;   67.54;   -999;   -999;-999;eor
       1504;20190905;-999;-999;-999;    3;   0.0;   0;    5.700;   0;   4.5;  11.0;  997.51;   14.8;   67.63;   -999;   -999;-999;eor
       1504;20190906;-999;-999;-999;    3;   0.0;   0;   11.900;   0;   3.1;   8.5; 1001.60;   12.8;   62.21;   -999;   -999;-999;eor
       1504;20190907;-999;-999;-999;    3;   0.6;   4;    1.600;   0;   6.8;  10.6;  997.25;   12.4;   74.67;   -999;   -999;-999;eor
       1504;20190908;-999;-999;-999;    3;   0.0;   4;    0.800;   0;   7.3;  11.1;  996.28;   11.8;   80.75;   -999;   -999;-999;eor
       1504;20190909;-999;-999;-999;    3;   0.0;   0;    0.600;   0;   6.5;  11.0;  993.38;   12.8;   75.83;   -999;   -999;-999;eor
       1504;20190910;-999;-999;-999;    3;   0.0;   0;    6.400;   0;   3.3;   9.2;  996.53;   11.8;   70.54;   -999;   -999;-999;eor
       1504;20190911;-999;-999;-999;    3;   1.7;   4;    7.500;   0;   4.1;  10.0; 1001.38;   13.2;   69.33;   -999;   -999;-999;eor
       1504;20190912;-999;-999;-999;    3;   0.0;   0;    4.300;   0;   5.0;  14.6; 1006.25;   17.1;   76.17;   -999;   -999;-999;eor
       1504;20190913;-999;-999;-999;    3;   0.0;   0;    1.700;   0;   5.8;  14.4; 1009.62;   16.6;   76.92;   -999;   -999;-999;eor
       1504;20190914;-999;-999;-999;    3;   0.0;   0;   11.500;   0;   2.2;   9.7; 1010.39;   14.0;   64.29;   -999;   -999;-999;eor
       1504;20190915;-999;-999;-999;    3;   0.0;   0;   11.300;   0;   4.0;   8.7; 1001.52;   14.9;   58.79;   -999;   -999;-999;eor
       1504;20190916;-999;-999;-999;    3;   2.4;   4;    0.000;   0;   7.3;  12.5;  998.32;   13.7;   79.58;   -999;   -999;-999;eor
       1504;20190917;-999;-999;-999;    3;   0.0;   0;    4.700;   0;   6.0;  10.0;  998.64;   12.5;   70.96;   -999;   -999;-999;eor
       1504;20190918;-999;-999;-999;    3;   0.0;   0;    7.500;   0;   4.1;   8.3; 1003.97;   10.7;   66.96;   -999;   -999;-999;eor
       1504;20190919;-999;-999;-999;    3;   0.0;   0;    7.900;   0;   5.6;   7.6; 1007.86;    9.4;   68.00;   -999;   -999;-999;eor
       1504;20190920;-999;-999;-999;    3;   0.0;   0;   10.300;   0;   3.4;   6.7; 1007.00;    8.8;   64.92;   -999;   -999;-999;eor
       1504;20190921;-999;-999;-999;    3;   0.0;   0;   11.100;   0;   0.4;   7.9;  999.62;   11.4;   63.71;   -999;   -999;-999;eor
       1504;20190922;-999;-999;-999;    3;   0.0;   4;   10.100;   0;   3.8;   9.7;  990.58;   14.4;   63.88;   -999;   -999;-999;eor
       1504;20190923;-999;-999;-999;    3;   0.0;   4;    0.100;   0;   7.5;  13.8;  992.85;   14.4;   83.21;   -999;   -999;-999;eor
       1504;20190924;-999;-999;-999;    3;   1.9;   4;    1.700;   0;   7.3;  13.7;  990.75;   14.8;   81.67;   -999;   -999;-999;eor
       1504;20190925;-999;-999;-999;    3;   5.0;   4;    1.700;   0;   6.8;  14.5;  985.72;   14.6;   87.88;   -999;   -999;-999;eor
       1504;20190926;-999;-999;-999;    3;   1.5;   4;    0.100;   0;   7.5;  15.5;  989.35;   15.3;   89.25;   -999;   -999;-999;eor
       1504;20190927;-999;-999;-999;    3;   2.7;   4;    3.700;   0;   5.8;  14.6;  988.96;   15.0;   86.63;   -999;   -999;-999;eor
       1504;20190928;-999;-999;-999;    3;   0.9;   4;    3.700;   0;   5.8;  13.4;  991.25;   14.3;   82.63;   -999;   -999;-999;eor
       1504;20190929;-999;-999;-999;    3;   0.1;   4;    0.800;   0;   7.4;  13.5;  982.94;   14.9;   79.00;   -999;   -999;-999;eor
       1504;20190930;-999;-999;-999;    3;   0.0;   4;    0.800;   0;   6.1;  12.1;  986.19;   13.8;   76.83;   -999;   -999;-999;eor
       1504;20191001;-999;-999;-999;    3;   0.0;   4;    0.200;   0;   7.0;  13.9;  981.83;   14.3;   84.71;   -999;   -999;-999;eor
       1504;20191002;-999;-999;-999;    3;  -999;-999;    2.600;   0;   5.3;  10.0;  986.60;   10.7;   77.83;   -999;   -999;-999;eor
       1504;20191003;-999;-999;-999;    3;   0.0;   0;    3.900;   0;   6.6;   9.7;  994.42;   11.0;   74.38;   -999;   -999;-999;eor
       1504;20191004;-999;-999;-999;    3;   4.3;   4;    0.000;   0;   7.6;  10.7;  986.10;    9.5;   89.38;   -999;   -999;-999;eor
       1504;20191005;-999;-999;-999;    3;   0.0;   0;    0.200;   0;   7.3;   9.2;  992.91;    8.9;   82.30;   -999;   -999;-999;eor
       1504;20191006;-999;-999;-999;    3;   2.7;   4;    0.100;   0;   7.4;   8.5;  995.00;    7.2;   84.00;   -999;   -999;-999;eor
       1504;20191007;-999;-999;-999;    3;   0.8;   4;    6.000;   0;   6.5;   8.9;  996.42;    9.1;   77.67;   -999;   -999;-999;eor
       1504;20191008;-999;-999;-999;    3;   4.3;   4;    0.000;   0;   7.5;  12.4;  987.60;   11.7;   89.63;   -999;   -999;-999;eor
       1504;20191009;-999;-999;-999;    3;   1.7;   4;    1.700;   0;   5.6;  11.2;  986.87;   11.1;   85.29;   -999;   -999;-999;eor
       1504;20191010;-999;-999;-999;    3;   0.0;   0;    1.700;   0;   5.0;  10.1;  991.53;   10.3;   80.75;   -999;   -999;-999;eor
       1504;20191011;-999;-999;-999;    3;   0.0;   0;    0.300;   0;   6.6;  11.7;  993.30;   12.2;   81.33;   -999;   -999;-999;eor
       1504;20191012;-999;-999;-999;    3;   0.0;   0;    6.900;   0;   3.8;  13.2;  990.40;   15.8;   73.63;   -999;   -999;-999;eor
       1504;20191013;-999;-999;-999;    3;   0.0;   4;    6.900;   0;   4.1;  15.3;  990.82;   18.4;   73.38;   -999;   -999;-999;eor
       1504;20191014;-999;-999;-999;    3;   0.0;   0;    9.000;   0;   3.1;  14.0;  991.36;   16.7;   76.25;   -999;   -999;-999;eor
       1504;20191015;-999;-999;-999;    3;  11.6;   4;    6.700;   0;   6.5;  14.2;  985.68;   15.2;   82.42;   -999;   -999;-999;eor
       1504;20191016;-999;-999;-999;    3;   0.0;   4;    2.000;   0;   7.1;  12.3;  989.77;   12.6;   84.13;   -999;   -999;-999;eor
       1504;20191017;-999;-999;-999;    3;   5.6;   4;    1.800;   0;   7.0;  13.1;  990.63;   14.0;   81.58;   -999;   -999;-999;eor
       1504;20191018;-999;-999;-999;    3;   0.9;   4;    2.400;   0;   5.8;  12.3;  988.49;   12.7;   83.00;   -999;   -999;-999;eor
       1504;20191019;-999;-999;-999;    3;   0.1;   4;    0.600;   0;   7.6;  11.6;  986.94;   11.8;   83.04;   -999;   -999;-999;eor
       1504;20191020;-999;-999;-999;    3;   0.5;   4;    0.200;   0;   7.3;  14.4;  987.68;   13.8;   91.33;   -999;   -999;-999;eor
       1504;20191021;-999;-999;-999;    3;   0.0;   4;    2.000;   0;   6.8;  13.5;  995.96;   14.1;   84.63;   -999;   -999;-999;eor
       1504;20191022;-999;-999;-999;    3;   0.0;   0;    5.200;   0;   5.5;  11.0; 1002.33;   11.1;   83.75;   -999;   -999;-999;eor
       1504;20191023;-999;-999;-999;    3;   0.0;   0;    0.000;   0;   7.0;  12.3;  995.59;   11.4;   89.88;   -999;   -999;-999;eor
       1504;20191024;-999;-999;-999;    3;   0.0;   4;    2.700;   0;   7.5;  13.5;  989.63;   13.2;   88.17;   -999;   -999;-999;eor
       1504;20191025;-999;-999;-999;    3;   0.0;   0;    6.000;   0;   6.6;  11.8;  997.82;   13.2;   78.38;   -999;   -999;-999;eor
       1504;20191026;-999;-999;-999;    3;   0.0;   0;    6.400;   0;   6.8;  12.1;  995.77;   13.3;   79.33;   -999;   -999;-999;eor
       1504;20191027;-999;-999;-999;    3;   2.1;   4;    0.000;   0;   6.6;  10.0;  997.32;    9.8;   83.25;   -999;   -999;-999;eor
       1504;20191028;-999;-999;-999;    3;   0.0;   0;    1.800;   0;   6.6;   7.4; 1001.23;    4.2;   89.92;   -999;   -999;-999;eor
       1504;20191029;-999;-999;-999;    3;   0.0;   0;    5.200;   0;   4.3;   7.3; 1003.09;    5.0;   84.79;   -999;   -999;-999;eor
       1504;20191030;-999;-999;-999;    3;   0.0;   0;    6.300;   0;   2.4;   5.9; 1006.33;    1.8;   85.46;   -999;   -999;-999;eor
       1504;20191031;-999;-999;-999;    3;   0.0;   0;    8.100;   0;   2.1;   5.4; 1002.53;    1.6;   81.58;   -999;   -999;-999;eor
       1504;20191101;-999;-999;-999;    3;   2.5;   4;    0.000;   0;   6.7;   7.0;  989.05;    2.0;   94.08;   -999;   -999;-999;eor
       1504;20191102;-999;-999;-999;    3;   1.7;   4;    0.700;   0;   7.3;  12.5;  972.20;   12.6;   85.13;   -999;   -999;-999;eor
       1504;20191103;-999;-999;-999;    3;   0.2;   4;    1.100;   0;   7.4;  11.7;  967.09;   11.3;   87.38;   -999;   -999;-999;eor
       1504;20191104;-999;-999;-999;    3;   1.6;   4;    0.500;   0;   6.8;  10.8;  969.49;   10.0;   88.38;   -999;   -999;-999;eor
       1504;20191105;-999;-999;-999;    3;   2.2;   4;    0.700;   0;   7.0;   9.8;  975.54;    8.4;   88.92;   -999;   -999;-999;eor
       1504;20191106;-999;-999;-999;    3;   6.7;   4;    0.000;   0;   7.9;   9.5;  980.24;    7.3;   92.79;   -999;   -999;-999;eor
       1504;20191107;-999;-999;-999;    3;   0.9;   4;    0.400;   0;   7.1;   9.0;  980.18;    7.6;   86.54;   -999;   -999;-999;eor
       1504;20191108;-999;-999;-999;    3;  10.1;   4;    0.000;   0;   7.7;   8.0;  985.15;    4.9;   92.00;   -999;   -999;-999;eor
       1504;20191109;-999;-999;-999;    3;   0.0;   0;    1.400;   0;   6.0;   7.5;  987.22;    4.5;   89.54;   -999;   -999;-999;eor
       1504;20191110;-999;-999;-999;    3;   0.0;   0;    0.200;   0;   6.7;   6.9;  991.59;    3.1;   90.79;   -999;   -999;-999;eor
       1504;20191111;-999;-999;-999;    3;   0.2;   4;    0.000;   0;   7.5;   6.4;  988.20;    2.9;   84.42;   -999;   -999;-999;eor
       1504;20191112;-999;-999;-999;    3;   4.0;   4;    0.200;   0;   6.8;   7.1;  982.50;    4.5;   84.25;   -999;   -999;-999;eor
       1504;20191113;-999;-999;-999;    3;   0.0;   4;    1.000;   0;   7.0;   6.9;  981.30;    3.6;   86.50;   -999;   -999;-999;eor
       1504;20191114;-999;-999;-999;    3;   0.0;   0;    5.700;   0;   6.6;   6.7;  982.95;    5.0;   76.58;   -999;   -999;-999;eor
       1504;20191115;-999;-999;-999;    3;   6.4;   4;    0.000;   0;   7.5;   6.8;  980.88;    3.7;   84.88;   -999;   -999;-999;eor
       1504;20191116;-999;-999;-999;    3;   0.1;   4;    1.100;   0;   5.5;   6.8;  987.42;    3.2;   89.38;   -999;   -999;-999;eor
       1504;20191117;-999;-999;-999;    3;   0.8;   4;    0.000;   0;   7.8;   6.9;  987.98;    2.4;   93.33;   -999;   -999;-999;eor
       1504;20191118;-999;-999;-999;    3;   0.9;   4;    0.000;   0;   8.0;   7.7;  984.82;    4.4;   91.79;   -999;   -999;-999;eor
       1504;20191119;-999;-999;-999;    3;   0.3;   4;    0.700;   0;   6.5;   6.8;  994.32;    3.5;   87.38;   -999;   -999;-999;eor
       1504;20191120;-999;-999;-999;    3;   0.0;   4;    0.600;   0;   6.7;   6.7;  995.87;    2.3;   92.08;   -999;   -999;-999;eor
       1504;20191121;-999;-999;-999;    3;   0.0;   4;    0.000;   0;   7.8;   7.4;  988.93;    3.8;   92.71;   -999;   -999;-999;eor
       1504;20191122;-999;-999;-999;    3;   0.0;   0;    0.000;   0;   7.4;   6.9;  987.09;    2.9;   90.88;   -999;   -999;-999;eor
       1504;20191123;-999;-999;-999;    3;   0.0;   0;    5.000;   0;   6.6;   7.1;  981.36;    4.2;   86.88;   -999;   -999;-999;eor
       1504;20191124;-999;-999;-999;    3;   0.0;   0;    1.300;   0;   7.1;   6.7;  986.07;    2.2;   94.13;   -999;   -999;-999;eor
       1504;20191125;-999;-999;-999;    3;   0.2;   4;    0.000;   0;   8.0;   7.4;  989.07;    3.1;   95.38;   -999;   -999;-999;eor
       1504;20191126;-999;-999;-999;    3;   0.0;   0;    0.000;   0;   7.9;   9.5;  984.86;    7.4;   92.04;   -999;   -999;-999;eor
       1504;20191127;-999;-999;-999;    3;   4.2;   4;    0.000;   0;   7.7;   9.9;  973.47;    8.5;   87.96;   -999;   -999;-999;eor
       1504;20191128;-999;-999;-999;    3;   5.3;   4;    0.100;   0;   7.2;   9.4;  971.95;    9.2;   81.35;   -999;   -999;-999;eor
       1504;20191129;-999;-999;-999;    3;   0.4;   4;    2.800;   0;   6.4;   6.9;  986.87;    5.7;   75.67;   -999;   -999;-999;eor
       1504;20191130;-999;-999;-999;    3;   0.0;   0;    2.300;   0;   3.8;   6.0; 1000.96;    2.1;   85.75;   -999;   -999;-999;eor
       1504;20191201;-999;-999;-999;    3;   0.0;   0;    0.000;   0;   7.5;   5.2;  999.35;   -1.4;   94.46;   -999;   -999;-999;eor
       1504;20191202;-999;-999;-999;    3;   0.4;   4;    1.400;   0;   6.8;   6.1; 1002.49;    1.7;   87.42;   -999;   -999;-999;eor
       1504;20191203;-999;-999;-999;    3;   0.0;   0;    0.000;   0;   7.7;   7.3; 1005.92;    3.6;   91.83;   -999;   -999;-999;eor
       1504;20191204;-999;-999;-999;    3;   0.0;   0;    2.200;   0;   4.5;   5.9; 1002.00;    0.3;   94.33;   -999;   -999;-999;eor
       1504;20191205;-999;-999;-999;    3;   0.0;   0;    5.800;   0;   5.7;   5.2;  999.21;   -1.1;   93.04;   -999;   -999;-999;eor
       1504;20191206;-999;-999;-999;    3;   0.4;   4;    0.000;   0;   8.0;   5.9;  991.74;    1.1;   86.96;   -999;   -999;-999;eor
       1504;20191207;-999;-999;-999;    3;   0.4;   4;    0.800;   0;   7.2;   8.5;  990.24;    7.0;   84.17;   -999;   -999;-999;eor
       1504;20191208;-999;-999;-999;    3;   0.5;   4;    0.000;   0;   6.8;   8.7;  983.29;    8.1;   79.79;   -999;   -999;-999;eor
       1504;20191209;-999;-999;-999;    3;   2.0;   4;    0.600;   0;   6.3;   7.6;  981.22;    6.1;   81.33;   -999;   -999;-999;eor
       1504;20191210;-999;-999;-999;    3;   0.0;   4;    5.100;   0;   3.0;   5.9; 1000.88;    2.5;   80.46;   -999;   -999;-999;eor
       1504;20191211;-999;-999;-999;    3;   3.9;   4;    0.000;   0;   8.0;   5.9;  988.82;    2.1;   83.29;   -999;   -999;-999;eor
       1504;20191212;-999;-999;-999;    3;   0.0;   4;    0.000;   0;   6.8;   6.5;  979.50;    2.2;   90.71;   -999;   -999;-999;eor
       1504;20191213;-999;-999;-999;    3;   2.2;   4;    0.000;   0;   6.8;   6.0;  960.88;    1.5;   87.13;   -999;   -999;-999;eor
       1504;20191214;-999;-999;-999;    3;   6.0;   4;    1.600;   0;   6.6;   6.9;  970.21;    4.7;   81.25;   -999;   -999;-999;eor
       1504;20191215;-999;-999;-999;    3;   3.2;   4;    2.600;   0;   6.8;   7.5;  980.90;    6.2;   79.33;   -999;   -999;-999;eor
       1504;20191216;-999;-999;-999;    3;   0.3;   4;    0.000;   0;   7.1;   8.9;  986.09;    6.2;   92.96;   -999;   -999;-999;eor
       1504;20191217;-999;-999;-999;    3;   0.1;   4;    3.600;   0;   6.8;   8.7;  983.78;    9.2;   73.75;   -999;   -999;-999;eor
       1504;20191218;-999;-999;-999;    3;   0.0;   0;    3.700;   0;   4.8;   8.4;  994.43;    7.1;   84.29;   -999;   -999;-999;eor
       1504;20191219;-999;-999;-999;    3;   0.0;   0;    0.300;   0;  -999;   6.4;  991.79;    1.0;   97.21;   -999;   -999;-999;eor
       1504;20191220;-999;-999;-999;    3;   0.7;   4;    0.700;   0;   6.7;   7.4;  973.29;    3.3;   92.88;   -999;   -999;-999;eor
       1504;20191221;-999;-999;-999;    3;   0.1;   4;    2.700;   0;   5.6;   8.2;  971.33;    6.3;   85.88;   -999;   -999;-999;eor
       1504;20191222;-999;-999;-999;    3;   1.0;   4;    0.000;   0;   7.5;   8.4;  966.15;    6.0;   88.50;   -999;   -999;-999;eor
       1504;20191223;-999;-999;-999;    3;   0.8;   4;    2.600;   0;   6.3;   7.8;  983.91;    6.2;   83.75;   -999;   -999;-999;eor
       1504;20191224;-999;-999;-999;    3;   8.0;   4;    0.000;   0;   7.3;   8.1;  989.30;    5.6;   88.54;   -999;   -999;-999;eor
       1504;20191225;-999;-999;-999;    3;   4.7;   4;    0.800;-999;  -999;   8.1;  995.70;    5.5;   90.08;   -999;   -999;-999;eor
       1504;20191226;-999;-999;-999;    3;   0.0;   4;    0.100;-999;  -999;   6.9; 1002.68;    2.6;   92.96;   -999;   -999;-999;eor
       1504;20191227;-999;-999;-999;    3;   0.0;   0;    5.700;   0;   4.9;   6.2; 1006.88;    2.7;   83.71;   -999;   -999;-999;eor
       1504;20191228;-999;-999;-999;    3;   0.0;   0;    3.900;   0;   7.2;   5.0; 1018.52;   -0.8;   88.17;   -999;   -999;-999;eor
       1504;20191229;-999;-999;-999;    3;   0.0;   0;    4.200;   0;   6.8;   4.6; 1016.92;   -1.6;   83.88;   -999;   -999;-999;eor
       1504;20191230;-999;-999;-999;    3;   0.0;   0;    5.500;   0;   4.8;   4.5; 1010.46;    1.1;   68.50;   -999;   -999;-999;eor
       1504;20191231;-999;-999;-999;    3;   0.0;   0;    0.100;   0;  -999;   5.3; 1010.90;    0.0;   85.54;   -999;   -999;-999;eor
       1504;20200101;-999;-999;-999;    3;   0.0;   0;    1.500;-999;  -999;   4.6; 1011.93;   -3.2;   95.25;   -999;   -999;-999;eor
       1504;20200102;-999;-999;-999;    3;   0.0;   4;    0.000;   0;   5.0;   4.9; 1006.04;   -2.4;   93.42;   -999;   -999;-999;eor
       1504;20200103;-999;-999;-999;    3;   2.2;   4;    0.000;   0;   7.7;   7.6;  998.52;    4.3;   91.08;   -999;   -999;-999;eor
       1504;20200104;-999;-999;-999;    3;   1.3;   4;    0.000;   0;   6.3;   6.8; 1005.48;    3.8;   85.29;   -999;   -999;-999;eor
       1504;20200105;-999;-999;-999;    3;   0.3;   4;    0.000;   0;   7.2;   6.6; 1012.31;    1.6;   95.50;   -999;   -999;-999;eor
       1504;20200106;-999;-999;-999;    3;   0.0;   4;    0.400;   0;   6.8;   6.4; 1005.74;    3.0;   85.21;   -999;   -999;-999;eor
       1504;20200107;-999;-999;-999;    3;   0.3;   4;    0.100;   0;   7.2;   6.9; 1004.68;    3.2;   89.29;   -999;   -999;-999;eor
       1504;20200108;-999;-999;-999;    3;   9.2;   4;    0.000;   0;   8.0;   8.0; 1003.60;    5.2;   90.67;   -999;   -999;-999;eor
       1504;20200109;-999;-999;-999;    3;   3.3;   4;    0.000;   0;   8.0;  10.6;  995.08;    8.9;   92.08;   -999;   -999;-999;eor
       1504;20200110;-999;-999;-999;    3;   1.9;   4;    1.100;   0;   6.8;   8.9;  996.50;    7.7;   84.92;   -999;   -999;-999;eor
       1504;20200111;-999;-999;-999;    3;   0.0;   0;    3.100;   0;   6.2;   6.2; 1009.26;    3.2;   80.83;   -999;   -999;-999;eor
       1504;20200112;-999;-999;-999;    3;   0.0;   4;    0.100;   0;   6.9;   6.4; 1002.30;    2.8;   84.50;   -999;   -999;-999;eor
       1504;20200113;-999;-999;-999;    3;   0.0;   4;    0.200;   0;   7.3;   7.7;  997.94;    5.2;   87.33;   -999;   -999;-999;eor
       1504;20200114;-999;-999;-999;    3;   0.0;   0;    0.000;   0;   7.0;   7.6;  989.36;    8.0;   70.67;   -999;   -999;-999;eor
       1504;20200115;-999;-999;-999;    3;   0.0;   0;    5.700;   0;   6.2;   8.1;  994.00;    9.6;   67.38;   -999;   -999;-999;eor
       1504;20200116;-999;-999;-999;    3;   0.0;   0;    2.500;   0;   3.1;   7.7; 1004.25;    4.3;   92.67;   -999;   -999;-999;eor
       1504;20200117;-999;-999;-999;    3;   0.0;   4;    4.300;   0;   3.9;   7.2;  997.16;    3.9;   88.38;   -999;   -999;-999;eor
       1504;20200118;-999;-999;-999;    3;   0.0;   4;    1.800;   0;   5.8;   6.3; 1002.49;    2.9;   83.96;   -999;   -999;-999;eor
       1504;20200119;-999;-999;-999;    3;   0.0;   4;    0.100;   0;   7.0;   6.3; 1014.08;    2.0;   88.96;   -999;   -999;-999;eor
       1504;20200120;-999;-999;-999;    3;   0.0;   0;    0.100;   0;   5.0;   5.9; 1023.98;    1.8;   84.67;   -999;   -999;-999;eor
       1504;20200121;-999;-999;-999;    3;   0.0;   0;    0.000;   0;   5.5;   4.3; 1019.75;   -4.0;   94.92;   -999;   -999;-999;eor
       1504;20200122;-999;-999;-999;    3;   0.0;   4;    0.000;   0;   7.9;   4.9; 1014.02;   -2.8;   95.25;   -999;   -999;-999;eor
       1504;20200123;-999;-999;-999;    3;   0.0;   0;    0.000;   0;   5.6;   5.7; 1010.15;    0.4;   91.17;   -999;   -999;-999;eor
       1504;20200124;-999;-999;-999;    3;   0.0;   0;    0.000;   0;   7.6;   5.1; 1002.40;   -0.9;   89.33;   -999;   -999;-999;eor
       1504;20200125;-999;-999;-999;    3;   0.0;   0;    0.000;   0;   8.0;   5.3; 1000.35;   -0.8;   91.25;   -999;   -999;-999;eor
       1504;20200126;-999;-999;-999;    3;   0.0;   0;    0.000;   0;   8.0;   6.2;  996.97;    0.8;   95.21;   -999;   -999;-999;eor
       1504;20200127;-999;-999;-999;    3;   5.9;   4;    0.000;   0;   8.0;   8.0;  987.61;    5.2;   89.71;   -999;   -999;-999;eor
       1504;20200128;-999;-999;-999;    3;   0.6;   4;    1.100;   0;   5.9;   6.7;  974.99;    4.6;   79.50;   -999;   -999;-999;eor
       1504;20200129;-999;-999;-999;    3;   0.0;   4;    0.800;   0;   6.9;   6.1;  985.07;    3.1;   80.21;   -999;   -999;-999;eor
       1504;20200130;-999;-999;-999;    3;   0.0;   4;    0.100;   0;   7.0;   7.5;  987.93;    5.8;   79.71;   -999;   -999;-999;eor
       1504;20200131;-999;-999;-999;    3;   0.0;   0;    2.000;   0;   7.3;  10.0;  986.60;   11.3;   74.92;   -999;   -999;-999;eor
       1504;20200201;-999;-999;-999;    3;   3.8;   4;    0.000;   0;   6.3;  10.3;  984.13;   10.4;   81.63;   -999;   -999;-999;eor
       1504;20200202;-999;-999;-999;    3;   2.0;   4;    0.000;   0;   7.4;   8.4;  987.07;    8.6;   74.96;   -999;   -999;-999;eor
       1504;20200203;-999;-999;-999;    3;   6.8;   4;    1.000;   0;   7.3;   8.4;  988.78;    9.4;   72.54;   -999;   -999;-999;eor
       1504;20200204;-999;-999;-999;    3;   2.0;   4;    1.500;   0;   6.9;   6.7;  990.52;    3.8;   83.83;   -999;   -999;-999;eor
       1504;20200205;-999;-999;-999;    3;   0.0;   0;    7.700;   0;   2.5;   5.4; 1010.22;    2.7;   73.58;   -999;   -999;-999;eor
       1504;20200206;-999;-999;-999;    3;   0.0;   0;    0.000;   0;   7.2;   5.8; 1009.98;    1.4;   85.63;   -999;   -999;-999;eor
       1504;20200207;-999;-999;-999;    3;   0.0;   0;    4.900;   0;   3.9;   5.8; 1006.68;    2.4;   80.58;   -999;   -999;-999;eor
       1504;20200208;-999;-999;-999;    3;   0.0;   4;    2.700;   0;   5.5;   5.6; 1001.43;    1.9;   79.25;   -999;   -999;-999;eor
       1504;20200209;-999;-999;-999;    3;   9.5;   4;    0.500;   0;   6.8;   7.8;  987.79;    8.1;   71.17;   -999;   -999;-999;eor
       1504;20200210;-999;-999;-999;    3;   9.3;   4;    1.700;   0;   6.9;   7.5;  974.29;    7.1;   74.54;   -999;   -999;-999;eor
       1504;20200211;-999;-999;-999;    3;   0.3;   4;    4.500;   0;   5.2;   5.3;  981.70;    4.1;   65.96;   -999;   -999;-999;eor
       1504;20200212;-999;-999;-999;    3;   0.0;   4;    7.500;   0;   3.4;   5.3;  991.26;    3.5;   68.29;   -999;   -999;-999;eor
       1504;20200213;-999;-999;-999;    3;   0.9;   4;    0.000;   0;   6.8;   6.4;  986.58;    2.6;   86.54;   -999;   -999;-999;eor
       1504;20200214;-999;-999;-999;    3;   0.0;   4;    0.200;   0;   7.0;   7.0;  996.15;    4.4;   83.83;   -999;   -999;-999;eor
       1504;20200215;-999;-999;-999;    3;   0.0;   0;    2.400;   0;   6.5;   7.6;  998.70;    6.5;   77.67;   -999;   -999;-999;eor
       1504;20200216;-999;-999;-999;    3;   0.1;   4;    1.000;   0;   7.2;   8.6;  986.83;   12.0;   61.92;   -999;   -999;-999;eor
       1504;20200217;-999;-999;-999;    3;   2.6;   4;    1.300;   0;   6.7;   7.9;  992.49;    7.5;   76.91;   -999;   -999;-999;eor
       1504;20200218;-999;-999;-999;    3;   1.5;   4;    4.700;   0;   5.3;   7.1;  999.00;    5.9;   76.71;   -999;   -999;-999;eor
       1504;20200219;-999;-999;-999;    3;   0.7;   4;    3.100;   0;   5.8;   6.2;  995.97;    4.5;   74.21;   -999;   -999;-999;eor
       1504;20200220;-999;-999;-999;    3;   1.5;   4;    0.400;   0;   7.2;   7.3;  994.80;    5.6;   79.33;   -999;   -999;-999;eor
       1504;20200221;-999;-999;-999;    3;   0.0;   0;    2.300;   0;   6.1;   5.9; 1002.07;    5.6;   64.92;   -999;   -999;-999;eor
       1504;20200222;-999;-999;-999;    3;   1.6;   4;    0.900;   0;   6.7;   7.1;  999.24;    6.9;   70.50;   -999;   -999;-999;eor
       1504;20200223;-999;-999;-999;    3;   5.3;   4;    0.000;   0;   7.0;   9.2;  992.72;    9.2;   78.13;   -999;   -999;-999;eor
       1504;20200224;-999;-999;-999;    3;   0.4;   4;    0.000;   0;   6.2;   7.3;  993.90;    4.9;   82.33;   -999;   -999;-999;eor
       1504;20200225;-999;-999;-999;    3;   1.4;   4;    4.000;   0;   6.3;   7.3;  978.22;    7.8;   69.21;   -999;   -999;-999;eor
       1504;20200226;-999;-999;-999;    3;   0.3;   4;    0.400;   0;   6.9;   6.0;  976.28;    3.1;   79.33;   -999;   -999;-999;eor
       1504;20200227;-999;-999;-999;    3;   1.4;   4;    0.000;   0;   7.5;   6.0;  980.32;    2.3;   84.08;   -999;   -999;-999;eor
       1504;20200228;-999;-999;-999;    3;   2.0;   4;    3.400;   0;   6.3;   5.8;  991.92;    2.8;   78.58;   -999;   -999;-999;eor
       1504;20200229;-999;-999;-999;    3;   1.2;   4;    3.000;   0;   7.1;   7.8;  976.24;    7.3;   75.71;   -999;   -999;-999;eor
       1504;20200301;-999;-999;-999;    3;   4.1;   4;    3.200;   0;   6.3;   6.8;  974.23;    6.3;   71.38;   -999;   -999;-999;eor
       1504;20200302;-999;-999;-999;    3;   2.9;   4;    4.800;   0;   7.1;   7.2;  971.23;    6.3;   75.88;   -999;   -999;-999;eor
       1504;20200303;-999;-999;-999;    3;   0.0;   4;    4.100;   0;   5.5;   6.2;  980.24;    4.6;   75.25;   -999;   -999;-999;eor
       1504;20200304;-999;-999;-999;    3;   0.0;   4;    2.500;   0;   5.3;   6.0;  988.84;    3.0;   79.83;   -999;   -999;-999;eor
       1504;20200305;-999;-999;-999;    3;   8.6;   4;    0.000;   0;   7.7;   6.9;  977.05;    4.1;   84.25;   -999;   -999;-999;eor
       1504;20200306;-999;-999;-999;    3;   4.5;   4;    0.000;   0;   8.0;   7.6;  972.22;    4.9;   86.42;   -999;   -999;-999;eor
       1504;20200307;-999;-999;-999;    3;   0.0;   0;    0.700;   0;   6.7;   6.1;  994.25;    4.5;   72.42;   -999;   -999;-999;eor
       1504;20200308;-999;-999;-999;    3;   0.2;   4;    1.500;   0;   7.3;   7.2;  993.27;    7.0;   71.00;   -999;   -999;-999;eor
       1504;20200309;-999;-999;-999;    3;   2.2;   4;    4.700;   0;   5.4;   7.5;  990.85;    7.0;   75.17;   -999;   -999;-999;eor
       1504;20200310;-999;-999;-999;    3;   7.4;   4;    0.000;   0;   7.9;   9.2;  986.03;    7.4;   86.42;   -999;   -999;-999;eor
       1504;20200311;-999;-999;-999;    3;   3.4;   4;    0.200;   0;   7.5;  11.2;  989.27;   10.6;   87.08;   -999;   -999;-999;eor
       1504;20200312;-999;-999;-999;    3;   1.5;   4;    6.200;   0;   5.0;   7.5;  988.40;   10.2;   59.42;   -999;   -999;-999;eor
       1504;20200313;-999;-999;-999;    3;   0.7;   4;    4.300;   0;   6.1;   6.4;  994.57;    6.0;   69.00;   -999;   -999;-999;eor
       1504;20200314;-999;-999;-999;    3;   0.0;   0;    4.500;   0;   5.7;   6.6; 1000.28;    4.9;   78.42;   -999;   -999;-999;eor
       1504;20200315;-999;-999;-999;    3;   0.0;   0;   10.300;   0;   6.6;   6.4;  995.79;    7.7;   64.46;   -999;   -999;-999;eor
       1504;20200316;-999;-999;-999;    3;   0.0;   0;   10.100;   0;   5.8;   7.6;  997.90;    8.2;   70.79;   -999;   -999;-999;eor
       1504;20200317;-999;-999;-999;    3;   0.0;   4;    6.900;   0;   6.1;   8.3; 1006.44;    9.5;   72.17;   -999;   -999;-999;eor
       1504;20200318;-999;-999;-999;    3;   0.0;   0;    9.200;   0;   5.3;   7.9; 1005.51;    8.0;   74.21;   -999;   -999;-999;eor
       1504;20200319;-999;-999;-999;    3;   0.0;   0;    7.600;   0;   5.3;   8.7; 1003.26;   10.1;   72.13;   -999;   -999;-999;eor
       1504;20200320;-999;-999;-999;    3;   0.0;   0;    0.000;   0;  -999;   8.7; 1002.64;    8.0;   81.21;   -999;   -999;-999;eor
       1504;20200321;-999;-999;-999;    3;   0.0;   0;    2.800;-999;  -999;   5.0; 1005.77;    4.9;   58.33;   -999;   -999;-999;eor
       1504;20200322;-999;-999;-999;    3;   0.0;   0;   11.100;-999;  -999;   3.4; 1010.90;    2.3;   48.17;   -999;   -999;-999;eor
       1504;20200323;-999;-999;-999;    3;   0.0;   0;   11.200;   0;   0.0;   2.8; 1013.51;    1.4;   44.29;   -999;   -999;-999;eor
       1504;20200324;-999;-999;-999;    3;   0.0;   0;   11.300;   0;   0.7;   3.0; 1011.28;    1.7;   47.96;   -999;   -999;-999;eor
       1504;20200325;-999;-999;-999;    3;   0.0;   0;   11.400;   0;   0.7;   2.9; 1006.05;    2.4;   44.46;   -999;   -999;-999;eor
       1504;20200326;-999;-999;-999;    3;   0.0;   0;   10.900;   0;   2.7;   3.9; 1001.01;    4.6;   45.04;   -999;   -999;-999;eor
       1504;20200327;-999;-999;-999;    3;   0.0;   0;   10.900;   0;  -999;   5.3;  997.80;    8.6;   49.67;   -999;   -999;-999;eor
       1504;20200328;-999;-999;-999;    3;   0.0;   0;   11.200;-999;  -999;   5.6;  998.66;    8.5;   53.50;   -999;   -999;-999;eor
       1504;20200329;-999;-999;-999;    1;   0.0;   0;    0.800;-999;  -999;   4.9; 1003.48;    3.3;   63.54;   -999;   -999;-999;eor
       1504;20200330;-999;-999;-999;    1;   0.0;   4;    6.600;   0;  -999;   4.1; 1006.38;    1.5;   58.50;   -999;   -999;-999;eor
       1504;20200331;-999;-999;-999;    1;   0.0;   0;    7.400;   0;  -999;   4.4; 1006.50;    2.7;   61.79;   -999;   -999;-999;eor
       1504;20200401;-999;-999;-999;    1;   0.0;   0;   11.800;   0;  -999;   3.8;  999.33;    2.3;   57.00;   -999;   -999;-999;eor
       1504;20200402;-999;-999;-999;    1;   0.1;   4;   10.100;   0;  -999;   4.7;  991.34;    4.3;   60.42;   -999;   -999;-999;eor
       1504;20200403;-999;-999;-999;    1;   2.0;   4;    0.100;-999;  -999;   7.2;  993.60;    6.2;   76.33;   -999;   -999;-999;eor
       1504;20200404;-999;-999;-999;    1;   0.0;   0;   11.900;-999;  -999;   5.9; 1002.86;    5.5;   68.71;   -999;   -999;-999;eor
       1504;20200405;-999;-999;-999;    1;   0.0;   0;   12.000;-999;  -999;   5.9; 1002.60;    8.4;   59.33;   -999;   -999;-999;eor
       1504;20200406;-999;-999;-999;    1;   0.0;   0;   12.000;   0;  -999;   6.6; 1000.60;   10.2;   56.54;   -999;   -999;-999;eor
       1504;20200407;-999;-999;-999;    1;   0.0;   0;    8.800;   0;  -999;   9.2; 1008.24;   12.4;   63.33;   -999;   -999;-999;eor
       1504;20200408;-999;-999;-999;    1;   0.0;   0;   11.600;   0;  -999;   8.3; 1004.00;   13.3;   60.25;   -999;   -999;-999;eor
       1504;20200409;-999;-999;-999;    1;   0.0;   0;   11.200;   0;  -999;   8.2; 1002.53;   11.6;   61.29;   -999;   -999;-999;eor
       1504;20200410;-999;-999;-999;    1;   0.0;   0;   11.500;-999;  -999;   7.0; 1004.12;   11.3;   55.29;   -999;   -999;-999;eor
       1504;20200411;-999;-999;-999;    1;   0.0;   0;   11.500;-999;  -999;   5.7; 1003.00;    9.7;   51.79;   -999;   -999;-999;eor
       1504;20200412;-999;-999;-999;    1;   0.1;   4;    6.200;-999;  -999;   7.6;  994.35;   12.3;   57.21;   -999;   -999;-999;eor
       1504;20200413;-999;-999;-999;    1;   0.0;   4;    5.100;-999;  -999;   5.9;  996.25;    7.6;   56.13;   -999;   -999;-999;eor
       1504;20200414;-999;-999;-999;    1;   0.1;   4;    3.700;   0;  -999;   4.7; 1002.89;    4.9;   55.83;   -999;   -999;-999;eor
       1504;20200415;-999;-999;-999;    1;   0.0;   0;   10.500;   0;  -999;   5.8; 1002.20;    6.8;   62.38;   -999;   -999;-999;eor
       1504;20200416;-999;-999;-999;    1;   0.0;   0;   11.600;   0;  -999;   7.0;  995.57;   11.7;   55.08;   -999;   -999;-999;eor
       1504;20200417;-999;-999;-999;    1;   0.0;   0;   12.500;-999;  -999;   8.2;  994.90;   13.5;   55.83;   -999;   -999;-999;eor
       1504;20200418;-999;-999;-999;    1;   1.9;   4;    6.500;-999;  -999;  10.5;  993.90;   13.1;   70.42;   -999;   -999;-999;eor
       1504;20200419;-999;-999;-999;    1;   0.2;   4;    7.700;-999;  -999;   8.0;  997.12;   11.7;   60.00;   -999;   -999;-999;eor
       1504;20200420;-999;-999;-999;    1;   0.0;   0;   13.000;   0;   0.0;   4.8;  999.20;   11.0;   37.38;   -999;   -999;-999;eor
       1504;20200421;-999;-999;-999;    1;   0.0;   0;   13.000;-999;  -999;   5.4;  998.44;   12.5;   38.33;   -999;   -999;-999;eor
       1504;20200422;-999;-999;-999;    1;   0.0;   0;   13.100;-999;  -999;   5.6;  999.85;   13.6;   37.83;   -999;   -999;-999;eor
       1504;20200423;-999;-999;-999;    1;   0.0;   0;   13.000;-999;  -999;   6.9;  998.56;   11.9;   54.17;   -999;   -999;-999;eor
       1504;20200424;-999;-999;-999;    1;   0.0;   0;   11.100;-999;  -999;   7.3;  990.18;   12.5;   55.00;   -999;   -999;-999;eor
       1504;20200425;-999;-999;-999;    1;   0.0;   0;    8.000;-999;  -999;   6.8;  991.01;    9.5;   58.79;   -999;   -999;-999;eor
       1504;20200426;-999;-999;-999;    1;   0.0;   0;   13.100;-999;  -999;   7.0;  989.59;   10.2;   60.54;   -999;   -999;-999;eor
       1504;20200427;-999;-999;-999;    1;   0.0;   0;   12.400;-999;  -999;   7.3;  986.68;   12.3;   56.42;   -999;   -999;-999;eor
       1504;20200428;-999;-999;-999;    1;   1.9;   4;-999;-999;  -999;  10.3;  983.75;   10.5;   78.00;   -999;   -999;-999;eor
       1504;20200429;-999;-999;-999;    1;   1.6;   4;-999;-999;  -999;  10.4;  984.35;   12.8;   72.17;-999;-999;-999;eor
       1504;20200430;-999;-999;-999;    1;   8.7;   4;    3.900;-999;  -999;  10.3;  981.58;   12.0;   75.38;   -999;   -999;-999;eor
       1504;20200501;-999;-999;-999;    1;   2.7;   4;    4.900;-999;  -999;   9.0;  980.93;    9.7;   76.42;   -999;   -999;-999;eor
       1504;20200502;-999;-999;-999;-999;-999;-999;-999;-999;  -999;  -999;    -999;   -999;-999;-999;-999;-999;eor
       1504;20200503;-999;-999;-999;    1;   3.5;   4;    4.500;-999;  -999;  -999;    -999;   -999;-999;   -999;   -999;-999;eor
       1504;20200504;-999;-999;-999;    1;   2.1;   4;    2.100;   0;  -999;  -999;    -999;   -999;-999;   -999;   -999;-999;eor
       1504;20200505;-999;-999;-999;    1;   0.0;   0;-999;   0;  -999;  -999;    -999;   -999;-999;-999;-999;-999;eor
       1504;20200506;-999;-999;-999;    1;   0.0;   0;   13.900;   0;  -999;   6.2; 1002.86;    9.0;   57.71;   -999;   -999;-999;eor
       1504;20200507;-999;-999;-999;    1;   0.0;   0;   13.500;   0;  -999;   6.4; 1001.68;   11.6;   53.04;   -999;   -999;-999;eor
       1504;20200508;-999;-999;-999;    1;   0.0;   0;    8.600;-999;  -999;   7.7;  996.61;   13.9;   52.25;   -999;   -999;-999;eor
       1504;20200509;-999;-999;-999;    1;   0.0;   0;    8.200;-999;  -999;   9.3;  991.83;   15.1;   58.04;   -999;   -999;-999;eor
       1504;20200510;-999;-999;-999;    1;   0.1;   4;    0.800;-999;  -999;  12.3;  985.05;   13.8;   77.04;   -999;   -999;-999;eor
       1504;20200511;-999;-999;-999;    1;   2.5;   4;    1.100;   0;   6.8;   6.4;  988.50;    6.2;   68.83;   -999;   -999;-999;eor
       1504;20200512;-999;-999;-999;    1;   0.0;   0;    4.400;   0;   4.4;   5.5;  995.99;    6.0;   62.00;   -999;   -999;-999;eor
       1504;20200513;-999;-999;-999;    1;   0.0;   0;    6.300;   0;   5.6;   6.2;  991.36;    7.5;   61.75;   -999;   -999;-999;eor
       1504;20200514;-999;-999;-999;    1;   0.0;   0;    5.600;   0;   4.3;   6.4;  996.10;    8.1;   61.71;   -999;   -999;-999;eor
       1504;20200515;-999;-999;-999;    1;   0.0;   0;   12.000;   0;   1.1;   5.9;  998.52;    8.4;   56.04;   -999;   -999;-999;eor
       1504;20200516;-999;-999;-999;    1;   0.0;   0;   10.400;   0;   3.4;   6.8; 1000.42;   10.2;   58.17;   -999;   -999;-999;eor
       1504;20200517;-999;-999;-999;    1;   0.0;   0;   13.600;   0;   2.6;   7.4; 1001.38;   11.9;   57.58;   -999;   -999;-999;eor
       1504;20200518;-999;-999;-999;    1;   0.0;   0;   13.100;   0;   4.8;   9.1; 1000.91;   14.5;   59.63;   -999;   -999;-999;eor
       1504;20200519;-999;-999;-999;    1;   0.0;   0;    5.500;   0;   5.0;  10.3;  999.72;   16.0;   59.25;   -999;   -999;-999;eor
       1504;20200520;-999;-999;-999;    1;   0.0;   0;    3.700;   0;   6.8;  12.3; 1000.69;   15.7;   69.88;   -999;   -999;-999;eor
       1504;20200521;-999;-999;-999;    1;   0.0;   0;   14.400;   0;   3.8;  10.8; 1000.75;   15.8;   64.42;   -999;   -999;-999;eor
       1504;20200522;-999;-999;-999;    1;   3.4;   4;    2.100;   0;   7.5;  14.6;  997.99;   16.8;   74.96;   -999;   -999;-999;eor
       1504;20200523;-999;-999;-999;    1;   1.6;   4;    1.500;   0;   6.7;  11.0; 1001.20;   13.4;   72.67;   -999;   -999;-999;eor
       1504;20200524;-999;-999;-999;    1;   0.7;   4;    2.700;   0;   5.9;  10.1; 1006.11;   12.0;   72.75;   -999;   -999;-999;eor
       1504;20200525;-999;-999;-999;    1;   0.0;   0;    6.300;   0;   4.6;  10.3; 1009.49;   14.0;   66.67;   -999;   -999;-999;eor
       1504;20200526;-999;-999;-999;    1;   0.0;   0;    8.500;   0;   3.8;   9.3; 1013.15;   12.6;   67.25;   -999;   -999;-999;eor
       1504;20200527;-999;-999;-999;    1;   0.0;   0;    9.800;   0;   4.8;   9.5; 1010.95;   15.1;   58.92;   -999;   -999;-999;eor
       1504;20200528;-999;-999;-999;    1;   0.0;   0;   14.600;   0;   2.0;   8.0; 1009.39;   14.6;   51.29;   -999;   -999;-999;eor
       1504;20200529;-999;-999;-999;    1;   0.0;   0;   14.300;   0;   1.5;   7.5; 1005.99;   13.6;   52.38;   -999;   -999;-999;eor
       1504;20200530;-999;-999;-999;    1;   0.0;   0;    9.000;   0;   4.7;   7.6; 1002.44;   14.2;   50.13;   -999;   -999;-999;eor
       1504;20200531;-999;-999;-999;    1;   0.0;   0;   10.700;   0;   5.3;   8.6; 1001.15;   13.9;   55.88;   -999;   -999;-999;eor
       1504;20200601;-999;-999;-999;    1;   0.0;   0;   14.700;   0;   1.3;   9.6; 1000.60;   16.3;   56.75;   -999;   -999;-999;eor
       1504;20200602;-999;-999;-999;    1;   0.0;   0;   14.200;   0;   4.8;  10.2;  995.53;   18.0;   53.92;   -999;   -999;-999;eor
       1504;20200603;-999;-999;-999;    1;   1.0;   4;    4.200;   0;   6.8;  12.2;  983.69;   17.5;   63.83;   -999;   -999;-999;eor
       1504;20200604;-999;-999;-999;    1;   7.3;   4;    0.000;   0;   7.6;  13.4;  974.86;   12.9;   89.67;   -999;   -999;-999;eor
       1504;20200605;-999;-999;-999;    1;   5.9;   4;    2.600;   0;   7.3;  10.0;  975.41;   10.8;   77.96;   -999;   -999;-999;eor
       1504;20200606;-999;-999;-999;    1;   0.1;   4;    6.200;   0;   5.0;   9.7;  980.50;   11.4;   73.63;   -999;   -999;-999;eor
       1504;20200607;-999;-999;-999;    1;   0.0;   0;    6.300;   0;   6.0;   9.4;  986.46;   13.1;   64.96;   -999;   -999;-999;eor
       1504;20200608;-999;-999;-999;    1;   0.2;   4;    3.900;   0;   5.3;  10.3;  992.44;   12.7;   72.08;   -999;   -999;-999;eor
       1504;20200609;-999;-999;-999;    1;   8.4;   4;    5.500;   0;   6.5;  12.0;  995.01;   13.3;   79.42;   -999;   -999;-999;eor
