STATIONS_ID;MESS_DATUM;QN_3;  FX;  FM;QN_4; RSK;RSKF; SDK;SHK_TAG;  NM; VPM;  PM; TMK; UPM; TXK; TNK; TGK;eor
        867;20181208;   10;  15.0;   7.8;    3;   8.7;   6;    0.000;   0;   7.1;   7.7;  965.83;    5.2;   87.08;    6.7;    4.0;    3.2;eor
        867;20181209;   10;  17.0;   7.4;    3;   4.5;   6;    0.000;   0;   7.6;   7.9;  960.05;    5.7;   85.58;    7.4;    2.5;    1.1;eor
        867;20181210;   10;  13.8;   5.2;    3;   0.2;   8;    0.883;   0;   7.6;   6.0;  974.91;    2.7;   81.08;    4.7;    0.5;   -0.7;eor
        867;20181211;   10;  10.7;   4.5;    3;   1.7;   8;    0.150;   0;   7.8;   6.1;  977.94;    2.0;   86.75;    3.4;    1.1;    0.7;eor
        867;20181212;   10;   6.8;   2.7;    3;   0.0;   8;    0.817;   1;   6.9;   5.7;  980.93;    1.2;   84.96;    2.4;   -0.6;   -2.2;eor
        867;20181213;   10;  12.9;   5.5;    3;   0.0;   0;    2.367;   1;   5.2;   4.2;  978.56;   -1.0;   73.79;    0.1;   -2.4;   -4.9;eor
        867;20181214;   10;   9.3;   4.5;    3;   0.0;   0;    0.000;   0;   7.9;   3.8;  980.18;   -1.5;   70.25;   -1.2;   -2.1;   -1.9;eor
        867;20181215;   10;   7.5;   2.8;    3;   0.0;   0;    0.000;   0;   8.0;   3.6;  983.00;   -1.6;   66.67;   -1.2;   -3.0;   -5.1;eor
        867;20181216;   10;   5.9;   2.5;    3;   0.4;   8;    0.000;   0;   7.2;   4.3;  973.75;   -2.7;   84.42;   -1.1;   -4.7;   -7.0;eor
        867;20181217;   10;   4.3;   1.6;    3;   0.2;   8;    0.000;   2;   7.8;   6.4;  979.96;    0.8;   98.38;    2.8;   -1.2;   -0.9;eor
        867;20181218;   10;   7.6;   2.4;    3;   0.2;   6;    0.500;   0;   7.8;   6.8;  983.52;    2.7;   91.96;    5.0;    0.4;   -0.9;eor
        867;20181219;   10;   6.8;   3.3;    3;   2.9;   6;    0.000;   0;   7.8;   5.8;  976.26;    0.6;   91.46;    1.2;   -0.3;   -1.0;eor
        867;20181220;   10;  12.0;   3.6;    3;   1.1;   6;    0.000;   0;   7.8;   7.3;  974.93;    3.2;   94.25;    5.3;    0.9;    0.9;eor
        867;20181221;   10;  14.9;   6.1;    3;  12.7;   6;    0.000;   0;   7.8;   8.9;  969.21;    6.6;   90.46;   10.4;    4.1;    3.7;eor
        867;20181222;   10;  15.8;   5.6;    3;   1.6;   6;    0.367;   0;   7.9;   8.8;  971.75;    8.0;   82.42;   10.0;    4.8;    1.8;eor
        867;20181223;   10;   8.3;   2.8;    3;  12.7;   6;    0.000;   0;   7.8;   8.5;  976.95;    5.7;   92.29;    7.4;    4.3;    1.6;eor
        867;20181224;   10;   8.0;   3.1;    3;   0.0;   8;    1.650;   0;   6.3;   6.4;  982.70;    2.5;   87.00;    5.5;   -0.9;   -3.4;eor
        867;20181225;   10;   5.4;   1.9;    3;   0.0;   8;    0.000;   0;   8.0;   5.5;  991.70;    0.5;   87.25;    1.8;   -0.5;   -1.2;eor
        867;20181226;   10;   5.1;   2.1;    3;   0.1;   6;    0.017;-999;   7.6;   5.5;  989.94;   -0.5;   92.96;    0.3;   -1.6;   -4.0;eor
        867;20181227;   10;   4.2;   1.4;    3;   0.0;   6;    1.000;-999;   7.8;   6.1;  986.24;    1.1;   92.08;    3.2;   -0.3;   -0.2;eor
        867;20181228;   10;   5.0;   1.6;    3;   0.0;   8;    0.000;-999;   8.0;   5.6;  986.48;   -0.9;   98.21;    0.8;   -1.9;   -2.2;eor
        867;20181229;   10;   6.5;   2.2;    3;   5.4;   8;    0.000;   0;   7.9;   5.8;  988.31;   -0.4;   97.58;    2.1;   -1.5;   -1.4;eor
        867;20181230;   10;  11.8;   3.7;    3;   0.0;   6;    0.033;   0;   7.9;   7.2;  986.63;    4.5;   85.79;    5.8;    2.0;    1.6;eor
        867;20181231;   10;   4.8;   2.0;    3;   0.4;   6;    0.000;   0;   7.7;   8.5;  989.87;    5.0;   96.67;    6.3;    3.9;    3.8;eor
        867;20190101;   10;  15.9;   5.4;    3;   3.5;   8;    0.000;   0;   7.7;   7.9;  983.54;    5.0;   89.88;    6.2;    0.1;    0.1;eor
        867;20190102;   10;  14.7;   5.3;    3;   1.4;   8;    2.450;   0;   6.6;   4.7;  986.26;    0.6;   73.54;    2.2;   -1.8;   -3.6;eor
        867;20190103;   10;   8.9;   3.4;    3;   0.0;   8;    6.733;   0;   4.1;   4.2;  992.50;   -2.2;   79.54;    0.8;   -5.3;   -7.5;eor
        867;20190104;   10;   7.0;   3.0;    3;   5.8;   8;    0.000;   1;   7.9;   5.4;  990.21;   -0.3;   89.46;    0.9;   -2.3;   -2.5;eor
        867;20190105;   10;   9.3;   3.9;    3;   5.3;   8;    0.000;   3;   7.8;   7.0;  982.40;    2.2;   98.00;    4.3;    0.0;    0.1;eor
        867;20190106;   10;   4.9;   2.0;    3;   1.4;   6;    0.000;   0;   7.8;   7.3;  985.99;    3.4;   94.04;    4.3;    2.3;    1.6;eor
        867;20190107;   10;   7.6;   3.4;    3;   6.3;   8;    0.000;   0;   7.8;   7.1;  987.04;    3.3;   92.13;    4.3;    1.1;    0.8;eor
        867;20190108;   10;  15.5;   6.5;    3;   6.9;   8;    0.000;   0;   7.7;   6.8;  969.65;    2.8;   91.38;    4.2;    0.5;    0.2;eor
        867;20190109;   10;  14.0;   4.8;    3;   0.8;   8;    0.000;   1;   7.4;   5.5;  969.05;   -0.1;   90.83;    1.4;   -0.6;   -1.2;eor
        867;20190110;   10;  12.0;   3.2;    3;   0.5;   8;    0.733;   2;   7.3;   4.5;  980.02;   -1.0;   79.21;    0.4;   -2.6;   -2.9;eor
        867;20190111;   10;   4.4;   2.0;    3;   2.2;   4;    0.000;   3;   7.8;   5.1;  980.38;   -1.7;   94.42;    0.1;   -3.0;   -2.8;eor
        867;20190112;   10;  11.1;   3.5;    3;   6.1;   8;    0.000;   3;   7.8;   6.5;  975.22;    1.4;   96.46;    2.8;   -0.1;    0.1;eor
        867;20190113;   10;  15.1;   5.3;    3;  10.2;   6;    0.000;   0;   7.8;   7.9;  962.87;    4.6;   93.21;    7.2;    2.3;    2.0;eor
        867;20190114;   10;  15.5;   6.1;    3;   0.0;   8;    0.633;   0;   6.0;   5.5;  966.67;    2.3;   76.38;    5.0;   -0.2;   -1.4;eor
        867;20190115;   10;  11.0;   5.3;    3;   0.0;   6;    0.000;   1;   7.8;   5.8;  975.94;    2.0;   81.29;    3.7;   -0.2;   -0.4;eor
        867;20190116;   10;  10.4;   4.5;    3;   0.0;   6;    0.000;   0;   7.9;   6.2;  970.70;    2.6;   83.75;    3.5;    0.1;   -2.1;eor
        867;20190117;   10;  16.3;   5.1;    3;   4.4;   8;    0.433;   0;   7.7;   6.7;  963.82;    2.7;   89.08;    5.4;   -0.4;   -0.9;eor
        867;20190118;   10;   8.7;   3.0;    3;   0.0;   7;    6.917;   2;   4.8;   4.4;  975.99;   -1.8;   81.79;    0.6;   -6.4;   -6.9;eor
        867;20190119;   10;   7.4;   2.4;    3;   0.0;   0;    7.583;   2;   5.5;   3.2;  976.07;   -4.1;   72.50;    1.0;   -8.6;  -10.5;eor
        867;20190120;   10;   8.0;   3.0;    3;   0.0;   0;    7.550;   2;   2.1;   3.3;  975.40;   -4.8;   76.42;   -1.4;   -8.9;   -9.5;eor
        867;20190121;   10;   5.8;   2.1;    3;   0.0;   0;    0.883;   2;   5.4;   3.4;  978.97;   -3.5;   72.42;   -1.0;   -9.6;  -10.7;eor
        867;20190122;   10;   6.4;   2.4;    3;   0.0;   0;    0.000;   2;   6.0;   3.0;  970.06;   -7.1;   83.08;   -4.6;  -11.1;  -12.0;eor
        867;20190123;   10;   7.7;   3.4;    3;   0.0;   7;    0.000;   2;   8.0;   3.2;  959.78;   -5.5;   78.58;   -4.8;   -6.2;   -6.9;eor
        867;20190124;   10;   7.4;   2.0;    3;   0.0;   7;    0.000;   3;   7.5;   3.6;  967.25;   -4.6;   82.71;   -3.2;   -5.6;   -5.3;eor
        867;20190125;   10;   6.4;   2.4;    3;   5.3;   8;    0.000;   3;   7.8;   3.7;  972.95;   -4.4;   84.88;   -2.4;   -5.4;   -5.5;eor
        867;20190126;   10;   9.0;   3.2;    3;   4.1;   8;    0.000;   8;   7.7;   6.1;  966.33;    0.3;   96.92;    2.6;   -2.4;   -2.3;eor
        867;20190127;   10;  10.0;   4.3;    3;   3.7;   8;    0.017;   3;   7.9;   6.9;  951.77;    2.7;   93.17;    4.0;    1.4;    1.0;eor
        867;20190128;   10;  11.2;   5.9;    3;   0.6;   8;    0.000;   2;   7.6;   6.0;  953.72;    0.8;   91.71;    2.1;   -0.1;   -0.2;eor
        867;20190129;   10;  11.4;   3.0;    3;   0.1;   7;    0.083;   2;   7.7;   5.2;  963.65;   -0.4;   87.08;    1.7;   -2.4;   -5.2;eor
        867;20190130;   10;  10.9;   4.8;    3;   0.1;   8;    0.583;   2;   7.8;   4.4;  955.84;   -1.1;   77.88;    2.1;   -4.0;   -4.8;eor
        867;20190131;   10;   7.4;   3.2;    3;   0.3;   8;    6.050;   2;   5.0;   4.3;  957.52;   -0.7;   74.96;    2.5;   -4.2;   -5.7;eor
        867;20190201;   10;   8.2;   3.9;    3;   3.2;   8;    0.000;   3;   7.9;   5.2;  952.13;    0.3;   82.54;    2.5;   -2.3;   -2.1;eor
        867;20190202;   10;   3.9;   1.3;    3;   0.0;   6;    0.000;   2;   8.0;   6.4;  956.20;    1.0;   97.21;    1.7;    0.3;    0.1;eor
        867;20190203;   10;  11.1;   3.4;    3;   0.0;   8;    0.000;   2;   7.9;   5.1;  972.58;    0.6;   80.29;    1.6;   -0.9;   -2.7;eor
        867;20190204;   10;   6.2;   2.2;    3;   0.0;   0;    4.167;   2;   5.5;   4.5;  986.69;   -1.1;   80.67;    3.7;   -5.0;   -6.3;eor
        867;20190205;   10;   4.7;   2.0;    3;   0.1;   7;    0.000;   2;   7.1;   4.6;  987.07;   -2.2;   88.25;   -1.1;   -4.2;   -5.5;eor
        867;20190206;   10;   5.1;   2.2;    3;   0.0;   0;    5.033;   2;   7.0;   4.7;  985.12;   -1.4;   84.96;    2.3;   -4.3;   -4.7;eor
        867;20190207;   10;   5.6;   2.9;    3;   0.7;   8;    0.000;   2;   8.0;   4.4;  975.53;   -3.2;   90.33;    0.2;   -5.5;   -5.2;eor
        867;20190208;   10;   7.3;   2.8;    3;   0.3;   6;    0.550;   2;   7.8;   6.4;  975.20;    3.0;   85.33;    6.1;   -0.1;    0.1;eor
        867;20190209;   10;  17.4;   5.8;    3;   0.3;   6;    0.833;   2;   7.8;   6.8;  969.35;    4.7;   79.21;    7.9;    2.0;   -0.7;eor
        867;20190210;   10;  18.6;   5.7;    3;   8.4;   6;    0.000;   2;   7.7;   7.4;  960.97;    5.3;   82.75;    8.6;    2.7;   -0.5;eor
        867;20190211;   10;  15.4;   6.1;    3;   0.3;   8;    0.033;   1;   6.8;   6.2;  972.40;    2.5;   84.75;    4.4;    0.9;   -0.8;eor
        867;20190212;   10;   9.8;   3.7;    3;   0.2;   8;    0.033;   1;   7.9;   5.6;  989.49;    1.7;   80.42;    3.1;    0.4;   -1.3;eor
        867;20190213;   10;   4.7;   1.5;    3;   0.0;   0;    1.350;   0;   7.8;   5.6;  994.47;    1.4;   83.08;    7.1;   -1.4;   -3.7;eor
        867;20190214;   10;   4.8;   1.9;    3;   0.0;   0;    5.567;   0;   4.8;   5.5;  995.02;    1.1;   83.00;    7.3;   -2.4;   -3.8;eor
        867;20190215;   10;   5.5;   1.8;    3;   0.0;   0;    9.083;   0;   1.0;   5.4;  992.66;    2.6;   75.88;   12.3;   -3.4;   -5.1;eor
        867;20190216;   10;   5.8;   2.6;    3;   0.0;   0;    9.150;   0;   0.2;   5.5;  987.60;    3.7;   71.33;   12.2;   -2.0;   -4.1;eor
        867;20190217;   10;   5.8;   3.0;    3;   0.0;   0;    8.783;   0;   7.8;   6.0;  984.17;    4.0;   74.67;   12.0;   -1.4;   -2.5;eor
        867;20190218;   10;   5.5;   2.7;    3;   0.0;   0;    9.267;   0;   1.1;   5.7;  979.73;    4.1;   71.21;   12.8;   -1.9;   -2.6;eor
        867;20190219;   10;   4.6;   1.5;    3;   0.2;   6;    1.017;   0;   5.2;   6.0;  978.38;    1.6;   87.00;    5.8;   -2.0;   -3.1;eor
        867;20190220;   10;   4.0;   1.6;    3;   0.0;   0;    0.000;   0;   7.3;   6.4;  982.81;    1.7;   92.67;    5.9;   -2.3;   -3.2;eor
        867;20190221;   10;   6.3;   1.8;    3;   0.0;   6;    0.983;   0;   7.2;   7.0;  985.76;    3.9;   86.75;    8.5;   -0.9;   -1.7;eor
        867;20190222;   10;   8.5;   3.8;    3;   0.0;   6;    0.400;   0;   7.7;   7.9;  992.47;    6.0;   83.08;    9.2;   -0.4;   -1.4;eor
        867;20190223;   10;   7.4;   3.5;    3;   0.0;   0;    7.433;   0;   5.9;   3.6;  998.58;    0.8;   58.33;    5.9;   -2.9;   -4.9;eor
        867;20190224;   10;   5.3;   1.9;    3;   0.0;   0;    8.333;   0;   2.6;   3.4;  997.17;    1.6;   52.04;    9.9;   -4.8;   -6.5;eor
        867;20190225;   10;   4.2;   1.4;    3;   0.0;   0;    9.417;   0;   4.3;   4.6;  996.24;    4.0;   60.17;   14.3;   -3.4;   -5.1;eor
        867;20190226;   10;   5.3;   1.6;    3;   0.0;   0;    8.617;   0;   5.7;   5.2;  992.29;    5.7;   61.71;   16.8;   -2.0;   -4.5;eor
        867;20190227;   10;   5.3;   1.6;    3;   0.0;   0;    9.833;   0;   0.7;   4.6;  985.85;    6.5;   50.54;   16.6;   -1.4;   -4.2;eor
        867;20190228;   10;  12.9;   3.4;    3;   2.2;   6;    8.833;   0;   3.2;   6.2;  974.95;    6.7;   63.63;   14.8;   -2.1;   -4.0;eor
        867;20190301;   10;  11.9;   3.2;    3;   3.7;   6;    0.217;   0;   8.0;   9.1;  972.29;    7.1;   89.63;    9.6;    5.0;    4.9;eor
        867;20190302;   10;   7.1;   2.2;    3;   0.0;   6;    0.000;   0;   7.8;   7.7;  975.08;    4.7;   89.33;    6.8;    3.1;    3.0;eor
        867;20190303;   10;  12.7;   5.9;    3;   0.0;   6;    0.000;   0;   7.9;   8.6;  970.43;    8.4;   78.04;    9.9;    6.7;    6.1;eor
        867;20190304;   10;  28.1;   6.8;    3;   3.4;   8;    0.517;   0;   7.6;   7.4;  959.29;    7.6;   71.58;   12.6;    1.8;    0.5;eor
        867;20190305;   10;  15.5;   5.6;    3;   0.5;   6;    0.333;   0;   7.7;   6.8;  967.03;    3.9;   84.29;    6.3;    2.1;   -0.3;eor
        867;20190306;   10;   9.6;   3.3;    3;   0.0;   6;    3.483;   0;   7.9;   7.8;  967.27;    7.0;   78.33;   12.6;    2.9;    2.8;eor
        867;20190307;   10;  16.2;   6.1;    3;   0.3;   6;    0.733;   0;   6.8;   7.9;  960.53;    8.2;   72.54;   11.4;    5.3;    4.7;eor
        867;20190308;   10;  16.2;   6.5;    3;   1.5;   6;    1.483;   0;   7.5;   7.1;  971.17;    5.8;   77.04;    8.1;    3.8;    1.1;eor
        867;20190309;   10;  21.8;   7.2;    3;   6.3;   6;    0.183;   0;   8.0;   7.8;  971.66;    6.6;   79.88;    9.8;    3.5;    1.9;eor
        867;20190310;   10;  28.4;   7.3;    3;  13.2;   8;    1.183;   0;   7.3;   8.0;  966.92;    6.7;   81.38;   11.6;    2.0;    1.4;eor
        867;20190311;   10;  15.2;   6.9;    3;   1.1;   8;    0.233;   0;   7.4;   5.8;  974.65;    2.0;   82.54;    3.9;    0.3;   -0.2;eor
        867;20190312;   10;  14.5;   4.9;    3;   0.6;   6;    4.333;   0;   7.5;   5.5;  976.55;    4.6;   66.21;    8.3;    0.9;   -0.2;eor
        867;20190313;   10;  18.9;   8.4;    3;   0.8;   6;    1.283;   0;   7.6;   6.2;  966.61;    5.0;   71.67;    7.4;    3.3;    2.2;eor
        867;20190314;   10;  15.9;   7.0;    3;   4.2;   8;    0.000;   0;   7.7;   7.1;  963.63;    4.0;   87.58;    5.7;    3.0;    2.4;eor
        867;20190315;   10;  17.0;   6.4;    3;  13.9;   6;    0.000;   0;   7.8;   8.9;  964.52;    6.7;   89.13;   10.2;    4.1;    2.5;eor
        867;20190316;   10;  14.8;   4.6;    3;   2.1;   6;    0.000;   0;   7.5;   8.7;  968.62;    7.1;   86.46;    9.3;    4.9;    0.9;eor
        867;20190317;   10;  17.5;   4.2;    3;   1.5;   8;    4.117;   0;   6.5;   7.5;  964.94;    6.0;   81.00;   11.9;    1.9;    0.5;eor
        867;20190318;   10;  11.5;   4.9;    3;   0.0;   6;    2.583;   0;   6.0;   6.1;  975.71;    2.8;   82.71;    7.0;   -0.6;   -2.1;eor
        867;20190319;   10;   9.8;   2.6;    3;   0.0;   0;    7.883;   0;   3.3;   5.0;  985.79;    1.9;   74.13;    8.2;   -3.1;   -4.8;eor
        867;20190320;   10;   5.1;   1.9;    3;   0.0;   0;   11.200;   0;   1.8;   4.9;  992.21;    3.6;   65.63;   10.9;   -3.1;   -4.8;eor
        867;20190321;   10;   5.4;   1.9;    3;   0.0;   0;   11.283;   0;   5.3;   6.3;  992.34;    6.7;   66.13;   15.9;   -2.3;   -3.9;eor
        867;20190322;   10;   8.0;   2.2;    3;   0.0;   0;   10.117;   0;   5.1;   8.0;  988.94;   10.2;   67.83;   19.0;    1.6;   -1.0;eor
        867;20190323;   10;  11.6;   2.8;    3;   0.0;   0;   10.950;   0;   3.6;   8.3;  985.73;   10.4;   68.25;   18.4;    2.6;    1.3;eor
        867;20190324;   10;   7.0;   2.7;    3;   0.0;   6;    0.000;   0;   6.8;   8.5;  982.70;    7.4;   82.50;   10.2;    2.2;   -1.2;eor
        867;20190325;   10;  18.3;   3.9;    3;   0.7;   8;    3.600;   0;   5.3;   6.1;  978.28;    2.4;   84.13;    7.6;   -2.2;   -4.7;eor
        867;20190326;   10;  10.3;   3.8;    3;   0.5;   6;    0.667;   0;   7.7;   6.3;  986.25;    3.8;   79.21;    7.8;    0.9;    0.7;eor
        867;20190327;   10;   6.4;   2.4;    3;   0.0;   6;    1.917;   0;   7.4;   6.9;  989.80;    5.6;   77.54;    9.3;    1.0;   -1.1;eor
        867;20190328;   10;   6.0;   1.7;    3;   0.0;   6;    0.283;   0;   7.9;   8.4;  991.90;    7.9;   78.88;   12.1;    4.0;    3.4;eor
        867;20190329;   10;   8.6;   2.7;    3;   0.0;   0;    8.150;   0;   3.6;   8.1;  989.42;    9.7;   69.17;   15.1;    3.4;    2.6;eor
        867;20190330;   10;   6.8;   2.6;    3;   0.0;   0;   11.567;   0;   4.6;   7.3;  982.52;    9.0;   67.08;   17.4;    0.7;   -0.1;eor
        867;20190331;   10;  10.7;   3.2;    3;   0.0;   6;    6.417;   0;   3.0;   7.7;  980.47;    8.3;   72.33;   16.5;    1.8;   -0.4;eor
        867;20190401;   10;   9.9;   5.6;    3;   0.0;   0;   11.617;   0;   0.0;   6.5;  979.61;    8.7;   58.50;   14.5;    3.9;    2.7;eor
        867;20190402;   10;  16.6;   3.7;    3;   1.3;   6;   10.367;   0;   4.6;   7.0;  970.18;   10.1;   56.79;   17.9;    1.1;   -0.9;eor
        867;20190403;   10;  11.4;   3.0;    3;   0.1;   6;    6.750;   0;   7.2;   9.4;  961.93;   10.6;   75.63;   16.6;    4.6;    4.1;eor
        867;20190404;   10;  10.2;   3.5;    3;   0.5;   6;    5.583;   0;   7.1;   8.7;  957.85;    8.5;   79.33;   16.3;    3.9;    2.6;eor
        867;20190405;   10;   6.7;   2.3;    3;   0.1;   6;    1.617;   0;   6.9;   9.3;  963.73;    7.3;   91.04;   12.2;    4.9;    2.7;eor
        867;20190406;   10;  11.2;   4.2;    3;   0.0;   0;    9.067;   0;   1.4;   9.2;  964.30;   11.9;   67.92;   18.4;    4.7;    1.8;eor
        867;20190407;   10;  12.0;   4.9;    3;   0.0;   0;    7.967;   0;   6.3;   8.0;  965.07;   11.7;   59.96;   17.5;    6.4;    4.4;eor
        867;20190408;   10;   8.8;   2.5;    3;   6.0;   6;    3.283;   0;   7.2;   9.3;  968.26;   11.3;   70.38;   16.7;    5.1;    2.2;eor
        867;20190409;   10;  12.5;   4.3;    3;   0.0;   0;    7.583;   0;   7.3;   9.1;  969.66;   10.2;   74.08;   15.2;    7.4;    6.8;eor
        867;20190410;   10;  11.7;   5.9;    3;   0.0;   0;    9.167;   0;   6.1;   5.6;  972.22;    7.2;   55.50;   11.4;    3.3;    2.1;eor
        867;20190411;   10;  13.3;   6.9;    3;   0.0;   0;   12.500;   0;   0.5;   4.3;  978.65;    3.9;   54.08;    8.5;    0.9;   -0.5;eor
        867;20190412;   10;  10.7;   5.5;    3;   0.0;   0;    2.383;   0;   7.5;   4.3;  980.84;    2.1;   60.50;    5.2;    0.1;   -1.0;eor
        867;20190413;   10;   9.8;   4.6;    3;   0.0;   0;    6.650;   0;   6.0;   4.6;  979.23;    3.1;   61.25;    7.8;   -0.2;   -0.5;eor
        867;20190414;   10;  11.1;   4.3;    3;   0.0;   6;    1.617;   0;   7.3;   5.8;  980.61;    3.1;   75.04;    6.5;   -0.3;   -2.8;eor
        867;20190415;   10;  11.3;   4.2;    3;   0.0;   0;   12.567;   0;   1.4;   6.2;  982.07;    8.5;   58.92;   14.8;    1.5;   -1.0;eor
        867;20190416;   10;   8.6;   3.8;    3;   0.0;   0;   12.200;   0;   2.1;   5.3;  978.32;   10.5;   42.92;   17.4;    2.1;   -0.1;eor
        867;20190417;   10;  10.3;   3.9;    3;   0.0;   0;   12.650;   0;   4.1;   5.7;  982.19;   12.3;   41.33;   19.1;    3.3;    0.8;eor
        867;20190418;   10;  13.2;   6.2;    3;   0.0;   0;   12.883;   0;   1.5;   6.9;  985.05;   14.5;   43.13;   19.8;    6.7;    5.6;eor
        867;20190419;   10;  12.5;   5.4;    3;   0.0;   0;   13.017;   0;   0.0;   7.3;  987.73;   15.4;   42.83;   21.9;    7.2;    5.9;eor
        867;20190420;   10;  10.0;   4.0;    3;   0.0;   0;   13.050;   0;   0.2;   6.7;  986.80;   15.5;   40.00;   22.7;    5.9;    3.3;eor
        867;20190421;   10;   8.8;   2.9;    3;   0.0;   0;   13.100;   0;   0.8;   6.8;  979.81;   15.3;   41.67;   22.3;    5.6;    2.1;eor
        867;20190422;   10;  14.3;   6.2;    3;   0.0;   0;   12.750;   0;   3.9;   6.9;  970.69;   14.9;   41.46;   21.8;    5.8;    3.5;eor
        867;20190423;   10;  15.0;   7.3;    3;   0.0;   6;    9.600;   0;   4.2;   9.0;  962.18;   14.5;   54.25;   19.7;    9.8;    8.6;eor
        867;20190424;   10;  24.6;   4.7;    3;   0.0;   6;   10.433;   0;   4.9;  10.0;  964.06;   16.2;   57.21;   24.9;    8.1;    5.7;eor
        867;20190425;   10;  11.8;   4.0;    3;   0.0;   0;   10.983;   0;   4.9;   8.1;  969.32;   15.4;   51.21;   24.3;    4.1;    3.4;eor
        867;20190426;   10;  10.6;   3.2;    3;   6.2;   6;    0.700;   0;   6.7;   9.6;  971.87;    9.4;   81.92;   13.2;    5.7;    3.7;eor
        867;20190427;   10;  16.5;   3.2;    3;   7.4;   6;    1.967;   0;   7.6;   9.8;  974.16;    8.8;   87.38;   15.1;    5.2;    5.0;eor
        867;20190428;   10;   6.5;   2.9;    3;   1.3;   6;    4.067;-999;   6.3;   8.1;  977.87;    7.2;   81.71;   12.3;    4.7;    3.8;eor
        867;20190429;   10;   9.8;   3.0;    3;   5.3;   6;    0.000;   0;   7.8;   8.9;  978.79;    6.8;   89.79;    9.6;    2.6;    1.3;eor
        867;20190430;   10;  11.4;   3.2;    3;   0.0;   0;   13.400;   0;   1.6;   7.3;  977.29;   10.2;   61.79;   15.7;    4.2;    0.8;eor
        867;20190501;   10;   8.5;   2.2;    3;   0.0;   6;    3.633;-999;   5.1;   9.4;  974.28;   10.1;   77.42;   18.2;    2.7;    1.0;eor
        867;20190502;   10;  10.7;   2.9;    3;   0.0;   6;    8.950;-999;   6.1;   8.9;  968.15;   10.7;   71.88;   17.8;    3.8;    2.0;eor
        867;20190503;   10;   9.2;   3.4;    3;   4.0;   6;    1.717;-999;   7.6;   7.6;  968.84;    7.9;   71.33;   10.6;    3.5;    2.5;eor
        867;20190504;   10;   8.1;   2.2;    3;   7.5;   8;    1.067;-999;   7.0;   6.6;  967.05;    3.6;   84.04;    6.8;   -1.2;   -2.9;eor
        867;20190505;   10;   8.9;   2.4;    3;   0.0;   6;    3.433;-999;   5.6;   5.4;  975.50;    3.8;   70.17;    8.7;   -1.8;   -3.2;eor
        867;20190506;   10;   9.5;   2.5;    3;   0.0;   6;    2.100;-999;   6.3;   5.7;  978.11;    4.3;   70.00;    9.3;   -1.2;   -2.9;eor
        867;20190507;   10;   6.1;   1.8;    3;   0.0;   0;    1.967;-999;   7.5;   6.5;  976.60;    6.4;   69.83;   11.6;    0.7;    0.5;eor
        867;20190508;   10;  10.1;   4.0;    3;   5.1;   6;    1.150;-999;   7.6;   9.2;  965.69;    8.8;   79.54;   12.7;    2.9;    1.6;eor
        867;20190509;   10;  11.2;   3.4;    3;   9.0;   6;    1.017;-999;   7.5;  10.5;  961.37;    9.6;   88.04;   12.6;    7.6;    6.6;eor
        867;20190510;   10;  11.6;   4.0;    3;   5.8;   6;    4.800;-999;   7.1;   9.4;  969.11;   11.0;   73.88;   16.2;    7.8;    6.6;eor
        867;20190511;   10;   9.1;   3.1;    3;   9.3;   6;    0.000;-999;   7.8;  10.4;  970.75;    9.3;   88.17;   12.7;    6.2;    5.2;eor
        867;20190512;   10;  11.0;   3.7;    3;   0.0;   0;    8.300;-999;   5.6;   6.8;  987.07;    8.2;   64.38;   13.1;    3.4;    0.4;eor
        867;20190513;   10;  11.4;   3.5;    3;   0.0;   0;   13.400;-999;   1.0;   5.7;  993.06;    8.5;   53.71;   13.7;    3.1;    0.2;eor
        867;20190514;   10;  17.6;   5.3;    3;   0.0;   6;    6.933;-999;   3.5;   6.1;  988.47;    7.2;   60.50;   12.2;    1.9;   -0.3;eor
        867;20190515;   10;  11.7;   3.4;    3;   0.0;   6;    5.000;-999;   5.8;   5.5;  982.82;    6.3;   59.25;    9.7;   -0.1;   -1.4;eor
        867;20190516;   10;   4.8;   2.0;    3;   1.6;   6;    0.033;-999;   8.0;   8.1;  974.57;    6.9;   81.54;    8.0;    5.6;    4.9;eor
        867;20190517;   10;   8.7;   3.9;    3;   0.0;   0;    5.917;-999;   5.7;   9.8;  968.23;   11.2;   75.21;   17.1;    6.8;    6.6;eor
        867;20190518;   10;   8.5;   2.7;    3;   0.1;   6;   12.283;-999;   4.7;  10.4;  965.46;   14.2;   66.46;   22.5;    4.2;    2.7;eor
        867;20190519;   10;  15.8;   3.7;    3;  23.1;   6;    8.300;-999;   6.2;  12.2;  963.65;   15.1;   72.63;   22.7;    8.7;    7.2;eor
        867;20190520;   10;   6.9;   2.6;    3;  26.4;   6;    0.817;-999;   7.8;  14.1;  962.11;   13.1;   93.13;   18.8;    9.8;    8.9;eor
        867;20190521;   10;  11.5;   3.7;    3;   1.6;   6;    0.917;-999;   7.7;  14.4;  965.73;   14.2;   88.54;   19.0;   12.6;   12.5;eor
        867;20190522;   10;   9.4;   4.3;    3;   0.0;   0;    0.683;-999;   6.1;  11.4;  976.00;   11.8;   82.33;   14.0;    4.9;    3.2;eor
        867;20190523;   10;   7.6;   2.5;    3;   0.0;   0;   13.467;-999;   6.4;  10.1;  978.12;   12.1;   73.17;   19.3;    3.4;    2.0;eor
        867;20190524;   10;   6.0;   2.2;    3;   0.0;   0;   12.650;-999;   6.9;  10.9;  974.57;   15.0;   66.92;   21.6;    6.5;    5.4;eor
        867;20190525;   10;  12.1;   2.4;    3;   3.4;   6;    7.567;-999;   6.9;  12.5;  974.42;   14.2;   77.38;   20.5;    8.4;    7.7;eor
        867;20190526;   10;  10.0;   2.9;    3;   0.0;   0;    9.700;-999;   5.7;  11.4;  974.19;   14.5;   70.25;   20.3;    7.5;    6.4;eor
        867;20190527;   10;   8.8;   2.5;    3;   9.3;   6;    3.283;-999;   7.4;  13.2;  969.08;   14.4;   80.63;   19.3;    8.7;    7.7;eor
        867;20190528;   10;  10.9;   1.9;    3;   0.2;   6;    0.000;-999;   7.7;  12.5;  967.62;   12.4;   87.42;   15.6;    7.1;    5.3;eor
        867;20190529;   10;   7.6;   2.4;    3;   0.0;   0;    1.983;-999;   6.0;   9.3;  979.43;   10.0;   76.96;   15.0;    4.4;    2.8;eor
        867;20190530;   10;   8.7;   2.5;    3;   0.0;   6;    9.050;-999;   4.8;   9.8;  984.37;   12.6;   68.96;   19.4;    2.4;    1.4;eor
        867;20190531;   10;   6.4;   1.8;    3;   0.0;   0;    3.933;-999;   7.5;  14.4;  984.17;   16.8;   75.96;   21.3;   11.9;   11.0;eor
        867;20190601;   10;   5.4;   2.0;    3;   0.0;   0;   14.533;-999;   6.4;  14.3;  981.92;   18.4;   70.17;   25.6;    9.7;    9.0;eor
        867;20190602;   10;   6.8;   2.4;    3;   0.0;   0;   14.550;-999;   2.4;  14.6;  977.58;   20.5;   63.58;   28.2;   11.0;   10.2;eor
        867;20190603;   10;  16.6;   3.8;    3;   8.1;   6;   11.567;-999;   3.0;  15.2;  974.66;   20.7;   64.88;   28.9;   13.3;   12.3;eor
        867;20190604;   10;   5.5;   2.2;    3;   0.0;   0;   14.467;-999;   2.9;  15.8;  972.18;   20.8;   67.25;   28.5;   12.5;   12.0;eor
        867;20190605;   10;  14.0;   3.3;    3;   0.0;   6;   14.400;-999;   3.6;  15.5;  967.57;   22.2;   60.50;   31.0;   13.7;   12.8;eor
        867;20190606;   10;  10.9;   4.3;    3;   4.2;   6;    1.450;-999;   6.6;  13.8;  971.18;   15.2;   79.67;   20.3;    9.7;    9.7;eor
        867;20190607;   10;  17.7;   3.6;    3;   2.2;   6;    8.567;-999;   5.7;  14.3;  973.18;   16.6;   77.21;   25.2;    9.4;    9.8;eor
        867;20190608;   10;  13.6;   4.5;    3;   0.0;   6;    8.883;-999;   4.6;  10.5;  981.55;   14.1;   67.29;   18.9;    8.0;    7.1;eor
        867;20190609;   10;   8.2;   2.7;    3;   0.6;   6;    9.333;-999;   6.6;  12.4;  981.34;   16.1;   69.42;   24.1;    5.8;    5.0;eor
        867;20190610;   10;   5.9;   2.1;    3;   4.3;   6;    3.217;-999;   7.6;  16.5;  973.51;   17.3;   84.88;   22.5;   13.8;   13.2;eor
        867;20190611;   10;   8.1;   2.6;    3;   0.0;   6;    7.550;-999;   7.0;  16.6;  969.94;   18.5;   79.29;   23.3;   13.8;   13.5;eor
        867;20190612;   10;  14.9;   3.4;    3;   1.0;   6;    5.350;-999;   6.6;  16.3;  969.85;   16.8;   84.79;   23.8;   12.2;   11.4;eor
        867;20190613;   10;   6.6;   2.2;    3;   0.0;   0;   10.817;-999;   3.8;  13.6;  974.98;   17.7;   70.04;   23.3;   12.2;   11.4;eor
        867;20190614;   10;  12.2;   3.4;    3;   0.0;   0;    8.367;-999;   4.9;  15.0;  975.50;   20.9;   62.71;   28.9;    9.7;    8.9;eor
        867;20190615;   10;  12.4;   4.6;    3;   0.0;   0;   11.567;-999;   6.0;  16.2;  972.71;   20.9;   65.83;   23.1;   14.3;   13.2;eor
        867;20190616;   10;   6.4;   2.0;    3;   0.4;   6;    0.000;-999;   7.9;  15.1;  980.16;   16.3;   81.42;   19.2;   13.3;   11.6;eor
        867;20190617;   10;   7.1;   2.5;    3;   0.0;   0;   11.833;-999;   1.8;  14.4;  979.98;   18.7;   69.50;   25.8;   10.2;    9.4;eor
        867;20190618;   10;   6.6;   2.7;    3;   0.0;   0;   13.700;-999;   3.7;  14.6;  975.33;   21.6;   58.38;   29.0;   15.0;   13.8;eor
        867;20190619;   10;   7.9;   2.7;    3;  10.8;   6;   13.467;-999;   4.9;  15.5;  970.46;   22.7;   58.29;   29.7;   15.2;   14.8;eor
        867;20190620;   10;  14.4;   2.7;    3;   1.2;   6;    4.400;-999;   6.6;  16.8;  972.62;   18.8;   77.96;   23.4;   13.9;   13.3;eor
        867;20190621;   10;   8.9;   2.2;    3;   0.0;   6;    9.433;-999;   4.0;  14.6;  977.28;   18.2;   71.67;   23.7;   12.2;   11.3;eor
        867;20190622;   10;  12.3;   6.1;    3;   2.3;   6;    7.767;-999;   5.3;  15.0;  978.05;   19.8;   65.00;   24.4;   16.3;   15.3;eor
        867;20190623;   10;  12.1;   4.3;    3;   0.0;   0;   10.900;-999;   3.8;  15.8;  978.98;   21.3;   63.13;   26.2;   16.2;   15.2;eor
        867;20190624;   10;   8.7;   3.5;    3;   0.0;   0;   15.033;-999;   3.1;  15.3;  981.09;   23.1;   55.92;   29.1;   16.0;   14.6;eor
        867;20190625;   10;   8.1;   3.0;    3;   0.0;   0;   14.800;-999;   4.9;  16.1;  980.83;   24.7;   53.50;   32.7;   15.3;   14.3;eor
        867;20190626;   10;   7.4;   2.5;    3;   0.0;   0;   14.700;-999;   1.0;  19.1;  982.04;   26.4;   57.92;   34.3;   16.3;   15.6;eor
        867;20190627;   10;   8.8;   2.8;    3;   0.0;   0;   13.967;-999;   0.0;  14.0;  982.96;   23.8;   50.08;   30.0;   15.7;   13.1;eor
        867;20190628;   10;   7.0;   2.6;    3;   0.0;   0;   15.117;-999;   0.0;  11.5;  982.88;   19.3;   54.79;   27.7;   11.5;   10.5;eor
        867;20190629;   10;   6.9;   2.2;    3;   0.0;   0;   15.133;-999;   0.0;  10.7;  980.06;   22.1;   44.71;   31.3;   10.6;    9.0;eor
        867;20190630;   10;  11.7;   3.3;    3;   0.0;   6;   14.983;-999;   0.6;  14.4;  975.49;   25.5;   46.17;   33.7;   13.5;   12.4;eor
        867;20190701;   10;  12.5;   3.7;    3;   0.0;   6;    8.850;-999;   5.9;  16.1;  975.56;   22.8;   59.13;   27.5;   14.7;   12.6;eor
        867;20190702;   10;  12.9;   3.7;    3;   0.0;   0;   14.950;-999;   1.6;  10.8;  979.72;   18.2;   53.29;   23.9;   12.0;    9.8;eor
        867;20190703;   10;   8.9;   2.7;    3;   0.0;   0;   13.700;-999;   1.3;   9.1;  981.57;   16.7;   50.04;   23.5;    7.7;    6.2;eor
        867;20190704;   10;   8.0;   2.5;    3;   0.0;   0;   14.233;-999;   2.5;   9.1;  981.22;   17.4;   48.00;   24.4;    8.7;    6.7;eor
        867;20190705;   10;  11.2;   3.1;    3;   0.0;   0;    8.500;-999;   6.3;  10.9;  976.35;   18.1;   54.58;   25.3;   11.0;   10.6;eor
        867;20190706;   10;  12.5;   3.6;    3;   0.1;   6;    9.183;-999;   6.8;  11.4;  970.48;   21.1;   48.54;   28.3;   11.6;   11.0;eor
        867;20190707;   10;  14.6;   3.5;    3;   1.1;   6;    5.567;-999;   6.2;  11.1;  972.08;   15.6;   63.92;   20.7;    9.0;    7.7;eor
        867;20190708;   10;  11.9;   3.4;    3;   0.0;   0;   10.383;-999;   4.5;   8.8;  976.67;   13.5;   58.96;   19.3;    7.4;    5.7;eor
        867;20190709;   10;   9.6;   3.2;    3;   0.0;   0;    4.983;-999;   6.1;   8.8;  978.11;   13.0;   60.67;   18.2;    6.3;    5.4;eor
        867;20190710;   10;  11.5;   2.8;    3;   1.3;   6;   12.683;-999;   4.4;   9.1;  977.85;   15.2;   56.00;   22.7;    5.9;    4.6;eor
        867;20190711;   10;   9.1;   2.2;    3;   6.7;   6;    0.017;-999;   7.9;  13.7;  974.43;   14.2;   84.50;   19.1;   11.9;   11.5;eor
        867;20190712;   10;  12.3;   2.3;    3;  10.1;   8;    2.850;-999;   7.5;  15.5;  971.77;   16.1;   85.42;   22.0;   13.6;   13.6;eor
        867;20190713;   10;  10.7;   4.1;    3;   0.1;   6;    1.867;-999;   7.7;  14.6;  974.59;   15.7;   82.63;   19.5;   13.0;   12.8;eor
        867;20190714;   10;   9.9;   2.6;    3;   0.0;   0;    2.833;-999;   5.8;  12.9;  976.22;   16.1;   71.63;   20.7;   10.2;    8.4;eor
        867;20190715;   10;-999;-999;    3;   0.0;   0;    9.500;-999;  -999;  -999;    -999;   16.3;-999;   23.3;    9.4;    8.0;eor
        867;20190716;   10;-999;-999;    3;   0.0;   0;    9.800;-999;  -999;  -999;    -999;   15.8;-999;   22.9;    8.0;    6.6;eor
        867;20190717;   10;   7.8;   2.3;    3;   0.0;   0;    9.083;-999;   4.4;  12.7;  974.07;   16.8;   69.79;   24.0;    9.1;    8.3;eor
        867;20190718;   10;  10.3;   2.7;    3;   0.2;   6;    9.833;-999;   6.4;  12.0;  972.44;   19.0;   58.79;   26.4;    9.6;    8.7;eor
        867;20190719;   10;  10.7;   1.9;    3;  10.0;   6;    0.483;-999;   8.0;  16.9;  975.00;   17.6;   84.04;   22.7;   14.8;   14.3;eor
        867;20190720;   10;  12.7;   3.5;    3;   0.0;   6;   10.833;-999;   7.5;  15.8;  974.27;   22.4;   62.79;   30.9;   13.0;   12.6;eor
        867;20190721;   10;  10.8;   3.5;    3;   0.0;   6;    8.583;-999;   5.4;  15.0;  979.53;   21.0;   62.63;   27.3;   14.7;   13.8;eor
        867;20190722;   10;   8.5;   2.4;    3;   0.0;   0;   11.117;-999;   7.0;  13.5;  982.96;   21.0;   56.92;   28.7;   12.3;   10.6;eor
        867;20190723;   10;   5.9;   2.0;    3;   0.0;   0;   14.500;-999;   3.0;  14.9;  981.07;   24.2;   52.54;   33.0;   14.0;   12.7;eor
        867;20190724;   10;   7.1;   2.2;    3;   0.0;   0;   14.383;-999;   1.4;  14.0;  977.11;   27.6;   40.58;   35.4;   16.6;   15.5;eor
        867;20190725;   10;   9.3;   3.2;    3;   0.0;   0;   14.167;-999;   0.1;  12.7;  976.11;   29.2;   34.63;   37.8;   18.4;   16.9;eor
        867;20190726;   10;  12.5;   4.1;    3;   0.0;   0;   13.217;-999;   3.1;  12.4;  970.70;   27.9;   35.50;   35.3;   18.1;   16.3;eor
        867;20190727;   10;  11.0;   3.6;    3;   0.1;   6;    8.967;-999;   5.6;  14.6;  963.49;   24.0;   50.42;   30.8;   19.1;   17.1;eor
        867;20190728;   10;   7.6;   2.7;    3;   8.6;   6;    2.933;-999;   7.8;  18.9;  961.93;   20.7;   79.17;   28.3;   17.6;   17.2;eor
        867;20190729;   10;   7.9;   3.5;    3;   0.0;   0;    4.600;-999;   6.1;  19.8;  969.90;   20.3;   83.46;   25.0;   16.6;   15.3;eor
        867;20190730;   10;   7.6;   2.0;    3;   0.1;   6;    4.750;-999;   5.3;  17.3;  972.75;   21.3;   71.13;   27.6;   15.1;   14.2;eor
        867;20190731;   10;  12.9;   2.0;    3;   5.7;   6;    4.000;-999;   5.5;  16.3;  976.02;   17.8;   79.63;   22.7;   11.9;   11.0;eor
        867;20190801;   10;   7.0;   2.2;    3;   0.0;   0;    5.267;-999;   6.1;  12.1;  977.01;   17.2;   64.67;   24.5;   10.0;    9.0;eor
        867;20190802;   10;  15.8;   2.2;    3;   1.9;   6;    3.000;-999;   7.7;  13.6;  974.63;   17.0;   72.92;   25.2;   10.7;    9.9;eor
        867;20190803;   10;  10.6;   2.2;    3;   2.4;   6;    2.450;-999;   6.6;  15.6;  975.00;   16.7;   83.25;   22.9;   12.8;   11.7;eor
        867;20190804;   10;   7.0;   2.1;    3;   0.0;   0;   13.283;-999;   2.1;  13.7;  975.91;   18.9;   66.67;   26.5;   10.5;    9.2;eor
        867;20190805;   10;   6.6;   2.4;    3;   0.0;   6;    1.333;-999;   7.9;  15.7;  972.99;   19.0;   71.58;   22.9;   14.6;   14.3;eor
        867;20190806;   10;  11.5;   2.2;    3;   7.5;   6;    2.517;-999;   7.4;  18.0;  971.87;   18.7;   84.04;   24.2;   13.8;   12.3;eor
        867;20190807;   10;   8.1;   2.0;    3;  10.1;   6;    0.033;-999;   7.7;  18.7;  969.54;   17.5;   93.75;   20.8;   15.9;   16.1;eor
        867;20190808;   10;  11.4;   3.1;    3;   0.0;   0;    5.817;-999;   6.8;  15.6;  973.07;   18.8;   74.29;   25.1;   13.6;   12.9;eor
        867;20190809;   10;   8.4;   3.1;    3;   2.5;   6;    6.300;-999;   5.9;  16.1;  971.95;   21.3;   66.25;   29.9;   11.8;   11.4;eor
        867;20190810;   10;  13.1;   4.4;    3;   0.0;   6;    4.867;-999;   6.2;  17.1;  974.39;   20.7;   71.08;   25.0;   13.9;   12.4;eor
        867;20190811;   10;   9.2;   2.6;    3;   0.2;   6;    7.650;-999;   5.2;  14.0;  975.69;   20.1;   62.63;   28.4;   12.0;   10.8;eor
        867;20190812;   10;   9.2;   2.6;    3;   0.3;   6;    5.250;-999;   7.5;  12.9;  976.07;   17.7;   64.29;   21.6;   13.1;   10.8;eor
        867;20190813;   10;  11.5;   3.2;    3;   0.2;   6;    4.750;-999;   5.5;  11.1;  977.38;   15.1;   67.33;   21.5;    9.3;    8.1;eor
        867;20190814;   10;  10.3;   2.9;    3;   0.0;   6;    8.450;-999;   4.2;   9.7;  977.87;   14.8;   60.75;   21.5;    9.3;    8.7;eor
        867;20190815;   10;  11.3;   2.9;    3;   2.5;   6;    0.517;-999;   7.7;  13.4;  974.32;   14.1;   81.83;   18.2;    9.6;    8.8;eor
        867;20190816;   10;   8.7;   2.3;    3;   0.0;   0;    7.000;-999;   6.6;  13.2;  976.80;   16.8;   71.58;   23.0;   11.1;   10.7;eor
        867;20190817;   10;  12.3;   3.6;    3;   0.6;   6;    0.017;-999;   7.9;  14.4;  973.15;   16.9;   74.79;   21.3;   11.5;   11.2;eor
        867;20190818;   10;  14.5;   4.3;    3;   3.5;   6;    5.600;-999;   6.7;  17.3;  969.82;   21.1;   72.79;   29.8;   15.5;   15.1;eor
        867;20190819;   10;  10.4;   2.6;    3;   0.0;   0;    5.717;-999;   6.9;  14.4;  976.59;   18.8;   68.63;   24.1;   13.2;   11.8;eor
        867;20190820;   10;   5.8;   1.8;    3;   3.5;   6;    0.217;-999;   7.9;  13.5;  982.05;   15.5;   77.96;   21.6;   11.0;    9.4;eor
        867;20190821;   10;   5.3;   1.9;    3;   0.0;   0;    8.783;-999;   5.3;  12.0;  987.24;   15.3;   72.88;   22.9;   10.5;    9.8;eor
        867;20190822;   10;   8.9;   3.1;    3;   0.0;   0;   13.017;-999;   1.4;  10.4;  985.67;   18.1;   53.46;   25.5;   10.9;    9.3;eor
        867;20190823;   10;   7.3;   3.1;    3;   0.0;   0;   13.033;-999;   0.0;  11.2;  984.53;   19.5;   53.29;   28.2;    9.7;    8.9;eor
        867;20190824;   10;  10.6;   3.7;    3;   0.0;   0;    9.550;-999;   1.6;  15.4;  980.92;   21.4;   60.88;   28.3;   11.4;    9.1;eor
        867;20190825;   10;  13.0;   2.7;    3;   0.0;   6;    9.683;-999;   2.6;  17.8;  978.88;   23.0;   65.96;   31.2;   16.5;   14.7;eor
        867;20190826;   10;  10.3;   2.6;    3;   1.2;   6;   10.067;-999;   1.6;  17.9;  978.58;   22.7;   67.58;   30.7;   15.5;   14.4;eor
        867;20190827;   10;   8.0;   2.4;    3;   1.6;   6;    9.033;-999;   4.3;  18.6;  977.18;   22.0;   73.08;   30.7;   15.7;   14.7;eor
        867;20190828;   10;   8.0;   2.8;    3;   0.0;   0;    6.850;-999;   7.5;  17.5;  976.03;   23.3;   64.46;   31.3;   16.4;   15.9;eor
        867;20190829;   10;  18.3;   2.4;    3;  22.2;   8;    5.450;-999;   6.4;  18.1;  978.48;   20.6;   76.21;   30.0;   16.0;   15.6;eor
        867;20190830;   10;   5.6;   2.0;    3;   0.0;   0;   10.183;-999;   1.6;  18.9;  981.10;   22.3;   72.46;   29.3;   15.7;   15.0;eor
        867;20190831;   10;   7.3;   2.7;    3;   0.0;   0;   11.950;-999;   0.9;  16.9;  975.43;   23.5;   61.88;   31.5;   16.2;   15.6;eor
        867;20190901;   10;  11.3;   3.8;    3;   0.9;   6;    6.200;-999;   6.5;  15.4;  972.96;   20.0;   66.71;   26.7;   14.2;   12.8;eor
        867;20190902;   10;   9.3;   3.2;    3;   0.0;   0;   11.100;-999;   1.5;   9.3;  981.27;   14.9;   57.63;   21.1;    7.9;    6.8;eor
        867;20190903;   10;  10.9;   2.7;    3;   0.0;   0;   12.133;-999;   2.5;   8.7;  983.17;   14.9;   55.92;   23.5;    5.1;    4.0;eor
        867;20190904;   10;  10.3;   3.2;    3;   0.0;   6;   12.350;-999;   1.3;  10.3;  976.63;   17.6;   55.08;   25.9;    8.4;    7.1;eor
        867;20190905;   10;  12.2;   3.9;    3;   0.0;   6;    4.633;-999;   6.5;  10.4;  977.72;   15.8;   59.04;   20.0;   10.7;    8.3;eor
        867;20190906;   10;   6.1;   1.9;    3;   0.0;   0;   11.067;-999;   5.1;   8.7;  982.13;   13.3;   60.00;   19.8;    6.7;    4.7;eor
        867;20190907;   10;   9.5;   2.0;    3;   0.0;   6;    1.150;-999;   7.8;   9.6;  977.93;   12.7;   66.46;   18.9;    8.4;    8.1;eor
        867;20190908;   10;   9.2;   2.4;    3;   5.7;   6;    2.233;-999;   7.6;  11.2;  976.18;   12.8;   77.00;   17.3;    9.2;    8.1;eor
        867;20190909;   10;   8.2;   2.9;    3;   2.6;   6;    0.000;-999;   7.8;  12.4;  973.34;   11.6;   90.96;   14.4;    9.0;    8.3;eor
        867;20190910;   10;   4.8;   1.7;    3;   0.0;   6;    5.100;-999;   4.0;  11.0;  977.78;   11.4;   83.38;   17.9;    6.6;    5.4;eor
        867;20190911;   10;   9.4;   2.0;    3;   0.0;   6;   10.583;-999;   2.6;   9.7;  982.80;   13.2;   67.58;   21.2;    4.5;    3.4;eor
        867;20190912;   10;   8.2;   2.1;    3;   0.0;   6;    1.583;-999;   5.8;  14.0;  988.22;   16.2;   76.54;   21.9;   12.2;   10.8;eor
        867;20190913;   10;   8.0;   2.4;    3;   0.0;   0;    2.500;-999;   5.7;  14.5;  990.34;   16.1;   79.79;   21.1;   10.1;    9.2;eor
        867;20190914;   10;   6.7;   2.6;    3;   0.0;   0;    9.050;-999;   4.1;  11.4;  990.21;   16.0;   63.33;   22.0;   10.8;    8.7;eor
        867;20190915;   10;   8.1;   3.0;    3;   0.0;   0;   11.617;-999;  -999;  11.0;  982.74;   16.9;   61.79;   26.4;    8.0;    7.1;eor
        867;20190916;   10;   7.7;   2.4;    3;   0.1;   6;    0.567;-999;   7.3;  11.7;  978.68;   15.1;   68.46;   20.9;    8.2;    6.7;eor
        867;20190917;   10;  12.9;   4.6;    3;   0.0;   0;    6.800;-999;   6.6;   9.7;  978.28;   13.9;   61.92;   19.4;    8.2;    3.7;eor
        867;20190918;   10;   9.5;   3.3;    3;   0.0;   0;    9.550;-999;   3.7;   7.3;  983.62;    9.9;   62.25;   16.7;    3.0;    0.9;eor
        867;20190919;   10;   8.7;   2.4;    3;   0.0;   0;    9.233;-999;   5.4;   6.7;  987.45;    8.4;   63.79;   15.0;    1.8;   -0.1;eor
        867;20190920;   10;   4.9;   1.7;    3;   0.0;   0;   11.000;-999;   4.3;   7.1;  987.06;    9.6;   62.58;   18.0;    1.1;   -0.6;eor
        867;20190921;   10;   6.9;   2.7;    3;   0.0;   0;   11.367;-999;   0.0;   8.1;  980.79;   13.5;   55.71;   23.2;    3.3;    1.0;eor
        867;20190922;   10;   5.6;   2.5;    3;   0.0;   0;   10.767;-999;   4.1;   9.2;  972.38;   16.1;   52.79;   23.8;    6.3;    4.3;eor
        867;20190923;   10;   7.2;   2.6;    3;   2.0;   6;    0.967;-999;   7.9;  13.0;  973.85;   13.5;   83.33;   16.5;    9.3;    7.9;eor
        867;20190924;   10;   4.7;   1.5;    3;   2.3;   6;    0.617;-999;   7.8;  13.7;  972.76;   14.0;   86.25;   17.5;   12.3;   11.3;eor
        867;20190925;   10;  10.5;   3.5;    3;   1.2;   6;    1.850;-999;   7.8;  13.6;  968.16;   14.0;   85.17;   16.9;   12.0;   11.7;eor
        867;20190926;   10;   8.3;   2.8;    3;   2.9;   6;    0.733;-999;   7.8;  15.0;  972.36;   14.4;   91.75;   17.9;   12.1;   12.1;eor
        867;20190927;   10;   8.9;   3.3;    3;   8.9;   6;    0.000;-999;   7.5;  15.2;  972.12;   14.2;   93.46;   15.6;   12.0;   10.7;eor
        867;20190928;   10;  13.1;   4.2;    3;   0.6;   6;    0.917;-999;   7.8;  13.1;  974.41;   13.5;   85.08;   16.7;   11.3;   10.2;eor
        867;20190929;   10;  16.4;   4.8;    3;   6.1;   6;    3.200;-999;   7.7;  12.3;  967.50;   14.7;   74.58;   19.4;    9.9;    8.1;eor
        867;20190930;   10;  17.8;   7.1;    3;   0.2;   6;    1.583;-999;   7.2;  11.9;  968.30;   12.9;   80.04;   15.4;    7.9;    6.9;eor
        867;20191001;   10;  10.7;   2.6;    3;   7.8;   6;    0.000;-999;   7.9;  13.2;  965.99;   12.7;   88.88;   16.4;    8.2;    6.5;eor
        867;20191002;   10;  10.2;   3.7;    3;   1.9;   6;    1.317;   0;   6.0;  10.9;  966.87;   10.2;   85.50;   13.9;    3.2;    1.8;eor
        867;20191003;   10;   9.5;   3.3;    3;   0.8;   6;    0.667;   0;   7.5;   9.4;  975.54;    8.2;   86.00;   11.7;    4.6;    3.3;eor
        867;20191004;   10;  10.8;   2.5;    3;   5.3;   6;    0.000;   0;   7.7;  10.3;  968.84;    8.9;   90.38;   11.0;    7.1;    6.8;eor
        867;20191005;   10;  12.5;   4.0;    3;   0.0;   6;    0.283;   0;   7.8;   9.3;  972.14;    8.2;   85.46;   10.3;    3.8;    2.4;eor
        867;20191006;   10;   9.1;   4.2;    3;   3.5;   6;    0.650;   0;   7.2;   8.1;  975.93;    6.5;   84.29;   10.2;    2.6;    1.3;eor
        867;20191007;   10;   7.5;   3.0;    3;   0.1;   6;    7.050;   0;   5.8;   8.5;  977.30;    7.8;   80.46;   11.8;    4.3;    2.8;eor
        867;20191008;   10;   9.2;   3.5;    3;  13.7;   6;    0.000;   0;   7.7;  12.1;  970.69;   10.2;   96.71;   11.9;    7.5;    7.5;eor
        867;20191009;   10;  11.9;   4.3;    3;   2.0;   6;    0.650;   0;   7.4;  11.6;  969.87;   10.7;   89.92;   13.3;    8.9;    7.1;eor
        867;20191010;   10;  12.0;   4.5;    3;   1.7;   6;    1.417;   0;   6.5;  10.3;  973.98;    9.3;   87.71;   12.1;    7.7;    5.7;eor
        867;20191011;   10;   8.4;   2.2;    3;   0.0;   6;    0.000;   0;   7.6;  11.4;  977.05;   10.3;   90.38;   13.8;    7.0;    5.8;eor
        867;20191012;   10;  11.4;   2.5;    3;   0.4;   6;    8.383;   0;   3.4;  12.5;  974.52;   14.1;   78.13;   20.7;    7.4;    5.5;eor
        867;20191013;   10;   8.2;   2.5;    3;   0.0;   0;    9.133;   0;   2.6;  14.8;  974.83;   17.6;   74.42;   23.9;   12.2;   10.9;eor
        867;20191014;   10;   5.8;   2.9;    3;   0.0;   0;    9.817;   0;   0.0;  14.0;  974.20;   16.0;   78.33;   22.9;    9.9;    8.5;eor
        867;20191015;   10;  11.4;   3.1;    3;   3.3;   6;    7.233;   0;   5.5;  14.1;  967.93;   14.9;   83.63;   20.7;   10.1;    8.8;eor
        867;20191016;   10;  12.7;   5.1;    3;   0.0;   6;    1.417;   0;   7.6;  11.6;  972.70;   12.0;   83.04;   13.4;   10.3;    9.9;eor
        867;20191017;   10;   6.4;   2.0;    3;   1.0;   6;    0.167;   0;   7.8;  11.6;  974.07;   11.9;   82.75;   14.7;    8.5;    7.1;eor
        867;20191018;   10;  11.5;   3.1;    3;   7.6;   6;    2.683;   0;   7.5;  13.7;  971.81;   13.0;   91.29;   17.9;    8.5;    7.1;eor
        867;20191019;   10;   8.2;   2.7;    3;   2.8;   6;    0.317;   0;   7.9;  12.5;  970.49;   11.8;   90.04;   14.1;    9.0;    8.5;eor
        867;20191020;   10;   9.2;   3.3;    3;   0.0;   6;    6.317;   0;   7.2;  12.9;  969.86;   14.1;   81.00;   18.8;   10.2;    9.6;eor
        867;20191021;   10;   6.1;   2.0;    3;   0.1;   4;    2.450;   0;   7.0;  12.8;  977.89;   12.3;   89.50;   17.5;    8.2;    7.1;eor
        867;20191022;   10;   5.0;   1.5;    3;   0.0;   4;    3.650;   0;   7.4;  12.2;  982.60;   11.3;   91.75;   17.1;    7.5;    7.1;eor
        867;20191023;   10;   6.4;   2.1;    3;   0.0;   0;    1.883;   0;   5.3;  13.0;  976.49;   12.2;   91.38;   17.4;    7.8;    6.4;eor
        867;20191024;   10;   5.6;   1.6;    3;   0.0;   6;    0.000;   0;   7.9;  12.1;  972.11;   10.3;   95.88;   12.3;    6.7;    5.1;eor
        867;20191025;   10;   9.6;   2.4;    3;   0.0;   0;    3.700;   0;   7.3;  12.1;  980.53;   11.7;   87.67;   15.8;    7.4;    6.5;eor
        867;20191026;   10;   5.8;   2.0;    3;   0.0;   0;    5.850;   0;   7.2;  11.6;  979.19;   11.1;   87.63;   17.5;    5.0;    4.3;eor
        867;20191027;   10;   8.5;   2.5;    3;   9.4;   6;    1.217;   0;   7.8;  11.0;  978.29;    9.6;   90.96;   14.7;    5.7;    5.1;eor
        867;20191028;   10;   4.4;   1.8;    3;   0.0;   0;    2.500;   0;   7.0;   7.6;  981.19;    3.9;   94.54;    9.3;    0.0;   -0.5;eor
        867;20191029;   10;   8.5;   2.1;    3;   0.0;   0;    0.983;   0;   5.3;   6.9;  982.34;    3.3;   89.17;    8.0;   -0.1;   -2.9;eor
        867;20191030;   10;  10.0;   3.7;    3;   0.0;   0;    7.417;   0;   3.0;   5.9;  985.69;    3.3;   77.08;    7.6;   -0.5;   -3.3;eor
        867;20191031;   10;   8.5;   3.7;    3;   0.0;   0;    8.717;   0;   1.4;   5.2;  982.55;    2.6;   72.00;    7.8;   -1.4;   -3.0;eor
        867;20191101;   10;   6.6;   3.2;    3;   8.3;   6;    0.000;   0;   7.2;   6.8;  972.06;    2.0;   94.88;    6.1;   -2.1;   -4.7;eor
        867;20191102;   10;   8.9;   3.0;    3;   5.9;   6;    0.083;   0;   7.9;  12.6;  956.69;   10.9;   95.75;   14.5;    6.1;    6.1;eor
        867;20191103;   10;  11.2;   2.8;    3;   9.1;   6;    0.417;   0;   7.7;  12.1;  950.57;   10.9;   92.83;   13.1;    9.2;    8.8;eor
        867;20191104;   10;  10.5;   4.1;    3;   2.9;   6;    0.683;   0;   7.6;  10.9;  952.67;    9.3;   93.04;   11.1;    8.0;    7.0;eor
        867;20191105;   10;   8.5;   3.2;    3;   0.4;   6;    0.600;   0;   6.3;   9.0;  957.80;    7.1;   88.79;    9.6;    1.9;    1.1;eor
        867;20191106;   10;   8.6;   2.2;    3;   0.5;   6;    0.400;   0;   7.7;   8.7;  962.08;    6.0;   93.50;    9.4;    1.8;    1.1;eor
        867;20191107;   10;  12.0;   3.1;    3;   0.0;   6;    2.200;   0;   7.5;   8.9;  963.00;    7.4;   86.75;    9.6;    4.2;    3.0;eor
        867;20191108;   10;   9.1;   2.4;    3;  10.6;   6;    0.000;   0;   7.7;   8.5;  964.52;    5.5;   93.54;    7.8;    3.8;    3.3;eor
        867;20191109;   10;   7.5;   2.8;    3;   0.0;   6;    0.500;   0;   6.3;   7.7;  967.87;    4.0;   93.96;    6.4;   -0.1;   -0.7;eor
        867;20191110;   10;   5.0;   2.1;    3;   0.0;   6;    0.000;   0;   7.1;   6.8;  972.32;    1.8;   97.25;    4.0;   -0.3;   -1.6;eor
        867;20191111;   10;   6.6;   2.8;    3;   0.0;   8;    0.000;   0;   7.9;   6.2;  970.44;    1.8;   88.88;    3.2;    0.7;    1.3;eor
        867;20191112;   10;   8.5;   3.0;    3;   0.1;   6;    3.033;   0;   7.3;   6.8;  965.43;    3.8;   85.38;    6.8;    1.8;    1.7;eor
        867;20191113;   10;   6.9;   2.3;    3;   0.0;   0;    1.433;   0;   7.7;   6.8;  963.18;    3.7;   85.67;    5.9;    1.7;    1.0;eor
        867;20191114;   10;  11.4;   4.0;    3;   0.0;   0;    4.717;   0;   7.0;   6.5;  964.23;    4.0;   80.50;    7.4;    1.7;   -0.3;eor
        867;20191115;   10;  12.9;   4.3;    3;   7.2;   6;    2.117;   0;   7.9;   7.4;  960.51;    5.5;   81.75;    8.7;    2.6;    1.3;eor
        867;20191116;   10;   8.2;   3.2;    3;   0.0;   0;    0.000;   0;   7.7;   7.3;  968.09;    3.2;   94.00;    5.2;    0.4;   -0.7;eor
        867;20191117;   10;  15.3;   4.1;    3;   0.2;   6;    0.000;   0;   8.0;   8.0;  965.96;    5.4;   88.25;    8.4;   -0.1;   -0.5;eor
        867;20191118;   10;  12.9;   4.0;    3;   0.4;   6;    0.000;   0;   8.0;   7.4;  967.17;    4.7;   86.25;    6.5;    3.7;    3.3;eor
        867;20191119;   10;  12.0;   2.4;    3;   0.9;   6;    0.000;   0;   8.0;   7.3;  975.43;    4.2;   88.67;    5.1;    3.3;    3.5;eor
        867;20191120;   10;   5.3;   2.1;    3;   0.0;   6;    0.000;   0;   8.0;   7.1;  975.21;    3.3;   91.38;    4.4;    1.8;    2.0;eor
        867;20191121;   10;   4.0;   1.2;    3;   0.0;   6;    0.000;   0;   7.9;   8.3;  969.31;    4.8;   96.96;    5.7;    4.0;    4.0;eor
        867;20191122;   10;   7.2;   2.7;    3;   0.0;   6;    0.000;   0;   7.5;   7.3;  968.27;    3.5;   92.46;    5.1;    0.6;   -1.3;eor
        867;20191123;   10;  11.4;   5.0;    3;   0.0;   0;    5.417;   0;   7.5;   7.8;  961.97;    6.7;   79.54;   10.6;    1.0;   -1.4;eor
        867;20191124;   10;   4.8;   2.2;    3;   0.0;   0;    0.733;   0;   7.8;   7.7;  966.45;    4.8;   88.79;    8.9;    2.0;   -0.5;eor
        867;20191125;   10;   4.7;   1.9;    3;   0.1;   6;    0.000;   0;   8.0;   7.1;  970.07;    2.1;   99.33;    3.0;    0.2;   -0.6;eor
        867;20191126;   10;   5.2;   2.1;    3;   0.0;   6;    0.000;   0;   8.0;   8.4;  967.73;    4.8;   97.79;    6.6;    2.9;    3.2;eor
        867;20191127;   10;   9.4;   3.6;    3;   3.0;   6;    0.000;   0;   7.9;   8.9;  957.94;    6.1;   93.96;    9.1;    4.1;    3.7;eor
        867;20191128;   10;  14.0;   6.9;    3;  10.7;   6;    0.600;   0;   7.7;   9.4;  956.32;    8.4;   85.17;    9.6;    7.3;    6.8;eor
        867;20191129;   10;   9.6;   4.2;    3;   0.0;   8;    0.833;   0;   7.8;   7.5;  966.79;    5.1;   84.04;    7.5;    2.5;    1.0;eor
        867;20191130;   10;   5.2;   2.4;    3;   0.0;   0;    4.917;   0;   4.4;   6.0;  980.85;    1.7;   87.17;    5.4;   -2.3;   -3.1;eor
        867;20191201;   10;   8.6;   3.4;    3;   0.0;   0;    0.067;   0;   7.7;   4.9;  978.18;    0.3;   79.17;    2.2;   -3.2;   -4.4;eor
        867;20191202;   10;   5.8;   2.5;    3;   0.1;   8;    0.067;   0;   7.9;   5.6;  981.85;    0.9;   86.04;    2.4;   -0.6;   -1.5;eor
        867;20191203;   10;   4.0;   1.4;    3;   0.1;   8;    0.000;   0;   7.8;   6.5;  986.34;    1.5;   95.50;    2.9;    0.1;   -0.7;eor
        867;20191204;   10;   4.4;   1.9;    3;   0.0;   0;    3.317;   0;   6.0;   5.5;  982.25;   -0.3;   93.17;    4.0;   -2.6;   -4.1;eor
        867;20191205;   10;   5.6;   2.4;    3;   0.0;   0;    3.800;   0;   6.1;   4.9;  980.57;   -1.7;   90.88;    0.7;   -4.1;   -5.4;eor
        867;20191206;   10;   6.0;   2.7;    3;   9.1;   6;    0.000;   0;   7.9;   5.8;  975.46;    0.4;   92.33;    3.1;   -1.5;   -1.0;eor
        867;20191207;   10;  11.9;   4.7;    3;   0.4;   6;    0.000;   0;   7.9;   8.5;  972.40;    5.9;   91.63;    7.5;    2.7;    2.4;eor
        867;20191208;   10;  13.1;   6.4;    3;   4.6;   6;    0.000;   0;   7.8;   8.8;  967.53;    7.5;   84.83;    9.3;    5.7;    5.4;eor
        867;20191209;   10;  13.6;   5.0;    3;   3.2;   6;    0.133;   0;   7.5;   8.0;  963.49;    5.5;   88.38;    7.2;    3.4;    2.9;eor
        867;20191210;   10;   8.7;   2.6;    3;   0.0;   0;    1.417;   0;   4.0;   5.9;  981.86;    1.6;   85.96;    4.2;   -1.6;   -3.4;eor
        867;20191211;   10;   5.7;   2.4;    3;   6.9;   8;    0.000;   0;   7.9;   5.2;  971.77;   -0.2;   86.13;    0.9;   -1.2;   -2.0;eor
        867;20191212;   10;   5.9;   1.9;    3;   0.2;   8;    0.000;   5;   7.3;   6.3;  962.00;    0.6;   98.46;    1.5;   -0.3;   -1.7;eor
        867;20191213;   10;  10.4;   3.9;    3;   5.4;   8;    0.000;   1;   7.4;   6.1;  944.10;    0.7;   94.29;    2.9;   -0.9;   -2.9;eor
        867;20191214;   10;  17.9;   6.8;    3;   6.9;   8;    0.450;   1;   7.5;   6.9;  953.53;    4.0;   85.29;    5.9;    1.1;    0.4;eor
        867;20191215;   10;  12.7;   3.3;    3;   6.0;   6;    0.000;   1;   7.8;   8.5;  964.36;    5.6;   92.58;    9.1;    1.7;    0.4;eor
        867;20191216;   10;   5.1;   2.4;    3;   0.0;   6;    3.917;   1;   7.5;   8.6;  969.12;    6.3;   89.46;   10.0;    2.8;    1.2;eor
        867;20191217;   10;   8.3;   3.5;    3;   0.0;   0;    5.783;   0;   6.8;   7.7;  967.89;    7.0;   76.79;    9.5;    4.5;    1.9;eor
        867;20191218;   10;   6.2;   1.9;    3;   0.5;   6;    0.000;   0;   7.1;   8.6;  976.33;    5.8;   92.83;    8.0;    3.0;    1.3;eor
        867;20191219;   10;   6.7;   3.3;    3;   0.0;   0;    5.133;   0;   4.5;   7.9;  973.65;    4.8;   91.67;    8.5;    1.1;    0.1;eor
        867;20191220;   10;  10.2;   3.9;    3;   0.2;   6;    2.633;   0;   5.8;   8.0;  956.45;    6.8;   81.29;    9.6;    4.4;    2.1;eor
        867;20191221;   10;   6.9;   2.6;    3;   0.0;   6;    0.817;   0;   7.6;   8.3;  954.21;    5.4;   92.63;    6.8;    3.7;    1.8;eor
        867;20191222;   10;  12.1;   3.5;    3;   3.9;   6;    0.000;   0;   7.8;   8.2;  949.51;    5.0;   93.58;    6.6;    3.7;    3.8;eor
        867;20191223;   10;  12.2;   4.0;    3;   0.7;   6;    0.600;   0;   7.5;   8.0;  965.20;    5.3;   89.58;    7.2;    3.8;    1.6;eor
        867;20191224;   10;  10.1;   3.9;    3;   3.9;   6;    0.267;   0;   7.7;   8.0;  971.82;    4.9;   91.88;    6.2;    3.6;    2.2;eor
        867;20191225;   10;  10.7;   3.6;    3;   2.0;   6;    0.033;   0;   6.5;   8.0;  975.46;    4.9;   91.88;    6.7;    1.9;   -0.2;eor
        867;20191226;   10;   5.7;   1.8;    3;   0.0;   0;    0.500;   0;   7.9;   6.9;  982.97;    2.8;   92.33;    5.1;    1.2;    0.7;eor
        867;20191227;   10;   8.2;   2.6;    3;   0.0;   0;    3.950;   0;   5.5;   5.9;  986.28;    1.8;   84.50;    4.7;   -1.0;   -2.2;eor
        867;20191228;   10;   4.9;   1.9;    3;   0.0;   0;    0.367;   0;   7.8;   4.7;  997.84;   -0.6;   80.04;    1.6;   -4.1;   -5.4;eor
        867;20191229;   10;   3.9;   2.0;    3;   0.0;   0;    6.633;   0;   5.6;   4.0;  997.36;   -3.1;   82.67;    0.5;   -6.1;   -6.7;eor
        867;20191230;   10;   4.2;   2.2;    3;   0.0;   0;    6.583;   0;   5.7;   4.4;  992.54;   -1.3;   79.42;    2.8;   -4.7;   -5.2;eor
        867;20191231;   10;   4.1;   1.4;    3;   0.0;   0;    0.767;   0;   4.2;   4.8;  990.70;   -1.8;   88.79;    1.0;   -4.7;   -5.9;eor
        867;20200101;   10;   4.8;   1.6;    3;   0.0;   0;    6.917;   0;   0.9;   4.4;  992.39;   -2.9;   88.83;    2.7;   -6.8;   -8.2;eor
        867;20200102;   10;   4.6;   1.8;    3;   0.1;   6;    2.483;   0;   4.3;   4.6;  987.56;   -3.2;   94.54;    0.0;   -6.1;   -7.5;eor
        867;20200103;   10;  10.5;   3.0;    3;   1.1;   6;    0.000;   0;   8.0;   7.0;  981.11;    2.4;   95.67;    6.3;   -0.2;   -0.1;eor
        867;20200104;   10;  12.6;   4.6;    3;   3.0;   8;    0.000;   0;   7.5;   6.6;  985.16;    2.4;   90.75;    6.0;    0.2;   -0.8;eor
        867;20200105;   10;   4.8;   1.3;    3;   0.0;   6;    0.650;   0;   7.7;   6.1;  992.69;    1.1;   91.92;    2.9;   -0.7;   -1.7;eor
        867;20200106;   10;   7.2;   2.1;    3;   0.0;   7;    6.050;   0;   3.5;   6.0;  987.07;    1.3;   89.29;    4.1;   -2.0;   -3.2;eor
        867;20200107;   10;   3.7;   1.2;    3;   0.1;   8;    0.000;   0;   7.1;   6.0;  986.13;    0.0;   97.79;    1.9;   -3.3;   -4.3;eor
        867;20200108;   10;   5.2;   1.8;    3;   7.7;   6;    0.000;   0;   8.0;   7.2;  986.42;    2.5;   98.17;    3.6;    1.4;    0.9;eor
        867;20200109;   10;   5.4;   2.0;    3;   4.3;   6;    0.000;   0;   7.8;   9.0;  978.68;    5.6;   98.88;    8.2;    3.2;    3.3;eor
        867;20200110;   10;  10.7;   3.7;    3;   1.6;   6;    0.000;   0;   7.8;   8.9;  978.00;    6.7;   90.67;    8.1;    3.8;    3.3;eor
        867;20200111;   10;   8.9;   1.9;    3;   0.0;   0;    0.867;   0;   6.7;   5.9;  990.07;    1.6;   86.79;    3.9;   -1.4;   -2.9;eor
        867;20200112;   10;   8.0;   1.9;    3;   0.0;   6;    0.000;   0;   7.5;   5.5;  985.15;   -0.4;   91.96;    1.3;   -3.3;   -4.7;eor
        867;20200113;   10;   7.0;   2.2;    3;   0.6;   6;    0.000;   0;   8.0;   7.3;  980.52;    2.8;   96.88;    4.0;    1.1;    0.8;eor
        867;20200114;   10;   7.5;   2.8;    3;   0.0;   6;    0.367;   0;   8.0;   6.5;  974.80;    4.0;   80.92;    8.0;    0.6;   -0.6;eor
        867;20200115;   10;   5.4;   2.2;    3;   0.0;   6;    6.550;   0;   5.4;   6.6;  978.02;    6.2;   70.13;    9.5;    2.2;    0.8;eor
        867;20200116;   10;   6.1;   2.7;    3;   0.0;   6;    3.917;   0;   4.1;   7.5;  986.15;    5.7;   81.83;    9.4;    2.8;    1.4;eor
        867;20200117;   10;   6.2;   2.8;    3;   0.1;   6;    5.100;   0;   3.8;   6.6;  979.43;    2.2;   91.88;    4.8;   -1.3;   -2.4;eor
        867;20200118;   10;  10.2;   2.4;    3;   0.3;   8;    1.600;   0;   7.4;   6.7;  983.25;    2.8;   89.92;    5.3;    0.2;   -0.8;eor
        867;20200119;   10;   5.7;   1.8;    3;   0.1;   8;    0.583;   0;   7.3;   6.1;  992.80;    1.0;   92.67;    3.9;   -1.0;   -2.2;eor
        867;20200120;   10;   5.2;   2.5;    3;   0.0;   0;    1.633;   0;   5.4;   5.5; 1002.95;    1.1;   83.38;    3.7;   -3.1;   -4.3;eor
        867;20200121;   10;   4.4;   1.4;    3;   0.0;   0;    7.650;   0;   2.4;   4.6;  999.02;   -1.9;   86.08;    3.5;   -5.5;   -6.8;eor
        867;20200122;   10;   3.5;   1.2;    3;   0.0;   8;    0.000;   0;   7.9;   4.7;  993.55;   -3.2;   97.42;   -1.7;   -4.9;   -5.3;eor
        867;20200123;   10;   5.3;   1.6;    3;   0.0;   0;    1.100;   1;   5.0;   5.2;  989.94;   -1.1;   91.21;    1.1;   -4.3;   -5.7;eor
        867;20200124;   10;   4.2;   1.5;    3;   0.0;   6;    0.000;   1;   6.5;   4.8;  983.05;   -2.7;   94.63;   -1.4;   -5.7;   -6.6;eor
        867;20200125;   10;   2.9;   1.2;    3;   0.0;   0;    0.000;   1;   8.0;   5.3;  980.83;   -1.6;   96.96;   -1.2;   -1.9;   -1.5;eor
        867;20200126;   10;   3.8;   1.9;    3;   0.0;   6;    0.000;   1;   8.0;   6.3;  978.28;    0.5;   98.50;    2.2;   -1.6;   -1.2;eor
        867;20200127;   10;   8.9;   2.3;    3;   7.7;   6;    0.000;   1;   7.9;   7.4;  971.24;    3.3;   95.38;    6.1;    0.8;    0.1;eor
        867;20200128;   10;  22.4;   6.8;    3;   2.8;   8;    0.833;   0;   7.4;   7.0;  958.40;    3.6;   88.13;    5.5;    0.6;   -0.4;eor
        867;20200129;   10;  13.8;   4.6;    3;   1.3;   8;    0.000;   1;   7.5;   6.0;  966.66;    1.3;   89.46;    3.3;    0.3;   -0.8;eor
        867;20200130;   10;  11.3;   3.6;    3;   2.6;   6;    0.350;   0;   7.9;   7.0;  971.19;    4.2;   85.13;    6.8;    1.2;    0.2;eor
        867;20200131;   10;  12.7;   5.6;    3;   0.5;   6;    1.450;   0;   7.6;  10.9;  968.94;   10.2;   87.33;   12.8;    6.1;    5.6;eor
        867;20200201;    3;  13.1;   5.5;    3;   6.5;   6;    0.017;   0;   7.5;  10.9;  967.12;   10.0;   88.17;   12.0;    6.5;    5.6;eor
        867;20200202;    3;  12.4;   5.2;    3;   6.2;   6;    0.000;   0;   7.9;   9.0;  969.21;    7.5;   85.04;   11.0;    4.4;    3.8;eor
        867;20200203;    3;  13.7;   5.1;    3;  16.7;   6;    0.667;   0;   7.6;   9.1;  970.66;    8.0;   85.17;    9.9;    5.6;    5.2;eor
        867;20200204;    3;  13.5;   5.1;    3;   1.5;   8;    1.450;   0;   6.6;   6.5;  969.21;    2.7;   87.83;    5.5;    0.9;   -0.4;eor
        867;20200205;    3;  13.8;   3.8;    3;   0.0;   0;    7.233;   1;   4.5;   4.9;  988.57;    1.6;   71.67;    4.7;   -1.9;   -3.6;eor
        867;20200206;    3;   2.8;   1.1;    3;   0.0;   7;    0.000;   0;   7.8;   5.2;  989.85;   -0.5;   88.46;    1.4;   -3.1;   -4.7;eor
        867;20200207;    3;   7.1;   1.7;    3;   0.0;   0;    0.000;   1;   7.0;   5.6;  987.33;    1.5;   82.54;    3.8;   -0.1;   -2.0;eor
        867;20200208;    3;   5.6;   2.6;    3;   0.0;   0;    6.000;   0;   3.4;   5.4;  983.50;    1.1;   82.21;    5.0;   -1.9;   -3.0;eor
        867;20200209;    3;  17.3;   4.8;    3;   9.1;   6;    3.950;   0;   6.8;   6.7;  974.05;    5.3;   75.46;   11.5;   -1.5;   -2.6;eor
        867;20200210;    3;  27.0;  10.8;    3;   4.1;   8;    2.900;   0;   7.0;   7.8;  958.04;    6.9;   78.21;   12.5;    2.8;    2.7;eor
        867;20200211;    3;  26.0;   9.1;    3;   2.5;   8;    3.867;   1;   6.4;   5.5;  963.65;    2.9;   73.96;    5.9;   -0.4;   -1.6;eor
        867;20200212;    3;  16.2;   5.6;    3;   0.0;   8;    5.367;   1;   6.3;   5.4;  973.13;    1.7;   78.75;    5.3;   -1.0;   -3.7;eor
        867;20200213;    3;  14.0;   3.1;    3;   8.9;   8;    0.017;   0;   7.7;   6.2;  969.83;    2.0;   87.75;    5.6;   -0.7;   -2.4;eor
        867;20200214;    3;  10.6;   3.0;    3;   0.4;   6;    0.333;   0;   8.0;   7.1;  976.81;    3.9;   87.54;    6.8;    1.7;    1.7;eor
        867;20200215;    3;   7.7;   2.4;    3;   0.0;   0;    3.783;   0;   7.6;   7.1;  981.90;    4.9;   82.42;    9.4;    1.8;    0.8;eor
        867;20200216;    3;  12.9;   4.0;    3;   1.9;   6;    0.617;   0;   7.9;   7.1;  973.30;    8.9;   62.67;   13.3;    3.5;    1.0;eor
        867;20200217;    3;  18.0;   4.2;    3;   4.3;   6;    0.000;   0;   7.7;   8.4;  975.29;    7.2;   82.83;   14.8;    3.6;    2.8;eor
        867;20200218;    3;  15.4;   6.5;    3;   0.2;   6;    2.283;   0;   7.3;   6.6;  981.32;    5.2;   74.25;    6.7;    3.9;    3.7;eor
        867;20200219;    3;  14.6;   6.1;    3;   1.6;   8;    0.467;   0;   7.0;   6.0;  977.50;    3.7;   74.88;    5.3;   -1.0;   -3.0;eor
        867;20200220;    3;  13.0;   3.5;    3;   3.2;   8;    0.000;   0;   7.2;   6.4;  977.93;    3.6;   81.46;    7.0;   -1.0;   -2.8;eor
        867;20200221;    3;  17.2;   6.0;    3;   0.0;   6;    2.583;   0;   6.9;   5.9;  983.20;    4.1;   71.42;    6.5;    1.4;    0.2;eor
        867;20200222;    3;  14.3;   5.0;    3;   0.2;   6;    3.500;   0;   6.2;   6.1;  982.49;    5.8;   67.33;    9.5;   -0.4;   -2.4;eor
        867;20200223;    3;  21.1;   9.8;    3;   3.8;   6;    0.000;   0;   7.8;   9.3;  974.87;    8.6;   83.17;   11.3;    4.7;    3.4;eor
        867;20200224;    3;  14.0;   3.7;    3;   2.9;   6;    0.000;   0;   7.1;   6.8;  976.24;    4.0;   82.33;    9.2;   -0.2;   -2.4;eor
        867;20200225;    3;  14.0;   5.9;    3;   3.3;   8;    0.400;   0;   7.6;   8.6;  960.79;    6.7;   87.83;    8.6;    4.1;    2.4;eor
        867;20200226;    3;  13.8;   6.0;    3;   0.9;   8;    0.000;   0;   7.6;   6.1;  957.90;    2.1;   85.75;    4.3;    0.8;    0.2;eor
        867;20200227;    3;  10.3;   4.6;    3;   6.1;   8;    0.033;   0;   7.4;   5.7;  960.96;    1.4;   84.50;    3.7;    0.0;    0.0;eor
        867;20200228;    3;  11.3;   4.0;    3;   5.3;   8;    1.617;   2;   7.7;   5.7;  973.48;    1.2;   85.54;    3.7;    0.0;   -0.4;eor
        867;20200229;    3;  16.7;   4.3;    3;   3.2;   6;    1.383;   0;   7.6;   7.3;  960.99;    4.2;   88.50;    9.5;    0.1;    0.1;eor
        867;20200301;    3;  15.4;   5.2;    3;   1.4;   6;    2.383;   0;   7.8;   7.1;  957.85;    6.3;   75.13;    9.3;    4.0;    2.3;eor
        867;20200302;    3;  21.1;   4.6;    3;   1.1;   6;    4.233;   0;   7.3;   6.4;  953.07;    5.6;   71.29;    9.3;    1.8;    0.6;eor
        867;20200303;    3;  13.2;   4.2;    3;   2.4;   8;    1.850;   0;   6.5;   6.5;  960.51;    3.7;   81.21;    7.0;   -1.6;   -2.9;eor
        867;20200304;    3;   6.0;   1.7;    3;   0.5;   8;    0.250;   0;   6.5;   6.0;  970.63;    1.1;   90.63;    4.4;   -2.0;   -3.1;eor
        867;20200305;    3;  11.1;   4.3;    3;   8.1;   6;    1.917;   0;   7.5;   6.4;  959.69;    3.0;   84.25;    6.5;   -0.5;   -1.3;eor
        867;20200306;    3;  14.4;   5.4;    3;   4.8;   6;    0.000;   0;   7.7;   7.6;  954.11;    4.6;   89.83;    6.4;    3.0;    2.8;eor
        867;20200307;    3;  11.4;   4.0;    3;   0.3;   6;    0.083;   0;   7.7;   6.3;  974.33;    3.2;   82.46;    4.8;    0.5;   -1.2;eor
        867;20200308;    3;   9.1;   2.6;    3;   3.8;   8;    0.783;   0;   7.3;   6.3;  976.46;    3.9;   78.96;    8.2;   -0.9;   -1.8;eor
        867;20200309;    3;   9.9;   2.8;    3;   0.4;   6;    2.467;   0;   6.5;   7.5;  972.27;    5.8;   81.88;    9.7;    2.4;    0.2;eor
        867;20200310;    3;  12.1;   3.8;    3;  15.9;   6;    0.000;   0;   7.7;   8.1;  970.28;    4.8;   93.08;    9.3;    2.4;    0.2;eor
        867;20200311;    3;  15.3;   7.7;    3;   1.9;   6;    0.000;   0;   7.6;  11.6;  971.26;   11.2;   87.42;   12.8;    9.2;    8.8;eor
        867;20200312;    3;  17.8;   6.4;    3;   2.3;   6;    0.133;   0;   7.3;   8.9;  970.70;    9.7;   72.83;   12.0;    4.6;    1.7;eor
        867;20200313;    3;  15.6;   5.7;    3;   0.0;   6;    1.150;   0;   6.1;   6.0;  976.02;    5.0;   68.92;    8.4;    2.0;   -1.0;eor
        867;20200314;    3;   5.7;   2.3;    3;   0.0;   0;    9.000;   0;   5.4;   5.7;  981.02;    3.9;   72.79;    8.9;   -1.2;   -2.0;eor
        867;20200315;    3;   9.1;   3.9;    3;   0.0;   0;   10.517;   0;   5.7;   4.9;  978.64;    5.4;   57.38;   12.0;    0.3;   -1.2;eor
        867;20200316;    3;   5.9;   2.9;    3;   0.0;   0;   10.000;   0;   6.8;   6.4;  979.48;    7.6;   60.88;   16.3;    0.6;   -1.3;eor
        867;20200317;    3;   5.5;   1.9;    3;   0.0;   6;    1.817;   0;   7.2;   8.6;  987.01;    8.4;   78.46;   14.1;    3.0;    1.7;eor
        867;20200318;    3;   6.5;   2.2;    3;   0.0;   0;    7.117;   0;   3.9;   8.2;  986.81;    7.7;   79.33;   15.6;    0.6;   -0.2;eor
        867;20200319;    3;   6.8;   1.9;    3;   0.0;   0;    8.333;   0;   3.5;   8.9;  983.37;   10.8;   71.00;   17.4;    5.9;    5.7;eor
        867;20200320;    3;  12.5;   3.8;    3;   0.0;   6;    0.317;   0;   7.3;   8.5;  981.04;    8.0;   78.21;   12.3;    4.1;    4.1;eor
        867;20200321;    3;  17.1;   7.6;    3;   0.0;   8;    1.083;   0;   6.6;   5.2;  983.88;    3.1;   67.54;    4.7;   -0.9;   -2.8;eor
        867;20200322;    3;  14.6;   6.6;    3;   0.0;   0;   11.433;   0;   0.0;   3.1;  989.77;    1.0;   48.58;    5.0;   -2.2;   -3.9;eor
        867;20200323;    3;  10.3;   4.9;    3;   0.0;   0;   11.450;   0;   0.0;   2.7;  993.15;    0.7;   42.46;    6.2;   -4.4;   -5.9;eor
        867;20200324;    3;  12.2;   4.5;    3;   0.0;   0;   11.533;   0;   0.0;   2.7;  990.95;    1.4;   41.46;    7.5;   -5.2;   -7.2;eor
        867;20200325;    3;  13.2;   6.1;    3;   0.0;   0;   11.567;   0;   0.0;   2.5;  985.07;    3.0;   34.63;    9.3;   -2.1;   -3.9;eor
        867;20200326;    3;  13.9;   7.3;    3;   0.0;   0;    7.250;   0;   3.3;   4.1;  979.74;    4.4;   48.88;    8.9;   -0.7;   -1.9;eor
        867;20200327;    3;  13.4;   6.9;    3;   0.0;   0;   11.233;   0;   1.4;   5.6;  976.33;   10.8;   43.63;   17.5;    4.9;    3.5;eor
        867;20200328;    3;  10.6;   3.5;    3;   0.0;   0;   11.467;   0;   0.0;   5.9;  976.93;    9.0;   52.88;   15.5;    3.0;   -0.6;eor
        867;20200329;    1;  13.4;   4.1;    1;   0.0;   8;    1.383;   0;   6.3;   5.4;  980.53;    2.8;   72.21;    6.3;   -1.1;   -2.3;eor
        867;20200330;    1;   9.1;   2.9;    1;   0.0;   7;   10.317;   0;   2.6;   3.0;  984.93;    0.8;   48.46;    6.6;   -4.7;   -8.6;eor
        867;20200331;    1;  11.0;   3.6;    1;   0.0;   0;    5.983;   0;   4.4;   3.6;  985.52;    0.8;   57.42;    5.6;   -5.0;   -6.9;eor
        867;20200401;    1;   6.0;   1.8;    1;   0.0;   0;   12.033;   0;   0.1;   3.1;  979.35;    1.0;   50.46;    8.7;   -6.6;   -9.3;eor
        867;20200402;    1;  10.0;   2.7;    1;   0.0;   0;   12.067;   0;   0.7;   3.7;  971.33;    4.2;   48.08;   12.3;   -5.5;   -7.4;eor
        867;20200403;    1;   7.4;   1.5;    1;   0.0;   6;    0.267;   0;   6.5;   6.0;  974.23;    4.8;   69.00;    9.4;   -1.4;   -3.9;eor
        867;20200404;    1;   8.0;   2.3;    1;   0.0;   0;    9.483;   0;   1.8;   5.9;  982.76;    7.1;   61.42;   13.4;   -0.3;   -1.9;eor
        867;20200405;    1;  10.2;   4.9;    1;   0.0;   0;   12.217;   0;   0.0;   5.7;  983.77;   10.4;   47.58;   16.6;    2.9;    0.7;eor
        867;20200406;    1;   5.9;   2.1;    1;   0.0;   0;   12.000;   0;   0.0;   5.9;  982.47;   11.5;   45.38;   20.6;    1.0;   -1.4;eor
        867;20200407;    1;  10.7;   3.3;    1;   0.0;   0;   12.200;   0;   0.1;   7.8;  987.98;   12.9;   55.29;   21.4;    1.9;   -0.3;eor
        867;20200408;    1;   6.5;-999;    1;   0.0;   0;   12.200;   0;  -999;  -999;  984.47;   12.5;-999;   21.6;    5.8;    1.4;eor
        867;20200409;    1;   8.3;   2.3;    1;   0.0;   0;    9.800;   0;   1.5;   7.4;  982.44;   12.9;   52.13;   22.3;    2.5;    0.5;eor
        867;20200410;    1;  10.5;   3.0;    1;   0.0;   0;   12.200;   0;   3.0;   7.5;  983.45;   12.2;   56.38;   19.5;    4.3;    1.5;eor
        867;20200411;    1;   5.6;   2.3;    1;   0.0;   0;   12.400;   0;   5.5;   5.6;  983.08;   11.1;   46.46;   19.1;    1.7;   -1.4;eor
        867;20200412;    1;  11.0;   2.5;    1;   0.0;   6;    9.567;   0;   3.1;   7.0;  976.03;   13.2;   49.25;   22.3;    1.5;   -0.7;eor
        867;20200413;    1;  11.6;   3.6;    1;   0.1;   8;    6.917;   0;   4.3;   6.6;  974.54;    7.6;   61.67;   16.1;   -1.4;   -3.4;eor
        867;20200414;    1;   8.1;   3.0;    1;   0.1;   8;    7.483;   0;   3.8;   3.9;  981.96;    3.5;   50.83;    9.3;   -1.8;   -4.7;eor
        867;20200415;    1;   5.3;   1.9;    1;   0.0;   0;   10.967;   0;   5.3;   5.1;  982.85;    6.4;   55.54;   16.3;   -2.5;   -3.6;eor
        867;20200416;    1;   7.8;   2.4;    1;   0.0;   0;   12.850;   0;   3.3;   6.2;  976.92;   11.8;   49.46;   21.5;    0.2;   -1.6;eor
        867;20200417;    1;   7.9;   2.2;    1;   0.0;   0;   10.700;   0;   2.0;   8.0;  974.84;   14.0;   52.63;   22.9;    3.9;    2.2;eor
        867;20200418;    1;   6.6;   1.7;    1;   0.2;   6;    3.433;   0;   6.9;   9.9;  974.45;   14.5;   61.21;   20.1;    6.9;    5.1;eor
        867;20200419;    1;  13.7;   4.6;    1;   0.0;   6;    3.500;   0;   4.7;   7.7;  976.53;   11.0;   58.83;   14.7;    8.0;    6.4;eor
        867;20200420;    1;  16.5;   8.2;    1;   0.0;   0;   13.100;-999;   0.0;   4.8;  978.15;   10.7;   38.38;   16.5;    4.8;    3.6;eor
        867;20200421;    1;  16.9;   8.6;    1;   0.0;   0;   13.167;   0;   0.0;   4.9;  977.36;   12.6;   34.29;   18.9;    6.7;    5.2;eor
        867;20200422;    1;  13.8;   6.8;    1;   0.0;   0;   13.217;   0;   0.0;   5.4;  979.19;   13.6;   35.96;   20.0;    7.4;    5.9;eor
        867;20200423;    1;  10.0;   3.5;    1;   0.0;   0;   13.250;   0;   0.3;   6.2;  978.84;   13.4;   42.13;   20.8;    4.9;    1.0;eor
        867;20200424;    1;  11.7;   2.6;    1;   0.0;   0;    8.350;   0;   7.2;   7.1;  970.72;   12.3;   52.92;   20.4;    2.9;    1.3;eor
        867;20200425;    1;   7.8;   2.7;    1;   0.0;   0;   10.683;   0;   2.3;   6.5;  970.31;    9.6;   55.54;   15.7;    2.5;    0.5;eor
        867;20200426;    1;   5.9;   1.9;    1;   0.0;   0;   13.433;   0;   1.3;   5.6;  970.32;    9.7;   51.50;   17.8;    0.0;   -2.0;eor
        867;20200427;    1;  11.4;   2.9;    1;   0.0;   0;   11.633;   0;   2.4;   7.1;  968.36;   12.3;   52.71;   20.6;    1.1;   -0.4;eor
        867;20200428;    1;  10.9;   2.7;    1;   1.8;   6;    3.267;   0;   7.4;  10.4;  965.47;   12.1;   73.63;   17.5;    5.1;    3.9;eor
        867;20200429;    1;  12.3;   2.7;    1;   0.0;   6;    4.033;-999;   6.8;  10.4;  966.39;   12.2;   74.38;   17.3;    7.9;    5.4;eor
        867;20200430;    1;  13.1;   3.7;    1;   1.3;   6;    1.000;-999;   7.8;  10.3;  965.27;   10.9;   79.13;   15.8;    8.4;    5.6;eor
        867;20200501;    1;  14.8;   3.5;    1;   6.8;   8;    2.767;-999;   7.4;   9.5;  963.86;    8.9;   82.79;   12.6;    6.0;    5.4;eor
        867;20200502;    1;  18.4;   4.0;    1;   5.3;   8;    4.333;-999;   6.7;   8.6;  968.30;    7.6;   82.96;   13.0;    4.9;    3.6;eor
        867;20200503;    1;   6.1;   2.0;    1;   0.0;   6;    5.100;-999;   6.9;   8.4;  976.78;    9.1;   74.71;   15.1;    3.9;    2.6;eor
        867;20200504;    1;   8.4;   2.9;    1;   2.0;   6;    1.600;-999;   7.1;   9.0;  975.78;    9.7;   75.38;   16.4;    3.1;    1.1;eor
        867;20200505;    1;   9.6;   2.4;    1;   0.0;   0;   10.533;-999;   2.3;   6.1;  978.04;    7.0;   64.83;   13.4;    0.7;   -0.9;eor
        867;20200506;    1;   7.0;   1.8;    1;   0.0;   0;    8.833;-999;   3.7;   6.1;  982.36;    7.8;   60.92;   15.0;   -1.3;   -3.1;eor
        867;20200507;    1;   9.0;   2.7;    1;   0.0;   0;   13.800;-999;   1.8;   6.8;  981.99;   11.0;   56.17;   19.9;    0.4;   -1.2;eor
        867;20200508;    1;   7.4;   2.4;    1;   0.0;   0;   11.017;-999;   7.7;   7.5;  976.73;   15.4;   46.25;   23.0;    5.2;    4.1;eor
        867;20200509;    1;   7.5;   2.2;    1;   0.1;   6;    3.850;-999;   7.8;  10.3;  972.56;   15.6;   57.96;   20.0;    9.5;    5.6;eor
        867;20200510;    1;  12.7;   2.5;    1;   7.7;   8;    3.367;-999;   7.2;  13.3;  965.93;   15.7;   75.63;   22.1;   10.1;    9.2;eor
        867;20200511;    1;  19.7;   3.8;    1;  10.8;   8;    0.000;-999;   6.9;   8.8;  964.91;    6.7;   85.50;   13.6;   -0.7;   -1.7;eor
        867;20200512;    1;   7.0;   2.2;    1;   0.0;   0;    9.400;-999;   4.1;   5.6;  975.86;    4.6;   69.00;   10.4;   -2.2;   -4.0;eor
        867;20200513;    1;   8.1;   2.0;    1;   0.0;   0;    6.283;-999;   6.8;   6.3;  970.72;    8.0;   61.42;   13.2;   -0.9;   -2.3;eor
        867;20200514;    1;  11.1;   4.0;    1;   0.0;   0;    7.433;-999;   4.7;   7.1;  974.49;    9.4;   61.13;   13.8;    4.3;    2.1;eor
        867;20200515;    1;  10.9;   4.1;    1;   0.0;   0;    9.033;-999;   3.6;   6.5;  977.03;   10.5;   52.00;   15.6;    3.8;    1.2;eor
        867;20200516;    1;   7.3;   2.2;    1;   0.0;   0;   13.800;-999;   1.5;   6.7;  980.45;   10.0;   57.92;   17.6;    1.2;   -0.1;eor
        867;20200517;    1;   9.2;   2.8;    1;   0.0;   0;   13.050;-999;   3.2;   7.9;  981.04;   11.9;   58.75;   17.8;    4.7;    2.1;eor
        867;20200518;    1;   8.5;   2.3;    1;   0.0;   0;   14.183;-999;   3.9;   8.8;  981.96;   13.5;   59.33;   20.9;    3.5;    2.0;eor
        867;20200519;    1;  10.0;   3.0;    1;   0.0;   0;   12.000;-999;   2.8;  10.6;  979.88;   16.0;   60.54;   23.1;    6.7;    4.5;eor
        867;20200520;    1;   7.2;   2.6;    1;   0.0;   6;    0.800;-999;   7.5;  12.0;  980.74;   14.7;   71.92;   18.1;    9.2;    7.8;eor
        867;20200521;    1;   7.0;   2.3;    1;   0.0;   0;   14.133;-999;   2.6;   9.7;  981.51;   15.6;   58.54;   23.0;    6.8;    4.8;eor
        867;20200522;    1;   7.8;   2.4;    1;   7.1;   6;    1.900;-999;   7.8;  12.6;  980.32;   17.1;   64.50;   22.8;    9.0;    8.0;eor
        867;20200523;    1;  11.0;   3.0;    1;   2.3;   6;    0.033;-999;   7.3;  12.4;  982.27;   12.1;   86.38;   16.1;    7.4;    5.6;eor
        867;20200524;    1;  12.6;   3.4;    1;   1.8;   6;    2.783;-999;   7.5;  10.2;  987.18;   10.9;   79.46;   15.3;    7.3;    6.0;eor
        867;20200525;    1;  13.8;   4.3;    1;   0.6;   6;    4.733;-999;   5.3;  10.4;  988.96;   12.4;   74.71;   18.0;    6.6;    4.3;eor
        867;20200526;    1;   5.9;   2.0;    1;   0.0;   0;    6.300;-999;   3.3;   9.1;  992.88;   11.4;   69.46;   17.6;    4.7;    2.5;eor
        867;20200527;    1;   5.5;   1.8;    1;   0.1;   6;    8.033;-999;   5.6;   9.9;  991.13;   14.1;   63.96;   20.2;    4.6;    2.9;eor
        867;20200528;    1;  12.3;   3.9;    1;   0.0;   0;   11.217;-999;   3.6;   8.7;  987.95;   13.8;   56.38;   18.6;    8.0;    6.1;eor
        867;20200529;    1;  10.6;   4.3;    1;   0.0;   0;   12.600;-999;   2.6;   7.8;  985.53;   13.3;   53.25;   18.8;    6.3;    3.9;eor
        867;20200530;    1;  12.2;   4.1;    1;   0.0;   6;    7.750;-999;   7.1;   7.7;  981.90;   12.5;   54.79;   17.9;    6.2;    3.6;eor
        867;20200531;    1;   8.3;   2.5;    1;   0.0;   0;    7.117;-999;   6.8;   8.7;  980.65;   12.4;   61.79;   18.1;    4.3;    1.6;eor
        867;20200601;    1;  10.0;   2.7;    1;   0.0;   0;   14.950;-999;   0.2;   9.6;  980.55;   16.4;   54.58;   23.6;    7.5;    4.1;eor
        867;20200602;    1;   7.7;   2.4;    1;   0.0;   0;   13.200;-999;   2.5;   9.6;  976.16;   17.8;   50.25;   25.6;    8.5;    5.7;eor
        867;20200603;    1;  11.5;   2.4;    1;   0.0;   6;    9.250;-999;   7.7;  10.8;  965.52;   17.7;   55.79;   25.7;    8.9;    7.4;eor
        867;20200604;    1;   8.3;   2.4;    1;   9.5;   8;    0.100;-999;   8.0;  13.7;  956.29;   13.7;   86.38;   16.2;   10.5;    9.4;eor
        867;20200605;    1;  11.2;   4.8;    1;   6.8;   6;    1.300;-999;   7.8;  10.4;  957.93;   10.9;   80.08;   14.3;    7.5;    6.9;eor
        867;20200606;    1;  11.1;   3.6;    1;   1.9;   6;    1.550;-999;   6.9;  10.8;  963.67;   10.9;   83.50;   16.2;    6.5;    4.2;eor
        867;20200607;    1;   6.5;   2.3;    1;   0.0;   6;    1.950;-999;   7.4;  10.8;  968.35;   12.1;   77.38;   15.6;    7.2;    6.5;eor
        867;20200608;    1;   5.4;   2.2;    1;   0.0;   6;    3.533;-999;   7.2;   9.9;  973.32;   11.9;   73.29;   17.9;    5.5;    5.0;eor
        867;20200609;    1;   7.8;   1.9;    1;   4.0;   6;    0.000;-999;   7.8;  11.8;  974.49;   12.9;   79.58;   17.4;    8.9;    8.2;eor
