STATIONS_ID;MESS_DATUM;QN_3;  FX;  FM;QN_4; RSK;RSKF; SDK;SHK_TAG;  NM; VPM;  PM; TMK; UPM; TXK; TNK; TGK;eor
       1200;20181208;   10;  21.3;  12.6;    3;   3.9;   6;    0.000;   0;   7.5;   9.0;  991.37;    7.3;   87.63;    8.7;    5.7;    4.6;eor
       1200;20181209;   10;  19.8;   8.9;    3;   3.4;   8;    0.533;   0;   7.4;   8.5;  991.68;    7.0;   84.88;    8.5;    5.5;    3.6;eor
       1200;20181210;   10;  20.7;   9.3;    3;   1.6;   8;    0.733;   0;   6.5;   7.0; 1010.08;    5.8;   75.92;    7.0;    4.1;    2.7;eor
       1200;20181211;   10;  13.4;   4.7;    3;   0.0;   0;    6.583;   0;   3.5;   6.7; 1018.93;    4.4;   80.29;    6.2;    1.6;   -1.0;eor
       1200;20181212;   10;   6.9;   2.8;    3;   0.0;   6;    0.000;   0;   7.2;   6.8; 1026.78;    3.3;   87.42;    4.9;    0.8;   -2.7;eor
       1200;20181213;   10;   7.6;   3.3;    3;   0.0;   8;    2.100;   0;   6.5;   6.3; 1025.85;    2.2;   88.00;    3.9;   -0.5;   -2.6;eor
       1200;20181214;   10;   7.1;   2.7;    3;   0.0;   8;    0.000;   0;   8.0;   6.0; 1026.60;    1.5;   87.67;    2.5;    0.4;   -0.2;eor
       1200;20181215;   10;  13.0;   2.6;    3;   0.0;   7;    0.000;   0;   7.7;   4.9; 1026.34;    0.0;   79.21;    1.0;   -1.5;   -3.1;eor
       1200;20181216;   10;  11.5;   3.0;    3;   0.8;   8;    0.000;   0;   6.8;   4.9; 1013.44;   -0.7;   84.04;    0.5;   -1.7;   -3.2;eor
       1200;20181217;   10;   5.6;   1.5;    3;   3.6;   6;    0.000;   1;   8.0;   6.5; 1017.29;    1.0;   97.96;    5.6;   -0.8;   -1.1;eor
       1200;20181218;   10;   9.7;   4.4;    3;   0.0;   6;    0.000;   0;   7.9;   8.3; 1020.16;    5.1;   94.04;    6.3;    2.9;    1.4;eor
       1200;20181219;   10;   9.8;   3.5;    3;   0.8;   6;    0.000;   0;   8.0;   7.4; 1011.34;    4.0;   90.17;    5.7;    2.5;    1.0;eor
       1200;20181220;   10;   7.3;   2.9;    3;   5.5;   6;    0.250;   0;   7.9;   8.4; 1009.97;    5.2;   94.75;    6.7;    2.4;    0.1;eor
       1200;20181221;   10;  17.1;   5.9;    3;  12.8;   6;    0.000;   0;   7.6;   9.5;  999.08;    6.7;   96.21;    9.0;    5.6;    4.3;eor
       1200;20181222;   10;  11.0;   3.4;    3;   3.8;   6;    0.000;   0;   7.8;   8.8; 1007.28;    5.6;   96.88;    6.9;    2.9;    2.1;eor
       1200;20181223;   10;  13.0;   6.1;    3;   1.3;   8;    0.000;   0;   7.8;   9.0; 1013.63;    6.0;   96.17;    6.8;    3.7;    3.4;eor
       1200;20181224;   10;  10.1;   4.4;    3;   0.0;   6;    2.367;   0;   5.9;   6.8; 1025.78;    3.1;   88.17;    5.6;   -0.9;   -3.0;eor
       1200;20181225;   10;  13.3;   6.9;    3;   1.1;   6;    0.000;   0;   7.7;   7.9; 1028.61;    6.0;   85.08;    6.8;    5.3;    3.9;eor
       1200;20181226;   10;  12.0;   6.5;    3;   0.1;   6;    0.000;   0;   8.0;   9.7; 1026.48;    6.7;   99.00;    7.5;    5.7;    5.4;eor
       1200;20181227;   10;  11.2;   7.0;    3;   0.1;   6;    0.000;   0;   8.0;   9.4; 1023.28;    6.2;   98.33;    6.8;    5.5;    5.4;eor
       1200;20181228;   10;   9.2;   5.0;    3;   0.0;   6;    0.017;   0;   7.9;   9.6; 1024.85;    6.9;   96.96;    7.7;    6.4;    5.8;eor
       1200;20181229;   10;  18.9;   7.9;    3;   4.1;   6;    0.000;   0;   7.6;  10.0; 1021.21;    7.5;   96.67;    8.4;    6.2;    5.4;eor
       1200;20181230;   10;  18.5;   6.7;    3;   0.0;   6;    1.467;   0;   7.9;   9.0; 1026.20;    6.8;   90.92;    8.0;    4.8;    3.3;eor
       1200;20181231;   10;  14.9;   5.4;    3;   0.2;   6;    0.000;   0;   8.0;   9.9; 1028.24;    6.9;   98.83;    8.3;    4.8;    3.0;eor
       1200;20190101;   10;  26.3;  12.1;    3;   0.4;   8;    2.417;   0;   6.9;   7.8; 1019.17;    6.4;   80.46;    7.9;    3.7;    2.0;eor
       1200;20190102;   10;  16.5;   6.8;    3;   0.0;   0;    6.717;   0;   1.0;   5.2; 1030.90;    2.7;   69.75;    5.4;   -1.4;   -5.7;eor
       1200;20190103;   10;   5.3;   2.3;    3;   0.0;   8;    5.100;   0;   5.0;   5.5; 1035.62;    0.2;   89.00;    3.3;   -6.1;   -7.8;eor
       1200;20190104;   10;  13.7;   6.9;    3;   0.4;   8;    0.000;   0;   7.9;   8.4; 1029.48;    5.3;   94.04;    7.2;    2.8;    0.8;eor
       1200;20190105;   10;  16.5;   6.6;    3;   0.0;   6;    0.117;   0;   7.8;   9.6; 1023.60;    6.8;   96.92;    7.7;    5.1;    5.0;eor
       1200;20190106;   10;   8.7;   3.2;    3;   0.8;   6;    0.000;   0;   7.8;   9.2; 1028.26;    6.1;   97.75;    7.1;    5.2;    5.0;eor
       1200;20190107;   10;  21.4;   7.8;    3;   7.3;   6;    0.017;   0;   7.8;   9.4; 1022.13;    6.5;   96.46;    8.1;    4.1;    2.3;eor
       1200;20190108;   10;  22.3;  12.1;    3;   1.1;   6;    0.383;   0;   7.7;   7.6; 1003.21;    5.9;   81.46;    7.3;    3.6;    2.2;eor
       1200;20190109;   10;  16.4;   8.2;    3;   0.0;   0;    5.250;   0;   5.5;   5.3; 1016.05;    2.2;   74.42;    3.7;   -0.3;   -1.8;eor
       1200;20190110;   10;   8.7;   3.1;    3;   0.6;   6;    0.000;   0;   7.9;   6.0; 1023.95;    1.1;   90.88;    3.8;   -1.3;   -2.3;eor
       1200;20190111;   10;  13.1;   6.7;    3;   0.0;   6;    0.583;   0;   7.9;   8.6; 1017.20;    5.8;   92.96;    7.4;    3.8;    3.6;eor
       1200;20190112;   10;  17.9;   8.2;    3;   6.1;   6;    0.000;   0;   7.9;   8.7; 1008.93;    5.9;   93.38;    6.8;    4.6;    3.7;eor
       1200;20190113;   10;  21.4;  10.1;    3;   2.3;   8;    0.200;   0;   7.9;   8.8;  995.56;    6.4;   90.54;    7.8;    4.2;    2.6;eor
       1200;20190114;   10;  20.6;   9.5;    3;   0.0;   8;    3.317;   0;   5.5;   5.5; 1005.63;    3.2;   71.58;    5.0;    1.7;    0.1;eor
       1200;20190115;   10;  17.2;   9.8;    3;   1.5;   4;    0.000;   0;   7.8;   8.5; 1008.46;    5.7;   92.58;    6.5;    4.1;    3.1;eor
       1200;20190116;   10;  17.8;  10.7;    3;   1.8;   6;    0.000;   0;   7.7;   9.0; 1001.45;    6.4;   93.25;    7.5;    4.8;    4.3;eor
       1200;20190117;   10;  18.1;   9.0;    3;   0.4;   8;    0.950;   0;   7.1;   7.0;  996.83;    3.3;   88.96;    5.1;   -1.8;   -5.2;eor
       1200;20190118;   10;   9.4;   3.3;    3;   0.5;   8;    4.483;   0;   4.8;   5.5; 1015.33;    0.0;   89.33;    3.9;   -4.2;   -8.5;eor
       1200;20190119;   10;   5.1;   2.4;    3;   0.0;   0;    7.017;   0;   6.6;   5.0; 1018.23;   -1.0;   87.88;    2.2;   -4.2;   -7.6;eor
       1200;20190120;   10;   4.5;   1.6;    3;   0.0;   0;    4.117;   0;   5.5;   4.8; 1019.45;   -2.0;   89.83;    2.3;   -5.8;   -7.6;eor
       1200;20190121;   10;   9.7;   4.8;    3;   1.0;   8;    2.667;   0;   5.9;   5.4; 1018.72;   -0.9;   92.88;    2.5;   -6.0;   -8.0;eor
       1200;20190122;   10;   8.8;   3.8;    3;   0.0;   0;    3.283;   0;   7.9;   4.7; 1007.14;   -0.6;   80.04;    0.8;   -3.1;   -4.7;eor
       1200;20190123;   10;   6.9;   2.2;    3;   0.0;   0;    0.300;   0;   7.0;   3.6; 1003.55;   -4.9;   85.42;   -3.1;   -7.1;  -10.7;eor
       1200;20190124;   10;   6.7;   2.3;    3;   0.0;   8;    0.000;   0;   7.7;   3.4; 1012.35;   -4.6;   79.54;   -3.3;   -7.5;  -11.0;eor
       1200;20190125;   10;  10.3;   3.5;    3;   0.8;   8;    0.100;   0;   7.8;   3.8; 1011.57;   -3.1;   76.83;    0.5;   -4.3;   -4.3;eor
       1200;20190126;   10;  10.8;   4.7;    3;   6.4;   8;    0.000;   0;   7.8;   7.7;  998.46;    3.5;   98.29;    5.3;    0.4;    0.0;eor
       1200;20190127;   10;  10.2;   5.4;    3;   4.5;   6;    0.000;   0;   7.1;   8.1;  983.39;    4.4;   96.38;    5.7;    0.8;   -0.8;eor
       1200;20190128;   10;  13.4;   3.8;    3;   0.2;   8;    0.033;   0;   6.5;   6.3;  990.29;    1.3;   93.17;    3.9;   -3.1;   -5.2;eor
       1200;20190129;   10;  10.5;   4.7;    3;   0.5;   8;    2.183;   0;   6.1;   5.9; 1000.57;    0.7;   90.71;    3.9;   -2.2;   -4.6;eor
       1200;20190130;   10;  10.3;   2.9;    3;   0.5;   8;    0.600;   0;   7.9;   5.2;  996.51;   -0.1;   85.58;    1.8;   -1.7;   -3.1;eor
       1200;20190131;   10;   8.4;   2.9;    3;   0.0;   7;    1.100;   1;   5.4;   5.3;  996.69;   -0.2;   88.46;    1.7;   -2.2;   -5.3;eor
       1200;20190201;   10;  10.6;   4.5;    3;   0.0;   0;    0.283;   0;   5.9;   5.0;  994.75;   -0.7;   85.92;    0.7;   -2.8;   -4.8;eor
       1200;20190202;   10;   5.9;   3.1;    3;   0.0;   0;    0.000;   0;   7.8;   5.7; 1000.11;    0.0;   92.67;    1.9;   -2.5;   -4.0;eor
       1200;20190203;   10;   8.1;   3.7;    3;   0.0;   6;    6.933;   0;   3.4;   6.0; 1015.84;    1.3;   89.00;    4.5;   -1.2;   -3.2;eor
       1200;20190204;   10;  16.9;   8.2;    3;   0.3;   8;    0.850;   0;   7.1;   5.8; 1020.54;    1.6;   85.04;    3.2;   -2.6;   -4.9;eor
       1200;20190205;   10;  14.6;   8.2;    3;   0.2;   6;    0.000;   0;   7.2;   7.3; 1022.59;    2.7;   97.54;    4.0;    0.0;   -0.8;eor
       1200;20190206;   10;  10.6;   5.5;    3;  10.1;   6;    0.000;   0;   7.9;   7.6; 1019.05;    3.7;   95.17;    5.0;    1.3;    0.3;eor
       1200;20190207;   10;  19.2;   8.1;    3;   3.0;   6;    2.067;   0;   7.6;   8.3; 1005.18;    5.9;   89.33;    8.1;    4.8;    4.4;eor
       1200;20190208;   10;  16.1;   9.2;    3;   4.2;   6;    0.000;   0;   7.5;   8.6; 1004.33;    6.6;   88.54;    8.4;    4.6;    3.3;eor
       1200;20190209;   10;  23.7;  11.9;    3;   3.1;   6;    0.350;   0;   7.5;   8.3;  996.03;    7.0;   82.50;    8.2;    5.8;    4.4;eor
       1200;20190210;   10;  13.7;   6.2;    3;  17.7;   8;    0.000;   0;   7.6;   8.3;  991.64;    5.4;   92.17;    6.7;    2.7;    2.2;eor
       1200;20190211;   10;  17.6;   8.9;    3;   0.1;   6;    5.517;   0;   5.7;   6.8; 1010.50;    4.9;   78.38;    6.7;    3.2;    1.5;eor
       1200;20190212;   10;  15.0;   6.5;    3;   0.0;   6;    3.467;   0;   8.0;   7.3; 1027.77;    4.8;   84.29;    6.9;    2.8;    1.3;eor
       1200;20190213;   10;  14.5;   8.4;    3;   0.0;   6;    0.000;   0;   8.0;   9.1; 1030.42;    6.3;   95.38;    7.0;    5.6;    5.0;eor
       1200;20190214;   10;  10.0;   4.5;    3;   0.0;   0;    8.367;   0;   4.7;   7.7; 1033.30;    5.1;   87.79;    8.8;    1.3;   -2.7;eor
       1200;20190215;   10;   6.6;   3.1;    3;   0.0;   0;    9.100;   0;   3.2;   6.5; 1030.40;    6.4;   68.75;   12.8;   -0.5;   -4.0;eor
       1200;20190216;   10;   9.8;   5.1;    3;   0.0;   0;    8.250;   0;   4.3;   7.9; 1022.87;    7.8;   73.38;   11.6;    1.7;   -0.4;eor
       1200;20190217;   10;   7.1;   3.4;    3;   0.0;   0;    7.067;   0;   6.0;   8.8; 1020.83;    9.5;   75.00;   13.5;    6.0;    3.0;eor
       1200;20190218;   10;   6.9;   3.8;    3;   1.1;   6;    8.417;   0;   4.5;   7.9; 1015.73;    7.9;   73.54;   13.8;    3.5;    0.9;eor
       1200;20190219;   10;  15.6;   8.4;    3;   0.1;   6;    1.033;   0;   7.4;   8.8; 1012.66;    6.1;   93.42;    7.8;    5.1;    3.3;eor
       1200;20190220;   10;  11.2;   7.0;    3;   0.4;   6;    0.000;   0;   7.9;   8.9; 1018.63;    7.0;   89.17;    8.5;    5.4;    4.7;eor
       1200;20190221;   10;  11.6;   7.1;    3;   1.0;   6;    0.000;   0;   8.0;   9.2; 1022.42;    6.8;   92.96;    7.9;    6.2;    5.2;eor
       1200;20190222;   10;   9.8;   3.4;    3;   0.0;   0;    3.567;   0;   7.1;   7.5; 1037.15;    4.4;   88.33;    6.3;    0.5;   -2.6;eor
       1200;20190223;   10;   6.9;   2.3;    3;   0.0;   0;    8.567;   0;  -999;   5.5; 1040.13;    3.1;   72.71;    8.7;   -0.9;   -3.4;eor
       1200;20190224;   10;   6.2;   2.4;    3;   0.0;   0;    8.450;   0;   2.4;   5.7; 1037.90;    3.8;   72.04;   10.5;   -2.6;   -4.7;eor
       1200;20190225;   10;   5.6;   2.0;    3;   0.0;   0;    9.350;   0;   4.0;   6.7; 1037.16;    3.2;   86.38;   11.2;   -2.5;   -5.3;eor
       1200;20190226;   10;   5.5;   2.1;    3;   0.0;   0;    9.217;   0;   5.2;   7.0; 1033.57;    3.7;   88.21;   10.4;   -3.3;   -3.8;eor
       1200;20190227;   10;   6.3;   3.0;    3;   0.0;   0;    9.650;   0;   1.0;   6.5; 1023.76;    6.2;   70.96;   15.0;   -2.1;   -5.2;eor
       1200;20190228;   10;   9.4;   4.9;    3;   0.0;   6;    0.017;   0;   6.9;   8.4; 1012.32;    5.3;   93.79;    6.7;    4.1;    2.4;eor
       1200;20190301;   10;  10.6;   4.7;    3;   0.0;   0;    0.567;   0;   7.6;   7.0; 1012.26;    5.0;   80.29;    7.6;    3.1;    2.7;eor
       1200;20190302;   10;  11.1;   5.4;    3;   1.0;   6;    2.083;   0;   7.7;   7.1; 1011.37;    5.5;   78.58;    8.3;    3.6;    2.1;eor
       1200;20190303;   10;  15.1;   8.4;    3;   7.8;   6;    0.117;   0;   7.8;  10.6;  999.22;    8.9;   93.17;   10.5;    7.9;    7.6;eor
       1200;20190304;   10;  26.8;  12.9;    3;   3.2;   6;    0.133;   0;   7.5;   9.4;  985.35;    8.0;   86.54;   11.0;    5.5;    5.1;eor
       1200;20190305;   10;  18.9;   9.3;    3;   0.3;   6;    5.117;   0;   4.6;   8.1;  999.06;    5.5;   88.75;    7.5;    1.6;   -0.6;eor
       1200;20190306;   10;  12.2;   5.1;    3;   5.8;   6;    0.000;   0;   7.5;   8.6; 1000.09;    6.5;   88.08;   10.1;    2.0;    0.2;eor
       1200;20190307;   10;  22.4;   8.4;    3;   6.5;   6;    2.017;   0;   7.5;   9.4;  989.06;    8.6;   83.46;   11.5;    5.6;    4.6;eor
       1200;20190308;   10;  20.6;  10.0;    3;   2.3;   6;    3.917;   0;   6.9;   7.8; 1001.36;    6.2;   81.75;    7.9;    3.2;    1.6;eor
       1200;20190309;   10;  25.5;  11.6;    3;   1.4;   6;    0.750;   0;   6.8;   7.9; 1000.83;    6.1;   83.96;    8.4;    2.9;    2.0;eor
       1200;20190310;   10;  18.1;   6.7;    3;   5.2;   8;    2.550;   0;   7.7;   7.4; 1001.95;    5.3;   83.25;    7.3;    1.8;    0.0;eor
       1200;20190311;   10;  15.3;   6.4;    3;   1.4;   8;    5.467;   0;   5.2;   7.3; 1009.01;    4.1;   89.13;    7.3;    0.4;   -2.6;eor
       1200;20190312;   10;  20.0;   7.8;    3;   5.0;   6;    0.133;   0;   7.4;   7.4; 1007.83;    4.6;   87.38;    7.1;   -0.2;   -2.0;eor
       1200;20190313;   10;  21.3;  12.6;    3;   4.4;   6;    0.467;   0;   7.5;   8.2;  992.99;    5.9;   88.33;    7.3;    4.5;    3.3;eor
       1200;20190314;   10;  18.7;   9.6;    3;   5.5;   6;    0.000;   0;   7.7;   8.7;  993.34;    6.2;   91.63;    7.0;    5.4;    4.0;eor
       1200;20190315;   10;  23.0;  11.7;    3;   2.1;   6;    1.667;   0;   7.5;   8.6;  995.55;    6.9;   86.50;    9.5;    5.8;    4.8;eor
       1200;20190316;   10;  20.2;   9.5;    3;  15.0;   4;    0.000;   0;   7.8;   8.7;  999.61;    7.0;   86.46;    9.7;    4.6;    4.7;eor
       1200;20190317;   10;  23.0;  12.0;    3;   4.2;   4;    5.250;   0;   6.0;   8.2;  995.06;    7.0;   81.92;    9.7;    2.5;    1.1;eor
       1200;20190318;   10;  22.5;  11.3;    3;   3.6;   4;    2.750;   0;   6.2;   7.4; 1008.67;    5.6;   81.42;    7.5;    2.8;    1.8;eor
       1200;20190319;   10;  12.3;   5.5;    3;   0.0;   4;    9.033;   0;   4.3;   6.7; 1025.01;    5.3;   75.75;    8.2;    1.8;   -1.3;eor
       1200;20190320;   10;  11.8;   6.2;    3;   0.0;   6;    0.000;   0;   7.4;   9.3; 1029.63;    6.9;   92.58;    9.1;    2.5;    1.0;eor
       1200;20190321;   10;  13.5;   6.9;    3;   0.0;   6;    1.700;   0;   7.8;  10.7; 1032.01;    8.9;   94.00;   11.9;    7.0;    6.9;eor
       1200;20190322;   10;   9.5;   2.8;    3;   0.1;   6;    4.083;   0;   6.3;  11.2; 1029.49;    9.9;   91.75;   15.4;    6.0;    6.0;eor
       1200;20190323;   10;  10.4;   4.8;    3;   0.0;   0;    3.033;   0;   7.7;   9.0; 1027.99;    6.8;   91.25;   10.6;    3.1;    0.7;eor
       1200;20190324;   10;  15.7;   4.7;    3;   3.4;   8;    6.883;   0;   5.5;   7.8; 1025.04;    5.9;   84.96;    8.6;    3.4;    0.9;eor
       1200;20190325;   10;  17.6;   7.3;    3;   3.2;   6;    6.100;   0;   4.8;   7.7; 1016.81;    6.1;   81.79;   10.1;    3.1;    2.1;eor
       1200;20190326;   10;  15.0;   7.6;    3;   0.8;   6;    2.450;   0;   6.9;   8.3; 1025.78;    6.7;   85.04;    8.8;    4.2;    1.7;eor
       1200;20190327;   10;  12.6;   6.9;    3;   1.4;   6;    0.000;   0;   7.9;   9.9; 1029.50;    7.4;   96.21;    8.2;    6.1;    5.1;eor
       1200;20190328;   10;   8.2;   4.5;    3;   0.0;   6;    1.233;   0;   7.7;  10.4; 1033.38;    8.3;   94.71;   10.6;    6.6;    5.5;eor
       1200;20190329;   10;  10.1;   3.8;    3;   0.0;   0;    7.167;   0;   4.6;   9.7; 1029.85;    9.1;   85.00;   13.0;    3.5;   -0.6;eor
       1200;20190330;   10;   9.9;   3.7;    3;   0.0;   6;   10.767;   0;   1.3;   9.3; 1020.77;    8.3;   85.71;   16.5;    1.0;   -1.5;eor
       1200;20190331;   10;  12.1;   5.6;    3;   0.0;   6;   10.067;   0;   2.9;   6.6; 1025.13;    5.7;   71.96;    8.6;    0.2;   -2.6;eor
       1200;20190401;   10;   8.7;   2.8;    3;   0.0;   0;   12.433;   0;   0.0;   5.5; 1024.88;    4.5;   67.67;   10.9;   -1.4;   -4.0;eor
       1200;20190402;   10;  11.0;   2.9;    3;   0.9;   6;    8.800;   0;   4.3;   7.1; 1008.18;    7.6;   68.21;   15.3;   -0.6;   -4.3;eor
       1200;20190403;   10;   9.4;   2.6;    3;   2.7;   6;    0.933;   0;   7.8;  10.3; 1001.76;    9.9;   84.79;   13.7;    6.5;    4.4;eor
       1200;20190404;   10;  12.0;   4.0;    3;   0.0;   0;    0.767;   0;   7.7;   9.8; 1000.34;    7.9;   91.83;   10.2;    6.3;    4.4;eor
       1200;20190405;   10;   8.4;   3.4;    3;   0.0;   6;    0.850;   0;   7.8;  10.4; 1005.02;    8.7;   92.33;   12.6;    6.8;    6.6;eor
       1200;20190406;   10;   7.7;   3.0;    3;   0.0;   0;   10.217;   0;   4.7;  11.1; 1007.75;   11.9;   81.04;   20.3;    5.2;    2.4;eor
       1200;20190407;   10;   5.6;   2.4;    3;   0.0;   0;   11.300;   0;   0.1;  10.0; 1008.71;   11.8;   74.92;   20.5;    4.0;    1.6;eor
       1200;20190408;   10;  11.3;   5.0;    3;   0.0;   6;   10.533;   0;   2.7;   8.1; 1013.04;    8.4;   74.63;   12.4;    3.1;    1.5;eor
       1200;20190409;   10;  11.0;   4.4;    3;   0.0;   0;   11.267;   0;   0.6;   6.1; 1017.67;    4.7;   73.00;   10.0;   -1.3;   -3.8;eor
       1200;20190410;   10;  10.7;   4.6;    3;   0.0;   0;   11.717;   0;   0.8;   4.8; 1020.65;    3.2;   65.25;    9.0;   -2.6;   -5.1;eor
       1200;20190411;   10;   7.4;   3.0;    3;   0.0;   6;    0.000;   0;   7.8;   6.2; 1026.25;    3.8;   77.08;    6.6;    0.8;   -0.7;eor
       1200;20190412;   10;  10.0;   3.5;    3;   0.0;   8;    6.533;   0;   5.8;   5.3; 1028.32;    3.4;   69.92;    7.9;   -1.9;   -4.3;eor
       1200;20190413;   10;  12.6;   5.2;    3;   1.6;   8;    2.250;   0;   6.9;   5.8; 1027.33;    2.5;   79.21;    5.9;   -2.4;   -4.1;eor
       1200;20190414;   10;  11.0;   4.8;    3;   0.0;   6;    2.900;   0;   7.3;   6.9; 1028.47;    5.1;   79.04;    7.7;    0.6;   -0.8;eor
       1200;20190415;   10;  11.2;   5.7;    3;   0.0;   0;   10.567;   0;   2.8;   6.5; 1028.51;    7.4;   64.71;   12.3;    3.1;    1.4;eor
       1200;20190416;   10;  11.4;   5.7;    3;   0.0;   0;   13.167;   0;   0.1;   6.7; 1023.38;    7.4;   66.50;   13.6;    1.3;   -0.1;eor
       1200;20190417;   10;  14.4;   4.7;    3;   0.0;   0;   13.100;   0;   0.8;   6.5; 1026.65;   10.6;   53.79;   17.7;    3.2;    0.4;eor
       1200;20190418;   10;  12.3;   4.6;    3;   0.0;   0;   13.317;   0;   0.0;   7.9; 1030.92;   11.1;   62.42;   19.4;    3.3;    1.2;eor
       1200;20190419;   10;  10.9;   3.8;    3;   0.0;   0;   13.317;   0;   0.4;   8.6; 1032.80;   12.1;   63.83;   22.0;    3.2;   -0.6;eor
       1200;20190420;   10;   8.4;   3.2;    3;   0.0;   0;   13.833;   0;   2.6;   6.3; 1031.71;   11.0;   52.67;   18.9;    2.8;   -1.7;eor
       1200;20190421;   10;   7.2;   2.3;    3;   0.0;   0;   13.933;   0;   0.3;   7.6; 1023.02;   11.8;   57.38;   21.0;    1.8;   -2.8;eor
       1200;20190422;   10;  13.7;   4.6;    3;   0.0;   0;   13.867;   0;   0.0;   7.5; 1015.19;   13.9;   50.71;   21.1;    5.5;    1.4;eor
       1200;20190423;   10;  17.2;   7.2;    3;   0.1;   6;   13.467;   0;   0.0;   8.7; 1007.27;   14.4;   54.58;   19.6;    8.7;    6.7;eor
       1200;20190424;   10;  16.6;   3.9;    3;   0.9;   6;    7.517;   0;   6.5;  12.2; 1002.26;   16.7;   65.04;   23.5;   11.7;   10.2;eor
       1200;20190425;   10;  16.8;   4.5;    3;   0.0;   6;   12.283;   0;   5.8;  11.6; 1007.54;   16.3;   64.71;   21.5;   10.7;    8.4;eor
       1200;20190426;   10;  14.5;   5.7;    3;   2.7;   6;    3.367;   0;   7.9;  12.1; 1010.24;   12.5;   83.79;   16.7;    9.1;    5.8;eor
       1200;20190427;   10;   9.5;   3.6;    3;   2.9;   6;    5.183;   0;   6.5;  11.1; 1010.35;   10.7;   87.00;   16.2;    7.2;    5.9;eor
       1200;20190428;   10;   8.3;   3.9;    3;   3.7;   6;    3.267;   0;   7.5;   9.8; 1017.62;    8.8;   86.79;   10.8;    5.8;    2.5;eor
       1200;20190429;   10;   9.4;   4.0;    3;   0.7;   6;    5.467;   0;   4.8;  10.8; 1022.38;   10.9;   83.04;   17.4;    5.7;    2.1;eor
       1200;20190430;   10;   9.8;   4.7;    3;   0.0;   6;    5.400;   0;   5.9;  10.5; 1021.01;    8.7;   92.58;   13.3;    1.9;   -0.3;eor
       1200;20190501;   10;  13.4;   7.6;    3;   0.0;   6;    0.000;-999;   7.6;  10.0; 1014.53;    8.8;   88.00;    9.6;    8.3;    7.8;eor
       1200;20190502;   10;  16.2;   8.8;    3;   1.0;   6;    0.433;-999;   6.5;   9.5; 1006.09;    8.5;   84.58;   10.0;    5.7;    3.7;eor
       1200;20190503;   10;  17.7;   8.2;    3;   0.9;   8;    5.967;-999;   5.5;   7.0; 1007.44;    6.7;   71.67;    9.5;    4.5;    2.1;eor
       1200;20190504;   10;  14.8;   6.7;    3;   0.0;   6;    9.967;-999;   3.9;   6.0; 1007.43;    6.1;   64.33;   10.5;   -0.5;   -3.9;eor
       1200;20190505;   10;  13.3;   5.8;    3;   0.5;   6;    9.600;-999;   4.4;   6.9; 1016.28;    6.7;   70.21;   11.3;   -1.2;   -5.5;eor
       1200;20190506;   10;  18.7;   8.5;    3;   0.0;   6;    4.867;-999;   6.3;   7.5; 1015.73;    7.7;   71.04;   10.0;    5.6;    3.2;eor
       1200;20190507;   10;  13.6;   4.7;    3;   0.5;   6;   11.617;-999;   4.4;   6.9; 1015.80;    7.8;   65.17;   10.4;    3.6;    0.6;eor
       1200;20190508;   10;  10.0;   2.9;    3;  12.1;   6;    4.667;-999;   7.7;   9.0; 1003.28;    9.7;   75.67;   14.5;    3.3;    0.8;eor
       1200;20190509;   10;   8.7;   3.8;    3;   1.2;   6;    5.133;-999;   6.7;  11.4;  997.22;   12.4;   80.79;   17.6;    7.6;    6.7;eor
       1200;20190510;   10;  11.1;   5.1;    3;   1.4;   6;    3.233;-999;   5.8;   9.7; 1006.91;    9.2;   82.96;   11.3;    1.6;   -1.9;eor
       1200;20190511;   10;  13.7;   4.3;    3;   0.0;   0;   13.250;-999;   1.0;   7.7; 1016.61;    7.8;   74.29;   13.4;    0.6;   -2.6;eor
       1200;20190512;   10;  13.5;   6.0;    3;   0.0;   0;   13.933;-999;   1.0;   7.9; 1031.15;    8.7;   71.38;   12.4;    5.1;    1.5;eor
       1200;20190513;   10;  13.2;   5.7;    3;   0.0;   0;   13.033;-999;   1.5;   8.1; 1037.67;    8.8;   72.67;   13.3;    3.8;    0.6;eor
       1200;20190514;   10;  10.4;   3.1;    3;   0.0;   0;   11.250;-999;   4.8;   7.5; 1034.40;    9.2;   66.58;   15.5;    1.4;   -1.2;eor
       1200;20190515;   10;  13.0;   3.3;    3;   0.0;   0;   12.750;-999;   3.0;   7.4; 1028.33;   10.1;   61.75;   16.7;   -1.0;   -2.6;eor
       1200;20190516;   10;  17.9;   5.8;    3;   1.2;   6;    0.500;-999;   8.0;   8.8; 1019.93;   11.5;   65.00;   15.9;    7.4;    6.5;eor
       1200;20190517;   10;  13.0;   3.9;    3;   0.0;   6;    1.183;-999;   7.5;  11.8; 1010.95;   12.7;   81.29;   17.4;    9.3;    8.9;eor
       1200;20190518;   10;   9.7;   3.5;    3;   0.7;   6;    9.517;-999;   5.3;  13.9; 1007.59;   15.9;   78.71;   22.2;   10.4;    9.5;eor
       1200;20190519;   10;   9.5;   4.4;    3;   0.0;   0;    6.517;-999;   6.3;  14.5; 1006.54;   15.5;   83.67;   22.7;   10.3;    9.2;eor
       1200;20190520;   10;   9.4;   4.3;    3;   0.1;   6;    6.900;-999;   7.3;  15.9; 1005.88;   16.6;   84.96;   22.3;   12.4;   12.6;eor
       1200;20190521;   10;  13.8;   6.5;    3;   2.4;   6;    0.000;-999;   7.9;  14.8; 1008.05;   13.8;   93.33;   16.1;   11.0;   10.5;eor
       1200;20190522;   10;  13.7;   7.2;    3;   0.0;   6;    3.183;-999;   6.7;  11.2; 1015.70;   11.1;   85.25;   13.3;    6.6;    4.6;eor
       1200;20190523;   10;  10.5;   4.3;    3;   0.0;   0;   14.717;-999;   5.0;  10.8; 1016.60;   13.4;   72.88;   19.7;    6.4;    5.1;eor
       1200;20190524;   10;  12.2;   6.3;    3;   0.0;   6;   10.950;-999;   6.4;  11.5; 1012.85;   12.9;   77.50;   18.5;    7.2;    4.7;eor
       1200;20190525;   10;  10.9;   6.0;    3;   0.4;   6;    0.000;-999;   7.8;  10.5; 1015.07;   11.5;   77.17;   13.0;    9.0;    7.7;eor
       1200;20190526;   10;  16.1;   7.8;    3;  13.8;   6;    0.017;-999;   7.7;  14.0; 1008.13;   12.7;   94.21;   15.8;    8.6;    7.8;eor
       1200;20190527;   10;  14.5;   8.6;    3;   0.0;   0;    8.550;-999;   5.3;  12.2; 1005.49;   13.3;   80.00;   16.4;    9.9;    8.2;eor
       1200;20190528;   10;  10.5;   4.7;    3;   0.0;   0;    8.017;-999;   5.5;   9.3; 1009.29;   10.9;   71.75;   14.9;    7.4;    4.4;eor
       1200;20190529;   10;   9.0;   2.6;    3;   0.0;   6;   12.683;-999;   3.7;   7.9; 1020.45;   11.0;   61.33;   14.9;    6.3;    1.9;eor
       1200;20190530;   10;  12.5;   5.9;    3;   2.9;   6;    0.000;-999;   7.8;  13.4; 1018.96;   13.8;   83.04;   16.7;    9.3;    7.4;eor
       1200;20190531;   10;  12.3;   6.5;    3;   0.0;   0;    4.900;-999;   7.7;  16.1; 1021.04;   16.2;   87.25;   18.5;   12.4;   11.0;eor
       1200;20190601;   10;  11.7;   5.2;    3;   0.0;   0;   10.233;-999;   6.6;  14.6; 1020.13;   15.5;   82.67;   18.7;    9.7;    7.3;eor
       1200;20190602;   10;   8.6;   2.6;    3;   0.0;   0;   12.367;-999;   7.2;  17.0; 1013.84;   20.0;   73.38;   28.8;    9.2;    6.5;eor
       1200;20190603;   10;  10.0;   3.7;    3;   0.3;   6;    5.217;-999;   6.7;  14.8; 1011.82;   17.6;   73.67;   22.4;   11.2;    7.8;eor
       1200;20190604;   10;   9.3;   2.9;    3;   1.3;   8;    7.900;-999;   5.0;  14.5; 1011.35;   16.6;   77.21;   22.0;    9.1;    5.3;eor
       1200;20190605;   10;  14.1;   3.9;    3;   0.0;   0;    7.517;-999;   6.9;  18.1; 1007.03;   20.0;   77.58;   24.2;   16.7;   14.7;eor
       1200;20190606;   10;  16.0;   5.3;    3;   0.3;   6;    4.817;-999;   6.4;  15.6; 1008.92;   16.6;   81.75;   21.6;    9.3;    5.6;eor
       1200;20190607;   10;  15.6;   2.9;    3;   1.3;   6;   12.533;-999;   4.6;  12.4; 1012.51;   16.3;   69.25;   21.7;    7.2;    4.9;eor
       1200;20190608;   10;  20.4;   8.7;    3;   0.0;   6;    2.650;-999;   7.0;  12.2; 1013.12;   14.8;   72.54;   17.9;   12.6;   11.2;eor
       1200;20190609;   10;  12.8;   5.5;    3;   0.0;   6;   10.167;-999;   6.1;  12.1; 1021.32;   15.6;   68.83;   19.8;   11.3;   10.2;eor
       1200;20190610;   10;  13.0;   5.8;    3;  23.7;   6;    2.333;-999;   7.9;  14.5; 1014.71;   15.4;   82.63;   19.1;   13.3;   12.6;eor
       1200;20190611;   10;   9.4;   3.8;    3;   5.9;   6;    3.867;-999;   6.0;  16.6; 1010.65;   16.0;   91.46;   20.9;   12.9;   10.7;eor
       1200;20190612;   10;  11.7;   3.6;    3;   2.8;   6;    0.083;-999;   6.8;  17.6; 1009.12;   16.9;   91.46;   20.7;   12.5;   11.0;eor
       1200;20190613;   10;  13.3;   5.1;    3;   0.3;   6;   12.067;-999;   4.3;  13.3; 1011.32;   17.4;   69.17;   22.1;   11.3;    9.6;eor
       1200;20190614;   10;  11.0;   3.3;    3;   1.5;   6;   12.117;-999;   4.2;  15.2; 1014.90;   18.3;   73.29;   25.5;   12.0;    9.7;eor
       1200;20190615;   10;  14.3;   4.7;    3;   9.2;   4;    1.217;-999;   7.3;  17.8; 1011.21;   16.7;   93.42;   19.7;   13.8;   11.9;eor
       1200;20190616;   10;   7.4;   2.8;    3;   5.1;   6;    8.517;-999;   7.0;  14.9; 1018.65;   16.3;   81.04;   22.6;   11.0;    9.1;eor
       1200;20190617;   10;   8.2;   2.7;    3;   0.0;   0;   15.783;-999;   0.3;  15.3; 1019.90;   19.1;   71.38;   24.9;   11.8;    9.5;eor
       1200;20190618;   10;   6.7;   2.9;    3;   1.7;   6;   13.183;-999;   6.7;  18.0; 1014.34;   21.1;   72.83;   27.2;   15.3;   12.9;eor
       1200;20190619;   10;  15.6;   3.2;    3;   3.7;   6;   10.300;-999;   5.0;  19.4; 1007.42;   20.8;   80.83;   29.6;   15.6;   14.3;eor
       1200;20190620;   10;  10.2;   4.3;    3;   0.0;   6;    2.983;-999;   6.5;  16.9; 1009.45;   16.9;   87.71;   19.1;   12.7;   10.6;eor
       1200;20190621;   10;   9.8;   4.2;    3;   0.0;   6;    7.050;-999;   3.6;  13.4; 1017.48;   15.5;   76.33;   19.5;    8.4;    5.5;eor
       1200;20190622;   10;   8.6;   2.1;    3;   0.0;   0;   13.867;-999;   3.0;  11.8; 1023.40;   15.4;   70.08;   21.1;    8.3;    5.2;eor
       1200;20190623;   10;   9.2;   3.3;    3;   0.0;   0;   14.600;-999;   3.3;  14.2; 1022.72;   18.4;   68.50;   24.6;    9.6;    6.9;eor
       1200;20190624;   10;   9.6;   3.3;    3;   0.0;   0;   13.950;-999;  -999;  15.2; 1022.61;   20.6;   65.38;   27.2;   12.8;   10.8;eor
       1200;20190625;   10;   6.9;   2.1;    3;   0.0;   0;   12.517;-999;   7.5;  18.8; 1018.94;   24.5;   62.13;   32.0;   15.3;   12.5;eor
       1200;20190626;   10;  12.7;   6.0;    3;   0.0;   0;    9.050;-999;   4.5;  18.8; 1021.77;   19.6;   81.79;   23.4;   13.8;   12.9;eor
       1200;20190627;   10;  12.2;   6.3;    3;   0.0;   0;    0.033;-999;   7.6;  13.3; 1026.22;   14.8;   78.46;   16.6;   13.4;   12.0;eor
       1200;20190628;   10;   9.6;   4.1;    3;   0.0;   0;   10.767;-999;   3.9;  13.9; 1025.28;   15.3;   80.25;   18.5;   11.3;    5.9;eor
       1200;20190629;   10;   4.8;   1.4;    3;   0.0;   0;   15.667;-999;   0.9;  14.7; 1019.57;   18.5;   71.71;   27.6;    6.5;    4.2;eor
       1200;20190630;   10;  15.1;   6.3;    3;   0.0;   0;   12.200;-999;   2.5;  17.3; 1011.58;   20.0;   74.71;   30.3;   16.3;   13.4;eor
       1200;20190701;   10;  17.0;   9.0;    3;   0.7;   4;    7.517;-999;   4.5;  16.0; 1013.64;   17.6;   79.25;   20.4;   15.1;   13.1;eor
       1200;20190702;   10;  16.3;   8.3;    3;   0.1;   6;    8.883;-999;   4.5;  11.1; 1019.76;   14.7;   66.71;   17.3;   11.2;    8.5;eor
       1200;20190703;   10;  14.1;   6.6;    3;   0.0;   6;    9.000;-999;   4.8;  11.2; 1022.90;   15.0;   65.42;   17.4;   13.0;   11.3;eor
       1200;20190704;   10;  15.7;   8.9;    3;   0.6;   6;    2.400;-999;   7.1;  13.3; 1020.61;   15.6;   74.71;   18.4;   13.1;   11.2;eor
       1200;20190705;   10;  13.9;   7.6;    3;   1.0;   6;    1.317;-999;   7.7;  14.9; 1014.01;   15.6;   83.75;   18.5;   14.0;   13.3;eor
       1200;20190706;   10;  15.3;   7.7;    3;   1.9;   6;    2.633;-999;   7.5;  14.4; 1007.99;   15.1;   83.42;   17.0;   13.7;   12.6;eor
       1200;20190707;   10;  14.0;   7.1;    3;   2.7;   6;    1.617;-999;   7.3;  10.8; 1011.33;   13.6;   69.21;   16.4;   10.8;    9.6;eor
       1200;20190708;   10;  13.0;   5.2;    3;   2.6;   6;    2.700;-999;   7.3;  12.1; 1015.13;   13.2;   80.08;   16.4;   10.7;    9.5;eor
       1200;20190709;   10;  11.6;   4.8;    3;   0.0;   6;    0.500;-999;   7.8;  12.3; 1017.84;   13.7;   78.29;   16.6;   11.9;   10.9;eor
       1200;20190710;   10;   8.3;   3.6;    3;   0.4;   6;    4.917;-999;   7.9;  12.3; 1018.06;   15.0;   72.58;   17.8;   13.2;   12.3;eor
       1200;20190711;   10;   6.6;   2.6;    3;   5.7;   6;    0.533;-999;   7.7;  16.6; 1012.18;   15.5;   93.67;   19.9;   12.3;   11.9;eor
       1200;20190712;   10;  10.1;   3.9;    3;   3.0;   6;    3.433;-999;   7.3;  17.7; 1009.67;   16.5;   94.21;   19.3;   15.0;   14.8;eor
       1200;20190713;   10;  10.6;   4.7;    3;   0.0;   6;    1.067;-999;   7.7;  16.3; 1014.56;   16.4;   87.13;   18.8;   13.7;   13.4;eor
       1200;20190714;   10;   9.7;   4.3;    3;   0.0;   6;    0.017;-999;   7.9;  13.8; 1017.38;   14.3;   84.21;   15.9;   13.2;   12.7;eor
       1200;20190715;   10;  12.3;   6.4;    3;   0.0;   6;    0.150;-999;   7.9;  12.8; 1016.32;   14.4;   77.42;   16.9;   13.3;   12.8;eor
       1200;20190716;   10;  11.9;   6.4;    3;   0.0;   6;    1.083;-999;   7.5;  14.5; 1015.32;   14.9;   85.67;   16.7;   13.7;   13.0;eor
       1200;20190717;   10;   7.8;   3.2;    3;   0.0;   0;    9.167;-999;   4.2;  13.8; 1014.82;   15.2;   80.33;   18.4;   11.2;    8.2;eor
       1200;20190718;   10;   8.4;   2.0;    3;   0.7;   6;    9.167;-999;   5.8;  15.2; 1011.13;   18.1;   75.08;   24.0;    7.1;    5.2;eor
       1200;20190719;   10;   8.3;   3.2;    3;   0.0;   6;    6.733;-999;   7.0;  16.5; 1012.35;   17.3;   83.75;   19.9;   13.7;   10.9;eor
       1200;20190720;   10;  19.4;   3.0;    3;   7.3;   6;    4.933;-999;   7.7;  16.9; 1010.83;   18.9;   78.58;   27.2;   13.6;   11.5;eor
       1200;20190721;   10;  15.3;   6.8;    3;   0.0;   0;    8.667;-999;   4.5;  17.4; 1017.13;   17.6;   86.92;   20.7;   12.8;   10.7;eor
       1200;20190722;   10;  11.8;   4.4;    3;   0.3;   6;    1.317;-999;   7.0;  17.4; 1020.94;   17.2;   88.25;   20.4;   12.9;   11.5;eor
       1200;20190723;   10;   5.8;   3.0;    3;   0.0;   0;   15.100;-999;   0.0;  20.6; 1020.54;   21.6;   81.00;   26.5;   16.0;   13.0;eor
       1200;20190724;   10;   7.8;   2.4;    3;   0.0;   0;   14.267;-999;   3.1;  19.6; 1016.55;   25.3;   64.83;   33.0;   16.8;   14.4;eor
       1200;20190725;   10;   7.9;   2.5;    3;   0.0;   0;   11.133;-999;   7.6;  19.5; 1016.00;   26.9;   57.46;   34.4;   19.9;   18.0;eor
       1200;20190726;   10;  14.2;   4.6;    3;   0.0;   0;   14.283;-999;   4.8;  16.5; 1013.78;   24.0;   57.29;   30.5;   17.1;   14.7;eor
       1200;20190727;   10;  15.0;   6.4;    3;   0.0;   0;   14.200;-999;   2.4;  17.5; 1007.56;   22.1;   67.71;   27.5;   17.3;   15.7;eor
       1200;20190728;   10;  10.9;   4.9;    3;   0.0;   6;    7.650;-999;   5.0;  20.0; 1003.80;   21.8;   77.71;   28.1;   17.6;   16.4;eor
       1200;20190729;   10;   8.9;   3.9;    3;   9.0;   6;    0.117;-999;   7.8;  20.6; 1009.50;   19.7;   89.54;   21.3;   17.3;   16.4;eor
       1200;20190730;   10;   7.1;   2.9;    3;   5.3;   6;   10.050;-999;   3.4;  17.7; 1011.45;   20.1;   76.21;   25.4;   16.2;   14.7;eor
       1200;20190731;   10;  12.7;   3.5;    3;   2.0;   6;    8.450;-999;   5.5;  18.1; 1013.40;   19.4;   81.75;   24.6;   15.6;   13.8;eor
       1200;20190801;   10;   7.0;   2.9;    3;   0.0;   6;    9.050;-999;   3.5;  16.4; 1015.53;   19.0;   76.17;   23.7;   14.2;   13.1;eor
       1200;20190802;   10;   8.2;   2.0;    3;   3.0;   6;    2.083;-999;   6.5;  17.6; 1014.49;   17.7;   87.42;   22.8;   14.9;   12.4;eor
       1200;20190803;   10;  10.1;   3.4;    3;   0.0;   6;   10.467;-999;   1.9;  16.8; 1015.43;   17.9;   82.38;   22.2;   11.3;    9.9;eor
       1200;20190804;   10;   8.7;   3.0;    3;   0.2;   6;    2.367;-999;   7.3;  16.4; 1015.19;   18.0;   79.83;   21.6;   13.3;   10.5;eor
       1200;20190805;   10;   9.2;   2.1;    3;   1.2;   6;    2.717;-999;   7.2;  17.3; 1009.87;   18.4;   82.46;   23.7;   12.5;    9.9;eor
       1200;20190806;   10;  10.0;   4.0;    3;   0.0;   6;    5.083;-999;   6.3;  17.3; 1007.58;   19.0;   79.13;   24.0;   13.4;   10.9;eor
       1200;20190807;   10;  14.5;   4.4;    3;   3.0;   6;    4.033;-999;   4.7;  16.5; 1005.09;   17.4;   83.08;   21.8;   12.8;   10.6;eor
       1200;20190808;   10;  18.5;   7.7;    3;  12.5;   6;    7.000;-999;   4.5;  17.0; 1007.77;   17.9;   83.21;   21.4;   12.7;   12.3;eor
       1200;20190809;   10;   8.0;   2.8;    3;   2.4;   6;    3.500;-999;   6.5;  17.7; 1008.95;   18.1;   85.38;   22.3;   13.3;   11.2;eor
       1200;20190810;   10;  20.4;   8.6;    3;   0.9;   6;    6.800;-999;   4.9;  18.2; 1006.07;   20.6;   75.08;   23.6;   17.5;   16.3;eor
       1200;20190811;   10;  15.1;   7.4;    3;   0.0;   0;    9.200;-999;   5.6;  15.2; 1011.07;   18.9;   70.17;   22.7;   15.7;   14.4;eor
       1200;20190812;   10;  12.5;   5.8;    3;   3.2;   6;    8.000;-999;   4.8;  15.8; 1011.78;   17.3;   80.29;   21.0;   13.1;   11.5;eor
       1200;20190813;   10;  11.5;   5.4;    3;   3.0;   6;    3.600;-999;   7.1;  13.9; 1013.15;   14.8;   83.29;   18.3;   10.2;    8.9;eor
       1200;20190814;   10;  13.7;   4.5;    3;   4.5;   6;    7.200;-999;   6.2;  13.5; 1014.50;   14.9;   80.63;   20.0;   10.6;    9.4;eor
       1200;20190815;   10;  13.6;   5.6;    3;   2.3;   6;    1.767;-999;   7.2;  16.8; 1007.80;   16.4;   89.88;   20.2;   13.3;   12.4;eor
       1200;20190816;   10;  10.5;   4.6;    3;   2.2;   6;    9.767;-999;   6.3;  14.9; 1012.46;   18.0;   72.29;   20.4;   16.1;   14.7;eor
       1200;20190817;   10;  12.7;   5.6;    3;   2.8;   6;    1.450;-999;   7.5;  17.9; 1005.90;   17.7;   87.96;   21.1;   15.5;   14.4;eor
       1200;20190818;   10;  11.9;   4.0;    3;   2.6;   6;    0.700;-999;   6.9;  17.3; 1004.99;   16.3;   93.67;   18.8;   13.9;   12.9;eor
       1200;20190819;   10;  15.5;   5.7;    3;   3.7;   6;    5.550;-999;   4.8;  15.7; 1012.37;   15.9;   87.13;   20.9;   13.1;   11.8;eor
       1200;20190820;   10;   9.2;   4.6;    3;   0.1;   6;   10.283;-999;   2.2;  14.7; 1020.08;   15.9;   82.17;   20.0;   11.0;    9.6;eor
       1200;20190821;   10;   9.8;   3.6;    3;   0.7;   6;    4.000;-999;   4.7;  14.3; 1026.49;   16.2;   78.13;   19.2;   12.0;    9.8;eor
       1200;20190822;   10;  10.5;   3.5;    3;   0.0;   0;   12.633;-999;   5.7;  13.8; 1024.98;   17.1;   73.58;   25.0;   11.3;    9.1;eor
       1200;20190823;   10;   7.8;   3.4;    3;   0.0;   0;   13.383;-999;   6.2;  16.4; 1025.36;   18.1;   80.29;   23.2;   10.9;    8.9;eor
       1200;20190824;   10;   8.1;   2.9;    3;   0.0;   0;   13.250;-999;   0.8;  17.0; 1023.44;   20.3;   74.33;   27.7;   12.5;   10.0;eor
       1200;20190825;   10;   6.6;   2.4;    3;   0.0;   0;   12.183;-999;   0.6;  18.0; 1020.65;   21.5;   72.25;   28.8;   13.7;   11.4;eor
       1200;20190826;   10;   6.0;   2.0;    3;   0.0;   0;   10.717;-999;   0.3;  19.3; 1019.15;   22.9;   71.71;   31.3;   15.7;   14.6;eor
       1200;20190827;   10;   8.1;   2.3;    3;   0.0;   0;   12.200;-999;   3.1;  20.7; 1016.46;   23.5;   73.42;   30.4;   16.0;   14.2;eor
       1200;20190828;   10;  11.3;   2.7;    3;   3.2;   6;   11.583;-999;   5.2;  21.4; 1012.52;   23.6;   75.67;   31.7;   17.9;   17.0;eor
       1200;20190829;   10;  10.8;   4.1;    3;   0.3;   6;    5.083;-999;   5.3;  20.0; 1016.80;   19.4;   88.71;   22.5;   15.1;   12.6;eor
       1200;20190830;   10;   8.3;   2.9;    3;   0.0;   0;    8.883;-999;   7.3;  16.7; 1021.26;   18.5;   79.17;   22.5;   14.2;   12.0;eor
       1200;20190831;   10;  19.8;   3.1;    3;   0.1;   6;   12.200;-999;   2.9;  17.2; 1013.03;   21.2;   70.67;   29.2;   10.0;    7.8;eor
       1200;20190901;   10;  13.9;   5.3;    3;   0.8;   6;    2.967;-999;   6.6;  15.3; 1011.27;   17.4;   76.71;   20.4;   13.3;   10.0;eor
       1200;20190902;   10;  14.2;   5.7;    3;  10.0;   6;    8.300;-999;   5.8;  12.8; 1019.13;   15.6;   72.88;   19.0;   12.1;    9.5;eor
       1200;20190903;   10;  15.5;   7.7;    3;   5.0;   6;    3.950;-999;   6.6;  16.4; 1018.41;   16.4;   87.58;   20.4;   13.1;   12.1;eor
       1200;20190904;   10;  14.9;   6.6;    3;   7.4;   6;    1.100;-999;   7.2;  15.8; 1012.36;   16.2;   86.21;   20.8;   12.8;   11.3;eor
       1200;20190905;   10;  19.5;   6.9;    3;   9.6;   6;    4.650;-999;   4.3;  12.6; 1013.44;   13.8;   79.96;   17.1;   11.2;    8.0;eor
       1200;20190906;   10;  13.9;   7.4;    3;   0.6;   6;    0.700;-999;   7.3;  12.8; 1018.46;   14.0;   80.21;   16.7;   10.9;    8.8;eor
       1200;20190907;   10;   8.9;   4.1;    3;   0.0;   0;    9.967;-999;   4.0;  13.7; 1016.11;   14.3;   85.29;   18.6;    9.8;    7.1;eor
       1200;20190908;   10;   4.6;   1.5;    3;   0.3;   6;    6.950;-999;   5.5;  13.0; 1017.68;   13.2;   86.71;   19.0;    6.7;    5.8;eor
       1200;20190909;   10;   8.5;   2.7;    3;   2.0;   6;    7.700;-999;   7.7;  13.6; 1013.78;   14.4;   83.96;   18.7;    9.2;    7.5;eor
       1200;20190910;   10;  13.8;   7.0;    3;   0.5;   6;    4.050;-999;   5.6;  14.4; 1014.24;   15.6;   80.88;   18.5;   13.0;   10.5;eor
       1200;20190911;   10;  16.9;   7.6;    3;   5.9;   6;    5.000;-999;   4.8;  14.4; 1017.38;   14.1;   89.54;   18.5;    9.4;    7.9;eor
       1200;20190912;   10;  11.7;   5.8;    3;   1.1;   6;    4.517;-999;   6.4;  16.1; 1023.33;   16.3;   87.25;   19.4;   11.7;    9.2;eor
       1200;20190913;   10;  15.4;   6.0;    3;   0.0;   6;    7.083;-999;   5.7;  13.9; 1029.05;   15.6;   78.42;   18.1;   10.7;    6.6;eor
       1200;20190914;   10;   8.3;   2.9;    3;   0.0;   0;    9.050;-999;   5.9;  11.6; 1031.44;   12.4;   81.33;   17.5;    5.2;    2.8;eor
       1200;20190915;   10;  15.8;   7.5;    3;   0.4;   6;    0.167;-999;  -999;  13.6; 1018.87;   14.5;   81.79;   17.8;   10.4;    8.7;eor
       1200;20190916;   10;  12.7;   4.6;    3;   1.0;   6;    3.483;-999;   7.0;  11.4; 1017.96;   13.8;   72.54;   16.5;   10.8;    7.1;eor
       1200;20190917;   10;  22.0;   9.1;    3;   2.5;   6;    5.000;-999;   6.0;  10.6; 1015.19;   12.6;   72.46;   14.7;    9.9;    8.2;eor
       1200;20190918;   10;  16.7;   6.5;    3;   0.0;   6;    8.433;-999;   4.4;   9.6; 1022.99;   12.1;   68.33;   15.4;    8.8;    5.3;eor
       1200;20190919;   10;  11.1;   4.0;    3;   0.0;   6;    4.083;-999;   6.8;  10.5; 1028.07;   11.3;   78.67;   15.4;    7.9;    3.3;eor
       1200;20190920;   10;   9.9;   3.9;    3;   0.1;   6;    0.250;-999;   7.8;  14.0; 1027.16;   13.1;   92.00;   16.5;    7.5;    3.9;eor
       1200;20190921;   10;   5.4;   2.3;    3;   0.0;   0;    9.250;-999;   2.4;  14.8; 1020.80;   14.9;   88.08;   20.0;   10.5;    8.4;eor
       1200;20190922;   10;   8.5;   2.5;    3;   0.0;   0;   11.717;-999;   1.8;  12.9; 1011.54;   15.9;   73.83;   24.5;    8.6;    6.9;eor
       1200;20190923;   10;   8.0;   2.8;    3;   1.6;   6;    7.767;-999;   7.0;  14.3; 1012.38;   15.0;   84.21;   20.1;   10.7;    8.2;eor
       1200;20190924;   10;   5.5;   2.1;    3;   0.0;   0;    4.300;-999;   7.8;  15.6; 1010.22;   15.5;   88.96;   19.8;   13.0;   11.7;eor
       1200;20190925;   10;   4.0;   1.5;    3;   2.8;   6;    0.000;-999;   7.8;  15.0; 1005.14;   13.8;   94.92;   16.5;   11.7;   10.5;eor
       1200;20190926;   10;   8.7;   3.3;    3;   9.2;   6;    0.033;-999;   7.9;  16.3; 1006.75;   14.8;   96.54;   17.9;   11.9;   11.9;eor
       1200;20190927;   10;  11.4;   5.8;    3;   0.4;   6;    4.550;-999;   6.4;  15.6; 1005.28;   15.5;   89.13;   18.3;   13.1;   12.0;eor
       1200;20190928;   10;  16.7;   8.6;    3;  17.0;   6;    4.767;-999;   7.4;  14.3; 1004.67;   14.9;   84.50;   18.1;   12.3;   11.2;eor
       1200;20190929;   10;  14.0;   7.9;    3;  24.4;   6;    0.000;-999;   7.4;  15.7;  996.56;   14.1;   97.13;   15.5;   13.1;   12.5;eor
       1200;20190930;   10;  19.0;   8.0;    3;  15.1;   6;    2.600;-999;   7.3;  13.6;  999.60;   13.7;   86.54;   16.5;   11.3;   10.5;eor
       1200;20191001;   10;  10.2;   3.0;    3;   5.3;   6;    0.000;-999;   7.7;  11.9;  999.69;   10.3;   94.21;   12.4;    7.8;    5.7;eor
       1200;20191002;   10;  15.2;   4.6;    3;   3.3;   8;    5.983;   0;   4.8;   9.8; 1004.63;    9.7;   81.88;   13.1;    3.8;    1.4;eor
       1200;20191003;   10;   6.9;   2.3;    3;   0.1;   6;   10.167;   0;   0.5;   9.7; 1013.42;    8.8;   86.46;   13.2;    3.7;    1.9;eor
       1200;20191004;   10;   8.4;   2.8;    3;   5.4;   6;    0.000;   0;   7.5;  11.1; 1008.03;    8.9;   97.21;   11.1;    7.1;    5.8;eor
       1200;20191005;   10;   9.8;   4.0;    3;   0.0;   0;    8.800;   0;   2.9;   9.9; 1017.12;    8.6;   88.46;   12.8;    5.8;    3.2;eor
       1200;20191006;   10;  10.5;   2.7;    3;   0.0;   0;    3.700;   0;   5.4;   8.7; 1019.47;    7.6;   83.67;   10.9;    2.1;   -0.9;eor
       1200;20191007;   10;   7.5;   2.0;    3;   6.2;   6;    7.200;   0;   5.0;   7.8; 1018.36;    6.8;   80.42;   11.5;    0.4;   -2.6;eor
       1200;20191008;   10;  12.9;   7.1;    3;   3.4;   6;    2.333;   0;   5.9;  13.3; 1002.65;   12.1;   93.67;   15.2;    8.7;    7.8;eor
       1200;20191009;   10;  16.0;   7.1;    3;   0.3;   6;    2.283;   0;   7.4;  12.2; 1001.77;   11.5;   89.42;   13.9;    9.1;    7.9;eor
       1200;20191010;   10;  19.8;   8.9;    3;   1.5;   6;    5.183;   0;   6.3;  11.8; 1005.56;   11.1;   88.92;   14.2;    9.2;    7.9;eor
       1200;20191011;   10;  18.1;  11.3;    3;   8.9;   6;    0.000;   0;   7.5;  14.3; 1004.53;   13.4;   92.46;   14.7;   11.8;   11.0;eor
       1200;20191012;   10;  14.1;   7.4;    3;   3.7;   6;    0.150;   0;   7.8;  13.6; 1006.48;   12.4;   93.88;   14.0;   10.9;   10.3;eor
       1200;20191013;   10;  15.9;   4.1;    3;   2.1;   6;    0.000;   0;   7.8;  15.7; 1007.31;   14.2;   95.75;   20.1;   10.6;   10.1;eor
       1200;20191014;   10;  14.4;   5.7;    3;   1.6;   6;    2.083;   0;   7.0;  14.0; 1011.52;   13.8;   88.46;   15.7;   11.9;   10.9;eor
       1200;20191015;   10;   8.4;   2.7;    3;  26.7;   6;    7.533;   0;   7.4;  14.8; 1005.70;   14.1;   91.88;   18.2;   11.5;   10.1;eor
       1200;20191016;   10;   9.6;   4.0;    3;   4.2;   6;    2.717;   0;   6.2;  14.4; 1006.64;   13.1;   95.54;   14.7;   11.3;    9.6;eor
       1200;20191017;   10;   9.7;   4.2;    3;   5.3;   6;    0.400;   0;   7.5;  14.4; 1007.90;   13.2;   94.83;   14.9;   11.1;    9.2;eor
       1200;20191018;   10;  20.7;   6.1;    3;   5.5;   6;    1.167;   0;   5.8;  12.9; 1004.12;   12.3;   89.63;   16.6;    9.2;    7.4;eor
       1200;20191019;   10;  10.5;   5.6;    3;   0.4;   6;    0.000;   0;   7.9;  11.8; 1004.22;   11.2;   88.58;   13.9;    8.2;    6.8;eor
       1200;20191020;   10;   6.1;   2.6;    3;   0.9;   6;    0.933;   0;   7.8;  12.7; 1009.63;   11.0;   96.88;   12.8;    8.4;    6.9;eor
       1200;20191021;   10;   9.4;   3.2;    3;   2.0;   6;    0.000;   0;   6.7;  13.5; 1016.08;   11.8;   96.83;   14.5;   10.2;    8.1;eor
       1200;20191022;   10;  10.8;   5.0;    3;   0.2;   6;    1.517;   0;   5.3;  12.7; 1021.02;   11.4;   93.88;   14.2;    7.7;    5.5;eor
       1200;20191023;   10;   5.8;   2.1;    3;   0.0;   0;    0.217;   0;   7.1;  12.7; 1017.28;   11.0;   96.50;   12.9;    7.8;    6.1;eor
       1200;20191024;   10;  16.5;   3.9;    3;   0.1;   6;    0.333;   0;   7.8;  14.4; 1007.14;   13.3;   94.04;   15.4;    9.2;    8.4;eor
       1200;20191025;   10;  14.1;   8.0;    3;   1.2;   6;    1.233;   0;   7.5;  13.1; 1013.08;   12.9;   87.75;   14.4;   11.1;    9.9;eor
       1200;20191026;   10;  16.9;  10.1;    3;   2.0;   6;    0.917;   0;   7.9;  14.1; 1007.73;   15.5;   80.08;   17.7;   13.3;   12.3;eor
       1200;20191027;   10;  18.3;  10.7;    3;   2.1;   6;    3.700;   0;   5.7;  10.4; 1012.91;   11.2;   77.92;   14.7;    8.5;    7.1;eor
       1200;20191028;   10;  14.8;   4.9;    3;   0.5;   6;    4.600;   0;   3.0;   9.4; 1019.20;    8.9;   82.58;   11.8;    3.2;   -0.9;eor
       1200;20191029;   10;   7.4;   2.3;    3;   0.0;   0;    8.783;   0;   0.0;   7.3; 1026.30;    4.7;   86.46;   10.0;    0.0;   -3.3;eor
       1200;20191030;   10;   3.6;   1.5;    3;   0.0;   0;    6.567;   0;   1.5;   6.6; 1030.15;    3.2;   87.21;    9.2;   -1.0;   -4.1;eor
       1200;20191031;   10;   4.5;   1.6;    3;   0.0;   0;    8.350;   0;   4.7;   6.3; 1025.77;    2.0;   89.88;    8.0;   -2.1;   -4.5;eor
       1200;20191101;   10;   8.3;   2.5;    3;   2.7;   6;    0.000;   0;   6.8;   6.9; 1008.00;    2.3;   94.21;    6.1;   -1.1;   -3.0;eor
       1200;20191102;   10;  11.5;   4.3;    3;   5.6;   6;    1.800;   0;   7.1;  11.9;  987.96;   10.4;   93.38;   15.1;    6.1;    5.8;eor
       1200;20191103;   10;   8.8;   2.6;    3;   8.0;   6;    0.483;   0;   7.6;  11.5;  986.42;   10.3;   91.83;   12.2;    8.4;    6.8;eor
       1200;20191104;   10;   7.7;   2.4;    3;   1.6;   6;    0.100;   0;   6.9;  11.7;  987.83;    9.8;   96.83;   11.3;    5.8;    3.9;eor
       1200;20191105;   10;   7.9;   3.0;    3;   4.9;   6;    0.000;   0;   7.9;  10.4;  994.77;    7.7;   99.04;    9.6;    6.4;    5.9;eor
       1200;20191106;   10;   5.4;   2.2;    3;   0.0;   6;    0.317;   0;   7.6;   9.0; 1000.13;    6.1;   94.75;    7.7;    4.7;    1.8;eor
       1200;20191107;   10;   9.1;   2.8;    3;   5.8;   6;    0.133;   0;   7.6;   8.2; 1000.63;    4.2;   98.63;    8.2;    0.3;   -1.5;eor
       1200;20191108;   10;   8.4;   3.3;    3;   0.0;   0;    7.867;   0;   3.5;   8.5; 1005.78;    5.7;   93.00;    9.3;    2.9;    0.2;eor
       1200;20191109;   10;   5.3;   1.9;    3;   0.1;   6;    0.250;   0;   6.7;   8.2; 1006.62;    4.1;   99.38;    6.3;    1.3;   -0.2;eor
       1200;20191110;   10;   9.5;   3.9;    3;   0.0;   6;    1.217;   0;   6.6;   8.2; 1010.80;    5.5;   91.42;    8.0;    2.5;    1.1;eor
       1200;20191111;   10;  12.3;   4.9;    3;   0.0;   6;    3.833;   0;   7.3;   7.2; 1005.39;    4.1;   88.04;    5.8;    1.3;    0.3;eor
       1200;20191112;   10;  14.9;   6.7;    3;   2.9;   6;    0.767;   0;   5.9;   7.8;  999.03;    5.2;   87.33;    7.2;    2.7;    1.0;eor
       1200;20191113;   10;  11.5;   5.5;    3;   0.0;   6;    0.000;   0;   4.9;   7.6;  997.95;    4.1;   92.25;    6.3;    1.5;    0.0;eor
       1200;20191114;   10;   7.3;   3.1;    3;   0.0;   0;    5.017;   0;   4.9;   7.6; 1005.89;    4.1;   92.75;    7.5;    1.3;   -0.6;eor
       1200;20191115;   10;  13.8;   5.0;    3;   0.0;   6;    0.000;   0;   7.8;   8.0; 1006.44;    5.1;   90.67;    7.0;    3.3;    2.0;eor
       1200;20191116;   10;  15.7;   5.9;    3;  10.5;   6;    0.000;   0;   7.9;   9.1; 1004.50;    6.1;   95.92;    7.0;    4.1;    2.4;eor
       1200;20191117;   10;  11.2;   4.0;    3;   2.0;   6;    2.433;   0;   6.2;   7.4; 1012.29;    3.9;   91.63;    5.9;    1.2;   -0.1;eor
       1200;20191118;   10;  10.5;   3.4;    3;   7.9;   6;    0.000;   0;   8.0;   9.7; 1003.49;    6.8;   97.92;    8.4;    4.8;    4.5;eor
       1200;20191119;   10;  12.4;   5.1;    3;   1.1;   6;    0.850;   0;   7.3;   9.0; 1009.50;    6.3;   94.50;    9.3;    2.7;    0.9;eor
       1200;20191120;   10;   5.8;   1.9;    3;   0.6;   6;    0.000;   0;   7.4;   7.2; 1018.10;    2.3;   99.75;    3.8;   -0.5;   -1.4;eor
       1200;20191121;   10;   6.6;   2.3;    3;   1.4;   6;    0.000;   0;   7.8;   8.7; 1011.78;    4.9;   99.92;    7.6;    2.3;    0.8;eor
       1200;20191122;   10;   9.1;   2.1;    3;   0.0;   0;    1.417;   0;   7.8;   9.3; 1007.46;    6.6;   95.71;    8.4;    4.2;    2.4;eor
       1200;20191123;   10;  11.5;   5.1;    3;   0.0;   0;    3.383;   0;   7.5;   9.4; 1006.45;    7.6;   89.58;    9.2;    5.8;    5.2;eor
       1200;20191124;   10;  12.2;   4.4;    3;   0.0;   0;    0.000;   0;   8.0;   8.3; 1009.33;    5.1;   95.04;    6.1;    4.2;    4.0;eor
       1200;20191125;   10;   5.6;   1.9;    3;   0.5;   6;    0.000;   0;   7.9;   8.7; 1010.25;    5.2;   97.96;    5.7;    4.9;    4.7;eor
       1200;20191126;   10;   7.5;   2.9;    3;   0.2;   6;    0.000;   0;   7.9;   9.6; 1003.46;    6.6;   98.54;    8.8;    4.7;    4.4;eor
       1200;20191127;   10;   8.4;   3.0;    3;   4.2;   6;    0.000;   0;   7.7;  10.7;  991.18;    8.7;   95.25;    9.6;    8.1;    7.2;eor
       1200;20191128;   10;  15.9;   6.9;    3;   4.3;   6;    0.000;   0;   7.3;  10.7;  984.74;    8.7;   94.42;    9.7;    6.6;    5.0;eor
       1200;20191129;   10;  20.3;   5.8;    3;   0.3;   6;    6.533;   0;   2.1;   6.8; 1003.99;    4.4;   81.04;    7.7;    0.2;   -3.4;eor
       1200;20191130;   10;   6.3;   2.3;    3;   0.2;   6;    2.517;   0;   4.2;   7.5; 1019.96;    3.8;   92.92;    6.8;    1.2;   -2.6;eor
       1200;20191201;   10;   5.7;   2.1;    3;   1.7;   6;    3.350;   0;   5.9;   6.9; 1020.93;    1.7;   99.42;    4.1;   -1.4;   -3.9;eor
       1200;20191202;   10;   9.9;   3.6;    3;   0.1;   6;    2.750;   0;   5.3;   7.7; 1020.70;    4.5;   90.58;    7.1;    2.0;   -1.1;eor
       1200;20191203;   10;  12.7;   6.0;    3;   0.2;   6;    0.467;   0;   7.7;   9.0; 1023.45;    5.9;   96.83;    7.6;    2.6;    0.3;eor
       1200;20191204;   10;  11.6;   6.0;    3;   0.0;   6;    0.000;   0;   6.4;   8.6; 1020.27;    5.1;   97.92;    6.2;    1.2;   -0.2;eor
       1200;20191205;   10;  17.5;   6.5;    3;   0.5;   6;    4.167;   0;   4.6;   7.5; 1014.80;    3.3;   95.71;    6.2;    0.0;   -1.6;eor
       1200;20191206;   10;  18.2;  11.7;    3;   4.7;   6;    0.000;   0;   7.6;   9.4; 1001.52;    6.3;   97.58;    8.0;    4.4;    3.8;eor
       1200;20191207;   10;  15.0;   8.4;    3;   3.5;   6;    0.583;   0;   7.8;  10.4; 1003.32;    8.0;   96.71;    8.9;    7.2;    6.6;eor
       1200;20191208;   10;  22.3;  11.7;    3;   1.8;   6;    0.117;   0;   6.1;   9.6;  994.39;    8.1;   88.33;    9.4;    6.2;    4.8;eor
       1200;20191209;   10;  17.6;   8.3;    3;   0.5;   6;    0.667;   0;   4.8;   8.0;  996.82;    6.2;   84.46;    7.2;    4.9;    3.4;eor
       1200;20191210;   10;  16.1;   6.3;    3;   0.7;   6;    2.400;   0;   5.7;   6.9; 1016.27;    4.6;   81.83;    7.1;    1.1;   -2.7;eor
       1200;20191211;   10;  18.5;   6.5;    3;   0.5;   6;    0.000;   0;   7.6;   8.5; 1004.86;    5.7;   92.71;    6.3;    4.2;    3.2;eor
       1200;20191212;   10;  10.7;   4.8;    3;   0.0;   6;    1.350;   0;   4.9;   7.8;  996.72;    4.3;   93.58;    6.2;    1.8;    0.2;eor
       1200;20191213;   10;  11.8;   3.1;    3;   0.7;   8;    1.367;   0;   4.9;   6.2;  981.17;    1.7;   89.38;    2.5;    0.2;   -1.4;eor
       1200;20191214;   10;  20.9;   9.3;    3;   5.6;   6;    0.533;   0;   7.1;   7.8;  983.06;    4.5;   92.17;    6.1;    1.7;    1.4;eor
       1200;20191215;   10;  28.3;  11.2;    3;   2.4;   6;    3.650;   0;   4.9;   7.7;  993.33;    5.6;   84.08;    7.7;    2.5;    1.1;eor
       1200;20191216;   10;  12.1;   5.4;    3;   3.2;   6;    0.100;   0;   7.1;   8.4; 1003.77;    5.7;   90.96;    7.3;    3.6;    2.1;eor
       1200;20191217;   10;  13.1;   3.9;    3;   3.1;   6;    0.000;   0;   7.9;  10.1; 1000.00;    8.2;   92.63;   11.3;    5.1;    4.4;eor
       1200;20191218;   10;  15.1;   5.9;    3;   0.0;   0;    3.033;   0;   6.3;   9.0; 1012.50;    6.2;   94.54;    9.0;    3.9;    1.0;eor
       1200;20191219;   10;   8.4;   3.1;    3;   0.0;   0;    5.767;   0;   6.1;   8.9; 1009.77;    6.6;   90.17;   10.3;    3.5;    1.2;eor
       1200;20191220;   10;   9.4;   3.4;    3;   6.3;   6;    0.517;   0;   6.3;   9.0;  990.82;    7.0;   89.75;    9.2;    4.0;    1.4;eor
       1200;20191221;   10;   9.8;   4.5;    3;   0.0;   6;    1.800;   0;   6.3;   8.8;  988.57;    7.0;   88.13;    8.7;    4.4;    2.5;eor
       1200;20191222;   10;   7.1;   2.2;    3;   1.5;   6;    0.133;   0;   7.8;   8.2;  985.08;    4.8;   95.08;    6.5;    3.1;    0.4;eor
       1200;20191223;   10;  12.9;   7.2;    3;   0.4;   6;    0.333;   0;   7.7;   9.5;  998.97;    6.8;   96.50;    7.9;    5.5;    5.0;eor
       1200;20191224;   10;  11.5;   4.3;    3;   6.5;   6;    0.000;   0;   7.3;   8.9; 1006.44;    5.7;   96.71;    7.1;    3.2;    2.5;eor
       1200;20191225;   10;   8.2;   2.9;    3;   0.6;   6;    0.050;   0;   7.6;   8.7; 1015.13;    5.5;   96.54;    7.2;    3.1;    2.0;eor
       1200;20191226;   10;  10.3;   3.4;    3;   0.8;   6;    0.917;   0;   7.1;   8.5; 1022.44;    5.1;   97.08;    7.1;    2.0;   -0.5;eor
       1200;20191227;   10;   8.3;   2.6;    3;   0.0;   0;    0.333;   0;   7.5;   6.4; 1031.55;    2.5;   88.21;    3.7;   -0.2;   -3.3;eor
       1200;20191228;   10;   7.5;   2.3;    3;   0.0;   0;    0.000;   0;   7.9;   5.5; 1040.70;   -0.3;   92.38;    0.8;   -2.2;   -5.6;eor
       1200;20191229;   10;   9.4;   4.8;    3;   0.0;   0;    0.000;   0;   8.0;   5.8; 1034.63;    1.1;   87.88;    4.3;   -1.1;   -2.4;eor
       1200;20191230;   10;  13.6;   7.6;    3;   0.0;   6;    4.833;   0;   5.2;   6.1; 1024.30;    5.3;   68.83;    7.0;    3.7;    1.4;eor
       1200;20191231;   10;  10.0;   5.1;    3;   0.0;   0;    5.150;   0;   4.4;   8.2; 1029.33;    5.0;   93.63;    7.5;    0.7;   -2.4;eor
       1200;20200101;   10;   7.8;   4.0;    3;   0.0;   0;    0.000;   0;   7.6;   6.7; 1031.32;    1.8;   96.58;    4.9;   -1.4;   -1.5;eor
       1200;20200102;   10;  13.5;   6.3;    3;   0.0;   6;    0.000;   0;   7.9;   6.5; 1023.01;    0.8;   99.79;    4.4;   -0.5;   -0.6;eor
       1200;20200103;   10;  13.6;   7.7;    3;   7.0;   6;    0.000;   0;   7.1;   9.0; 1013.38;    6.0;   95.75;    7.8;    4.2;    2.5;eor
       1200;20200104;   10;  18.0;   7.9;    3;   1.8;   8;    0.783;   0;   5.6;   7.6; 1021.12;    5.2;   85.54;    7.3;    1.1;   -0.3;eor
       1200;20200105;   10;  11.6;   5.4;    3;   0.1;   6;    0.567;   0;   7.2;   8.0; 1029.91;    4.7;   93.21;    6.3;    0.6;   -0.9;eor
       1200;20200106;   10;  12.6;   6.7;    3;   0.1;   6;    0.000;   0;   7.8;   8.5; 1022.68;    5.3;   95.21;    6.6;    2.1;    0.6;eor
       1200;20200107;   10;  15.2;   7.1;    3;   0.8;   6;    2.533;   0;   7.6;   8.7; 1019.97;    5.7;   94.58;    7.4;    3.2;    2.8;eor
       1200;20200108;   10;  15.6;   7.9;    3;   1.6;   6;    0.000;   0;   7.8;  10.2; 1017.76;    7.5;   97.54;    9.6;    4.8;    3.7;eor
       1200;20200109;   10;  13.4;   5.2;    3;  10.1;   6;    0.000;   0;   7.7;  11.4; 1010.44;    9.0;   98.71;   11.5;    4.5;    2.8;eor
       1200;20200110;   10;  15.8;   6.5;    3;   0.1;   6;    0.000;   0;   6.2;   9.5; 1013.05;    6.9;   94.08;   11.0;    2.4;   -1.5;eor
       1200;20200111;   10;  16.1;   7.9;    3;   0.1;   6;    0.450;   0;   7.0;   7.6; 1024.42;    4.8;   88.46;    6.7;    1.9;   -1.4;eor
       1200;20200112;   10;  16.9;  10.6;    3;   7.5;   6;    0.000;   0;   7.5;   9.1; 1014.35;    6.2;   95.38;    7.7;    5.1;    4.7;eor
       1200;20200113;   10;  11.3;   5.8;    3;   2.6;   6;    2.117;   0;   6.8;   8.6; 1014.22;    5.9;   93.08;    7.5;    3.7;    2.6;eor
       1200;20200114;   10;  19.8;   9.5;    3;   4.2;   6;    1.733;   0;   6.9;  10.1; 1001.45;    8.6;   90.46;   11.3;    6.6;    5.8;eor
       1200;20200115;   10;  20.2;  10.6;    3;   0.9;   6;    0.000;   0;   7.1;  10.2; 1006.41;   10.1;   82.75;   12.2;    5.8;    4.6;eor
       1200;20200116;   10;  12.2;   6.1;    3;   0.0;   0;    6.000;   0;   4.8;   8.7; 1022.04;    6.2;   91.63;    7.9;    5.0;    3.1;eor
       1200;20200117;   10;  13.2;   5.4;    3;   2.8;   6;    2.983;   0;   7.1;   9.2; 1013.72;    7.6;   87.75;    9.5;    6.0;    4.5;eor
       1200;20200118;   10;  17.9;   8.8;    3;   1.8;   6;    0.583;   0;   5.0;   8.0; 1018.23;    4.9;   91.75;    6.4;    3.0;    0.7;eor
       1200;20200119;   10;  10.0;   4.0;    3;   0.0;   0;    6.100;   0;   2.8;   7.6; 1034.46;    4.7;   89.46;    7.3;    1.4;   -1.2;eor
       1200;20200120;   10;  10.8;   5.2;    3;   0.0;   0;    0.083;   0;   7.9;   8.5; 1043.45;    5.0;   96.71;    6.7;    1.6;   -1.8;eor
       1200;20200121;   10;  12.5;   7.4;    3;   0.1;   6;    0.000;   0;   7.9;   8.5; 1037.64;    5.2;   96.29;    6.2;    4.2;    4.0;eor
       1200;20200122;   10;  12.5;   5.0;    3;   0.1;   6;    4.900;   0;   6.7;   8.7; 1033.01;    5.5;   96.63;    7.4;    1.1;   -2.0;eor
       1200;20200123;   10;   8.5;   4.2;    3;   0.0;   6;    0.017;   0;   7.5;   8.0; 1030.65;    4.1;   97.42;    6.1;    0.1;   -2.4;eor
       1200;20200124;   10;  11.3;   6.6;    3;   0.0;   6;    0.000;   0;   8.0;   7.9; 1020.86;    3.5;  100.00;    4.3;    2.6;    2.5;eor
       1200;20200125;   10;   9.9;   6.4;    3;   0.0;   6;    0.000;   0;   8.0;   7.9; 1019.11;    3.6;   99.63;    4.2;    2.5;    2.2;eor
       1200;20200126;   10;   8.9;   4.4;    3;   1.6;   6;    0.000;   0;   7.8;   7.1; 1014.80;    2.5;   97.38;    4.2;    1.2;    0.3;eor
       1200;20200127;   10;  11.5;   5.6;    3;   2.7;   6;    0.000;   0;   7.6;   9.3; 1003.47;    6.4;   96.00;    8.1;    4.1;    2.9;eor
       1200;20200128;   10;  19.2;   7.6;    3;  18.7;   8;    0.000;   0;   7.5;   8.3;  988.05;    5.3;   92.58;    6.7;    2.4;    2.1;eor
       1200;20200129;   10;  17.4;   9.4;    3;  11.8;   8;    0.233;   0;   6.6;   7.8;  997.90;    4.5;   92.25;    6.1;    3.0;    2.3;eor
       1200;20200130;   10;  18.6;  10.9;    3;   1.3;   6;    0.000;   0;   7.6;   9.4;  999.92;    6.9;   94.17;    8.3;    4.5;    3.8;eor
       1200;20200131;   10;  16.5;   9.9;    3;   6.5;   6;    1.033;   0;   7.8;  10.3; 1000.19;    8.2;   95.08;   10.2;    6.5;    5.5;eor
       1200;20200201;    3;  22.5;  10.7;    3;   0.1;   6;    0.000;   0;   7.9;  10.8;  997.49;    9.2;   92.25;   10.6;    7.2;    6.4;eor
       1200;20200202;    3;  16.6;   5.4;    3;   0.5;   6;    0.133;   0;   7.6;   8.7; 1003.43;    6.2;   92.25;    7.4;    5.0;    3.8;eor
       1200;20200203;    3;  14.7;   7.4;    3;   0.8;   6;    0.383;   0;   7.9;   9.5; 1004.13;    6.8;   95.50;    8.6;    5.1;    3.3;eor
       1200;20200204;    3;  14.2;   6.9;    3;   0.2;   6;    5.083;   0;   3.3;   7.4; 1008.49;    5.2;   83.79;    7.3;    1.5;   -0.5;eor
       1200;20200205;    3;  10.3;   4.5;    3;   0.0;   6;    5.367;   0;   3.8;   6.6; 1030.81;    3.0;   85.58;    7.0;   -3.0;   -6.0;eor
       1200;20200206;    3;  10.8;   6.0;    3;   0.0;   6;    0.000;   0;   7.9;   8.4; 1028.22;    6.1;   88.75;    7.0;    4.9;    4.3;eor
       1200;20200207;    3;  11.7;   2.8;    3;   0.0;   0;    0.000;   0;   6.6;   8.3; 1027.16;    5.7;   89.88;    6.8;    3.9;    2.3;eor
       1200;20200208;    3;   9.5;   5.0;    3;   0.2;   6;    0.800;   0;   5.6;   7.5; 1018.03;    4.9;   85.54;    7.9;    1.2;   -0.3;eor
       1200;20200209;    3;  26.9;  12.4;    3;  13.2;   6;    0.000;   0;   7.5;   9.5;  996.35;    8.7;   85.21;   11.5;    6.3;    5.1;eor
       1200;20200210;    3;  27.1;  13.8;    3;   6.1;   8;    1.900;   0;   7.7;   8.2;  983.75;    6.5;   84.63;    9.2;    3.3;    2.6;eor
       1200;20200211;    3;  28.8;  15.3;    3;   5.7;   8;    0.550;   0;   7.6;   7.4;  990.35;    4.7;   86.50;    6.4;    1.9;    0.2;eor
       1200;20200212;    3;  25.0;  14.3;    3;   1.0;   8;    0.850;   0;   6.8;   7.1; 1001.74;    5.0;   81.29;    6.4;    2.2;    1.2;eor
       1200;20200213;    3;  13.3;   5.0;    3;   8.3;   8;    0.000;   0;   6.6;   7.0; 1003.91;    2.9;   93.04;    4.9;    0.7;   -0.7;eor
       1200;20200214;    3;  10.4;   2.9;    3;   0.0;   6;    0.767;   0;   7.4;   7.6; 1014.70;    4.2;   92.13;    6.6;    2.7;    2.4;eor
       1200;20200215;    3;  20.5;   8.3;    3;   0.1;   6;    0.617;   0;   7.8;   9.2; 1012.54;    8.1;   85.42;   10.7;    5.3;    4.8;eor
       1200;20200216;    3;  22.0;  11.7;    3;  18.9;   6;    0.000;   0;   7.7;  11.0;  996.12;   10.4;   86.88;   13.8;    6.6;    6.3;eor
       1200;20200217;    3;  23.5;  12.7;    3;   1.4;   6;    5.617;   0;   4.7;   8.3; 1004.45;    7.4;   80.75;    9.5;    5.8;    4.9;eor
       1200;20200218;    3;  23.1;  11.2;    3;   7.1;   8;    2.383;   0;   6.3;   8.2; 1011.20;    6.1;   87.00;    7.4;    3.0;    2.0;eor
       1200;20200219;    3;  18.8;   9.6;    3;   1.5;   6;    3.683;   0;   6.5;   8.1; 1010.38;    5.8;   87.54;    7.2;    2.8;    1.3;eor
       1200;20200220;    3;  20.4;   8.5;    3;   8.2;   8;    0.000;   0;   7.3;   8.9; 1008.42;    6.2;   93.67;    8.6;    2.6;    1.1;eor
       1200;20200221;    3;  20.5;  10.9;    3;   4.6;   6;    2.500;   0;   6.9;   8.3; 1014.90;    6.3;   86.13;    7.6;    3.9;    2.8;eor
       1200;20200222;    3;  27.7;  14.1;    3;   3.3;   6;    0.000;   0;   7.5;   9.0; 1008.79;    7.5;   86.63;    8.6;    6.0;    4.7;eor
       1200;20200223;    3;  20.9;  10.4;    3;   8.1;   8;    0.000;   0;   7.3;   8.1; 1007.30;    5.6;   88.88;    7.2;    3.0;    2.3;eor
       1200;20200224;    3;  16.6;   6.7;    3;  17.4;   8;    0.000;   0;   7.0;   8.3; 1008.58;    4.9;   94.54;    8.5;    0.4;    0.0;eor
       1200;20200225;    3;  25.3;  13.0;    3;   4.9;   8;    4.600;   0;   6.1;   7.8;  991.21;    5.4;   86.83;    8.5;    2.4;    1.2;eor
       1200;20200226;    3;  11.6;   4.8;    3;   2.0;   8;    5.333;   0;   4.3;   7.0;  993.49;    3.7;   87.13;    6.5;    0.4;   -3.3;eor
       1200;20200227;    3;  11.7;   5.0;    3;   3.3;   8;    2.500;   0;   7.0;   7.0;  999.08;    3.0;   92.21;    5.4;    0.6;   -0.9;eor
       1200;20200228;    3;  19.6;   7.1;    3;  10.5;   8;    7.217;   0;   5.2;   7.3; 1007.65;    5.0;   83.54;    7.4;    2.0;    0.5;eor
       1200;20200229;    3;  28.4;   7.9;    3;   4.4;   6;    1.167;   0;   6.7;   8.9;  989.21;    6.9;   88.54;   12.6;    1.4;    0.6;eor
       1200;20200301;    3;  18.5;   9.7;    3;   0.1;   6;    4.433;   0;   5.5;   7.3;  988.91;    5.8;   78.67;    8.8;    2.6;    0.7;eor
       1200;20200302;    3;   8.6;   3.5;    3;   4.9;   6;    3.983;   0;   5.9;   7.7;  990.78;    5.6;   84.42;    9.1;    1.6;   -0.2;eor
       1200;20200303;    3;   9.5;   4.1;    3;   0.6;   6;    6.083;   0;   5.3;   8.2;  998.73;    5.3;   91.96;    8.1;    1.6;   -0.2;eor
       1200;20200304;    3;   9.7;   4.6;    3;   0.0;   0;    2.450;   0;   6.0;   8.1; 1006.80;    4.5;   95.67;    7.4;    1.3;   -0.4;eor
       1200;20200305;    3;   8.8;   3.6;    3;   0.2;   6;    5.183;   0;   5.8;   7.4; 1000.28;    4.2;   89.58;    8.6;   -0.7;   -2.4;eor
       1200;20200306;    3;  12.9;   6.7;    3;   3.8;   6;    0.000;   0;   7.3;   7.9;  996.37;    4.9;   90.92;    5.4;    2.2;    0.6;eor
       1200;20200307;    3;   8.6;   4.4;    3;   0.0;   0;    7.617;   0;   4.4;   7.3; 1012.55;    4.8;   85.29;    7.5;    2.1;    0.5;eor
       1200;20200308;    3;  16.4;   7.5;    3;   0.8;   6;    0.833;   0;   7.8;   9.3; 1008.50;    8.1;   86.29;   10.6;    6.1;    5.0;eor
       1200;20200309;    3;  11.5;   5.7;    3;   6.3;   6;    2.750;   0;   6.7;   9.5; 1007.93;    7.2;   93.92;    8.8;    4.6;    2.4;eor
       1200;20200310;    3;  19.9;   9.6;    3;  10.6;   8;    0.000;   0;   7.5;  10.2;  998.26;    7.7;   96.38;   10.5;    5.0;    4.5;eor
       1200;20200311;    3;  17.1;   8.1;    3;   1.1;   6;    9.933;   0;   3.8;   9.4; 1004.78;    8.2;   86.67;   10.2;    6.0;    4.7;eor
       1200;20200312;    3;  28.2;  13.3;    3;   3.8;   8;    6.833;   0;   4.3;   8.2; 1000.97;    7.1;   80.04;    9.8;    4.1;    2.7;eor
       1200;20200313;    3;  20.3;  10.3;    3;   1.0;   6;    3.167;   0;   4.8;   7.3; 1008.73;    5.4;   80.83;    8.2;    1.2;   -2.6;eor
       1200;20200314;    3;  10.6;   3.3;    3;   0.0;   6;   10.650;   0;   2.4;   6.1; 1020.89;    4.0;   76.67;    8.6;   -1.8;   -4.8;eor
       1200;20200315;    3;  13.9;   7.1;    3;   0.0;   6;    1.250;   0;   7.7;   8.6; 1012.37;    8.8;   75.42;   13.2;    5.0;    3.7;eor
       1200;20200316;    3;  11.1;   5.2;    3;   0.0;   0;    1.450;   0;   5.5;   8.9; 1017.66;    7.4;   85.63;   10.4;    2.0;   -1.5;eor
       1200;20200317;    3;  13.5;   5.6;    3;   0.0;   6;    1.700;   0;   7.3;   8.9; 1025.12;    7.1;   88.08;   10.0;    1.6;   -0.3;eor
       1200;20200318;    3;  15.1;   7.3;    3;   2.3;   6;    0.000;   0;   7.5;   9.5; 1022.18;    8.0;   87.96;    9.8;    6.1;    5.5;eor
       1200;20200319;    3;   7.4;   3.1;    3;   0.0;   0;    5.700;   0;   7.0;   8.6; 1025.80;    6.9;   86.58;    9.8;    5.1;    4.5;eor
       1200;20200320;    3;   9.2;   3.7;    3;   0.0;   0;    5.450;   0;   5.4;   7.3; 1028.56;    6.0;   78.54;   10.0;    1.3;   -0.8;eor
       1200;20200321;    3;  14.5;   5.4;    3;   0.0;   0;   11.350;   0;   0.2;   4.7; 1033.52;    2.8;   63.96;    7.1;   -1.3;   -5.2;eor
       1200;20200322;    3;  11.3;   3.3;    3;   0.0;   0;   11.750;   0;   0.3;   4.6; 1036.73;    2.0;   67.33;    7.4;   -3.0;   -6.6;eor
       1200;20200323;    3;  11.2;   2.6;    3;   0.0;   0;   11.700;   0;   0.8;   3.9; 1037.20;    1.9;   59.17;    7.5;   -3.8;   -7.1;eor
       1200;20200324;    3;  10.0;   3.6;    3;   0.0;   0;   10.050;   0;   5.7;   3.8; 1033.83;    4.4;   46.25;    9.4;   -0.7;   -3.0;eor
       1200;20200325;    3;   8.8;   2.8;    3;   0.0;   0;   11.950;   0;   5.3;   4.0; 1030.75;    4.6;   48.79;   11.6;   -0.9;   -4.7;eor
       1200;20200326;    3;  13.0;   3.2;    3;   0.0;   0;   11.900;   0;   1.3;   4.4; 1027.87;    4.6;   54.96;   11.1;   -1.6;   -5.5;eor
       1200;20200327;    3;  11.1;   4.3;    3;   0.0;   0;   11.933;   0;   0.0;   6.4; 1025.31;    6.2;   69.63;   13.5;   -0.4;   -3.4;eor
       1200;20200328;    3;  14.0;   5.8;    3;   0.0;   8;   11.083;   0;   2.6;   6.7; 1023.30;    4.9;   77.25;   10.9;   -1.0;   -3.2;eor
       1200;20200329;    1;  19.1;   8.4;    1;   0.4;   8;    8.700;   0;   3.0;   4.4; 1029.85;    2.7;   59.83;    5.9;   -1.7;   -6.3;eor
       1200;20200330;    1;  12.9;   5.0;    1;   2.2;   6;    5.800;   0;   4.5;   6.3; 1027.26;    4.3;   74.71;    9.2;   -1.2;   -4.5;eor
       1200;20200331;    1;   9.1;   3.9;    1;   0.3;   8;   12.467;   0;   0.7;   4.9; 1029.92;    2.7;   67.38;    7.2;   -2.4;   -5.1;eor
       1200;20200401;    1;  13.9;   7.8;    1;   1.4;   6;    0.000;   0;   7.8;   8.3; 1018.24;    6.1;   87.92;    8.0;    4.3;    3.3;eor
       1200;20200402;    1;  20.0;  10.2;    1;   1.3;   8;    1.583;   0;   7.3;   8.2; 1007.96;    7.1;   81.88;   10.9;    5.0;    3.6;eor
       1200;20200403;    1;  17.5;   8.6;    1;   0.5;   8;    9.383;   0;   2.7;   6.8; 1012.25;    5.7;   74.54;    8.2;    1.8;   -0.8;eor
       1200;20200404;    1;  10.6;   4.1;    1;   0.1;   6;    6.617;   0;   4.8;   7.6; 1023.38;    6.8;   77.63;   12.6;    0.3;   -1.7;eor
       1200;20200405;    1;  10.4;   2.9;    1;   0.0;   0;   12.633;   0;   0.7;   7.0; 1024.77;    9.7;   60.79;   17.8;    1.7;   -2.4;eor
       1200;20200406;    1;   9.7;   4.1;    1;   0.0;   6;   12.633;   0;   0.3;   8.2; 1019.72;   13.5;   55.21;   21.9;    6.5;    4.6;eor
       1200;20200407;    1;   7.7;   3.6;    1;   0.0;   0;   12.217;   0;   5.0;   9.6; 1030.68;    9.6;   80.67;   14.9;    5.1;    1.1;eor
       1200;20200408;    1;   8.5;   3.0;    1;   0.0;   0;    8.767;   0;   6.9;   9.2; 1025.71;   10.1;   75.50;   17.7;    4.6;    0.4;eor
       1200;20200409;    1;  10.4;   4.5;    1;   0.0;   6;    8.617;   0;   4.2;   8.8; 1025.40;    8.7;   78.71;   12.9;    2.3;   -1.4;eor
       1200;20200410;    1;  10.9;   3.7;    1;   0.0;   0;    8.983;   0;   6.9;   7.4; 1027.90;    5.7;   81.63;   10.2;    0.4;   -3.3;eor
       1200;20200411;    1;   6.3;   2.2;    1;   0.0;   0;   12.133;   0;   5.8;   7.5; 1024.78;    8.8;   70.13;   16.1;   -0.8;   -2.8;eor
       1200;20200412;    1;  13.9;   4.4;    1;   0.0;   0;   12.350;   0;   4.7;   9.2; 1014.29;   11.0;   69.58;   16.3;    7.0;    2.8;eor
       1200;20200413;    1;  19.5;   9.8;    1;   0.1;   8;    9.367;   0;   4.7;   5.7; 1018.36;    6.1;   60.83;    9.2;    3.1;    1.2;eor
       1200;20200414;    1;  13.8;   6.4;    1;   0.0;   6;    6.217;   0;   5.6;   6.6; 1023.13;    5.6;   73.46;    9.0;    0.5;   -2.9;eor
       1200;20200415;    1;  13.8;   8.5;    1;   0.0;   0;   11.517;   0;   3.6;   8.9; 1021.34;    8.2;   81.04;   11.3;    6.0;    4.0;eor
       1200;20200416;    1;  10.6;   4.9;    1;   0.0;   0;    7.667;   0;   7.5;   9.1; 1017.95;    8.3;   83.67;   12.5;    3.4;    0.0;eor
       1200;20200417;    1;   7.8;   3.0;    1;   0.0;   0;   11.817;   0;   1.4;   8.0; 1019.12;    6.8;   81.33;   11.2;    1.4;   -4.4;eor
       1200;20200418;    1;  10.9;   4.4;    1;   0.0;   0;   13.683;   0;   0.3;   6.4; 1019.42;    8.9;   59.83;   15.7;    2.0;   -0.9;eor
       1200;20200419;    1;  12.8;   4.6;    1;   0.0;   0;   13.967;   0;   0.1;   5.6; 1024.09;    7.8;   55.92;   13.8;    1.5;   -1.5;eor
       1200;20200420;    1;  14.2;   5.2;    1;   0.0;   0;   14.033;   0;   0.0;   6.0; 1026.65;    9.4;   53.71;   16.2;    0.7;   -2.7;eor
       1200;20200421;    1;  16.5;   7.1;    1;   0.0;   0;   14.117;   0;   0.0;   7.1; 1026.44;   10.9;   56.00;   15.8;    5.9;    4.4;eor
       1200;20200422;    1;  12.6;   5.1;    1;   0.0;   0;   14.167;   0;   0.0;   7.5; 1026.53;   11.3;   58.88;   17.4;    4.4;    1.0;eor
       1200;20200423;    1;   7.8;   2.6;    1;   0.0;   0;   13.300;   0;   3.2;   8.2; 1021.40;   12.5;   60.67;   20.8;    2.8;   -0.8;eor
       1200;20200424;    1;  14.4;   6.7;    1;   0.0;   0;    8.817;   0;   4.9;   9.2; 1011.25;    9.5;   77.67;   13.8;    6.2;    3.6;eor
       1200;20200425;    1;  11.2;   4.8;    1;   0.0;   0;   13.667;   0;   2.6;   9.1; 1012.02;    9.1;   79.21;   14.2;    4.0;    0.5;eor
       1200;20200426;    1;   7.5;   2.7;    1;   0.0;   0;    1.500;   0;   6.0;   7.7; 1011.55;    7.2;   76.46;    9.7;    2.5;   -1.7;eor
       1200;20200427;    1;   7.4;   3.3;    1;   0.0;   0;   10.333;   0;   3.2;   9.1; 1007.06;   10.5;   72.21;   17.5;    2.3;   -0.4;eor
       1200;20200428;    1;   7.9;   3.2;    1;   4.0;   6;    5.300;   0;   6.4;   9.2; 1005.51;    9.0;   80.58;   13.4;    4.1;    1.1;eor
       1200;20200429;    1;   8.4;   2.5;    1;   8.7;   6;    0.000;   0;   6.7;  10.8; 1003.63;    8.6;   95.71;   12.2;    6.0;    3.8;eor
       1200;20200430;    1;  16.1;   4.0;    1;   1.5;   6;    4.700;   0;   6.8;  10.7;  999.34;   10.4;   85.67;   13.9;    6.8;    6.4;eor
       1200;20200501;    1;  13.0;   4.8;    1;   4.4;   6;    4.433;-999;   7.3;  10.2;  997.86;    9.7;   85.04;   14.4;    7.4;    6.3;eor
       1200;20200502;    1;  11.7;   6.5;    1;   0.0;   6;    3.967;-999;   6.7;  10.4; 1004.11;   10.0;   84.83;   12.6;    7.7;    6.9;eor
       1200;20200503;    1;   9.4;   4.8;    1;   0.1;   6;   12.333;-999;   5.2;   9.9; 1015.28;   10.2;   79.79;   12.8;    6.7;    3.7;eor
       1200;20200504;    1;  12.9;   4.8;    1;   0.0;   0;   10.500;-999;   3.5;   8.2; 1018.86;    8.4;   75.38;   12.4;    4.1;    0.8;eor
       1200;20200505;    1;  13.5;   4.4;    1;   0.0;   0;   12.817;-999;   2.0;   7.4; 1021.45;    8.6;   68.83;   13.6;    3.0;   -1.6;eor
       1200;20200506;    1;  12.9;   5.5;    1;   0.0;   0;   13.750;-999;   2.8;   8.4; 1024.49;    8.4;   77.00;   11.7;    2.8;   -2.1;eor
       1200;20200507;    1;   9.9;   4.8;    1;   0.0;   0;    6.517;-999;   6.3;   9.4; 1022.55;    9.1;   81.63;   12.1;    1.2;   -1.8;eor
       1200;20200508;    1;   7.9;   2.7;    1;   0.1;   6;   14.333;-999;   4.4;   9.2; 1018.20;    9.4;   78.79;   15.5;   -1.7;   -2.8;eor
       1200;20200509;    1;   6.4;   2.6;    1;   0.0;   0;   11.650;-999;   3.0;  11.4; 1014.21;   13.8;   73.71;   19.0;    6.9;    4.8;eor
       1200;20200510;    1;  17.1;   5.9;    1;   0.0;   0;   10.567;-999;   6.8;  10.2; 1007.67;   12.0;   72.38;   20.6;    6.4;    5.4;eor
       1200;20200511;    1;  15.0;   7.9;    1;   0.4;   6;    9.783;-999;   3.8;   6.3; 1012.53;    7.5;   61.42;   11.8;    3.8;    0.5;eor
       1200;20200512;    1;  17.5;   7.0;    1;   5.3;   6;    5.333;-999;   6.9;   8.0; 1014.05;    7.2;   78.63;   10.5;    3.5;    1.0;eor
       1200;20200513;    1;  12.6;   4.3;    1;   1.6;   6;    3.800;-999;   5.9;   7.9; 1012.47;    7.2;   78.33;   10.3;    3.1;    0.4;eor
       1200;20200514;    1;  12.4;   4.3;    1;   0.0;   0;   10.533;-999;   2.2;   6.9; 1019.41;    6.6;   71.29;   11.0;    1.0;   -3.5;eor
       1200;20200515;    1;  15.7;   7.3;    1;   2.6;   6;    3.667;-999;   5.5;   9.2; 1019.19;    8.9;   80.33;   12.3;    4.2;    0.1;eor
       1200;20200516;    1;  14.2;   7.5;    1;   0.0;   6;    3.850;-999;   6.6;  10.1; 1019.19;   10.6;   78.75;   14.7;    7.9;    6.2;eor
       1200;20200517;    1;  15.2;   8.4;    1;   0.1;   6;   11.617;-999;   4.0;  11.0; 1020.19;   11.7;   80.38;   15.6;    8.2;    6.5;eor
       1200;20200518;    1;  12.8;   6.9;    1;   0.5;   6;    0.067;-999;   7.8;  12.4; 1019.41;   12.3;   86.25;   14.5;   11.2;   10.5;eor
       1200;20200519;    1;  11.7;   5.7;    1;   0.0;   0;    7.383;-999;   6.1;  13.0; 1020.14;   12.4;   89.88;   15.2;    8.1;    5.1;eor
       1200;20200520;    1;   7.3;   2.6;    1;   0.0;   4;   13.483;-999;   3.8;  11.3; 1023.10;   12.5;   79.04;   17.1;    5.0;    4.1;eor
       1200;20200521;    1;   6.5;   2.1;    1;   0.0;   0;   13.867;-999;   2.7;  11.7; 1022.45;   15.5;   69.42;   22.2;    6.2;    5.0;eor
       1200;20200522;    1;   8.9;   2.7;    1;   7.7;   6;    2.283;-999;   7.7;  13.7; 1017.08;   15.3;   79.42;   18.9;   11.6;   10.3;eor
       1200;20200523;    1;  15.2;   7.3;    1;   0.1;   6;    8.600;-999;   5.4;  12.4; 1017.98;   13.4;   80.54;   15.3;   10.5;    9.0;eor
       1200;20200524;    1;  16.7;   9.7;    1;   0.0;   6;    6.283;-999;   6.1;  12.0; 1022.10;   13.0;   80.08;   14.6;   11.5;   10.3;eor
       1200;20200525;    1;  14.2;   7.0;    1;   0.0;   6;    2.333;-999;   6.9;  10.9; 1030.24;   11.4;   80.83;   13.1;    9.5;    9.5;eor
       1200;20200526;    1;   7.1;   2.6;    1;   0.0;   0;    7.017;-999;   6.7;  11.7; 1035.16;   11.5;   86.67;   15.3;    2.4;    1.5;eor
       1200;20200527;    1;-999;-999;    1;   0.0;   0;    7.000;-999;   5.0;  11.1; 1033.39;   11.6;   82.09;   18.0;    3.6;    1.7;eor
       1200;20200528;    1;-999;-999;    1;   0.0;   0;   15.350;-999;   1.8;  10.4; 1032.91;   11.8;   75.92;   16.5;    6.6;    2.0;eor
       1200;20200529;    1;   8.3;   3.2;    1;   0.0;   0;   15.967;-999;   0.3;  10.1; 1029.70;   12.9;   70.42;   18.7;    4.9;    3.0;eor
       1200;20200530;    1;  10.3;   3.4;    1;   0.0;   0;   12.667;-999;   2.1;  10.0; 1026.26;   15.4;   60.21;   22.1;    6.7;    1.7;eor
       1200;20200531;    1;-999;-999;    1;   0.0;   0;    9.450;-999;   7.1;  10.0; 1025.81;   14.9;   61.58;   21.3;    8.6;    4.8;eor
       1200;20200601;    1;-999;-999;    1;   0.0;   0;   14.567;-999;   5.1;  10.3; 1025.13;   16.1;   59.08;   23.2;    7.8;    5.7;eor
       1200;20200602;    1;   6.7;-999;    1;   0.0;   0;   14.833;-999;   7.5;  11.9; 1017.61;   18.0;   60.17;   26.0;    8.7;    4.9;eor
       1200;20200603;    1;  10.1;-999;    1;  11.0;   6;    8.900;-999;   7.8;  13.1; 1004.52;   18.3;   66.08;   27.1;   12.2;    9.8;eor
       1200;20200604;    1;  12.5;   3.8;    1;   8.9;   6;    2.550;-999;   7.6;  13.4;  993.80;   14.2;   82.46;   18.4;   11.7;   10.9;eor
       1200;20200605;    1;  17.1;   7.2;    1;   7.5;   6;    5.067;-999;   6.7;   9.7;  990.70;   11.8;   70.92;   16.0;    8.4;    7.5;eor
       1200;20200606;    1;  17.2;   6.9;    1;   0.6;   6;    6.967;-999;   5.8;   9.9;  996.76;   11.3;   74.21;   15.4;    8.9;    7.1;eor
       1200;20200607;    1;  16.2;   6.0;    1;   0.7;   6;    6.800;-999;   4.1;  10.6; 1004.28;   12.3;   74.04;   16.4;    7.3;    5.5;eor
       1200;20200608;    1;   8.6;   3.6;    1;   0.0;   0;   12.583;-999;   1.2;  11.2; 1013.57;   12.5;   77.96;   17.3;    5.9;    3.2;eor
       1200;20200609;    1;   8.3;   3.2;    1;   0.0;   6;   13.350;-999;   2.5;  10.2; 1018.63;   12.3;   71.58;   15.8;    6.9;    3.6;eor
