STATIONS_ID;MESS_DATUM;QN_3;  FX;  FM;QN_4; RSK;RSKF; SDK;SHK_TAG;  NM; VPM;  PM; TMK; UPM; TXK; TNK; TGK;eor
        953;20181208;   10;  31.3;   9.6;    3;  20.8;   6;    0.000;   0;   7.7;   8.0;  951.22;    5.1;   90.04;    8.3;    3.4;    2.8;eor
        953;20181209;   10;  19.9;  10.1;    3;   4.5;   8;    0.017;   0;   7.6;   7.7;  948.81;    5.2;   86.25;    6.9;    3.7;    3.2;eor
        953;20181210;   10;  14.4;   6.4;    3;   0.5;   8;    1.667;   0;   6.4;   6.1;  964.06;    2.6;   83.50;    4.7;    1.1;    0.2;eor
        953;20181211;   10;   7.5;   3.3;    3;   0.0;   8;    1.067;   0;   7.3;   5.7;  966.09;    1.3;   84.92;    3.1;    0.2;   -1.9;eor
        953;20181212;   10;   8.1;   2.1;    3;   0.0;   8;    0.867;   0;   6.2;   5.3;  965.16;    0.1;   86.54;    2.9;   -1.2;   -4.3;eor
        953;20181213;   10;  14.3;   5.8;    3;   0.0;   0;    0.417;   0;   4.4;   4.1;  959.99;   -1.8;   75.42;   -0.7;   -3.2;   -4.5;eor
        953;20181214;   10;  14.2;   4.6;    3;   0.0;   8;    0.000;   0;   8.0;   3.5;  962.35;   -2.5;   68.75;   -2.1;   -3.0;   -3.0;eor
        953;20181215;   10;  15.1;   4.9;    3;   1.8;   8;    3.267;   2;   7.3;   3.4;  963.65;   -3.0;   69.83;   -1.4;   -3.7;   -4.8;eor
        953;20181216;   10;  12.0;   3.1;    3;   0.2;   8;    0.000;   2;   7.6;   5.5;  955.12;   -0.4;   90.75;    2.9;   -4.0;   -3.8;eor
        953;20181217;   10;  10.4;   4.1;    3;   1.9;   6;    0.033;   1;   7.3;   7.2;  963.13;    3.2;   92.58;    4.4;    1.7;    0.7;eor
        953;20181218;   10;  14.5;   4.3;    3;   1.0;   6;    3.100;   0;   7.3;   6.4;  964.08;    3.3;   83.33;    4.7;    1.9;   -0.5;eor
        953;20181219;   10;  13.6;   4.9;    3;   2.6;   6;    0.250;   0;   7.7;   7.7;  956.72;    5.7;   84.38;    7.8;    4.2;    3.4;eor
        953;20181220;   10;  14.8;   5.8;    3;   8.7;   6;    0.000;   0;   7.7;   7.8;  957.44;    4.9;   89.75;    5.6;    3.9;    3.4;eor
        953;20181221;   10;  20.8;   9.5;    3;   3.8;   6;    0.000;   0;   7.7;   9.3;  952.84;    8.0;   85.96;   10.7;    5.0;    4.4;eor
        953;20181222;   10;  19.7;   8.5;    3;   5.0;   6;    0.000;   0;   7.7;   9.1;  959.41;    7.7;   86.88;    9.2;    6.1;    5.5;eor
        953;20181223;   10;  19.2;   6.9;    3;  19.7;   8;    0.000;   0;   7.7;   9.6;  962.18;    7.6;   90.83;   10.9;    5.9;    5.5;eor
        953;20181224;   10;  19.4;   4.0;    3;   0.2;   6;    0.400;   0;   6.0;   6.7;  970.05;    2.7;   88.71;   10.3;   -1.7;   -4.9;eor
        953;20181225;   10;   3.1;   1.3;    3;   0.0;   0;    7.000;   0;   0.5;   4.7;  976.78;   -1.4;   85.58;    2.1;   -3.8;   -6.8;eor
        953;20181226;   10;   2.8;   1.1;    3;   0.0;   0;    6.850;   0;   4.4;   4.4;  973.65;   -1.2;   78.54;    2.7;   -5.0;   -8.1;eor
        953;20181227;   10;   3.3;   1.1;    3;   0.0;   6;    0.750;-999;   7.7;   5.4;  968.90;    0.5;   85.33;    3.7;   -1.2;   -3.6;eor
        953;20181228;   10;   3.4;   1.2;    3;   0.0;   6;    0.000;   0;   8.0;   4.6;  970.93;   -2.7;   92.58;    0.5;   -4.3;   -4.7;eor
        953;20181229;   10;  15.6;   3.2;    3;   0.3;   6;    0.000;   0;   7.8;   5.8;  974.08;   -0.2;   95.71;    2.4;   -3.8;   -3.2;eor
        953;20181230;   10;  10.7;   4.1;    3;   0.7;   6;    0.000;-999;   7.8;   7.3;  975.03;    3.5;   92.83;    4.4;    2.1;    2.0;eor
        953;20181231;   10;   5.5;   2.0;    3;   0.3;   6;    0.000;-999;   8.0;   8.7;  975.65;    5.5;   96.50;    6.8;    4.3;    4.3;eor
        953;20190101;   10;  15.6;   5.8;    3;   0.8;   6;    0.000;-999;   7.5;   7.5;  972.20;    4.0;   91.88;    5.6;    1.8;    0.7;eor
        953;20190102;   10;  16.4;   4.7;    3;   0.1;   8;    0.117;-999;   7.1;   4.9;  975.70;    0.9;   75.13;    2.5;   -1.7;   -4.0;eor
        953;20190103;   10;   6.2;   1.8;    3;   0.0;   8;    0.000;   0;   6.5;   5.3;  978.88;   -0.7;   90.04;    0.8;   -3.0;   -5.9;eor
        953;20190104;   10;   9.3;   3.0;    3;   2.0;   8;    0.750;   0;   7.7;   5.5;  977.53;    0.3;   87.50;    1.5;   -0.8;   -2.6;eor
        953;20190105;   10;  11.0;   5.3;    3;   0.0;   8;    0.000;   0;   7.8;   6.5;  972.87;    2.0;   92.21;    4.2;   -0.1;    0.0;eor
        953;20190106;   10;   8.8;   3.9;    3;   0.0;   6;    0.000;   0;   7.9;   6.4;  974.13;    2.1;   90.25;    2.8;    1.3;    0.8;eor
        953;20190107;   10;  12.5;   3.6;    3;   4.6;   8;    0.050;   0;   7.7;   6.4;  973.42;    1.9;   90.92;    3.4;    0.9;    0.6;eor
        953;20190108;   10;  17.5;   8.5;    3;   6.6;   8;    0.000;   0;   7.7;   6.8;  960.59;    3.1;   89.29;    5.1;    1.1;    0.3;eor
        953;20190109;   10;  11.9;   5.1;    3;   4.6;   8;    0.550;   1;   7.5;   5.2;  959.26;    0.2;   83.67;    1.5;   -1.0;   -2.3;eor
        953;20190110;   10;   8.9;   3.1;    3;   0.0;   8;    0.617;   3;   7.9;   4.3;  966.05;   -1.6;   78.29;   -0.9;   -2.6;   -5.7;eor
        953;20190111;   10;   7.1;   2.5;    3;   1.7;   8;    0.000;   2;   7.7;   5.5;  966.63;   -0.7;   93.71;    2.7;   -2.9;   -5.7;eor
        953;20190112;   10;  14.4;   7.0;    3;   3.7;   6;    0.000;   0;   7.7;   6.9;  962.83;    2.8;   92.67;    4.6;    1.8;    1.3;eor
        953;20190113;   10;  20.8;   8.9;    3;  13.0;   6;    0.000;   0;   7.4;   8.4;  952.14;    5.5;   92.92;    7.4;    4.1;    3.7;eor
        953;20190114;   10;  14.9;   5.8;    3;   2.6;   8;    0.600;   0;   7.1;   6.2;  956.28;    2.3;   85.08;    4.7;   -0.4;   -1.8;eor
        953;20190115;   10;  11.7;   5.9;    3;   0.1;   6;    0.000;   0;   7.7;   6.2;  962.95;    2.0;   87.96;    3.3;    0.3;   -0.1;eor
        953;20190116;   10;  15.8;   5.3;    3;   4.8;   6;    1.683;   0;   8.0;   5.7;  954.69;    2.4;   79.17;    4.3;    1.2;    0.7;eor
        953;20190117;   10;  16.3;   6.8;    3;   2.9;   8;    0.317;   0;   7.4;   6.2;  949.83;    1.9;   88.04;    3.4;   -0.9;   -1.7;eor
        953;20190118;   10;   8.6;   2.5;    3;   0.0;   0;    2.950;   0;   6.9;   4.3;  960.34;   -1.4;   79.13;    0.5;   -3.6;   -5.6;eor
        953;20190119;   10;  10.9;   3.7;    3;   0.0;   0;    7.317;   0;   6.1;   3.8;  957.18;   -2.6;   75.04;    0.6;   -4.2;   -6.5;eor
        953;20190120;   10;   7.2;   2.5;    3;   0.0;   0;    7.767;   0;   1.7;   3.4;  957.10;   -4.8;   79.67;   -3.5;   -7.3;   -9.4;eor
        953;20190121;   10;   8.6;   2.4;    3;   0.0;   0;    7.850;   0;   0.0;   3.4;  962.07;   -4.7;   78.00;   -0.6;   -7.3;  -10.7;eor
        953;20190122;   10;   8.5;   2.0;    3;   0.1;   8;    5.067;   0;   6.2;   3.3;  950.90;   -5.5;   81.83;   -2.7;   -9.4;  -12.3;eor
        953;20190123;   10;   8.5;   3.1;    3;   0.0;   8;    0.000;   1;   8.0;   3.8;  941.41;   -4.2;   84.25;   -3.2;   -5.3;   -5.0;eor
        953;20190124;   10;   6.3;   2.6;    3;   0.2;   8;    0.000;   1;   7.9;   3.2;  951.45;   -5.3;   78.17;   -4.6;   -6.0;   -5.7;eor
        953;20190125;   10;  13.7;   4.3;    3;   0.5;   8;    0.050;   1;   7.8;   4.5;  956.95;   -2.4;   88.29;   -0.7;   -4.9;   -4.6;eor
        953;20190126;   10;  14.4;   5.9;    3;   3.4;   6;    0.000;   1;   7.8;   6.6;  951.66;    1.7;   95.38;    3.2;   -0.7;   -0.7;eor
        953;20190127;   10;  17.5;   7.1;    3;  14.5;   8;    0.133;   1;   7.7;   6.7;  934.86;    2.6;   90.75;    4.1;   -0.2;   -0.7;eor
        953;20190128;   10;  17.4;   7.8;    3;   0.7;   8;    0.000;   3;   7.6;   5.4;  940.97;    0.1;   88.04;    1.0;   -0.9;   -2.0;eor
        953;20190129;   10;   8.2;   3.6;    3;   0.5;   8;    1.200;   2;   7.7;   4.7;  946.97;   -1.0;   82.21;    0.7;   -2.6;   -5.4;eor
        953;20190130;   10;  15.5;   6.4;    3;   4.3;   8;    0.000;   1;   7.5;   4.5;  936.15;   -1.9;   84.92;   -0.2;   -4.0;   -4.6;eor
        953;20190131;   10;  20.2;   4.1;    3;   0.5;   8;    0.283;   7;   7.5;   4.4;  937.71;   -2.1;   84.13;   -0.7;   -4.5;   -2.3;eor
        953;20190201;   10;  16.9;   4.2;    3;   4.0;   8;    1.850;   3;   7.4;   6.0;  932.99;    1.7;   87.00;    3.9;   -2.1;   -0.9;eor
        953;20190202;   10;   6.2;   2.1;    3;   1.4;   8;    0.000;   2;   7.8;   6.4;  939.97;    1.2;   95.88;    2.6;   -0.4;    0.0;eor
        953;20190203;   10;  11.5;   4.2;    3;   0.2;   8;    0.783;   1;   6.8;   5.0;  960.25;   -0.6;   84.71;    0.6;   -2.8;   -1.3;eor
        953;20190204;   10;   9.6;   2.5;    3;   0.0;   0;    4.233;   1;   7.1;   4.4;  969.30;   -0.4;   75.29;    2.6;   -3.5;   -3.1;eor
        953;20190205;   10;   5.5;   1.8;    3;   0.0;   0;    0.383;   1;   6.5;   4.7;  969.51;    1.1;   70.63;    4.4;   -1.7;   -2.0;eor
        953;20190206;   10;   8.0;   1.8;    3;   0.0;   6;    6.850;   1;   7.5;   4.0;  966.40;    1.7;   59.54;    7.0;   -2.2;   -3.4;eor
        953;20190207;   10;  14.5;   5.2;    3;   3.2;   6;    1.650;   1;   6.6;   6.5;  957.14;    3.7;   80.88;    5.1;    2.4;   -1.9;eor
        953;20190208;   10;  17.2;   6.0;    3;   3.6;   6;    0.000;   0;   7.7;   7.0;  956.82;    3.7;   87.38;    5.0;    2.3;    0.0;eor
        953;20190209;   10;  20.3;   7.7;    3;   5.5;   6;    0.583;   0;   7.7;   7.1;  952.87;    5.3;   80.42;    6.6;    3.5;    2.0;eor
        953;20190210;   10;  23.6;   9.0;    3;  24.7;   8;    0.000;   0;   7.5;   7.5;  943.98;    4.8;   87.29;    7.2;    1.6;    1.1;eor
        953;20190211;   10;  15.5;   6.4;    3;   0.6;   8;    1.183;   0;   7.6;   6.0;  961.66;    2.0;   85.00;    4.1;   -0.1;   -1.5;eor
        953;20190212;   10;   6.0;   2.0;    3;   0.0;   0;    2.067;   0;   6.0;   5.2;  976.07;    0.1;   84.33;    3.8;   -2.0;   -4.8;eor
        953;20190213;   10;   3.6;   1.2;    3;   0.0;   0;    7.883;   0;   6.4;   4.8;  978.00;    0.8;   75.33;    7.0;   -4.8;   -6.5;eor
        953;20190214;   10;   9.8;   2.0;    3;   0.0;   0;    9.117;   0;   4.6;   3.2;  977.20;    7.0;   33.63;   13.6;    0.8;   -3.9;eor
        953;20190215;   10;   9.9;   2.6;    3;   0.0;   0;    9.267;   0;   0.0;   4.7;  973.69;    9.7;   40.08;   16.6;    4.6;   -0.5;eor
        953;20190216;   10;   6.9;   1.7;    3;   0.0;   0;    9.283;   0;   2.5;   5.7;  969.80;    8.3;   52.08;   15.6;    3.2;   -2.5;eor
        953;20190217;   10;  10.4;   2.6;    3;   0.0;   0;    9.383;   0;   6.8;   4.9;  966.02;    9.6;   42.42;   15.7;    4.9;   -1.9;eor
        953;20190218;   10;  12.6;   3.0;    3;   0.0;   6;    9.283;   0;   3.5;   5.2;  962.49;    7.9;   49.67;   13.2;    2.6;   -2.7;eor
        953;20190219;   10;   9.4;   3.9;    3;   1.4;   6;    2.750;   0;   6.3;   6.5;  963.02;    5.3;   73.25;    7.7;    1.8;   -2.3;eor
        953;20190220;   10;   7.1;   2.1;    3;   0.0;   0;    6.433;   0;   7.0;   6.6;  966.59;    4.3;   80.38;    9.7;    0.6;   -3.5;eor
        953;20190221;   10;   8.6;   3.1;    3;   0.0;   6;    3.133;   0;   6.9;   8.0;  970.56;    7.6;   76.29;   11.3;    4.0;   -0.2;eor
        953;20190222;   10;   8.6;   2.5;    3;   0.2;   6;    0.850;   0;   6.2;   8.6;  976.76;    7.6;   82.17;   10.4;    4.4;    1.4;eor
        953;20190223;   10;  10.8;   4.5;    3;   0.0;   0;    6.700;   0;   6.2;   5.4;  978.70;    4.0;   66.96;    7.3;    1.6;   -0.2;eor
        953;20190224;   10;   9.8;   4.0;    3;   0.0;   0;    9.833;   0;   0.5;   2.3;  978.62;    6.8;   25.04;   13.8;    1.2;   -1.1;eor
        953;20190225;   10;   9.4;   3.4;    3;   0.0;   0;    9.883;   0;   4.1;   4.4;  978.84;    9.4;   36.00;   14.6;    4.3;   -0.2;eor
        953;20190226;   10;   8.0;   2.3;    3;   0.0;   0;    9.550;   0;   4.5;   6.1;  976.11;   11.9;   44.54;   17.6;    6.0;    2.2;eor
        953;20190227;   10;   6.8;   1.8;    3;   0.0;   0;   10.017;   0;   0.6;   5.9;  969.37;   12.6;   40.92;   19.1;    7.8;   -0.4;eor
        953;20190228;   10;  17.9;   6.2;    3;   5.9;   6;    6.767;   0;   3.5;   7.9;  961.46;    9.5;   67.25;   14.9;    6.3;    4.6;eor
        953;20190301;   10;  11.0;   5.2;    3;   0.9;   6;    0.000;   0;   7.6;   8.2;  958.62;    5.5;   90.21;    7.1;    3.6;    3.3;eor
        953;20190302;   10;  10.9;   4.6;    3;   0.2;   6;    0.067;   0;   7.4;   8.0;  959.52;    5.8;   87.00;    8.4;    3.5;    3.2;eor
        953;20190303;   10;  16.0;   7.2;    3;   3.5;   6;    0.000;   0;   7.9;   8.6;  954.30;    7.6;   82.63;   10.3;    6.3;    5.7;eor
        953;20190304;   10;  24.6;   8.5;    3;  10.8;   8;    0.500;   0;   7.5;   7.6;  943.91;    6.0;   80.67;   10.0;    2.3;    1.7;eor
        953;20190305;   10;  14.1;   5.6;    3;   7.8;   8;    0.067;   0;   7.6;   6.8;  952.02;    3.5;   86.54;    5.6;    1.3;    0.6;eor
        953;20190306;   10;  18.4;   6.6;    3;   4.0;   6;    3.517;   0;   7.6;   7.6;  947.27;    8.2;   70.54;   13.0;    4.6;    2.6;eor
        953;20190307;   10;  19.8;   7.8;    3;   6.2;   6;    2.750;   0;   6.3;   7.9;  943.58;    6.6;   80.96;   10.1;    4.2;    2.9;eor
        953;20190308;   10;  14.4;   6.3;    3;   6.2;   8;    0.317;   0;   7.6;   7.0;  956.45;    4.4;   83.88;    5.7;    3.3;    2.4;eor
        953;20190309;   10;  21.9;   8.8;    3;   5.8;   6;    0.467;   0;   7.5;   8.1;  958.17;    6.9;   80.79;    8.7;    4.4;    3.9;eor
        953;20190310;   10;  29.2;  10.4;    3;   4.5;   8;    1.800;   0;   6.5;   7.8;  953.99;    7.1;   75.79;   11.5;    1.0;    0.3;eor
        953;20190311;   10;  17.3;   8.5;    3;   0.7;   8;    0.783;   0;   6.0;   5.0;  962.90;    2.1;   70.38;    4.4;   -0.1;   -2.4;eor
        953;20190312;   10;  20.2;   6.5;    3;   2.6;   8;    3.117;   0;   7.6;   5.0;  959.26;    4.0;   63.54;    8.0;   -0.7;   -2.6;eor
        953;20190313;   10;  17.7;   8.3;    3;   6.9;   8;    0.017;   0;   7.5;   6.4;  952.73;    2.8;   85.58;    4.3;    1.5;    0.6;eor
        953;20190314;   10;  23.0;   8.5;    3;  11.4;   6;    0.017;   0;   6.8;   7.3;  950.32;    4.2;   88.13;    6.5;    2.5;    2.4;eor
        953;20190315;   10;  18.9;   9.7;    3;  15.2;   6;    0.000;   0;   7.4;   9.6;  952.53;    7.5;   91.88;    9.3;    4.4;    2.9;eor
        953;20190316;   10;  21.0;   9.8;    3;   0.4;   6;    0.050;   0;   6.4;   8.8;  954.15;    7.4;   85.46;    8.6;    6.3;    4.9;eor
        953;20190317;   10;  22.5;   7.6;    3;   5.3;   8;    1.217;   0;   5.8;   7.0;  949.97;    4.6;   82.50;    7.5;    0.8;   -0.7;eor
        953;20190318;   10;  12.7;   4.9;    3;   1.7;   8;    4.117;   0;   6.2;   5.9;  961.18;    2.9;   78.63;    7.7;    0.7;   -0.9;eor
        953;20190319;   10;   5.9;   1.7;    3;   0.0;   0;   11.233;   0;   0.3;   4.8;  970.02;    2.9;   66.88;    8.2;   -1.9;   -5.1;eor
        953;20190320;   10;   6.4;   1.9;    3;   0.0;   0;   11.300;   0;   3.4;   5.1;  975.58;    5.4;   57.96;   11.3;   -0.7;   -4.2;eor
        953;20190321;   10;   9.3;   2.8;    3;   0.0;   0;   11.350;   0;   3.7;   4.9;  975.39;    7.5;   48.71;   13.3;    0.9;   -3.0;eor
        953;20190322;   10;   9.1;   2.7;    3;   0.0;   0;   11.433;   0;   4.6;   5.8;  971.77;   10.4;   47.54;   16.7;    4.4;   -0.2;eor
        953;20190323;   10;   8.6;   2.5;    3;   0.0;   0;   10.400;   0;   4.5;   6.9;  970.80;    7.7;   66.29;   13.7;    3.0;   -1.6;eor
        953;20190324;   10;   8.8;   2.7;    3;   0.0;   0;    1.850;   0;   3.8;   7.4;  967.95;    5.8;   80.50;   10.6;    2.0;   -0.9;eor
        953;20190325;   10;  18.6;   5.7;    3;   0.6;   8;    2.100;   0;   6.0;   5.6;  966.03;    3.6;   71.92;    7.9;    0.6;   -1.9;eor
        953;20190326;   10;   9.5;   3.4;    3;   0.0;   0;    0.800;   0;   7.8;   5.6;  972.48;    4.1;   69.25;    7.7;    2.3;    1.6;eor
        953;20190327;   10;   5.8;   1.9;    3;   0.0;   0;    6.900;   0;   6.0;   5.8;  974.46;    4.4;   70.17;    9.2;   -0.1;   -3.6;eor
        953;20190328;   10;   8.4;   2.5;    3;   0.0;   0;    8.050;   0;   4.1;   6.7;  975.67;    6.6;   70.29;   12.4;    1.1;   -2.7;eor
        953;20190329;   10;  11.8;   4.1;    3;   0.0;   0;   11.133;   0;   0.2;   7.8;  971.87;    9.6;   66.38;   13.8;    5.0;    1.3;eor
        953;20190330;   10;  10.4;   3.4;    3;   0.0;   0;    8.983;   0;   1.3;   6.8;  965.84;   12.0;   49.92;   17.1;    6.8;    1.4;eor
        953;20190331;   10;  12.8;   3.2;    3;   0.0;   6;    8.867;   0;   2.3;   7.2;  963.85;   11.4;   55.00;   16.8;    5.9;    1.1;eor
        953;20190401;   10;  11.0;   4.5;    3;   0.0;   0;   11.833;   0;   0.5;   7.2;  961.57;    9.3;   62.50;   14.7;    4.3;    2.0;eor
        953;20190402;   10;  14.6;   4.5;    3;   3.5;   6;    3.167;   0;   6.7;   8.3;  951.96;   10.3;   66.92;   15.5;    7.2;    4.5;eor
        953;20190403;   10;  10.5;   3.5;    3;   3.0;   6;    0.000;   0;   7.5;   7.2;  945.88;    4.7;   84.04;    7.2;    3.1;    2.4;eor
        953;20190404;   10;   6.0;   1.5;    3;   3.8;   6;    0.417;   0;   7.5;   6.6;  944.30;    2.7;   88.88;    5.1;    1.2;   -0.8;eor
        953;20190405;   10;   9.2;   2.3;    3;   0.4;   6;    1.850;   0;   7.5;   7.3;  948.16;    4.4;   88.04;    7.8;    1.0;   -0.5;eor
        953;20190406;   10;  10.9;   3.1;    3;   0.0;   6;    7.900;   0;   7.1;   8.1;  947.59;    7.7;   77.58;   13.1;    2.9;    0.8;eor
        953;20190407;   10;   7.0;   2.3;    3;   0.0;   6;    5.117;   0;   5.0;   9.4;  948.73;   10.8;   73.00;   15.1;    6.6;    2.8;eor
        953;20190408;   10;   4.8;   1.7;    3;   0.0;   6;    0.033;   0;   7.1;  10.0;  953.23;    8.8;   88.17;   12.8;    5.7;    2.2;eor
        953;20190409;   10;   9.9;   1.6;    3;  11.7;   6;    0.000;   0;   7.2;  10.2;  953.67;    8.7;   90.92;   12.0;    6.1;    4.1;eor
        953;20190410;   10;   8.7;   3.7;    3;   0.1;   6;    2.133;   0;   5.7;   7.6;  955.74;    7.3;   74.83;   11.1;    3.1;   -0.6;eor
        953;20190411;   10;  12.2;   4.3;    3;   0.0;   0;   12.567;   0;   0.0;   4.7;  961.90;    4.3;   57.25;    8.3;   -0.1;   -3.6;eor
        953;20190412;   10;  10.8;   4.0;    3;   0.0;   0;    3.733;   0;   4.8;   4.1;  964.00;    1.7;   59.71;    4.4;   -1.9;   -5.4;eor
        953;20190413;   10;  10.4;   3.7;    3;   0.3;   8;    3.700;   0;   5.4;   4.4;  963.45;    0.3;   70.42;    4.4;   -2.3;   -6.2;eor
        953;20190414;   10;   9.9;   3.3;    3;   0.0;   8;    3.867;   0;   5.3;   5.2;  964.00;    2.4;   73.46;    8.0;   -1.6;   -2.1;eor
        953;20190415;   10;  14.9;   4.6;    3;   0.0;   0;   11.133;   0;   2.1;   6.7;  963.97;    7.7;   65.46;   14.1;    0.7;   -1.1;eor
        953;20190416;   10;  11.5;   4.1;    3;   2.3;   6;    5.783;   0;   5.8;   7.7;  960.42;    9.4;   65.33;   15.0;    5.7;    2.5;eor
        953;20190417;   10;  12.4;   3.6;    3;   0.0;   0;    2.683;   0;   6.0;   9.6;  964.19;   10.9;   74.42;   15.5;    7.6;    7.0;eor
        953;20190418;   10;  14.1;   6.4;    3;   0.0;   0;   12.300;   0;   0.2;   7.2;  966.31;   13.4;   47.17;   18.0;    7.9;    4.0;eor
        953;20190419;   10;  12.0;   4.7;    3;   0.0;   0;   13.017;   0;   0.5;   7.0;  969.65;   15.4;   40.54;   20.6;    9.2;    4.0;eor
        953;20190420;   10;  12.4;   3.5;    3;   0.0;   0;   13.067;   0;   0.0;   6.5;  970.00;   16.1;   36.08;   21.3;   10.7;    3.5;eor
        953;20190421;   10;  11.7;   3.8;    3;   0.0;   0;   13.133;   0;   0.0;   6.2;  962.79;   16.3;   34.58;   21.4;   10.9;    4.7;eor
        953;20190422;   10;  15.5;   5.5;    3;   0.0;   0;   12.283;   0;   4.2;   6.2;  952.03;   16.2;   34.42;   21.2;    9.8;    2.8;eor
        953;20190423;   10;  11.4;   4.3;    3;   0.0;   0;    2.850;   0;   7.8;   8.2;  943.36;   13.7;   51.88;   18.7;    9.1;    6.9;eor
        953;20190424;   10;  17.2;   4.2;    3;  20.9;   8;    4.483;   0;   6.0;   9.7;  947.19;   13.5;   64.42;   21.0;    7.1;    6.0;eor
        953;20190425;   10;  13.6;   5.6;    3;   0.9;   6;    3.200;   0;   6.8;   8.8;  952.13;   10.9;   67.58;   17.0;    7.3;    6.4;eor
        953;20190426;   10;   8.7;   3.5;    3;   0.1;   6;    1.617;   0;   7.0;   8.7;  957.68;    8.4;   79.38;   12.7;    6.4;    6.3;eor
        953;20190427;   10;  19.8;   5.4;    3;   5.4;   6;    1.900;   0;   7.1;   8.1;  958.34;    6.7;   82.08;    9.5;    2.7;    1.5;eor
        953;20190428;   10;   8.1;   3.1;    3;   9.0;   6;    4.017;   0;   5.3;   7.2;  962.15;    4.7;   84.50;    9.2;    2.0;   -0.6;eor
        953;20190429;   10;   8.2;   2.8;    3;   0.1;   6;    5.133;   0;   5.4;   7.4;  965.53;    7.4;   73.58;   12.3;    1.3;   -1.9;eor
        953;20190430;   10;   9.3;   3.5;    3;   0.0;   0;    9.217;   0;   3.5;   8.4;  963.51;   10.4;   68.21;   15.3;    7.1;    3.0;eor
        953;20190501;   10;   5.0;   1.6;    3;   0.0;   0;    8.550;-999;   3.3;   8.5;  959.38;   11.5;   65.33;   17.7;    5.1;    1.5;eor
        953;20190502;   10;  10.7;   3.3;    3;   0.0;   6;    7.867;-999;   5.1;   8.7;  954.53;   10.0;   73.21;   15.3;    5.1;    1.7;eor
        953;20190503;   10;  10.2;   3.4;    3;   4.5;   8;    2.683;-999;   7.3;   7.9;  955.03;    8.3;   73.38;   12.8;    5.3;    3.8;eor
        953;20190504;   10;  14.5;   3.5;    3;   3.1;   8;    3.033;-999;   5.0;   6.5;  953.30;    2.8;   86.46;    6.7;   -0.1;   -0.3;eor
        953;20190505;   10;  10.5;   2.3;    3;   1.4;   8;    3.867;-999;  -999;   6.2;  961.62;    3.1;   82.00;    8.2;   -0.8;   -2.9;eor
        953;20190506;   10;   8.5;   2.5;    3;   0.0;   0;    4.150;-999;  -999;   5.9;  963.63;    5.0;   68.96;    9.4;   -0.2;   -2.0;eor
        953;20190507;   10;   7.4;   2.0;    3;   0.0;   6;    2.350;-999;  -999;   6.0;  959.95;    7.2;   60.54;   11.2;    3.1;    1.1;eor
        953;20190508;   10;  13.9;   5.2;    3;  10.5;   6;    0.017;-999;   6.6;   8.7;  946.99;    8.3;   78.92;   11.2;    5.9;    4.8;eor
        953;20190509;   10;  13.5;   4.9;    3;  13.2;   6;    0.217;-999;   7.3;   9.9;  944.44;    8.2;   90.04;   11.3;    6.1;    5.0;eor
        953;20190510;   10;  11.4;   4.0;    3;  19.1;   6;    8.383;-999;   4.2;   8.4;  953.75;    9.8;   71.83;   14.6;    5.4;    3.8;eor
        953;20190511;   10;  11.3;   3.1;    3;  15.3;   6;    0.133;-999;   6.8;   9.8;  956.38;    7.5;   94.46;    8.7;    3.8;    1.2;eor
        953;20190512;   10;   9.6;   3.6;    3;   0.0;   0;    5.200;-999;   3.6;   6.6;  973.67;    6.1;   70.75;   11.6;    2.4;   -0.7;eor
        953;20190513;   10;  13.5;   4.2;    3;   0.0;   0;   14.233;-999;   1.7;   5.2;  977.45;    7.7;   52.42;   12.9;    1.5;   -1.2;eor
        953;20190514;   10;  14.5;   4.7;    3;   0.0;   0;   12.800;-999;   2.8;   5.6;  972.40;    8.2;   52.21;   12.2;    2.9;   -0.8;eor
        953;20190515;   10;  11.9;   5.1;    3;   0.0;   0;   14.200;-999;   0.8;   5.3;  966.50;    8.0;   50.92;   12.5;    2.3;   -1.7;eor
        953;20190516;   10;  10.2;   3.5;    3;   0.0;   0;    5.300;-999;   5.9;   7.4;  958.40;    8.9;   64.83;   14.2;    3.4;    0.1;eor
        953;20190517;   10;  11.4;   3.6;    3;   0.1;   6;    2.567;-999;   6.8;   9.6;  950.33;   11.0;   73.63;   15.7;    6.6;    6.5;eor
        953;20190518;   10;   8.1;   1.8;    3;   7.4;   6;    0.700;-999;   7.2;  11.8;  950.07;   11.9;   84.54;   16.0;    8.9;    7.1;eor
        953;20190519;   10;   4.8;   1.4;    3;   2.0;   6;    3.150;-999;   7.0;  12.8;  949.42;   12.8;   86.92;   18.5;    8.8;    7.5;eor
        953;20190520;   10;  10.4;   2.9;    3;   0.6;   6;    0.250;-999;   7.5;  12.2;  951.10;   11.4;   90.79;   15.1;    7.9;    5.2;eor
        953;20190521;   10;  10.2;   4.8;    3;   9.7;   6;    0.000;-999;   7.7;  11.6;  956.80;    9.8;   95.29;   10.4;    8.7;    8.0;eor
        953;20190522;   10;   8.0;   2.7;    3;   0.0;   0;    6.383;-999;   6.3;   9.8;  962.70;   10.9;   77.38;   16.7;    7.4;    4.0;eor
        953;20190523;   10;   5.1;   1.6;    3;   0.0;   0;    8.750;-999;   6.3;   9.8;  962.29;   13.7;   64.08;   19.0;    7.0;    3.2;eor
        953;20190524;   10;   6.6;   2.1;    3;   0.0;   0;   11.183;-999;   6.0;   9.8;  959.25;   15.7;   57.21;   21.2;    9.5;    6.7;eor
        953;20190525;   10;   7.9;   2.1;    3;   3.4;   6;    4.967;-999;   5.3;  10.2;  960.40;   12.7;   71.46;   18.5;    7.8;    5.9;eor
        953;20190526;   10;   9.7;   3.3;    3;   0.3;   6;   12.500;-999;   4.5;  10.8;  959.41;   14.0;   69.79;   20.0;    7.4;    4.8;eor
        953;20190527;   10;  12.2;   3.2;    3;   0.4;   6;    2.283;-999;   6.7;  13.1;  954.23;   13.2;   86.08;   18.0;   10.9;    9.2;eor
        953;20190528;   10;  13.6;   3.2;    3;   6.0;   6;    4.433;-999;   6.7;  10.5;  953.59;   10.6;   82.33;   14.6;    7.8;    6.8;eor
        953;20190529;   10;   6.0;   2.2;    3;   0.0;   6;    6.567;-999;   4.6;   9.3;  963.98;   11.5;   70.46;   17.1;    7.4;    7.2;eor
        953;20190530;   10;   8.5;   3.2;    3;   0.0;   0;    0.633;-999;   6.9;  11.7;  968.36;   13.6;   74.29;   17.6;    8.9;    5.3;eor
        953;20190531;   10;   7.0;   2.0;    3;   0.0;   0;    9.000;-999;   2.8;  13.6;  969.05;   16.2;   75.13;   21.4;   11.1;    6.9;eor
        953;20190601;   10;   6.0;   1.9;    3;   0.0;   0;   13.300;-999;   4.5;  14.2;  966.02;   19.0;   66.21;   25.3;   11.6;    8.5;eor
        953;20190602;   10;  11.5;   3.7;    3;   0.0;   0;   14.433;-999;   0.9;  13.3;  960.61;   23.0;   48.04;   27.5;   16.7;   12.0;eor
        953;20190603;   10;  14.4;   3.9;    3;   0.0;   6;    7.833;-999;   5.0;  13.4;  958.66;   21.0;   54.38;   25.2;   14.1;    9.6;eor
        953;20190604;   10;  14.4;   4.6;    3;   0.0;   0;   13.317;-999;   2.8;  14.3;  954.44;   21.0;   60.25;   27.6;   12.2;    8.7;eor
        953;20190605;   10;  18.4;   3.4;    3;  15.5;   8;   11.367;-999;   4.6;  14.7;  951.13;   20.7;   61.96;   26.5;   14.4;   12.4;eor
        953;20190606;   10;  13.4;   3.7;    3;   0.0;   6;    1.000;-999;   6.3;  11.0;  957.22;   10.9;   84.46;   14.7;    8.2;    5.3;eor
        953;20190607;   10;  20.3;   6.9;    3;   0.0;   6;    9.367;-999;   4.9;  10.5;  955.87;   13.5;   67.83;   22.5;    8.6;    7.0;eor
        953;20190608;   10;  15.9;   6.5;    3;   0.0;   6;    5.367;-999;   5.9;   9.2;  964.65;   12.0;   66.04;   16.5;    8.4;    4.8;eor
        953;20190609;   10;   7.7;   2.5;    3;   0.0;   0;    7.883;-999;   7.3;  11.0;  964.73;   14.6;   67.04;   18.9;    7.3;    3.1;eor
        953;20190610;   10;   8.7;   3.0;    3;   5.4;   6;    2.417;-999;   7.4;  13.7;  957.39;   15.3;   79.13;   19.2;   11.4;   11.0;eor
        953;20190611;   10;   5.9;   1.5;    3;   0.0;   6;    2.367;-999;   7.2;  12.6;  955.80;   13.7;   81.21;   17.6;   10.6;   10.6;eor
        953;20190612;   10;  10.7;   3.2;    3;   7.3;   6;    5.500;-999;   5.0;  11.9;  954.73;   13.2;   79.29;   17.4;   10.6;    6.5;eor
        953;20190613;   10;  18.1;   3.6;    3;   0.1;   6;   10.167;-999;   2.8;  10.6;  958.20;   14.1;   67.13;   19.4;    8.8;    4.5;eor
        953;20190614;   10;  13.2;   4.9;    3;   1.0;   6;    6.967;-999;   6.0;  11.6;  958.29;   18.3;   56.50;   23.2;   13.3;   11.5;eor
        953;20190615;   10;  11.9;   4.0;    3;   0.0;   6;    7.433;-999;   5.7;  14.3;  958.86;   16.6;   76.63;   21.3;   12.1;   10.7;eor
        953;20190616;   10;   7.2;   2.4;    3;   0.0;   0;    5.783;-999;   4.2;  12.3;  964.95;   15.7;   69.58;   19.5;   11.4;    8.0;eor
        953;20190617;   10;   9.4;   2.7;    3;   0.0;   0;   12.717;-999;   2.8;  12.6;  963.77;   17.7;   63.54;   23.2;   11.1;    6.4;eor
        953;20190618;   10;   9.7;   2.2;    3;   0.0;   0;   10.633;-999;   5.0;  14.6;  958.92;   21.5;   57.29;   26.6;   15.6;   10.5;eor
        953;20190619;   10;  12.3;   3.3;    3;   0.0;   0;    8.783;-999;   5.4;  14.9;  954.84;   21.6;   57.79;   26.0;   17.6;   13.0;eor
        953;20190620;   10;  13.4;   3.5;    3;   6.5;   6;    2.967;-999;   6.4;  15.2;  957.82;   16.3;   82.54;   20.4;   12.6;   12.7;eor
        953;20190621;   10;   7.4;   2.4;    3;   0.0;   0;   12.533;-999;   2.9;  11.1;  962.99;   15.6;   65.17;   20.3;   10.7;   10.0;eor
        953;20190622;   10;  13.2;   3.1;    3;   0.1;   6;    7.600;-999;   6.0;  13.3;  962.81;   16.8;   70.17;   23.5;    9.4;    8.1;eor
        953;20190623;   10;  12.3;   3.7;    3;   0.0;   0;   10.383;-999;   4.0;  16.1;  962.57;   19.6;   71.63;   24.8;   12.7;   10.8;eor
        953;20190624;   10;  10.6;   4.0;    3;   0.0;   0;   14.667;-999;   2.8;  17.4;  963.21;   23.4;   61.58;   28.7;   17.0;   13.0;eor
        953;20190625;   10;  11.3;   3.6;    3;   0.0;   0;   13.750;-999;   4.4;  16.6;  963.72;   26.2;   50.00;   32.0;   20.3;   17.0;eor
        953;20190626;   10;   7.9;   2.6;    3;   0.0;   0;   14.550;-999;   0.0;  19.6;  967.54;   26.4;   58.00;   32.9;   20.1;   16.4;eor
        953;20190627;   10;   8.3;   3.8;    3;   0.0;   0;   14.567;-999;   0.1;  15.0;  969.01;   22.3;   57.54;   28.2;   16.0;   10.9;eor
        953;20190628;   10;   9.7;   3.1;    3;   0.0;   0;   14.800;-999;   0.0;  11.1;  967.10;   21.1;   46.71;   28.1;   12.8;    8.4;eor
        953;20190629;   10;   9.0;   3.8;    3;   0.0;   0;   14.783;-999;   0.0;  10.9;  963.30;   24.2;   38.04;   30.8;   15.7;   12.7;eor
        953;20190630;   10;  11.6;   3.6;    3;   0.0;   6;   14.000;-999;   1.6;  17.0;  960.28;   27.3;   47.96;   34.1;   19.7;   13.6;eor
        953;20190701;   10;  10.0;   3.6;    3;   0.0;   6;    9.783;-999;   5.1;  14.2;  962.52;   20.0;   61.75;   24.8;   13.9;   10.2;eor
        953;20190702;   10;   9.1;   2.9;    3;   0.0;   0;   14.750;-999;   0.0;  10.5;  965.50;   17.1;   55.92;   22.9;   11.0;    6.6;eor
        953;20190703;   10;  10.6;   3.7;    3;   0.0;   0;   14.750;-999;   1.2;   9.1;  966.31;   17.0;   48.58;   23.2;   11.5;    6.8;eor
        953;20190704;   10;   7.3;   2.5;    3;   0.0;   0;   14.750;-999;   1.5;   9.0;  965.91;   17.7;   47.13;   25.4;    8.8;    4.7;eor
        953;20190705;   10;  10.6;   2.5;    3;   0.0;   0;   10.333;-999;   5.5;   9.5;  961.99;   19.9;   42.75;   27.3;   11.2;    7.3;eor
        953;20190706;   10;  13.0;   3.8;    3;   0.0;   0;   11.583;-999;   3.5;  11.1;  956.93;   20.9;   47.25;   29.2;   13.4;    8.3;eor
        953;20190707;   10;   9.3;   2.7;    3;   0.4;   6;    1.567;-999;   7.3;  11.8;  958.25;   15.2;   69.21;   21.3;   10.7;    5.3;eor
        953;20190708;   10;   9.2;   2.9;    3;   0.0;   0;    8.117;-999;   4.7;   9.0;  962.48;   13.1;   61.38;   18.3;    8.1;    2.6;eor
        953;20190709;   10;   9.3;   2.9;    3;   0.0;   0;   11.867;-999;   5.9;   8.7;  963.70;   13.2;   59.96;   19.4;    8.1;    3.3;eor
        953;20190710;   10;   7.0;   2.1;    3;   0.0;   6;   14.333;-999;   3.4;   8.0;  962.88;   16.6;   45.71;   23.4;    7.9;    3.4;eor
        953;20190711;   10;  10.0;   1.9;    3;  10.2;   6;    1.383;-999;   7.0;  13.6;  959.03;   15.8;   75.75;   20.2;   14.2;   12.0;eor
        953;20190712;   10;  19.5;   3.4;    3;   2.3;   6;    3.967;-999;   5.6;  14.7;  957.00;   16.8;   78.79;   23.9;   12.5;   11.0;eor
        953;20190713;   10;   8.9;   3.0;    3;   2.0;   6;    4.233;-999;   6.4;  13.7;  961.69;   15.4;   79.75;   20.4;   11.8;   10.9;eor
        953;20190714;   10;   9.4;   3.6;    3;   0.0;   0;    0.900;-999;   7.3;  12.1;  962.32;   13.9;   76.63;   18.5;    9.8;    6.5;eor
        953;20190715;   10;   8.6;   2.8;    3;   0.0;   0;    3.933;-999;   6.1;  11.4;  962.48;   13.2;   75.63;   18.5;    8.8;    5.5;eor
        953;20190716;   10;   7.0;   2.1;    3;   0.0;   0;   12.400;-999;   3.5;  11.4;  961.85;   15.0;   69.58;   23.0;    7.4;    3.7;eor
        953;20190717;   10;   7.4;   2.1;    3;   0.0;   0;   13.750;-999;   4.7;  11.6;  958.85;   17.2;   63.33;   25.0;    9.3;    5.8;eor
        953;20190718;   10;  11.5;   3.1;    3;   2.6;   6;    4.567;-999;   7.5;  11.9;  957.48;   18.6;   56.67;   25.3;   12.3;    9.4;eor
        953;20190719;   10;  10.2;   3.2;    3;   0.0;   6;    2.567;-999;   7.5;  15.3;  959.60;   17.9;   75.67;   21.7;   14.3;   11.7;eor
        953;20190720;   10;  14.2;   5.0;    3;   0.0;   0;    7.600;-999;   5.3;  15.1;  958.16;   22.7;   56.17;   29.2;   16.4;   12.3;eor
        953;20190721;   10;  11.7;   4.1;    3;   0.0;   0;   11.933;-999;   5.4;  13.7;  965.21;   20.4;   58.79;   25.7;   15.4;   11.9;eor
        953;20190722;   10;   7.9;   2.1;    3;   0.0;   0;   14.400;-999;   4.9;  12.8;  968.13;   21.4;   52.75;   28.1;   13.2;    9.4;eor
        953;20190723;   10;  10.6;   3.3;    3;   0.0;   0;   14.467;-999;   0.9;  12.7;  965.00;   26.0;   40.04;   33.1;   18.1;   13.8;eor
        953;20190724;   10;   6.5;   2.4;    3;   0.0;   0;   13.967;-999;   0.9;  13.3;  960.96;   29.5;   34.00;   36.5;   22.3;   17.7;eor
        953;20190725;   10;  10.7;   3.2;    3;   0.0;   0;   14.167;-999;   1.0;  13.2;  960.35;   30.5;   32.00;   37.1;   23.6;   18.7;eor
        953;20190726;   10;   9.7;   3.0;    3;   0.6;   6;    9.433;-999;   5.9;  15.1;  954.82;   28.6;   39.67;   35.2;   21.2;   19.1;eor
        953;20190727;   10;  13.8;   3.2;    3;   1.3;   6;    0.067;-999;   7.6;  18.7;  948.76;   20.0;   80.63;   24.6;   17.3;   16.3;eor
        953;20190728;   10;   9.0;   3.4;    3;  37.4;   6;    0.000;-999;   7.8;  17.6;  949.41;   16.2;   95.08;   17.4;   14.2;   13.3;eor
        953;20190729;   10;   6.6;   2.3;    3;   0.0;   0;   14.167;-999;   0.8;  13.4;  956.38;   18.2;   67.04;   24.4;   12.2;    9.5;eor
        953;20190730;   10;  12.8;   3.4;    3;   0.0;   0;    8.483;-999;   3.5;  13.5;  958.16;   20.4;   57.79;   26.6;   14.4;   10.8;eor
        953;20190731;   10;  10.5;   4.0;    3;   0.0;   0;    7.150;-999;   4.8;  12.1;  961.49;   17.3;   62.29;   21.9;   12.6;    8.6;eor
        953;20190801;   10;   8.3;   2.1;    3;   0.0;   0;    5.983;-999;   5.1;  12.0;  962.19;   16.9;   64.38;   22.7;   10.5;    7.0;eor
        953;20190802;   10;   9.9;   2.8;    3;   0.0;   6;    4.717;-999;   5.5;  13.4;  960.04;   18.2;   65.42;   24.2;   13.9;   10.3;eor
        953;20190803;   10;   7.0;   2.7;    3;   0.0;   6;    4.850;-999;   6.5;  14.1;  961.24;   17.2;   73.33;   23.2;   13.2;    9.8;eor
        953;20190804;   10;   7.9;   1.9;    3;   0.0;   6;   10.583;-999;   4.3;  12.7;  960.20;   20.4;   56.42;   27.1;   12.6;    9.2;eor
        953;20190805;   10;  11.5;   4.3;    3;   1.3;   6;    6.567;-999;   7.6;  13.8;  957.22;   21.9;   52.92;   26.3;   18.0;   15.9;eor
        953;20190806;   10;   7.8;   2.3;    3;  11.5;   6;    0.717;-999;   7.2;  16.8;  956.44;   18.5;   79.21;   24.1;   15.8;   13.5;eor
        953;20190807;   10;  10.4;   2.6;    3;   0.4;   6;    2.283;-999;   6.8;  16.1;  954.56;   17.0;   83.58;   20.7;   13.9;   12.2;eor
        953;20190808;   10;   9.3;   2.4;    3;   0.0;   6;    8.600;-999;   5.2;  14.1;  957.52;   18.7;   67.92;   24.7;   12.4;   10.1;eor
        953;20190809;   10;  11.1;   3.6;    3;  11.9;   6;    1.117;-999;   6.9;  18.5;  954.92;   21.5;   72.58;   27.3;   17.6;   13.6;eor
        953;20190810;   10;  16.7;   6.4;    3;   0.0;   0;    9.050;-999;   4.5;  14.1;  959.02;   19.0;   65.46;   23.2;   16.0;   14.6;eor
        953;20190811;   10;   9.2;   3.0;    3;   1.8;   6;    3.650;-999;   6.5;  12.4;  960.93;   16.1;   68.79;   20.9;   11.1;    9.1;eor
        953;20190812;   10;  15.3;   2.8;    3;   7.1;   6;    5.800;-999;   6.0;  13.3;  960.97;   14.2;   83.38;   20.5;   10.9;    9.2;eor
        953;20190813;   10;   9.9;   3.9;    3;   0.1;   6;    7.967;-999;   6.1;  11.1;  962.85;   13.7;   72.96;   18.8;   10.4;    8.9;eor
        953;20190814;   10;   9.9;   3.2;    3;   0.0;   6;    7.017;-999;   5.5;  11.8;  962.15;   15.0;   69.75;   19.8;    9.4;    6.6;eor
        953;20190815;   10;  15.1;   5.1;    3;   8.5;   6;    2.700;-999;   6.7;  14.2;  958.42;   15.3;   82.00;   19.8;   12.8;   11.9;eor
        953;20190816;   10;   8.2;   2.9;    3;   0.0;   6;    7.200;-999;   6.0;  12.9;  961.35;   15.8;   73.13;   21.3;   11.0;    8.3;eor
        953;20190817;   10;  11.2;   4.4;    3;  10.9;   6;    0.000;-999;   7.6;  15.0;  956.24;   16.5;   80.33;   18.7;   14.6;   13.6;eor
        953;20190818;   10;  15.9;   4.6;    3;   3.5;   6;    3.250;-999;   7.3;  18.2;  954.06;   18.3;   86.54;   23.6;   14.1;   12.2;eor
        953;20190819;   10;  10.2;   3.5;    3;   0.0;   0;    8.517;-999;   4.9;  13.1;  961.87;   16.2;   72.42;   20.8;   11.8;    7.4;eor
        953;20190820;   10;   8.7;   1.7;    3;   0.0;   6;    0.667;-999;   6.5;  11.7;  967.54;   13.9;   74.63;   17.9;    9.6;    6.5;eor
        953;20190821;   10;  11.0;   2.1;    3;   0.0;   0;   10.750;-999;   2.2;  11.0;  970.90;   15.7;   64.50;   21.7;    9.3;    6.1;eor
        953;20190822;   10;   7.8;   2.4;    3;   0.0;   0;   13.100;-999;   2.0;  10.8;  969.56;   17.3;   56.63;   23.8;   10.4;    5.0;eor
        953;20190823;   10;   9.7;   2.9;    3;   0.0;   0;   13.033;-999;   0.0;  10.9;  968.50;   19.4;   50.71;   25.8;   12.7;    7.1;eor
        953;20190824;   10;   9.8;   3.2;    3;   0.0;   0;   13.000;-999;   0.4;  11.6;  965.07;   20.4;   51.42;   27.0;   13.2;    8.9;eor
        953;20190825;   10;   6.7;   2.1;    3;   0.0;   0;   10.683;-999;   1.1;  16.4;  963.65;   22.0;   62.46;   28.3;   16.0;   11.6;eor
        953;20190826;   10;  10.9;   2.0;    3;   5.7;   6;    8.317;-999;   1.8;  16.9;  962.85;   22.5;   63.17;   29.5;   17.0;   12.8;eor
        953;20190827;   10;   6.2;   2.1;    3;   0.0;   6;    9.617;-999;   3.2;  16.5;  961.02;   24.1;   56.33;   30.2;   18.4;   15.2;eor
        953;20190828;   10;   8.7;   2.2;    3;   0.0;   6;    6.217;-999;   6.9;  15.2;  960.73;   23.4;   53.88;   29.5;   18.3;   15.4;eor
        953;20190829;   10;  10.8;   2.8;    3;   0.0;   0;    9.433;-999;   2.8;  16.3;  963.65;   21.4;   64.46;   26.3;   15.3;   11.9;eor
        953;20190830;   10;   8.0;   1.9;    3;   0.0;   0;   12.367;-999;   0.2;  14.4;  966.16;   19.3;   66.75;   26.0;   13.1;    9.5;eor
        953;20190831;   10;  13.9;   3.1;    3;   3.3;   6;   11.083;-999;   2.1;  15.7;  959.03;   23.2;   57.46;   30.1;   16.5;   12.7;eor
        953;20190901;   10;   8.5;   3.1;    3;   0.0;   0;    3.033;-999;   6.0;  13.2;  959.77;   15.7;   73.92;   19.2;   10.1;    7.1;eor
        953;20190902;   10;   8.1;   2.1;    3;   0.0;   0;   11.900;-999;   2.1;   9.1;  966.81;   13.6;   61.00;   19.3;    8.0;    4.7;eor
        953;20190903;   10;   9.7;   2.5;    3;   0.0;   0;   12.467;-999;   2.5;   9.9;  967.84;   15.4;   57.83;   21.9;    8.8;    4.7;eor
        953;20190904;   10;  11.6;   4.0;    3;   0.0;   6;   10.917;-999;   3.0;  12.2;  961.70;   16.2;   68.75;   22.8;    9.9;    6.3;eor
        953;20190905;   10;  14.6;   4.4;    3;   0.0;   6;    3.650;-999;   6.5;  10.6;  964.49;   12.5;   73.54;   17.7;    7.9;    3.7;eor
        953;20190906;   10;   7.4;   2.0;    3;   1.8;   6;   10.350;-999;   3.4;   8.8;  966.84;   11.9;   66.42;   18.0;    4.9;    1.2;eor
        953;20190907;   10;   5.3;   1.8;    3;  17.1;   6;    0.100;-999;   6.7;  11.3;  962.80;   10.7;   87.67;   12.9;    8.8;    8.4;eor
        953;20190908;   10;   9.3;   2.4;    3;   0.8;   6;    3.283;-999;   6.6;  11.5;  961.52;   10.9;   88.63;   14.2;    8.1;    5.9;eor
        953;20190909;   10;   7.3;   2.1;    3;   0.0;   0;    4.667;-999;   5.7;   9.9;  959.51;   10.9;   77.54;   16.0;    7.7;    4.5;eor
        953;20190910;   10;   7.4;   2.0;    3;   0.0;   0;   11.333;-999;   0.3;   8.5;  961.68;   11.9;   64.08;   17.9;    6.2;    2.6;eor
        953;20190911;   10;  10.9;   3.3;    3;   0.1;   6;    5.117;-999;   4.8;  10.1;  967.39;   14.1;   64.04;   18.8;    8.0;    4.1;eor
        953;20190912;   10;  10.3;   4.2;    3;   0.5;   6;    3.667;-999;   5.8;  15.1;  973.02;   16.4;   81.67;   20.9;   13.2;   11.9;eor
        953;20190913;   10;   7.3;   2.3;    3;   0.0;   0;    2.433;-999;   5.8;  15.3;  975.48;   16.1;   83.96;   20.7;   13.5;   11.4;eor
        953;20190914;   10;   7.5;   2.6;    3;   0.0;   0;   11.667;-999;   2.8;  12.8;  973.88;   16.3;   70.83;   21.8;   12.2;    7.9;eor
        953;20190915;   10;   7.9;   2.1;    3;   0.0;   0;   11.783;-999;   2.0;  12.5;  967.90;   17.2;   65.67;   24.0;   11.4;    7.2;eor
        953;20190916;   10;   6.9;   2.2;    3;   0.0;   6;    2.017;-999;   7.0;  11.5;  964.28;   16.2;   62.88;   21.8;    9.4;    6.1;eor
        953;20190917;   10;   9.1;   3.4;    3;   0.0;   0;    7.233;-999;   4.3;  10.7;  964.77;   13.6;   69.71;   18.6;    8.0;    4.7;eor
        953;20190918;   10;   9.1;   3.5;    3;   0.0;   0;   11.517;-999;   0.9;   7.9;  968.72;   10.0;   66.33;   15.4;    4.8;    1.3;eor
        953;20190919;   10;  11.3;   3.3;    3;   0.0;   0;   11.350;-999;   2.3;   7.4;  971.48;    9.5;   64.25;   14.9;    4.2;    0.5;eor
        953;20190920;   10;  12.8;   5.0;    3;   0.0;   0;   11.383;-999;   3.0;   6.6;  969.64;   11.7;   48.96;   16.6;    6.3;    3.2;eor
        953;20190921;   10;  13.1;   3.8;    3;   0.0;   0;   11.433;-999;   0.0;   7.1;  962.11;   15.7;   40.96;   21.7;    9.4;    6.7;eor
        953;20190922;   10;  10.1;   3.0;    3;   8.3;   6;    3.400;-999;   5.5;  12.6;  955.38;   18.3;   59.96;   24.1;   13.1;    8.2;eor
        953;20190923;   10;   8.3;   3.1;    3;   0.0;   6;    0.417;-999;   6.4;  13.3;  959.71;   13.1;   88.46;   16.0;   10.4;    6.4;eor
        953;20190924;   10;  13.2;   3.6;    3;  12.7;   6;    0.367;-999;   6.8;  12.4;  955.50;   12.6;   84.83;   15.4;   10.2;    5.8;eor
        953;20190925;   10;  11.5;   4.5;    3;   1.7;   6;    1.033;-999;   7.3;  13.4;  952.67;   12.7;   91.00;   14.8;   11.1;   10.0;eor
        953;20190926;   10;  12.2;   4.3;    3;   9.9;   6;    0.017;-999;   7.5;  15.0;  955.64;   14.3;   92.13;   16.0;   12.3;   10.9;eor
        953;20190927;   10;  11.5;   5.2;    3;   2.6;   6;    2.133;-999;   6.3;  13.8;  955.85;   13.4;   89.54;   15.1;   12.0;   11.4;eor
        953;20190928;   10;  15.4;   6.1;    3;   0.3;   6;    1.033;-999;   7.3;  12.3;  958.85;   12.7;   83.33;   14.4;   11.6;   10.3;eor
        953;20190929;   10;  19.6;   7.5;    3;   7.0;   6;    2.367;-999;   7.0;  13.1;  950.89;   13.6;   83.92;   16.2;   11.5;   10.3;eor
        953;20190930;   10;  18.3;   7.2;    3;   0.3;   6;    3.483;-999;   6.7;  12.0;  955.67;   12.4;   83.46;   15.9;   10.6;    6.6;eor
        953;20191001;   10;  12.3;   5.5;    3;   4.3;   6;    0.017;-999;   7.3;  14.4;  949.58;   13.6;   91.79;   16.4;   11.1;   10.7;eor
        953;20191002;   10;  12.5;   5.6;    3;   1.4;   6;    3.117;   0;   6.1;  10.0;  954.20;    9.6;   82.29;   13.0;    5.2;    3.5;eor
        953;20191003;   10;   9.9;   3.1;    3;   0.1;   6;    1.650;   0;   7.5;   8.6;  961.68;    7.6;   82.71;   11.9;    5.3;    3.9;eor
        953;20191004;   10;  15.0;   5.6;    3;  10.1;   6;    0.233;   0;   7.7;  10.3;  952.23;    9.3;   87.42;   12.7;    6.8;    6.2;eor
        953;20191005;   10;  11.2;   3.6;    3;   0.7;   6;    0.000;   0;   7.6;   9.8;  957.73;    8.5;   87.75;   10.4;    6.1;    4.4;eor
        953;20191006;   10;  13.0;   3.2;    3;   6.6;   6;    0.000;   0;   7.0;  10.4;  956.38;    8.4;   93.25;   11.3;    6.5;    4.3;eor
        953;20191007;   10;   8.5;   2.4;    3;   1.2;   6;    0.417;   0;   6.6;  10.5;  960.09;    8.5;   94.08;   11.9;    4.3;    2.5;eor
        953;20191008;   10;  13.6;   6.0;    3;  21.9;   6;    0.000;   0;   7.5;  12.4;  954.95;   10.8;   94.88;   12.7;    9.3;    8.8;eor
        953;20191009;   10;  14.3;   5.4;    3;  14.6;   6;    0.950;   0;   7.0;  10.7;  954.42;    9.3;   91.33;   11.7;    7.9;    6.9;eor
        953;20191010;   10;  16.6;   5.8;    3;   1.0;   6;    2.533;   0;   5.8;  10.3;  958.97;    9.3;   88.17;   13.3;    6.8;    5.9;eor
        953;20191011;   10;  11.6;   4.5;    3;   0.0;   6;    2.583;   0;   6.0;  11.9;  960.13;   11.9;   85.42;   14.8;    8.2;    5.0;eor
        953;20191012;   10;  14.3;   5.5;    3;   0.0;   6;    5.683;   0;   3.1;  13.2;  957.42;   14.8;   78.08;   18.3;   11.8;   10.0;eor
        953;20191013;   10;  13.1;   5.4;    3;   0.0;   6;    7.883;   0;   2.1;  15.0;  957.11;   18.1;   72.75;   21.6;   15.2;   13.9;eor
        953;20191014;   10;  16.0;   4.2;    3;   0.0;   0;    9.350;   0;   4.6;  13.3;  956.30;   17.8;   65.46;   21.8;   12.8;    9.7;eor
        953;20191015;   10;  12.0;   3.2;    3;   4.7;   6;    0.200;   0;  -999;  13.4;  952.54;   13.4;   87.67;   17.6;    9.5;    9.0;eor
        953;20191016;   10;  14.6;   4.8;    3;   1.3;   6;    1.217;   0;  -999;  11.2;  956.03;   11.1;   85.00;   14.5;    8.7;    7.3;eor
        953;20191017;   10;  14.1;   5.1;    3;   4.3;   6;    0.017;   0;   7.8;  13.0;  956.20;   12.3;   90.92;   13.5;   11.3;   10.1;eor
        953;20191018;   10;  19.7;   5.2;    3;   4.7;   6;    2.733;   0;   6.9;  11.3;  954.18;   11.3;   83.67;   13.8;    8.9;    7.3;eor
        953;20191019;   10;  11.4;   4.5;    3;   7.1;   6;    1.183;   0;   7.6;  12.2;  951.64;   11.6;   89.13;   14.6;    9.6;    8.4;eor
        953;20191020;   10;  16.3;   4.0;    3;   8.7;   6;    0.050;   0;   7.0;  13.5;  951.75;   13.2;   89.00;   16.1;   10.8;   10.0;eor
        953;20191021;   10;  14.7;   4.3;    3;   0.0;   6;    2.067;   0;   6.8;  11.8;  961.33;   11.8;   85.38;   14.5;    8.2;    6.2;eor
        953;20191022;   10;   8.8;   1.9;    3;   0.0;   6;    4.217;   0;   5.6;  10.5;  966.57;   10.4;   83.42;   14.3;    7.0;    3.7;eor
        953;20191023;   10;  10.7;   4.3;    3;   0.0;   0;    7.917;   0;   3.3;  12.1;  957.79;   11.4;   89.50;   13.2;   10.3;    8.7;eor
        953;20191024;   10;  12.0;   3.4;    3;   0.0;   6;    5.733;   0;   6.9;  12.3;  955.29;   13.3;   81.25;   17.4;    9.5;    7.7;eor
        953;20191025;   10;  10.2;   4.2;    3;   0.0;   0;    4.500;   0;   6.5;  11.5;  964.08;   12.2;   81.08;   14.4;   10.5;    7.0;eor
        953;20191026;   10;  11.9;   4.6;    3;   0.0;   0;    7.917;   0;   6.1;  11.4;  961.99;   13.7;   73.92;   17.7;   10.0;    7.2;eor
        953;20191027;   10;  10.0;   3.6;    3;   3.8;   6;    0.000;   0;   7.6;  10.6;  963.24;    9.3;   89.83;   14.4;    3.9;    2.8;eor
        953;20191028;   10;   8.2;   2.6;    3;   0.0;   6;    6.867;   0;   6.0;   7.4;  965.06;    4.5;   88.54;    8.1;    1.5;   -1.2;eor
        953;20191029;   10;   9.8;   3.4;    3;   0.0;   0;    1.517;   0;   6.5;   7.6;  965.30;    5.2;   85.67;    7.8;    3.1;    1.1;eor
        953;20191030;   10;  13.8;   4.9;    3;   0.0;   0;    0.150;   0;   5.7;   6.5;  966.82;    3.4;   83.46;    5.1;    1.5;   -0.6;eor
        953;20191031;   10;  11.5;   3.9;    3;   0.0;   6;    8.717;   0;   3.5;   6.3;  962.97;    4.2;   76.13;    7.2;    1.4;   -0.6;eor
        953;20191101;   10;  11.7;   4.3;    3;   5.6;   6;    0.000;   0;   7.5;  10.2;  952.04;    8.3;   92.17;   11.8;    3.8;    2.4;eor
        953;20191102;   10;  16.1;   6.1;    3;   9.6;   6;    0.733;   0;   7.3;  12.0;  939.08;   11.3;   89.08;   13.0;    8.1;    7.3;eor
        953;20191103;   10;  14.3;   5.1;    3;   9.8;   6;    0.117;   0;   7.5;  11.0;  932.09;    9.5;   92.46;   11.3;    7.9;    7.5;eor
        953;20191104;   10;  13.5;   5.0;    3;   4.7;   6;    0.383;   0;   7.3;  10.0;  935.79;    8.3;   91.08;   10.1;    6.6;    5.6;eor
        953;20191105;   10;  10.0;   3.1;    3;   3.0;   6;    1.917;   0;   6.9;   9.0;  941.43;    7.0;   90.58;    9.4;    5.0;    3.4;eor
        953;20191106;   10;   9.2;   3.3;    3;   1.3;   6;    0.683;   0;   7.4;   9.3;  946.35;    7.0;   92.88;    8.7;    5.9;    5.4;eor
        953;20191107;   10;  13.7;   4.6;    3;   5.6;   6;    0.200;   0;   6.5;   8.4;  944.60;    6.0;   89.42;    7.4;    2.8;    0.2;eor
        953;20191108;   10;   7.2;   1.6;    3;   0.0;   0;    0.633;   0;   7.7;   7.4;  949.10;    4.1;   91.08;    7.2;    1.4;   -0.9;eor
        953;20191109;   10;   7.3;   2.5;    3;   0.0;   6;    0.600;   0;   5.8;   7.0;  952.29;    2.7;   93.21;    4.4;   -0.8;   -3.3;eor
        953;20191110;   10;   5.3;   1.5;    3;   0.0;   0;    6.800;   0;   3.4;   6.4;  954.65;    1.9;   90.96;    7.7;   -1.8;   -3.5;eor
        953;20191111;   10;  11.7;   3.9;    3;   1.7;   6;    1.200;   0;   6.8;   6.5;  951.64;    2.0;   92.21;    4.8;   -1.1;   -2.1;eor
        953;20191112;   10;  14.5;   5.4;    3;   1.8;   8;    0.317;   0;   5.8;   6.8;  947.23;    2.7;   91.29;    4.2;    0.7;   -0.7;eor
        953;20191113;   10;   9.3;   3.8;    3;   0.0;   6;    0.150;   0;   6.7;   6.8;  946.25;    2.3;   93.79;    3.5;    0.8;   -0.8;eor
        953;20191114;   10;  15.0;   4.5;    3;   0.0;   6;    1.617;   0;   7.7;   6.6;  944.50;    3.4;   84.04;    5.4;    2.0;    0.7;eor
        953;20191115;   10;  13.2;   3.3;    3;   0.0;   0;    0.000;   0;   7.4;   6.2;  943.19;    2.6;   84.00;    3.9;    0.5;   -1.7;eor
        953;20191116;   10;   8.1;   2.3;    3;   0.0;   0;    3.583;   0;   4.5;   6.1;  951.53;    2.0;   86.75;    6.1;   -1.0;   -4.6;eor
        953;20191117;   10;   7.1;   2.2;    3;  12.9;   8;    0.000;   0;   7.5;   6.6;  950.81;    1.8;   95.50;    3.4;   -0.5;   -2.4;eor
        953;20191118;   10;   9.3;   3.4;    3;   8.1;   8;    0.000;   0;   7.8;   6.6;  950.69;    1.2;   98.88;    2.0;    0.3;    0.0;eor
        953;20191119;   10;   6.2;   2.4;    3;   0.0;   0;    1.500;   0;   4.3;   6.4;  959.52;    1.5;   93.42;    3.7;   -1.2;   -4.4;eor
        953;20191120;   10;   9.7;   3.5;    3;   0.0;   0;    2.767;   0;   5.0;   5.7;  958.16;    0.2;   92.17;    2.0;   -1.6;   -4.9;eor
        953;20191121;   10;  14.4;   2.5;    3;   1.8;   6;    1.667;   0;   7.4;   6.5;  951.55;    2.7;   87.21;    6.6;   -1.5;   -3.4;eor
        953;20191122;   10;  16.2;   6.1;    3;   0.0;   6;    4.200;   0;   7.3;   7.5;  948.44;    4.6;   88.63;    6.7;    2.2;    1.2;eor
        953;20191123;   10;  12.8;   4.2;    3;   0.0;   0;    0.250;   0;   7.9;   7.1;  941.82;    4.8;   82.63;    7.0;    1.4;    0.1;eor
        953;20191124;   10;   4.1;   1.3;    3;   0.0;   0;    5.117;   0;   7.6;   7.9;  950.10;    5.7;   86.71;   10.4;    3.1;   -0.4;eor
        953;20191125;   10;   8.3;   1.5;    3;   0.0;   6;    0.000;   0;   7.5;   9.0;  952.95;    6.6;   92.29;    8.2;    4.4;    3.4;eor
        953;20191126;   10;  11.9;   4.1;    3;   0.8;   6;    0.000;   0;   7.6;   9.8;  949.11;    8.0;   91.67;    9.5;    6.3;    5.9;eor
        953;20191127;   10;  18.7;   7.7;    3;   8.3;   6;    0.183;   0;   7.4;   9.7;  938.48;    8.5;   87.33;    9.5;    7.8;    6.7;eor
        953;20191128;   10;  16.1;   7.8;    3;   6.4;   6;    0.017;   0;   7.5;   9.3;  940.82;    7.7;   88.46;    8.5;    6.6;    5.9;eor
        953;20191129;   10;  12.5;   3.9;    3;   1.6;   6;    2.117;   0;   6.9;   7.4;  953.80;    4.0;   89.58;    7.3;    1.2;   -1.4;eor
        953;20191130;   10;   9.9;   2.6;    3;   0.0;   0;    6.217;   0;   3.5;   5.9;  964.19;    1.4;   87.42;    4.3;   -1.0;   -3.9;eor
        953;20191201;   10;  17.2;   4.6;    3;   1.9;   8;    0.000;   0;   7.1;   5.0;  959.52;    0.1;   80.54;    1.4;   -0.9;   -1.7;eor
        953;20191202;   10;   6.2;   1.4;    3;   0.0;   8;    2.550;   2;   4.5;   5.4;  967.73;   -0.3;   90.38;    2.5;   -3.6;   -7.8;eor
        953;20191203;   10;   7.9;   1.5;    3;   0.0;   0;    0.000;   0;   7.8;   6.8;  969.97;    2.4;   93.13;    4.5;    0.4;   -0.6;eor
        953;20191204;   10;  12.6;   2.8;    3;   0.0;   0;    7.317;   0;   0.5;   5.2;  963.60;    1.5;   76.67;    5.3;   -2.5;   -4.8;eor
        953;20191205;   10;   5.5;   1.5;    3;   0.0;   0;    7.267;   0;   0.4;   4.9;  963.38;   -1.1;   87.33;    3.6;   -4.9;   -6.7;eor
        953;20191206;   10;  18.4;   6.5;    3;   3.6;   8;    0.000;   0;   7.4;   6.4;  958.14;    0.9;   96.00;    5.3;   -4.7;   -5.6;eor
        953;20191207;   10;  15.2;   6.3;    3;   0.2;   6;    0.000;   0;   7.7;   8.7;  958.11;    6.3;   90.21;    7.1;    5.2;    4.6;eor
        953;20191208;   10;  19.0;   7.8;    3;   5.6;   6;    0.000;   0;   7.6;   9.2;  951.58;    6.9;   91.29;    8.9;    5.6;    4.5;eor
        953;20191209;   10;  16.5;   7.0;    3;   7.2;   6;    0.000;   0;   7.3;   7.4;  948.75;    4.1;   89.88;    5.6;    1.3;   -0.2;eor
        953;20191210;   10;  11.9;   3.9;    3;   0.1;   6;    4.667;   0;   5.5;   5.8;  966.20;    1.3;   87.17;    4.1;   -0.5;   -2.8;eor
        953;20191211;   10;  11.9;   4.9;    3;   3.7;   8;    0.000;   0;   7.3;   6.3;  952.97;    2.4;   87.29;    3.1;    1.7;    1.2;eor
        953;20191212;   10;  18.8;   5.0;    3;   3.1;   8;    0.250;   0;   7.1;   6.3;  943.60;    1.8;   89.83;    3.0;    0.0;   -0.4;eor
        953;20191213;   10;  18.1;   8.2;    3;  12.6;   8;    0.000;   0;   7.1;   6.7;  926.14;    2.3;   93.21;    3.9;    0.0;    0.0;eor
        953;20191214;   10;  23.5;   8.8;    3;   9.8;   6;    0.517;   0;   7.0;   7.3;  938.55;    4.5;   86.88;    6.5;    2.0;    1.5;eor
        953;20191215;   10;  18.3;   6.0;    3;   2.9;   6;    0.000;   0;   7.5;   8.7;  947.53;    6.6;   88.38;    8.5;    5.1;    3.0;eor
        953;20191216;   10;  13.9;   4.2;    3;   0.6;   6;    0.167;   0;   7.8;   9.7;  950.07;    8.5;   87.21;   12.2;    6.3;    5.5;eor
        953;20191217;   10;  15.6;   6.1;    3;   7.4;   6;    1.367;   0;   6.7;   9.4;  949.06;   11.7;   69.21;   14.5;    8.7;    7.8;eor
        953;20191218;   10;  12.6;   3.6;    3;   0.0;   0;    4.400;   0;   5.8;   9.3;  958.92;    7.5;   89.71;   10.1;    5.2;    2.3;eor
        953;20191219;   10;  14.0;   6.8;    3;   0.0;   0;    6.667;   0;   2.7;   8.9;  954.15;   11.1;   67.96;   14.1;    8.7;    6.2;eor
        953;20191220;   10;  18.1;   7.9;    3;  16.9;   6;    0.000;   0;   6.4;   8.7;  937.11;    7.9;   81.46;   11.1;    5.7;    4.5;eor
        953;20191221;   10;  15.0;   4.8;    3;   2.2;   6;    1.483;   0;   6.5;   7.9;  935.70;    5.2;   88.96;    6.4;    3.9;    1.8;eor
        953;20191222;   10;  19.2;   7.3;    3;   2.4;   6;    0.117;   0;   7.5;   8.5;  932.30;    6.0;   91.17;    7.7;    4.8;    4.1;eor
        953;20191223;   10;  13.4;   7.1;    3;   2.4;   6;    0.000;   0;   6.7;   8.0;  951.81;    5.1;   91.08;    5.9;    4.5;    3.4;eor
        953;20191224;   10;  18.0;   7.1;    3;   6.6;   6;    0.100;   0;   7.3;   8.1;  956.35;    5.8;   87.96;    7.7;    4.0;    3.0;eor
        953;20191225;   10;  15.9;   5.4;    3;   1.6;   6;    0.133;   0;   7.5;   8.1;  962.75;    4.9;   92.38;    6.9;    2.0;   -0.2;eor
        953;20191226;   10;   9.0;   2.4;    3;   1.9;   6;    0.583;   0;   5.8;   6.6;  965.88;    2.5;   90.83;    4.5;   -0.2;   -2.7;eor
        953;20191227;   10;   8.4;   3.3;    3;   0.0;   6;    0.433;   0;   7.7;   7.6;  968.61;    3.9;   94.13;    5.4;    1.9;    1.6;eor
        953;20191228;   10;   8.0;   2.4;    3;   0.0;   0;    4.850;   0;   6.5;   5.1;  979.71;   -0.2;   84.83;    2.0;   -2.0;   -4.6;eor
        953;20191229;   10;   8.8;   1.5;    3;   0.0;   0;    5.967;   0;   5.4;   3.4;  978.39;    1.7;   51.00;    6.7;   -2.4;   -5.9;eor
        953;20191230;   10;   4.1;   1.2;    3;   0.0;   0;    6.933;   0;   1.7;   2.7;  974.61;    4.5;   32.13;   10.4;    0.6;   -4.4;eor
        953;20191231;   10;   8.4;   2.2;    3;   0.0;   0;    4.400;   0;   4.0;   4.7;  974.44;    3.3;   60.67;    6.3;    0.0;   -3.9;eor
        953;20200101;   10;   9.8;   1.4;    3;   0.0;   0;    6.950;   0;   1.5;   5.4;  973.60;   -0.8;   93.75;    3.3;   -4.2;   -6.4;eor
        953;20200102;   10;  10.8;   2.6;    3;   0.0;   6;    0.267;   0;   7.8;   6.2;  969.33;    0.7;   95.75;    4.8;   -3.9;   -4.5;eor
        953;20200103;   10;  14.3;   6.9;    3;   2.1;   6;    0.000;   0;   7.7;   8.4;  965.24;    5.4;   93.04;    7.5;    3.4;    3.0;eor
        953;20200104;   10;  11.9;   5.0;    3;   0.0;   6;    0.067;   0;   7.3;   6.6;  973.24;    2.5;   90.46;    3.9;    0.9;   -1.1;eor
        953;20200105;   10;   5.2;   1.9;    3;   0.0;   0;    1.050;   0;   7.7;   7.0;  976.72;    3.4;   90.42;    4.7;    0.6;   -1.9;eor
        953;20200106;   10;   9.3;   2.2;    3;   1.0;   6;    7.183;   0;   1.5;   5.7;  969.40;    1.4;   86.00;    6.8;   -1.5;   -5.4;eor
        953;20200107;   10;   9.8;   3.8;    3;   0.0;   6;    0.700;   0;   7.2;   7.2;  970.07;    3.3;   92.71;    5.2;    1.6;    1.0;eor
        953;20200108;   10;  11.9;   4.8;    3;   1.9;   6;    0.000;   0;   7.8;   9.2;  968.86;    6.1;   96.83;    8.2;    2.4;    2.1;eor
        953;20200109;   10;  16.0;   6.1;    3;   4.8;   6;    0.000;   0;   7.8;  10.3;  960.83;    8.2;   93.63;    9.9;    6.7;    5.9;eor
        953;20200110;   10;  13.6;   5.7;    3;   3.5;   6;    0.000;   0;   7.3;   8.3;  963.12;    5.5;   91.79;    7.1;    1.3;   -0.4;eor
        953;20200111;   10;   7.7;   2.8;    3;   0.0;   0;    0.000;   0;   7.1;   6.0;  973.83;    2.2;   83.88;    3.7;    0.3;   -2.2;eor
        953;20200112;   10;  12.0;   5.1;    3;   0.2;   6;    0.000;   0;   7.0;   6.7;  968.12;    2.1;   92.75;    4.2;   -0.3;   -2.6;eor
        953;20200113;   10;  13.3;   4.3;    3;   0.3;   6;    0.267;   0;   7.5;   7.8;  962.35;    4.4;   93.21;    5.9;    3.6;    3.0;eor
        953;20200114;   10;  18.2;   8.0;    3;   0.0;   6;    0.000;   0;   7.4;   7.3;  955.73;    7.0;   72.75;    9.5;    4.4;    3.3;eor
        953;20200115;   10;  14.2;   6.3;    3;   1.0;   6;    5.500;   0;   5.6;   8.1;  960.09;    8.5;   73.33;   10.8;    5.4;    4.1;eor
        953;20200116;   10;  10.9;   3.9;    3;   0.0;   0;    6.450;   0;   2.1;   8.8;  967.89;    8.1;   81.75;   10.9;    5.6;    3.3;eor
        953;20200117;   10;  15.6;   5.3;    3;   5.8;   6;    0.150;   0;   6.1;   8.1;  961.97;    6.2;   85.21;    8.1;    3.3;    2.2;eor
        953;20200118;   10;  10.1;   4.4;    3;   0.5;   8;    0.117;   0;   6.0;   6.3;  968.16;    1.6;   92.08;    3.3;   -0.4;   -3.5;eor
        953;20200119;   10;   6.9;   3.0;    3;   0.6;   8;    0.100;   1;   7.2;   6.1;  978.20;    0.9;   93.88;    2.4;   -0.6;   -1.7;eor
        953;20200120;   10;  10.3;   3.7;    3;   0.0;   0;    3.600;   0;   4.6;   5.5;  985.81;    1.0;   83.38;    3.4;   -0.6;   -2.9;eor
        953;20200121;   10;   8.3;   3.2;    3;   0.0;   0;    7.783;   0;   0.0;   4.6;  981.21;    0.7;   73.08;    4.9;   -3.0;   -5.2;eor
        953;20200122;   10;   8.1;   2.0;    3;   0.0;   0;    7.833;   0;   1.5;   4.8;  976.27;   -0.2;   79.58;    4.9;   -4.3;   -7.2;eor
        953;20200123;   10;  11.9;   5.3;    3;   0.0;   0;    1.800;   0;   5.0;   5.4;  971.46;   -1.2;   96.92;    0.6;   -3.4;   -5.6;eor
        953;20200124;   10;   4.0;   1.1;    3;   0.0;   0;    4.933;   0;   5.5;   5.0;  965.45;   -1.9;   93.63;    3.4;   -4.1;   -4.3;eor
        953;20200125;   10;   3.1;   1.1;    3;   0.0;   0;    4.100;   0;   6.3;   6.5;  963.60;    1.0;   98.29;    4.2;   -4.5;   -5.1;eor
        953;20200126;   10;   8.7;   2.9;    3;   0.1;   6;    4.750;   0;   5.3;   7.6;  960.21;    5.0;   87.00;    8.7;    1.6;   -1.5;eor
        953;20200127;   10;  17.5;   6.1;    3;  21.7;   6;    0.000;   0;   7.6;   8.1;  952.52;    4.9;   93.21;    5.5;    4.2;    3.5;eor
        953;20200128;   10;  22.6;   8.2;    3;  11.4;   8;    0.083;   0;   7.3;   6.6;  942.96;    2.3;   90.88;    5.6;    0.1;   -0.6;eor
        953;20200129;   10;  17.6;   7.3;    3;   0.1;   8;    0.600;   0;   7.1;   6.1;  953.03;    2.0;   86.92;    3.8;    0.6;    0.2;eor
        953;20200130;   10;  14.6;   6.1;    3;   1.1;   6;    1.367;   0;   7.0;   8.1;  954.87;    5.5;   88.42;   10.1;    2.5;    1.1;eor
        953;20200131;   10;  16.0;   7.1;    3;   0.4;   6;    0.000;   0;   7.6;  11.1;  955.45;    9.8;   91.54;   10.3;    8.9;    8.3;eor
        953;20200201;    3;  17.8;   7.7;    3;  20.4;   6;    0.083;   0;   7.1;  10.5;  952.55;    8.7;   92.92;   10.1;    5.1;    4.1;eor
        953;20200202;    3;  19.1;   7.6;    3;  15.1;   6;    0.000;   0;   7.0;   9.9;  955.38;    8.6;   87.29;   11.8;    4.6;    3.3;eor
        953;20200203;    3;  16.5;   6.7;    3;  28.4;   6;    0.050;   0;   7.5;   9.2;  956.90;    7.3;   89.92;    9.0;    3.0;    3.0;eor
        953;20200204;    3;  14.6;   6.8;    3;   4.5;   8;    1.383;   0;   6.8;   6.5;  958.21;    2.1;   91.21;    3.0;    0.2;    0.1;eor
        953;20200205;    3;   8.5;   2.7;    3;   0.0;   0;    5.933;   0;   4.6;   5.6;  975.19;    2.0;   80.33;    6.2;   -1.3;   -4.2;eor
        953;20200206;    3;   5.3;   1.6;    3;   0.0;   0;    8.533;   0;   2.6;   5.5;  973.37;    1.2;   83.83;    6.8;   -2.1;   -5.0;eor
        953;20200207;    3;  12.2;   3.4;    3;   0.0;   0;    8.617;   0;   0.0;   4.8;  968.06;    2.2;   69.17;    6.6;   -1.5;   -5.1;eor
        953;20200208;    3;  10.1;   3.0;    3;   0.0;   0;    0.017;   0;   7.2;   6.4;  964.93;    4.9;   73.17;    8.6;    0.3;   -2.0;eor
        953;20200209;    3;  27.4;   9.0;    3;  24.2;   6;    0.417;   0;   7.1;   8.3;  955.41;    7.6;   79.25;    9.9;    5.7;    3.6;eor
        953;20200210;    3;  30.7;  12.7;    3;   5.2;   8;    0.500;   0;   7.1;   7.8;  944.96;    5.9;   82.79;   10.1;    3.4;    2.6;eor
        953;20200211;    3;  24.0;  11.3;    3;   3.8;   8;    1.583;   0;   6.4;   5.7;  951.85;    2.5;   78.33;    4.5;    0.0;   -0.6;eor
        953;20200212;    3;  16.5;   7.2;    3;   8.5;   8;    0.100;   0;   6.6;   6.0;  959.57;    1.1;   90.88;    2.4;    0.0;   -1.3;eor
        953;20200213;    3;  20.6;   6.7;    3;   7.8;   8;    0.600;   1;   6.5;   6.7;  950.53;    2.9;   88.17;    5.1;    0.5;   -1.4;eor
        953;20200214;    3;  15.9;   5.1;    3;   1.6;   6;    0.183;   0;   7.5;   7.6;  962.42;    4.6;   88.92;    6.1;    3.2;    2.0;eor
        953;20200215;    3;  14.3;   4.6;    3;   0.0;   6;    3.667;   0;   7.3;   7.5;  963.60;    6.3;   78.54;    9.3;    2.9;    0.0;eor
        953;20200216;    3;  22.2;   9.2;    3;   6.9;   6;    4.167;   0;   6.8;   8.6;  955.02;   10.9;   66.63;   14.2;    6.8;    6.5;eor
        953;20200217;    3;  19.4;   6.5;    3;   1.7;   6;    0.617;   0;   7.1;   7.9;  959.70;    5.7;   86.25;    7.5;    4.0;    3.4;eor
        953;20200218;    3;  16.4;   7.3;    3;   4.1;   6;    0.500;   0;   7.5;   6.7;  966.29;    4.0;   81.83;    5.2;    2.5;    1.4;eor
        953;20200219;    3;  16.6;   6.9;    3;   0.8;   8;    1.417;   0;   6.5;   6.2;  963.20;    3.1;   81.33;    5.2;    1.2;   -1.2;eor
        953;20200220;    3;  23.0;   7.0;    3;   4.4;   8;    0.283;   0;   7.5;   7.5;  961.26;    4.7;   88.42;    6.4;    0.0;    0.0;eor
        953;20200221;    3;  12.4;   6.0;    3;   0.0;   0;    1.400;   0;   6.5;   6.0;  969.40;    2.6;   82.04;    6.0;    0.1;   -0.6;eor
        953;20200222;    3;  17.2;   7.7;    3;   1.5;   6;    4.500;   0;   5.0;   7.0;  967.92;    5.3;   77.50;    8.5;    1.4;    0.3;eor
        953;20200223;    3;  23.2;  10.1;    3;  13.5;   6;    0.000;   0;   7.4;  10.0;  962.93;    7.9;   92.79;    9.6;    4.7;    4.3;eor
        953;20200224;    3;  17.2;   5.7;    3;   3.8;   6;    0.033;   0;   7.4;   8.5;  960.37;    6.3;   88.38;    9.2;    3.1;    3.0;eor
        953;20200225;    3;  15.8;   7.2;    3;   4.3;   8;    1.417;   0;   6.6;   8.0;  946.17;    5.4;   88.63;    7.2;    1.5;    0.2;eor
        953;20200226;    3;  19.9;   8.0;    3;   0.4;   8;    0.783;   0;   6.9;   5.5;  944.74;    0.9;   85.17;    2.8;   -0.1;   -0.9;eor
        953;20200227;    3;  16.8;   5.7;    3;  14.5;   8;    0.000;   0;   7.3;   5.8;  944.78;    0.2;   93.79;    1.1;   -0.9;   -0.2;eor
        953;20200228;    3;  14.9;   5.2;    3;   0.5;   8;    5.983;   9;   6.0;   5.5;  957.67;    1.8;   80.29;    5.1;   -1.1;   -0.8;eor
        953;20200229;    3;  22.9;   7.7;    3;   7.4;   8;    3.317;   0;   6.4;   8.0;  942.46;    6.3;   83.63;   11.7;    1.4;    0.8;eor
        953;20200301;    3;  20.7;   6.8;    3;  12.3;   8;    2.200;   0;   7.4;   7.3;  940.05;    4.7;   85.42;    8.3;    0.3;    0.0;eor
        953;20200302;    3;  12.5;   4.6;    3;   8.3;   8;    3.367;   0;   7.3;   7.1;  936.13;    3.8;   88.75;    7.3;    1.3;    0.7;eor
        953;20200303;    3;  14.3;   4.6;    3;   0.8;   8;    0.733;   0;   6.8;   6.2;  947.14;    1.6;   89.71;    4.4;   -0.4;   -2.8;eor
        953;20200304;    3;   8.9;   4.3;    3;   0.7;   6;    2.650;   0;   6.7;   6.6;  954.14;    2.9;   87.58;    5.0;    1.0;   -0.2;eor
        953;20200305;    3;  16.7;   5.3;    3;  22.6;   6;    0.000;   0;   7.6;   7.9;  938.80;    4.7;   92.25;    6.8;    2.5;    1.8;eor
        953;20200306;    3;  15.2;   6.9;    3;   8.5;   8;    0.000;   0;   7.8;   7.2;  940.45;    3.1;   94.63;    4.5;    0.9;    0.4;eor
        953;20200307;    3;   9.0;   3.8;    3;   0.0;   8;    1.083;   0;   7.2;   6.4;  960.53;    3.5;   82.04;    6.3;    1.9;    1.1;eor
        953;20200308;    3;  13.4;   5.6;    3;   3.9;   6;    2.117;   0;   7.8;   7.7;  958.53;    6.1;   81.88;    9.5;    4.0;    3.2;eor
        953;20200309;    3;  17.0;   4.8;    3;   5.9;   6;    1.783;   0;   7.0;   7.4;  957.30;    4.7;   86.63;    7.1;    3.2;    1.7;eor
        953;20200310;    3;  19.5;   8.6;    3;   5.7;   6;    0.000;   0;   7.0;   9.8;  954.43;    7.1;   94.71;   11.0;    2.9;    2.3;eor
        953;20200311;    3;  17.7;   8.5;    3;   0.4;   6;    0.000;   0;   7.3;  11.5;  957.99;   10.9;   88.54;   11.7;   10.1;    9.0;eor
        953;20200312;    3;  19.2;   7.5;    3;   4.9;   6;    0.233;   0;   7.0;   8.9;  956.71;    7.4;   86.00;   10.9;    3.3;    2.0;eor
        953;20200313;    3;  15.3;   6.2;    3;   0.1;   6;    2.017;   0;   7.0;   6.5;  962.12;    4.2;   78.79;    7.1;    2.1;   -1.0;eor
        953;20200314;    3;  11.0;   2.5;    3;   0.1;   6;    1.467;   0;   7.3;   6.4;  963.55;    4.6;   76.42;    8.1;    0.8;   -2.3;eor
        953;20200315;    3;  10.9;   4.5;    3;   0.0;   0;   10.183;   0;   7.0;   6.4;  959.38;    8.5;   58.04;   12.9;    4.3;    2.4;eor
        953;20200316;    3;   8.7;   3.2;    3;   0.0;   0;    9.583;   0;   5.5;   8.7;  962.65;   10.9;   67.04;   15.3;    6.9;    1.9;eor
        953;20200317;    3;   6.8;   2.5;    3;   0.0;   0;    5.983;   0;   5.5;   9.4;  971.82;    9.5;   79.92;   14.4;    6.3;    2.2;eor
        953;20200318;    3;   7.5;   2.0;    3;   0.0;   0;    1.317;   0;   4.4;   9.0;  970.89;    8.9;   79.46;   13.4;    5.4;    1.1;eor
        953;20200319;    3;   6.4;   2.0;    3;   0.0;   0;    6.633;   0;   3.5;   8.5;  967.19;   10.4;   68.71;   16.1;    4.8;    0.5;eor
        953;20200320;    3;   9.2;   3.4;    3;   2.6;   8;    7.417;   0;   3.4;   9.0;  964.85;    9.6;   75.63;   14.7;    4.9;    1.9;eor
        953;20200321;    3;  17.9;   6.2;    3;   0.9;   8;    0.017;   0;   7.2;   6.3;  965.10;    2.4;   85.71;    5.0;    0.3;   -0.7;eor
        953;20200322;    3;  21.3;   9.4;    3;   0.0;   0;   11.500;   0;   0.4;   3.6;  968.45;    1.7;   53.04;    5.9;   -1.8;   -2.9;eor
        953;20200323;    3;  15.8;   5.5;    3;   0.0;   0;   11.617;   0;   0.0;   2.8;  972.24;    1.0;   44.08;    5.8;   -3.4;   -4.7;eor
        953;20200324;    3;  14.2;   5.1;    3;   0.0;   0;   11.650;   0;   0.0;   2.6;  971.15;    1.8;   38.46;    6.1;   -2.0;   -4.0;eor
        953;20200325;    3;  15.7;   5.8;    3;   0.0;   0;   11.667;   0;   0.0;   2.6;  965.70;    2.2;   37.04;    6.9;   -2.1;   -4.2;eor
        953;20200326;    3;  16.3;   6.0;    3;   0.0;   0;   10.400;   0;   2.6;   3.8;  960.99;    2.7;   51.38;    7.0;   -0.7;   -3.1;eor
        953;20200327;    3;  12.6;   3.6;    3;   0.0;   0;   11.583;   0;   0.3;   5.7;  959.59;    6.4;   59.83;   12.6;   -1.1;   -4.5;eor
        953;20200328;    3;  10.8;   3.8;    3;   0.0;   0;   11.033;   0;   0.3;   6.5;  961.78;    9.7;   54.88;   15.4;    4.4;   -0.9;eor
        953;20200329;    1;  13.7;   7.0;    1;   0.6;   8;    1.217;   0;   7.4;   5.2;  966.33;    1.8;   75.33;    4.6;   -1.3;   -3.1;eor
        953;20200330;    1;  11.9;   4.8;    1;   0.0;   0;   11.933;   0;   0.6;   3.4;  969.23;    0.3;   55.50;    5.4;   -4.2;   -5.9;eor
        953;20200331;    1;  10.2;   4.1;    1;   0.0;   0;    7.833;   0;   3.4;   4.6;  968.27;    2.9;   62.33;    7.2;   -0.3;   -3.9;eor
        953;20200401;    1;   6.3;   2.2;    1;   0.0;   0;   12.017;   0;   0.0;   3.6;  962.50;    3.2;   48.58;    9.4;   -2.8;   -7.3;eor
        953;20200402;    1;  10.3;   2.9;    1;   0.0;   0;   11.733;   0;   0.0;   4.5;  956.29;    4.9;   53.42;   11.2;   -1.4;   -6.3;eor
        953;20200403;    1;  10.2;   3.5;    1;   0.0;   0;    0.733;   0;   5.4;   5.9;  959.70;    5.0;   68.46;    8.8;    0.1;   -3.8;eor
        953;20200404;    1;  10.2;   2.7;    1;   0.0;   0;   12.167;   0;   0.7;   5.3;  965.70;    6.4;   57.08;   12.9;   -1.1;   -4.7;eor
        953;20200405;    1;  11.4;   4.9;    1;   0.0;   0;   12.217;   0;   0.0;   5.8;  964.28;   11.5;   43.71;   17.1;    4.7;    1.1;eor
        953;20200406;    1;  12.0;   4.4;    1;   0.0;   0;   12.267;   0;   0.0;   6.1;  965.40;   14.3;   37.71;   19.6;   10.2;    4.0;eor
        953;20200407;    1;  10.3;   3.5;    1;   0.0;   0;   11.783;   0;   1.2;   8.3;  971.55;   14.3;   52.79;   20.1;    7.6;    2.9;eor
        953;20200408;    1;   8.6;   2.6;    1;   0.0;   0;   11.050;   0;   0.7;   7.9;  968.14;   15.9;   45.63;   21.1;    9.9;    3.6;eor
        953;20200409;    1;   7.8;   2.1;    1;   0.0;   0;    6.900;   0;   3.2;   8.0;  967.05;   15.8;   45.83;   21.5;   10.0;    5.2;eor
        953;20200410;    1;   7.2;   3.0;    1;   0.0;   0;   10.867;   0;   0.6;   8.9;  967.31;   14.9;   53.29;   20.9;    9.7;    5.0;eor
        953;20200411;    1;   9.8;   2.9;    1;   0.0;   0;    8.950;   0;   1.8;   7.8;  966.03;   15.4;   44.67;   20.8;    9.6;    6.1;eor
        953;20200412;    1;   9.6;   2.0;    1;   0.2;   6;    3.933;   0;   4.6;   7.8;  960.23;   14.7;   47.54;   20.7;    9.7;    3.7;eor
        953;20200413;    1;  11.9;   4.0;    1;   0.0;   6;    3.650;   0;   4.8;   7.2;  960.87;    7.9;   65.92;   11.7;    0.2;   -6.6;eor
        953;20200414;    1;  11.3;   3.4;    1;   0.0;   0;   10.817;   0;   1.8;   4.6;  967.16;    3.3;   60.25;    8.5;   -2.0;   -8.1;eor
        953;20200415;    1;  13.4;   3.7;    1;   0.0;   0;   12.450;   0;   4.5;   4.9;  965.54;    9.0;   45.63;   16.5;   -0.6;   -4.5;eor
        953;20200416;    1;  10.4;   2.9;    1;   0.0;   0;   11.617;   0;   4.1;   7.5;  960.86;   14.9;   43.92;   20.4;    8.4;    0.3;eor
        953;20200417;    1;   6.6;   2.0;    1;   0.0;   0;    9.367;   0;   4.2;   9.9;  958.93;   16.0;   55.13;   22.2;    9.0;    4.5;eor
        953;20200418;    1;   9.9;   2.8;    1;   0.0;   6;    4.800;   0;   6.2;  10.9;  959.00;   15.1;   63.75;   20.4;   10.0;    5.2;eor
        953;20200419;    1;  15.9;   4.3;    1;   0.0;   0;    5.000;   0;   2.8;  10.6;  959.39;   11.7;   77.92;   16.0;    7.9;    3.1;eor
        953;20200420;    1;  20.0;   7.7;    1;   0.0;   0;   13.100;   0;   0.2;   5.4;  957.95;   11.1;   41.79;   16.1;    6.2;    4.3;eor
        953;20200421;    1;  19.1;   7.4;    1;   0.0;   6;   13.067;   0;   0.7;   5.2;  957.36;   12.3;   37.33;   18.0;    6.7;    4.7;eor
        953;20200422;    1;  16.7;   5.7;    1;   0.0;   0;   13.167;   0;   0.0;   5.8;  960.40;   13.0;   39.58;   18.7;    8.1;    3.0;eor
        953;20200423;    1;   9.3;   3.3;    1;   0.0;   0;   13.067;   0;   1.4;   6.5;  961.93;   14.0;   41.42;   19.8;    8.8;    3.0;eor
        953;20200424;    1;  12.8;   3.6;    1;   0.0;   0;   11.867;   0;   4.4;   6.6;  956.93;   14.5;   41.58;   20.4;    8.1;    1.7;eor
        953;20200425;    1;   8.5;   2.3;    1;   0.0;   0;   12.817;   0;   0.4;   6.8;  955.47;    9.1;   60.25;   15.3;    3.5;   -1.6;eor
        953;20200426;    1;   7.4;   2.1;    1;   0.0;   6;   13.333;   0;   0.0;   6.4;  953.96;   11.7;   49.63;   18.5;    4.5;   -1.3;eor
        953;20200427;    1;  10.4;   3.1;    1;   0.4;   6;   11.700;   0;   2.5;   7.7;  952.52;   13.6;   49.88;   19.5;    7.3;    1.3;eor
        953;20200428;    1;  13.3;   4.0;    1;   2.5;   6;    0.500;   0;   7.7;  11.3;  949.61;   12.1;   80.13;   14.2;   10.3;    6.3;eor
        953;20200429;    1;  11.8;   4.7;    1;   4.8;   6;    2.733;   0;   6.9;  10.3;  951.19;   10.9;   79.00;   14.8;    8.9;    8.3;eor
        953;20200430;    1;  15.8;   6.0;    1;  12.7;   6;    2.250;   0;   7.3;   9.9;  947.52;    9.1;   85.50;   12.3;    6.0;    4.8;eor
        953;20200501;    1;  14.1;   5.4;    1;  11.1;   6;    2.650;-999;   6.4;   9.2;  947.40;    7.5;   88.83;   11.3;    5.3;    2.6;eor
        953;20200502;    1;  15.6;   6.2;    1;   2.3;   6;    5.583;-999;   4.9;   8.2;  954.20;    7.0;   81.88;   10.3;    3.7;   -0.3;eor
        953;20200503;    1;   8.4;   2.1;    1;   0.0;   0;    5.150;-999;   5.5;   8.0;  960.96;    9.6;   68.96;   14.6;    3.1;   -0.9;eor
        953;20200504;    1;  10.4;   3.4;    1;   0.4;   6;    1.600;-999;   6.7;  10.3;  960.30;   10.5;   80.71;   15.9;    5.3;    1.4;eor
        953;20200505;    1;   9.8;   4.0;    1;   0.0;   0;    7.733;-999;   4.9;   7.3;  961.85;    8.5;   66.63;   13.9;    4.1;    1.0;eor
        953;20200506;    1;  11.7;   4.5;    1;   0.0;   0;   13.917;-999;   0.6;   5.5;  966.35;    9.3;   47.71;   14.5;    4.4;    0.0;eor
        953;20200507;    1;   6.8;   1.9;    1;   0.0;   0;   13.133;-999;   2.2;   7.2;  966.02;   13.1;   48.79;   20.4;    4.6;   -1.1;eor
        953;20200508;    1;   6.0;   2.1;    1;   0.3;   6;   11.417;-999;   6.3;   8.6;  961.01;   15.9;   48.25;   21.1;    8.8;    3.1;eor
        953;20200509;    1;   7.4;   1.9;    1;  11.8;   6;    2.550;-999;   7.3;  12.0;  956.43;   13.8;   76.29;   16.4;    9.7;    7.9;eor
        953;20200510;    1;  10.6;   2.0;    1;   6.9;   6;    6.567;-999;   5.6;  14.7;  950.07;   14.8;   87.58;   21.2;   10.4;    8.1;eor
        953;20200511;    1;  17.3;   6.3;    1;   0.9;   6;    1.000;-999;   6.6;   7.4;  951.77;    5.4;   81.29;   12.9;    1.9;   -2.7;eor
        953;20200512;    1;   7.0;   1.9;    1;   0.0;   0;   10.367;-999;   3.0;   5.7;  959.88;    5.8;   63.08;   11.9;   -0.4;   -3.7;eor
        953;20200513;    1;   9.9;   3.2;    1;   0.0;   0;    7.567;-999;   6.2;   6.4;  954.98;    7.4;   63.58;   12.6;    0.9;   -2.7;eor
        953;20200514;    1;  10.9;   4.3;    1;   0.0;   0;    5.850;-999;   4.4;   6.7;  959.08;    6.9;   69.00;   12.1;    1.9;    0.5;eor
        953;20200515;    1;   9.5;   3.4;    1;   0.0;   0;   14.183;-999;   0.1;   6.5;  962.10;    9.0;   57.96;   14.6;    2.4;   -0.5;eor
        953;20200516;    1;   6.6;   2.3;    1;   0.0;   0;   13.250;-999;   0.8;   6.8;  964.98;   11.0;   53.50;   17.1;    3.2;   -1.7;eor
        953;20200517;    1;   8.2;   2.1;    1;   0.0;   0;   14.367;-999;   0.4;   7.2;  966.55;   11.0;   57.04;   17.2;    4.4;    0.1;eor
        953;20200518;    1;   8.2;   2.4;    1;   0.0;   0;   14.483;-999;   0.6;   9.1;  967.00;   15.1;   54.00;   21.3;    7.0;    2.8;eor
        953;20200519;    1;   8.0;   2.4;    1;   0.0;   0;   13.233;-999;   1.7;   9.0;  965.45;   16.4;   50.83;   23.3;    8.9;    3.5;eor
        953;20200520;    1;   7.4;   2.3;    1;   0.0;   0;   13.500;-999;   1.3;  12.4;  965.14;   16.5;   67.21;   22.4;   10.7;    7.0;eor
        953;20200521;    1;   6.7;   2.0;    1;   0.0;   0;   13.550;-999;   2.8;  12.7;  965.02;   18.9;   60.08;   25.1;   11.5;    8.3;eor
        953;20200522;    1;  11.7;   3.9;    1;   0.8;   6;    2.817;-999;   7.6;  14.8;  964.29;   19.7;   64.79;   23.9;   14.3;   11.3;eor
        953;20200523;    1;  11.5;   4.2;    1;   4.1;   6;    1.167;-999;   6.5;  10.4;  968.52;   10.3;   82.63;   14.4;    7.0;    5.5;eor
        953;20200524;    1;  11.3;   4.7;    1;   0.0;   6;    2.750;-999;   6.5;   9.8;  973.35;   10.7;   76.38;   14.3;    6.8;    5.0;eor
        953;20200525;    1;   9.6;   2.7;    1;   0.0;   0;    2.750;-999;   5.1;  11.2;  975.85;   12.8;   77.08;   17.7;    9.4;    5.0;eor
        953;20200526;    1;  11.1;   3.3;    1;   0.0;   0;   14.733;-999;   2.3;   9.1;  976.75;   13.6;   61.50;   19.3;    6.3;    1.8;eor
        953;20200527;    1;   7.3;   1.9;    1;   0.0;   0;   13.650;-999;   1.8;   9.1;  975.44;   16.1;   51.04;   21.8;    9.6;    3.9;eor
        953;20200528;    1;  11.2;   4.3;    1;   0.0;   0;   14.150;-999;   1.5;   8.8;  972.71;   15.0;   53.25;   19.7;   10.1;    6.1;eor
        953;20200529;    1;  11.3;   4.2;    1;   0.0;   0;   12.717;-999;   0.6;   7.7;  968.87;   14.1;   48.54;   19.6;    7.7;    2.7;eor
        953;20200530;    1;  12.6;   5.8;    1;   0.0;   0;   11.600;-999;   2.0;   7.5;  965.41;   14.4;   46.13;   19.6;    9.8;    4.5;eor
        953;20200531;    1;  12.9;   4.3;    1;   0.0;   0;   11.950;-999;   2.3;   8.2;  964.28;   13.6;   53.13;   18.6;    7.8;    2.5;eor
        953;20200601;    1;  14.3;   4.3;    1;   0.0;   0;   14.667;-999;   0.5;   9.8;  964.02;   16.8;   52.46;   22.9;    9.5;    5.8;eor
        953;20200602;    1;   8.1;   2.1;    1;   0.0;   0;   13.600;-999;   4.3;   9.8;  960.16;   20.0;   43.17;   26.2;   13.8;    7.4;eor
        953;20200603;    1;   9.0;   2.2;    1;  11.7;   6;    7.067;-999;   7.0;  12.2;  949.98;   17.6;   62.63;   25.1;   12.3;    8.8;eor
        953;20200604;    1;  10.7;   2.8;    1;   4.7;   6;    0.067;-999;   7.5;  13.2;  942.17;   12.0;   93.17;   14.6;    8.4;    7.7;eor
        953;20200605;    1;  16.3;   5.2;    1;   4.8;   6;    0.333;-999;   6.9;   9.7;  942.89;    8.5;   87.29;   11.4;    5.6;    4.2;eor
        953;20200606;    1;  16.1;   4.9;    1;   2.1;   6;    5.367;-999;   6.4;   9.5;  946.90;   10.5;   76.13;   14.8;    7.1;    6.2;eor
        953;20200607;    1;   9.2;   3.1;    1;   0.0;   6;    5.950;-999;   5.0;   9.1;  952.75;   11.3;   68.17;   16.3;    5.9;    2.8;eor
        953;20200608;    1;   6.7;   1.7;    1;   0.0;   6;    3.417;-999;   6.3;  10.4;  957.43;   12.4;   73.79;   18.1;    7.4;    4.7;eor
        953;20200609;    1;  11.7;   2.7;    1;   3.4;   6;    3.500;-999;   7.6;  11.9;  959.63;   12.5;   82.92;   17.9;    8.8;    5.9;eor
