STATIONS_ID;MESS_DATUM;QN_3;  FX;  FM;QN_4; RSK;RSKF; SDK;SHK_TAG;  NM; VPM;  PM; TMK; UPM; TXK; TNK; TGK;eor
        282;20181208;   10;  15.5;   5.4;    3;   6.3;   6;    0.050;   0;   6.5;   7.7;  979.75;    6.6;   78.58;    8.0;    4.3;    2.0;eor
        282;20181209;   10;  17.9;   5.6;    3;   1.0;   6;    0.000;   0;   7.4;   8.0;  973.74;    7.4;   77.46;    8.8;    4.5;    2.7;eor
        282;20181210;   10;  12.6;   4.7;    3;   2.0;   8;    3.033;   0;   6.1;   6.2;  988.51;    3.9;   77.21;    6.0;    0.9;    0.0;eor
        282;20181211;   10;  10.7;   4.2;    3;   0.5;   6;    0.150;   0;   7.5;   6.0;  991.32;    3.3;   77.88;    4.8;    2.5;    1.1;eor
        282;20181212;   10;   6.3;   2.3;    3;   0.3;   8;    1.483;   0;   6.1;   5.7;  993.64;    2.1;   80.71;    4.5;   -3.7;   -5.4;eor
        282;20181213;   10;   7.9;   2.4;    3;   0.0;   0;    1.267;   0;   5.1;   4.1;  990.81;   -1.0;   72.38;    1.2;   -5.4;   -8.0;eor
        282;20181214;   10;   5.9;   2.6;    3;   0.0;   0;    0.000;   0;   8.0;   3.9;  992.68;   -0.3;   65.92;    0.2;   -0.9;   -1.5;eor
        282;20181215;   10;   7.2;   2.4;    3;   0.0;   0;    0.000;   0;   8.0;   3.7;  995.79;   -0.6;   62.88;   -0.1;   -2.4;   -4.7;eor
        282;20181216;   10;   8.6;   2.3;    3;   0.5;   8;    0.000;   0;   7.0;   4.5;  986.52;   -1.7;   82.04;    0.4;   -4.9;   -8.0;eor
        282;20181217;   10;   4.6;   1.7;    3;   0.3;   6;    0.000;   0;   7.7;   6.7;  992.99;    2.1;   94.46;    3.9;    0.3;    0.1;eor
        282;20181218;   10;   7.8;   2.1;    3;   0.0;   6;    1.933;   0;   7.2;   6.8;  996.40;    3.1;   88.92;    6.5;   -2.4;   -5.2;eor
        282;20181219;   10;   5.9;   1.7;    3;   7.9;   6;    0.000;   0;   7.7;   6.0;  988.95;    0.9;   91.71;    2.7;   -4.0;   -5.8;eor
        282;20181220;   10;   6.7;   2.5;    3;   1.8;   6;    0.050;   0;   7.4;   7.8;  988.09;    4.6;   91.67;    6.3;    2.5;    2.2;eor
        282;20181221;   10;  14.1;   4.6;    3;   7.9;   6;    0.000;   0;   7.4;   8.8;  982.90;    7.6;   84.29;   11.7;    4.6;    3.7;eor
        282;20181222;   10;  17.5;   4.2;    3;   2.1;   6;    0.850;   0;   7.7;   9.2;  985.17;    9.3;   78.21;   12.3;    5.3;    3.3;eor
        282;20181223;   10;  10.1;   2.2;    3;  25.8;   6;    0.000;   0;   7.5;   8.7;  990.06;    6.5;   90.33;    8.6;    2.4;    0.3;eor
        282;20181224;   10;  11.5;   3.7;    3;   0.1;   6;    0.733;   0;   7.4;   6.9;  995.55;    4.3;   82.21;    8.0;   -1.2;   -3.4;eor
        282;20181225;   10;   4.5;   1.6;    3;   0.0;   6;    0.000;   0;   8.0;   5.5; 1005.16;    1.4;   80.88;    3.2;   -0.4;   -1.7;eor
        282;20181226;   10;   4.1;   1.3;    3;   0.3;   6;    1.083;   0;   6.0;   5.3; 1003.31;   -0.2;   88.42;    2.3;   -4.1;   -6.6;eor
        282;20181227;   10;   4.0;   1.2;    3;   0.0;   0;    3.633;   0;   7.8;   5.9;  999.08;    1.7;   86.13;    5.2;   -0.5;   -1.3;eor
        282;20181228;   10;   5.0;   1.7;    3;   0.0;   6;    2.383;   0;   6.4;   5.5;  999.54;   -0.1;   90.00;    2.1;   -3.0;   -4.4;eor
        282;20181229;   10;   8.9;   2.1;    3;   1.7;   8;    0.000;   0;   7.6;   6.0; 1001.90;    0.9;   91.46;    3.2;   -0.7;   -0.8;eor
        282;20181230;   10;  10.0;   4.1;    3;   0.0;   6;    0.000;   0;   7.7;   7.3; 1000.05;    5.8;   78.79;    7.3;    3.1;    2.5;eor
        282;20181231;   10;   5.4;   1.6;    3;   1.1;   6;    0.000;   0;   7.5;   8.6; 1002.92;    5.9;   92.42;    7.3;    4.7;    4.4;eor
        282;20190101;   10;  17.2;   4.5;    3;   1.5;   8;    0.000;   0;   7.4;   8.0;  997.18;    6.1;   85.00;    7.1;    2.4;    0.8;eor
        282;20190102;   10;  14.6;   4.8;    3;   0.7;   8;    4.250;   0;   5.6;   4.7;  999.46;    2.1;   65.21;    4.0;   -0.1;   -1.7;eor
        282;20190103;   10;   7.5;   2.1;    3;   0.0;   7;    6.433;   0;   4.5;   4.1; 1005.90;   -1.1;   73.38;    1.8;   -5.4;   -8.1;eor
        282;20190104;   10;   8.7;   2.4;    3;   3.6;   8;    0.000;   0;   7.6;   5.3; 1003.81;    0.4;   84.33;    1.9;   -2.0;   -2.9;eor
        282;20190105;   10;  10.5;   3.4;    3;   3.7;   8;    0.000;   0;   7.3;   7.4;  995.84;    3.9;   91.29;    6.1;    0.8;    0.0;eor
        282;20190106;   10;   6.0;   2.0;    3;   2.4;   6;    0.017;   0;   7.6;   7.8;  998.82;    4.9;   89.25;    5.7;    3.8;    3.0;eor
        282;20190107;   10;   8.3;   2.6;    3;   0.8;   8;    0.000;   0;   7.8;   7.0; 1000.41;    4.6;   82.67;    5.6;    2.6;    2.1;eor
        282;20190108;   10;  13.7;   5.9;    3;   2.6;   8;    0.167;   0;   6.9;   6.8;  983.69;    4.0;   83.54;    5.6;    2.2;    1.6;eor
        282;20190109;   10;  13.5;   5.2;    3;   0.0;   8;    0.000;   0;   7.3;   5.4;  982.15;    1.6;   78.50;    3.4;    0.6;   -0.1;eor
        282;20190110;   10;   8.8;   3.5;    3;   0.0;   8;    0.000;   0;   7.7;   4.6;  992.71;    0.5;   71.92;    1.6;   -1.4;   -2.0;eor
        282;20190111;   10;   7.6;   1.8;    3;   4.9;   8;    0.000;   0;   7.5;   5.0;  993.96;   -0.9;   86.96;    1.1;   -2.1;   -2.6;eor
        282;20190112;   10;  10.6;   4.0;    3;   1.6;   6;    0.000;   1;   7.2;   6.5;  989.00;    2.3;   89.21;    3.2;    1.1;    0.0;eor
        282;20190113;   10;  13.4;   4.5;    3;   8.8;   6;    0.000;   0;   7.2;   8.0;  976.40;    5.7;   87.46;    8.4;    2.6;    1.9;eor
        282;20190114;   10;  17.4;   4.2;    3;   0.6;   8;    0.083;   0;   7.2;   5.8;  979.88;    3.9;   70.92;    6.6;    1.7;    0.7;eor
        282;20190115;   10;  10.8;   4.5;    3;   0.0;   6;    0.000;   0;   7.8;   5.8;  989.62;    3.4;   74.04;    4.8;    1.7;    0.7;eor
        282;20190116;   10;   8.2;   3.3;    3;   0.0;   6;    0.000;   0;   7.8;   6.0;  984.03;    3.7;   75.88;    5.0;    0.0;   -3.0;eor
        282;20190117;   10;  13.9;   3.5;    3;   5.4;   8;    0.417;   0;   6.7;   6.7;  977.42;    4.2;   80.96;    6.4;   -0.2;   -1.7;eor
        282;20190118;   10;   8.2;   2.2;    3;   0.0;   7;    4.833;   0;   5.4;   4.5;  989.02;   -0.3;   76.08;    3.0;   -6.2;   -8.3;eor
        282;20190119;   10;   5.6;   1.5;    3;   0.0;   0;    7.483;   0;   4.9;   3.4;  988.60;   -3.6;   74.08;    3.6;   -8.1;  -10.5;eor
        282;20190120;   10;   5.1;   1.3;    3;   0.0;   0;    7.450;   0;   2.7;   3.3;  988.12;   -4.7;   77.29;   -0.3;  -10.3;  -12.2;eor
        282;20190121;   10;   3.9;   1.1;    3;   0.0;   0;    4.317;   0;   3.6;   3.4;  991.81;   -3.6;   74.54;    1.6;  -10.2;  -12.1;eor
        282;20190122;   10;   6.4;   1.7;    3;   0.0;   0;    0.000;   0;   6.0;   3.1;  983.02;   -6.3;   80.08;   -3.1;  -12.3;  -13.3;eor
        282;20190123;   10;   6.7;   2.5;    3;   0.0;   8;    0.000;   0;   8.0;   3.4;  972.28;   -4.1;   74.79;   -3.1;   -5.7;   -7.4;eor
        282;20190124;   10;   4.3;   1.8;    3;   0.3;   7;    0.000;   0;   7.0;   3.8;  979.98;   -3.3;   79.50;   -1.8;   -4.5;   -4.6;eor
        282;20190125;   10;   5.9;   2.0;    3;   4.2;   8;    0.067;   1;   7.7;   3.8;  986.40;   -3.3;   79.21;   -1.6;   -5.1;   -5.7;eor
        282;20190126;   10;  10.1;   3.0;    3;   1.2;   6;    0.000;   4;   7.7;   6.2;  979.91;    1.7;   88.92;    3.9;   -1.7;   -1.8;eor
        282;20190127;   10;  11.5;   3.7;    3;   1.2;   8;    0.183;   0;   7.5;   6.7;  964.84;    4.1;   81.96;    7.5;    2.7;    1.4;eor
        282;20190128;   10;  10.9;   4.7;    3;   1.3;   8;    0.000;   0;   6.8;   5.8;  967.35;    1.9;   82.96;    3.4;    0.8;    0.0;eor
        282;20190129;   10;   9.5;   2.4;    3;   0.0;   8;    0.250;   0;   7.7;   5.2;  976.65;    0.4;   81.96;    2.8;   -4.1;   -6.7;eor
        282;20190130;   10;   9.8;   3.4;    3;   0.0;   8;    1.233;   0;   7.5;   4.4;  968.52;    0.0;   71.63;    3.4;   -5.5;   -8.2;eor
        282;20190131;   10;   7.1;   1.8;    3;   1.3;   8;    4.717;   0;   3.0;   4.1;  970.05;   -1.0;   74.42;    4.5;   -5.8;   -8.5;eor
        282;20190201;   10;   6.2;   1.8;    3;   4.4;   8;    0.000;   2;   7.3;   5.6;  964.25;    1.1;   84.88;    3.4;   -3.0;   -3.1;eor
        282;20190202;   10;   4.0;   1.0;    3;   0.0;   6;    0.000;   0;   7.4;   6.5;  968.61;    1.6;   95.33;    3.4;    0.4;   -1.0;eor
        282;20190203;   10;  11.0;   4.3;    3;   0.0;   8;    0.000;   0;   7.7;   5.4;  985.10;    1.8;   76.75;    2.6;    1.2;    0.2;eor
        282;20190204;   10;   6.4;   2.1;    3;   0.0;   0;    8.067;   0;   4.3;   4.5;  999.90;   -0.3;   76.46;    4.2;   -4.9;   -7.3;eor
        282;20190205;   10;   6.0;   2.6;    3;   0.0;   7;    0.967;   0;   6.9;   4.6; 1000.23;   -1.2;   81.58;    2.0;   -3.9;   -6.3;eor
        282;20190206;   10;   6.2;   2.8;    3;   0.0;   0;    5.600;   0;   6.1;   4.2;  998.42;   -2.2;   80.83;    2.1;   -4.8;   -6.6;eor
        282;20190207;   10;   8.2;   2.8;    3;   1.5;   6;    0.000;   0;   7.3;   4.6;  988.58;   -2.4;   87.79;    1.2;   -6.4;   -8.0;eor
        282;20190208;   10;   7.2;   3.2;    3;   0.4;   6;    4.750;   0;   6.9;   6.2;  988.43;    3.5;   80.04;    8.7;   -0.5;   -2.7;eor
        282;20190209;   10;  16.5;   3.8;    3;   0.7;   6;    1.017;   0;   7.5;   6.8;  982.92;    5.7;   73.25;   10.1;   -0.2;   -2.4;eor
        282;20190210;   10;  17.0;   5.0;    3;   4.7;   6;    0.000;   0;   7.4;   7.1;  974.40;    6.3;   74.83;   11.9;   -0.1;   -2.3;eor
        282;20190211;   10;  14.5;   5.0;    3;   0.0;   8;    0.250;   0;   6.2;   6.0;  985.87;    3.9;   74.17;    6.0;    0.4;   -1.8;eor
        282;20190212;   10;  11.4;   3.5;    3;   0.0;   8;    0.033;   0;   7.8;   5.4; 1002.92;    3.2;   70.08;    4.8;    1.0;   -0.8;eor
        282;20190213;   10;   7.2;   1.5;    3;   0.0;   0;    8.733;   0;   5.8;   4.9; 1007.74;    1.3;   76.38;    8.8;   -3.7;   -5.8;eor
        282;20190214;   10;   2.6;   0.8;    3;   0.0;   0;    5.183;   0;   4.6;   4.8; 1007.97;    0.1;   80.25;    9.7;   -4.9;   -6.7;eor
        282;20190215;   10;   2.6;   0.8;    3;   0.0;   0;    9.100;   0;   0.2;   4.8; 1005.45;    0.8;   77.21;   12.7;   -6.3;   -9.0;eor
        282;20190216;   10;   5.5;   1.2;    3;   0.0;   0;    9.150;   0;   0.0;   4.9; 1000.43;    1.1;   77.25;   13.0;   -6.5;   -9.7;eor
        282;20190217;   10;   4.1;   0.9;    3;   0.0;   0;    9.117;   0;   6.8;   5.1;  996.84;    1.5;   77.21;   13.6;   -6.2;   -9.1;eor
        282;20190218;   10;   3.3;   0.9;    3;   0.0;   0;    9.233;   0;   0.6;   4.9;  992.39;    1.7;   74.42;   14.7;   -6.1;   -9.5;eor
        282;20190219;   10;   6.8;   1.5;    3;   0.0;   6;    0.800;   0;   5.2;   5.6;  991.41;    1.3;   82.46;    7.9;   -4.4;   -7.8;eor
        282;20190220;   10;   5.8;   1.4;    3;   0.0;   0;    1.233;   0;   7.3;   6.0;  995.67;    2.5;   82.92;    9.7;   -3.6;   -6.6;eor
        282;20190221;   10;   8.1;   1.7;    3;   0.0;   6;    2.133;   0;   6.8;   6.8;  998.75;    4.6;   80.79;   11.7;   -2.7;   -5.3;eor
        282;20190222;   10;   9.0;   3.1;    3;   0.0;   6;    0.117;   0;   6.4;   7.9; 1004.90;    7.6;   74.75;   10.9;   -1.3;   -4.9;eor
        282;20190223;   10;   8.0;   1.6;    3;   0.0;   0;    7.667;   0;   6.0;   3.6; 1011.33;    0.3;   63.00;    8.0;   -6.1;   -9.4;eor
        282;20190224;   10;   3.9;   1.0;    3;   0.0;   0;    7.667;   0;   2.1;   3.3; 1010.05;   -0.2;   59.42;   10.2;   -7.1;   -9.9;eor
        282;20190225;   10;   2.9;   0.9;    3;   0.0;   0;    9.367;   0;   4.0;   4.2; 1009.06;    2.0;   65.25;   15.9;   -6.6;   -9.0;eor
        282;20190226;   10;   4.4;   1.1;    3;   0.0;   0;    9.600;   0;   5.3;   4.6; 1005.08;    3.5;   65.83;   16.5;   -5.0;   -7.7;eor
        282;20190227;   10;   3.4;   0.9;    3;   0.0;   0;    9.700;   0;   0.4;   4.5;  998.55;    4.0;   62.50;   17.6;   -4.5;   -7.1;eor
        282;20190228;   10;  14.8;   3.1;    3;   0.0;   6;    9.033;   0;   2.6;   6.2;  987.89;    7.0;   63.83;   17.0;   -5.0;   -8.2;eor
        282;20190301;   10;   8.3;   3.0;    3;   2.3;   6;    0.650;   0;   7.7;   8.9;  985.15;    9.0;   77.25;   12.1;    7.1;    5.8;eor
        282;20190302;   10;   7.3;   2.4;    3;   0.0;   6;    0.000;   0;   7.5;   7.9;  988.10;    6.4;   81.88;    8.7;    4.8;    2.3;eor
        282;20190303;   10;  12.3;   3.9;    3;   0.0;   6;    0.000;   0;   7.8;   8.3;  983.80;    9.9;   68.13;   11.8;    7.8;    6.4;eor
        282;20190304;   10;  24.6;   5.4;    3;   2.4;   6;    0.633;   0;   7.1;   7.1;  972.82;    8.9;   62.96;   14.0;    4.1;    0.7;eor
        282;20190305;   10;  15.6;   3.9;    3;   2.9;   6;    0.067;   0;   6.0;   6.7;  980.56;    4.6;   79.21;    8.0;   -1.4;   -3.4;eor
        282;20190306;   10;  11.2;   3.3;    3;   0.0;   6;    5.533;   0;   7.5;   7.5;  979.73;    7.1;   75.58;   13.7;   -1.5;   -4.1;eor
        282;20190307;   10;  16.6;   4.1;    3;   0.3;   6;    1.517;   0;   6.4;   7.5;  973.58;    9.7;   62.83;   12.9;    6.2;    3.2;eor
        282;20190308;   10;  14.1;   4.6;    3;   1.6;   6;    1.117;   0;   6.8;   7.2;  984.77;    7.1;   71.29;   10.2;    4.2;    2.8;eor
        282;20190309;   10;  19.4;   5.9;    3;   4.1;   6;    0.783;   0;   7.3;   7.9;  985.53;    7.9;   73.83;   10.8;    4.6;    1.3;eor
        282;20190310;   10;  23.2;   5.8;    3;   9.4;   8;    1.417;   0;   6.6;   8.4;  980.31;    8.3;   76.71;   14.0;    4.5;    3.3;eor
        282;20190311;   10;  19.4;   5.6;    3;   2.9;   8;    2.467;   0;   5.4;   5.7;  988.41;    3.8;   71.33;    5.9;    0.7;   -0.8;eor
        282;20190312;   10;  10.7;   4.3;    3;   0.0;   6;    5.167;   0;   6.9;   5.2;  989.81;    6.0;   57.29;    9.8;    2.9;    2.0;eor
        282;20190313;   10;  17.1;   5.8;    3;   2.3;   6;    1.267;   0;   6.6;   6.2;  980.40;    6.4;   64.79;    9.4;    3.9;    0.7;eor
        282;20190314;   10;  14.0;   5.2;    3;   5.6;   6;    0.000;   0;   7.0;   7.2;  977.50;    5.3;   80.54;    6.7;    4.1;    2.7;eor
        282;20190315;   10;  15.9;   5.2;    3;  13.2;   6;    0.000;   0;   7.3;   9.1;  978.15;    8.5;   80.54;   11.6;    5.8;    4.3;eor
        282;20190316;   10;  12.1;   3.1;    3;   5.2;   6;    0.217;   0;   6.4;   9.2;  981.87;    8.2;   84.75;   12.0;    2.4;   -0.9;eor
        282;20190317;   10;  17.7;   3.9;    3;   1.6;   8;    5.283;   0;   6.5;   7.3;  978.00;    6.8;   75.75;   14.5;    1.6;   -1.4;eor
        282;20190318;   10;  11.7;   3.2;    3;   0.7;   6;    3.000;   0;   5.1;   6.2;  989.22;    3.3;   79.92;    7.8;   -0.6;   -2.2;eor
        282;20190319;   10;   7.9;   1.3;    3;   0.0;   0;    3.900;   0;   5.9;   5.2;  998.68;    2.4;   75.25;    9.3;   -1.7;   -3.8;eor
        282;20190320;   10;   4.7;   1.1;    3;   0.0;   0;   11.033;   0;   0.5;   4.6; 1005.13;    2.9;   66.13;   11.8;   -4.6;   -6.8;eor
        282;20190321;   10;   5.2;   1.3;    3;   0.0;   0;   11.083;   0;   4.4;   5.4; 1004.89;    5.3;   65.38;   16.8;   -4.3;   -6.1;eor
        282;20190322;   10;   6.8;   1.3;    3;   0.0;   0;   11.067;   0;   4.6;   6.8; 1001.24;    8.3;   67.08;   20.5;   -1.9;   -3.8;eor
        282;20190323;   10;   7.2;   1.7;    3;   0.0;   0;   11.050;   0;   0.9;   7.1;  998.10;    9.3;   65.08;   18.9;   -1.5;   -3.8;eor
        282;20190324;   10;   6.7;   2.1;    3;   0.0;   0;    1.333;   0;   3.9;   8.1;  994.94;    8.0;   76.17;   13.4;    0.4;   -1.8;eor
        282;20190325;   10;  15.3;   3.3;    3;   3.4;   8;    2.617;   0;   5.3;   6.2;  991.43;    4.1;   76.88;    9.3;   -0.8;   -3.4;eor
        282;20190326;   10;  10.0;   2.4;    3;   0.5;   6;    0.317;   0;   7.3;   5.9;  999.35;    4.1;   74.33;    8.5;   -1.2;   -3.3;eor
        282;20190327;   10;   8.1;   1.8;    3;   0.0;   0;    2.917;   0;   7.6;   7.0; 1002.58;    6.6;   73.96;   10.7;    2.7;    1.9;eor
        282;20190328;   10;   6.9;   1.6;    3;   0.0;   6;    1.100;   0;   7.0;   8.0; 1004.46;    7.9;   75.96;   13.5;    2.5;   -0.3;eor
        282;20190329;   10;   8.1;   1.6;    3;   0.0;   0;    9.750;   0;   2.6;   7.6; 1001.66;    9.3;   68.92;   17.0;    1.0;   -1.6;eor
        282;20190330;   10;   6.5;   1.3;    3;   0.0;   0;   11.500;   0;   2.6;   6.6;  995.02;    8.0;   66.71;   18.6;   -1.8;   -4.0;eor
        282;20190331;   10;  10.2;   2.5;    3;   0.0;   0;    9.683;   0;   0.9;   7.0;  992.47;    8.8;   66.17;   18.9;   -1.4;   -3.3;eor
        282;20190401;   10;   8.3;   2.5;    3;   0.0;   0;   11.600;   0;   0.0;   6.7;  991.43;    9.4;   60.13;   17.2;   -0.4;   -3.1;eor
        282;20190402;   10;  18.0;   2.3;    3;   2.9;   6;   10.133;   0;   5.3;   7.4;  982.25;    9.9;   63.75;   20.0;   -0.7;   -3.2;eor
        282;20190403;   10;  15.5;   2.1;    3;   0.4;   6;    7.217;   0;   6.3;   9.2;  974.08;   11.1;   73.08;   18.6;    4.1;    3.1;eor
        282;20190404;   10;   8.9;   2.9;    3;   1.0;   6;    3.767;   0;   7.2;   8.2;  970.59;    8.1;   76.25;   13.3;    5.4;    5.4;eor
        282;20190405;   10;   3.6;   1.4;    3;   0.0;   6;    1.550;   0;   6.2;   8.6;  976.16;    7.0;   85.92;   11.9;    2.3;    0.3;eor
        282;20190406;   10;  12.9;   2.7;    3;   0.0;   0;    7.333;   0;   3.8;   8.0;  976.23;   10.6;   66.63;   19.9;   -0.2;   -0.8;eor
        282;20190407;   10;   9.6;   2.6;    3;   0.0;   0;    9.033;   0;   5.3;   7.6;  976.82;   11.6;   58.29;   18.7;    2.9;   -0.3;eor
        282;20190408;   10;   6.6;   1.7;    3;   0.0;   0;    7.167;   0;   7.0;   8.6;  980.40;   12.2;   62.29;   18.1;    6.6;    3.7;eor
        282;20190409;   10;   9.0;   2.5;    3;   0.0;   0;    3.050;   0;   7.2;   8.7;  981.40;   10.9;   69.29;   18.4;    4.2;    2.4;eor
        282;20190410;   10;  10.3;   4.5;    3;   0.0;   0;    7.133;   0;   5.7;   5.8;  983.82;    9.5;   49.25;   14.0;    5.3;    3.1;eor
        282;20190411;   10;  11.4;   4.3;    3;   0.0;   0;   12.250;   0;   0.8;   4.4;  990.41;    6.2;   47.67;   11.4;    0.8;   -2.6;eor
        282;20190412;   10;   9.4;   3.3;    3;   0.0;   0;    1.917;   0;   6.5;   4.0;  992.87;    4.1;   50.13;    8.4;   -1.8;   -4.6;eor
        282;20190413;   10;   8.5;   3.2;    3;   0.0;   4;    4.033;   0;   6.6;   4.4;  991.30;    5.1;   52.42;   10.3;    1.3;    0.7;eor
        282;20190414;   10;  10.4;   3.9;    3;   0.0;   6;    1.500;   0;   7.3;   5.6;  992.73;    4.5;   66.54;    7.1;    0.7;   -1.0;eor
        282;20190415;   10;  12.4;   3.2;    3;   0.0;   0;   11.467;   0;   2.3;   6.1;  993.79;   10.5;   52.21;   17.6;    2.1;   -0.9;eor
        282;20190416;   10;   8.6;   2.4;    3;   0.0;   0;   11.833;   0;   2.3;   4.9;  990.16;   11.5;   40.58;   19.8;   -0.9;   -3.9;eor
        282;20190417;   10;  13.6;   2.3;    3;   0.0;   0;    8.700;   0;   5.4;   5.3;  994.07;   13.1;   39.13;   21.0;    1.6;   -0.8;eor
        282;20190418;   10;  12.0;   3.7;    3;   0.0;   0;   11.417;   0;   2.2;   6.8;  996.71;   14.8;   43.79;   21.3;    4.5;    0.4;eor
        282;20190419;   10;  14.3;   2.9;    3;   0.0;   0;   12.933;   0;   0.0;   6.6;  999.38;   15.5;   42.21;   23.9;    3.0;   -1.3;eor
        282;20190420;   10;   9.8;   2.3;    3;   0.0;   0;   12.967;   0;   0.1;   6.0;  998.60;   15.9;   38.88;   24.6;    2.0;   -0.9;eor
        282;20190421;   10;   7.9;   1.7;    3;   0.0;   0;   12.983;   0;   0.0;   5.8;  991.59;   13.8;   43.96;   24.3;    1.6;   -1.6;eor
        282;20190422;   10;  11.8;   3.6;    3;   0.0;   0;   12.700;   0;   2.9;   6.1;  982.05;   15.5;   40.17;   24.2;    2.0;   -1.2;eor
        282;20190423;   10;  12.3;   4.3;    3;   0.0;   6;    8.050;   0;   4.1;   8.8;  973.48;   16.2;   47.71;   20.7;   10.9;    6.4;eor
        282;20190424;   10;  20.4;   3.3;    3;   0.0;   6;    9.850;   0;   3.3;   8.9;  975.72;   17.2;   50.67;   27.4;    5.1;    2.0;eor
        282;20190425;   10;  11.5;   2.8;    3;   0.0;   0;   11.883;   0;   3.0;   7.5;  981.21;   15.8;   48.96;   26.2;    2.4;   -0.3;eor
        282;20190426;   10;   9.1;   2.4;    3;   5.1;   6;    0.300;   0;   5.5;   9.5;  984.82;    9.4;   80.63;   12.9;    4.8;    1.9;eor
        282;20190427;   10;  16.8;   2.7;    3;   8.1;   6;    2.900;   0;   6.3;   9.6;  987.01;    9.6;   81.75;   16.6;    6.1;    5.9;eor
        282;20190428;   10;   6.2;   2.0;    3;   2.5;   6;    2.917;   0;   6.3;   8.0;  990.65;    7.9;   76.88;   13.0;    5.3;    4.2;eor
        282;20190429;   10;   8.3;   2.2;    3;  15.2;   6;    0.000;   0;   5.6;   8.9;  991.54;    7.3;   87.33;   10.7;    2.6;    1.4;eor
        282;20190430;   10;  10.3;   3.2;    3;   0.0;   0;   13.000;   0;   2.1;   7.8;  989.44;   10.8;   64.17;   17.1;    3.0;    1.5;eor
        282;20190501;   10;   7.1;   1.2;    3;   0.0;   0;    3.417;-999;   4.0;   8.8;  986.84;   10.0;   73.33;   18.2;    0.5;   -0.2;eor
        282;20190502;   10;   9.4;   2.4;    3;   0.6;   6;    8.967;-999;   3.4;   9.0;  980.53;   12.2;   66.96;   18.9;    3.1;    1.0;eor
        282;20190503;   10;   9.5;   2.5;    3;   0.6;   6;    2.183;-999;   6.3;   8.1;  981.37;    9.3;   69.92;   12.6;    2.7;    0.6;eor
        282;20190504;   10;  10.4;   2.3;    3;   5.1;   6;    0.017;-999;   5.0;   7.2;  979.55;    4.7;   84.38;    8.0;   -0.8;   -2.2;eor
        282;20190505;   10;   7.1;   1.9;    3;   0.0;   0;    3.383;-999;   5.2;   5.6;  988.10;    4.2;   71.13;   10.6;   -1.5;   -3.0;eor
        282;20190506;   10;   9.3;   1.9;    3;   0.0;   6;    1.650;-999;   5.2;   5.5;  990.93;    4.4;   69.29;   11.6;   -2.3;   -3.8;eor
        282;20190507;   10;   6.8;   1.2;    3;   0.0;   6;    3.567;-999;   6.4;   6.3;  989.19;    6.7;   67.83;   13.4;   -0.9;   -1.2;eor
        282;20190508;   10;   9.0;   2.7;    3;   6.8;   6;    1.133;-999;   6.8;   9.3;  978.07;    8.7;   81.75;   14.6;   -0.2;   -1.4;eor
        282;20190509;   10;  10.2;   2.8;    3;   9.9;   6;    0.967;-999;   6.7;  10.8;  973.99;   10.6;   84.50;   14.6;    7.5;    6.4;eor
        282;20190510;   10;  11.1;   3.2;    3;   6.3;   6;    5.583;-999;   5.5;   9.2;  981.82;   12.2;   67.04;   17.5;    7.1;    4.3;eor
        282;20190511;   10;  13.4;   3.3;    3;   3.7;   6;    1.767;-999;   6.9;  11.1;  982.66;   11.6;   81.67;   17.5;    7.4;    7.1;eor
        282;20190512;   10;  12.0;   4.7;    3;   0.0;   0;    7.517;-999;   6.5;   7.0;  999.29;   10.0;   59.54;   14.9;    6.6;    4.0;eor
        282;20190513;   10;  10.6;   3.5;    3;   0.0;   0;   13.800;-999;   0.6;   5.8; 1005.35;    9.1;   55.04;   15.7;    0.5;   -1.3;eor
        282;20190514;   10;  13.1;   3.6;    3;   0.0;   0;    8.100;-999;   2.7;   5.9; 1000.68;    7.1;   62.21;   13.4;   -0.8;   -2.3;eor
        282;20190515;   10;  11.4;   3.6;    3;   0.0;   6;    4.250;-999;   5.1;   5.7;  994.99;    7.1;   59.46;   12.3;   -0.7;   -3.3;eor
        282;20190516;   10;   5.8;   1.8;    3;   1.3;   6;    0.000;-999;   7.0;   8.3;  986.89;    8.0;   77.25;    9.6;    6.7;    6.1;eor
        282;20190517;   10;  11.6;   2.4;    3;   0.0;   0;    7.000;-999;   4.7;   9.8;  979.93;   12.9;   68.33;   20.2;    7.0;    4.4;eor
        282;20190518;   10;   6.7;   1.5;    3;   0.0;   0;   10.683;-999;   4.0;  10.0;  977.19;   14.6;   63.83;   23.2;    3.4;    1.8;eor
        282;20190519;   10;   9.4;   1.9;    3;   2.2;   6;    7.867;-999;   5.6;  12.1;  975.18;   15.4;   71.38;   23.6;    5.7;    3.9;eor
        282;20190520;   10;   9.0;   2.4;    3;  23.7;   6;    0.200;-999;   7.2;  14.3;  974.18;   14.2;   88.83;   19.7;   11.7;   10.1;eor
        282;20190521;   10;   8.4;   2.7;    3;  19.2;   6;    0.033;-999;   7.3;  14.7;  978.18;   14.0;   91.75;   16.7;   12.7;   12.3;eor
        282;20190522;   10;   7.9;   2.8;    3;   0.0;   6;    0.433;-999;   6.6;  12.1;  988.50;   12.8;   82.21;   15.9;    6.1;    4.1;eor
        282;20190523;   10;   5.8;   1.4;    3;   0.0;   0;    9.300;-999;   7.3;  10.3;  990.52;   12.6;   74.96;   20.2;    6.0;    5.9;eor
        282;20190524;   10;   5.4;   1.2;    3;   0.0;   0;   11.367;-999;   6.5;  10.4;  986.75;   14.8;   67.04;   22.9;    5.1;    4.3;eor
        282;20190525;   10;  12.9;   1.7;    3;   0.0;   6;    4.850;-999;   6.4;  12.1;  986.49;   15.3;   71.29;   22.0;    8.6;    7.9;eor
        282;20190526;   10;   9.2;   2.1;    3;   0.0;   0;    9.817;-999;   5.5;  11.7;  986.44;   15.4;   70.58;   22.7;    7.9;    6.0;eor
        282;20190527;   10;   8.8;   2.4;    3;   0.6;   6;   11.100;-999;   6.7;  12.5;  981.21;   15.9;   70.71;   22.3;    8.1;    5.7;eor
        282;20190528;   10;  10.1;   2.2;    3;   7.1;   6;    0.017;-999;   7.3;  13.1;  979.73;   13.5;   84.75;   16.5;    8.1;    7.2;eor
        282;20190529;   10;   5.9;   1.9;    3;   0.0;   6;    2.767;-999;   5.8;  10.1;  991.67;   10.8;   79.29;   16.2;    4.4;    2.9;eor
        282;20190530;   10;   6.9;   1.7;    3;   0.0;   6;    9.300;-999;   5.3;   9.5;  996.82;   13.3;   66.17;   21.4;    2.6;    2.5;eor
        282;20190531;   10;   7.7;   1.5;    3;   0.0;   0;    3.217;-999;   6.7;  13.7;  996.42;   17.4;   70.75;   23.5;   10.5;    8.7;eor
        282;20190601;   10;   4.5;   1.1;    3;   0.0;   0;   13.133;-999;   4.9;  13.4;  993.88;   18.8;   66.08;   27.1;    8.7;    7.6;eor
        282;20190602;   10;   6.5;   1.7;    3;   0.0;   0;   14.633;-999;   3.3;  13.7;  989.39;   20.7;   61.92;   29.9;    9.7;    8.1;eor
        282;20190603;   10;  16.3;   2.5;    3;   0.1;   6;   11.383;-999;   2.5;  14.1;  986.46;   21.5;   61.21;   31.6;   11.0;    9.1;eor
        282;20190604;   10;   6.2;   1.9;    3;   0.0;   0;   14.200;-999;   1.8;  14.9;  983.87;   21.4;   63.71;   30.3;   12.3;   10.1;eor
        282;20190605;   10;   7.0;   2.0;    3;   0.0;   4;   14.217;-999;   1.9;  14.5;  978.91;   23.1;   56.92;   32.0;   11.6;    9.8;eor
        282;20190606;   10;  10.6;   3.3;    3;   4.3;   6;    2.300;-999;   6.3;  13.3;  983.66;   15.7;   74.75;   19.3;   11.3;   10.7;eor
        282;20190607;   10;  17.9;   2.7;    3;   3.7;   6;   10.483;-999;   4.6;  13.5;  985.03;   18.6;   66.96;   28.2;   11.7;   11.9;eor
        282;20190608;   10;  12.6;   3.1;    3;   0.0;   6;    9.867;-999;   4.3;  10.3;  994.07;   15.2;   64.04;   21.2;    7.6;    6.1;eor
        282;20190609;   10;   8.4;   1.6;    3;   0.7;   6;    9.067;-999;   4.7;  12.6;  993.19;   16.8;   69.25;   26.2;    5.2;    4.2;eor
        282;20190610;   10;   6.2;   1.4;    3;   4.0;   6;    1.117;-999;   6.9;  16.9;  985.50;   17.8;   84.25;   23.7;   14.3;   12.5;eor
        282;20190611;   10;   7.3;   2.3;    3;   0.0;   6;    5.133;-999;   6.5;  16.3;  981.89;   18.8;   75.83;   23.8;   15.1;   14.2;eor
        282;20190612;   10;  13.2;   2.1;    3;   1.7;   6;    4.917;-999;   6.2;  16.0;  981.97;   16.7;   84.46;   24.2;   13.4;   12.7;eor
        282;20190613;   10;   5.6;   1.5;    3;   0.0;   0;   10.900;-999;   2.6;  13.5;  987.00;   18.0;   70.00;   25.2;   11.1;    8.8;eor
        282;20190614;   10;  10.2;   2.4;    3;   0.0;   0;    8.733;-999;   4.5;  14.6;  987.03;   21.5;   60.33;   31.4;    9.1;    7.0;eor
        282;20190615;   10;  10.1;   2.7;    3;   5.4;   6;   10.933;-999;   5.2;  15.9;  984.88;   20.3;   68.54;   24.8;   14.5;   13.1;eor
        282;20190616;   10;   6.7;   1.4;    3;   5.0;   6;    0.633;-999;   7.4;  16.6;  992.36;   16.7;   87.33;   21.0;   14.0;   12.1;eor
        282;20190617;   10;   7.9;   1.7;    3;   0.0;   0;    9.667;-999;   3.5;  15.4;  991.70;   19.1;   73.79;   27.1;   13.0;   11.2;eor
        282;20190618;   10;   7.0;   1.2;    3;   0.0;   0;   12.433;-999;   4.3;  14.9;  986.95;   21.4;   64.00;   30.4;   12.8;   11.0;eor
        282;20190619;   10;   6.6;   1.8;    3;   3.9;   6;   14.033;-999;   4.5;  15.7;  982.27;   23.1;   60.79;   31.4;   14.5;   13.5;eor
        282;20190620;   10;  12.8;   2.4;    3;   0.0;   6;    5.233;-999;   6.4;  16.7;  984.77;   20.1;   72.67;   25.7;   15.0;   13.0;eor
        282;20190621;   10;   7.3;   1.6;    3;   0.0;   0;    8.967;-999;   2.9;  14.3;  989.23;   18.6;   70.25;   25.6;   12.0;   10.6;eor
        282;20190622;   10;  10.1;   3.3;    3;   0.1;   6;    7.533;-999;   6.1;  15.3;  989.37;   21.0;   62.71;   27.2;   12.8;   12.0;eor
        282;20190623;   10;  11.3;   3.2;    3;   0.0;   0;    7.950;-999;   4.0;  15.9;  990.43;   22.3;   60.92;   28.1;   14.8;   13.2;eor
        282;20190624;   10;   8.8;   2.6;    3;   0.0;   0;   14.533;-999;   3.1;  15.6;  992.59;   23.3;   58.42;   30.4;   14.7;   13.0;eor
        282;20190625;   10;   7.5;   1.5;    3;   0.0;   0;   14.500;-999;   5.7;  17.0;  992.38;   24.3;   61.25;   33.9;   13.6;   11.8;eor
        282;20190626;   10;   7.6;   1.4;    3;   0.0;   0;   14.517;-999;   1.0;  19.5;  993.68;   26.2;   62.46;   35.8;   14.9;   14.0;eor
        282;20190627;   10;   9.2;   3.4;    3;   0.0;   0;   14.217;-999;   0.2;  14.8;  994.43;   25.0;   49.42;   30.8;   17.8;   15.2;eor
        282;20190628;   10;   7.5;   2.6;    3;   0.0;   0;   14.867;-999;   0.0;  11.8;  994.53;   20.1;   53.50;   28.1;   10.6;    8.7;eor
        282;20190629;   10;   6.2;   1.4;    3;   0.0;   0;   14.883;-999;   0.0;  12.3;  991.64;   21.9;   53.83;   33.4;    9.9;    7.6;eor
        282;20190630;   10;   8.6;   2.0;    3;   0.0;   0;   14.717;-999;   0.5;  15.0;  987.33;   24.6;   54.58;   35.7;   10.6;    8.9;eor
        282;20190701;   10;  10.4;   2.7;    3;   0.0;   6;    8.533;-999;   5.7;  17.1;  987.45;   23.6;   60.71;   30.4;   14.2;   12.6;eor
        282;20190702;   10;  10.0;   3.1;    3;   0.0;   0;   14.733;-999;   1.4;  10.9;  991.57;   19.9;   49.17;   25.5;   12.3;    8.9;eor
        282;20190703;   10;   8.4;   2.8;    3;   0.0;   0;   14.817;-999;   0.8;   9.3;  993.34;   18.2;   48.17;   25.3;    8.5;    6.1;eor
        282;20190704;   10;   9.8;   2.2;    3;   0.0;   0;   14.217;-999;   2.0;   9.6;  993.04;   18.1;   50.21;   25.9;   10.2;    7.7;eor
        282;20190705;   10;   7.7;   1.7;    3;   0.0;   0;    3.483;-999;   7.2;  11.1;  988.56;   17.8;   58.67;   25.7;    9.8;    8.7;eor
        282;20190706;   10;  10.1;   2.4;    3;   0.2;   6;    8.650;-999;   5.8;  11.4;  982.55;   21.5;   49.42;   29.6;   11.7;   10.6;eor
        282;20190707;   10;  10.2;   2.9;    3;   0.4;   6;    3.317;-999;   6.7;  12.0;  984.07;   17.2;   62.54;   22.1;    9.4;    7.2;eor
        282;20190708;   10;   9.3;   2.8;    3;   0.0;   0;    9.900;-999;   4.6;   8.6;  988.66;   15.0;   54.33;   21.5;    7.1;    5.1;eor
        282;20190709;   10;  10.1;   2.2;    3;   0.0;   0;    5.333;-999;   5.3;   8.6;  990.30;   12.9;   61.50;   19.7;    5.0;    3.7;eor
        282;20190710;   10;   8.0;   1.9;    3;   0.0;   6;   13.750;-999;   3.5;   8.9;  990.06;   15.1;   56.29;   23.9;    4.3;    3.1;eor
        282;20190711;   10;  10.1;   1.5;    3;   7.0;   6;    0.067;-999;   7.5;  13.1;  986.65;   15.4;   75.63;   22.3;   11.5;   11.6;eor
        282;20190712;   10;   9.4;   2.3;    3;   8.6;   8;    3.183;-999;   6.8;  15.2;  983.97;   17.6;   77.25;   23.8;   12.8;   11.8;eor
        282;20190713;   10;   9.9;   2.8;    3;   2.2;   6;    1.833;-999;   7.6;  15.0;  986.83;   16.8;   78.92;   20.4;   14.3;   13.8;eor
        282;20190714;   10;   7.2;   2.8;    3;   0.0;   0;    4.700;-999;   4.8;  13.3;  988.04;   17.8;   66.79;   23.1;   13.2;   10.5;eor
        282;20190715;   10;   8.8;   3.0;    3;   0.0;   0;    9.633;-999;   2.8;  12.4;  988.11;   17.9;   63.29;   24.8;   11.5;    9.8;eor
        282;20190716;   10;   8.1;   2.5;    3;   0.0;   0;   12.400;-999;   2.8;  11.7;  988.35;   17.2;   62.50;   25.1;    8.2;    6.7;eor
        282;20190717;   10;   7.1;   1.8;    3;   0.0;   0;   13.383;-999;   3.6;  12.3;  985.74;   18.2;   63.08;   26.1;    9.3;    8.3;eor
        282;20190718;   10;   6.8;   1.6;    3;   0.5;   6;    9.867;-999;   6.3;  12.7;  984.35;   19.2;   61.96;   27.8;    9.0;    8.1;eor
        282;20190719;   10;   8.7;   1.4;    3;   1.1;   6;    0.833;-999;   7.7;  17.0;  987.06;   18.8;   79.46;   24.6;   14.2;   13.1;eor
        282;20190720;   10;  10.0;   2.1;    3;   6.6;   6;   10.917;-999;   7.3;  15.5;  986.15;   22.6;   62.25;   32.4;   11.8;   10.8;eor
        282;20190721;   10;   9.5;   2.2;    3;   0.0;   0;    8.783;-999;   6.0;  16.9;  991.59;   21.2;   70.46;   28.1;   13.2;   11.9;eor
        282;20190722;   10;   7.9;   1.4;    3;   0.0;   0;   12.483;-999;   6.0;  14.1;  994.85;   20.7;   63.75;   29.9;   10.9;   10.1;eor
        282;20190723;   10;   6.5;   1.4;    3;   0.0;   0;   14.283;-999;   2.3;  14.8;  992.72;   23.4;   58.17;   33.6;   12.2;   11.6;eor
        282;20190724;   10;   6.1;   1.2;    3;   0.0;   0;   14.200;-999;   1.2;  16.8;  988.54;   25.8;   57.67;   36.5;   14.1;   13.4;eor
        282;20190725;   10;   8.8;   1.9;    3;   0.0;   0;   13.900;-999;   0.8;  14.8;  987.33;   28.1;   46.25;   38.2;   15.4;   14.7;eor
        282;20190726;   10;  10.6;   2.4;    3;   0.6;   6;   13.367;-999;   2.3;  14.0;  981.59;   27.9;   42.50;   37.0;   15.6;   14.7;eor
        282;20190727;   10;   7.1;   1.7;    3;   0.1;   6;    2.250;-999;   7.5;  17.6;  975.20;   22.9;   63.63;   28.0;   17.9;   17.0;eor
        282;20190728;   10;   8.0;   1.4;    3;   6.9;   6;    3.567;-999;   7.4;  19.6;  973.75;   20.9;   81.08;   28.5;   17.7;   17.3;eor
        282;20190729;   10;   5.7;   2.0;    3;   0.0;   6;    0.733;-999;   6.5;  19.8;  982.09;   20.0;   85.00;   24.1;   16.2;   15.1;eor
        282;20190730;   10;   6.5;   1.1;    3;   6.9;   6;    4.183;-999;   4.0;  17.7;  984.75;   21.1;   74.00;   27.9;   14.8;   13.9;eor
        282;20190731;   10;   7.2;   1.8;    3;   3.5;   6;    4.783;-999;   5.4;  16.6;  988.28;   18.8;   78.79;   25.6;   13.0;   11.9;eor
        282;20190801;   10;   8.1;   1.4;    3;   0.0;   0;    9.350;-999;   4.7;  12.5;  988.94;   18.1;   65.96;   26.0;   11.0;   10.3;eor
        282;20190802;   10;  12.7;   1.6;    3;   0.0;   6;    6.033;-999;   7.4;  13.2;  986.52;   18.2;   67.25;   26.3;   10.5;   10.2;eor
        282;20190803;   10;   9.5;   1.4;    3;   3.3;   6;    2.867;-999;   6.0;  15.9;  986.87;   17.3;   81.46;   23.3;   12.2;   11.3;eor
        282;20190804;   10;   6.3;   1.2;    3;   0.0;   0;   12.850;-999;   3.2;  13.4;  987.86;   18.5;   68.54;   27.9;   10.0;    9.8;eor
        282;20190805;   10;   7.4;   1.5;    3;   0.2;   6;    2.033;-999;   7.9;  16.5;  984.97;   18.6;   78.29;   23.6;   12.3;   11.6;eor
        282;20190806;   10;   9.3;   1.7;    3;   3.5;   6;    5.183;-999;   6.9;  17.7;  983.74;   19.6;   78.92;   25.6;   14.3;   13.1;eor
        282;20190807;   10;   8.4;   1.7;    3;  38.1;   8;    0.100;-999;   6.8;  19.0;  981.82;   17.8;   92.88;   22.9;   14.8;   13.9;eor
        282;20190808;   10;   7.6;   1.9;    3;   0.0;   0;    7.500;-999;   6.0;  16.3;  985.25;   19.0;   76.83;   25.6;   12.7;   11.6;eor
        282;20190809;   10;  11.0;   2.0;    3;   3.1;   6;    6.550;-999;   5.8;  17.4;  983.75;   21.1;   71.83;   29.4;   10.6;   10.1;eor
        282;20190810;   10;  10.0;   2.7;    3;   0.1;   6;    3.550;-999;   5.5;  18.0;  986.87;   20.3;   76.96;   25.2;   12.5;   10.8;eor
        282;20190811;   10;   6.8;   2.0;    3;   1.3;   6;   10.767;-999;   4.3;  15.6;  987.64;   20.3;   69.50;   28.5;   11.3;    9.7;eor
        282;20190812;   10;   5.7;   1.9;    3;   0.0;   0;    4.850;-999;   7.2;  14.1;  988.52;   17.7;   70.21;   21.4;   12.9;   11.0;eor
        282;20190813;   10;  10.1;   2.6;    3;   0.0;   6;    8.400;-999;   4.9;  11.6;  989.83;   15.5;   69.13;   21.2;    9.2;    7.9;eor
        282;20190814;   10;   7.1;   1.8;    3;   0.0;   6;    7.350;-999;   4.2;  11.3;  990.26;   14.7;   70.54;   21.7;    7.9;    6.3;eor
        282;20190815;   10;  12.9;   1.9;    3;   2.3;   6;    2.250;-999;   6.3;  14.2;  986.70;   14.6;   84.75;   21.0;    7.2;    5.9;eor
        282;20190816;   10;   6.8;   1.7;    3;   0.0;   0;    6.317;-999;   6.5;  13.9;  989.18;   16.8;   75.08;   23.0;    9.6;    8.5;eor
        282;20190817;   10;   6.8;   1.8;    3;   0.6;   6;    0.017;-999;   7.7;  15.3;  985.35;   17.2;   78.71;   22.6;    9.7;    8.3;eor
        282;20190818;   10;  12.6;   3.1;    3;   2.0;   6;   10.050;-999;   4.8;  17.4;  981.97;   22.5;   66.71;   30.2;   16.3;   15.0;eor
        282;20190819;   10;   6.4;   1.6;    3;   0.2;   6;    6.433;-999;   6.6;  16.2;  988.68;   19.5;   73.46;   25.1;   12.6;   11.0;eor
        282;20190820;   10;   7.0;   1.5;    3;   3.9;   6;    0.533;-999;   6.9;  14.0;  994.19;   15.8;   79.75;   21.4;   11.0;   10.0;eor
        282;20190821;   10;   5.0;   1.2;    3;   0.0;   4;    8.533;-999;   5.5;  12.6;  999.47;   14.8;   78.92;   22.8;    9.3;    8.6;eor
        282;20190822;   10;   7.6;   1.6;    3;   0.0;   0;   12.750;-999;   1.3;  11.5;  997.61;   16.2;   68.58;   25.8;    6.8;    5.5;eor
        282;20190823;   10;   7.4;   1.5;    3;   0.0;   0;   12.933;-999;   0.0;  12.5;  996.50;   17.2;   68.88;   27.6;    6.6;    5.5;eor
        282;20190824;   10;   7.4;   1.8;    3;   0.0;   0;    9.633;-999;   1.0;  16.1;  992.35;   19.5;   73.04;   29.2;    9.0;    7.1;eor
        282;20190825;   10;  12.6;   1.3;    3;   7.9;   8;   10.667;-999;   1.6;  18.5;  990.52;   22.0;   73.42;   31.5;   13.6;   12.3;eor
        282;20190826;   10;   6.2;   1.1;    3;   0.1;   6;    9.400;-999;   3.5;  19.0;  990.30;   21.3;   77.58;   30.1;   13.5;   13.1;eor
        282;20190827;   10;   6.7;   1.5;    3;   0.0;   0;   11.367;-999;   2.0;  18.5;  988.92;   21.6;   75.29;   30.6;   14.0;   13.0;eor
        282;20190828;   10;   5.7;   1.4;    3;   0.0;   0;    9.617;-999;   6.4;  18.1;  987.91;   21.7;   73.88;   31.6;   14.4;   13.4;eor
        282;20190829;   10;  12.1;   1.7;    3;   0.6;   6;    6.800;-999;   7.0;  18.9;  990.36;   21.1;   78.29;   30.1;   13.9;   13.0;eor
        282;20190830;   10;   5.5;   1.2;    3;   0.0;   6;    8.733;-999;   0.6;  18.6;  992.89;   21.4;   76.17;   30.5;   14.2;   13.2;eor
        282;20190831;   10;   8.2;   1.4;    3;   0.0;   0;   12.267;-999;   0.5;  16.7;  987.15;   21.7;   69.88;   31.5;   13.3;   12.2;eor
        282;20190901;   10;   9.8;   2.9;    3;   0.0;   0;    5.850;-999;   6.3;  15.4;  984.96;   20.7;   65.46;   27.1;   14.4;   13.1;eor
        282;20190902;   10;   8.6;   2.4;    3;   0.0;   0;    9.400;-999;   2.5;   9.9;  993.33;   15.3;   60.75;   22.7;    5.2;    3.9;eor
        282;20190903;   10;   7.2;   1.5;    3;   0.0;   0;   11.850;-999;   1.1;   8.7;  995.53;   13.1;   64.21;   24.2;    3.1;    1.8;eor
        282;20190904;   10;  10.4;   1.9;    3;   0.1;   6;   12.350;-999;   0.4;   9.9;  988.84;   15.5;   62.71;   26.7;    4.8;    3.6;eor
        282;20190905;   10;   9.7;   2.4;    3;   0.0;   0;    5.333;-999;   6.1;  10.5;  990.02;   14.9;   65.33;   20.9;    8.7;    7.5;eor
        282;20190906;   10;   5.1;   1.5;    3;   0.1;   6;    9.000;-999;   6.3;   9.9;  994.20;   14.0;   64.88;   21.0;    4.5;    2.9;eor
        282;20190907;   10;   8.2;   1.6;    3;   0.0;   6;    0.317;-999;   7.7;  11.1;  990.14;   14.1;   70.92;   19.9;   10.5;    9.8;eor
        282;20190908;   10;   9.3;   1.2;    3;   3.2;   6;    0.500;-999;   7.6;  11.4;  988.27;   12.8;   78.00;   16.6;    8.0;    6.7;eor
        282;20190909;   10;  10.3;   2.2;    3;   2.2;   6;    0.550;-999;   7.0;  12.4;  985.85;   12.1;   87.75;   16.1;    7.9;    6.2;eor
        282;20190910;   10;   3.4;   1.1;    3;   0.0;   0;    5.550;-999;   6.5;  10.7;  990.07;   11.2;   83.21;   19.3;    4.6;    3.1;eor
        282;20190911;   10;   6.2;   1.4;    3;   0.0;   6;    9.750;-999;   3.0;   9.5;  995.25;   12.2;   71.83;   22.3;    2.7;    1.9;eor
        282;20190912;   10;   7.3;   2.0;    3;   0.0;   6;    2.333;-999;   5.2;  13.5; 1000.68;   16.5;   72.75;   24.1;    9.4;    7.5;eor
        282;20190913;   10;   7.9;   1.5;    3;   0.0;   0;    2.117;-999;   5.0;  13.8; 1002.61;   15.2;   81.46;   22.3;    8.0;    6.3;eor
        282;20190914;   10;   6.8;   1.5;    3;   0.0;   0;    9.083;-999;   4.3;  12.2; 1002.01;   15.1;   73.92;   24.3;    8.1;    6.1;eor
        282;20190915;   10;   6.6;   1.5;    3;   0.0;   0;   11.467;-999;   2.6;  11.8;  994.97;   15.3;   72.42;   27.1;    5.6;    4.4;eor
        282;20190916;   10;   6.3;   1.3;    3;   0.0;   6;    1.133;-999;   6.3;  11.9;  990.88;   14.7;   73.29;   22.5;    5.1;    3.3;eor
        282;20190917;   10;  11.8;   3.8;    3;   0.0;   0;    7.283;-999;   7.0;  10.0;  990.44;   15.9;   55.71;   19.9;   10.4;    5.7;eor
        282;20190918;   10;   8.2;   1.9;    3;   0.0;   0;   10.033;-999;   1.4;   7.2;  996.15;    9.5;   64.58;   17.6;    1.4;   -0.9;eor
        282;20190919;   10;   9.1;   1.7;    3;   0.0;   0;   10.450;-999;   4.3;   6.4;  999.87;    7.2;   67.33;   16.1;   -0.5;   -2.5;eor
        282;20190920;   10;   6.1;   1.2;    3;   0.0;   0;   11.183;-999;   3.9;   6.7;  999.46;    7.8;   68.13;   18.8;   -1.2;   -2.7;eor
        282;20190921;   10;   6.3;   1.4;    3;   0.0;   0;   11.133;-999;   0.0;   7.8;  992.75;   11.0;   65.63;   24.2;   -0.2;   -1.9;eor
        282;20190922;   10;   5.8;   1.6;    3;   0.0;   6;   10.083;-999;   4.2;   9.6;  984.30;   14.1;   64.17;   24.7;    2.2;    0.3;eor
        282;20190923;   10;   8.8;   1.2;    3;   3.7;   6;    0.000;-999;   7.4;  13.6;  986.33;   12.8;   90.21;   16.0;    6.6;    4.8;eor
        282;20190924;   10;   5.2;   1.3;    3;   5.1;   6;    2.367;-999;   7.2;  13.7;  985.04;   13.8;   87.96;   19.1;    8.4;    6.8;eor
        282;20190925;   10;  11.2;   2.6;    3;   0.5;   6;    2.150;-999;   7.4;  13.5;  980.83;   14.8;   80.71;   18.7;   11.2;    9.8;eor
        282;20190926;   10;   7.8;   2.3;    3;   2.0;   6;    0.883;-999;   7.5;  14.8;  984.92;   15.6;   83.92;   20.2;   11.9;   11.8;eor
        282;20190927;   10;   8.2;   2.3;    3;  18.4;   6;    0.017;-999;   7.2;  15.1;  984.84;   15.0;   88.50;   18.6;    9.7;    7.7;eor
        282;20190928;   10;  11.8;   3.2;    3;   0.4;   6;    3.050;-999;   6.7;  12.9;  987.35;   14.3;   80.08;   18.1;   10.7;    8.5;eor
        282;20190929;   10;  11.8;   3.5;    3;   5.0;   6;    5.950;-999;   7.0;  11.7;  980.38;   16.4;   64.42;   21.9;   11.2;    9.0;eor
        282;20190930;   10;  15.7;   4.4;    3;   0.0;   6;    0.867;-999;   7.0;  11.6;  981.64;   13.9;   73.79;   17.1;    6.7;    5.0;eor
        282;20191001;   10;   8.2;   2.7;    3;   7.4;   6;    0.083;-999;   7.1;  13.1;  978.79;   13.7;   82.96;   18.3;    6.8;    4.8;eor
        282;20191002;   10;  11.8;   3.1;    3;   2.1;   6;    0.933;   0;   5.7;  11.3;  979.57;   11.1;   84.33;   16.3;    2.7;    1.0;eor
        282;20191003;   10;   8.1;   2.1;    3;   0.0;   6;    0.433;   0;   7.0;   9.2;  988.74;    8.5;   83.04;   12.6;    1.8;    0.3;eor
        282;20191004;   10;  10.0;   2.5;    3;   4.9;   6;    0.083;   0;   7.5;  10.2;  981.52;    9.8;   84.63;   12.6;    6.2;    4.4;eor
        282;20191005;   10;  10.6;   3.3;    3;   0.0;   6;    0.333;   0;   7.6;   9.7;  984.60;    9.5;   81.13;   12.2;    2.1;    0.3;eor
        282;20191006;   10;   7.4;   1.6;    3;   3.3;   6;    0.433;-999;   7.0;   8.1;  988.03;    6.4;   84.50;   10.8;    0.2;   -1.0;eor
        282;20191007;   10;   5.6;   1.7;    3;   0.1;   6;    1.083;   0;   7.6;   9.1;  989.76;    8.8;   80.38;   10.8;    5.2;    3.6;eor
        282;20191008;   10;   6.7;   2.6;    3;  15.6;   6;    0.000;   0;   7.3;  12.3;  983.69;   11.3;   91.38;   13.2;    8.8;    8.0;eor
        282;20191009;   10;   8.1;   2.3;    3;   5.6;   6;    0.767;   0;   7.2;  11.4;  983.02;   11.1;   86.29;   14.3;    7.0;    4.6;eor
        282;20191010;   10;  10.0;   3.1;    3;   1.4;   6;    1.483;   0;   6.5;  10.1;  987.25;   10.1;   81.79;   13.9;    7.0;    4.1;eor
        282;20191011;   10;   8.4;   2.2;    3;   0.0;   6;    0.883;   0;   7.1;  11.0;  989.87;   10.8;   85.25;   16.5;    7.1;    4.4;eor
        282;20191012;   10;   8.5;   2.5;    3;   0.0;   6;    8.300;   0;   3.6;  12.3;  987.10;   14.8;   74.00;   22.9;    6.0;    2.9;eor
        282;20191013;   10;   7.0;   2.6;    3;   0.0;   0;    9.717;   0;   1.4;  14.3;  987.01;   18.3;   69.21;   25.3;   11.5;    9.4;eor
        282;20191014;   10;   4.3;   1.2;    3;   0.0;   0;    9.700;   0;   0.0;  12.9;  986.13;   14.9;   79.17;   25.1;    7.9;    5.9;eor
        282;20191015;   10;  11.1;   1.7;    3;   3.4;   6;    6.617;   0;   6.1;  12.9;  980.02;   14.0;   82.17;   22.6;    7.2;    5.7;eor
        282;20191016;   10;  11.7;   3.0;    3;   0.2;   6;    0.767;   0;   6.1;  11.1;  985.72;   12.4;   77.46;   15.1;    6.0;    3.8;eor
        282;20191017;   10;   5.8;   1.9;    3;   0.9;   6;    3.017;   0;   6.7;  11.3;  986.47;   12.4;   78.29;   18.2;    6.8;    4.0;eor
        282;20191018;   10;  10.5;   2.6;    3;   9.3;   6;    1.933;   0;   7.6;  13.4;  984.46;   13.6;   86.33;   18.9;    8.5;    7.1;eor
        282;20191019;   10;   8.2;   2.8;    3;   6.0;   6;    0.000;   0;   6.1;  13.0;  982.90;   12.8;   88.08;   14.7;   10.8;    9.6;eor
        282;20191020;   10;   5.5;   1.6;    3;   0.0;   0;    8.117;   0;   7.5;  12.8;  981.81;   13.7;   82.63;   20.8;    9.1;    7.2;eor
        282;20191021;   10;   4.4;   1.1;    3;   0.1;   6;    2.000;   0;   7.0;  12.2;  990.15;   11.3;   91.13;   17.8;    6.5;    5.7;eor
        282;20191022;   10;   3.6;   1.0;    3;   0.1;   4;    1.817;   0;   6.9;  11.9;  994.91;   10.8;   92.08;   16.7;    6.6;    5.0;eor
        282;20191023;   10;   5.1;   1.1;    3;   0.1;   4;    0.783;   0;   6.4;  11.7;  988.59;   10.4;   92.42;   16.5;    5.9;    4.6;eor
        282;20191024;   10;   4.3;   1.0;    3;   0.1;   6;    0.000;   0;   7.5;  11.7;  984.48;    9.9;   95.54;   14.0;    6.7;    6.6;eor
        282;20191025;   10;   6.7;   1.7;    3;   0.0;   0;    4.533;   0;   7.3;  11.6;  993.13;   11.8;   85.21;   17.7;    4.9;    3.4;eor
        282;20191026;   10;   5.4;   1.7;    3;   0.0;   0;    8.650;   0;   5.3;  11.0;  991.78;   10.6;   86.13;   19.6;    3.2;    1.8;eor
        282;20191027;   10;   9.2;   3.0;    3;   1.9;   6;    2.867;   0;   7.5;  11.0;  990.93;   11.4;   81.92;   19.3;    6.5;    5.5;eor
        282;20191028;   10;   4.7;   1.5;    3;   0.0;   0;    3.217;   0;   7.3;   7.7;  993.77;    4.8;   89.21;    9.6;    0.1;   -1.5;eor
        282;20191029;   10;   7.5;   2.6;    3;   0.0;   0;    0.700;   0;   7.2;   7.3;  994.53;    5.5;   80.63;    9.4;    1.8;   -1.7;eor
        282;20191030;   10;   7.8;   2.0;    3;   0.0;   0;    7.350;   0;   3.4;   5.8;  998.01;    3.8;   73.96;    9.5;   -2.9;   -5.1;eor
        282;20191031;   10;   5.9;   1.5;    3;   0.0;   0;    8.650;   0;   0.0;   5.0;  994.93;    1.5;   76.83;    9.1;   -4.0;   -6.7;eor
        282;20191101;   10;   7.7;   2.9;    3;   8.4;   6;    0.000;   0;   7.1;   7.5;  984.57;    4.3;   88.21;    9.1;   -4.3;   -6.3;eor
        282;20191102;   10;   7.0;   2.7;    3;   5.0;   6;    0.250;   0;   7.4;  13.2;  969.31;   12.3;   92.04;   16.0;    9.1;    7.9;eor
        282;20191103;   10;   6.9;   2.4;    3;   7.2;   6;    0.000;   0;   7.1;  12.2;  962.75;   11.5;   90.33;   13.2;    8.8;    7.1;eor
        282;20191104;   10;  10.2;   2.7;    3;   6.8;   6;    0.017;   0;   7.1;  10.7;  965.51;   10.0;   87.17;   12.3;    8.7;    6.9;eor
        282;20191105;   10;   5.5;   1.6;    3;   0.0;   6;    0.417;   0;   6.4;   8.8;  970.55;    7.1;   87.50;   10.8;    1.4;   -0.4;eor
        282;20191106;   10;   7.0;   1.6;    3;   3.8;   6;    0.500;   0;   7.4;   9.0;  974.82;    6.8;   90.88;   10.3;    3.6;    1.0;eor
        282;20191107;   10;   8.5;   2.7;    3;   0.0;   6;    3.400;   0;   6.7;   8.7;  975.63;    8.2;   81.33;   11.1;    3.6;    1.7;eor
        282;20191108;   10;   8.6;   1.8;    3;   5.2;   6;    0.000;   0;   6.7;   8.9;  976.64;    6.6;   91.54;    8.5;    5.2;    4.4;eor
        282;20191109;   10;   6.7;   2.0;    3;   0.0;   6;    0.550;   0;   5.3;   7.3;  980.82;    4.1;   88.25;    7.8;   -1.2;   -3.3;eor
        282;20191110;   10;   4.2;   1.1;    3;   0.0;   6;    0.183;   0;   7.5;   6.4;  985.00;    1.5;   92.88;    4.6;   -1.4;   -3.0;eor
        282;20191111;   10;   7.2;   2.4;    3;   0.0;   6;    2.017;   0;   7.0;   6.1;  983.17;    3.1;   79.75;    5.1;    2.0;    0.2;eor
        282;20191112;   10;   7.3;   2.7;    3;   0.0;   6;    3.000;   0;   6.7;   6.8;  978.36;    4.8;   79.75;    8.1;    2.7;    1.0;eor
        282;20191113;   10;   7.0;   1.9;    3;   0.0;   6;    1.133;   0;   7.5;   6.8;  975.94;    4.9;   78.25;    7.7;    2.9;    1.5;eor
        282;20191114;   10;   8.4;   2.2;    3;   0.0;   0;    5.750;   0;   4.7;   6.1;  976.44;    3.8;   76.75;    8.8;   -2.2;   -4.5;eor
        282;20191115;   10;   8.6;   2.1;    3;   4.1;   6;    0.750;   0;   6.9;   7.3;  972.66;    6.4;   76.21;   10.3;    2.9;    0.9;eor
        282;20191116;   10;   4.2;   1.5;    3;   0.0;   0;    0.517;   0;   6.6;   7.1;  980.96;    3.6;   89.54;    5.7;   -0.7;   -2.3;eor
        282;20191117;   10;   7.6;   2.5;    3;   0.1;   6;    0.000;   0;   5.9;   7.8;  977.92;    4.8;   89.63;    9.4;   -0.4;   -2.0;eor
        282;20191118;   10;   9.4;   3.0;    3;   0.0;   6;    0.517;   0;   7.1;   6.8;  980.22;    5.7;   74.75;    7.5;    4.1;    2.7;eor
        282;20191119;   10;   6.4;   1.8;    3;   0.0;   6;    0.000;   0;   7.4;   7.0;  988.29;    5.0;   80.13;    6.1;    4.1;    2.9;eor
        282;20191120;   10;   4.3;   1.7;    3;   1.7;   6;    3.000;   0;   6.3;   7.0;  987.65;    4.2;   85.08;    6.8;    2.2;    2.3;eor
        282;20191121;   10;   4.4;   1.2;    3;   2.1;   6;    0.000;   0;   6.3;   8.2;  981.88;    5.4;   91.00;    6.6;    4.4;    3.6;eor
        282;20191122;   10;   5.4;   1.8;    3;   0.0;   0;    0.000;   0;   6.5;   6.8;  980.75;    3.4;   87.63;    5.1;   -1.9;   -3.9;eor
        282;20191123;   10;   6.9;   1.2;    3;   0.0;   0;    5.883;   0;   6.0;   6.5;  973.80;    3.5;   83.54;   12.9;   -2.9;   -4.7;eor
        282;20191124;   10;   2.7;   0.8;    3;   0.0;   0;    0.900;   0;   7.0;   6.5;  978.64;    2.0;   91.96;    8.7;   -1.2;   -2.9;eor
        282;20191125;   10;   4.0;   1.2;    3;   0.0;   6;    0.000;   0;   7.9;   7.0;  982.72;    2.5;   95.92;    4.5;   -0.2;   -0.4;eor
        282;20191126;   10;   8.8;   3.0;    3;   0.0;   6;    0.267;   0;   7.5;   8.4;  980.42;    6.1;   88.83;    9.2;    3.9;    3.4;eor
        282;20191127;   10;   8.8;   3.1;    3;   6.0;   6;    1.050;   0;   7.2;   8.8;  970.58;    6.8;   88.25;    9.8;    2.6;    1.0;eor
        282;20191128;   10;  13.1;   4.0;    3;   6.1;   6;    0.033;   0;   7.4;   9.2;  969.81;    9.3;   78.17;   10.7;    7.7;    5.4;eor
        282;20191129;   10;  11.5;   3.2;    3;   2.4;   6;    0.483;   0;   6.8;   7.7;  979.81;    6.5;   78.58;    9.3;    4.0;    2.0;eor
        282;20191130;   10;   3.7;   1.1;    3;   0.0;   6;    3.883;   0;   3.7;   5.7;  993.85;    1.8;   82.50;    6.6;   -4.8;   -6.5;eor
        282;20191201;   10;   4.2;   1.2;    3;   0.0;   0;    0.000;   0;   7.8;   5.0;  990.58;   -0.4;   84.13;    3.2;   -4.7;   -6.1;eor
        282;20191202;   10;   5.3;   1.9;    3;   0.0;   6;    0.567;   0;   7.2;   5.5;  994.95;    1.8;   79.42;    4.7;   -2.1;   -4.0;eor
        282;20191203;   10;   3.0;   1.3;    3;   0.0;   6;    0.000;   0;   7.1;   6.3;  999.44;    2.1;   88.88;    3.8;   -1.0;   -2.4;eor
        282;20191204;   10;   4.4;   1.2;    3;   0.0;   8;    5.383;   0;   2.5;   5.2;  994.95;   -1.1;   91.08;    3.5;   -4.3;   -6.2;eor
        282;20191205;   10;   6.0;   1.9;    3;   0.0;   0;    4.200;   0;   5.5;   4.7;  993.79;   -2.1;   88.75;    0.6;   -6.4;   -7.9;eor
        282;20191206;   10;   8.0;   3.3;    3;   6.6;   6;    1.667;   0;   7.3;   5.5;  988.93;    1.3;   82.29;    4.8;   -0.9;   -0.9;eor
        282;20191207;   10;  10.3;   3.1;    3;   0.0;   6;    0.417;   0;   6.5;   8.5;  986.04;    7.1;   84.29;    9.8;    3.4;    1.7;eor
        282;20191208;   10;  13.5;   3.8;    3;   2.4;   6;    0.017;   0;   7.6;   8.7;  981.07;    8.9;   76.50;   10.7;    6.8;    5.7;eor
        282;20191209;   10;  12.3;   3.5;    3;   2.3;   6;    1.167;   0;   6.7;   7.8;  976.77;    6.8;   78.54;    9.2;    4.3;    3.3;eor
        282;20191210;   10;   8.8;   2.2;    3;   0.0;   0;    4.017;   0;   3.2;   5.8;  995.15;    2.0;   82.00;    5.3;   -3.0;   -6.5;eor
        282;20191211;   10;   6.8;   2.5;    3;   7.9;   8;    0.000;   0;   6.8;   5.1;  984.67;    0.5;   80.04;    2.7;   -2.7;   -6.0;eor
        282;20191212;   10;   4.1;   1.8;    3;   0.2;   8;    0.000;   1;   5.7;   6.3;  974.95;    1.2;   94.54;    2.6;   -0.9;   -3.0;eor
        282;20191213;   10;   9.2;   2.8;    3;   8.6;   8;    0.067;   0;   5.0;   6.3;  956.87;    1.9;   88.88;    4.8;   -0.8;   -3.4;eor
        282;20191214;   10;  18.2;   4.4;    3;  10.5;   8;    1.100;   0;   5.6;   7.0;  967.10;    5.7;   76.63;    8.4;    1.9;    0.8;eor
        282;20191215;   10;  15.5;   2.8;    3;   5.3;   6;    0.000;   0;   6.5;   8.9;  977.46;    6.9;   88.75;   11.5;    2.1;    0.1;eor
        282;20191216;   10;   7.1;   2.2;    3;   0.0;   6;    6.167;   0;   6.7;   8.1;  981.62;    6.7;   83.42;   11.8;   -0.1;   -2.3;eor
        282;20191217;   10;   5.3;   1.3;    3;   0.0;   6;    4.367;   0;   5.8;   6.8;  980.28;    3.1;   89.63;   10.6;   -0.3;   -2.0;eor
        282;20191218;   10;   4.0;   1.5;    3;   0.2;   6;    0.283;   0;   6.1;   8.0;  989.01;    4.9;   90.92;   10.8;   -0.3;   -1.8;eor
        282;20191219;   10;   2.9;   0.9;    3;   0.0;   0;    3.667;   0;   6.5;   6.6;  985.98;    2.0;   93.63;    8.5;   -2.0;   -3.4;eor
        282;20191220;   10;   6.9;   1.1;    3;   0.9;   6;    2.133;   0;   5.4;   6.7;  968.74;    1.7;   94.13;    8.1;   -3.2;   -4.3;eor
        282;20191221;   10;   5.4;   1.7;    3;   0.0;   6;    0.333;   0;   4.1;   7.4;  966.78;    3.5;   93.79;    7.9;   -0.6;   -3.7;eor
        282;20191222;   10;  10.7;   3.1;    3;   1.3;   6;    0.000;   0;   7.1;   7.9;  962.14;    5.6;   86.96;    7.9;    1.0;    0.7;eor
        282;20191223;   10;   9.2;   2.8;    3;   0.3;   6;    0.100;   0;   7.0;   8.0;  978.44;    6.4;   83.17;    8.2;    3.5;    1.8;eor
        282;20191224;   10;   8.5;   2.9;    3;   5.5;   6;    0.433;   0;   6.1;   8.0;  985.21;    5.8;   86.13;    8.1;    3.7;    1.2;eor
        282;20191225;   10;  10.2;   2.8;    3;   8.3;   6;    0.067;   0;   7.0;   8.1;  988.62;    6.2;   85.13;    8.0;    2.5;    0.3;eor
        282;20191226;   10;   3.4;   1.0;    3;   0.0;   6;    0.567;   0;   6.7;   7.0;  995.88;    3.4;   90.42;    6.6;    1.4;    0.2;eor
        282;20191227;   10;   6.8;   1.4;    3;   0.0;   6;    1.867;   0;   5.0;   6.1;  998.90;    2.1;   86.29;    6.7;   -2.5;   -4.8;eor
        282;20191228;   10;   5.7;   1.3;    3;   0.0;   0;    0.383;   0;   7.3;   4.9; 1010.83;   -0.5;   83.21;    2.6;   -5.3;   -7.0;eor
        282;20191229;   10;   2.0;   0.7;    3;   0.0;   0;    6.750;   0;   3.4;   3.7; 1010.61;   -4.0;   81.75;    1.8;   -8.1;   -9.7;eor
        282;20191230;   10;   3.7;   1.0;    3;   0.0;   0;    6.833;   0;   4.0;   4.2; 1005.63;   -2.1;   81.63;    4.4;   -6.8;   -7.9;eor
        282;20191231;   10;   4.8;   1.0;    3;   0.0;   7;    0.033;   0;   3.7;   4.7; 1003.90;   -1.7;   86.50;    2.6;   -5.9;   -8.3;eor
        282;20200101;   10;   2.4;   0.7;    3;   0.0;   8;    1.783;   0;   5.1;   4.1; 1005.55;   -4.3;   92.79;   -0.6;   -7.0;   -8.8;eor
        282;20200102;   10;   5.8;   1.3;    3;   0.0;   6;    0.317;   0;   5.5;   4.5; 1000.90;   -3.6;   93.04;    0.8;   -9.5;  -11.0;eor
        282;20200103;   10;  10.6;   3.7;    3;   0.4;   6;    0.017;   0;   7.3;   6.9;  994.86;    3.6;   86.08;    8.0;    0.0;   -0.2;eor
        282;20200104;   10;  11.7;   4.1;    3;   1.8;   6;    0.000;   0;   7.2;   6.8;  998.70;    4.4;   81.17;    7.5;    0.2;   -2.1;eor
        282;20200105;   10;   4.0;   1.3;    3;   0.0;   6;    0.867;   0;   7.3;   6.3; 1005.79;    2.5;   86.29;    4.7;   -0.4;   -1.6;eor
        282;20200106;   10;   6.0;   1.8;    3;   0.0;   0;    7.000;   0;   1.7;   5.5; 1000.23;    0.8;   84.63;    5.5;   -3.3;   -6.1;eor
        282;20200107;   10;   5.0;   1.6;    3;   0.5;   8;    0.000;   0;   6.0;   6.1;  999.43;    0.8;   93.96;    2.7;   -2.5;   -5.3;eor
        282;20200108;   10;   5.4;   2.5;    3;   2.7;   6;    0.000;   0;   7.5;   7.0;  999.62;    2.7;   94.67;    4.6;   -1.4;   -2.8;eor
        282;20200109;   10;   7.4;   3.0;    3;   1.4;   6;    0.000;   0;   7.6;   9.2;  991.66;    7.2;   90.13;    9.3;    4.6;    4.3;eor
        282;20200110;   10;   7.4;   2.8;    3;   0.8;   6;    0.117;   0;   7.0;   8.6;  991.38;    7.6;   82.17;    9.8;    5.3;    3.5;eor
        282;20200111;   10;   8.5;   1.5;    3;   0.0;   0;    0.600;   0;   6.0;   6.0; 1003.26;    2.3;   83.75;    6.3;   -3.8;   -6.1;eor
        282;20200112;   10;   7.5;   2.2;    3;   0.0;   6;    1.333;   0;   6.6;   5.3;  998.62;   -0.2;   86.92;    2.7;   -4.6;   -7.6;eor
        282;20200113;   10;   5.8;   2.6;    3;   0.1;   6;    0.000;   0;   6.8;   7.1;  993.58;    3.7;   88.25;    5.6;    0.7;   -2.0;eor
        282;20200114;   10;   8.7;   3.7;    3;   0.0;   0;    2.183;   0;   7.2;   5.9;  987.81;    5.8;   65.04;    9.8;    2.1;    0.4;eor
        282;20200115;   10;   7.4;   2.8;    3;   0.0;   0;    6.400;   0;   4.2;   6.2;  991.00;    6.6;   63.67;   10.7;    1.2;   -2.4;eor
        282;20200116;   10;   5.1;   1.9;    3;   0.0;   0;    3.667;   0;   4.0;   7.2;  998.83;    6.2;   76.67;   12.1;   -1.6;   -4.4;eor
        282;20200117;   10;   5.4;   1.5;    3;   0.0;   6;    3.717;   0;   4.3;   6.1;  992.28;    1.7;   87.46;    6.8;   -4.4;   -6.6;eor
        282;20200118;   10;   7.4;   1.6;    3;   0.1;   6;    1.083;   0;   7.3;   6.6;  996.53;    2.9;   87.71;    6.5;   -0.1;   -1.7;eor
        282;20200119;   10;   4.2;   1.0;    3;   0.1;   6;    0.033;   0;   7.2;   6.0; 1005.93;    1.1;   91.29;    4.1;   -0.7;   -2.8;eor
        282;20200120;   10;   6.1;   1.2;    3;   0.0;   0;    1.117;   0;   4.7;   5.3; 1015.92;    0.3;   85.79;    4.9;   -5.6;   -8.6;eor
        282;20200121;   10;   2.2;   0.8;    3;   0.0;   0;    7.567;   0;   0.2;   3.9; 1012.27;   -3.3;   82.63;    4.9;   -8.0;  -10.2;eor
        282;20200122;   10;   4.4;   1.1;    3;   0.0;   6;    0.000;   0;   7.8;   4.7; 1006.88;   -2.3;   91.67;   -1.2;   -3.6;   -3.4;eor
        282;20200123;   10;   6.4;   1.2;    3;   0.0;   0;    0.000;   0;   5.4;   5.0; 1002.89;   -0.8;   86.83;    2.4;   -5.9;   -7.9;eor
        282;20200124;   10;   3.9;   1.0;    3;   0.0;   6;    0.000;   0;   6.2;   4.8;  996.10;   -2.1;   91.04;    0.0;   -6.0;   -7.6;eor
        282;20200125;   10;   2.7;   0.9;    3;   0.0;   0;    0.000;   0;   7.6;   4.8;  993.94;   -2.1;   91.67;   -0.6;   -6.2;   -7.3;eor
        282;20200126;   10;   3.3;   0.9;    3;   0.0;   8;    0.333;   0;   7.5;   6.1;  991.05;    0.7;   94.58;    4.1;   -0.7;   -1.9;eor
        282;20200127;   10;   6.4;   2.6;    3;   4.6;   6;    0.983;   0;   7.4;   7.1;  984.19;    4.0;   87.38;    7.9;   -0.8;   -2.4;eor
        282;20200128;   10;  22.4;   4.1;    3;   7.2;   8;    0.800;   0;   6.4;   7.0;  972.19;    4.2;   83.79;    6.8;    0.1;   -1.4;eor
        282;20200129;   10;  10.6;   2.9;    3;   0.0;   6;    0.950;   0;   6.6;   5.9;  980.31;    2.3;   82.04;    4.8;   -0.8;   -2.7;eor
        282;20200130;   10;   7.8;   3.2;    3;   1.4;   6;    1.433;   0;   7.0;   6.9;  984.64;    5.5;   77.04;    8.3;    2.5;    0.5;eor
        282;20200131;   10;  12.5;   3.8;    3;   0.1;   6;    0.017;   0;   6.7;  11.0;  982.44;   11.7;   80.29;   13.5;    6.2;    5.8;eor
        282;20200201;    3;  18.9;   4.0;    3;  15.6;   8;    0.033;   0;   6.8;  10.6;  980.56;   11.2;   79.25;   14.4;    7.1;    4.8;eor
        282;20200202;    3;  14.2;   3.7;    3;   4.8;   6;    0.000;   0;   5.9;   9.3;  982.70;    8.8;   81.00;   13.4;    1.6;    0.3;eor
        282;20200203;    3;  10.8;   4.1;    3;  20.5;   6;    0.000;   0;   5.7;   9.1;  984.18;    9.3;   78.21;   11.7;    6.3;    6.0;eor
        282;20200204;    3;  13.6;   4.1;    3;   2.2;   8;    1.817;   0;  -999;   6.8;  982.28;    4.0;   83.00;    6.7;    1.6;    0.2;eor
        282;20200205;    3;  13.5;   3.8;    3;   0.0;   0;    5.517;   0;  -999;   4.8; 1001.59;    2.3;   67.58;    5.3;   -3.1;   -5.3;eor
        282;20200206;    3;   3.7;   1.1;    3;   0.0;   0;    0.517;   0;   5.7;   4.9; 1003.20;   -0.5;   83.79;    3.4;   -4.4;   -7.0;eor
        282;20200207;    3;   6.0;   1.0;    3;   0.0;   0;    2.067;   0;   4.7;   5.0; 1000.34;   -0.3;   84.50;    5.6;   -4.5;   -6.7;eor
        282;20200208;    3;   5.4;   1.1;    3;   0.0;   0;    6.383;   0;   2.9;   4.8;  996.36;   -0.7;   82.96;    6.4;   -6.5;   -8.9;eor
        282;20200209;    3;  14.7;   4.3;    3;   9.7;   6;    5.400;   0;   5.2;   6.2;  987.40;    6.3;   66.71;   14.0;   -2.3;   -5.0;eor
        282;20200210;    3;  22.3;   7.1;    3;   7.4;   8;    3.250;   0;   4.9;   7.7;  972.15;    8.7;   68.42;   14.6;    4.6;    3.4;eor
        282;20200211;    3;  19.6;   6.5;    3;   3.9;   8;    3.200;   0;   3.7;   5.6;  977.65;    4.5;   66.50;    7.2;    0.4;   -0.1;eor
        282;20200212;    3;  18.2;   4.6;    3;   2.4;   8;    1.867;   0;   3.3;   5.6;  987.13;    3.0;   74.79;    5.6;   -1.4;   -3.7;eor
        282;20200213;    3;  13.1;   3.0;    3;  10.9;   6;    0.000;   0;   5.5;   6.3;  982.97;    2.2;   88.13;    5.9;   -2.1;   -5.2;eor
        282;20200214;    3;   8.8;   2.5;    3;   1.5;   6;    0.183;   0;   6.9;   7.7;  989.98;    5.4;   86.33;    7.3;    3.4;    2.2;eor
        282;20200215;    3;   8.6;   2.7;    3;   0.0;   0;    6.717;   0;   7.0;   7.3;  994.80;    5.9;   79.58;   10.9;   -0.2;   -2.4;eor
        282;20200216;    3;  11.0;   4.3;    3;   1.5;   6;    0.150;   0;   7.7;   6.9;  986.56;   10.4;   55.63;   13.9;    6.0;    3.7;eor
        282;20200217;    3;  15.0;   3.0;    3;   5.1;   6;    0.000;   0;   5.3;   8.9;  988.68;    8.5;   80.46;   15.4;    6.2;    4.5;eor
        282;20200218;    3;  13.7;   4.4;    3;   0.5;   6;    1.250;   0;   6.9;   6.5;  995.15;    6.6;   66.71;    8.8;    5.0;    3.1;eor
        282;20200219;    3;  12.4;   3.9;    3;   0.8;   8;    1.650;   0;   6.0;   6.0;  991.14;    4.8;   70.46;    7.5;   -1.6;   -3.6;eor
        282;20200220;    3;  10.9;   2.9;    3;   2.4;   6;    0.000;   0;   7.0;   6.7;  991.43;    5.0;   76.13;    8.5;   -0.3;   -2.9;eor
        282;20200221;    3;  15.7;   4.3;    3;   0.0;   6;    4.217;   0;   5.9;   5.8;  996.88;    5.7;   63.88;    8.5;    3.5;    1.6;eor
        282;20200222;    3;  14.6;   4.1;    3;   0.0;   6;    4.650;   0;   4.9;   5.8;  996.28;    7.6;   57.50;   11.9;    0.6;   -2.0;eor
        282;20200223;    3;  21.6;   6.3;    3;   2.2;   6;    0.000;   0;   7.3;   9.5;  988.93;   10.5;   75.17;   13.3;    7.3;    5.7;eor
        282;20200224;    3;  10.5;   2.7;    3;   3.5;   6;    0.000;   0;   7.5;   7.5;  989.38;    5.9;   79.75;   11.3;    1.6;    0.0;eor
        282;20200225;    3;  11.1;   3.9;    3;   4.4;   6;    0.000;   0;   6.0;   8.7;  974.26;    7.6;   82.79;   11.0;    3.2;    0.4;eor
        282;20200226;    3;  15.5;   4.4;    3;   0.1;   8;    0.583;   0;   6.2;   6.0;  971.47;    3.5;   76.00;    5.4;    2.3;    0.8;eor
        282;20200227;    3;   8.5;   3.5;    3;  12.3;   8;    0.000;   0;   6.4;   5.7;  973.74;    2.6;   78.38;    5.3;    0.2;   -0.1;eor
        282;20200228;    3;  10.1;   3.6;    3;   0.8;   8;    2.983;   1;   6.5;   5.5;  986.91;    2.4;   76.38;    5.1;    1.3;   -0.1;eor
        282;20200229;    3;  17.2;   4.6;    3;   3.5;   6;    2.567;   0;   6.9;   7.3;  973.93;    6.3;   76.63;   11.5;    1.9;    1.4;eor
        282;20200301;    3;  14.4;   3.8;    3;   1.0;   6;    3.817;   0;   6.6;   7.4;  970.93;    7.4;   72.50;   11.1;    3.4;    0.3;eor
        282;20200302;    3;  16.3;   3.4;    3;   0.7;   6;    6.217;   0;   5.6;   6.3;  965.57;    6.9;   64.54;   11.6;   -0.1;   -2.9;eor
        282;20200303;    3;  12.4;   3.2;    3;   1.6;   8;    1.000;   0;   5.5;   6.4;  973.54;    4.2;   77.83;    7.7;   -3.0;   -4.5;eor
        282;20200304;    3;   7.8;   1.9;    3;   0.0;   6;    1.333;   0;   5.1;   5.9;  983.67;    1.7;   85.50;    6.5;   -3.9;   -5.9;eor
        282;20200305;    3;   9.6;   3.1;    3;   7.9;   6;    1.350;   0;   7.0;   6.6;  972.04;    3.7;   82.83;    8.2;   -2.2;   -4.5;eor
        282;20200306;    3;  12.6;   4.0;    3;   2.0;   6;    0.000;   0;   7.3;   7.6;  967.41;    5.9;   81.75;    7.4;    4.2;    3.6;eor
        282;20200307;    3;   9.9;   3.1;    3;   0.5;   6;    0.067;   0;   6.6;   6.4;  987.52;    4.3;   77.83;    6.2;    1.1;   -1.7;eor
        282;20200308;    3;   8.5;   2.8;    3;   2.2;   6;    1.267;   0;   6.9;   6.3;  989.51;    5.0;   73.46;   10.1;   -0.7;   -3.1;eor
        282;20200309;    3;  10.4;   2.4;    3;   0.0;   6;    2.400;   0;   4.9;   7.3;  985.32;    5.9;   79.88;   11.4;   -0.6;   -3.2;eor
        282;20200310;    3;  12.5;   3.8;    3;  13.3;   6;    0.000;   0;   5.7;   8.3;  983.88;    5.5;   89.58;   10.8;    0.9;   -1.9;eor
        282;20200311;    3;  13.0;   4.7;    3;   0.1;   6;    0.000;   0;   7.3;  11.5;  985.13;   12.3;   80.13;   13.9;   10.7;    9.7;eor
        282;20200312;    3;  16.3;   4.2;    3;   0.6;   6;    0.933;   0;   7.1;   9.2;  984.08;   11.3;   68.58;   15.4;    6.2;    3.0;eor
        282;20200313;    3;  14.0;   4.1;    3;   0.0;   0;    3.033;   0;   4.2;   5.8;  989.60;    6.1;   62.83;   10.2;   -0.8;   -3.1;eor
        282;20200314;    3;   4.2;   1.0;    3;   0.1;   6;    4.183;   0;   5.1;   5.9;  993.70;    3.3;   78.25;    9.8;   -1.9;   -3.9;eor
        282;20200315;    3;  10.1;   2.6;    3;   0.0;   0;   10.583;   0;   4.1;   4.9;  991.24;    4.4;   64.63;   13.1;   -3.7;   -5.7;eor
        282;20200316;    3;   6.9;   1.5;    3;   0.0;   6;   10.567;   0;   5.9;   6.5;  992.02;    7.5;   65.79;   17.9;   -2.8;   -4.5;eor
        282;20200317;    3;   6.2;   1.6;    3;   0.0;   6;    2.117;   0;   5.2;   8.9;  999.64;    9.8;   74.71;   16.0;    1.1;   -1.4;eor
        282;20200318;    3;   6.3;   1.0;    3;   0.0;   0;    5.450;   0;   4.5;   8.3;  999.45;    8.2;   78.67;   17.4;    0.3;   -1.8;eor
        282;20200319;    3;   5.4;   1.1;    3;   0.0;   0;    5.900;   0;   4.6;   9.0;  995.67;   10.4;   74.67;   18.8;    4.2;    1.5;eor
        282;20200320;    3;  12.2;   3.0;    3;   0.0;   6;    0.833;   0;   6.4;   8.9;  992.94;    8.4;   80.83;   14.4;    3.3;    0.9;eor
        282;20200321;    3;  13.5;   4.9;    3;   0.0;   6;    0.000;   0;   7.3;   5.4;  995.87;    5.0;   62.04;    7.0;    1.4;   -2.0;eor
        282;20200322;    3;  11.1;   3.9;    3;   0.0;   0;   11.217;   0;   0.0;   3.1; 1002.18;    2.6;   43.29;    8.0;   -1.5;   -5.6;eor
        282;20200323;    3;   9.4;   2.5;    3;   0.0;   0;   11.250;   0;   0.0;   2.7; 1005.83;    0.6;   45.67;    7.2;   -6.8;  -10.1;eor
        282;20200324;    3;  11.0;   2.8;    3;   0.0;   0;   11.367;   0;   0.0;   2.6; 1003.53;    1.3;   42.50;    8.8;   -6.1;   -9.9;eor
        282;20200325;    3;  14.6;   3.8;    3;   0.0;   0;   11.433;   0;   0.0;   2.8;  997.49;    2.3;   42.21;    9.1;   -7.0;  -11.2;eor
        282;20200326;    3;  12.3;   4.2;    3;   0.0;   0;    5.967;   0;   2.4;   4.2;  991.70;    5.1;   48.25;    9.4;    0.2;   -2.8;eor
        282;20200327;    3;   9.9;   2.9;    3;   0.0;   0;   11.183;   0;   0.5;   5.7;  988.07;   10.2;   47.58;   18.9;   -0.7;   -3.8;eor
        282;20200328;    3;  10.1;   2.8;    3;   0.0;   0;   11.417;   0;   0.0;   5.8;  988.83;    8.6;   56.13;   17.3;   -1.0;   -3.9;eor
        282;20200329;    1;  13.2;   3.9;    1;   0.2;   8;    0.133;   0;   6.1;   5.5;  992.83;    3.7;   69.33;    7.5;   -0.9;   -3.9;eor
        282;20200330;    1;  10.2;   3.0;    1;   0.0;   0;   11.067;   0;   1.7;   3.0;  997.69;    1.9;   45.42;    7.0;   -4.2;   -9.4;eor
        282;20200331;    1;  10.0;   2.7;    1;   0.0;   7;    6.150;   0;   3.2;   3.7;  998.11;    1.1;   57.50;    7.1;   -5.6;   -9.3;eor
        282;20200401;    1;   5.5;   1.1;    1;   0.0;   0;   11.917;   0;   0.0;   2.9;  992.16;    0.6;   51.29;   10.1;   -9.0;  -11.3;eor
        282;20200402;    1;   8.3;   1.4;    1;   0.0;   0;   11.967;   0;   0.1;   3.4;  984.09;    3.0;   49.96;   13.9;   -7.7;  -10.1;eor
        282;20200403;    1;   5.8;   1.4;    1;   0.0;   6;    0.683;   0;   5.1;   5.4;  987.23;    3.8;   67.75;   11.1;   -5.1;   -7.3;eor
        282;20200404;    1;   5.0;   1.3;    1;   0.0;   0;   10.883;   0;   0.3;   5.4;  995.17;    5.7;   63.13;   15.0;   -3.5;   -6.2;eor
        282;20200405;    1;  11.2;   2.7;    1;   0.0;   0;   12.200;   0;   0.0;   5.1;  995.79;    9.1;   50.63;   18.3;   -2.5;   -5.9;eor
        282;20200406;    1;   5.7;   1.1;    1;   0.0;   0;   12.067;   0;   0.0;   5.5;  994.80;    9.7;   51.29;   22.0;   -1.9;   -5.2;eor
        282;20200407;    1;   9.6;   2.1;    1;   0.0;   0;   12.250;   0;   0.0;   6.7; 1000.01;   12.6;   51.67;   23.2;   -1.0;   -3.3;eor
        282;20200408;    1;   5.5;   1.5;    1;   0.0;   0;   12.333;   0;   0.0;   6.2;  996.55;   12.9;   48.71;   22.6;    2.0;   -1.3;eor
        282;20200409;    1;   7.4;   1.4;    1;   0.0;   0;   10.517;   0;   0.6;   6.5;  994.63;   11.7;   53.21;   23.0;   -0.7;   -2.4;eor
        282;20200410;    1;   8.3;   2.2;    1;   0.0;   0;   12.367;   0;   2.5;   7.7;  995.45;   13.4;   54.83;   21.5;    4.5;    2.0;eor
        282;20200411;    1;   5.7;   1.7;    1;   0.0;   0;   12.433;   0;   1.2;   6.4;  995.15;   11.5;   51.42;   20.5;    1.2;   -1.9;eor
        282;20200412;    1;   9.1;   1.6;    1;   0.0;   6;    8.817;   0;   3.3;   7.2;  988.34;   12.8;   53.63;   23.1;   -1.1;   -2.7;eor
        282;20200413;    1;  12.0;   2.9;    1;   3.2;   6;    5.650;   0;   3.9;   7.4;  986.76;    8.5;   67.38;   18.2;   -1.4;   -4.2;eor
        282;20200414;    1;   9.1;   2.0;    1;   0.0;   0;   10.167;   0;   1.2;   4.1;  994.93;    3.0;   58.92;    9.9;   -4.0;   -6.1;eor
        282;20200415;    1;   4.6;   1.1;    1;   0.0;   0;   11.250;   0;   3.7;   5.0;  995.54;    5.9;   60.25;   16.9;   -3.5;   -4.7;eor
        282;20200416;    1;   8.9;   1.7;    1;   0.0;   0;   12.433;   0;   1.5;   6.2;  989.36;   11.0;   55.04;   23.2;   -1.7;   -3.2;eor
        282;20200417;    1;   7.4;   1.4;    1;   0.0;   0;   10.967;   0;   1.4;   8.2;  986.78;   14.2;   55.92;   24.5;    2.3;    0.8;eor
        282;20200418;    1;  13.3;   1.2;    1;   4.0;   6;    4.417;   0;   5.0;  10.3;  986.46;   14.0;   66.96;   22.6;    3.8;    1.8;eor
        282;20200419;    1;  11.1;   2.9;    1;   0.0;   0;    5.533;   0;   4.4;   9.7;  988.19;   12.8;   65.75;   16.4;    6.2;    1.8;eor
        282;20200420;    1;  15.6;   4.6;    1;   0.0;   0;   13.033;   0;   0.0;   4.8;  989.68;   12.1;   35.96;   18.6;    3.4;   -1.0;eor
        282;20200421;    1;  15.1;   5.1;    1;   0.0;   0;   13.067;   0;   0.0;   5.0;  988.92;   13.9;   32.88;   20.2;    5.4;    1.7;eor
        282;20200422;    1;  12.3;   4.0;    1;   0.0;   0;   13.083;   0;   0.0;   5.3;  990.64;   15.0;   32.67;   22.2;    4.2;    0.5;eor
        282;20200423;    1;   9.7;   2.1;    1;   0.0;   0;   13.117;   0;   0.2;   6.3;  990.75;   12.0;   51.29;   22.3;    1.3;   -1.6;eor
        282;20200424;    1;  11.9;   2.1;    1;   0.0;   0;    9.967;   0;   6.4;   7.2;  983.21;   11.4;   59.79;   22.2;    0.0;   -1.6;eor
        282;20200425;    1;   8.7;   2.3;    1;   0.0;   0;   13.033;   0;   0.2;   6.4;  982.45;    9.4;   58.96;   17.6;    0.0;   -1.9;eor
        282;20200426;    1;   5.7;   1.4;    1;   0.0;   0;   13.233;   0;   1.1;   5.8;  982.49;    9.2;   57.42;   19.3;   -1.3;   -3.5;eor
        282;20200427;    1;  10.5;   1.8;    1;   0.0;   0;   10.767;   0;   2.9;   7.5;  980.79;   11.2;   60.92;   22.3;   -1.1;   -2.5;eor
        282;20200428;    1;  10.3;   1.6;    1;   0.3;   6;    2.117;   0;   6.7;  10.7;  977.88;   11.6;   78.33;   18.2;    2.8;    1.4;eor
        282;20200429;    1;  10.8;   2.3;    1;   0.5;   6;    4.617;   0;   5.7;  10.3;  979.10;   12.2;   74.25;   17.7;    6.8;    3.9;eor
        282;20200430;    1;  10.8;   3.0;    1;   1.9;   6;    0.033;   0;   6.8;  10.9;  977.93;   11.8;   79.67;   16.2;    7.7;    4.4;eor
        282;20200501;    1;  15.7;   3.1;    1;   1.0;   6;    3.533;-999;   5.2;   9.5;  976.67;   10.2;   77.54;   15.5;    6.1;    3.6;eor
        282;20200502;    1;  14.3;   3.4;    1;   1.2;   6;    6.500;-999;   4.4;   8.1;  981.22;    8.2;   77.04;   15.2;    2.1;    0.2;eor
        282;20200503;    1;   5.5;   1.4;    1;   0.0;   6;    7.117;-999;   6.2;   8.2;  989.38;    9.9;   71.04;   16.9;    3.4;    1.7;eor
        282;20200504;    1;   9.5;   2.1;    1;   3.1;   6;    2.667;-999;   7.3;   9.8;  988.00;   10.9;   76.67;   19.2;    3.9;    2.6;eor
        282;20200505;    1;   8.3;   2.2;    1;   0.0;   0;    8.833;-999;   2.8;   6.4;  990.28;    7.9;   65.58;   16.0;   -0.4;   -2.6;eor
        282;20200506;    1;   8.5;   1.6;    1;   0.0;   0;    9.233;-999;   2.0;   5.9;  994.98;    7.1;   63.88;   16.0;   -2.5;   -4.2;eor
        282;20200507;    1;   6.3;   1.3;    1;   0.0;   0;   13.750;-999;   0.9;   6.5;  994.56;   10.2;   60.17;   21.4;   -1.4;   -3.0;eor
        282;20200508;    1;   6.1;   1.3;    1;   0.0;   0;   10.750;-999;   5.6;   8.4;  988.76;   14.2;   59.00;   25.1;    3.0;    1.7;eor
        282;20200509;    1;   6.7;   1.9;    1;   0.3;   6;    1.933;-999;   7.0;  11.3;  984.33;   14.6;   69.50;   21.9;    5.4;    3.6;eor
        282;20200510;    1;  10.0;   2.0;    1;   0.0;   6;    3.550;-999;   6.0;  14.1;  977.88;   16.5;   76.54;   23.7;    9.3;    7.9;eor
        282;20200511;    1;  14.3;   4.4;    1;  21.4;   6;    0.000;-999;   5.3;   9.9;  976.61;    8.3;   87.08;   15.9;   -0.6;   -1.7;eor
        282;20200512;    1;   5.4;   1.1;    1;   0.0;   0;   10.000;-999;   4.5;   5.9;  988.51;    5.4;   71.17;   12.8;   -1.1;   -1.8;eor
        282;20200513;    1;   8.0;   1.6;    1;   0.2;   6;    6.767;-999;   5.0;   7.2;  983.07;    8.0;   70.08;   14.5;   -0.7;   -1.6;eor
        282;20200514;    1;  10.2;   3.2;    1;   0.0;   0;    4.100;-999;   5.5;   7.8;  986.33;   10.8;   62.79;   15.3;    4.9;    2.9;eor
        282;20200515;    1;   9.2;   2.7;    1;   0.0;   0;    9.650;-999;   3.3;   7.2;  989.03;   11.2;   57.13;   16.9;    2.5;    0.7;eor
        282;20200516;    1;   6.2;   1.5;    1;   0.0;   0;   13.850;-999;   0.7;   7.1;  992.67;   10.8;   60.58;   19.6;    1.1;   -0.9;eor
        282;20200517;    1;   8.8;   1.9;    1;   0.0;   0;   13.050;-999;   0.3;   7.6;  993.42;   10.9;   63.33;   18.9;    0.4;   -1.0;eor
        282;20200518;    1;   9.2;   1.5;    1;   0.0;   0;   14.217;-999;   0.6;   8.8;  994.40;   13.0;   63.92;   22.5;    1.1;    0.1;eor
        282;20200519;    1;   9.6;   2.3;    1;   0.0;   0;   11.617;-999;   2.8;   9.9;  991.88;   17.0;   56.04;   24.8;    4.8;    3.3;eor
        282;20200520;    1;   6.9;   1.9;    1;   0.0;   6;    2.617;-999;   6.0;  12.2;  992.63;   16.5;   66.17;   21.5;    8.8;    6.2;eor
        282;20200521;    1;   6.2;   1.3;    1;   0.0;   0;   13.983;-999;   0.5;  10.1;  993.58;   15.5;   62.42;   24.0;    5.9;    3.7;eor
        282;20200522;    1;   6.9;   1.6;    1;   3.4;   6;    3.217;-999;   5.3;  12.6;  992.48;   17.0;   67.67;   25.9;    5.4;    4.7;eor
        282;20200523;    1;   7.9;   2.3;    1;   4.5;   6;    0.167;-999;   6.3;  12.8;  995.05;   13.1;   84.33;   16.9;    7.4;    6.4;eor
        282;20200524;    1;  11.4;   3.5;    1;   0.7;   6;    6.383;-999;   4.5;   9.5; 1000.10;   12.7;   67.25;   18.2;    5.1;    3.5;eor
        282;20200525;    1;  13.1;   3.5;    1;   0.1;   6;    5.067;-999;   5.8;  10.6; 1001.55;   14.0;   68.08;   19.3;    7.1;    4.3;eor
        282;20200526;    1;   8.9;   2.2;    1;   0.0;   0;    8.800;-999;   2.3;   8.9; 1005.15;   11.8;   68.29;   18.8;    3.2;    1.5;eor
        282;20200527;    1;   5.3;   1.2;    1;   0.0;   6;   10.733;-999;   3.7;   9.5; 1003.47;   13.8;   64.58;   22.8;    2.6;    1.1;eor
        282;20200528;    1;  13.2;   3.6;    1;   0.0;   0;   10.267;-999;   3.6;   9.3; 1000.00;   14.3;   60.13;   20.6;    4.9;    3.9;eor
        282;20200529;    1;  12.1;   2.9;    1;   0.0;   0;   12.200;-999;   2.1;   8.1;  997.39;   14.0;   54.75;   20.4;    3.2;    1.4;eor
        282;20200530;    1;  12.3;   3.5;    1;   0.0;   0;    8.633;-999;   6.2;   8.3;  993.75;   13.4;   55.96;   18.4;    5.1;    3.3;eor
        282;20200531;    1;   9.3;   2.6;    1;   0.0;   6;    7.933;-999;   5.4;   8.9;  992.71;   12.9;   62.75;   19.8;    3.7;    1.7;eor
        282;20200601;    1;   9.5;   2.4;    1;   0.0;   0;   14.233;-999;   0.1;   9.6;  992.33;   16.3;   57.33;   25.2;    3.7;    2.1;eor
        282;20200602;    1;   7.9;   1.8;    1;   0.0;   0;   14.167;-999;   1.3;   9.8;  988.01;   17.1;   56.83;   26.6;    5.9;    3.6;eor
        282;20200603;    1;  10.2;   1.8;    1;   1.3;   6;   11.783;-999;   5.1;  10.8;  977.22;   18.6;   55.58;   27.6;    6.1;    5.0;eor
        282;20200604;    1;   6.9;   1.7;    1;   7.7;   6;    0.167;-999;   6.3;  15.3;  968.48;   14.8;   90.63;   18.5;   10.4;    8.9;eor
        282;20200605;    1;  13.3;   3.3;    1;   7.8;   6;    1.933;-999;   6.3;  11.2;  970.79;   12.4;   78.25;   15.2;   10.1;    9.0;eor
        282;20200606;    1;   8.4;   2.7;    1;   4.6;   6;    1.067;-999;   6.2;  11.6;  976.42;   12.0;   83.33;   16.6;    9.5;    9.2;eor
        282;20200607;    1;   5.3;   1.8;    1;   0.0;   6;    2.000;-999;   5.3;  12.1;  980.82;   12.5;   84.04;   16.6;    6.2;    4.1;eor
        282;20200608;    1;   6.6;   1.1;    1;   0.5;   6;    5.917;-999;   5.3;  10.7;  985.39;   12.5;   76.29;   19.0;    4.8;    2.5;eor
        282;20200609;    1;   5.6;   2.2;    1;   5.5;   6;    0.000;-999;   6.6;  13.0;  986.37;   13.6;   83.54;   17.1;    9.7;    9.5;eor
