STATIONS_ID;MESS_DATUM;QN_3;  FX;  FM;QN_4; RSK;RSKF; SDK;SHK_TAG;  NM; VPM;  PM; TMK; UPM; TXK; TNK; TGK;eor
        400;20181208;-999;-999;-999;    3;   2.6;   4;-999;   0;  -999;   7.8;    -999;    7.2;   76.63;    9.9;    5.5;    3.3;eor
        400;20181209;-999;-999;-999;    3;   3.6;   4;-999;   0;  -999;   8.5;    -999;    7.1;   84.08;    8.1;    6.2;    4.9;eor
        400;20181210;-999;-999;-999;    3;   1.2;   4;-999;   0;  -999;   6.6;    -999;    4.7;   77.08;    6.4;    3.5;    2.4;eor
        400;20181211;-999;-999;-999;    3;   3.6;   4;-999;   0;  -999;   7.0;    -999;    3.3;   89.83;    4.4;    1.8;    0.2;eor
        400;20181212;-999;-999;-999;    3;   0.0;   0;-999;   0;  -999;   6.7;    -999;    2.2;   93.50;    4.0;   -0.1;   -2.9;eor
        400;20181213;-999;-999;-999;    3;   0.2;   4;-999;   0;  -999;   6.3;    -999;    1.4;   93.46;    2.2;    0.8;    0.3;eor
        400;20181214;-999;-999;-999;    3;   0.0;   0;-999;   0;  -999;   5.2;    -999;    0.3;   83.29;    1.0;   -0.3;   -0.7;eor
        400;20181215;-999;-999;-999;    3;   0.0;   0;-999;   0;  -999;   5.1;    -999;   -0.1;   83.21;    0.5;   -0.7;   -1.0;eor
        400;20181216;-999;-999;-999;    3;   0.0;   0;-999;   0;  -999;   4.5;    -999;   -0.5;   76.71;    0.3;   -1.5;   -3.6;eor
        400;20181217;-999;-999;-999;    3;   0.1;   4;-999;   0;  -999;   5.6;    -999;    0.6;   87.17;    2.1;   -1.3;   -1.9;eor
        400;20181218;-999;-999;-999;    3;   0.0;   4;-999;   0;  -999;   7.0;    -999;    2.9;   92.25;    6.6;    0.1;   -2.7;eor
        400;20181219;-999;-999;-999;    3;   0.0;   0;-999;   0;  -999;   6.0;    -999;    1.5;   87.54;    2.9;   -0.4;   -3.5;eor
        400;20181220;-999;-999;-999;    3;   0.7;   4;-999;   0;  -999;   7.0;    -999;    3.4;   89.46;    5.4;    2.6;   -0.6;eor
        400;20181221;-999;-999;-999;    3;   6.6;   4;-999;   0;  -999;   8.9;    -999;    6.6;   90.83;   10.7;    4.6;    1.3;eor
        400;20181222;-999;-999;-999;    3;   3.0;   4;-999;   0;  -999;   7.7;    -999;    6.1;   81.92;    9.9;    3.0;    1.6;eor
        400;20181223;-999;-999;-999;    3;   1.6;   4;-999;   0;  -999;   8.6;    -999;    6.0;   91.92;    7.6;    3.2;    2.6;eor
        400;20181224;-999;-999;-999;    3;   0.2;   4;-999;   0;  -999;   5.9;    -999;    1.6;   84.63;    5.0;   -0.1;   -0.5;eor
        400;20181225;-999;-999;-999;    3;   0.0;   0;-999;   0;  -999;   7.1;    -999;    4.7;   83.04;    5.8;    3.0;    2.4;eor
        400;20181226;-999;-999;-999;    3;   1.7;   4;-999;   0;  -999;   8.5;    -999;    5.8;   91.54;    7.1;    4.8;    4.5;eor
        400;20181227;-999;-999;-999;    3;   0.3;   4;-999;   0;  -999;   8.4;    -999;    5.4;   93.79;    6.3;    4.2;    3.3;eor
        400;20181228;-999;-999;-999;    3;   0.7;   4;-999;   0;  -999;   8.7;    -999;    6.2;   91.13;    7.1;    5.4;    4.8;eor
        400;20181229;-999;-999;-999;    3;   4.3;   4;-999;   0;  -999;   8.7;    -999;    5.9;   93.42;    7.1;    4.8;    4.5;eor
        400;20181230;-999;-999;-999;    3;   0.2;   4;-999;   0;  -999;   7.8;    -999;    6.1;   83.21;    7.8;    2.9;    0.6;eor
        400;20181231;-999;-999;-999;    3;   1.4;   4;-999;   0;  -999;   8.4;    -999;    5.3;   93.21;    8.1;    3.1;    1.4;eor
        400;20190101;-999;-999;-999;    3;   1.0;   4;-999;   0;  -999;   7.9;    -999;    6.4;   80.50;    8.3;    2.9;    1.6;eor
        400;20190102;-999;-999;-999;    3;   0.5;   4;-999;   0;  -999;   4.3;    -999;    1.6;   62.46;    3.8;   -1.8;   -3.8;eor
        400;20190103;-999;-999;-999;    3;   0.2;   4;-999;   0;  -999;   4.7;    -999;   -0.8;   81.96;    1.7;   -3.3;   -6.6;eor
        400;20190104;-999;-999;-999;    3;   1.9;   4;-999;   0;  -999;   6.5;    -999;    1.6;   93.58;    5.0;   -1.7;   -2.3;eor
        400;20190105;-999;-999;-999;    3;   0.1;   4;-999;   0;  -999;   8.3;    -999;    5.5;   91.38;    7.5;    1.7;   -1.1;eor
        400;20190106;-999;-999;-999;    3;   0.0;   4;-999;   0;  -999;   5.9;    -999;    1.5;   87.13;    3.4;   -0.5;   -3.1;eor
        400;20190107;-999;-999;-999;    3;   6.1;   4;-999;   0;  -999;   7.3;    -999;    3.0;   95.21;    5.6;    0.0;   -1.4;eor
        400;20190108;-999;-999;-999;    3;   4.5;   4;-999;   0;  -999;   7.8;    -999;    4.9;   89.25;    6.3;    2.0;    1.7;eor
        400;20190109;-999;-999;-999;    3;   5.4;   4;-999;   0;  -999;   6.5;    -999;    1.9;   92.88;    3.1;    0.8;    0.1;eor
        400;20190110;-999;-999;-999;    3;   0.1;   4;-999;   0;  -999;   5.4;    -999;    0.9;   82.96;    2.0;   -0.4;   -1.9;eor
        400;20190111;-999;-999;-999;    3;   1.2;   4;-999;   0;  -999;   6.7;    -999;    2.4;   91.42;    5.6;    0.0;   -0.6;eor
        400;20190112;-999;-999;-999;    3;   4.0;   4;-999;   0;  -999;   7.6;    -999;    4.8;   88.29;    5.8;    3.7;    2.9;eor
        400;20190113;-999;-999;-999;    3;   7.5;   4;-999;   0;  -999;   8.6;    -999;    6.2;   90.96;    8.2;    5.1;    3.5;eor
        400;20190114;-999;-999;-999;    3;   0.2;   4;-999;   0;  -999;   4.8;    -999;    2.0;   67.63;    5.6;    0.1;   -1.4;eor
        400;20190115;-999;-999;-999;    3;   2.5;   4;-999;   0;  -999;   6.9;    -999;    3.9;   83.42;    6.6;    1.0;   -0.3;eor
        400;20190116;-999;-999;-999;    3;   0.0;   0;-999;   0;  -999;   7.8;    -999;    6.4;   80.75;    7.4;    3.4;    1.6;eor
        400;20190117;-999;-999;-999;    3;   1.9;   4;-999;   0;  -999;   6.4;    -999;    4.7;   75.46;    6.6;    2.1;    1.4;eor
        400;20190118;-999;-999;-999;    3;   0.0;   0;-999;   1;  -999;   4.9;    -999;    0.4;   77.96;    2.1;   -1.9;   -3.9;eor
        400;20190119;-999;-999;-999;    3;   0.0;   0;-999;   1;  -999;   4.8;    -999;   -1.2;   85.88;    2.6;   -4.8;   -8.1;eor
        400;20190120;-999;-999;-999;    3;   0.0;   0;-999;   1;  -999;   4.1;    -999;   -3.8;   87.75;    0.1;   -7.5;  -10.0;eor
        400;20190121;-999;-999;-999;    3;   0.0;   0;-999;   1;  -999;   4.2;    -999;   -3.0;   85.13;   -0.7;   -4.5;   -7.6;eor
        400;20190122;-999;-999;-999;    3;   0.0;   0;-999;   1;  -999;   3.9;    -999;   -3.0;   79.33;    0.1;   -6.2;   -8.5;eor
        400;20190123;-999;-999;-999;    3;   0.0;   0;-999;   0;  -999;   3.3;    -999;   -5.6;   81.88;   -3.4;   -7.3;   -8.8;eor
        400;20190124;-999;-999;-999;    3;   0.0;   0;-999;   0;  -999;   3.3;    -999;   -4.1;   73.21;   -3.4;   -5.3;   -5.0;eor
        400;20190125;-999;-999;-999;    3;   1.1;   4;-999;   0;  -999;   3.5;    -999;   -3.7;   74.83;   -1.8;   -4.8;   -5.0;eor
        400;20190126;-999;-999;-999;    3;   3.4;   4;-999;   1;  -999;   6.0;    -999;    0.3;   93.88;    3.7;   -3.2;   -3.3;eor
        400;20190127;-999;-999;-999;    3;   3.8;   4;-999;   0;  -999;   7.3;    -999;    3.9;   90.79;    5.3;    2.4;    1.1;eor
        400;20190128;-999;-999;-999;    3;   1.3;   4;-999;   0;  -999;   6.7;    -999;    3.4;   86.29;    5.6;    1.4;   -1.4;eor
        400;20190129;-999;-999;-999;    3;   0.0;   0;-999;   1;  -999;   5.8;    -999;    1.1;   88.21;    2.3;   -1.5;   -3.4;eor
        400;20190130;-999;-999;-999;    3;   0.0;   0;-999;   0;  -999;   4.9;    -999;   -0.1;   80.63;    2.8;   -2.0;   -4.8;eor
        400;20190131;-999;-999;-999;    3;   0.0;   0;-999;   0;  -999;   5.0;    -999;    0.0;   81.42;    3.1;   -1.6;   -3.7;eor
        400;20190201;-999;-999;-999;    3;   1.6;   4;-999;   0;  -999;   4.8;    -999;   -0.6;   82.50;    1.2;   -3.2;   -5.8;eor
        400;20190202;-999;-999;-999;    3;   1.7;   4;-999;   1;  -999;   6.0;    -999;    0.5;   94.33;    1.0;    0.2;    0.0;eor
        400;20190203;-999;-999;-999;    3;   0.1;   4;-999;   0;  -999;   6.2;    -999;    1.1;   94.04;    1.8;   -0.5;   -2.0;eor
        400;20190204;-999;-999;-999;    3;   0.2;   4;-999;   0;  -999;   5.4;    -999;    1.1;   82.00;    5.6;   -1.7;   -3.9;eor
        400;20190205;-999;-999;-999;    3;   0.0;   0;-999;   0;  -999;   5.5;    -999;    2.3;   76.42;    3.8;    0.0;   -1.9;eor
        400;20190206;-999;-999;-999;    3;   0.0;   0;-999;   0;  -999;   5.7;    -999;    3.4;   73.67;    7.1;    0.0;   -3.5;eor
        400;20190207;-999;-999;-999;    3;   0.1;   4;-999;   0;  -999;   5.1;    -999;    2.6;   70.08;    5.5;   -0.7;   -2.5;eor
        400;20190208;-999;-999;-999;    3;   0.0;   0;-999;   0;  -999;   6.6;    -999;    5.4;   74.38;    8.6;    1.2;   -2.7;eor
        400;20190209;-999;-999;-999;    3;   2.0;   4;-999;   0;  -999;   6.7;    -999;    7.5;   65.33;   11.0;    4.7;    2.4;eor
        400;20190210;-999;-999;-999;    3;  12.2;   4;-999;   0;  -999;   8.1;    -999;    6.5;   83.54;    8.6;    4.4;    1.6;eor
        400;20190211;-999;-999;-999;    3;   0.3;   4;-999;   0;  -999;   6.1;    -999;    4.4;   73.42;    7.9;    1.0;    0.2;eor
        400;20190212;-999;-999;-999;    3;   0.4;   4;-999;   0;  -999;   5.2;    -999;    3.1;   68.54;    6.1;    1.0;   -2.3;eor
        400;20190213;-999;-999;-999;    3;   0.1;   4;-999;   0;  -999;   8.4;    -999;    6.2;   88.58;    8.0;    3.1;    2.2;eor
        400;20190214;-999;-999;-999;    3;   0.0;   0;-999;   0;  -999;   7.8;    -999;    6.2;   82.67;   10.6;    0.0;   -3.6;eor
        400;20190215;-999;-999;-999;    3;   0.0;   0;-999;   0;  -999;   5.6;    -999;    4.0;   72.96;   13.9;   -2.2;   -4.7;eor
        400;20190216;-999;-999;-999;    3;   0.0;   0;-999;   0;  -999;   5.6;    -999;    6.0;   64.88;   16.2;   -0.9;   -4.3;eor
        400;20190217;-999;-999;-999;    3;   0.0;   0;-999;   0;  -999;   6.4;    -999;    5.1;   74.67;   12.8;   -1.0;   -3.6;eor
        400;20190218;-999;-999;-999;    3;   0.0;   0;-999;   0;  -999;   6.3;    -999;    5.7;   71.92;   15.4;   -0.7;   -4.1;eor
        400;20190219;-999;-999;-999;    3;   0.9;   4;-999;   0;  -999;   6.9;    -999;    5.9;   74.46;    9.5;    0.3;   -3.7;eor
        400;20190220;-999;-999;-999;    3;   0.4;   4;-999;   0;  -999;   7.5;    -999;    7.6;   72.38;   10.0;    5.3;    2.2;eor
        400;20190221;-999;-999;-999;    3;   4.8;   4;-999;   0;  -999;   8.7;    -999;    8.2;   79.67;   10.8;    6.3;    4.7;eor
        400;20190222;-999;-999;-999;    3;   0.0;   0;-999;   0;  -999;   5.4;    -999;    2.9;   67.67;    8.3;   -2.5;   -5.8;eor
        400;20190223;-999;-999;-999;    3;   0.0;   0;-999;   0;  -999;   3.1;    -999;   -0.1;   53.79;    5.3;   -3.9;   -6.1;eor
        400;20190224;-999;-999;-999;    3;   0.0;   0;-999;   0;  -999;   3.6;    -999;    3.6;   50.63;   12.4;   -2.3;   -4.6;eor
        400;20190225;-999;-999;-999;    3;   0.0;   0;-999;   0;  -999;   6.0;    -999;    5.9;   63.75;   13.8;   -2.1;   -5.0;eor
        400;20190226;-999;-999;-999;    3;   0.0;   0;-999;   0;  -999;   7.0;    -999;    5.7;   76.38;   11.1;    0.5;   -2.3;eor
        400;20190227;-999;-999;-999;    3;   0.0;   0;-999;   0;  -999;   5.8;    -999;    7.0;   63.50;   16.1;   -0.8;   -3.0;eor
        400;20190228;-999;-999;-999;    3;   0.0;   0;-999;   0;  -999;   7.1;    -999;    7.6;   67.83;   11.9;    4.3;    0.5;eor
        400;20190301;-999;-999;-999;    3;   0.0;   0;-999;   0;  -999;   6.3;    -999;    4.3;   76.04;    5.5;    2.7;   -0.4;eor
        400;20190302;-999;-999;-999;    3;   0.5;   4;-999;   0;  -999;   5.8;    -999;    3.9;   71.50;    5.9;    2.4;   -1.8;eor
        400;20190303;-999;-999;-999;    3;   2.5;   4;-999;   0;  -999;   9.5;    -999;    8.7;   84.08;   11.4;    3.9;    1.2;eor
        400;20190304;-999;-999;-999;    3;   3.5;   4;-999;   0;  -999;   8.3;    -999;    9.7;   69.00;   14.8;    6.1;    4.7;eor
        400;20190305;-999;-999;-999;    3;   1.9;   4;-999;   0;  -999;   6.7;    -999;    6.3;   70.83;    9.2;    2.5;   -1.5;eor
        400;20190306;-999;-999;-999;    3;   1.0;   4;-999;   0;  -999;   6.7;    -999;    6.6;   70.50;   12.5;   -0.5;   -3.3;eor
        400;20190307;-999;-999;-999;    3;   0.1;   4;-999;   0;  -999;   8.2;    -999;   10.4;   65.67;   16.7;    7.3;    5.4;eor
        400;20190308;-999;-999;-999;    3;   0.4;   4;-999;   0;  -999;   6.6;    -999;    7.9;   62.21;   10.3;    5.1;    1.1;eor
        400;20190309;-999;-999;-999;    3;   5.5;   4;-999;   0;  -999;   7.3;    -999;    7.3;   72.33;   11.9;    4.4;    2.9;eor
        400;20190310;-999;-999;-999;    3;  12.8;   4;-999;   0;  -999;   6.7;    -999;    4.6;   79.42;    8.0;    0.6;    0.0;eor
        400;20190311;-999;-999;-999;    3;   5.6;   4;-999;   0;  -999;   6.4;    -999;    2.5;   88.17;    4.6;    0.6;   -1.1;eor
        400;20190312;-999;-999;-999;    3;   0.8;   4;-999;   0;  -999;   6.2;    -999;    5.1;   71.88;    9.3;    0.9;    0.0;eor
        400;20190313;-999;-999;-999;    3;   1.0;   4;-999;   0;  -999;   6.1;    -999;    7.4;   60.21;   10.5;    5.1;    3.5;eor
        400;20190314;-999;-999;-999;    3;   7.7;   4;-999;   0;  -999;   7.7;    -999;    5.7;   83.92;    8.8;    4.0;    2.9;eor
        400;20190315;-999;-999;-999;    3;   1.8;   4;-999;   0;  -999;   7.8;    -999;    7.3;   76.54;    9.7;    5.5;    4.6;eor
        400;20190316;-999;-999;-999;    3;   4.3;   4;-999;   0;  -999;   7.6;    -999;    6.7;   77.08;    9.2;    4.8;    3.9;eor
        400;20190317;-999;-999;-999;    3;   1.0;   4;-999;   0;  -999;   8.0;    -999;    8.6;   72.04;   13.3;    4.5;    2.3;eor
        400;20190318;-999;-999;-999;    3;   0.5;   4;-999;   0;  -999;   6.4;    -999;    5.3;   71.33;    9.0;    3.5;    1.3;eor
        400;20190319;-999;-999;-999;    3;   0.0;   0;-999;   0;  -999;   5.9;    -999;    4.4;   71.42;    8.9;   -0.9;   -4.1;eor
        400;20190320;-999;-999;-999;    3;   0.0;   0;-999;   0;  -999;   6.6;    -999;    6.7;   68.92;   13.1;   -2.3;   -5.5;eor
        400;20190321;-999;-999;-999;    3;   0.0;   0;-999;   0;  -999;   9.7;    -999;    9.4;   82.75;   12.3;    4.9;    1.2;eor
        400;20190322;-999;-999;-999;    3;   0.0;   0;-999;   0;  -999;  10.0;    -999;    8.5;   89.67;   10.2;    6.0;    1.4;eor
        400;20190323;-999;-999;-999;    3;   0.0;   0;-999;   0;  -999;   9.6;    -999;    9.7;   81.00;   16.4;    4.8;    2.6;eor
        400;20190324;-999;-999;-999;    3;   0.0;   0;-999;   0;  -999;   6.2;    -999;    6.4;   66.79;   12.2;    0.6;   -2.3;eor
        400;20190325;-999;-999;-999;    3;   3.4;   4;-999;   0;  -999;   6.5;    -999;    4.7;   76.38;    9.1;    0.9;   -2.6;eor
        400;20190326;-999;-999;-999;    3;   1.6;   4;-999;   0;  -999;   6.5;    -999;    4.6;   77.21;    8.8;    0.9;   -2.2;eor
        400;20190327;-999;-999;-999;    3;   1.3;   4;-999;   0;  -999;   8.5;    -999;    6.9;   85.25;   10.0;    2.2;   -1.9;eor
        400;20190328;-999;-999;-999;    3;   0.2;   4;-999;   0;  -999;  10.6;    -999;    8.9;   93.21;   10.7;    8.0;    7.6;eor
        400;20190329;-999;-999;-999;    3;   0.0;   0;-999;   0;  -999;  10.0;    -999;    9.7;   83.46;   12.5;    4.4;    0.4;eor
        400;20190330;-999;-999;-999;    3;   0.0;   0;-999;   0;  -999;   8.3;    -999;   10.8;   68.71;   18.9;    3.0;   -0.8;eor
        400;20190331;-999;-999;-999;    3;   0.0;   0;-999;   0;  -999;   6.5;    -999;    7.7;   61.92;   12.7;   -1.0;   -4.8;eor
        400;20190401;-999;-999;-999;    3;   0.0;   0;-999;   0;  -999;   4.4;    -999;    4.9;   54.46;   11.6;   -3.0;   -6.5;eor
        400;20190402;-999;-999;-999;    3;   0.0;   0;-999;   0;  -999;   5.5;    -999;    8.5;   49.67;   15.3;    1.7;   -2.1;eor
        400;20190403;-999;-999;-999;    3;   0.0;   0;-999;   0;  -999;   8.1;    -999;   13.4;   54.21;   19.4;    7.2;    4.6;eor
        400;20190404;-999;-999;-999;    3;   0.0;   0;-999;   0;  -999;   8.4;    -999;   14.6;   51.79;   20.9;    8.2;    5.3;eor
        400;20190405;-999;-999;-999;    3;   0.0;   0;-999;   0;  -999;   9.3;    -999;   11.6;   67.83;   15.0;    8.7;    4.8;eor
        400;20190406;-999;-999;-999;    3;   0.0;   0;-999;   0;  -999;   8.5;    -999;   15.2;   51.83;   21.9;    8.4;    3.3;eor
        400;20190407;-999;-999;-999;    3;   0.0;   0;-999;   0;  -999;   7.1;    -999;   13.6;   48.29;   20.4;    6.4;    2.6;eor
        400;20190408;-999;-999;-999;    3;   0.0;   0;-999;   0;  -999;   7.0;    -999;   11.7;   54.13;   20.2;    4.3;    0.1;eor
        400;20190409;-999;-999;-999;    3;   0.0;   0;-999;   0;  -999;   5.8;    -999;    6.6;   61.67;   12.2;    2.6;   -0.6;eor
        400;20190410;-999;-999;-999;    3;   0.0;   0;-999;   0;  -999;   4.9;    -999;    5.1;   58.04;   10.2;    0.7;   -1.7;eor
        400;20190411;-999;-999;-999;    3;   0.0;   0;-999;   0;  -999;   4.9;    -999;    3.5;   63.00;    6.8;   -0.2;   -1.9;eor
        400;20190412;-999;-999;-999;    3;   0.0;   0;-999;   0;  -999;   5.1;    -999;    3.3;   66.00;    5.5;    2.0;    1.6;eor
        400;20190413;-999;-999;-999;    3;   0.5;   4;-999;   0;  -999;   4.9;    -999;    4.6;   58.67;    8.1;    1.9;    0.9;eor
        400;20190414;-999;-999;-999;    3;   0.6;   4;-999;   0;  -999;   6.8;    -999;    5.9;   73.83;   10.2;    2.4;    1.9;eor
        400;20190415;-999;-999;-999;    3;   0.0;   0;-999;   0;  -999;   5.1;    -999;    7.6;   52.50;   14.1;    0.9;   -1.2;eor
        400;20190416;-999;-999;-999;    3;   0.0;   0;-999;   0;  -999;   4.9;    -999;    9.1;   46.04;   16.3;    0.7;   -2.8;eor
        400;20190417;-999;-999;-999;    3;   0.0;   0;-999;   0;  -999;   6.4;    -999;   11.5;   47.67;   18.5;    2.2;   -2.2;eor
        400;20190418;-999;-999;-999;    3;   0.0;   0;-999;   0;  -999;   6.6;    -999;   14.1;   45.38;   22.1;    5.2;    1.0;eor
        400;20190419;-999;-999;-999;    3;   0.0;   0;-999;   0;  -999;   6.2;    -999;   15.4;   37.54;   22.9;    7.1;    3.0;eor
        400;20190420;-999;-999;-999;    3;   0.0;   0;-999;   0;  -999;   6.7;    -999;   13.0;   48.83;   22.2;    3.6;    0.1;eor
        400;20190421;-999;-999;-999;    3;   0.0;   0;-999;   0;  -999;   6.6;    -999;   13.4;   46.04;   21.6;    4.0;   -0.2;eor
        400;20190422;-999;-999;-999;    3;   0.0;   0;-999;   0;  -999;   6.8;    -999;   12.8;   47.21;   18.9;    4.6;    0.3;eor
        400;20190423;-999;-999;-999;    3;   0.0;   0;-999;   0;  -999;   8.4;    -999;   14.5;   51.13;   19.6;    9.6;    7.6;eor
        400;20190424;-999;-999;-999;    3;   0.0;   0;-999;   0;  -999;  11.1;    -999;   17.1;   57.92;   23.7;   12.3;   10.2;eor
        400;20190425;-999;-999;-999;    3;   0.0;   0;-999;   0;  -999;   9.8;    -999;   18.7;   49.50;   26.0;   13.0;   10.3;eor
        400;20190426;-999;-999;-999;    3;   9.2;   4;-999;   0;  -999;  11.9;    -999;   19.4;   54.00;   26.5;   10.4;    9.2;eor
        400;20190427;-999;-999;-999;    3;   0.3;   4;-999;   0;  -999;  10.5;    -999;   12.8;   72.83;   19.2;    8.9;    6.3;eor
        400;20190428;-999;-999;-999;    3;   1.4;   4;-999;   0;  -999;   9.7;    -999;   10.1;   78.67;   13.2;    8.3;    7.1;eor
        400;20190429;-999;-999;-999;    3;   2.6;   4;-999;   0;  -999;   9.6;    -999;   10.4;   76.54;   18.1;    4.7;    1.7;eor
        400;20190430;-999;-999;-999;    3;   0.6;   4;-999;   0;  -999;   5.9;    -999;   10.9;   50.71;   18.9;    2.4;    0.3;eor
        400;20190501;-999;-999;-999;    3;   0.5;   4;-999;-999;  -999;  10.0;    -999;   12.3;   70.71;   17.1;    7.3;    5.3;eor
        400;20190502;-999;-999;-999;    3;   0.1;   4;-999;-999;  -999;   9.1;    -999;   10.0;   73.92;   13.1;    6.5;    4.6;eor
        400;20190503;-999;-999;-999;    3;   0.1;   4;-999;-999;  -999;   6.1;    -999;    8.3;   56.54;   11.8;    5.0;    2.6;eor
        400;20190504;-999;-999;-999;    3;   0.0;   0;-999;-999;  -999;   6.0;    -999;    6.6;   62.88;   11.5;    0.1;   -3.0;eor
        400;20190505;-999;-999;-999;    3;   0.0;   0;-999;-999;  -999;   5.5;    -999;    6.0;   62.08;   12.9;   -1.5;   -4.4;eor
        400;20190506;-999;-999;-999;    3;   0.5;   4;-999;-999;  -999;   6.5;    -999;    7.8;   62.33;   13.6;    2.2;   -2.0;eor
        400;20190507;-999;-999;-999;    3;   0.0;   0;-999;-999;  -999;   6.2;    -999;    8.2;   60.13;   14.1;    1.8;   -1.3;eor
        400;20190508;-999;-999;-999;    3;   0.8;   4;-999;-999;  -999;   6.9;    -999;   11.8;   53.46;   18.6;    1.2;   -2.4;eor
        400;20190509;-999;-999;-999;    3;   0.7;   4;-999;-999;  -999;  11.1;    -999;   13.3;   73.54;   17.6;    8.8;    5.1;eor
        400;20190510;-999;-999;-999;    3;   0.1;   4;-999;-999;  -999;  10.7;    -999;   12.2;   76.67;   17.7;    5.7;    2.3;eor
        400;20190511;-999;-999;-999;    3;   0.4;   4;-999;-999;  -999;   8.5;    -999;   11.0;   67.13;   16.0;    4.0;    0.7;eor
        400;20190512;-999;-999;-999;    3;   0.0;   0;-999;-999;  -999;   6.5;    -999;   11.3;   51.08;   17.4;    3.5;   -1.2;eor
        400;20190513;-999;-999;-999;    3;   0.0;   0;-999;-999;  -999;   6.1;    -999;    9.6;   54.42;   16.3;    3.1;   -1.3;eor
        400;20190514;-999;-999;-999;    3;   0.0;   0;-999;-999;  -999;   6.0;    -999;    8.2;   57.79;   13.7;    2.6;   -2.0;eor
        400;20190515;-999;-999;-999;    3;   2.5;   4;-999;-999;  -999;   6.1;    -999;    8.3;   57.58;   14.0;    0.0;   -3.9;eor
        400;20190516;-999;-999;-999;    3;   7.9;   4;-999;-999;  -999;  11.3;    -999;    9.5;   94.00;   12.0;    6.8;    4.1;eor
        400;20190517;-999;-999;-999;    3;   0.0;   0;-999;-999;  -999;  11.4;    -999;   13.7;   74.21;   20.2;    4.8;    2.3;eor
        400;20190518;-999;-999;-999;    3;   0.0;   0;-999;-999;  -999;  12.3;    -999;   17.6;   65.13;   24.9;    9.6;    6.2;eor
        400;20190519;-999;-999;-999;    3;   0.0;   0;-999;-999;  -999;  13.6;    -999;   18.7;   65.71;   26.3;    9.5;    6.4;eor
        400;20190520;-999;-999;-999;    3;  10.6;   4;-999;-999;  -999;  16.2;    -999;   18.2;   79.96;   25.5;   12.9;   10.0;eor
        400;20190521;-999;-999;-999;    3;   7.6;   4;-999;-999;  -999;  14.9;    -999;   18.0;   75.58;   25.6;   12.2;    8.8;eor
        400;20190522;-999;-999;-999;    3;   0.3;   4;-999;-999;  -999;  13.2;    -999;   12.8;   88.71;   15.5;   11.6;   11.0;eor
        400;20190523;-999;-999;-999;    3;   0.0;   0;-999;-999;  -999;  10.1;    -999;   14.0;   65.63;   19.7;    8.4;    6.2;eor
        400;20190524;-999;-999;-999;    3;   0.0;   0;-999;-999;  -999;  10.5;    -999;   17.1;   57.88;   23.4;    7.9;    5.0;eor
        400;20190525;-999;-999;-999;    3;   0.0;   0;-999;-999;  -999;  10.1;    -999;   13.0;   68.04;   15.6;    9.4;    5.3;eor
        400;20190526;-999;-999;-999;    3;   0.0;   0;-999;-999;  -999;  10.9;    -999;   15.8;   62.46;   21.1;    7.0;    3.4;eor
        400;20190527;-999;-999;-999;    3;   0.2;   4;-999;-999;  -999;  13.6;    -999;   18.1;   65.63;   21.5;   15.3;   12.7;eor
        400;20190528;-999;-999;-999;    3;   0.0;   0;-999;-999;  -999;  11.2;    -999;   15.0;   67.17;   19.6;    7.2;    3.0;eor
        400;20190529;-999;-999;-999;    3;   0.0;   0;-999;-999;  -999;   7.6;    -999;   12.0;   57.00;   18.3;    5.7;    1.3;eor
        400;20190530;-999;-999;-999;    3;   0.0;   0;-999;-999;  -999;   9.3;    -999;   15.6;   55.33;   23.4;    4.8;    0.5;eor
        400;20190531;-999;-999;-999;    3;   3.6;   4;-999;-999;  -999;  15.9;    -999;   18.1;   77.92;   24.3;   11.7;    8.0;eor
        400;20190601;-999;-999;-999;    3;   0.0;   0;-999;-999;  -999;  15.7;    -999;   20.7;   68.50;   27.8;   14.1;   10.8;eor
        400;20190602;-999;-999;-999;    3;   0.0;   0;-999;-999;  -999;  15.1;    -999;   22.6;   58.88;   31.2;   13.4;   10.2;eor
        400;20190603;-999;-999;-999;    3;   3.2;   4;-999;-999;  -999;  15.0;    -999;   24.6;   55.00;   34.0;   15.9;   11.5;eor
        400;20190604;-999;-999;-999;    3;   0.0;   0;-999;-999;  -999;  16.6;    -999;   23.2;   62.25;   30.8;   15.4;   13.3;eor
        400;20190605;-999;-999;-999;    3;   0.0;   0;-999;-999;  -999;  15.8;    -999;   26.4;   49.79;   33.7;   17.8;   13.7;eor
        400;20190606;-999;-999;-999;    3;  15.5;   4;-999;-999;  -999;  17.7;    -999;   21.6;   71.38;   32.3;   14.9;   14.8;eor
        400;20190607;-999;-999;-999;    3;   0.6;   4;-999;-999;  -999;  14.7;    -999;   19.5;   67.00;   25.7;   12.6;   10.9;eor
        400;20190608;-999;-999;-999;    3;   0.0;   0;-999;-999;  -999;  11.2;    -999;   17.9;   55.83;   22.7;   11.7;    6.7;eor
        400;20190609;-999;-999;-999;    3;   4.8;   4;-999;-999;  -999;  10.1;    -999;   19.0;   48.79;   25.8;    9.6;    5.5;eor
        400;20190610;-999;-999;-999;    3;   1.7;   4;-999;-999;  -999;  17.4;    -999;   20.8;   71.21;   26.9;   14.4;   14.0;eor
        400;20190611;-999;-999;-999;    3;  54.9;   4;-999;-999;  -999;  20.7;    -999;   23.5;   73.83;   29.2;   16.8;   15.4;eor
        400;20190612;-999;-999;-999;    3;   7.3;   4;-999;-999;  -999;  20.0;    -999;   22.3;   77.08;   33.5;   16.5;   15.8;eor
        400;20190613;-999;-999;-999;    3;   0.0;   0;-999;-999;  -999;  15.0;    -999;   19.1;   70.42;   25.6;   14.0;   12.3;eor
        400;20190614;-999;-999;-999;    3;   0.0;   0;-999;-999;  -999;  14.8;    -999;   22.9;   56.00;   30.0;   13.3;   10.8;eor
        400;20190615;-999;-999;-999;    3;   0.0;   0;-999;-999;  -999;  19.0;    -999;   25.0;   60.25;   32.2;   17.6;   16.1;eor
        400;20190616;-999;-999;-999;    3;   0.0;   0;-999;-999;  -999;  14.2;    -999;   18.7;   66.83;   23.0;   14.1;   11.5;eor
        400;20190617;-999;-999;-999;    3;   0.0;   0;-999;-999;  -999;  14.2;    -999;   21.0;   59.75;   27.6;   14.7;   13.5;eor
        400;20190618;-999;-999;-999;    3;   0.0;   0;-999;-999;  -999;  14.1;    -999;   23.2;   53.38;   29.9;   15.1;   11.7;eor
        400;20190619;-999;-999;-999;    3;   1.6;   4;-999;-999;  -999;  17.0;    -999;   23.8;   58.67;   30.8;   17.0;   12.7;eor
        400;20190620;-999;-999;-999;    3;   1.8;   4;-999;-999;  -999;  17.9;    -999;   21.7;   69.67;   26.6;   17.6;   14.6;eor
        400;20190621;-999;-999;-999;    3;   0.0;   0;-999;-999;  -999;  15.3;    -999;   20.1;   66.92;   25.1;   14.9;   11.2;eor
        400;20190622;-999;-999;-999;    3;   0.0;   0;-999;-999;  -999;  13.6;    -999;   20.0;   60.21;   25.9;   13.9;   11.3;eor
        400;20190623;-999;-999;-999;    3;   0.0;   0;-999;-999;  -999;  12.7;    -999;   20.8;   53.00;   28.0;   12.9;    9.6;eor
        400;20190624;-999;-999;-999;    3;   0.0;   0;-999;-999;  -999;  11.9;    -999;   22.5;   48.17;   29.3;   14.0;   10.6;eor
        400;20190625;-999;-999;-999;    3;   0.0;   0;-999;-999;  -999;  14.3;    -999;   25.9;   44.92;   33.9;   17.6;   13.3;eor
        400;20190626;-999;-999;-999;    3;   0.0;   0;-999;-999;  -999;  18.9;    -999;   28.5;   50.88;   36.6;   19.5;   15.5;eor
        400;20190627;-999;-999;-999;    3;   0.0;   0;-999;-999;  -999;  12.6;    -999;   19.9;   55.83;   26.0;   14.5;   10.2;eor
        400;20190628;-999;-999;-999;    3;   0.0;   0;-999;-999;  -999;  13.1;    -999;   18.3;   64.46;   25.3;   12.0;    7.8;eor
        400;20190629;-999;-999;-999;    3;   0.0;   0;-999;-999;  -999;  13.0;    -999;   21.8;   55.75;   31.3;   11.7;    8.0;eor
        400;20190630;-999;-999;-999;    3;   0.0;   0;-999;-999;  -999;  12.8;    -999;   27.7;   40.04;   37.7;   14.8;   10.1;eor
        400;20190701;-999;-999;-999;    3;   0.0;   0;-999;-999;  -999;  12.4;    -999;   22.4;   47.04;   28.4;   16.1;   11.4;eor
        400;20190702;-999;-999;-999;    3;   0.0;   0;-999;-999;  -999;  10.1;    -999;   17.3;   52.08;   21.4;   11.9;    7.9;eor
        400;20190703;-999;-999;-999;    3;   0.0;   0;-999;-999;  -999;   9.4;    -999;   14.9;   56.63;   19.9;    8.8;    3.8;eor
        400;20190704;-999;-999;-999;    3;   0.1;   4;-999;-999;  -999;   9.5;    -999;   16.5;   52.79;   22.6;    8.3;    3.0;eor
        400;20190705;-999;-999;-999;    3;   0.0;   0;-999;-999;  -999;  12.6;    -999;   17.9;   61.58;   20.8;   15.3;   11.7;eor
        400;20190706;-999;-999;-999;    3;   3.7;   4;-999;-999;  -999;  14.6;    -999;   17.4;   74.17;   21.9;   12.6;   10.9;eor
        400;20190707;-999;-999;-999;    3;   0.0;   0;-999;-999;  -999;  10.4;    -999;   14.8;   62.92;   18.5;   11.2;    8.9;eor
        400;20190708;-999;-999;-999;    3;   0.0;   0;-999;-999;  -999;  10.4;    -999;   14.3;   63.96;   19.3;   11.1;    8.7;eor
        400;20190709;-999;-999;-999;    3;   0.0;   0;-999;-999;  -999;  10.7;    -999;   14.6;   65.46;   19.6;    9.2;    7.0;eor
        400;20190710;-999;-999;-999;    3;   0.0;   0;-999;-999;  -999;  11.8;    -999;   16.1;   66.38;   23.3;   10.5;    6.6;eor
        400;20190711;-999;-999;-999;    3;   2.5;   4;-999;-999;  -999;  11.3;    -999;   18.4;   57.58;   26.2;    8.7;    4.9;eor
        400;20190712;-999;-999;-999;    3;   7.1;   4;-999;-999;  -999;  16.9;    -999;   17.0;   87.71;   21.2;   14.1;   12.7;eor
        400;20190713;-999;-999;-999;    3;   1.4;   4;-999;-999;  -999;  15.5;    -999;   19.4;   71.96;   26.0;   14.3;   13.6;eor
        400;20190714;-999;-999;-999;    3;   0.0;   4;-999;-999;  -999;  15.2;    -999;   17.0;   79.29;   22.1;   13.5;   11.5;eor
        400;20190715;-999;-999;-999;    3;   0.0;   0;-999;-999;  -999;  12.5;    -999;   15.5;   71.46;   17.6;   12.6;   10.8;eor
        400;20190716;-999;-999;-999;    3;   0.0;   0;-999;-999;  -999;  13.0;    -999;   16.7;   68.88;   22.0;   12.6;   10.4;eor
        400;20190717;-999;-999;-999;    3;   0.0;   0;-999;-999;  -999;  12.7;    -999;   16.8;   69.42;   24.7;   10.8;    8.2;eor
        400;20190718;-999;-999;-999;    3;   0.0;   0;-999;-999;  -999;  11.3;    -999;   20.0;   52.54;   27.8;   10.8;    8.4;eor
        400;20190719;-999;-999;-999;    3;   4.6;   4;-999;-999;  -999;  15.8;    -999;   19.4;   70.58;   25.6;   15.0;   13.3;eor
        400;20190720;-999;-999;-999;    3;  13.2;   4;-999;-999;  -999;  15.8;    -999;   22.5;   64.17;   30.3;   14.2;   12.2;eor
        400;20190721;-999;-999;-999;    3;   0.0;   0;-999;-999;  -999;  16.5;    -999;   20.5;   71.04;   26.5;   15.2;   13.1;eor
        400;20190722;-999;-999;-999;    3;   0.0;   4;-999;-999;  -999;  16.0;    -999;   19.3;   73.21;   24.7;   13.4;   11.5;eor
        400;20190723;-999;-999;-999;    3;   0.0;   0;-999;-999;  -999;  17.9;    -999;   23.3;   65.71;   30.8;   16.2;   13.9;eor
        400;20190724;-999;-999;-999;    3;   0.0;   0;-999;-999;  -999;  15.9;    -999;   24.6;   56.88;   32.8;   15.8;   13.6;eor
        400;20190725;-999;-999;-999;    3;   0.0;   0;-999;-999;  -999;  16.1;    -999;   25.8;   53.04;   33.7;   17.4;   14.9;eor
        400;20190726;-999;-999;-999;    3;   0.0;   0;-999;-999;  -999;  15.2;    -999;   24.3;   53.58;   31.1;   16.7;   14.3;eor
        400;20190727;-999;-999;-999;    3;   0.0;   0;-999;-999;  -999;  14.5;    -999;   23.2;   52.42;   28.5;   18.5;   16.9;eor
        400;20190728;-999;-999;-999;    3;   0.0;   0;-999;-999;  -999;  16.7;    -999;   25.0;   54.96;   31.7;   17.8;   15.9;eor
        400;20190729;-999;-999;-999;    3;  26.6;   4;-999;-999;  -999;  21.0;    -999;   25.2;   69.13;   33.9;   20.6;   19.5;eor
        400;20190730;-999;-999;-999;    3;   0.0;   0;-999;-999;  -999;  22.5;    -999;   22.6;   82.63;   27.4;   20.0;   19.0;eor
        400;20190731;-999;-999;-999;    3;  31.2;   4;-999;-999;  -999;  19.0;    -999;   19.9;   82.75;   24.4;   15.3;   14.1;eor
        400;20190801;-999;-999;-999;    3;  13.4;   4;-999;-999;  -999;  16.9;    -999;   18.4;   82.42;   25.2;   14.1;   12.9;eor
        400;20190802;-999;-999;-999;    3;   1.2;   4;-999;-999;  -999;  16.9;    -999;   17.9;   84.58;   25.6;   12.9;   11.6;eor
        400;20190803;-999;-999;-999;    3;   0.8;   4;-999;-999;  -999;  15.2;    -999;   18.9;   72.29;   26.1;   13.8;   12.4;eor
        400;20190804;-999;-999;-999;    3;   0.0;   0;-999;-999;  -999;  15.0;    -999;   18.2;   74.42;   24.3;   12.8;   11.4;eor
        400;20190805;-999;-999;-999;    3;   0.0;   0;-999;-999;  -999;  15.3;    -999;   19.8;   68.96;   26.3;   12.3;   10.9;eor
        400;20190806;-999;-999;-999;    3;   3.6;   4;-999;-999;  -999;  18.4;    -999;   20.8;   77.08;   28.1;   15.5;   13.2;eor
        400;20190807;-999;-999;-999;    3;   4.2;   4;-999;-999;  -999;  17.8;    -999;   20.3;   75.96;   25.9;   15.8;   13.9;eor
        400;20190808;-999;-999;-999;    3;   0.0;   0;-999;-999;  -999;  13.7;    -999;   19.9;   62.83;   26.8;   13.5;   11.6;eor
        400;20190809;-999;-999;-999;    3;   0.0;   0;-999;-999;  -999;  14.5;    -999;   20.8;   62.46;   27.8;   12.4;   10.5;eor
        400;20190810;-999;-999;-999;    3;   0.0;   0;-999;-999;  -999;  15.7;    -999;   23.6;   54.54;   28.5;   19.2;   15.5;eor
        400;20190811;-999;-999;-999;    3;   0.0;   0;-999;-999;  -999;  13.3;    -999;   22.2;   52.00;   28.6;   15.1;   12.1;eor
        400;20190812;-999;-999;-999;    3;   0.0;   0;-999;-999;  -999;  13.3;    -999;   19.8;   58.58;   23.0;   15.9;   13.3;eor
        400;20190813;-999;-999;-999;    3;   0.0;   0;-999;-999;  -999;  12.1;    -999;   17.5;   61.96;   22.4;   11.5;    8.1;eor
        400;20190814;-999;-999;-999;    3;   0.0;   0;-999;-999;  -999;  10.4;    -999;   15.5;   61.21;   22.4;   10.1;    6.9;eor
        400;20190815;-999;-999;-999;    3;   0.0;   0;-999;-999;  -999;  12.2;    -999;   17.4;   62.17;   22.5;    9.4;    6.4;eor
        400;20190816;-999;-999;-999;    3;   0.0;   0;-999;-999;  -999;  14.3;    -999;   17.4;   73.96;   23.7;   13.4;   10.2;eor
        400;20190817;-999;-999;-999;    3;   0.2;   4;-999;-999;  -999;  13.3;    -999;   20.0;   58.75;   27.4;   13.2;   10.1;eor
        400;20190818;-999;-999;-999;    3;   9.0;   4;-999;-999;  -999;  19.0;    -999;   19.8;   82.75;   24.8;   16.6;   14.3;eor
        400;20190819;-999;-999;-999;    3;   0.0;   0;-999;-999;  -999;  14.7;    -999;   18.1;   73.88;   24.3;   12.2;   10.2;eor
        400;20190820;-999;-999;-999;    3;   0.3;   4;-999;-999;  -999;  13.2;    -999;   18.2;   66.50;   25.3;   10.5;    8.1;eor
        400;20190821;-999;-999;-999;    3;   0.0;   0;-999;-999;  -999;  12.4;    -999;   16.9;   67.96;   23.6;   10.5;    8.4;eor
        400;20190822;-999;-999;-999;    3;   0.0;   0;-999;-999;  -999;  11.5;    -999;   18.1;   60.42;   26.4;    8.7;    6.7;eor
        400;20190823;-999;-999;-999;    3;   0.0;   0;-999;-999;  -999;  13.5;    -999;   20.0;   61.75;   28.4;   11.6;    8.8;eor
        400;20190824;-999;-999;-999;    3;   0.0;   0;-999;-999;  -999;  14.2;    -999;   21.5;   59.25;   29.4;   12.1;    9.4;eor
        400;20190825;-999;-999;-999;    3;   0.0;   0;-999;-999;  -999;  14.9;    -999;   24.0;   51.71;   31.0;   17.3;   14.4;eor
        400;20190826;-999;-999;-999;    3;   0.1;   4;-999;-999;  -999;  17.6;    -999;   23.7;   62.25;   32.0;   16.4;   13.4;eor
        400;20190827;-999;-999;-999;    3;   0.0;   0;-999;-999;  -999;  18.9;    -999;   24.4;   64.92;   32.4;   17.5;   15.3;eor
        400;20190828;-999;-999;-999;    3;   0.0;   0;-999;-999;  -999;  18.4;    -999;   25.4;   59.42;   33.3;   19.4;   15.7;eor
        400;20190829;-999;-999;-999;    3;   0.0;   0;-999;-999;  -999;  17.8;    -999;   23.6;   63.71;   30.3;   17.1;   14.1;eor
        400;20190830;-999;-999;-999;    3;   0.0;   0;-999;-999;  -999;  18.4;    -999;   23.6;   65.08;   29.8;   18.7;   16.2;eor
        400;20190831;-999;-999;-999;    3;   0.0;   0;-999;-999;  -999;  17.2;    -999;   25.7;   56.38;   33.6;   17.9;   15.2;eor
        400;20190901;-999;-999;-999;    3;   0.0;   0;-999;-999;  -999;  16.8;    -999;   23.2;   60.04;   30.0;   16.6;   15.1;eor
        400;20190902;-999;-999;-999;    3;   0.0;   0;-999;-999;  -999;  10.6;    -999;   16.2;   60.46;   21.4;    9.2;    5.9;eor
        400;20190903;-999;-999;-999;    3;   0.1;   4;-999;-999;  -999;  11.1;    -999;   15.0;   67.42;   21.1;    7.9;    4.7;eor
        400;20190904;-999;-999;-999;    3;   0.1;   4;-999;-999;  -999;  12.3;    -999;   18.6;   61.50;   26.9;   11.9;    8.0;eor
        400;20190905;-999;-999;-999;    3;   0.0;   0;-999;-999;  -999;  11.9;    -999;   16.9;   63.67;   21.6;   11.2;    8.5;eor
        400;20190906;-999;-999;-999;    3;   0.0;   0;-999;-999;  -999;   8.9;    -999;   13.7;   60.13;   20.9;    8.4;    4.1;eor
        400;20190907;-999;-999;-999;    3;   0.0;   0;-999;-999;  -999;   9.8;    -999;   13.5;   64.46;   19.5;    6.8;    3.1;eor
        400;20190908;-999;-999;-999;    3;   1.8;   4;-999;-999;  -999;  12.0;    -999;   15.3;   71.50;   21.0;   10.8;    8.6;eor
        400;20190909;-999;-999;-999;    3;  13.3;   4;-999;-999;  -999;  14.5;    -999;   13.6;   92.83;   14.7;   11.9;   11.7;eor
        400;20190910;-999;-999;-999;    3;   0.0;   0;-999;-999;  -999;  11.5;    -999;   14.8;   70.29;   19.5;    9.2;    6.1;eor
        400;20190911;-999;-999;-999;    3;   0.2;   4;-999;-999;  -999;  10.3;    -999;   15.2;   63.38;   22.3;    6.9;    4.3;eor
        400;20190912;-999;-999;-999;    3;   0.0;   0;-999;-999;  -999;  15.4;    -999;   17.0;   80.04;   22.0;   13.1;   10.2;eor
        400;20190913;-999;-999;-999;    3;   0.4;   4;-999;-999;  -999;  13.7;    -999;   15.7;   76.88;   22.5;    8.3;    5.3;eor
        400;20190914;-999;-999;-999;    3;   0.0;   0;-999;-999;  -999;   9.7;    -999;   11.9;   73.67;   19.1;    6.1;    2.9;eor
        400;20190915;-999;-999;-999;    3;   0.0;   0;-999;-999;  -999;  10.0;    -999;   15.5;   61.38;   23.1;    6.8;    3.8;eor
        400;20190916;-999;-999;-999;    3;   0.0;   0;-999;-999;  -999;  11.7;    -999;   14.1;   73.29;   17.6;   12.0;    9.1;eor
        400;20190917;-999;-999;-999;    3;   6.3;   4;-999;-999;  -999;  10.6;    -999;   11.2;   79.46;   15.7;    8.1;    5.9;eor
        400;20190918;-999;-999;-999;    3;   0.0;   0;-999;-999;  -999;   8.7;    -999;   10.9;   68.63;   16.1;    6.8;    4.8;eor
        400;20190919;-999;-999;-999;    3;   0.0;   0;-999;-999;  -999;   9.0;    -999;   10.1;   75.08;   16.5;    5.0;    1.8;eor
        400;20190920;-999;-999;-999;    3;   0.0;   0;-999;-999;  -999;   9.6;    -999;   10.7;   75.63;   16.2;    3.4;    0.6;eor
        400;20190921;-999;-999;-999;    3;   0.0;   0;-999;-999;  -999;  10.4;    -999;   13.7;   69.71;   21.6;    7.3;    4.5;eor
        400;20190922;-999;-999;-999;    3;   0.0;   0;-999;-999;  -999;  10.4;    -999;   15.3;   64.96;   24.8;    7.6;    3.2;eor
        400;20190923;-999;-999;-999;    3;   0.0;   0;-999;-999;  -999;  10.8;    -999;   16.2;   61.92;   23.0;    7.7;    3.7;eor
        400;20190924;-999;-999;-999;    3;   0.0;   0;-999;-999;  -999;  14.6;    -999;   14.8;   86.50;   18.0;   12.7;    9.6;eor
        400;20190925;-999;-999;-999;    3;   4.7;   4;-999;-999;  -999;  15.3;    -999;   14.8;   91.00;   17.9;   12.9;   10.5;eor
        400;20190926;-999;-999;-999;    3;   0.0;   0;-999;-999;  -999;  14.2;    -999;   14.6;   86.08;   20.1;    9.6;    7.5;eor
        400;20190927;-999;-999;-999;    3;  13.7;   4;-999;-999;  -999;  15.5;    -999;   14.2;   94.88;   16.9;   10.1;    6.9;eor
        400;20190928;-999;-999;-999;    3;  10.5;   4;-999;-999;  -999;  14.2;    -999;   13.9;   89.83;   19.1;    9.5;    6.3;eor
        400;20190929;-999;-999;-999;    3;  12.2;   4;-999;-999;  -999;  14.0;    -999;   14.2;   86.33;   15.5;   12.3;   10.0;eor
        400;20190930;-999;-999;-999;    3;   2.8;   4;-999;-999;  -999;  13.5;    -999;   14.4;   82.17;   16.4;   12.0;    9.9;eor
        400;20191001;-999;-999;-999;    3;  14.7;   4;-999;   0;  -999;  13.9;    -999;   13.7;   88.46;   17.2;   10.9;    9.3;eor
        400;20191002;-999;-999;-999;    3;   4.1;   4;-999;   0;  -999;  10.2;    -999;   10.0;   83.25;   13.9;    7.6;    5.1;eor
        400;20191003;-999;-999;-999;    3;   1.0;   4;-999;   0;  -999;  10.5;    -999;    9.3;   89.54;   12.8;    6.7;    4.8;eor
        400;20191004;-999;-999;-999;    3;  12.7;   4;-999;   0;  -999;   9.8;    -999;    8.6;   88.08;   11.9;    3.9;    1.6;eor
        400;20191005;-999;-999;-999;    3;   0.1;   4;-999;   0;  -999;   9.3;    -999;    8.3;   85.42;   12.5;    3.3;    0.8;eor
        400;20191006;-999;-999;-999;    3;   0.0;   0;-999;   0;  -999;   7.2;    -999;    5.1;   84.58;   11.6;    0.1;   -2.2;eor
        400;20191007;-999;-999;-999;    3;   0.0;   0;-999;   0;  -999;   6.8;    -999;    4.9;   81.42;   13.0;   -0.8;   -2.7;eor
        400;20191008;-999;-999;-999;    3;   2.5;   4;-999;   0;  -999;  11.1;    -999;    9.7;   89.96;   13.0;    4.4;    2.6;eor
        400;20191009;-999;-999;-999;    3;   1.0;   4;-999;   0;  -999;  11.5;    -999;   12.3;   81.33;   15.8;    9.6;    7.0;eor
        400;20191010;-999;-999;-999;    3;   0.6;   4;-999;   0;  -999;  10.7;    -999;   11.0;   81.33;   14.7;    9.4;    7.2;eor
        400;20191011;-999;-999;-999;    3;   0.0;   4;-999;   0;  -999;  11.6;    -999;   13.0;   77.08;   15.6;    9.4;    7.3;eor
        400;20191012;-999;-999;-999;    3;   0.0;   0;-999;   0;  -999;  13.0;    -999;   16.0;   72.21;   19.5;   12.5;    9.1;eor
        400;20191013;-999;-999;-999;    3;   0.9;   4;-999;   0;  -999;  16.1;    -999;   18.3;   76.88;   23.9;   12.1;    8.5;eor
        400;20191014;-999;-999;-999;    3;   0.0;   0;-999;   0;  -999;  15.2;    -999;   17.5;   76.58;   22.2;   13.1;    9.5;eor
        400;20191015;-999;-999;-999;    3;   0.0;   0;-999;   0;  -999;  14.8;    -999;   15.2;   86.92;   21.6;   10.9;    6.9;eor
        400;20191016;-999;-999;-999;    3;  11.8;   4;-999;   0;  -999;  13.0;    -999;   11.3;   96.63;   14.1;    8.8;    5.1;eor
        400;20191017;-999;-999;-999;    3;   0.8;   4;-999;   0;  -999;  13.0;    -999;   14.2;   80.42;   18.0;   11.3;    8.4;eor
        400;20191018;-999;-999;-999;    3;   2.0;   4;-999;   0;  -999;  13.4;    -999;   14.3;   82.79;   19.5;    8.3;    5.3;eor
        400;20191019;-999;-999;-999;    3;   0.0;   0;-999;   0;  -999;  12.0;    -999;   11.6;   87.63;   16.0;    8.0;    5.5;eor
        400;20191020;-999;-999;-999;    3;   0.0;   0;-999;   0;  -999;  13.2;    -999;   13.7;   84.96;   19.8;    9.8;    6.5;eor
        400;20191021;-999;-999;-999;    3;   0.0;   0;-999;   0;  -999;  14.3;    -999;   14.0;   89.71;   18.1;    9.7;    6.3;eor
        400;20191022;-999;-999;-999;    3;   0.0;   0;-999;   0;  -999;  12.3;    -999;   11.9;   88.79;   17.5;    6.7;    3.4;eor
        400;20191023;-999;-999;-999;    3;   0.2;   4;-999;   0;  -999;  12.0;    -999;   11.3;   89.42;   16.9;    5.4;    2.5;eor
        400;20191024;-999;-999;-999;    3;   0.1;   4;-999;   0;  -999;  14.2;    -999;   13.0;   95.04;   16.0;    9.3;    5.6;eor
        400;20191025;-999;-999;-999;    3;   0.0;   0;-999;   0;  -999;  12.3;    -999;   12.8;   84.88;   18.4;    9.4;    5.5;eor
        400;20191026;-999;-999;-999;    3;   0.0;   0;-999;   0;  -999;  12.0;    -999;   14.4;   73.21;   18.0;   10.7;    7.7;eor
        400;20191027;-999;-999;-999;    3;   1.6;   4;-999;   0;  -999;  10.1;    -999;   11.6;   73.38;   16.4;    6.7;    2.7;eor
        400;20191028;-999;-999;-999;    3;   0.1;   4;-999;   0;  -999;   8.7;    -999;    7.7;   82.92;   12.1;    4.1;    0.4;eor
        400;20191029;-999;-999;-999;    3;   0.0;   0;-999;   0;  -999;   7.5;    -999;    4.1;   91.08;   10.2;   -1.5;   -4.3;eor
        400;20191030;-999;-999;-999;    3;   0.0;   0;-999;   0;  -999;   5.7;    -999;    1.8;   84.21;    9.7;   -2.8;   -5.7;eor
        400;20191031;-999;-999;-999;    3;   0.0;   0;-999;   0;  -999;   5.4;    -999;    0.6;   86.08;    7.3;   -3.3;   -6.4;eor
        400;20191101;-999;-999;-999;    3;   2.5;   4;-999;   0;  -999;   6.2;    -999;    2.4;   85.67;    6.9;   -1.8;   -6.3;eor
        400;20191102;-999;-999;-999;    3;   0.6;   4;-999;   0;  -999;  11.8;    -999;   10.5;   91.92;   15.1;    6.2;    5.8;eor
        400;20191103;-999;-999;-999;    3;   3.2;   4;-999;   0;  -999;  12.2;    -999;   10.6;   94.54;   12.6;    6.9;    5.2;eor
        400;20191104;-999;-999;-999;    3;   6.3;   4;-999;   0;  -999;  11.5;    -999;    9.8;   95.42;   12.4;    7.5;    3.6;eor
        400;20191105;-999;-999;-999;    3;   1.4;   4;-999;   0;  -999;  10.6;    -999;    9.2;   91.17;   11.2;    7.0;    2.9;eor
        400;20191106;-999;-999;-999;    3;   2.8;   4;-999;   0;  -999;  10.2;    -999;    8.1;   94.21;    9.1;    5.8;    3.3;eor
        400;20191107;-999;-999;-999;    3;   0.0;   0;-999;   0;  -999;   9.7;    -999;    7.6;   92.63;   11.0;    5.3;    3.3;eor
        400;20191108;-999;-999;-999;    3;   1.9;   4;-999;   0;  -999;   9.2;    -999;    7.0;   91.42;   10.3;    3.0;    0.1;eor
        400;20191109;-999;-999;-999;    3;   1.3;   4;-999;   0;  -999;   9.5;    -999;    6.6;   97.29;    7.9;    2.4;   -0.8;eor
        400;20191110;-999;-999;-999;    3;   0.0;   0;-999;   0;  -999;   8.0;    -999;    4.6;   94.21;    8.2;    1.3;   -1.2;eor
        400;20191111;-999;-999;-999;    3;   0.0;   0;-999;   0;  -999;   6.9;    -999;    2.9;   91.63;    6.5;    0.8;   -1.3;eor
        400;20191112;-999;-999;-999;    3;   0.0;   0;-999;   0;  -999;   6.9;    -999;    4.1;   84.29;    7.0;    0.9;   -1.5;eor
        400;20191113;-999;-999;-999;    3;   0.0;   0;-999;   0;  -999;   7.4;    -999;    4.6;   87.71;    6.9;    2.0;   -0.8;eor
        400;20191114;-999;-999;-999;    3;   0.0;   0;-999;   0;  -999;   7.3;    -999;    5.1;   82.83;    8.7;    3.0;    0.0;eor
        400;20191115;-999;-999;-999;    3;   0.7;   4;-999;   0;  -999;   8.7;    -999;    6.8;   86.71;    9.1;    3.7;    3.3;eor
        400;20191116;-999;-999;-999;    3;   1.2;   4;-999;   0;  -999;   8.9;    -999;    6.3;   92.08;    9.3;    0.8;   -2.6;eor
        400;20191117;-999;-999;-999;    3;   0.8;   4;-999;   0;  -999;   7.9;    -999;    3.8;   96.96;    9.1;   -0.7;   -3.5;eor
        400;20191118;-999;-999;-999;    3;   0.4;   4;-999;   0;  -999;   9.6;    -999;    8.3;   87.46;   11.5;    4.0;    0.6;eor
        400;20191119;-999;-999;-999;    3;   7.2;   4;-999;   0;  -999;   7.4;    -999;    6.2;   77.71;    8.6;    4.3;    1.4;eor
        400;20191120;-999;-999;-999;    3;   0.0;   0;-999;   0;  -999;   8.6;    -999;    5.2;   97.79;    6.0;    4.7;    4.3;eor
        400;20191121;-999;-999;-999;    3;   6.2;   4;-999;   0;  -999;  10.5;    -999;    8.1;   96.21;    9.8;    6.0;    5.7;eor
        400;20191122;-999;-999;-999;    3;   0.0;   0;-999;   0;  -999;  10.6;    -999;    8.7;   94.54;   10.4;    6.9;    3.9;eor
        400;20191123;-999;-999;-999;    3;   0.0;   0;-999;   0;  -999;   8.0;    -999;    5.5;   88.29;    7.3;    3.2;    1.8;eor
        400;20191124;-999;-999;-999;    3;   0.0;   0;-999;   0;  -999;   7.5;    -999;    4.5;   89.04;    5.7;    3.2;    1.7;eor
        400;20191125;-999;-999;-999;    3;   0.0;   0;-999;   0;  -999;   7.6;    -999;    4.0;   93.63;    4.5;    3.2;    3.2;eor
        400;20191126;-999;-999;-999;    3;   0.0;   0;-999;   0;  -999;   8.5;    -999;    6.1;   89.96;    7.7;    4.1;    3.6;eor
        400;20191127;-999;-999;-999;    3;   2.2;   4;-999;   0;  -999;   8.8;    -999;    6.3;   92.17;    7.7;    4.5;    2.4;eor
        400;20191128;-999;-999;-999;    3;   3.0;   4;-999;   0;  -999;   9.5;    -999;    9.8;   78.96;   12.3;    7.0;    4.3;eor
        400;20191129;-999;-999;-999;    3;   0.0;   4;-999;   0;  -999;   7.0;    -999;    5.2;   78.00;    9.3;   -0.2;   -2.4;eor
        400;20191130;-999;-999;-999;    3;   0.0;   0;-999;   0;  -999;   6.0;    -999;    1.1;   89.75;    4.2;   -1.9;   -5.1;eor
        400;20191201;-999;-999;-999;    3;   0.1;   4;-999;   0;  -999;   6.9;    -999;    2.4;   95.63;    4.1;    1.4;    0.5;eor
        400;20191202;-999;-999;-999;    3;   0.1;   4;-999;   0;  -999;   6.9;    -999;    2.9;   91.54;    4.7;    0.8;   -0.7;eor
        400;20191203;-999;-999;-999;    3;   0.0;   4;-999;   0;  -999;   6.9;    -999;    2.2;   94.50;    5.8;   -2.8;   -6.0;eor
        400;20191204;-999;-999;-999;    3;   0.0;   0;-999;   0;  -999;   7.0;    -999;    4.0;   86.42;    6.4;   -1.1;   -4.6;eor
        400;20191205;-999;-999;-999;    3;   0.0;   0;-999;   0;  -999;   5.5;    -999;    0.6;   87.13;    3.9;   -2.2;   -5.5;eor
        400;20191206;-999;-999;-999;    3;   4.7;   4;-999;   0;  -999;   6.2;    -999;    2.2;   85.75;    5.4;   -0.5;   -3.6;eor
        400;20191207;-999;-999;-999;    3;   1.6;   4;-999;   0;  -999;   9.2;    -999;    7.7;   87.25;    9.6;    5.4;    4.8;eor
        400;20191208;-999;-999;-999;    3;   2.0;   4;-999;   0;  -999;   8.8;    -999;    8.7;   78.00;   10.9;    7.5;    5.4;eor
        400;20191209;-999;-999;-999;    3;   2.2;   4;-999;   0;  -999;   7.8;    -999;    7.2;   77.04;    9.5;    4.4;    1.6;eor
        400;20191210;-999;-999;-999;    3;   0.0;   0;-999;   0;  -999;   6.4;    -999;    2.8;   86.29;    5.1;    0.4;   -3.5;eor
        400;20191211;-999;-999;-999;    3;   1.0;   4;-999;   0;  -999;   5.2;    -999;    2.5;   71.42;    4.3;    0.6;   -2.3;eor
        400;20191212;-999;-999;-999;    3;   0.0;   4;-999;   0;  -999;   6.7;    -999;    2.2;   93.21;    4.0;    0.1;   -2.4;eor
        400;20191213;-999;-999;-999;    3;   0.4;   4;-999;   0;  -999;   5.7;    -999;    0.7;   89.08;    1.7;   -0.9;   -3.9;eor
        400;20191214;-999;-999;-999;    3;   4.5;   4;-999;   0;  -999;   7.1;    -999;    3.6;   89.71;    5.5;    1.6;    0.6;eor
        400;20191215;-999;-999;-999;    3;   2.9;   4;-999;   0;  -999;   7.0;    -999;    5.6;   77.04;    9.5;    1.8;   -1.2;eor
        400;20191216;-999;-999;-999;    3;   0.0;   4;-999;   0;  -999;   8.1;    -999;    5.7;   87.75;    7.4;    3.1;   -0.1;eor
        400;20191217;-999;-999;-999;    3;   0.0;   4;-999;   0;  -999;   8.5;    -999;    7.5;   82.25;   10.7;    3.6;   -0.1;eor
        400;20191218;-999;-999;-999;    3;   0.0;   0;-999;   0;  -999;   8.2;    -999;    7.5;   79.29;   12.0;    1.3;   -2.6;eor
        400;20191219;-999;-999;-999;    3;   0.0;   0;-999;   0;  -999;   8.2;    -999;    4.3;   97.79;    7.4;    0.6;   -1.5;eor
        400;20191220;-999;-999;-999;    3;   3.0;   4;-999;   0;  -999;   8.9;    -999;    6.3;   93.08;    9.6;    3.0;   -0.7;eor
        400;20191221;-999;-999;-999;    3;   0.0;   0;-999;   0;  -999;   9.0;    -999;    6.4;   93.00;    9.6;    2.1;   -2.4;eor
        400;20191222;-999;-999;-999;    3;   0.3;   4;-999;   0;  -999;   7.2;    -999;    2.4;   98.71;    4.7;    0.5;   -1.6;eor
        400;20191223;-999;-999;-999;    3;   1.3;   4;-999;   0;  -999;   8.7;    -999;    6.4;   90.21;    7.8;    4.3;    2.4;eor
        400;20191224;-999;-999;-999;    3;   3.8;   4;-999;   0;  -999;   8.2;    -999;    6.0;   87.67;    7.7;    4.6;    2.3;eor
        400;20191225;-999;-999;-999;    3;   0.7;   4;-999;   0;  -999;   8.4;    -999;    5.1;   95.58;    5.8;    4.2;    2.4;eor
        400;20191226;-999;-999;-999;    3;   3.7;   4;-999;   0;  -999;   7.9;    -999;    4.6;   93.21;    5.9;    3.7;    2.4;eor
        400;20191227;-999;-999;-999;    3;   0.0;   4;-999;   0;  -999;   7.0;    -999;    2.5;   94.96;    3.9;    0.6;   -0.8;eor
        400;20191228;-999;-999;-999;    3;   0.0;   0;-999;   0;  -999;   5.2;    -999;    0.8;   80.88;    2.1;   -2.5;   -4.4;eor
        400;20191229;-999;-999;-999;    3;   0.0;   0;-999;   0;  -999;   4.7;    -999;   -0.2;   79.29;    2.2;   -3.9;   -5.9;eor
        400;20191230;-999;-999;-999;    3;   0.0;   0;-999;   0;  -999;   4.2;    -999;    4.4;   51.04;    7.3;    1.6;   -2.7;eor
        400;20191231;-999;-999;-999;    3;   0.0;   0;-999;   0;  -999;   6.6;    -999;    5.7;   71.75;    7.4;    3.8;    0.6;eor
        400;20200101;-999;-999;-999;    3;   0.0;   0;-999;   0;  -999;   6.4;    -999;    1.7;   92.67;    4.4;   -2.9;   -7.8;eor
        400;20200102;-999;-999;-999;    3;   0.0;   0;-999;   0;  -999;   4.9;    -999;    0.0;   81.54;    5.8;   -4.2;   -8.5;eor
        400;20200103;-999;-999;-999;    3;   5.8;   4;-999;   0;  -999;   7.7;    -999;    4.6;   89.75;    7.1;    1.4;   -2.0;eor
        400;20200104;-999;-999;-999;    3;   3.4;   4;-999;   0;  -999;   7.0;    -999;    3.9;   86.58;    5.5;    1.2;   -0.5;eor
        400;20200105;-999;-999;-999;    3;   0.0;   0;-999;   0;  -999;   5.9;    -999;    1.2;   88.13;    3.7;   -1.1;   -4.4;eor
        400;20200106;-999;-999;-999;    3;   0.0;   0;-999;   0;  -999;   6.9;    -999;    5.0;   79.54;    6.6;    1.9;   -2.2;eor
        400;20200107;-999;-999;-999;    3;   0.4;   4;-999;   0;  -999;   6.9;    -999;    2.6;   92.79;    5.6;   -1.2;   -4.6;eor
        400;20200108;-999;-999;-999;    3;   2.5;   4;-999;   0;  -999;   8.4;    -999;    6.4;   86.50;    8.8;    3.7;    2.6;eor
        400;20200109;-999;-999;-999;    3;   4.2;   4;-999;   0;  -999;  10.7;    -999;    8.5;   96.13;   10.0;    7.4;    6.8;eor
        400;20200110;-999;-999;-999;    3;   1.2;   4;-999;   0;  -999;  10.3;    -999;    9.3;   87.38;   10.8;    4.5;    3.0;eor
        400;20200111;-999;-999;-999;    3;   0.0;   0;-999;   0;  -999;   6.9;    -999;    4.6;   81.00;    6.6;    2.8;    0.4;eor
        400;20200112;-999;-999;-999;    3;   0.0;   0;-999;   0;  -999;   6.2;    -999;    3.9;   76.29;    6.8;    1.6;   -1.6;eor
        400;20200113;-999;-999;-999;    3;   0.2;   4;-999;   0;  -999;   7.8;    -999;    5.7;   84.92;    7.3;    1.4;   -2.0;eor
        400;20200114;-999;-999;-999;    3;   0.0;   4;-999;   0;  -999;   7.4;    -999;    6.8;   75.29;   10.4;    1.8;   -1.1;eor
        400;20200115;-999;-999;-999;    3;   0.0;   0;-999;   0;  -999;   7.6;    -999;   10.3;   60.63;   13.4;    8.3;    4.8;eor
        400;20200116;-999;-999;-999;    3;   0.0;   0;-999;   0;  -999;   7.5;    -999;    6.4;   78.29;    9.9;    2.6;   -2.1;eor
        400;20200117;-999;-999;-999;    3;   0.1;   4;-999;   0;  -999;   6.9;    -999;    4.2;   84.00;    8.8;    1.3;   -2.1;eor
        400;20200118;-999;-999;-999;    3;   0.1;   4;-999;   0;  -999;   7.0;    -999;    5.7;   76.63;    7.0;    3.4;    0.2;eor
        400;20200119;-999;-999;-999;    3;   0.0;   0;-999;   0;  -999;   7.0;    -999;    3.9;   86.54;    4.5;    2.9;    2.5;eor
        400;20200120;-999;-999;-999;    3;   0.0;   0;-999;   0;  -999;   6.5;    -999;    1.8;   93.08;    4.3;   -0.6;   -3.1;eor
        400;20200121;-999;-999;-999;    3;   0.0;   0;-999;   0;  -999;   5.9;    -999;    2.7;   80.33;    5.8;    0.8;   -1.7;eor
        400;20200122;-999;-999;-999;    3;   0.0;   0;-999;   0;  -999;   7.3;    -999;    4.3;   87.25;    6.3;    1.4;   -2.8;eor
        400;20200123;-999;-999;-999;    3;   0.0;   0;-999;   0;  -999;   6.4;    -999;    3.6;   82.00;    6.4;   -0.6;   -4.2;eor
        400;20200124;-999;-999;-999;    3;   0.0;   0;-999;   0;  -999;   5.5;    -999;    0.3;   88.67;    4.1;   -2.6;   -5.9;eor
        400;20200125;-999;-999;-999;    3;   0.0;   4;-999;   0;  -999;   6.4;    -999;    1.0;   96.92;    2.0;    0.1;    0.0;eor
        400;20200126;-999;-999;-999;    3;   0.0;   0;-999;   0;  -999;   5.8;    -999;   -0.3;   96.29;    0.6;   -1.5;   -1.4;eor
        400;20200127;-999;-999;-999;    3;   2.8;   4;-999;   0;  -999;   7.5;    -999;    4.6;   87.50;    8.9;   -0.5;   -3.3;eor
        400;20200128;-999;-999;-999;    3;  11.0;   4;-999;   0;  -999;   7.7;    -999;    5.5;   85.46;    8.9;    2.1;    1.4;eor
        400;20200129;-999;-999;-999;    3;   1.4;   4;-999;   0;  -999;   6.5;    -999;    4.6;   77.38;    6.7;    2.1;    1.5;eor
        400;20200130;-999;-999;-999;    3;   3.2;   4;-999;   0;  -999;   7.4;    -999;    5.7;   81.42;    8.2;    3.0;    1.6;eor
        400;20200131;-999;-999;-999;    3;   0.0;   0;-999;   0;  -999;   9.3;    -999;    9.6;   77.75;   11.2;    5.7;    5.2;eor
        400;20200201;-999;-999;-999;    3;   7.3;   4;-999;   0;  -999;  10.8;    -999;   11.0;   82.25;   12.7;    8.0;    5.8;eor
        400;20200202;-999;-999;-999;    3;   6.9;   4;-999;   0;  -999;   8.5;    -999;    6.9;   85.83;    8.8;    5.4;    4.9;eor
        400;20200203;-999;-999;-999;    3;   2.9;   4;-999;   0;  -999;   9.3;    -999;    7.0;   92.79;    9.5;    5.2;    4.8;eor
        400;20200204;-999;-999;-999;    3;   1.9;   4;-999;   0;  -999;   7.2;    -999;    5.0;   82.54;    6.6;    3.4;    2.7;eor
        400;20200205;-999;-999;-999;    3;   0.0;   0;-999;   0;  -999;   5.8;    -999;    3.1;   77.17;    5.6;    1.2;   -0.6;eor
        400;20200206;-999;-999;-999;    3;   0.0;   0;-999;   0;  -999;   6.9;    -999;    4.5;   82.13;    6.2;    2.5;    1.5;eor
        400;20200207;-999;-999;-999;    3;   0.0;   0;-999;   0;  -999;   8.1;    -999;    5.5;   89.83;    6.6;    4.9;    3.8;eor
        400;20200208;-999;-999;-999;    3;   0.0;   0;-999;   0;  -999;   6.8;    -999;    4.8;   80.04;    9.0;    1.1;   -1.7;eor
        400;20200209;-999;-999;-999;    3;  10.7;   4;-999;   0;  -999;   7.7;    -999;    9.3;   65.88;   13.7;    5.4;    3.2;eor
        400;20200210;-999;-999;-999;    3;   2.8;   4;-999;   0;  -999;   8.0;    -999;    6.9;   79.71;   13.9;    3.7;    1.9;eor
        400;20200211;-999;-999;-999;    3;   0.5;   4;-999;   0;  -999;   6.0;    -999;    4.8;   70.29;    6.5;    3.1;    1.7;eor
        400;20200212;-999;-999;-999;    3;   0.0;   0;-999;   0;  -999;   5.3;    -999;    4.4;   63.79;    6.5;    3.2;    1.2;eor
        400;20200213;-999;-999;-999;    3;   1.0;   4;-999;   0;  -999;   6.0;    -999;    3.7;   75.79;    6.0;    1.8;   -0.4;eor
        400;20200214;-999;-999;-999;    3;   0.0;   0;-999;   0;  -999;   7.5;    -999;    3.7;   93.67;    5.3;    1.8;   -1.4;eor
        400;20200215;-999;-999;-999;    3;   0.0;   0;-999;   0;  -999;   7.5;    -999;    5.6;   83.17;   10.4;    1.3;   -1.0;eor
        400;20200216;-999;-999;-999;    3;   2.0;   4;-999;   0;  -999;   8.0;    -999;   11.5;   60.13;   15.9;    7.1;    4.4;eor
        400;20200217;-999;-999;-999;    3;   0.0;   0;-999;   0;  -999;   7.3;    -999;    9.6;   61.17;   10.9;    7.0;    4.3;eor
        400;20200218;-999;-999;-999;    3;   0.8;   4;-999;   0;  -999;   6.8;    -999;    6.9;   68.63;    8.3;    4.5;    3.6;eor
        400;20200219;-999;-999;-999;    3;  12.0;   4;-999;   0;  -999;   7.2;    -999;    4.9;   83.46;    6.5;    1.7;    0.5;eor
        400;20200220;-999;-999;-999;    3;   6.1;   4;-999;   0;  -999;   7.2;    -999;    4.8;   83.08;    7.6;    0.4;   -3.5;eor
        400;20200221;-999;-999;-999;    3;   0.0;   0;-999;   0;  -999;   6.9;    -999;    6.0;   73.67;    7.5;    4.1;    3.0;eor
        400;20200222;-999;-999;-999;    3;   0.7;   4;-999;   0;  -999;   6.7;    -999;    8.5;   61.38;   12.1;    6.0;    4.9;eor
        400;20200223;-999;-999;-999;    3;  14.8;   4;-999;   0;  -999;   8.0;    -999;    6.5;   82.63;    8.3;    4.0;    2.9;eor
        400;20200224;-999;-999;-999;    3;   7.6;   4;-999;   0;  -999;   7.1;    -999;    5.0;   81.29;    7.4;    3.7;    2.4;eor
        400;20200225;-999;-999;-999;    3;   1.3;   4;-999;   0;  -999;   7.7;    -999;    7.9;   71.58;   10.2;    4.4;    1.1;eor
        400;20200226;-999;-999;-999;    3;   0.5;   4;-999;   0;  -999;   6.8;    -999;    3.1;   89.33;    5.4;    1.8;   -1.1;eor
        400;20200227;-999;-999;-999;    3;   0.0;   4;-999;   0;  -999;   6.1;    -999;    3.1;   80.42;    6.2;    0.7;   -0.9;eor
        400;20200228;-999;-999;-999;    3;   1.9;   4;-999;   0;  -999;   5.9;    -999;    3.6;   75.58;    7.7;   -0.1;   -2.7;eor
        400;20200229;-999;-999;-999;    3;   1.5;   4;-999;   0;  -999;   7.8;    -999;    6.6;   79.63;   11.9;    1.1;    0.6;eor
        400;20200301;-999;-999;-999;    3;   4.0;   4;-999;   0;  -999;   7.2;    -999;    6.8;   72.88;   10.5;    3.5;   -0.7;eor
        400;20200302;-999;-999;-999;    3;   0.4;   4;-999;   0;  -999;   7.6;    -999;    5.5;   84.42;    9.4;    3.3;   -0.6;eor
        400;20200303;-999;-999;-999;    3;   0.2;   4;-999;   0;  -999;   7.3;    -999;    4.6;   85.96;    7.3;    2.4;   -1.1;eor
        400;20200304;-999;-999;-999;    3;   0.0;   4;-999;   0;  -999;   6.4;    -999;    4.1;   78.75;    8.8;    0.9;   -2.4;eor
        400;20200305;-999;-999;-999;    3;   2.8;   4;-999;   0;  -999;   6.4;    -999;    5.0;   74.96;   10.5;    0.3;   -2.9;eor
        400;20200306;-999;-999;-999;    3;   6.2;   4;-999;   0;  -999;   8.0;    -999;    4.8;   92.88;    6.4;    3.0;    2.4;eor
        400;20200307;-999;-999;-999;    3;   0.2;   4;-999;   0;  -999;   7.1;    -999;    4.1;   87.38;    6.1;    0.9;   -3.2;eor
        400;20200308;-999;-999;-999;    3;   0.0;   0;-999;   0;  -999;   7.0;    -999;    4.8;   81.92;   10.0;   -1.0;   -4.2;eor
        400;20200309;-999;-999;-999;    3;   3.5;   4;-999;   0;  -999;   8.6;    -999;    6.8;   86.50;   10.2;    4.3;   -0.1;eor
        400;20200310;-999;-999;-999;    3;  11.0;   4;-999;   0;  -999;   8.6;    -999;    6.2;   90.04;   10.6;    2.9;   -1.6;eor
        400;20200311;-999;-999;-999;    3;   1.8;   4;-999;   0;  -999;   8.8;    -999;    9.8;   73.54;   13.1;    7.3;    4.1;eor
        400;20200312;-999;-999;-999;    3;   5.2;   4;-999;   0;  -999;   7.9;    -999;    9.8;   63.58;   13.1;    6.0;    3.1;eor
        400;20200313;-999;-999;-999;    3;   1.8;   4;-999;   0;  -999;   6.5;    -999;    6.1;   68.63;    9.2;    2.7;    0.8;eor
        400;20200314;-999;-999;-999;    3;   0.0;   0;-999;   0;  -999;   4.5;    -999;    2.7;   63.50;    8.3;   -2.9;   -5.4;eor
        400;20200315;-999;-999;-999;    3;   0.0;   0;-999;   0;  -999;   4.2;    -999;    5.6;   48.75;   12.2;   -0.9;   -4.9;eor
        400;20200316;-999;-999;-999;    3;   0.0;   0;-999;   0;  -999;   6.3;    -999;    8.6;   57.46;   17.0;    1.9;   -3.1;eor
        400;20200317;-999;-999;-999;    3;   0.0;   0;-999;   0;  -999;   7.5;    -999;    8.8;   68.96;   15.8;    1.3;   -2.2;eor
        400;20200318;-999;-999;-999;    3;   0.0;   0;-999;   0;  -999;   7.0;    -999;   11.4;   55.75;   17.4;    3.7;   -1.2;eor
        400;20200319;-999;-999;-999;    3;   0.2;   4;-999;   0;  -999;   9.3;    -999;   10.6;   73.13;   13.7;    7.3;    6.5;eor
        400;20200320;-999;-999;-999;    3;   0.1;   4;-999;   0;  -999;   7.4;    -999;    7.4;   71.96;   10.3;    4.9;    4.0;eor
        400;20200321;-999;-999;-999;    3;   0.0;   0;-999;   0;  -999;   4.8;    -999;    3.8;   61.92;    7.6;   -0.8;   -5.1;eor
        400;20200322;-999;-999;-999;    3;   0.0;   0;-999;   0;  -999;   3.3;    -999;    1.2;   53.17;    6.3;   -3.7;   -7.3;eor
        400;20200323;-999;-999;-999;    3;   0.0;   0;-999;   0;  -999;   2.9;    -999;    0.9;   46.63;    6.5;   -5.0;   -9.2;eor
        400;20200324;-999;-999;-999;    3;   0.0;   0;-999;   0;  -999;   2.8;    -999;    1.9;   43.46;    8.5;   -4.4;   -9.4;eor
        400;20200325;-999;-999;-999;    3;   0.0;   0;-999;   0;  -999;   2.9;    -999;    4.0;   37.29;   10.3;   -1.9;   -6.8;eor
        400;20200326;-999;-999;-999;    3;   0.0;   0;-999;   0;  -999;   3.6;    -999;    6.0;   38.92;   11.3;   -0.3;   -4.6;eor
        400;20200327;-999;-999;-999;    3;   0.0;   0;-999;   0;  -999;   5.3;    -999;    9.2;   46.54;   16.5;    2.9;    0.1;eor
        400;20200328;-999;-999;-999;    3;   0.0;   0;-999;   0;  -999;   5.8;    -999;    7.6;   60.42;   15.8;    0.6;   -1.8;eor
        400;20200329;-999;-999;-999;    1;   0.7;   4;-999;   0;  -999;   5.3;    -999;    2.6;   70.46;    5.5;   -3.1;   -8.1;eor
        400;20200330;-999;-999;-999;    1;   1.6;   4;-999;   0;  -999;   4.7;    -999;   -0.3;   76.79;    3.6;   -4.2;   -8.8;eor
        400;20200331;-999;-999;-999;    1;   0.0;   0;-999;   0;  -999;   4.2;    -999;    1.0;   65.96;    5.6;   -3.3;   -6.8;eor
        400;20200401;-999;-999;-999;    1;   0.0;   0;-999;   0;  -999;   4.5;    -999;    4.5;   53.79;    9.5;   -1.2;   -5.8;eor
        400;20200402;-999;-999;-999;    1;   0.0;   0;-999;   0;  -999;   5.9;    -999;    7.0;   59.46;   10.9;    4.8;    3.8;eor
        400;20200403;-999;-999;-999;    1;   0.0;   0;-999;   0;  -999;   5.4;    -999;    6.6;   56.42;   10.6;    1.8;   -3.4;eor
        400;20200404;-999;-999;-999;    1;   0.0;   0;-999;   0;  -999;   5.0;    -999;    7.1;   52.29;   13.2;    2.1;   -3.4;eor
        400;20200405;-999;-999;-999;    1;   0.0;   0;-999;   0;  -999;   5.3;    -999;    9.6;   47.08;   16.9;    1.0;   -4.3;eor
        400;20200406;-999;-999;-999;    1;   0.0;   0;-999;   0;  -999;   5.7;    -999;   13.0;   40.92;   22.8;    4.6;   -1.1;eor
        400;20200407;-999;-999;-999;    1;   0.0;   0;-999;   0;  -999;   7.7;    -999;   12.9;   52.25;   20.5;    4.5;   -0.5;eor
        400;20200408;-999;-999;-999;    1;   0.0;   0;-999;   0;  -999;   7.6;    -999;   13.1;   53.04;   22.9;    4.1;   -0.8;eor
        400;20200409;-999;-999;-999;    1;   0.0;   0;-999;   0;  -999;   7.9;    -999;   11.3;   61.21;   18.9;    3.1;   -2.2;eor
        400;20200410;-999;-999;-999;    1;   0.0;   0;-999;   0;  -999;   5.9;    -999;    8.8;   56.96;   15.9;    0.3;   -3.9;eor
        400;20200411;-999;-999;-999;    1;   0.0;   0;-999;   0;  -999;   5.9;    -999;    8.2;   57.96;   16.1;   -0.5;   -4.3;eor
        400;20200412;-999;-999;-999;    1;   1.6;   4;-999;   0;  -999;   6.8;    -999;   13.5;   48.88;   23.9;    1.4;   -3.2;eor
        400;20200413;-999;-999;-999;    1;   0.0;   0;-999;   0;  -999;   5.6;    -999;    7.6;   53.13;   11.7;    2.2;   -2.8;eor
        400;20200414;-999;-999;-999;    1;   0.0;   0;-999;   0;  -999;   4.5;    -999;    5.9;   52.42;   11.1;   -0.3;   -2.3;eor
        400;20200415;-999;-999;-999;    1;   0.0;   0;-999;   0;  -999;   6.3;    -999;    9.5;   55.13;   15.8;    4.6;    3.0;eor
        400;20200416;-999;-999;-999;    1;   0.0;   0;-999;   0;  -999;   7.5;    -999;   11.8;   54.54;   17.6;    5.4;    0.7;eor
        400;20200417;-999;-999;-999;    1;   0.0;   0;-999;   0;  -999;   6.6;    -999;   10.8;   54.42;   17.5;    3.4;   -1.2;eor
        400;20200418;-999;-999;-999;    1;   0.0;   0;-999;   0;  -999;   4.4;    -999;   10.8;   35.79;   17.4;    2.5;   -1.4;eor
        400;20200419;-999;-999;-999;    1;   0.0;   0;-999;   0;  -999;   4.5;    -999;    8.9;   40.67;   13.7;    4.1;   -0.4;eor
        400;20200420;-999;-999;-999;    1;   0.0;   0;-999;   0;  -999;   5.4;    -999;    9.8;   46.58;   16.0;    1.1;   -2.7;eor
        400;20200421;-999;-999;-999;    1;   0.0;   0;-999;   0;  -999;   5.8;    -999;   11.4;   45.04;   18.1;    4.7;    0.6;eor
        400;20200422;-999;-999;-999;    1;   0.0;   0;-999;   0;  -999;   7.0;    -999;   11.8;   53.63;   19.1;    4.4;   -0.4;eor
        400;20200423;-999;-999;-999;    1;   0.0;   0;-999;   0;  -999;   7.4;    -999;   13.4;   54.08;   21.7;    3.8;   -0.8;eor
        400;20200424;-999;-999;-999;    1;   0.0;   0;-999;   0;  -999;   7.2;    -999;   14.1;   49.04;   22.2;    5.4;    1.3;eor
        400;20200425;-999;-999;-999;    1;   0.0;   0;-999;   0;  -999;   7.0;    -999;   10.8;   56.33;   16.1;    5.0;    0.8;eor
        400;20200426;-999;-999;-999;    1;   0.0;   0;-999;   0;  -999;   6.5;    -999;   10.6;   56.25;   19.0;    1.9;   -2.2;eor
        400;20200427;-999;-999;-999;    1;   0.0;   0;-999;   0;  -999;   7.4;    -999;   13.6;   54.17;   23.4;    2.6;   -1.5;eor
        400;20200428;-999;-999;-999;    1;   0.1;   4;-999;   0;  -999;   9.0;    -999;   15.8;   53.17;   23.6;    6.6;    2.2;eor
        400;20200429;-999;-999;-999;    1;   8.1;   4;-999;   0;  -999;  10.9;    -999;   11.8;   78.67;   18.1;    8.4;    5.5;eor
        400;20200430;-999;-999;-999;    1;   7.6;   4;-999;   0;  -999;  12.1;    -999;   13.0;   82.08;   18.6;    7.8;    4.1;eor
        400;20200501;-999;-999;-999;    1;   0.1;   4;-999;-999;  -999;   9.6;    -999;   12.9;   66.25;   18.2;    8.9;    6.2;eor
        400;20200502;-999;-999;-999;    1;   1.5;   4;-999;-999;  -999;   9.6;    -999;   10.3;   77.33;   15.6;    6.0;    2.7;eor
        400;20200503;-999;-999;-999;    1;   0.0;   0;-999;-999;  -999;   9.0;    -999;   10.3;   73.79;   14.6;    6.0;    3.6;eor
        400;20200504;-999;-999;-999;    1;   0.6;   4;-999;-999;  -999;   9.7;    -999;    8.5;   87.29;   11.5;    2.7;   -0.2;eor
        400;20200505;-999;-999;-999;    1;   3.8;   4;-999;-999;  -999;   7.2;    -999;    6.5;   76.58;   12.2;    1.0;   -2.2;eor
        400;20200506;-999;-999;-999;    1;   0.0;   0;-999;-999;  -999;   6.9;    -999;   11.3;   54.88;   17.5;    5.2;    3.8;eor
        400;20200507;-999;-999;-999;    1;   0.0;   0;-999;-999;  -999;   8.3;    -999;   10.4;   67.38;   17.0;    6.2;    3.4;eor
        400;20200508;-999;-999;-999;    1;   0.0;   0;-999;-999;  -999;   7.8;    -999;   13.6;   56.29;   21.6;    4.5;    1.1;eor
        400;20200509;-999;-999;-999;    1;   0.0;   0;-999;-999;  -999;   9.0;    -999;   15.5;   54.29;   23.5;    4.9;    2.5;eor
        400;20200510;-999;-999;-999;    1;   1.6;   4;-999;-999;  -999;  12.6;    -999;   17.0;   67.50;   25.0;    7.9;    4.0;eor
        400;20200511;-999;-999;-999;    1;   8.2;   4;-999;-999;  -999;   8.7;    -999;    6.5;   87.83;   14.8;   -0.3;   -2.9;eor
        400;20200512;-999;-999;-999;    1;   0.2;   4;-999;-999;  -999;   6.1;    -999;    6.5;   64.75;   11.6;   -1.9;   -4.5;eor
        400;20200513;-999;-999;-999;    1;   0.0;   0;-999;-999;  -999;   7.1;    -999;    9.9;   60.13;   15.0;    4.8;    1.1;eor
        400;20200514;-999;-999;-999;    1;   0.0;   0;-999;-999;  -999;   6.7;    -999;    8.5;   63.21;   15.1;    1.0;   -2.1;eor
        400;20200515;-999;-999;-999;    1;   0.0;   0;-999;-999;  -999;   6.5;    -999;    9.2;   59.25;   15.5;   -1.0;   -4.0;eor
        400;20200516;-999;-999;-999;    1;   0.1;   4;-999;-999;  -999;   7.5;    -999;   11.7;   56.21;   16.5;    6.2;    1.6;eor
        400;20200517;-999;-999;-999;    1;   0.0;   0;-999;-999;  -999;   8.0;    -999;   13.7;   52.92;   18.4;    8.6;    6.4;eor
        400;20200518;-999;-999;-999;    1;   0.0;   0;-999;-999;  -999;   9.7;    -999;   15.6;   55.88;   21.8;   10.0;    6.3;eor
        400;20200519;-999;-999;-999;    1;   0.0;   0;-999;-999;  -999;  11.3;    -999;   14.2;   71.50;   20.2;    8.3;    4.0;eor
        400;20200520;-999;-999;-999;    1;   0.0;   0;-999;-999;  -999;   8.6;    -999;   15.0;   53.96;   21.5;    6.7;    2.3;eor
        400;20200521;-999;-999;-999;    1;   0.0;   0;-999;-999;  -999;   7.7;    -999;   14.1;   52.96;   21.6;    5.4;    0.9;eor
        400;20200522;-999;-999;-999;    1;   1.9;   4;-999;-999;  -999;   8.4;    -999;   16.5;   46.92;   23.1;    8.6;    2.4;eor
        400;20200523;-999;-999;-999;    1;   0.0;   0;-999;-999;  -999;  11.6;    -999;   14.9;   69.79;   20.1;    8.1;    3.8;eor
        400;20200524;-999;-999;-999;    1;   7.1;   4;-999;-999;  -999;  10.9;    -999;   11.3;   81.42;   17.3;    6.6;    2.1;eor
        400;20200525;-999;-999;-999;    1;   2.0;   4;-999;-999;  -999;  11.5;    -999;   11.6;   84.71;   14.0;    7.7;    3.7;eor
        400;20200526;-999;-999;-999;    1;   0.0;   0;-999;-999;  -999;   9.8;    -999;   13.5;   68.25;   21.6;    5.7;    2.1;eor
        400;20200527;-999;-999;-999;    1;   0.0;   0;-999;-999;  -999;   9.6;    -999;   15.5;   58.96;   23.0;    4.6;    1.3;eor
        400;20200528;-999;-999;-999;    1;   0.0;   0;-999;-999;  -999;   9.2;    -999;   14.8;   56.08;   21.0;    7.7;    3.7;eor
        400;20200529;-999;-999;-999;    1;   0.0;   0;-999;-999;  -999;   8.5;    -999;   14.3;   55.33;   21.3;    7.2;    2.5;eor
        400;20200530;-999;-999;-999;    1;   0.0;   0;-999;-999;  -999;   8.3;    -999;   13.2;   57.88;   18.5;    6.1;    1.3;eor
        400;20200531;-999;-999;-999;    1;   0.0;   0;-999;-999;  -999;  10.1;    -999;   15.4;   60.54;   23.0;    8.4;    4.9;eor
        400;20200601;-999;-999;-999;    1;   0.0;   0;-999;-999;  -999;   9.3;    -999;   16.9;   52.96;   25.2;    7.6;    3.1;eor
        400;20200602;-999;-999;-999;    1;   0.0;   0;-999;-999;  -999;  10.2;    -999;   19.3;   49.79;   28.2;    7.7;    3.9;eor
        400;20200603;-999;-999;-999;    1;   0.0;   0;-999;-999;  -999;   9.4;    -999;   18.2;   49.46;   25.8;    9.8;    5.4;eor
        400;20200604;-999;-999;-999;    1;   5.3;   4;-999;-999;  -999;  12.1;    -999;   18.6;   58.88;   26.6;   12.9;    8.4;eor
        400;20200605;-999;-999;-999;    1;   2.3;   4;-999;-999;  -999;  11.7;    -999;   14.1;   73.92;   18.2;   11.1;   10.1;eor
        400;20200606;-999;-999;-999;    1;   0.4;   4;-999;-999;  -999;   9.4;    -999;   13.7;   62.17;   19.7;    8.8;    4.9;eor
        400;20200607;-999;-999;-999;    1;   0.1;   4;-999;-999;  -999;  11.1;    -999;   14.3;   70.08;   20.0;    7.5;    3.2;eor
        400;20200608;-999;-999;-999;    1;   0.0;   0;-999;-999;  -999;  10.3;    -999;   16.6;   57.46;   22.4;    7.7;    3.6;eor
        400;20200609;-999;-999;-999;    1;   0.0;   0;-999;-999;  -999;  10.5;    -999;   17.6;   54.67;   24.9;   10.5;    6.5;eor
