STATIONS_ID;MESS_DATUM;QN_3;  FX;  FM;QN_4; RSK;RSKF; SDK;SHK_TAG;  NM; VPM;  PM; TMK; UPM; TXK; TNK; TGK;eor
        151;20181208;-999;-999;-999;    3;   9.6;   4;-999;   0;  -999;   7.5;    -999;    6.1;   79.50;    8.4;    4.8;    3.6;eor
        151;20181209;-999;-999;-999;    3;   5.5;   4;-999;   0;  -999;   8.3;    -999;    6.4;   86.38;    8.1;    5.2;    3.9;eor
        151;20181210;-999;-999;-999;    3;   2.6;   4;-999;   0;  -999;   6.4;    -999;    2.9;   85.63;    5.1;    0.5;   -0.2;eor
        151;20181211;-999;-999;-999;    3;   0.5;   4;-999;   0;  -999;   6.3;    -999;    2.1;   88.75;    3.2;    1.2;    0.1;eor
        151;20181212;-999;-999;-999;    3;   0.5;   4;-999;   0;  -999;   5.9;    -999;    0.8;   90.88;    4.1;   -2.7;   -4.4;eor
        151;20181213;-999;-999;-999;    3;   0.0;   0;-999;   0;  -999;   4.5;    -999;   -1.3;   80.79;    0.5;   -3.1;   -5.6;eor
        151;20181214;-999;-999;-999;    3;   0.0;   0;-999;   0;  -999;   4.0;    -999;   -2.6;   80.21;    0.2;   -7.3;   -8.8;eor
        151;20181215;-999;-999;-999;    3;   0.0;   0;-999;   0;  -999;   3.9;    -999;   -2.1;   73.83;   -1.3;   -7.0;   -8.9;eor
        151;20181216;-999;-999;-999;    3;   0.6;   4;-999;   0;  -999;   4.3;    -999;   -3.5;   90.75;   -0.8;   -7.4;   -9.2;eor
        151;20181217;-999;-999;-999;    3;   0.3;   4;-999;   1;  -999;   6.2;    -999;    0.7;   95.50;    2.9;   -1.0;   -1.2;eor
        151;20181218;-999;-999;-999;    3;   0.0;   0;-999;   0;  -999;   6.8;    -999;    2.2;   94.17;    3.8;    0.0;   -1.2;eor
        151;20181219;-999;-999;-999;    3;   5.3;   4;-999;   0;  -999;   5.8;    -999;   -0.1;   94.96;    0.7;   -1.1;   -1.3;eor
        151;20181220;-999;-999;-999;    3;   1.9;   4;-999;   0;  -999;   7.1;    -999;    2.8;   94.38;    5.2;    0.5;    0.2;eor
        151;20181221;-999;-999;-999;    3;   9.3;   4;-999;   0;  -999;   8.6;    -999;    6.3;   89.33;   10.2;    3.7;    2.0;eor
        151;20181222;-999;-999;-999;    3;   8.3;   4;-999;   0;  -999;   9.7;    -999;    8.4;   87.13;   10.2;    5.9;    2.6;eor
        151;20181223;-999;-999;-999;    3;  24.2;   4;-999;   0;  -999;   8.9;    -999;    6.7;   90.46;   10.7;    4.8;    2.6;eor
        151;20181224;-999;-999;-999;    3;   0.2;   4;-999;   0;  -999;   7.4;    -999;    3.7;   91.79;   10.9;    0.4;   -0.9;eor
        151;20181225;-999;-999;-999;    3;   0.0;   0;-999;   0;  -999;   5.7;    -999;    1.1;   85.71;    2.1;    0.4;   -0.5;eor
        151;20181226;-999;-999;-999;    3;   0.5;   4;-999;   0;  -999;   5.4;    -999;    0.5;   85.92;    3.2;   -3.8;   -5.5;eor
        151;20181227;-999;-999;-999;    3;   0.0;   0;-999;   0;  -999;   6.2;    -999;    0.9;   94.25;    3.3;   -0.6;   -1.8;eor
        151;20181228;-999;-999;-999;    3;   0.0;   0;-999;   0;  -999;   5.7;    -999;   -0.1;   94.29;    3.9;   -2.3;   -3.8;eor
        151;20181229;-999;-999;-999;    3;   2.0;   4;-999;   0;  -999;   5.9;    -999;    0.4;   93.38;    2.2;   -1.2;   -2.2;eor
        151;20181230;-999;-999;-999;    3;   0.7;   4;-999;   0;  -999;   7.3;    -999;    4.4;   87.67;    6.0;    2.2;    1.6;eor
        151;20181231;-999;-999;-999;    3;   0.2;   4;-999;   0;  -999;   8.3;    -999;    4.8;   95.96;    6.1;    4.0;    3.6;eor
        151;20190101;-999;-999;-999;    3;   1.9;   4;-999;   0;  -999;   8.0;    -999;    5.3;   89.42;    6.3;    2.0;    0.8;eor
        151;20190102;-999;-999;-999;    3;   1.6;   4;-999;   1;  -999;   5.3;    -999;    0.1;   86.33;    2.4;   -2.0;   -3.6;eor
        151;20190103;-999;-999;-999;    3;   0.0;   0;-999;   1;  -999;   4.3;    -999;   -1.4;   77.83;    0.1;   -3.4;   -5.5;eor
        151;20190104;-999;-999;-999;    3;   1.5;   4;-999;   0;  -999;   5.3;    -999;   -0.4;   88.38;    1.3;   -2.4;   -5.2;eor
        151;20190105;-999;-999;-999;    3;   4.4;   4;-999;   1;  -999;   6.8;    -999;    2.2;   94.96;    4.4;    0.8;    0.0;eor
        151;20190106;-999;-999;-999;    3;   0.7;   4;-999;   0;  -999;   7.4;    -999;    3.6;   93.25;    4.4;    2.9;    2.3;eor
        151;20190107;-999;-999;-999;    3;   2.7;   4;-999;   0;  -999;   7.3;    -999;    3.5;   91.96;    4.3;    2.0;    1.5;eor
        151;20190108;-999;-999;-999;    3;  10.8;   4;-999;   0;  -999;   6.8;    -999;    2.7;   91.33;    4.3;    1.3;    0.5;eor
        151;20190109;-999;-999;-999;    3;   0.5;   4;-999;   0;  -999;   5.6;    -999;    0.6;   88.17;    2.1;   -0.2;   -0.7;eor
        151;20190110;-999;-999;-999;    3;   0.0;   0;-999;   0;  -999;   4.9;    -999;   -0.1;   80.79;    1.7;   -2.4;   -3.0;eor
        151;20190111;-999;-999;-999;    3;   4.9;   4;-999;   0;  -999;   4.7;    -999;   -1.8;   87.04;    0.4;   -2.8;   -3.3;eor
        151;20190112;-999;-999;-999;    3;   6.4;   4;-999;   4;  -999;   6.4;    -999;    1.5;   93.96;    2.3;    0.3;   -0.1;eor
        151;20190113;-999;-999;-999;    3;   6.9;   4;-999;   0;  -999;   7.5;    -999;    3.8;   93.42;    7.1;    1.4;    0.7;eor
        151;20190114;-999;-999;-999;    3;   1.0;   4;-999;   0;  -999;   6.0;    -999;    2.8;   80.17;    5.1;   -0.4;   -0.8;eor
        151;20190115;-999;-999;-999;    3;   0.1;   4;-999;   0;  -999;   5.8;    -999;    2.1;   81.67;    3.9;   -0.5;   -1.2;eor
        151;20190116;-999;-999;-999;    3;   0.0;   0;-999;   0;  -999;   6.0;    -999;    3.2;   78.17;    5.8;   -1.4;   -4.1;eor
        151;20190117;-999;-999;-999;    3;   2.5;   4;-999;   0;  -999;   6.3;    -999;    3.1;   81.92;    6.5;   -2.6;   -4.4;eor
        151;20190118;-999;-999;-999;    3;   0.0;   4;-999;   0;  -999;   4.6;    -999;   -1.0;   81.17;    3.0;   -6.9;   -8.6;eor
        151;20190119;-999;-999;-999;    3;   0.0;   0;-999;   0;  -999;   3.4;    -999;   -4.4;   79.21;    2.5;   -8.6;  -10.3;eor
        151;20190120;-999;-999;-999;    3;   0.0;   0;-999;   0;  -999;   3.4;    -999;   -5.6;   82.96;   -2.2;  -10.9;  -12.1;eor
        151;20190121;-999;-999;-999;    3;   0.0;   0;-999;   0;  -999;   3.7;    -999;   -3.4;   79.00;    0.9;   -9.4;  -11.2;eor
        151;20190122;-999;-999;-999;    3;   0.0;   0;-999;   0;  -999;   3.5;    -999;   -6.0;   87.88;   -3.7;  -10.7;  -12.3;eor
        151;20190123;-999;-999;-999;    3;   1.2;   4;-999;   0;  -999;   3.6;    -999;   -5.2;   87.29;   -3.8;   -7.3;   -6.9;eor
        151;20190124;-999;-999;-999;    3;   0.1;   4;-999;   1;  -999;   4.1;    -999;   -3.6;   87.71;   -2.3;   -4.5;   -6.1;eor
        151;20190125;-999;-999;-999;    3;   2.0;   4;-999;   2;  -999;   3.9;    -999;   -4.0;   85.29;   -2.0;   -5.8;  -10.1;eor
        151;20190126;-999;-999;-999;    3;   1.6;   4;-999;   4;  -999;   6.2;    -999;    1.1;   91.83;    3.4;   -2.3;   -2.8;eor
        151;20190127;-999;-999;-999;    3;   2.1;   4;-999;   0;  -999;   6.8;    -999;    3.3;   87.33;    5.4;    2.1;    0.4;eor
        151;20190128;-999;-999;-999;    3;   2.5;   4;-999;   0;  -999;   5.9;    -999;    1.5;   87.46;    3.5;    0.4;   -0.4;eor
        151;20190129;-999;-999;-999;    3;   0.4;   4;-999;   2;  -999;   5.3;    -999;   -0.3;   88.63;    1.9;   -4.4;   -9.1;eor
        151;20190130;-999;-999;-999;    3;   0.0;   0;-999;   2;  -999;   4.2;    -999;   -3.1;   85.75;    0.9;   -9.7;  -12.9;eor
        151;20190131;-999;-999;-999;    3;   0.3;   4;-999;   0;  -999;   4.1;    -999;   -2.6;   80.96;    2.8;   -8.9;  -12.3;eor
        151;20190201;-999;-999;-999;    3;   1.2;   4;-999;   0;  -999;   5.0;    -999;   -0.1;   82.04;    3.1;   -4.7;   -5.5;eor
        151;20190202;-999;-999;-999;    3;   0.6;   4;-999;   0;  -999;   6.3;    -999;    1.1;   94.75;    3.8;   -0.6;   -2.0;eor
        151;20190203;-999;-999;-999;    3;  18.2;   4;-999;   2;  -999;   5.9;    -999;   -0.1;   96.17;    1.8;   -1.6;   -3.3;eor
        151;20190204;-999;-999;-999;    3;   0.0;   0;-999;  32;  -999;   3.7;    -999;   -5.2;   87.63;    4.4;  -12.3;  -15.5;eor
        151;20190205;-999;-999;-999;    3;   0.0;   0;-999;  30;  -999;   4.0;    -999;   -4.9;   94.58;   -2.1;   -9.7;  -10.9;eor
        151;20190206;-999;-999;-999;    3;   0.0;   0;-999;  29;  -999;   4.4;    -999;   -3.7;   95.75;   -1.9;   -4.4;   -4.2;eor
        151;20190207;-999;-999;-999;    3;   1.6;   4;-999;  28;  -999;   4.5;    -999;   -3.6;   95.25;   -0.2;   -6.3;   -5.9;eor
        151;20190208;-999;-999;-999;    3;   0.1;   4;-999;  26;  -999;   6.3;    -999;    1.4;   92.71;    5.3;   -3.1;   -5.9;eor
        151;20190209;-999;-999;-999;    3;   0.0;   4;-999;  20;  -999;   6.4;    -999;    5.0;   74.42;    8.9;    0.6;   -1.1;eor
        151;20190210;-999;-999;-999;    3;   3.4;   4;-999;  12;  -999;   6.8;    -999;    5.2;   77.21;    9.3;    2.5;    0.0;eor
        151;20190211;-999;-999;-999;    3;   1.8;   4;-999;   0;  -999;   6.4;    -999;    2.6;   86.67;    4.4;   -0.1;   -2.8;eor
        151;20190212;-999;-999;-999;    3;   0.1;   4;-999;   0;  -999;   5.6;    -999;    1.8;   80.33;    3.2;    0.6;   -0.6;eor
        151;20190213;-999;-999;-999;    3;   0.0;   0;-999;   0;  -999;   5.1;    -999;    2.2;   73.79;    8.3;   -2.7;   -4.9;eor
        151;20190214;-999;-999;-999;    3;   0.0;   0;-999;   0;  -999;   5.0;    -999;    0.9;   79.83;   10.1;   -4.6;   -5.8;eor
        151;20190215;-999;-999;-999;    3;   0.0;   0;-999;   0;  -999;   5.0;    -999;    1.0;   78.83;   12.6;   -5.8;   -7.3;eor
        151;20190216;-999;-999;-999;    3;   0.0;   0;-999;   0;  -999;   5.0;    -999;    1.1;   78.54;   11.2;   -6.0;   -7.5;eor
        151;20190217;-999;-999;-999;    3;   0.0;   0;-999;   0;  -999;   5.1;    -999;    1.8;   76.17;   12.3;   -5.8;   -7.3;eor
        151;20190218;-999;-999;-999;    3;   0.0;   0;-999;   0;  -999;   4.8;    -999;    1.9;   74.13;   13.7;   -5.9;   -7.7;eor
        151;20190219;-999;-999;-999;    3;   0.0;   0;-999;   0;  -999;   5.6;    -999;    1.6;   81.71;   10.4;   -5.5;   -6.9;eor
        151;20190220;-999;-999;-999;    3;   0.0;   0;-999;   0;  -999;   6.3;    -999;    1.4;   91.54;    7.8;   -4.3;   -6.1;eor
        151;20190221;-999;-999;-999;    3;   0.1;   4;-999;   0;  -999;   6.8;    -999;    4.3;   82.33;   10.8;   -2.4;   -4.3;eor
        151;20190222;-999;-999;-999;    3;   0.0;   0;-999;   0;  -999;   7.9;    -999;    6.5;   80.96;   10.9;   -1.6;   -5.1;eor
        151;20190223;-999;-999;-999;    3;   0.0;   0;-999;   0;  -999;   3.5;    -999;   -0.5;   64.00;    6.0;   -6.1;   -7.8;eor
        151;20190224;-999;-999;-999;    3;   0.0;   0;-999;   0;  -999;   3.5;    -999;   -0.6;   65.33;    8.6;   -7.0;   -8.2;eor
        151;20190225;-999;-999;-999;    3;   0.0;   0;-999;   0;  -999;   5.2;    -999;    2.6;   73.00;   15.5;   -5.4;   -6.8;eor
        151;20190226;-999;-999;-999;    3;   0.0;   0;-999;   0;  -999;   4.8;    -999;    5.7;   60.92;   18.0;   -3.8;   -5.6;eor
        151;20190227;-999;-999;-999;    3;   0.0;   0;-999;   0;  -999;   5.6;    -999;    6.2;   64.13;   18.0;   -2.1;   -4.7;eor
        151;20190228;-999;-999;-999;    3;   1.0;   4;-999;   0;  -999;   6.5;    -999;    7.3;   66.96;   16.2;   -3.4;   -5.9;eor
        151;20190301;-999;-999;-999;    3;   2.5;   4;-999;   0;  -999;   9.0;    -999;    7.9;   84.00;    9.5;    5.8;    1.4;eor
        151;20190302;-999;-999;-999;    3;   0.5;   4;-999;   0;  -999;   8.1;    -999;    5.8;   88.04;    7.0;    4.4;    1.9;eor
        151;20190303;-999;-999;-999;    3;   0.0;   0;-999;   0;  -999;   8.2;    -999;    9.2;   71.04;   11.3;    6.4;    5.4;eor
        151;20190304;-999;-999;-999;    3;   1.2;   4;-999;   0;  -999;   6.9;    -999;    8.9;   61.42;   13.4;    4.4;    2.6;eor
        151;20190305;-999;-999;-999;    3;   5.1;   4;-999;   0;  -999;   7.0;    -999;    4.7;   82.46;    8.6;    2.6;    0.2;eor
        151;20190306;-999;-999;-999;    3;   0.0;   0;-999;   0;  -999;   7.8;    -999;    7.3;   76.96;   12.3;    3.2;    0.5;eor
        151;20190307;-999;-999;-999;    3;   1.6;   4;-999;   0;  -999;   7.7;    -999;    8.1;   71.04;   12.3;    4.9;    1.3;eor
        151;20190308;-999;-999;-999;    3;   2.3;   4;-999;   0;  -999;   7.0;    -999;    6.4;   73.58;   10.9;    3.3;    0.5;eor
        151;20190309;-999;-999;-999;    3;   4.7;   4;-999;   0;  -999;   8.0;    -999;    7.2;   78.92;   10.1;    4.1;    2.1;eor
        151;20190310;-999;-999;-999;    3;   8.5;   4;-999;   0;  -999;   8.7;    -999;    8.2;   79.96;   12.7;    3.9;    2.5;eor
        151;20190311;-999;-999;-999;    3;   2.9;   4;-999;   0;  -999;   5.8;    -999;    2.9;   77.08;    5.3;    1.1;    0.1;eor
        151;20190312;-999;-999;-999;    3;   0.2;   4;-999;   0;  -999;   5.4;    -999;    4.5;   66.71;    8.9;    1.3;    0.3;eor
        151;20190313;-999;-999;-999;    3;   0.8;   4;-999;   0;  -999;   5.9;    -999;    5.7;   64.46;    8.3;    3.7;    1.8;eor
        151;20190314;-999;-999;-999;    3;   9.9;   4;-999;   0;  -999;   7.2;    -999;    4.3;   86.13;    5.8;    2.8;    2.3;eor
        151;20190315;-999;-999;-999;    3;  22.2;   4;-999;   0;  -999;   9.0;    -999;    7.4;   86.00;   10.8;    4.3;    2.6;eor
        151;20190316;-999;-999;-999;    3;   7.8;   4;-999;   0;  -999;   9.2;    -999;    7.3;   90.33;   11.1;    1.0;   -1.6;eor
        151;20190317;-999;-999;-999;    3;   1.3;   4;-999;   0;  -999;   7.1;    -999;    7.5;   73.42;   18.4;    0.0;   -2.5;eor
        151;20190318;-999;-999;-999;    3;   0.6;   4;-999;   0;  -999;   6.1;    -999;    3.5;   78.63;    7.8;   -1.8;   -3.8;eor
        151;20190319;-999;-999;-999;    3;   0.0;   0;-999;   0;  -999;   5.2;    -999;    2.1;   76.13;    8.1;   -2.6;   -4.6;eor
        151;20190320;-999;-999;-999;    3;   0.0;   0;-999;   0;  -999;   4.6;    -999;    3.2;   65.67;   11.3;   -3.2;   -5.2;eor
        151;20190321;-999;-999;-999;    3;   0.0;   0;-999;   0;  -999;   5.2;    -999;    5.4;   64.96;   16.1;   -3.7;   -5.4;eor
        151;20190322;-999;-999;-999;    3;   0.0;   0;-999;   0;  -999;   7.1;    -999;    8.2;   69.79;   19.6;   -1.4;   -3.6;eor
        151;20190323;-999;-999;-999;    3;   0.0;   0;-999;   0;  -999;   7.1;    -999;    9.2;   66.92;   19.6;   -0.5;   -2.4;eor
        151;20190324;-999;-999;-999;    3;   0.0;   0;-999;   0;  -999;   8.7;    -999;    8.5;   79.46;   16.1;    1.3;   -1.5;eor
        151;20190325;-999;-999;-999;    3;   3.6;   4;-999;   0;  -999;   6.8;    -999;    4.1;   83.54;    7.5;   -0.5;   -2.7;eor
        151;20190326;-999;-999;-999;    3;   0.2;   4;-999;   0;  -999;   6.0;    -999;    3.8;   76.58;    7.9;   -1.2;   -3.7;eor
        151;20190327;-999;-999;-999;    3;   0.0;   0;-999;   0;  -999;   6.9;    -999;    5.9;   75.08;    9.8;    3.3;    1.1;eor
        151;20190328;-999;-999;-999;    3;   0.0;   0;-999;   0;  -999;   8.4;    -999;    7.3;   81.38;   11.2;    3.3;    1.3;eor
        151;20190329;-999;-999;-999;    3;   0.0;   0;-999;   0;  -999;   8.1;    -999;    9.5;   71.33;   16.1;    1.8;   -0.8;eor
        151;20190330;-999;-999;-999;    3;   0.0;   0;-999;   0;  -999;   6.9;    -999;    8.3;   68.25;   19.1;   -1.0;   -3.0;eor
        151;20190331;-999;-999;-999;    3;   0.0;   0;-999;   0;  -999;   7.0;    -999;    9.2;   66.17;   19.2;   -0.4;   -2.5;eor
        151;20190401;-999;-999;-999;    3;   0.0;   0;-999;   0;  -999;   7.3;    -999;    8.5;   68.00;   16.2;    0.6;   -1.5;eor
        151;20190402;-999;-999;-999;    3;   0.1;   4;-999;   0;  -999;   7.4;    -999;    9.9;   62.58;   18.9;   -0.3;   -2.3;eor
        151;20190403;-999;-999;-999;    3;   0.0;   0;-999;   0;  -999;   8.1;    -999;   11.8;   63.00;   19.9;    5.2;    2.3;eor
        151;20190404;-999;-999;-999;    3;   0.0;   0;-999;   0;  -999;   7.9;    -999;   10.1;   67.88;   20.6;    5.2;    2.9;eor
        151;20190405;-999;-999;-999;    3;   0.0;   0;-999;   0;  -999;   8.2;    -999;    7.5;   79.83;   13.0;    3.3;    0.7;eor
        151;20190406;-999;-999;-999;    3;   0.0;   0;-999;   0;  -999;   8.2;    -999;   10.5;   67.79;   18.5;    1.1;   -1.0;eor
        151;20190407;-999;-999;-999;    3;   0.0;   0;-999;   0;  -999;   8.0;    -999;    9.7;   68.13;   17.1;    1.2;   -1.5;eor
        151;20190408;-999;-999;-999;    3;   0.2;   4;-999;   0;  -999;   9.0;    -999;   10.7;   72.04;   18.6;    1.6;   -0.8;eor
        151;20190409;-999;-999;-999;    3;   1.4;   4;-999;   0;  -999;  10.6;    -999;   11.8;   77.96;   17.3;    8.1;    6.2;eor
        151;20190410;-999;-999;-999;    3;   0.0;   0;-999;   0;  -999;   7.6;    -999;    8.5;   68.29;   12.7;    2.6;   -0.7;eor
        151;20190411;-999;-999;-999;    3;   0.0;   0;-999;   0;  -999;   5.2;    -999;    5.0;   60.79;   11.8;    0.0;   -3.4;eor
        151;20190412;-999;-999;-999;    3;   0.0;   0;-999;   0;  -999;   4.2;    -999;    3.1;   57.42;    8.5;   -3.8;   -6.3;eor
        151;20190413;-999;-999;-999;    3;   0.0;   0;-999;   0;  -999;   4.5;    -999;    4.5;   55.96;   10.4;   -0.5;   -3.1;eor
        151;20190414;-999;-999;-999;    3;   0.1;   4;-999;   0;  -999;   5.9;    -999;    4.2;   71.75;    9.5;   -0.9;   -3.0;eor
        151;20190415;-999;-999;-999;    3;   0.0;   0;-999;   0;  -999;   5.6;    -999;    9.4;   52.17;   16.5;    1.5;   -1.8;eor
        151;20190416;-999;-999;-999;    3;   0.0;   0;-999;   0;  -999;   5.2;    -999;    8.9;   50.25;   18.3;   -1.4;   -4.0;eor
        151;20190417;-999;-999;-999;    3;   0.0;   0;-999;   0;  -999;   5.7;    -999;   10.4;   50.38;   19.7;    0.1;   -2.3;eor
        151;20190418;-999;-999;-999;    3;   0.0;   0;-999;   0;  -999;   7.0;    -999;   12.7;   52.21;   20.4;    1.5;   -1.2;eor
        151;20190419;-999;-999;-999;    3;   0.0;   0;-999;   0;  -999;   7.2;    -999;   13.8;   50.46;   23.0;    2.5;   -0.9;eor
        151;20190420;-999;-999;-999;    3;   0.0;   0;-999;   0;  -999;   6.1;    -999;   13.2;   48.58;   23.7;    1.7;   -1.1;eor
        151;20190421;-999;-999;-999;    3;   0.0;   0;-999;   0;  -999;   6.1;    -999;   13.0;   48.38;   23.1;    1.7;   -1.0;eor
        151;20190422;-999;-999;-999;    3;   0.0;   0;-999;   0;  -999;   6.6;    -999;   13.7;   47.29;   22.8;    2.1;   -0.7;eor
        151;20190423;-999;-999;-999;    3;   0.0;   0;-999;   0;  -999;   9.4;    -999;   14.4;   58.00;   20.7;    8.3;    4.9;eor
        151;20190424;-999;-999;-999;    3;   0.0;   0;-999;   0;  -999;   9.5;    -999;   16.2;   57.38;   26.4;    4.6;    1.8;eor
        151;20190425;-999;-999;-999;    3;   0.0;   0;-999;   0;  -999;   8.2;    -999;   15.5;   52.63;   25.5;    4.3;    1.7;eor
        151;20190426;-999;-999;-999;    3;   3.6;   4;-999;   0;  -999;   9.3;    -999;    9.3;   80.00;   14.2;    5.1;    2.6;eor
        151;20190427;-999;-999;-999;    3;   4.8;   4;-999;   0;  -999;   9.8;    -999;    9.3;   83.79;   15.9;    4.8;    3.2;eor
        151;20190428;-999;-999;-999;    3;   0.9;   4;-999;   0;  -999;   7.8;    -999;    6.8;   79.63;   12.0;    3.1;    1.3;eor
        151;20190429;-999;-999;-999;    3;   8.4;   4;-999;   0;  -999;   8.7;    -999;    6.3;   90.54;   10.1;    2.2;    0.8;eor
        151;20190430;-999;-999;-999;    3;   0.0;   0;-999;   0;  -999;   8.6;    -999;   10.4;   70.42;   17.8;    2.1;    0.5;eor
        151;20190501;-999;-999;-999;    3;   0.0;   0;-999;-999;  -999;   8.6;    -999;   10.1;   71.88;   19.2;    0.6;   -0.6;eor
        151;20190502;-999;-999;-999;    3;   1.5;   4;-999;-999;  -999;   8.8;    -999;   12.5;   64.92;   19.8;    3.3;    1.2;eor
        151;20190503;-999;-999;-999;    3;   0.0;   0;-999;-999;  -999;   8.8;    -999;    9.8;   73.67;   14.2;    3.4;    1.5;eor
        151;20190504;-999;-999;-999;    3;   1.9;   4;-999;-999;  -999;   7.5;    -999;    4.7;   87.13;    9.5;   -0.4;   -1.6;eor
        151;20190505;-999;-999;-999;    3;   0.0;   0;-999;-999;  -999;   5.9;    -999;    4.7;   72.00;   10.5;   -0.8;   -2.5;eor
        151;20190506;-999;-999;-999;    3;   0.0;   0;-999;-999;  -999;   5.8;    -999;    4.8;   70.38;   11.3;   -1.6;   -3.0;eor
        151;20190507;-999;-999;-999;    3;   0.0;   0;-999;-999;  -999;   5.7;    -999;    6.0;   65.50;   13.2;   -2.0;   -3.8;eor
        151;20190508;-999;-999;-999;    3;   0.6;   4;-999;-999;  -999;   8.6;    -999;    8.8;   75.54;   16.2;   -0.4;   -2.1;eor
        151;20190509;-999;-999;-999;    3;   3.0;   4;-999;-999;  -999;  10.2;    -999;   11.2;   77.75;   16.1;    7.7;    5.5;eor
        151;20190510;-999;-999;-999;    3;   0.4;   4;-999;-999;  -999;   9.1;    -999;   12.6;   64.08;   17.4;    8.1;    4.9;eor
        151;20190511;-999;-999;-999;    3;   3.3;   4;-999;-999;  -999;  11.0;    -999;   12.3;   77.00;   18.6;    7.8;    7.8;eor
        151;20190512;-999;-999;-999;    3;   0.0;   0;-999;-999;  -999;   7.5;    -999;    9.2;   66.04;   13.7;    6.5;    5.2;eor
        151;20190513;-999;-999;-999;    3;   0.0;   0;-999;-999;  -999;   5.9;    -999;    9.8;   51.63;   16.8;    2.0;    0.0;eor
        151;20190514;-999;-999;-999;    3;   0.9;   4;-999;-999;  -999;   6.3;    -999;    6.6;   66.88;   13.5;   -0.1;   -1.4;eor
        151;20190515;-999;-999;-999;    3;   0.3;   4;-999;-999;  -999;   6.7;    -999;    5.7;   73.71;    9.6;   -0.2;   -1.3;eor
        151;20190516;-999;-999;-999;    3;   1.7;   4;-999;-999;  -999;   9.1;    -999;    7.2;   89.46;    8.8;    5.1;    5.2;eor
        151;20190517;-999;-999;-999;    3;   0.0;   0;-999;-999;  -999;   9.9;    -999;   11.7;   74.71;   19.0;    4.5;    4.0;eor
        151;20190518;-999;-999;-999;    3;   0.0;   0;-999;-999;  -999;  10.5;    -999;   13.8;   69.46;   22.1;    3.4;    2.4;eor
        151;20190519;-999;-999;-999;    3;   0.0;   0;-999;-999;  -999;  10.9;    -999;   16.3;   62.54;   25.3;    6.3;    4.6;eor
        151;20190520;-999;-999;-999;    3;  18.6;   4;-999;-999;  -999;  14.2;    -999;   14.7;   84.71;   19.2;   12.1;    9.2;eor
        151;20190521;-999;-999;-999;    3;   8.2;   4;-999;-999;  -999;  14.5;    -999;   14.0;   91.00;   17.9;   12.5;   12.3;eor
        151;20190522;-999;-999;-999;    3;   0.0;   0;-999;-999;  -999;  12.5;    -999;   12.4;   86.79;   14.7;    6.4;    5.9;eor
        151;20190523;-999;-999;-999;    3;   0.0;   0;-999;-999;  -999;   9.7;    -999;   12.6;   70.08;   20.5;    3.4;    2.9;eor
        151;20190524;-999;-999;-999;    3;   0.0;   0;-999;-999;  -999;  10.5;    -999;   15.1;   65.46;   23.2;    5.6;    4.6;eor
        151;20190525;-999;-999;-999;    3;   2.5;   4;-999;-999;  -999;  12.3;    -999;   15.1;   74.63;   23.4;    7.7;    6.5;eor
        151;20190526;-999;-999;-999;    3;   0.0;   0;-999;-999;  -999;  11.8;    -999;   16.0;   69.33;   23.0;    8.7;    7.9;eor
        151;20190527;-999;-999;-999;    3;   0.0;   0;-999;-999;  -999;  11.9;    -999;   17.1;   63.71;   23.0;    8.1;    7.5;eor
        151;20190528;-999;-999;-999;    3;   2.3;   4;-999;-999;  -999;  13.2;    -999;   14.0;   82.75;   17.9;    9.6;    9.9;eor
        151;20190529;-999;-999;-999;    3;   0.0;   0;-999;-999;  -999;  10.3;    -999;   11.2;   77.96;   15.6;    5.2;    5.7;eor
        151;20190530;-999;-999;-999;    3;   0.0;   0;-999;-999;  -999;   8.1;    -999;   13.8;   57.04;   21.8;    2.7;    3.3;eor
        151;20190531;-999;-999;-999;    3;   0.0;   0;-999;-999;  -999;  13.2;    -999;   17.4;   67.71;   23.0;   11.2;   10.4;eor
        151;20190601;-999;-999;-999;    3;   0.0;   0;-999;-999;  -999;  13.2;    -999;   19.3;   63.79;   27.7;    9.0;    8.5;eor
        151;20190602;-999;-999;-999;    3;   0.0;   0;-999;-999;  -999;  13.5;    -999;   21.0;   59.54;   29.6;   10.1;    9.8;eor
        151;20190603;-999;-999;-999;    3;   0.0;   0;-999;-999;  -999;  13.3;    -999;   21.5;   58.46;   31.0;   10.7;   10.0;eor
        151;20190604;-999;-999;-999;    3;   0.0;   0;-999;-999;  -999;  13.7;    -999;   21.8;   57.79;   30.8;   12.2;   11.4;eor
        151;20190605;-999;-999;-999;    3;   0.0;   0;-999;-999;  -999;  13.6;    -999;   23.2;   53.25;   32.2;   12.0;    9.5;eor
        151;20190606;-999;-999;-999;    3;   0.2;   4;-999;-999;  -999;  13.6;    -999;   17.3;   69.50;   22.2;   10.7;   10.1;eor
        151;20190607;-999;-999;-999;    3;   0.0;   4;-999;-999;  -999;  13.5;    -999;   19.3;   64.38;   28.7;    9.1;    7.9;eor
        151;20190608;-999;-999;-999;    3;   0.0;   0;-999;-999;  -999;   8.8;    -999;   16.7;   49.21;   23.3;    8.5;    7.3;eor
        151;20190609;-999;-999;-999;    3;   0.6;   4;-999;-999;  -999;  12.0;    -999;   18.5;   59.79;   27.6;    6.2;    5.4;eor
        151;20190610;-999;-999;-999;    3;   1.5;   4;-999;-999;  -999;  16.4;    -999;   19.0;   77.46;   28.0;   13.6;   13.3;eor
        151;20190611;-999;-999;-999;    3;   2.0;   4;-999;-999;  -999;  16.9;    -999;   19.8;   75.42;   27.5;   13.8;   12.8;eor
        151;20190612;-999;-999;-999;    3;   1.4;   4;-999;-999;  -999;  16.7;    -999;   17.8;   82.42;   27.1;   13.2;   13.0;eor
        151;20190613;-999;-999;-999;    3;   0.0;   0;-999;-999;  -999;  13.1;    -999;   18.6;   66.08;   26.9;   12.4;   10.3;eor
        151;20190614;-999;-999;-999;    3;   0.0;   0;-999;-999;  -999;  14.1;    -999;   22.6;   56.63;   32.1;   10.2;    8.2;eor
        151;20190615;-999;-999;-999;    3;  14.3;   4;-999;-999;  -999;  16.2;    -999;   22.4;   60.54;   26.4;   17.2;   16.3;eor
        151;20190616;-999;-999;-999;    3;   0.0;   0;-999;-999;  -999;  16.0;    -999;   17.7;   79.88;   22.5;   13.8;   12.2;eor
        151;20190617;-999;-999;-999;    3;   0.0;   0;-999;-999;  -999;  14.7;    -999;   20.0;   66.58;   27.1;   11.7;   10.7;eor
        151;20190618;-999;-999;-999;    3;   0.0;   0;-999;-999;  -999;  15.3;    -999;   22.0;   61.13;   30.1;   12.9;   11.3;eor
        151;20190619;-999;-999;-999;    3;   4.9;   4;-999;-999;  -999;  15.5;    -999;   23.4;   59.00;   32.0;   15.8;   14.8;eor
        151;20190620;-999;-999;-999;    3;   9.9;   4;-999;-999;  -999;  16.6;    -999;   19.1;   77.42;   27.1;   14.4;   13.9;eor
        151;20190621;-999;-999;-999;    3;   0.0;   0;-999;-999;  -999;  15.6;    -999;   19.3;   72.75;   26.2;   13.6;   12.6;eor
        151;20190622;-999;-999;-999;    3;   2.7;   4;-999;-999;  -999;  16.5;    -999;   19.1;   75.13;   24.8;   13.2;   12.1;eor
        151;20190623;-999;-999;-999;    3;   0.0;   0;-999;-999;  -999;  17.0;    -999;   20.6;   71.33;   26.6;   15.8;   14.8;eor
        151;20190624;-999;-999;-999;    3;   0.0;   0;-999;-999;  -999;  15.8;    -999;   23.2;   59.58;   30.3;   14.2;   13.1;eor
        151;20190625;-999;-999;-999;    3;   0.0;   0;-999;-999;  -999;  16.0;    -999;   25.0;   55.38;   34.6;   14.4;   13.1;eor
        151;20190626;-999;-999;-999;    3;   0.0;   0;-999;-999;  -999;  18.5;    -999;   27.4;   55.79;   37.2;   15.8;   14.5;eor
        151;20190627;-999;-999;-999;    3;   0.0;   0;-999;-999;  -999;  15.2;    -999;   25.6;   49.25;   33.3;   15.6;   13.2;eor
        151;20190628;-999;-999;-999;    3;   0.0;   0;-999;-999;  -999;  10.9;    -999;   21.4;   46.46;   30.2;   12.6;   11.0;eor
        151;20190629;-999;-999;-999;    3;   0.0;   0;-999;-999;  -999;  11.4;    -999;   22.9;   46.08;   33.2;   11.2;    9.8;eor
        151;20190630;-999;-999;-999;    3;   0.0;   0;-999;-999;  -999;  12.6;    -999;   25.7;   44.83;   36.4;   12.1;   11.1;eor
        151;20190701;-999;-999;-999;    3;   0.1;   4;-999;-999;  -999;  16.8;    -999;   26.0;   51.17;   34.1;   18.2;   17.5;eor
        151;20190702;-999;-999;-999;    3;   0.0;   0;-999;-999;  -999;  10.7;    -999;   21.7;   43.13;   27.7;   14.0;   11.9;eor
        151;20190703;-999;-999;-999;    3;   0.0;   0;-999;-999;  -999;   8.6;    -999;   19.4;   41.75;   27.1;   10.5;    8.8;eor
        151;20190704;-999;-999;-999;    3;   0.0;   0;-999;-999;  -999;   9.0;    -999;   19.5;   43.83;   28.5;    9.4;    7.7;eor
        151;20190705;-999;-999;-999;    3;   0.0;   0;-999;-999;  -999;  10.3;    -999;   19.5;   48.46;   26.9;   11.8;   11.1;eor
        151;20190706;-999;-999;-999;    3;   3.9;   4;-999;-999;  -999;   9.9;    -999;   22.6;   41.13;   31.4;   13.3;   12.2;eor
        151;20190707;-999;-999;-999;    3;   0.1;   4;-999;-999;  -999;  13.5;    -999;   17.6;   67.46;   21.2;   12.8;   11.1;eor
        151;20190708;-999;-999;-999;    3;   0.0;   0;-999;-999;  -999;   8.8;    -999;   16.1;   51.17;   22.8;    9.0;    7.4;eor
        151;20190709;-999;-999;-999;    3;   0.0;   0;-999;-999;  -999;   8.8;    -999;   14.7;   55.04;   21.1;    7.2;    5.7;eor
        151;20190710;-999;-999;-999;    3;   0.0;   0;-999;-999;  -999;   8.6;    -999;   15.4;   53.75;   24.0;    4.9;    3.9;eor
        151;20190711;-999;-999;-999;    3;   3.6;   4;-999;-999;  -999;  12.0;    -999;   15.7;   69.04;   22.5;   10.2;    9.4;eor
        151;20190712;-999;-999;-999;    3;  38.9;   4;-999;-999;  -999;  15.8;    -999;   17.7;   79.58;   23.4;   14.1;   13.7;eor
        151;20190713;-999;-999;-999;    3;   2.5;   4;-999;-999;  -999;  15.5;    -999;   16.1;   85.13;   20.9;   13.8;   13.2;eor
        151;20190714;-999;-999;-999;    3;   1.6;   4;-999;-999;  -999;  15.0;    -999;   16.7;   79.42;   21.9;   12.6;   11.2;eor
        151;20190715;-999;-999;-999;    3;   0.0;   0;-999;-999;  -999;  13.3;    -999;   18.4;   66.29;   26.3;   10.8;    9.9;eor
        151;20190716;-999;-999;-999;    3;   0.0;   0;-999;-999;  -999;  12.5;    -999;   17.0;   67.71;   24.7;   10.1;    9.1;eor
        151;20190717;-999;-999;-999;    3;   0.0;   0;-999;-999;  -999;  12.6;    -999;   19.1;   61.38;   26.8;   10.8;    9.7;eor
        151;20190718;-999;-999;-999;    3;   0.1;   4;-999;-999;  -999;  12.7;    -999;   20.5;   57.88;   28.2;   11.1;    9.9;eor
        151;20190719;-999;-999;-999;    3;   0.0;   0;-999;-999;  -999;  16.0;    -999;   20.8;   66.38;   26.5;   15.3;   15.0;eor
        151;20190720;-999;-999;-999;    3;   3.1;   4;-999;-999;  -999;  16.3;    -999;   24.3;   58.71;   32.5;   15.5;   14.3;eor
        151;20190721;-999;-999;-999;    3;   1.9;   4;-999;-999;  -999;  18.5;    -999;   21.0;   76.04;   26.9;   15.9;   14.5;eor
        151;20190722;-999;-999;-999;    3;   0.0;   0;-999;-999;  -999;  14.7;    -999;   22.0;   61.00;   30.0;   13.3;   12.2;eor
        151;20190723;-999;-999;-999;    3;   0.0;   0;-999;-999;  -999;  15.1;    -999;   24.2;   54.79;   33.3;   14.0;   13.0;eor
        151;20190724;-999;-999;-999;    3;   0.0;   0;-999;-999;  -999;  16.0;    -999;   26.7;   51.25;   36.0;   16.0;   14.5;eor
        151;20190725;-999;-999;-999;    3;   0.0;   0;-999;-999;  -999;  15.8;    -999;   27.7;   48.67;   37.9;   17.5;   16.3;eor
        151;20190726;-999;-999;-999;    3;   3.3;   4;-999;-999;  -999;  13.6;    -999;   28.0;   41.04;   37.6;   17.3;   15.5;eor
        151;20190727;-999;-999;-999;    3;   1.8;   4;-999;-999;  -999;  18.4;    -999;   21.5;   72.92;   25.7;   16.9;   16.5;eor
        151;20190728;-999;-999;-999;    3;   0.0;   0;-999;-999;  -999;  19.4;    -999;   21.7;   76.42;   28.3;   17.6;   17.2;eor
        151;20190729;-999;-999;-999;    3;   0.0;   0;-999;-999;  -999;  20.1;    -999;   20.8;   81.83;   24.4;   18.6;   18.9;eor
        151;20190730;-999;-999;-999;    3;   0.3;   4;-999;-999;  -999;  18.6;    -999;   22.3;   70.63;   27.3;   16.5;   15.0;eor
        151;20190731;-999;-999;-999;    3;   1.7;   4;-999;-999;  -999;  16.9;    -999;   18.6;   80.17;   24.4;   15.1;   13.9;eor
        151;20190801;-999;-999;-999;    3;   0.0;   0;-999;-999;  -999;  13.2;    -999;   20.4;   59.46;   27.0;   12.7;   11.1;eor
        151;20190802;-999;-999;-999;    3;   0.1;   4;-999;-999;  -999;  12.5;    -999;   19.7;   58.25;   28.0;   11.6;   10.7;eor
        151;20190803;-999;-999;-999;    3;   1.3;   4;-999;-999;  -999;  15.3;    -999;   17.5;   77.83;   23.0;   12.8;   11.5;eor
        151;20190804;-999;-999;-999;    3;   0.0;   0;-999;-999;  -999;  13.7;    -999;   19.0;   68.08;   27.9;   11.9;   11.4;eor
        151;20190805;-999;-999;-999;    3;   0.9;   4;-999;-999;  -999;  15.9;    -999;   19.0;   73.54;   26.0;   12.5;   11.4;eor
        151;20190806;-999;-999;-999;    3;   6.2;   4;-999;-999;  -999;  17.9;    -999;   21.8;   70.04;   28.0;   17.1;   15.9;eor
        151;20190807;-999;-999;-999;    3;  15.5;   4;-999;-999;  -999;  19.0;    -999;   18.0;   92.08;   22.5;   15.6;   14.0;eor
        151;20190808;-999;-999;-999;    3;   0.0;   0;-999;-999;  -999;  15.9;    -999;   18.8;   76.33;   25.8;   12.5;   11.6;eor
        151;20190809;-999;-999;-999;    3;   5.9;   4;-999;-999;  -999;  16.6;    -999;   22.1;   66.33;   30.6;   11.6;   10.9;eor
        151;20190810;-999;-999;-999;    3;   7.0;   4;-999;-999;  -999;  19.9;    -999;   20.1;   84.67;   23.3;   15.9;   14.6;eor
        151;20190811;-999;-999;-999;    3;   4.6;   4;-999;-999;  -999;  17.5;    -999;   20.8;   75.29;   28.4;   15.3;   13.6;eor
        151;20190812;-999;-999;-999;    3;   1.0;   4;-999;-999;  -999;  15.8;    -999;   15.9;   87.50;   19.2;   14.0;   13.3;eor
        151;20190813;-999;-999;-999;    3;   0.0;   0;-999;-999;  -999;  12.8;    -999;   16.3;   71.29;   21.3;   11.1;    9.8;eor
        151;20190814;-999;-999;-999;    3;   0.0;   0;-999;-999;  -999;  11.4;    -999;   15.1;   69.67;   21.9;    8.1;    7.1;eor
        151;20190815;-999;-999;-999;    3;  19.6;   4;-999;-999;  -999;  13.8;    -999;   15.1;   80.96;   20.8;    7.7;    6.9;eor
        151;20190816;-999;-999;-999;    3;   0.0;   0;-999;-999;  -999;  14.1;    -999;   16.8;   75.88;   22.5;   10.8;    9.7;eor
        151;20190817;-999;-999;-999;    3;   0.5;   4;-999;-999;  -999;  15.4;    -999;   17.5;   77.96;   23.8;   10.4;    9.6;eor
        151;20190818;-999;-999;-999;    3;  13.2;   4;-999;-999;  -999;  17.2;    -999;   22.3;   68.54;   31.7;   15.9;   14.5;eor
        151;20190819;-999;-999;-999;    3;   0.6;   4;-999;-999;  -999;  18.9;    -999;   19.3;   85.08;   23.0;   17.0;   16.5;eor
        151;20190820;-999;-999;-999;    3;  11.9;   4;-999;-999;  -999;  18.1;    -999;   17.3;   91.67;   21.5;   13.6;   13.5;eor
        151;20190821;-999;-999;-999;    3;   0.0;   0;-999;-999;  -999;  13.5;    -999;   15.7;   78.58;   23.3;   10.1;    9.2;eor
        151;20190822;-999;-999;-999;    3;   0.0;   0;-999;-999;  -999;  13.1;    -999;   17.0;   71.58;   24.6;    8.8;    7.9;eor
        151;20190823;-999;-999;-999;    3;   0.0;   0;-999;-999;  -999;  14.3;    -999;   17.9;   72.71;   26.4;    9.3;    8.1;eor
        151;20190824;-999;-999;-999;    3;   0.0;   0;-999;-999;  -999;  18.0;    -999;   21.3;   72.58;   29.1;   13.0;   11.7;eor
        151;20190825;-999;-999;-999;    3;   0.0;   0;-999;-999;  -999;  19.7;    -999;   21.7;   78.04;   29.9;   15.4;   13.9;eor
        151;20190826;-999;-999;-999;    3;  15.5;   4;-999;-999;  -999;  19.2;    -999;   20.5;   82.08;   30.4;   14.5;   13.3;eor
        151;20190827;-999;-999;-999;    3;   0.0;   0;-999;-999;  -999;  19.5;    -999;   21.7;   77.83;   29.2;   15.7;   15.8;eor
        151;20190828;-999;-999;-999;    3;   0.0;   0;-999;-999;  -999;  19.6;    -999;   21.8;   77.58;   29.8;   15.5;   14.5;eor
        151;20190829;-999;-999;-999;    3;   0.0;   0;-999;-999;  -999;  18.7;    -999;   20.8;   78.13;   28.0;   15.4;   14.4;eor
        151;20190830;-999;-999;-999;    3;   0.0;   0;-999;-999;  -999;  18.5;    -999;   22.0;   72.92;   30.3;   14.2;   13.1;eor
        151;20190831;-999;-999;-999;    3;   0.0;   0;-999;-999;  -999;  17.8;    -999;   22.3;   70.50;   30.6;   14.8;   13.5;eor
        151;20190901;-999;-999;-999;    3;   0.0;   0;-999;-999;  -999;  16.6;    -999;   21.2;   67.83;   27.9;   15.0;   13.5;eor
        151;20190902;-999;-999;-999;    3;   0.0;   0;-999;-999;  -999;  10.8;    -999;   16.8;   58.83;   22.6;    8.5;    6.5;eor
        151;20190903;-999;-999;-999;    3;   0.0;   0;-999;-999;  -999;   9.3;    -999;   14.6;   61.08;   23.6;    5.8;    4.4;eor
        151;20190904;-999;-999;-999;    3;   0.0;   0;-999;-999;  -999;  10.9;    -999;   16.2;   63.88;   25.8;    6.4;    5.1;eor
        151;20190905;-999;-999;-999;    3;   0.0;   0;-999;-999;  -999;  11.2;    -999;   14.6;   68.96;   19.7;    9.3;    7.6;eor
        151;20190906;-999;-999;-999;    3;   3.1;   4;-999;-999;  -999;  11.0;    -999;   13.8;   70.83;   19.7;    7.6;    5.8;eor
        151;20190907;-999;-999;-999;    3;   7.8;   4;-999;-999;  -999;  13.0;    -999;   12.9;   88.00;   16.8;   10.9;   10.4;eor
        151;20190908;-999;-999;-999;    3;  15.8;   4;-999;-999;  -999;  12.9;    -999;   12.0;   92.54;   15.8;   10.5;    9.8;eor
        151;20190909;-999;-999;-999;    3;   5.5;   4;-999;-999;  -999;  12.7;    -999;   11.7;   92.08;   15.3;    7.8;    6.5;eor
        151;20190910;-999;-999;-999;    3;   0.0;   0;-999;-999;  -999;  11.2;    -999;   10.9;   87.54;   18.1;    6.7;    5.8;eor
        151;20190911;-999;-999;-999;    3;   0.0;   0;-999;-999;  -999;  10.7;    -999;   13.1;   75.54;   22.1;    5.8;    4.8;eor
        151;20190912;-999;-999;-999;    3;   0.0;   0;-999;-999;  -999;  13.4;    -999;   16.4;   74.00;   23.3;    9.3;    9.4;eor
        151;20190913;-999;-999;-999;    3;   0.0;   0;-999;-999;  -999;  15.1;    -999;   16.4;   82.17;   22.8;   10.1;    9.1;eor
        151;20190914;-999;-999;-999;    3;   0.0;   0;-999;-999;  -999;  14.0;    -999;   16.0;   79.13;   24.3;   10.1;    8.9;eor
        151;20190915;-999;-999;-999;    3;   0.0;   0;-999;-999;  -999;  13.9;    -999;   16.6;   76.13;   26.7;    7.8;    6.8;eor
        151;20190916;-999;-999;-999;    3;   0.1;   4;-999;-999;  -999;  12.4;    -999;   15.9;   71.96;   23.2;    7.7;    6.6;eor
        151;20190917;-999;-999;-999;    3;   0.0;   0;-999;-999;  -999;  11.5;    -999;   14.9;   68.33;   18.9;   10.0;    7.5;eor
        151;20190918;-999;-999;-999;    3;   0.0;   0;-999;-999;  -999;   8.2;    -999;   10.5;   67.63;   17.4;    3.6;    2.1;eor
        151;20190919;-999;-999;-999;    3;   0.0;   0;-999;-999;  -999;   7.3;    -999;    8.2;   70.75;   16.0;    1.7;    0.6;eor
        151;20190920;-999;-999;-999;    3;   0.0;   0;-999;-999;  -999;   7.5;    -999;    8.4;   71.96;   18.7;    0.4;   -0.4;eor
        151;20190921;-999;-999;-999;    3;   0.0;   0;-999;-999;  -999;   8.8;    -999;   11.2;   70.04;   23.0;    1.2;    0.3;eor
        151;20190922;-999;-999;-999;    3;   0.0;   0;-999;-999;  -999;  10.3;    -999;   13.1;   70.63;   22.3;    3.2;    1.7;eor
        151;20190923;-999;-999;-999;    3;   3.2;   4;-999;-999;  -999;  14.0;    -999;   13.0;   92.29;   14.9;    9.8;    8.6;eor
        151;20190924;-999;-999;-999;    3;   1.1;   4;-999;-999;  -999;  14.0;    -999;   14.8;   83.96;   19.7;   11.2;   10.2;eor
        151;20190925;-999;-999;-999;    3;   0.1;   4;-999;-999;  -999;  13.2;    -999;   14.9;   78.33;   17.9;   12.6;   11.4;eor
        151;20190926;-999;-999;-999;    3;   1.0;   4;-999;-999;  -999;  14.8;    -999;   15.3;   85.54;   18.8;   12.7;   11.6;eor
        151;20190927;-999;-999;-999;    3;   5.1;   4;-999;-999;  -999;  15.3;    -999;   15.4;   87.88;   19.9;   10.1;    8.5;eor
        151;20190928;-999;-999;-999;    3;   0.1;   4;-999;-999;  -999;  12.7;    -999;   13.6;   82.58;   18.7;    8.9;    7.6;eor
        151;20190929;-999;-999;-999;    3;   2.2;   4;-999;-999;  -999;  11.6;    -999;   16.1;   65.08;   22.0;    9.9;    7.9;eor
        151;20190930;-999;-999;-999;    3;   0.0;   0;-999;-999;  -999;  11.6;    -999;   14.2;   72.08;   18.4;    8.0;    6.2;eor
        151;20191001;-999;-999;-999;    3;   1.5;   4;-999;   0;  -999;  12.9;    -999;   14.2;   79.83;   20.4;    7.4;    5.5;eor
        151;20191002;-999;-999;-999;    3;   4.3;   4;-999;   0;  -999;  12.0;    -999;   11.3;   87.96;   15.6;    3.6;    2.1;eor
        151;20191003;-999;-999;-999;    3;   0.0;   0;-999;   0;  -999;   8.9;    -999;    7.5;   86.21;   10.5;    3.2;    1.8;eor
        151;20191004;-999;-999;-999;    3;   4.0;   4;-999;   0;  -999;  10.0;    -999;    9.0;   86.63;   12.1;    5.9;    5.4;eor
        151;20191005;-999;-999;-999;    3;   1.5;   4;-999;   0;  -999;   9.9;    -999;    9.1;   85.38;   11.8;    2.8;    1.4;eor
        151;20191006;-999;-999;-999;    3;   2.6;   4;-999;   0;  -999;   8.2;    -999;    6.4;   86.50;   10.9;    1.3;    0.7;eor
        151;20191007;-999;-999;-999;    3;   0.1;   4;-999;   0;  -999;   9.0;    -999;    7.7;   85.54;    9.9;    5.2;    4.2;eor
        151;20191008;-999;-999;-999;    3;   7.3;   4;-999;   0;  -999;  12.1;    -999;   10.7;   92.96;   13.5;    7.2;    6.4;eor
        151;20191009;-999;-999;-999;    3;   2.7;   4;-999;   0;  -999;  11.9;    -999;   11.2;   89.17;   13.4;    8.2;    6.1;eor
        151;20191010;-999;-999;-999;    3;   2.7;   4;-999;   0;  -999;  10.1;    -999;    9.3;   86.33;   12.7;    5.4;    3.9;eor
        151;20191011;-999;-999;-999;    3;   0.0;   0;-999;   0;  -999;  10.8;    -999;   11.0;   82.75;   18.0;    3.8;    2.0;eor
        151;20191012;-999;-999;-999;    3;   0.0;   0;-999;   0;  -999;  12.2;    -999;   14.0;   77.38;   22.3;    5.5;    3.6;eor
        151;20191013;-999;-999;-999;    3;   0.0;   0;-999;   0;  -999;  13.0;    -999;   15.8;   73.96;   22.8;   11.1;    8.8;eor
        151;20191014;-999;-999;-999;    3;   0.0;   0;-999;   0;  -999;  13.7;    -999;   15.3;   80.54;   24.4;    8.7;    6.9;eor
        151;20191015;-999;-999;-999;    3;   2.2;   4;-999;   0;  -999;  12.6;    -999;   11.2;   94.21;   16.2;    7.1;    6.0;eor
        151;20191016;-999;-999;-999;    3;   0.0;   0;-999;   0;  -999;  10.7;    -999;   12.4;   75.13;   16.2;    7.7;    5.3;eor
        151;20191017;-999;-999;-999;    3;   0.1;   4;-999;   0;  -999;  11.1;    -999;   12.1;   78.33;   17.7;    7.0;    4.8;eor
        151;20191018;-999;-999;-999;    3;   1.4;   4;-999;   0;  -999;  12.4;    -999;   13.2;   82.54;   19.1;    8.7;    6.9;eor
        151;20191019;-999;-999;-999;    3;   1.3;   4;-999;   0;  -999;  12.6;    -999;   11.6;   91.92;   13.9;    9.1;    7.8;eor
        151;20191020;-999;-999;-999;    3;   0.0;   0;-999;   0;  -999;  11.7;    -999;   11.1;   89.17;   18.8;    6.0;    5.0;eor
        151;20191021;-999;-999;-999;    3;   0.0;   0;-999;   0;  -999;  11.7;    -999;   10.3;   92.92;   17.3;    5.7;    4.9;eor
        151;20191022;-999;-999;-999;    3;   0.0;   0;-999;   0;  -999;  12.4;    -999;   11.4;   91.58;   19.4;    6.6;    5.3;eor
        151;20191023;-999;-999;-999;    3;   0.0;   0;-999;   0;  -999;  13.0;    -999;   11.5;   95.17;   15.9;    7.6;    6.7;eor
        151;20191024;-999;-999;-999;    3;   0.0;   0;-999;   0;  -999;  12.3;    -999;   10.5;   96.96;   13.2;    7.3;    7.5;eor
        151;20191025;-999;-999;-999;    3;   0.0;   0;-999;   0;  -999;  11.5;    -999;   11.4;   86.92;   18.6;    5.2;    3.9;eor
        151;20191026;-999;-999;-999;    3;   0.0;   0;-999;   0;  -999;  11.8;    -999;    9.7;   97.71;   12.8;    5.2;    3.8;eor
        151;20191027;-999;-999;-999;    3;   3.0;   4;-999;   0;  -999;  12.2;    -999;   12.6;   85.08;   19.7;    6.7;    4.4;eor
        151;20191028;-999;-999;-999;    3;   0.0;   0;-999;   0;  -999;   8.3;    -999;    6.4;   86.79;   10.9;    2.8;    0.8;eor
        151;20191029;-999;-999;-999;    3;   0.0;   0;-999;   0;  -999;   7.7;    -999;    5.9;   83.04;    9.7;    2.9;    2.2;eor
        151;20191030;-999;-999;-999;    3;   0.0;   0;-999;   0;  -999;   6.1;    -999;    3.7;   77.58;    9.4;   -1.5;   -3.2;eor
        151;20191031;-999;-999;-999;    3;   0.0;   0;-999;   0;  -999;   5.4;    -999;    1.2;   82.88;    8.3;   -4.2;   -6.0;eor
        151;20191101;-999;-999;-999;    3;   5.4;   4;-999;   0;  -999;   7.2;    -999;    3.2;   93.25;    6.1;   -0.7;   -2.6;eor
        151;20191102;-999;-999;-999;    3;   3.7;   4;-999;   0;  -999;  11.5;    -999;    9.6;   95.38;   13.1;    6.1;    5.7;eor
        151;20191103;-999;-999;-999;    3;   5.7;   4;-999;   0;  -999;  11.2;    -999;    9.6;   93.83;   12.1;    8.3;    7.6;eor
        151;20191104;-999;-999;-999;    3;   0.7;   4;-999;   0;  -999;  10.5;    -999;   10.0;   86.00;   12.4;    8.5;    6.3;eor
        151;20191105;-999;-999;-999;    3;   0.1;   4;-999;   0;  -999;   8.7;    -999;    7.1;   86.33;   11.1;    1.3;   -0.4;eor
        151;20191106;-999;-999;-999;    3;   1.2;   4;-999;   0;  -999;   8.9;    -999;    6.7;   91.04;   10.2;    4.1;    3.5;eor
        151;20191107;-999;-999;-999;    3;   0.4;   4;-999;   0;  -999;   8.8;    -999;    7.1;   87.42;   11.1;    4.0;    1.7;eor
        151;20191108;-999;-999;-999;    3;   3.3;   4;-999;   0;  -999;   8.7;    -999;    5.8;   94.54;    6.9;    4.2;    2.4;eor
        151;20191109;-999;-999;-999;    3;   0.0;   0;-999;   0;  -999;   7.5;    -999;    4.2;   91.13;    7.2;   -0.9;   -2.4;eor
        151;20191110;-999;-999;-999;    3;   0.0;   0;-999;   0;  -999;   6.4;    -999;    1.4;   95.46;    5.7;   -0.9;   -2.8;eor
        151;20191111;-999;-999;-999;    3;   1.4;   4;-999;   0;  -999;   6.3;    -999;    1.3;   94.17;    2.4;   -0.8;   -0.4;eor
        151;20191112;-999;-999;-999;    3;   1.6;   4;-999;   0;  -999;   7.4;    -999;    3.7;   92.88;    5.8;    1.1;    0.9;eor
        151;20191113;-999;-999;-999;    3;   0.3;   4;-999;   0;  -999;   7.3;    -999;    3.3;   93.79;    5.3;    1.6;    1.5;eor
        151;20191114;-999;-999;-999;    3;   0.0;   0;-999;   0;  -999;   6.4;    -999;    2.7;   86.79;    8.0;   -1.8;   -3.2;eor
        151;20191115;-999;-999;-999;    3;   0.7;   4;-999;   0;  -999;   7.3;    -999;    3.1;   94.42;    7.0;   -2.0;   -3.1;eor
        151;20191116;-999;-999;-999;    3;   0.1;   4;-999;   0;  -999;   7.5;    -999;    4.0;   92.13;    6.5;    0.0;   -1.4;eor
        151;20191117;-999;-999;-999;    3;   0.0;   0;-999;   0;  -999;   8.7;    -999;    5.8;   93.50;   12.0;    1.1;    0.2;eor
        151;20191118;-999;-999;-999;    3;   0.0;   4;-999;   0;  -999;   7.0;    -999;    5.2;   78.83;    8.3;    2.3;   -1.5;eor
        151;20191119;-999;-999;-999;    3;   0.3;   4;-999;   0;  -999;   6.8;    -999;    3.7;   85.17;    7.0;   -0.3;   -2.7;eor
        151;20191120;-999;-999;-999;    3;   0.1;   4;-999;   0;  -999;   7.5;    -999;    3.9;   92.88;    5.7;    1.8;    1.0;eor
        151;20191121;-999;-999;-999;    3;   0.6;   4;-999;   0;  -999;   8.4;    -999;    5.1;   95.58;    6.6;    3.3;    3.3;eor
        151;20191122;-999;-999;-999;    3;   0.0;   0;-999;   0;  -999;   7.4;    -999;    3.2;   96.29;    4.9;    0.5;   -1.5;eor
        151;20191123;-999;-999;-999;    3;   0.0;   0;-999;   0;  -999;   7.1;    -999;    2.8;   94.33;   11.0;   -0.7;   -2.2;eor
        151;20191124;-999;-999;-999;    3;   0.0;   0;-999;   0;  -999;   7.0;    -999;    2.2;   96.58;    8.6;   -1.2;   -2.5;eor
        151;20191125;-999;-999;-999;    3;   0.2;   4;-999;   0;  -999;   7.6;    -999;    3.2;   98.58;    3.7;    2.7;    2.7;eor
        151;20191126;-999;-999;-999;    3;   0.0;   4;-999;   0;  -999;   7.9;    -999;    4.0;   97.00;    5.8;    2.8;    2.5;eor
        151;20191127;-999;-999;-999;    3;   1.3;   4;-999;   0;  -999;   8.3;    -999;    4.7;   97.25;    6.8;    3.0;    3.1;eor
        151;20191128;-999;-999;-999;    3;   2.1;   4;-999;   0;  -999;   9.1;    -999;    8.4;   82.79;   11.5;    5.9;    3.7;eor
        151;20191129;-999;-999;-999;    3;   2.2;   4;-999;   0;  -999;   8.0;    -999;    5.5;   87.46;    8.4;    1.3;   -1.5;eor
        151;20191130;-999;-999;-999;    3;   0.0;   0;-999;   0;  -999;   6.0;    -999;    1.9;   86.25;    5.6;   -4.1;   -5.9;eor
        151;20191201;-999;-999;-999;    3;   0.0;   0;-999;   0;  -999;   5.0;    -999;   -1.3;   90.25;    1.8;   -4.8;   -5.9;eor
        151;20191202;-999;-999;-999;    3;   0.0;   0;-999;   0;  -999;   5.4;    -999;    1.5;   79.83;    3.9;   -0.6;   -2.7;eor
        151;20191203;-999;-999;-999;    3;   0.0;   0;-999;   0;  -999;   6.0;    -999;    1.6;   87.75;    4.3;   -2.8;   -4.8;eor
        151;20191204;-999;-999;-999;    3;   0.0;   0;-999;   0;  -999;   5.3;    -999;   -1.0;   92.79;    4.1;   -4.7;   -6.6;eor
        151;20191205;-999;-999;-999;    3;   0.0;   0;-999;   0;  -999;   4.6;    -999;   -3.3;   96.00;   -1.3;   -6.3;   -7.8;eor
        151;20191206;-999;-999;-999;    3;   4.3;   4;-999;   0;  -999;   5.0;    -999;   -1.8;   93.92;    1.8;   -3.4;   -3.2;eor
        151;20191207;-999;-999;-999;    3;   0.6;   4;-999;   0;  -999;   8.3;    -999;    6.0;   88.58;    8.5;    1.7;    0.9;eor
        151;20191208;-999;-999;-999;    3;   1.3;   4;-999;   0;  -999;   8.6;    -999;    7.4;   82.79;    9.3;    6.1;    5.0;eor
        151;20191209;-999;-999;-999;    3;   3.1;   4;-999;   0;  -999;   7.8;    -999;    6.3;   81.83;    8.8;    3.8;    2.0;eor
        151;20191210;-999;-999;-999;    3;   0.0;   0;-999;   0;  -999;   6.1;    -999;    1.4;   89.96;    4.6;   -3.9;   -5.7;eor
        151;20191211;-999;-999;-999;    3;   0.6;   4;-999;   0;  -999;   5.2;    -999;   -0.5;   87.50;    1.3;   -2.2;   -4.7;eor
        151;20191212;-999;-999;-999;    3;   0.2;   4;-999;   0;  -999;   6.6;    -999;    1.9;   93.71;    3.6;    0.4;   -0.7;eor
        151;20191213;-999;-999;-999;    3;   8.0;   4;-999;   0;  -999;   6.4;    -999;    1.6;   92.54;    3.6;    0.2;    0.0;eor
        151;20191214;-999;-999;-999;    3;   9.2;   4;-999;   0;  -999;   7.0;    -999;    4.8;   81.54;    7.6;    0.9;    0.0;eor
        151;20191215;-999;-999;-999;    3;   3.7;   4;-999;   0;  -999;   8.9;    -999;    7.3;   86.79;   12.2;    4.7;    1.5;eor
        151;20191216;-999;-999;-999;    3;   0.0;   0;-999;   0;  -999;   8.2;    -999;    5.5;   90.13;    9.7;    0.2;   -1.7;eor
        151;20191217;-999;-999;-999;    3;   0.0;   0;-999;   0;  -999;   6.6;    -999;    1.5;   95.79;    8.3;   -1.5;   -2.9;eor
        151;20191218;-999;-999;-999;    3;   0.0;   0;-999;   0;  -999;   7.3;    -999;    3.0;   95.54;    8.1;   -0.2;   -2.2;eor
        151;20191219;-999;-999;-999;    3;   0.0;   0;-999;   0;  -999;   6.4;    -999;    0.6;   99.92;    3.7;   -1.3;   -1.9;eor
        151;20191220;-999;-999;-999;    3;   1.2;   4;-999;   0;  -999;   6.8;    -999;    1.3;  100.00;    7.1;   -1.9;   -1.9;eor
        151;20191221;-999;-999;-999;    3;   0.0;   0;-999;   0;  -999;   8.3;    -999;    4.9;   95.21;    6.8;    2.8;   -0.7;eor
        151;20191222;-999;-999;-999;    3;   2.3;   4;-999;   0;  -999;   8.1;    -999;    4.9;   93.00;    7.1;    3.4;    3.1;eor
        151;20191223;-999;-999;-999;    3;   2.6;   4;-999;   0;  -999;   8.1;    -999;    5.7;   88.38;    6.8;    4.1;    1.7;eor
        151;20191224;-999;-999;-999;    3;   3.6;   4;-999;   0;  -999;   7.9;    -999;    5.3;   88.58;    7.1;    2.7;    0.4;eor
        151;20191225;-999;-999;-999;    3;  11.9;   4;-999;   0;  -999;   8.2;    -999;    5.5;   90.46;    7.1;    2.0;   -0.6;eor
        151;20191226;-999;-999;-999;    3;   0.0;   0;-999;   0;  -999;   7.0;    -999;    3.3;   89.92;    5.9;    1.9;    0.6;eor
        151;20191227;-999;-999;-999;    3;   0.2;   4;-999;   0;  -999;   6.2;    -999;    1.5;   89.92;    4.8;   -3.0;   -5.2;eor
        151;20191228;-999;-999;-999;    3;   0.0;   0;-999;   0;  -999;   4.6;    -999;   -1.6;   85.58;    2.1;   -5.7;   -7.2;eor
        151;20191229;-999;-999;-999;    3;   0.0;   0;-999;   0;  -999;   3.8;    -999;   -4.6;   87.46;    1.1;   -8.2;   -9.3;eor
        151;20191230;-999;-999;-999;    3;   0.0;   0;-999;   0;  -999;   4.3;    -999;   -2.3;   83.75;    3.0;   -7.0;   -7.8;eor
        151;20191231;-999;-999;-999;    3;   0.0;   0;-999;   0;  -999;   4.5;    -999;   -2.4;   89.17;    2.9;   -6.8;   -8.4;eor
        151;20200101;-999;-999;-999;    3;   0.0;   0;-999;   0;  -999;   4.2;    -999;   -4.9;   97.04;   -0.5;   -7.1;   -8.6;eor
        151;20200102;-999;-999;-999;    3;   0.0;   0;-999;   0;  -999;   4.6;    -999;   -3.7;   95.71;   -0.2;   -8.9;   -9.9;eor
        151;20200103;-999;-999;-999;    3;   2.0;   4;-999;   0;  -999;   6.4;    -999;    1.3;   93.79;    6.5;   -1.7;   -1.8;eor
        151;20200104;-999;-999;-999;    3;   0.8;   4;-999;   0;  -999;   7.1;    -999;    3.7;   88.54;    6.5;    1.5;   -1.1;eor
        151;20200105;-999;-999;-999;    3;   0.0;   0;-999;   0;  -999;   5.8;    -999;    0.8;   89.38;    3.5;   -2.7;   -4.4;eor
        151;20200106;-999;-999;-999;    3;   0.0;   0;-999;   0;  -999;   5.5;    -999;    0.4;   88.17;    4.0;   -2.2;   -4.3;eor
        151;20200107;-999;-999;-999;    3;   0.1;   4;-999;   0;  -999;   6.3;    -999;    0.7;   96.25;    2.9;   -2.6;   -3.8;eor
        151;20200108;-999;-999;-999;    3;   1.8;   4;-999;   0;  -999;   6.7;    -999;    1.7;   97.21;    2.8;    0.3;   -1.6;eor
        151;20200109;-999;-999;-999;    3;   0.2;   4;-999;   0;  -999;   7.7;    -999;    4.6;   91.29;    6.6;    2.7;    2.4;eor
        151;20200110;-999;-999;-999;    3;   0.7;   4;-999;   0;  -999;   7.9;    -999;    6.5;   81.21;   10.1;    3.0;    1.4;eor
        151;20200111;-999;-999;-999;    3;   0.0;   0;-999;   0;  -999;   6.2;    -999;    2.5;   83.92;    6.0;   -3.7;   -5.7;eor
        151;20200112;-999;-999;-999;    3;   0.0;   0;-999;   0;  -999;   5.3;    -999;   -0.8;   92.17;    2.5;   -4.9;   -6.4;eor
        151;20200113;-999;-999;-999;    3;   0.3;   4;-999;   0;  -999;   6.7;    -999;    1.9;   95.54;    2.7;   -0.1;   -2.1;eor
        151;20200114;-999;-999;-999;    3;   0.0;   0;-999;   0;  -999;   5.9;    -999;    1.4;   87.58;    5.2;   -0.7;   -2.3;eor
        151;20200115;-999;-999;-999;    3;   0.0;   0;-999;   0;  -999;   5.5;    -999;    1.2;   82.79;    6.5;   -1.4;   -3.1;eor
        151;20200116;-999;-999;-999;    3;   0.0;   0;-999;   0;  -999;   5.9;    -999;    1.2;   88.67;    7.1;   -3.3;   -4.9;eor
        151;20200117;-999;-999;-999;    3;   0.2;   4;-999;   0;  -999;   5.8;    -999;   -0.7;   98.67;    1.8;   -3.3;   -4.9;eor
        151;20200118;-999;-999;-999;    3;   0.0;   0;-999;   0;  -999;   6.6;    -999;    2.8;   88.13;    6.0;    0.9;   -1.7;eor
        151;20200119;-999;-999;-999;    3;   0.0;   0;-999;   0;  -999;   5.8;    -999;    0.6;   90.63;    4.0;   -2.6;   -4.4;eor
        151;20200120;-999;-999;-999;    3;   0.0;   0;-999;   0;  -999;   5.4;    -999;   -0.3;   90.08;    5.1;   -5.9;   -7.7;eor
        151;20200121;-999;-999;-999;    3;   0.0;   0;-999;   0;  -999;   4.4;    -999;   -3.8;   94.13;   -0.8;   -7.8;   -9.4;eor
        151;20200122;-999;-999;-999;    3;   0.0;   0;-999;   0;  -999;   4.8;    -999;   -2.6;   95.00;   -1.5;   -3.5;   -3.2;eor
        151;20200123;-999;-999;-999;    3;   0.0;   0;-999;   0;  -999;   5.0;    -999;   -2.1;   94.42;    0.8;   -6.4;   -7.9;eor
        151;20200124;-999;-999;-999;    3;   0.0;   0;-999;   0;  -999;   4.8;    -999;   -2.8;   94.21;   -0.4;   -7.8;   -8.9;eor
        151;20200125;-999;-999;-999;    3;   0.0;   0;-999;   0;  -999;   5.6;    -999;   -0.7;   95.92;    1.2;   -2.5;   -2.4;eor
        151;20200126;-999;-999;-999;    3;   0.0;   0;-999;   0;  -999;   6.3;    -999;    1.2;   94.17;    4.9;   -1.7;   -4.0;eor
        151;20200127;-999;-999;-999;    3;   3.6;   4;-999;   0;  -999;   6.7;    -999;    2.0;   94.54;    5.1;   -1.9;   -3.6;eor
        151;20200128;-999;-999;-999;    3;   4.1;   4;-999;   0;  -999;   7.1;    -999;    3.9;   86.63;    6.8;    0.8;   -1.1;eor
        151;20200129;-999;-999;-999;    3;   1.2;   4;-999;   0;  -999;   6.0;    -999;    1.7;   87.54;    3.9;    0.3;   -2.5;eor
        151;20200130;-999;-999;-999;    3;   3.3;   4;-999;   0;  -999;   6.8;    -999;    4.4;   82.00;    7.6;    0.2;   -2.7;eor
        151;20200131;-999;-999;-999;    3;   0.2;   4;-999;   0;  -999;  10.9;    -999;   10.6;   85.00;   12.3;    6.1;    5.3;eor
        151;20200201;-999;-999;-999;    3;  11.2;   4;-999;   0;  -999;  10.6;    -999;   10.8;   81.83;   14.7;    4.5;    3.6;eor
        151;20200202;-999;-999;-999;    3;   6.1;   4;-999;   0;  -999;   9.8;    -999;    8.7;   86.75;   12.4;    4.4;    2.2;eor
        151;20200203;-999;-999;-999;    3;  14.4;   4;-999;   0;  -999;   9.1;    -999;    8.2;   83.46;   10.7;    6.2;    5.7;eor
        151;20200204;-999;-999;-999;    3;   1.1;   4;-999;   0;  -999;   7.1;    -999;    3.8;   87.54;    9.9;    1.7;    0.2;eor
        151;20200205;-999;-999;-999;    3;   0.0;   0;-999;   0;  -999;   5.0;    -999;    1.2;   75.04;    4.6;   -3.9;   -5.5;eor
        151;20200206;-999;-999;-999;    3;   0.0;   0;-999;   0;  -999;   4.7;    -999;   -1.8;   87.17;    2.6;   -5.8;   -7.3;eor
        151;20200207;-999;-999;-999;    3;   0.0;   0;-999;   0;  -999;   5.2;    -999;    0.2;   84.92;    3.6;   -4.2;   -5.7;eor
        151;20200208;-999;-999;-999;    3;   0.0;   0;-999;   0;  -999;   5.1;    -999;   -0.7;   87.54;    6.1;   -6.0;   -7.3;eor
        151;20200209;-999;-999;-999;    3;   5.9;   4;-999;   0;  -999;   6.1;    -999;    4.2;   76.33;   11.3;   -2.7;   -4.7;eor
        151;20200210;-999;-999;-999;    3;  20.6;   4;-999;   0;  -999;   7.5;    -999;    8.4;   68.58;   12.8;    3.0;    2.1;eor
        151;20200211;-999;-999;-999;    3;   5.5;   4;-999;   0;  -999;   5.9;    -999;    3.6;   75.08;    6.2;    0.3;   -0.1;eor
        151;20200212;-999;-999;-999;    3;   4.2;   4;-999;   2;  -999;   6.0;    -999;    2.2;   83.58;    4.0;    0.9;   -0.5;eor
        151;20200213;-999;-999;-999;    3;   7.1;   4;-999;   0;  -999;   6.6;    -999;    2.7;   88.92;    5.3;   -1.7;   -3.9;eor
        151;20200214;-999;-999;-999;    3;   0.8;   4;-999;   0;  -999;   7.7;    -999;    5.0;   88.50;    7.3;    3.5;    1.6;eor
        151;20200215;-999;-999;-999;    3;   0.0;   0;-999;   0;  -999;   7.6;    -999;    4.6;   89.58;    9.2;    0.5;   -1.7;eor
        151;20200216;-999;-999;-999;    3;   0.1;   4;-999;   0;  -999;   7.1;    -999;    7.7;   68.04;   12.1;    3.5;    0.5;eor
        151;20200217;-999;-999;-999;    3;   6.6;   4;-999;   0;  -999;   8.7;    -999;    8.7;   79.17;   13.2;    6.1;    4.9;eor
        151;20200218;-999;-999;-999;    3;   2.6;   4;-999;   0;  -999;   6.9;    -999;    5.3;   77.46;    8.0;    3.5;    2.6;eor
        151;20200219;-999;-999;-999;    3;   1.7;   4;-999;   0;  -999;   6.2;    -999;    4.0;   75.46;    5.8;    0.7;   -2.3;eor
        151;20200220;-999;-999;-999;    3;   2.8;   4;-999;   0;  -999;   6.8;    -999;    3.6;   84.96;    7.0;   -1.4;   -3.5;eor
        151;20200221;-999;-999;-999;    3;   0.0;   0;-999;   0;  -999;   5.8;    -999;    4.6;   69.04;    7.1;    2.2;   -0.1;eor
        151;20200222;-999;-999;-999;    3;   1.3;   4;-999;   0;  -999;   5.5;    -999;    7.7;   53.46;   12.1;    1.7;   -1.8;eor
        151;20200223;-999;-999;-999;    3;   4.6;   4;-999;   0;  -999;   9.8;    -999;   10.0;   80.25;   13.6;    6.1;    5.3;eor
        151;20200224;-999;-999;-999;    3;   0.0;   4;-999;   0;  -999;   7.4;    -999;    5.1;   83.67;    9.3;    2.3;    0.5;eor
        151;20200225;-999;-999;-999;    3;   3.9;   4;-999;   0;  -999;   8.7;    -999;    7.6;   82.83;   10.2;    4.4;    2.8;eor
        151;20200226;-999;-999;-999;    3;   3.4;   4;-999;   0;  -999;   6.2;    -999;    2.6;   84.50;    4.8;    0.2;    0.0;eor
        151;20200227;-999;-999;-999;    3;  13.5;   4;-999;   0;  -999;   5.8;    -999;    2.1;   82.08;    5.3;    0.2;    0.0;eor
        151;20200228;-999;-999;-999;    3;   2.3;   4;-999;   6;  -999;   5.8;    -999;    1.5;   85.71;    3.9;    0.5;   -1.8;eor
        151;20200229;-999;-999;-999;    3;   4.1;   4;-999;   3;  -999;   6.9;    -999;    3.7;   86.42;    7.0;    0.3;    0.0;eor
        151;20200301;-999;-999;-999;    3;   1.6;   4;-999;   0;  -999;   7.7;    -999;    6.9;   77.58;   11.7;    3.6;    0.3;eor
        151;20200302;-999;-999;-999;    3;   0.8;   4;-999;   0;  -999;   6.5;    -999;    6.7;   67.46;   10.9;    2.2;   -0.6;eor
        151;20200303;-999;-999;-999;    3;   0.6;   4;-999;   0;  -999;   6.7;    -999;    3.9;   83.21;    6.6;   -2.3;   -4.3;eor
        151;20200304;-999;-999;-999;    3;   0.4;   4;-999;   0;  -999;   5.8;    -999;    0.6;   90.17;    5.8;   -4.1;   -5.5;eor
        151;20200305;-999;-999;-999;    3;   8.2;   4;-999;   0;  -999;   6.4;    -999;    2.9;   86.42;    8.2;   -3.8;   -5.3;eor
        151;20200306;-999;-999;-999;    3;   3.3;   4;-999;   0;  -999;   7.7;    -999;    5.5;   85.21;    7.4;    3.2;    2.5;eor
        151;20200307;-999;-999;-999;    3;   1.2;   4;-999;   0;  -999;   6.7;    -999;    3.5;   86.00;    5.5;    1.4;   -0.4;eor
        151;20200308;-999;-999;-999;    3;   0.1;   4;-999;   0;  -999;   6.1;    -999;    4.5;   74.29;    9.5;   -1.1;   -3.5;eor
        151;20200309;-999;-999;-999;    3;   0.6;   4;-999;   0;  -999;   7.1;    -999;    5.3;   80.38;    9.7;    1.0;   -2.2;eor
        151;20200310;-999;-999;-999;    3;   9.9;   4;-999;   0;  -999;   7.7;    -999;    4.4;   91.42;    9.6;    0.6;   -2.4;eor
        151;20200311;-999;-999;-999;    3;   0.7;   4;-999;   0;  -999;  11.3;    -999;   11.1;   85.25;   12.6;    9.3;    5.3;eor
        151;20200312;-999;-999;-999;    3;   1.1;   4;-999;   0;  -999;   9.8;    -999;   11.0;   75.04;   16.4;    5.9;    4.6;eor
        151;20200313;-999;-999;-999;    3;   0.0;   0;-999;   0;  -999;   6.1;    -999;    6.0;   66.50;    9.5;    0.4;   -2.4;eor
        151;20200314;-999;-999;-999;    3;   0.0;   0;-999;   0;  -999;   5.7;    -999;    2.8;   78.42;    9.4;   -2.4;   -4.2;eor
        151;20200315;-999;-999;-999;    3;   0.0;   0;-999;   0;  -999;   4.4;    -999;    3.6;   64.00;   12.4;   -4.2;   -5.9;eor
        151;20200316;-999;-999;-999;    3;   0.0;   0;-999;   0;  -999;   6.2;    -999;    6.7;   67.92;   18.3;   -3.3;   -5.1;eor
        151;20200317;-999;-999;-999;    3;   0.5;   4;-999;   0;  -999;   9.6;    -999;    8.7;   85.29;   14.8;    3.8;    1.4;eor
        151;20200318;-999;-999;-999;    3;   0.0;   0;-999;   0;  -999;   9.8;    -999;    8.2;   90.00;   16.3;    3.2;    1.1;eor
        151;20200319;-999;-999;-999;    3;   0.0;   0;-999;   0;  -999;   9.1;    -999;   10.0;   77.50;   18.5;    2.8;    0.7;eor
        151;20200320;-999;-999;-999;    3;   1.5;   4;-999;   0;  -999;   9.0;    -999;    9.0;   79.75;   18.2;    1.5;   -0.3;eor
        151;20200321;-999;-999;-999;    3;   1.3;   4;-999;   0;  -999;   6.3;    -999;    3.3;   80.71;    6.0;    1.1;   -0.7;eor
        151;20200322;-999;-999;-999;    3;   0.0;   0;-999;   0;  -999;   3.2;    -999;    1.0;   49.88;    5.3;   -2.9;   -6.5;eor
        151;20200323;-999;-999;-999;    3;   0.0;   0;-999;   0;  -999;   2.8;    -999;   -0.2;   48.75;    5.6;   -6.6;   -8.9;eor
        151;20200324;-999;-999;-999;    3;   0.0;   0;-999;   0;  -999;   2.7;    -999;   -0.2;   50.29;    7.7;   -7.8;   -9.6;eor
        151;20200325;-999;-999;-999;    3;   0.0;   0;-999;   0;  -999;   2.9;    -999;    1.6;   44.46;    7.2;   -5.1;   -8.6;eor
        151;20200326;-999;-999;-999;    3;   0.0;   0;-999;   0;  -999;   4.4;    -999;    3.9;   54.42;    9.0;   -1.3;   -3.8;eor
        151;20200327;-999;-999;-999;    3;   0.0;   0;-999;   0;  -999;   5.7;    -999;    9.7;   49.17;   17.5;    0.2;   -3.3;eor
        151;20200328;-999;-999;-999;    3;   0.0;   0;-999;   0;  -999;   6.1;    -999;    8.4;   60.13;   18.7;   -1.1;   -3.8;eor
        151;20200329;-999;-999;-999;    1;   0.0;   0;-999;   0;  -999;   5.5;    -999;    3.7;   70.54;    9.5;   -1.2;   -4.0;eor
        151;20200330;-999;-999;-999;    1;   0.0;   0;-999;   0;  -999;   3.1;    -999;    1.8;   47.13;    7.3;   -2.6;   -5.1;eor
        151;20200331;-999;-999;-999;    1;   0.0;   0;-999;   0;  -999;   3.9;    -999;    0.7;   61.46;    6.4;   -5.1;   -8.0;eor
        151;20200401;-999;-999;-999;    1;   0.0;   0;-999;   0;  -999;   3.5;    -999;    1.1;   59.21;   10.4;   -7.6;   -9.6;eor
        151;20200402;-999;-999;-999;    1;   0.0;   0;-999;   0;  -999;   4.0;    -999;    4.0;   56.54;   14.1;   -6.1;   -8.2;eor
        151;20200403;-999;-999;-999;    1;   0.0;   0;-999;   0;  -999;   5.7;    -999;    4.7;   67.58;   11.5;   -3.5;   -5.9;eor
        151;20200404;-999;-999;-999;    1;   0.0;   0;-999;   0;  -999;   5.9;    -999;    6.6;   65.63;   15.2;   -1.3;   -4.0;eor
        151;20200405;-999;-999;-999;    1;   0.0;   0;-999;   0;  -999;   5.4;    -999;    8.5;   55.29;   17.6;   -2.1;   -4.6;eor
        151;20200406;-999;-999;-999;    1;   0.0;   0;-999;   0;  -999;   6.2;    -999;   10.1;   56.13;   22.0;   -1.6;   -4.5;eor
        151;20200407;-999;-999;-999;    1;   0.0;   0;-999;   0;  -999;   6.4;    -999;   12.6;   51.92;   23.2;    0.6;   -1.8;eor
        151;20200408;-999;-999;-999;    1;   0.0;   0;-999;   0;  -999;   6.4;    -999;   12.5;   51.08;   23.2;    2.1;   -1.6;eor
        151;20200409;-999;-999;-999;    1;   0.0;   0;-999;   0;  -999;   6.9;    -999;   12.8;   53.58;   23.2;    1.7;   -1.1;eor
        151;20200410;-999;-999;-999;    1;   0.0;   0;-999;   0;  -999;   7.8;    -999;   13.5;   54.75;   22.4;    5.8;    1.8;eor
        151;20200411;-999;-999;-999;    1;   0.0;   0;-999;   0;  -999;   7.1;    -999;   11.6;   57.58;   20.8;    3.1;   -0.4;eor
        151;20200412;-999;-999;-999;    1;   0.0;   0;-999;   0;  -999;   7.0;    -999;   13.2;   52.96;   23.3;    1.4;   -1.0;eor
        151;20200413;-999;-999;-999;    1;   5.4;   4;-999;   0;  -999;   8.0;    -999;    9.3;   71.21;   21.4;   -0.1;   -1.8;eor
        151;20200414;-999;-999;-999;    1;   0.0;   0;-999;   0;  -999;   4.3;    -999;    3.0;   60.33;    8.9;   -2.6;   -4.6;eor
        151;20200415;-999;-999;-999;    1;   0.0;   0;-999;   0;  -999;   5.1;    -999;    6.9;   56.92;   17.8;   -2.9;   -4.5;eor
        151;20200416;-999;-999;-999;    1;   0.0;   0;-999;   0;  -999;   6.1;    -999;   11.5;   52.79;   22.9;   -0.5;   -2.0;eor
        151;20200417;-999;-999;-999;    1;   0.0;   0;-999;   0;  -999;   8.3;    -999;   14.4;   55.21;   24.7;    4.4;    1.6;eor
        151;20200418;-999;-999;-999;    1;   1.7;   4;-999;   0;  -999;  10.0;    -999;   14.3;   64.08;   22.2;    5.4;    2.6;eor
        151;20200419;-999;-999;-999;    1;   0.0;   0;-999;   0;  -999;   9.8;    -999;   11.6;   73.29;   17.1;    5.9;    1.9;eor
        151;20200420;-999;-999;-999;    1;   0.0;   0;-999;   0;  -999;   5.2;    -999;   10.6;   42.54;   16.5;    4.2;    0.5;eor
        151;20200421;-999;-999;-999;    1;   0.0;   0;-999;   0;  -999;   5.1;    -999;   12.4;   37.04;   18.8;    4.6;   -0.5;eor
        151;20200422;-999;-999;-999;    1;   0.0;   0;-999;   0;  -999;   5.4;    -999;   13.6;   35.96;   20.6;    5.4;    1.3;eor
        151;20200423;-999;-999;-999;    1;   0.0;   0;-999;   0;  -999;   6.1;    -999;   12.8;   45.67;   21.1;    3.8;   -0.5;eor
        151;20200424;-999;-999;-999;    1;   0.0;   0;-999;   0;  -999;   7.0;    -999;   12.1;   54.92;   21.0;    1.8;   -0.6;eor
        151;20200425;-999;-999;-999;    1;   0.0;   0;-999;   0;  -999;   6.4;    -999;   10.2;   55.38;   18.1;    2.8;   -0.3;eor
        151;20200426;-999;-999;-999;    1;   0.0;   0;-999;   0;  -999;   5.9;    -999;   10.0;   54.75;   19.6;    0.1;   -2.1;eor
        151;20200427;-999;-999;-999;    1;   0.0;   0;-999;   0;  -999;   8.1;    -999;   11.8;   60.63;   21.3;    1.4;   -0.5;eor
        151;20200428;-999;-999;-999;    1;   3.4;   4;-999;   0;  -999;  10.5;    -999;   14.3;   66.33;   21.2;    7.3;    4.0;eor
        151;20200429;-999;-999;-999;    1;   1.6;   4;-999;   0;  -999;  11.2;    -999;   12.0;   80.50;   16.2;    6.9;    4.0;eor
        151;20200430;-999;-999;-999;    1;   0.2;   4;-999;   0;  -999;  10.2;    -999;   11.0;   78.58;   17.1;    5.6;    2.6;eor
        151;20200501;-999;-999;-999;    1;   3.4;   4;-999;-999;  -999;   8.9;    -999;   10.5;   72.88;   16.6;    5.9;    3.3;eor
        151;20200502;-999;-999;-999;    1;   0.0;   0;-999;-999;  -999;   7.6;    -999;    9.1;   67.50;   15.4;    3.4;    0.8;eor
        151;20200503;-999;-999;-999;    1;   0.0;   0;-999;-999;  -999;   7.6;    -999;    9.9;   65.58;   16.8;    3.7;    1.5;eor
        151;20200504;-999;-999;-999;    1;   9.9;   4;-999;-999;  -999;   9.5;    -999;   11.3;   73.96;   19.8;    5.4;    3.4;eor
        151;20200505;-999;-999;-999;    1;   0.0;   0;-999;-999;  -999;   6.8;    -999;    8.7;   63.83;   15.7;    1.3;   -0.9;eor
        151;20200506;-999;-999;-999;    1;   0.0;   0;-999;-999;  -999;   6.1;    -999;    7.4;   63.58;   15.2;   -1.1;   -2.8;eor
        151;20200507;-999;-999;-999;    1;   0.0;   0;-999;-999;  -999;   6.6;    -999;   11.4;   56.08;   22.1;    0.3;   -1.8;eor
        151;20200508;-999;-999;-999;    1;   0.0;   0;-999;-999;  -999;   8.2;    -999;   15.6;   52.75;   26.1;    4.0;    2.1;eor
        151;20200509;-999;-999;-999;    1;   3.0;   4;-999;-999;  -999;  11.4;    -999;   15.4;   66.92;   23.3;    8.3;    6.3;eor
        151;20200510;-999;-999;-999;    1;   0.0;   0;-999;-999;  -999;  14.2;    -999;   16.2;   78.63;   22.2;   10.4;    9.3;eor
        151;20200511;-999;-999;-999;    1;  19.8;   4;-999;-999;  -999;  10.3;    -999;    8.6;   89.17;   18.4;    1.2;   -0.1;eor
        151;20200512;-999;-999;-999;    1;   0.0;   0;-999;-999;  -999;   5.5;    -999;    6.1;   63.42;   13.6;   -1.1;   -2.8;eor
        151;20200513;-999;-999;-999;    1;   6.6;   4;-999;-999;  -999;   7.4;    -999;    7.3;   74.96;   13.9;    0.9;    0.0;eor
        151;20200514;-999;-999;-999;    1;   0.0;   0;-999;-999;  -999;   8.9;    -999;   10.0;   73.96;   16.3;    6.7;    5.4;eor
        151;20200515;-999;-999;-999;    1;   0.0;   0;-999;-999;  -999;   7.7;    -999;   10.7;   61.58;   15.0;    4.6;    2.6;eor
        151;20200516;-999;-999;-999;    1;   0.0;   0;-999;-999;  -999;   8.2;    -999;   11.2;   66.54;   20.0;    2.3;    0.5;eor
        151;20200517;-999;-999;-999;    1;   0.0;   0;-999;-999;  -999;   8.0;    -999;   12.7;   59.83;   20.6;    3.9;    2.5;eor
        151;20200518;-999;-999;-999;    1;   0.0;   0;-999;-999;  -999;   8.6;    -999;   14.6;   57.46;   23.6;    3.6;    1.8;eor
        151;20200519;-999;-999;-999;    1;   0.0;   0;-999;-999;  -999;  10.2;    -999;   17.4;   55.79;   26.2;    6.7;    4.9;eor
        151;20200520;-999;-999;-999;    1;   0.0;   0;-999;-999;  -999;  11.6;    -999;   14.6;   70.79;   20.4;    8.5;    6.6;eor
        151;20200521;-999;-999;-999;    1;   0.0;   0;-999;-999;  -999;   9.8;    -999;   16.4;   57.67;   24.0;    7.6;    5.5;eor
        151;20200522;-999;-999;-999;    1;   1.4;   4;-999;-999;  -999;  11.5;    -999;   17.3;   60.67;   24.8;    7.0;    5.4;eor
        151;20200523;-999;-999;-999;    1;   3.5;   4;-999;-999;  -999;  12.8;    -999;   13.5;   81.75;   18.0;    9.2;    7.8;eor
        151;20200524;-999;-999;-999;    1;   0.4;   4;-999;-999;  -999;   9.0;    -999;   12.8;   63.13;   17.6;    9.1;    8.4;eor
        151;20200525;-999;-999;-999;    1;   3.2;   4;-999;-999;  -999;  10.4;    -999;   13.4;   68.33;   18.4;    6.6;    4.4;eor
        151;20200526;-999;-999;-999;    1;   0.0;   0;-999;-999;  -999;   9.0;    -999;   11.8;   68.25;   19.4;    4.3;    2.4;eor
        151;20200527;-999;-999;-999;    1;   0.9;   4;-999;-999;  -999;   9.2;    -999;   14.6;   59.67;   22.8;    4.2;    2.2;eor
        151;20200528;-999;-999;-999;    1;   0.1;   4;-999;-999;  -999;   9.3;    -999;   13.9;   61.71;   20.3;    9.3;    7.6;eor
        151;20200529;-999;-999;-999;    1;   0.0;   0;-999;-999;  -999;   8.1;    -999;   13.2;   56.29;   21.2;    5.6;    3.6;eor
        151;20200530;-999;-999;-999;    1;   0.0;   0;-999;-999;  -999;   7.6;    -999;   13.1;   52.13;   19.3;    6.2;    3.6;eor
        151;20200531;-999;-999;-999;    1;   0.0;   0;-999;-999;  -999;   8.6;    -999;   12.5;   61.08;   18.8;    4.8;    2.5;eor
        151;20200601;-999;-999;-999;    1;   0.0;   0;-999;-999;  -999;   9.3;    -999;   16.8;   54.83;   26.1;    5.8;    3.7;eor
        151;20200602;-999;-999;-999;    1;   0.0;   0;-999;-999;  -999;   9.1;    -999;   18.0;   50.29;   26.7;    7.2;    4.8;eor
        151;20200603;-999;-999;-999;    1;   0.1;   4;-999;-999;  -999;  10.3;    -999;   18.0;   54.21;   27.4;    8.4;    6.3;eor
        151;20200604;-999;-999;-999;    1;   9.0;   4;-999;-999;  -999;  13.5;    -999;   14.3;   82.21;   18.9;    9.8;    7.7;eor
        151;20200605;-999;-999;-999;    1;   4.1;   4;-999;-999;  -999;  11.2;    -999;   12.6;   77.08;   15.7;   10.3;    8.9;eor
        151;20200606;-999;-999;-999;    1;   3.8;   4;-999;-999;  -999;  11.1;    -999;   12.2;   78.71;   15.0;    9.1;    8.9;eor
        151;20200607;-999;-999;-999;    1;   9.8;   4;-999;-999;  -999;  12.2;    -999;   11.4;   90.25;   13.1;    8.7;    7.0;eor
        151;20200608;-999;-999;-999;    1;   0.2;   4;-999;-999;  -999;  11.3;    -999;   12.0;   81.50;   17.9;    7.5;    5.7;eor
        151;20200609;-999;-999;-999;    1;  14.6;   4;-999;-999;  -999;  13.6;    -999;   12.9;   90.58;   14.4;   11.5;   11.0;eor
