STATIONS_ID;MESS_DATUM;QN_3;  FX;  FM;QN_4; RSK;RSKF; SDK;SHK_TAG;  NM; VPM;  PM; TMK; UPM; TXK; TNK; TGK;eor
       4280;20181208;   10;  16.2;   7.1;    3;   4.5;   6;-999;   0;   7.2;   7.3;  964.39;    5.8;   78.50;    7.5;    4.2;    2.4;eor
       4280;20181209;   10;  19.5;   6.9;    3;   3.6;   6;-999;   0;   7.7;   8.2;  958.28;    6.3;   86.08;    7.8;    4.9;    3.5;eor
       4280;20181210;   10;  14.5;   5.8;    3;   1.9;   8;-999;   0;   7.1;   6.4;  971.93;    3.1;   83.88;    5.3;    1.2;   -0.4;eor
       4280;20181211;   10;  13.2;   5.3;    3;   0.0;   8;-999;   0;   7.7;   5.8;  974.55;    2.1;   82.33;    3.3;    1.4;   -0.5;eor
       4280;20181212;   10;   7.1;   2.4;    3;   0.0;   8;-999;   0;   7.7;   5.8;  975.66;    1.2;   87.25;    2.6;   -2.7;   -3.8;eor
       4280;20181213;   10;  10.3;   3.5;    3;   0.0;   0;-999;   0;   6.3;   4.3;  971.90;   -1.8;   80.13;    0.5;   -5.2;   -7.2;eor
       4280;20181214;   10;   7.3;   2.8;    3;   0.0;   0;-999;   0;   8.0;   4.0;  974.01;   -1.4;   72.33;   -0.9;   -1.9;   -2.1;eor
       4280;20181215;   10;   6.9;   2.3;    3;   0.0;   0;-999;   0;   8.0;   3.7;  977.58;   -1.8;   68.33;   -1.4;   -3.3;   -5.6;eor
       4280;20181216;   10;   8.1;   2.3;    3;   0.4;   8;-999;   0;   7.9;   4.4;  969.03;   -2.2;   83.96;    0.3;   -5.1;   -7.8;eor
       4280;20181217;   10;   6.9;   2.0;    3;   0.4;   6;-999;   0;   7.9;   6.5;  975.89;    1.7;   93.00;    4.8;    0.0;   -0.1;eor
       4280;20181218;   10;   7.4;   2.4;    3;   0.0;   0;-999;   0;   6.2;   6.2;  979.15;    1.2;   93.54;    4.3;   -1.9;   -4.2;eor
       4280;20181219;   10;   5.7;   2.3;    3;   7.5;   6;-999;   0;   7.9;   6.0;  971.67;    0.8;   91.92;    2.1;   -1.4;   -3.8;eor
       4280;20181220;   10;   7.2;   2.6;    3;   0.5;   6;-999;   0;   8.0;   7.3;  971.59;    3.7;   92.13;    5.8;    1.5;    0.8;eor
       4280;20181221;   10;  15.5;   5.2;    3;   5.0;   6;-999;   0;   7.8;   8.3;  967.54;    6.5;   84.88;   10.0;    3.8;    2.1;eor
       4280;20181222;   10;  20.0;   6.1;    3;   6.3;   6;-999;   0;   7.6;   9.6;  969.53;    8.8;   84.71;   10.1;    7.2;    5.0;eor
       4280;20181223;   10;  15.1;   3.8;    3;  19.9;   6;-999;   0;   7.7;   9.3;  973.75;    7.1;   91.58;   11.0;    5.8;    3.9;eor
       4280;20181224;   10;  17.2;   4.4;    3;   0.5;   6;-999;   0;   7.9;   7.5;  977.89;    4.0;   90.50;   11.2;    0.3;   -1.5;eor
       4280;20181225;   10;   7.0;   2.5;    3;   0.0;   0;-999;   0;   7.8;   5.5;  987.70;    0.3;   88.17;    2.0;   -1.8;   -3.5;eor
       4280;20181226;   10;   5.5;   2.1;    3;   0.0;   6;-999;   0;   4.8;   5.0;  985.64;   -1.2;   89.79;    1.7;   -3.4;   -5.3;eor
       4280;20181227;   10;   3.3;   1.1;    3;   0.0;   0;-999;   0;   7.8;   5.2;  981.47;   -0.1;   86.29;    3.7;   -1.9;   -3.2;eor
       4280;20181228;   10;   5.6;   1.7;    3;   0.0;   8;-999;   0;   5.0;   5.1;  981.62;    0.0;   85.04;    5.6;   -3.0;   -5.2;eor
       4280;20181229;   10;  10.7;   3.0;    3;   2.3;   8;-999;   0;   7.8;   5.8;  984.65;   -0.1;   94.46;    2.2;   -2.3;   -2.1;eor
       4280;20181230;   10;  13.1;   5.8;    3;   0.5;   6;-999;   0;   7.8;   7.2;  983.29;    3.9;   89.21;    5.4;    2.2;    1.7;eor
       4280;20181231;   10;   5.9;   2.7;    3;   0.9;   6;-999;   0;   7.9;   8.4;  985.73;    4.6;   98.21;    5.9;    3.5;    3.2;eor
       4280;20190101;   10;  14.5;   5.6;    3;   1.2;   8;-999;   0;   7.8;   7.9;  980.59;    5.0;   90.79;    5.9;    1.8;    1.4;eor
       4280;20190102;   10;  15.3;   5.6;    3;   1.1;   8;-999;   0;   6.0;   4.8;  981.90;    0.7;   73.54;    2.7;   -1.1;   -2.8;eor
       4280;20190103;   10;   8.8;   3.3;    3;   0.0;   7;-999;   0;   5.8;   4.1;  987.97;   -1.7;   76.08;    0.8;   -4.7;   -6.5;eor
       4280;20190104;   10;  10.8;   3.7;    3;   2.6;   8;-999;   0;   7.8;   5.2;  986.28;   -0.5;   88.04;    0.7;   -2.5;   -4.7;eor
       4280;20190105;   10;  12.0;   5.8;    3;  10.2;   8;-999;   1;   7.7;   6.5;  979.02;    1.3;   96.46;    3.6;    0.2;   -0.1;eor
       4280;20190106;   10;   8.6;   3.6;    3;   2.5;   6;-999;   0;   7.7;   7.8;  981.30;    3.9;   96.25;    4.5;    3.1;    2.5;eor
       4280;20190107;   10;   8.9;   4.0;    3;   2.4;   8;-999;   0;   7.7;   7.0;  983.38;    2.9;   93.42;    3.8;    1.2;    0.3;eor
       4280;20190108;   10;  16.2;   7.6;    3;   2.3;   8;-999;   0;   7.0;   6.6;  967.94;    2.7;   89.29;    4.6;    0.7;    0.1;eor
       4280;20190109;   10;  14.2;   6.3;    3;   1.4;   8;-999;   0;   7.5;   5.6;  964.79;    0.4;   88.83;    2.1;   -0.7;   -1.1;eor
       4280;20190110;   10;   8.4;   3.6;    3;   0.0;   8;-999;   1;   7.9;   4.8;  974.40;   -0.7;   81.67;    0.5;   -2.3;   -3.2;eor
       4280;20190111;   10;  11.2;   3.3;    3;   5.1;   8;-999;   0;   7.4;   4.6;  976.78;   -1.9;   86.50;    0.1;   -2.7;   -3.1;eor
       4280;20190112;   10;  12.3;   5.6;    3;   7.4;   8;-999;   5;   7.7;   6.3;  972.67;    1.0;   95.21;    1.8;    0.0;   -0.8;eor
       4280;20190113;   10;  17.0;   5.9;    3;  10.4;   8;-999;   0;   7.5;   7.6;  960.70;    3.7;   94.63;    7.0;    0.9;    0.2;eor
       4280;20190114;   10;  15.6;   5.9;    3;   1.1;   8;-999;   0;   7.4;   6.1;  963.07;    2.8;   81.71;    5.1;    0.6;   -0.5;eor
       4280;20190115;   10;  12.1;   5.6;    3;   0.0;   8;-999;   0;   7.9;   5.7;  973.19;    2.2;   78.92;    4.0;    0.5;   -0.9;eor
       4280;20190116;   10;   9.6;   3.3;    3;   0.0;   0;-999;   0;   7.8;   5.7;  967.58;    2.5;   78.25;    5.2;   -1.6;   -3.9;eor
       4280;20190117;   10;  15.5;   4.3;    3;   2.1;   8;-999;   0;   7.4;   6.2;  961.38;    3.1;   80.67;    7.3;   -1.2;   -3.2;eor
       4280;20190118;   10;   8.7;   2.5;    3;   0.3;   7;-999;   0;   6.4;   4.7;  971.57;   -1.5;   86.42;    1.4;   -6.4;   -8.5;eor
       4280;20190119;   10;   6.9;   1.3;    3;   0.0;   0;-999;   0;   3.4;   3.2;  970.34;   -5.0;   77.21;    1.1;   -9.6;  -12.2;eor
       4280;20190120;   10;   5.4;   1.1;    3;   0.0;   0;-999;   0;   2.9;   3.2;  969.87;   -6.9;   87.83;   -2.8;  -11.0;  -12.4;eor
       4280;20190121;   10;   4.3;   0.9;    3;   0.0;   0;-999;   0;   1.1;   3.1;  973.68;   -6.9;   83.17;   -0.2;  -12.4;  -13.7;eor
       4280;20190122;   10;   6.5;   2.3;    3;   0.0;   7;-999;   0;   8.0;   3.7;  965.11;   -4.9;   86.25;   -3.5;   -8.1;   -9.4;eor
       4280;20190123;   10;   5.9;   2.3;    3;   1.7;   7;-999;   1;   7.9;   3.7;  954.04;   -5.2;   88.25;   -4.3;   -5.7;   -6.6;eor
       4280;20190124;   10;   3.1;   1.1;    3;   0.4;   7;-999;   3;   7.5;   4.0;  962.00;   -4.2;   90.00;   -2.2;   -5.3;   -6.6;eor
       4280;20190125;   10;   6.2;   2.2;    3;   1.8;   8;-999;   5;   7.7;   3.8;  969.08;   -4.3;   85.42;   -1.9;   -6.2;   -7.9;eor
       4280;20190126;   10;  12.4;   4.3;    3;   1.7;   6;-999;   6;   7.8;   6.1;  963.69;    0.9;   92.17;    3.2;   -2.6;   -2.7;eor
       4280;20190127;   10;  11.2;   3.9;    3;   0.6;   8;-999;   1;   7.6;   6.4;  949.07;    4.0;   78.46;    6.6;    1.5;    0.0;eor
       4280;20190128;   10;  14.9;   5.9;    3;   2.2;   8;-999;   0;   7.8;   5.6;  951.52;    1.4;   83.75;    2.7;    0.2;   -0.4;eor
       4280;20190129;   10;   9.2;   3.1;    3;   0.2;   8;-999;   1;   7.5;   5.0;  959.71;   -0.3;   84.54;    2.8;   -3.2;   -6.9;eor
       4280;20190130;   10;  12.4;   3.3;    3;   0.5;   8;-999;   1;   7.5;   4.4;  951.75;   -0.9;   76.58;    3.7;   -4.5;   -8.3;eor
       4280;20190131;   10;   8.0;   2.3;    3;   0.5;   8;-999;   1;   3.4;   3.8;  952.82;   -1.8;   72.67;    3.3;   -7.7;  -11.8;eor
       4280;20190201;   10;   7.6;   2.2;    3;   4.6;   8;-999;   1;   7.7;   5.2;  947.06;    0.6;   82.58;    3.2;   -1.4;   -1.5;eor
       4280;20190202;   10;   5.4;   1.1;    3;   0.1;   6;-999;   0;   7.4;   6.5;  951.45;    1.4;   96.21;    5.7;   -0.4;   -1.2;eor
       4280;20190203;   10;  11.4;   3.9;    3;   3.3;   8;-999;   0;   7.6;   5.8;  967.06;    0.1;   93.29;    1.6;   -1.2;   -2.7;eor
       4280;20190204;   10;   4.7;   1.8;    3;   0.0;   0;-999;   3;   4.0;   4.3;  982.31;   -2.6;   86.42;    2.6;   -7.0;  -14.9;eor
       4280;20190205;   10;   4.8;   2.0;    3;   0.0;   0;-999;   3;   6.8;   4.4;  982.59;   -2.9;   88.83;    0.7;   -7.0;  -10.4;eor
       4280;20190206;   10;   6.7;   2.8;    3;   0.0;   0;-999;   2;   6.9;   3.9;  980.81;   -4.4;   89.13;   -0.9;   -6.8;   -9.6;eor
       4280;20190207;   10;   6.0;   2.5;    3;   3.7;   6;-999;   2;   7.9;   4.9;  971.32;   -2.2;   91.75;    1.5;   -6.0;   -5.9;eor
       4280;20190208;   10;   9.1;   3.0;    3;   0.0;   6;-999;   0;   6.6;   6.1;  971.92;    2.8;   81.96;    7.2;   -0.9;   -3.3;eor
       4280;20190209;   10;  15.9;   3.8;    3;   0.1;   6;-999;   0;   7.7;   6.2;  967.08;    5.3;   69.29;    9.5;   -0.1;   -2.3;eor
       4280;20190210;   10;  17.6;   5.2;    3;   4.5;   8;-999;   0;   7.4;   6.7;  959.07;    5.8;   73.75;   11.2;    0.7;   -0.6;eor
       4280;20190211;   10;  13.6;   6.1;    3;   3.3;   8;-999;   0;   6.5;   6.2;  969.33;    2.6;   83.96;    4.0;    0.4;   -2.3;eor
       4280;20190212;   10;  11.9;   4.5;    3;   0.0;   8;-999;   0;   7.8;   5.3;  985.71;    2.0;   75.00;    3.3;    0.8;   -0.6;eor
       4280;20190213;   10;   6.4;   1.9;    3;   0.0;   0;-999;   0;   5.3;   5.0;  990.19;    1.9;   74.21;    8.3;   -2.9;   -4.4;eor
       4280;20190214;   10;   3.0;   1.0;    3;   0.0;   0;-999;   0;   4.8;   4.7;  990.09;    1.4;   74.04;   10.8;   -3.7;   -5.2;eor
       4280;20190215;   10;   5.1;   1.2;    3;   0.0;   0;-999;   0;   1.3;   5.2;  987.57;    2.7;   73.38;   13.5;   -4.6;   -6.4;eor
       4280;20190216;   10;   4.4;   1.3;    3;   0.0;   0;-999;   0;   0.0;   5.6;  982.96;    2.9;   76.83;   14.0;   -5.2;   -7.2;eor
       4280;20190217;   10;   5.0;   1.7;    3;   0.0;   0;-999;   0;   6.0;   5.6;  979.45;    4.2;   71.96;   14.4;   -2.8;   -5.7;eor
       4280;20190218;   10;   4.5;   1.3;    3;   0.0;   0;-999;   0;   0.6;   5.1;  975.15;    3.9;   67.71;   15.0;   -3.7;   -6.3;eor
       4280;20190219;   10;  12.2;   2.4;    3;   0.0;   0;-999;   0;   5.3;   5.9;  974.44;    3.4;   76.63;   10.9;   -2.9;   -5.7;eor
       4280;20190220;   10;   6.1;   1.8;    3;   0.0;   0;-999;   0;   7.8;   6.3;  978.41;    3.6;   81.13;    9.6;   -2.5;   -4.9;eor
       4280;20190221;   10;   8.0;   2.3;    3;   0.6;   6;-999;   0;   6.5;   7.3;  981.64;    5.4;   81.21;   11.2;   -1.8;   -4.0;eor
       4280;20190222;   10;   8.2;   3.4;    3;   0.0;   6;-999;   0;   6.3;   8.1;  986.98;    7.0;   80.13;    9.9;   -0.2;   -2.6;eor
       4280;20190223;   10;   9.2;   2.6;    3;   0.0;   0;-999;   0;   5.4;   3.4;  993.04;    0.3;   56.71;    5.8;   -4.4;   -7.1;eor
       4280;20190224;   10;   5.0;   1.2;    3;   0.0;   0;-999;   0;   2.5;   3.1;  991.89;    0.2;   53.71;    8.8;   -6.6;   -8.8;eor
       4280;20190225;   10;   4.4;   1.1;    3;   0.0;   0;-999;   0;   4.7;   4.8;  991.14;    3.6;   62.63;   14.5;   -5.1;   -6.8;eor
       4280;20190226;   10;   7.0;   1.5;    3;   0.0;   0;-999;   0;   6.5;   5.5;  987.40;    5.3;   66.96;   15.6;   -2.7;   -4.9;eor
       4280;20190227;   10;   3.4;   1.0;    3;   0.0;   0;-999;   0;   0.5;   5.5;  981.17;    6.5;   61.88;   17.3;   -2.1;   -4.1;eor
       4280;20190228;   10;  15.9;   5.2;    3;   0.5;   6;-999;   0;   1.7;   6.7;  971.47;    9.9;   56.46;   16.6;   -0.3;   -3.5;eor
       4280;20190301;   10;  11.0;   4.5;    3;   2.8;   6;-999;   0;   7.8;   8.7;  968.78;    7.7;   82.33;    9.1;    6.4;    5.6;eor
       4280;20190302;   10;  10.8;   3.0;    3;   0.1;   6;-999;   0;   7.7;   8.1;  971.43;    6.0;   86.38;    7.6;    4.0;    1.7;eor
       4280;20190303;   10;  14.2;   4.5;    3;   0.0;   0;-999;   0;   7.9;   7.8;  967.93;    9.2;   67.96;   11.8;    6.5;    4.5;eor
       4280;20190304;   10;  24.1;   6.0;    3;   0.3;   6;-999;   0;   7.4;   6.5;  957.27;    9.2;   56.75;   13.0;    3.6;    2.1;eor
       4280;20190305;   10;  15.8;   5.6;    3;   0.7;   6;-999;   0;   7.3;   6.7;  964.49;    4.8;   78.75;    8.7;    2.8;    0.5;eor
       4280;20190306;   10;  11.7;   3.4;    3;   0.0;   0;-999;   0;   7.6;   7.6;  963.23;    7.5;   75.08;   12.6;    1.7;   -0.3;eor
       4280;20190307;   10;  21.6;   3.7;    3;   1.1;   6;-999;   0;   6.1;   7.6;  958.04;    8.0;   71.38;   12.0;    4.4;    0.9;eor
       4280;20190308;   10;  18.3;   5.2;    3;   1.4;   6;-999;   0;   7.1;   6.6;  968.84;    6.1;   71.54;   11.2;    1.4;   -0.6;eor
       4280;20190309;   10;  21.3;   6.9;    3;   2.5;   6;-999;   0;   7.8;   7.7;  970.00;    7.8;   72.42;   10.2;    4.8;    3.0;eor
       4280;20190310;   10;  25.9;   7.8;    3;   8.1;   8;-999;   0;   6.5;   8.4;  964.78;    8.9;   73.58;   13.7;    1.4;    0.2;eor
       4280;20190311;   10;  20.9;   6.5;    3;   3.8;   8;-999;   0;   6.3;   5.6;  972.05;    2.8;   74.96;    5.8;    0.3;   -0.6;eor
       4280;20190312;   10;  11.9;   4.8;    3;   0.0;   6;-999;   0;   6.8;   4.8;  973.44;    5.0;   57.79;    9.0;    0.9;   -0.2;eor
       4280;20190313;   10;  21.0;   6.8;    3;   0.4;   8;-999;   0;   7.1;   5.7;  964.59;    5.8;   63.04;    8.4;    2.6;    1.6;eor
       4280;20190314;   10;  14.6;   6.4;    3;   7.3;   6;-999;   0;   7.7;   7.0;  961.88;    3.8;   87.42;    5.4;    2.6;    1.1;eor
       4280;20190315;   10;  17.8;   6.2;    3;   8.1;   6;-999;   0;   7.0;   9.1;  962.82;    6.9;   89.96;   10.1;    3.3;    1.2;eor
       4280;20190316;   10;  18.2;   6.1;    3;   1.8;   6;-999;   0;   6.5;   9.4;  965.59;    8.8;   83.21;   12.2;    1.8;   -1.0;eor
       4280;20190317;   10;  16.9;   4.7;    3;   2.0;   6;-999;   0;   7.0;   6.8;  961.66;    7.7;   70.00;   18.8;   -0.1;   -2.5;eor
       4280;20190318;   10;  11.2;   4.1;    3;   0.1;   8;-999;   0;   6.6;   5.9;  972.36;    3.6;   75.17;    7.9;   -0.9;   -3.0;eor
       4280;20190319;   10;   7.1;   1.6;    3;   0.0;   0;-999;   0;   4.1;   5.1;  980.98;    2.0;   74.46;    7.7;   -3.5;   -5.4;eor
       4280;20190320;   10;   5.2;   1.1;    3;   0.0;   0;-999;   0;   1.3;   4.4;  987.33;    2.6;   65.13;   10.4;   -4.5;   -6.7;eor
       4280;20190321;   10;   8.3;   1.8;    3;   0.0;   0;-999;   0;   5.5;   4.7;  987.07;    5.3;   59.17;   14.9;   -4.0;   -6.2;eor
       4280;20190322;   10;   7.6;   1.6;    3;   0.0;   0;-999;   0;   5.2;   6.3;  983.90;    7.7;   63.96;   17.8;   -2.2;   -3.8;eor
       4280;20190323;   10;   9.0;   1.6;    3;   0.0;   0;-999;   0;   1.0;   6.8;  980.89;    9.0;   64.29;   19.0;    0.4;   -2.4;eor
       4280;20190324;   10;   9.1;   1.9;    3;   0.0;   0;-999;   0;   2.1;   7.9;  977.28;    7.2;   79.21;   15.5;   -0.4;   -2.5;eor
       4280;20190325;   10;  15.3;   4.4;    3;   2.9;   8;-999;   0;   5.0;   6.3;  974.42;    4.1;   77.67;    7.4;   -1.1;   -2.9;eor
       4280;20190326;   10;  10.0;   2.9;    3;   0.2;   6;-999;   0;   6.3;   5.6;  981.90;    3.4;   74.33;    8.5;   -2.6;   -4.6;eor
       4280;20190327;   10;   7.4;   2.1;    3;   0.0;   0;-999;   0;   7.6;   6.5;  984.98;    6.0;   70.75;   10.0;    3.0;    2.3;eor
       4280;20190328;   10;   5.8;   1.7;    3;   0.0;   0;-999;   0;   7.5;   7.6;  986.77;    7.5;   74.13;   11.8;    2.6;    2.0;eor
       4280;20190329;   10;  11.1;   2.0;    3;   0.0;   0;-999;   0;   1.9;   7.3;  984.17;    8.4;   70.17;   15.8;    1.5;   -0.8;eor
       4280;20190330;   10;   6.4;   1.4;    3;   0.0;   0;-999;   0;   2.5;   6.6;  977.91;    8.7;   63.50;   18.1;   -1.0;   -3.1;eor
       4280;20190331;   10;   6.8;   2.0;    3;   0.0;   0;-999;   0;   1.2;   6.6;  974.73;   10.0;   59.13;   19.3;   -0.1;   -2.0;eor
       4280;20190401;   10;  11.5;   3.1;    3;   0.0;   0;-999;   0;   2.9;   7.5;  973.47;    9.2;   66.71;   16.4;    2.5;    0.2;eor
       4280;20190402;   10;  16.9;   2.6;    3;   0.8;   6;-999;   0;   6.9;   7.2;  965.32;   11.2;   57.63;   20.5;    0.5;   -1.4;eor
       4280;20190403;   10;  13.9;   2.7;    3;   0.0;   0;-999;   0;   7.8;   8.1;  957.20;   11.4;   62.79;   18.3;    4.3;    3.2;eor
       4280;20190404;   10;  11.5;   3.6;    3;   0.0;   6;-999;   0;   7.5;   7.5;  953.67;    7.4;   73.71;   14.1;    4.3;    3.6;eor
       4280;20190405;   10;   5.9;   1.9;    3;   0.0;   6;-999;   0;   7.7;   7.9;  959.15;    6.3;   83.08;   10.0;    4.1;    2.4;eor
       4280;20190406;   10;  11.5;   2.8;    3;   0.0;   0;-999;   0;   7.0;   8.6;  958.99;   10.7;   68.96;   17.8;    5.1;    2.0;eor
       4280;20190407;   10;   8.7;   2.0;    3;   0.0;   0;-999;   0;   5.4;   7.5;  959.53;    9.5;   66.63;   17.3;    0.4;   -2.1;eor
       4280;20190408;   10;   5.9;   1.9;    3;   0.0;   0;-999;   0;   7.6;   9.1;  963.70;   10.6;   72.29;   15.7;    4.5;    2.4;eor
       4280;20190409;   10;  11.0;   1.8;    3;   2.0;   6;-999;   0;   7.7;  10.0;  964.09;    9.9;   82.42;   16.8;    6.0;    4.2;eor
       4280;20190410;   10;   8.9;   3.2;    3;   0.0;   6;-999;   0;   7.5;   7.4;  965.46;    8.4;   68.54;   14.1;    3.4;    1.2;eor
       4280;20190411;   10;   7.7;   3.1;    3;   0.0;   0;-999;   0;   6.8;   5.2;  971.72;    5.4;   59.58;   10.8;   -0.2;   -2.7;eor
       4280;20190412;   10;   8.0;   2.9;    3;   0.0;   0;-999;   0;   6.3;   4.2;  974.37;    3.3;   55.88;    7.5;   -2.5;   -5.1;eor
       4280;20190413;   10;   7.5;   2.5;    3;   0.0;   0;-999;   0;   7.1;   4.4;  972.97;    4.4;   54.21;    9.7;    0.4;   -1.6;eor
       4280;20190414;   10;   9.9;   3.4;    3;   0.0;   0;-999;   0;   6.8;   5.3;  973.88;    4.9;   62.58;   11.2;    0.3;   -0.5;eor
       4280;20190415;   10;  10.0;   2.9;    3;   0.0;   0;-999;   0;   2.3;   5.9;  976.01;    9.1;   55.04;   16.0;    2.4;   -0.8;eor
       4280;20190416;   10;   9.9;   2.6;    3;   0.0;   0;-999;   0;   3.0;   5.1;  972.75;   10.0;   45.67;   17.9;   -1.2;   -3.8;eor
       4280;20190417;   10;  11.0;   2.8;    3;   0.0;   0;-999;   0;   7.0;   5.4;  976.63;   12.2;   40.96;   19.1;    4.7;    3.3;eor
       4280;20190418;   10;  12.3;   3.8;    3;   0.0;   0;-999;   0;   1.8;   7.2;  978.87;   12.8;   52.17;   20.5;    2.2;   -0.3;eor
       4280;20190419;   10;  10.7;   3.1;    3;   0.0;   0;-999;   0;   0.0;   6.5;  981.81;   14.5;   44.25;   22.8;    4.1;    0.3;eor
       4280;20190420;   10;  10.2;   2.4;    3;   0.0;   0;-999;   0;   0.0;   5.5;  981.21;   14.0;   41.00;   23.2;    3.4;    0.3;eor
       4280;20190421;   10;   9.4;   2.1;    3;   0.0;   0;-999;   0;   0.0;   5.3;  974.37;   13.3;   41.33;   22.9;    0.9;   -1.5;eor
       4280;20190422;   10;  11.4;   4.2;    3;   0.0;   0;-999;   0;   3.5;   6.2;  964.59;   14.9;   40.17;   22.9;    2.9;    0.2;eor
       4280;20190423;   10;  12.4;   4.6;    3;   0.0;   6;-999;   0;   7.7;   8.5;  956.29;   15.2;   49.96;   20.7;   10.1;    7.2;eor
       4280;20190424;   10;  19.1;   3.8;    3;   0.0;   0;-999;   0;   4.3;   8.3;  959.28;   17.5;   46.21;   26.6;    7.5;    5.2;eor
       4280;20190425;   10;  10.7;   2.9;    3;   0.0;   0;-999;   0;   4.9;   7.6;  964.67;   16.1;   46.67;   25.3;    4.4;    2.1;eor
       4280;20190426;   10;  11.6;   3.6;    3;   1.8;   6;-999;   0;   5.9;   9.2;  968.32;    9.3;   78.63;   12.3;    7.3;    4.3;eor
       4280;20190427;   10;  19.7;   3.6;    3;   7.6;   6;-999;   0;   7.6;   9.1;  970.55;    9.0;   80.38;   16.1;    4.7;    3.5;eor
       4280;20190428;   10;  10.7;   2.5;    3;   0.0;   6;-999;   0;   7.1;   7.0;  973.69;    6.8;   72.50;   12.1;    3.2;    1.2;eor
       4280;20190429;   10;   9.2;   3.1;    3;   8.1;   6;-999;   0;   7.8;   8.3;  974.32;    6.5;   85.79;   10.4;    2.2;    0.7;eor
       4280;20190430;   10;  10.4;   3.3;    3;   0.0;   0;-999;   0;   5.0;   8.6;  972.12;    9.6;   73.67;   15.9;    4.1;    1.7;eor
       4280;20190501;   10;   6.1;   1.8;    3;   0.0;   0;-999;-999;   1.8;   8.7;  969.91;   10.5;   70.29;   17.7;    0.7;   -0.7;eor
       4280;20190502;   10;  10.9;   3.7;    3;   1.2;   6;-999;-999;   4.6;   8.7;  964.03;   12.8;   62.50;   19.3;    3.5;    1.8;eor
       4280;20190503;   10;   9.4;   3.5;    3;   0.0;   6;-999;-999;   7.5;   8.7;  964.56;   10.1;   71.00;   13.4;    6.0;    4.7;eor
       4280;20190504;   10;  11.3;   3.1;    3;   2.6;   6;-999;-999;   7.7;   7.3;  962.31;    4.8;   84.21;    9.8;    0.3;   -0.4;eor
       4280;20190505;   10;   7.7;   2.2;    3;   0.0;   6;-999;-999;   7.2;   5.9;  970.50;    3.8;   76.04;    8.7;   -0.6;   -2.7;eor
       4280;20190506;   10;   8.6;   2.3;    3;   0.0;   6;-999;-999;   6.0;   5.8;  973.60;    4.5;   71.08;   11.5;   -3.4;   -4.9;eor
       4280;20190507;   10;   7.4;   1.9;    3;   0.0;   0;-999;-999;   5.6;   5.7;  971.95;    7.2;   60.00;   13.3;   -0.2;   -2.6;eor
       4280;20190508;   10;   9.7;   3.1;    3;   1.3;   6;-999;-999;   7.5;   8.9;  961.56;    9.8;   72.50;   14.4;    2.5;    0.1;eor
       4280;20190509;   10;  14.3;   4.5;    3;   1.4;   6;-999;-999;   7.0;   9.8;  957.86;   11.1;   75.17;   15.3;    7.1;    5.6;eor
       4280;20190510;   10;  11.0;   4.0;    3;   0.7;   6;-999;-999;   6.5;   9.4;  965.51;   12.2;   67.54;   17.2;    8.0;    6.1;eor
       4280;20190511;   10;  14.1;   4.2;    3;   2.5;   6;-999;-999;   7.8;  10.7;  965.81;   12.2;   77.04;   20.2;    7.6;    7.4;eor
       4280;20190512;   10;  11.5;   4.4;    3;   0.0;   6;-999;-999;   7.8;   7.2;  981.13;    8.6;   66.42;   13.3;    4.8;    4.5;eor
       4280;20190513;   10;  11.8;   3.3;    3;   0.0;   0;-999;-999;   2.7;   5.5;  986.97;    9.3;   50.00;   15.4;    1.9;   -0.5;eor
       4280;20190514;   10;  16.6;   3.3;    3;   0.0;   6;-999;-999;   4.5;   5.6;  982.38;    6.7;   59.63;   12.7;   -1.0;   -2.3;eor
       4280;20190515;   10;   9.7;   3.0;    3;   0.0;   6;-999;-999;   6.3;   6.1;  976.67;    6.5;   64.67;   11.9;   -0.1;   -2.4;eor
       4280;20190516;   10;   5.3;   1.8;    3;   4.4;   6;-999;-999;   8.0;   8.5;  969.24;    7.6;   81.17;   10.7;    5.6;    5.6;eor
       4280;20190517;   10;   8.9;   2.8;    3;   0.0;   0;-999;-999;   6.4;   9.8;  962.60;   11.6;   74.13;   19.0;    4.5;    3.3;eor
       4280;20190518;   10;  10.2;   2.3;    3;   0.1;   6;-999;-999;   5.7;  10.0;  960.13;   14.2;   65.88;   22.0;    4.5;    2.8;eor
       4280;20190519;   10;   9.3;   2.3;    3;   0.4;   6;-999;-999;   5.1;  10.8;  958.07;   15.6;   65.50;   23.9;    6.4;    4.5;eor
       4280;20190520;   10;  10.2;   3.4;    3;  30.0;   6;-999;-999;   7.7;  14.0;  957.34;   13.4;   90.88;   17.3;   10.5;    9.0;eor
       4280;20190521;   10;  11.4;   5.0;    3;  20.6;   6;-999;-999;   7.6;  13.9;  961.95;   12.6;   95.29;   14.6;   11.3;   11.1;eor
       4280;20190522;   10;   9.6;   4.0;    3;   0.0;   6;-999;-999;   7.5;  12.0;  971.73;   11.8;   86.96;   15.9;    7.0;    5.7;eor
       4280;20190523;   10;   5.9;   1.4;    3;   0.0;   0;-999;-999;   5.8;   9.3;  973.50;   12.7;   67.54;   20.1;    4.5;    2.7;eor
       4280;20190524;   10;   6.2;   1.4;    3;   0.0;   0;-999;-999;   6.3;  10.0;  969.83;   14.9;   63.17;   23.2;    5.3;    4.2;eor
       4280;20190525;   10;  10.0;   1.8;    3;   2.8;   6;-999;-999;   6.5;  12.0;  969.73;   13.9;   77.83;   21.8;    8.0;    6.3;eor
       4280;20190526;   10;   8.1;   2.1;    3;   0.0;   0;-999;-999;   5.3;  11.5;  969.82;   15.8;   67.58;   22.7;    7.3;    6.2;eor
       4280;20190527;   10;   8.0;   2.4;    3;   0.0;   6;-999;-999;   7.5;  11.9;  964.73;   17.1;   63.04;   22.1;    9.4;    7.7;eor
       4280;20190528;   10;  12.2;   3.1;    3;   1.0;   6;-999;-999;   7.8;  12.1;  962.90;   13.5;   78.71;   17.7;    9.1;    8.4;eor
       4280;20190529;   10;   8.1;   2.8;    3;   0.0;   0;-999;-999;   7.5;   9.9;  974.07;   10.5;   79.00;   15.2;    4.4;    2.6;eor
       4280;20190530;   10;   7.1;   1.6;    3;   0.0;   0;-999;-999;   3.6;   8.3;  979.80;   13.6;   58.08;   21.1;    2.5;    0.8;eor
       4280;20190531;   10;   4.5;   1.4;    3;   0.0;   0;-999;-999;   7.5;  12.7;  979.72;   17.4;   65.00;   22.4;   11.4;    9.6;eor
       4280;20190601;   10;   6.1;   1.2;    3;   0.0;   0;-999;-999;   6.0;  12.7;  977.13;   19.1;   61.63;   26.5;    9.5;    8.0;eor
       4280;20190602;   10;  11.0;   2.2;    3;   0.0;   6;-999;-999;   4.2;  13.4;  973.00;   21.3;   57.33;   28.5;   11.3;    9.4;eor
       4280;20190603;   10;  17.2;   2.7;    3;   0.0;   0;-999;-999;   2.7;  13.5;  970.33;   21.4;   57.25;   30.6;   12.0;    9.7;eor
       4280;20190604;   10;   9.0;   2.2;    3;   0.0;   0;-999;-999;   1.5;  13.7;  967.52;   21.8;   56.96;   29.8;   12.1;   10.6;eor
       4280;20190605;   10;  11.3;   2.4;    3;   0.0;   0;-999;-999;   1.6;  13.5;  962.57;   23.2;   51.71;   30.5;   13.0;   10.8;eor
       4280;20190606;   10;  12.1;   4.7;    3;   1.6;   6;-999;-999;   5.6;  12.6;  967.03;   16.5;   67.96;   20.1;   10.7;   10.5;eor
       4280;20190607;   10;  16.2;   3.5;    3;   0.1;   6;-999;-999;   3.6;  12.7;  968.19;   18.4;   63.58;   27.4;    9.7;    9.6;eor
       4280;20190608;   10;  13.9;   3.5;    3;   0.0;   6;-999;-999;   4.5;   8.4;  977.41;   16.5;   48.17;   22.9;    8.3;    6.6;eor
       4280;20190609;   10;   9.5;   2.2;    3;   0.1;   6;-999;-999;   5.9;  11.3;  976.10;   17.5;   59.13;   26.3;    5.8;    4.4;eor
       4280;20190610;   10;  10.6;   2.0;    3;   2.0;   6;-999;-999;   7.2;  15.5;  968.77;   17.4;   79.75;   24.9;   13.1;   11.9;eor
       4280;20190611;   10;   8.4;   3.1;    3;   0.0;   0;-999;-999;   7.3;  15.6;  965.19;   18.5;   74.96;   24.5;   13.8;   13.6;eor
       4280;20190612;   10;  13.1;   2.6;    3;   8.0;   6;-999;-999;   7.8;  14.9;  965.50;   15.7;   83.63;   22.9;   12.5;   12.2;eor
       4280;20190613;   10;   5.6;   1.7;    3;   0.0;   0;-999;-999;   2.1;  12.4;  970.19;   18.0;   64.46;   25.6;   11.5;   10.6;eor
       4280;20190614;   10;  13.1;   2.6;    3;   0.0;   0;-999;-999;   4.0;  14.1;  970.22;   22.1;   56.75;   30.8;    9.6;    8.5;eor
       4280;20190615;   10;  12.3;   4.0;    3;   8.4;   6;-999;-999;   6.8;  15.3;  968.67;   21.4;   61.00;   25.0;   16.5;   15.6;eor
       4280;20190616;   10;   7.1;   2.4;    3;   8.3;   6;-999;-999;   7.1;  16.0;  975.55;   16.1;   88.17;   18.9;   11.6;   10.5;eor
       4280;20190617;   10;   9.1;   1.9;    3;   0.0;   0;-999;-999;   4.3;  14.6;  974.64;   18.4;   73.00;   26.0;   11.6;   10.9;eor
       4280;20190618;   10;  10.4;   1.9;    3;   0.0;   0;-999;-999;   2.8;  15.2;  970.32;   21.5;   62.38;   28.8;   12.7;   11.4;eor
       4280;20190619;   10;   7.7;   2.2;    3;  10.5;   6;-999;-999;   5.8;  14.9;  966.32;   23.7;   54.46;   30.9;   15.9;   15.2;eor
       4280;20190620;   10;  18.5;   2.8;    3;   0.9;   6;-999;-999;   6.5;  16.9;  968.85;   18.8;   79.67;   25.8;   14.5;   13.5;eor
       4280;20190621;   10;   6.6;   1.9;    3;   0.0;   0;-999;-999;   6.3;  15.0;  972.47;   19.1;   70.42;   24.8;   13.3;   12.7;eor
       4280;20190622;   10;  10.6;   2.8;    3;   4.8;   8;-999;-999;   7.2;  16.0;  972.01;   18.5;   75.71;   24.2;   12.2;   11.4;eor
       4280;20190623;   10;  10.6;   2.9;    3;   0.0;   0;-999;-999;   5.6;  16.4;  973.53;   20.2;   71.33;   26.0;   14.3;   13.5;eor
       4280;20190624;   10;  11.2;   2.8;    3;   0.0;   0;-999;-999;   3.7;  15.9;  975.89;   22.3;   63.04;   29.0;   14.1;   13.2;eor
       4280;20190625;   10;   8.7;   2.2;    3;   0.0;   0;-999;-999;   5.9;  17.5;  975.92;   24.9;   59.04;   33.1;   15.0;   13.8;eor
       4280;20190626;   10;   8.7;   1.9;    3;   0.0;   0;-999;-999;   1.3;  19.2;  977.45;   27.9;   56.54;   36.7;   17.1;   16.2;eor
       4280;20190627;   10;  10.6;   3.2;    3;   0.0;   0;-999;-999;   0.0;  15.9;  977.37;   25.2;   51.83;   31.7;   16.3;   14.0;eor
       4280;20190628;   10;   9.9;   2.1;    3;   0.0;   0;-999;-999;   0.0;  10.7;  977.25;   20.8;   47.00;   28.5;   11.2;   10.5;eor
       4280;20190629;   10;   8.8;   2.1;    3;   0.0;   0;-999;-999;   0.0;  10.7;  974.97;   22.6;   44.63;   31.6;   10.8;    9.6;eor
       4280;20190630;   10;  10.4;   2.5;    3;   0.0;   0;-999;-999;   1.0;  13.3;  971.44;   26.2;   44.29;   36.3;   12.7;   11.1;eor
       4280;20190701;   10;  14.3;   3.7;    3;   0.0;   0;-999;-999;   5.7;  18.5;  971.15;   26.3;   54.75;   33.7;   20.1;   19.3;eor
       4280;20190702;   10;  11.1;   3.3;    3;   0.0;   0;-999;-999;   2.4;  10.5;  974.30;   21.2;   43.25;   26.5;   14.6;   12.0;eor
       4280;20190703;   10;   9.3;   2.7;    3;   0.0;   0;-999;-999;   2.4;   8.7;  975.84;   19.1;   42.13;   25.6;   11.6;    9.6;eor
       4280;20190704;   10;   7.5;   2.5;    3;   0.0;   0;-999;-999;   1.3;   8.4;  975.69;   19.4;   39.96;   27.0;   10.6;    8.6;eor
       4280;20190705;   10;  10.9;   2.8;    3;   0.0;   0;-999;-999;   6.7;  10.0;  971.93;   20.1;   45.33;   28.5;   12.8;   11.3;eor
       4280;20190706;   10;  14.9;   3.8;    3;   2.1;   6;-999;-999;   5.3;   9.8;  966.50;   23.7;   36.83;   32.1;   13.4;   12.2;eor
       4280;20190707;   10;   9.6;   3.4;    3;   0.0;   6;-999;-999;   7.1;  13.2;  967.23;   18.3;   63.42;   23.2;   14.1;   13.1;eor
       4280;20190708;   10;  11.2;   2.9;    3;   0.0;   0;-999;-999;   5.0;   8.7;  971.45;   16.0;   50.88;   22.4;    8.3;    7.0;eor
       4280;20190709;   10;   9.6;   2.9;    3;   0.0;   0;-999;-999;   4.0;   8.4;  972.91;   13.9;   55.00;   20.6;    6.4;    5.2;eor
       4280;20190710;   10;   7.9;   2.1;    3;   0.1;   6;-999;-999;   4.1;   8.2;  973.25;   15.2;   50.92;   23.6;    5.4;    3.7;eor
       4280;20190711;   10;  10.3;   2.4;    3;   3.5;   6;-999;-999;   7.8;  12.3;  970.18;   15.9;   70.17;   22.9;   12.0;   12.0;eor
       4280;20190712;   10;  14.4;   3.4;    3;   1.7;   6;-999;-999;   6.7;  14.4;  967.70;   17.5;   73.92;   23.1;   10.3;    9.3;eor
       4280;20190713;   10;  15.5;   3.6;    3;   3.0;   6;-999;-999;   7.7;  15.1;  970.34;   15.5;   85.58;   20.0;   13.3;   12.3;eor
       4280;20190714;   10;   7.4;   2.7;    3;   0.0;   0;-999;-999;   7.6;  13.6;  970.89;   17.1;   71.00;   22.1;   13.5;   13.2;eor
       4280;20190715;   10;   8.9;   2.9;    3;   0.0;   6;-999;-999;   4.4;  12.4;  970.72;   18.5;   60.96;   25.0;   12.3;   11.7;eor
       4280;20190716;   10;   8.1;   2.8;    3;   0.0;   0;-999;-999;   2.4;  11.3;  971.48;   17.4;   59.92;   24.9;   10.3;    9.0;eor
       4280;20190717;   10;   8.2;   1.9;    3;   0.0;   0;-999;-999;   5.1;  11.3;  968.75;   18.8;   56.00;   27.1;    9.4;    8.3;eor
       4280;20190718;   10;  10.8;   2.4;    3;   0.9;   6;-999;-999;   6.4;  11.1;  967.85;   20.3;   51.04;   29.1;    9.8;    8.1;eor
       4280;20190719;   10;   7.9;   2.3;    3;   0.0;   6;-999;-999;   7.8;  15.1;  970.51;   20.6;   65.63;   27.0;   15.1;   14.6;eor
       4280;20190720;   10;  12.8;   2.6;    3;   4.3;   6;-999;-999;   7.7;  15.0;  970.14;   24.0;   54.33;   32.4;   13.9;   12.5;eor
       4280;20190721;   10;  11.3;   3.2;    3;   0.1;   6;-999;-999;   7.1;  16.7;  975.36;   22.1;   65.13;   28.0;   16.7;   14.6;eor
       4280;20190722;   10;   9.0;   2.4;    3;   0.0;   0;-999;-999;   5.5;  13.5;  978.19;   22.8;   53.04;   31.2;   12.8;   11.5;eor
       4280;20190723;   10;   7.5;   1.7;    3;   0.0;   0;-999;-999;   3.3;  14.0;  976.14;   24.5;   49.42;   33.2;   13.7;   12.6;eor
       4280;20190724;   10;   9.0;   1.9;    3;   0.0;   0;-999;-999;   0.5;  15.3;  972.19;   27.5;   46.08;   36.0;   16.9;   15.6;eor
       4280;20190725;   10;   9.1;   1.8;    3;   0.0;   0;-999;-999;   3.3;  14.9;  971.00;   28.6;   42.33;   36.9;   18.6;   17.1;eor
       4280;20190726;   10;  10.8;   2.1;    3;   0.1;   6;-999;-999;   5.1;  15.5;  965.19;   26.7;   47.79;   35.9;   16.9;   15.9;eor
       4280;20190727;   10;   9.1;   2.5;    3;   1.3;   6;-999;-999;   7.8;  17.8;  958.88;   22.7;   65.67;   28.1;   16.7;   16.4;eor
       4280;20190728;   10;  24.7;   2.0;    3;  15.6;   6;-999;-999;   7.6;  19.5;  957.43;   19.5;   86.42;   25.1;   16.0;   15.5;eor
       4280;20190729;   10;   7.7;   2.9;    3;   0.3;   6;-999;-999;   7.9;  18.7;  965.91;   18.8;   86.25;   22.0;   16.9;   16.8;eor
       4280;20190730;   10;   5.5;   1.7;    3;   3.8;   6;-999;-999;   5.5;  17.6;  968.56;   22.1;   67.96;   27.3;   18.1;   15.7;eor
       4280;20190731;   10;   6.8;   2.4;    3;   1.8;   6;-999;-999;   6.3;  16.6;  972.18;   19.0;   76.75;   24.1;   15.9;   15.4;eor
       4280;20190801;   10;   8.1;   2.1;    3;   0.0;   0;-999;-999;   4.6;  12.4;  972.29;   20.0;   56.25;   26.3;   14.3;   12.5;eor
       4280;20190802;   10;   9.8;   2.2;    3;   0.0;   6;-999;-999;   7.6;  12.2;  969.70;   19.4;   57.04;   25.9;   12.0;   11.8;eor
       4280;20190803;   10;   7.8;   2.3;    3;   2.2;   6;-999;-999;   6.6;  15.1;  970.35;   18.1;   73.08;   22.5;   13.9;   13.1;eor
       4280;20190804;   10;   7.9;   1.3;    3;   0.0;   0;-999;-999;   3.8;  13.9;  971.26;   19.8;   63.96;   27.2;   12.3;   11.4;eor
       4280;20190805;   10;   8.7;   1.9;    3;   1.3;   6;-999;-999;   8.0;  15.6;  968.83;   20.4;   66.13;   25.9;   14.4;   13.8;eor
       4280;20190806;   10;  10.3;   2.6;    3;  12.5;   6;-999;-999;   7.6;  18.2;  967.29;   21.9;   70.42;   28.0;   17.9;   17.5;eor
       4280;20190807;   10;  11.3;   2.5;    3;  19.9;   6;-999;-999;   7.9;  18.6;  965.70;   17.3;   93.88;   19.9;   15.1;   14.7;eor
       4280;20190808;   10;   8.7;   2.2;    3;   0.0;   0;-999;-999;   4.8;  15.7;  969.07;   19.0;   74.21;   25.6;   12.0;   11.0;eor
       4280;20190809;   10;   7.8;   2.4;    3;   5.4;   6;-999;-999;   5.6;  16.5;  967.61;   22.8;   62.96;   30.9;   12.4;   11.5;eor
       4280;20190810;   10;   8.0;   2.7;    3;   3.2;   6;-999;-999;   6.3;  19.7;  971.20;   20.2;   83.29;   23.6;   17.2;   15.9;eor
       4280;20190811;   10;  13.9;   2.8;    3;  14.0;   6;-999;-999;   3.1;  16.3;  971.24;   20.7;   70.42;   27.4;   13.3;   12.6;eor
       4280;20190812;   10;   6.0;   2.0;    3;   0.7;   6;-999;-999;   7.8;  15.0;  972.22;   15.6;   84.67;   19.1;   13.6;   13.4;eor
       4280;20190813;   10;   9.2;   3.3;    3;   0.3;   6;-999;-999;   5.9;  12.3;  973.43;   16.3;   67.88;   20.5;   11.5;   10.0;eor
       4280;20190814;   10;  10.2;   2.6;    3;   0.0;   0;-999;-999;   3.3;  11.0;  973.72;   15.1;   66.46;   21.4;    8.4;    7.2;eor
       4280;20190815;   10;   7.6;   2.1;    3;   1.8;   6;-999;-999;   5.9;  13.7;  970.37;   15.4;   78.04;   22.1;    8.8;    7.3;eor
       4280;20190816;   10;   7.1;   2.6;    3;   0.0;   0;-999;-999;   6.0;  13.0;  972.80;   17.2;   67.83;   23.0;   11.4;    9.8;eor
       4280;20190817;   10;   8.2;   2.1;    3;   0.1;   6;-999;-999;   7.4;  14.6;  969.28;   18.0;   71.46;   23.6;   11.2;    9.8;eor
       4280;20190818;   10;  32.4;   2.8;    3;  19.4;   8;-999;-999;   3.6;  17.3;  966.16;   22.3;   67.67;   31.4;   15.7;   14.6;eor
       4280;20190819;   10;   7.2;   2.2;    3;   0.0;   6;-999;-999;   7.7;  17.9;  972.50;   19.4;   80.83;   23.6;   16.5;   16.2;eor
       4280;20190820;   10;   7.3;   1.9;    3;  10.2;   6;-999;-999;   7.8;  15.8;  977.18;   16.1;   86.38;   18.7;   12.9;   12.8;eor
       4280;20190821;   10;   6.4;   1.6;    3;   0.0;   0;-999;-999;   4.0;  12.0;  982.38;   15.1;   73.08;   21.0;    9.2;    8.2;eor
       4280;20190822;   10;   8.6;   2.0;    3;   0.0;   0;-999;-999;   1.2;  12.5;  980.45;   16.7;   69.08;   23.3;    8.3;    7.3;eor
       4280;20190823;   10;   8.5;   1.7;    3;   0.0;   0;-999;-999;   0.4;  13.7;  979.50;   17.4;   71.67;   25.1;    8.5;    7.4;eor
       4280;20190824;   10;   5.9;   1.4;    3;   0.0;   0;-999;-999;   1.8;  16.9;  975.35;   20.6;   71.08;   27.9;   13.4;   12.2;eor
       4280;20190825;   10;  12.4;   1.3;    3;   8.1;   8;-999;-999;   3.2;  19.6;  974.10;   21.1;   79.71;   28.6;   14.7;   13.9;eor
       4280;20190826;   10;  13.6;   1.5;    3;  12.3;   6;-999;-999;   2.6;  19.7;  973.80;   20.4;   83.63;   27.7;   14.8;   14.3;eor
       4280;20190827;   10;   6.7;   1.5;    3;   0.0;   6;-999;-999;   1.7;  19.4;  972.59;   21.6;   77.04;   28.3;   14.5;   14.0;eor
       4280;20190828;   10;   4.1;   1.3;    3;   0.0;   0;-999;-999;   6.2;  18.2;  971.82;   22.2;   71.29;   30.3;   15.8;   14.7;eor
       4280;20190829;   10;   6.0;   1.8;    3;   9.7;   6;-999;-999;   7.4;  18.7;  974.38;   20.4;   79.08;   26.9;   16.3;   15.8;eor
       4280;20190830;   10;   6.4;   1.4;    3;   0.0;   0;-999;-999;   0.5;  18.5;  976.52;   22.0;   72.54;   29.1;   15.1;   13.9;eor
       4280;20190831;   10;   8.7;   1.7;    3;   0.0;   0;-999;-999;   1.8;  17.7;  970.90;   22.0;   69.96;   29.7;   14.7;   13.6;eor
       4280;20190901;   10;  11.1;   3.4;    3;   0.0;   6;-999;-999;   6.2;  16.3;  968.76;   21.1;   66.04;   27.3;   16.1;   15.0;eor
       4280;20190902;   10;   7.6;   2.4;    3;   0.0;   0;-999;-999;   4.8;  10.4;  976.19;   15.7;   59.83;   20.7;    7.3;    6.0;eor
       4280;20190903;   10;   6.7;   1.4;    3;   0.0;   0;-999;-999;   1.7;   9.1;  978.75;   14.2;   61.33;   22.7;    4.6;    3.5;eor
       4280;20190904;   10;   7.0;   2.0;    3;   0.0;   0;-999;-999;   0.0;  10.5;  972.51;   16.6;   59.50;   25.6;    7.4;    6.1;eor
       4280;20190905;   10;   7.8;   2.8;    3;   0.0;   6;-999;-999;   6.8;  11.1;  973.31;   15.3;   64.83;   19.0;   11.3;    9.3;eor
       4280;20190906;   10;   5.5;   1.4;    3;   1.0;   6;-999;-999;   7.8;  10.8;  976.92;   13.7;   69.29;   17.8;    8.5;    7.4;eor
       4280;20190907;   10;   7.3;   2.0;    3;   0.4;   6;-999;-999;   7.9;  11.9;  973.42;   13.8;   76.29;   17.9;   10.7;    9.8;eor
       4280;20190908;   10;   4.9;   1.2;    3;   6.2;   6;-999;-999;   7.9;  11.9;  971.16;   11.6;   87.71;   14.8;    8.7;    8.1;eor
       4280;20190909;   10;   9.2;   3.1;    3;   0.2;   6;-999;-999;   6.3;  11.7;  969.22;   10.8;   89.92;   14.8;    5.8;    4.4;eor
       4280;20190910;   10;   4.8;   1.1;    3;   0.0;   0;-999;-999;   7.2;   9.8;  972.96;   10.5;   79.58;   18.4;    4.2;    3.1;eor
       4280;20190911;   10;   7.0;   1.6;    3;   0.0;   6;-999;-999;   2.9;  10.0;  978.45;   13.1;   69.67;   21.2;    4.4;    3.2;eor
       4280;20190912;   10;   8.5;   2.8;    3;   0.0;   0;-999;-999;   6.2;  12.8;  984.21;   17.4;   65.13;   22.8;   13.1;   10.8;eor
       4280;20190913;   10;   6.7;   2.1;    3;   0.0;   0;-999;-999;   6.3;  15.0;  985.70;   17.7;   75.00;   23.4;   11.3;    9.4;eor
       4280;20190914;   10;   6.7;   1.8;    3;   0.0;   0;-999;-999;   5.5;  14.2;  984.53;   16.9;   75.54;   23.3;   11.5;    9.6;eor
       4280;20190915;   10;   8.4;   2.1;    3;   0.0;   0;-999;-999;   3.0;  13.5;  978.33;   17.8;   69.13;   26.9;    9.0;    7.5;eor
       4280;20190916;   10;   7.6;   1.8;    3;   0.5;   6;-999;-999;   6.1;  11.5;  974.12;   17.0;   62.46;   25.4;    8.4;    6.9;eor
       4280;20190917;   10;   9.9;   3.2;    3;   0.1;   6;-999;-999;   6.3;  11.6;  973.55;   14.7;   69.83;   18.9;    8.2;    5.3;eor
       4280;20190918;   10;   7.4;   1.8;    3;   0.0;   0;-999;-999;   1.2;   7.5;  978.70;    9.7;   65.04;   16.0;    2.6;    0.7;eor
       4280;20190919;   10;   7.5;   1.7;    3;   0.0;   0;-999;-999;   4.9;   6.7;  982.07;    7.7;   67.04;   14.7;    1.0;   -0.6;eor
       4280;20190920;   10;   6.8;   1.2;    3;   0.0;   0;-999;-999;   5.3;   7.0;  981.88;    8.0;   68.75;   16.3;   -0.6;   -1.6;eor
       4280;20190921;   10;   8.5;   2.1;    3;   0.0;   0;-999;-999;   0.0;   8.0;  975.34;   11.4;   64.29;   22.1;    1.2;   -0.4;eor
       4280;20190922;   10;   5.7;   1.7;    3;   0.6;   6;-999;-999;   4.6;  10.5;  967.48;   13.3;   70.50;   21.7;    3.0;    1.5;eor
       4280;20190923;   10;   8.5;   2.6;    3;   3.9;   6;-999;-999;   7.6;  13.8;  969.79;   12.9;   91.71;   15.5;    8.5;    6.8;eor
       4280;20190924;   10;   6.0;   1.8;    3;   0.9;   6;-999;-999;   5.8;  12.8;  968.33;   14.3;   79.63;   18.8;    8.3;    6.3;eor
       4280;20190925;   10;  11.7;   3.9;    3;   1.9;   6;-999;-999;   7.8;  12.9;  964.80;   14.5;   79.33;   18.7;   11.3;   10.6;eor
       4280;20190926;   10;   8.5;   2.8;    3;   1.1;   6;-999;-999;   7.8;  14.4;  968.76;   14.7;   85.79;   17.7;   12.1;   11.5;eor
       4280;20190927;   10;  10.0;   2.9;    3;   3.1;   6;-999;-999;   7.9;  14.2;  968.79;   15.1;   83.04;   19.7;   11.4;    9.8;eor
       4280;20190928;   10;  14.1;   3.6;    3;   0.0;   6;-999;-999;   6.8;  12.0;  971.40;   13.6;   77.75;   18.8;   10.0;    7.7;eor
       4280;20190929;   10;  17.8;   3.6;    3;   1.0;   6;-999;-999;   5.8;  10.7;  964.76;   15.7;   61.38;   21.5;    8.9;    6.8;eor
       4280;20190930;   10;  19.6;   6.8;    3;   0.8;   6;-999;-999;   7.0;  10.9;  966.10;   14.2;   67.92;   19.3;    8.0;    5.6;eor
       4280;20191001;   10;  10.3;   2.6;    3;   0.9;   6;-999;-999;   5.8;  12.3;  962.75;   14.0;   76.71;   21.6;    5.5;    3.9;eor
       4280;20191002;   10;  14.5;   4.0;    3;   1.3;   6;-999;   0;   6.7;  11.3;  963.01;   11.5;   81.92;   17.4;    5.0;    3.5;eor
       4280;20191003;   10;   9.4;   3.5;    3;   0.0;   6;-999;   0;   5.6;   8.1;  972.12;    7.8;   77.46;   11.5;    3.8;    1.9;eor
       4280;20191004;   10;  10.1;   3.4;    3;   8.7;   6;-999;   0;   7.8;   9.3;  965.21;    9.2;   79.75;   11.9;    5.8;    5.2;eor
       4280;20191005;   10;  11.7;   3.9;    3;   1.0;   6;-999;   0;   7.7;   9.5;  967.47;    9.3;   80.33;   11.3;    4.8;    2.9;eor
       4280;20191006;   10;   7.7;   2.2;    3;   5.6;   6;-999;   0;   7.5;   8.3;  970.26;    6.7;   85.00;   10.5;    1.8;    0.5;eor
       4280;20191007;   10;   7.2;   1.8;    3;   0.0;   6;-999;   0;   7.8;   9.1;  972.28;    7.2;   89.33;    9.3;    5.1;    3.5;eor
       4280;20191008;   10;   7.9;   2.2;    3;  10.4;   6;-999;   0;   8.0;  11.9;  967.58;   10.9;   90.13;   13.9;    7.1;    6.9;eor
       4280;20191009;   10;  10.3;   3.4;    3;   4.1;   6;-999;   0;   7.5;  11.2;  966.98;   11.0;   84.63;   13.8;    8.0;    6.1;eor
       4280;20191010;   10;  14.0;   3.9;    3;   3.0;   6;-999;   0;   6.1;   9.8;  971.33;    9.4;   83.29;   12.5;    7.0;    4.6;eor
       4280;20191011;   10;   7.8;   2.4;    3;   0.0;   0;-999;   0;   7.0;  10.1;  973.63;   10.8;   78.46;   18.0;    4.7;    2.5;eor
       4280;20191012;   10;   8.9;   2.4;    3;   0.0;   6;-999;   0;   3.8;  11.4;  971.20;   13.7;   73.88;   21.8;    5.3;    3.1;eor
       4280;20191013;   10;   7.3;   2.1;    3;   0.0;   0;-999;   0;   2.4;  13.1;  971.05;   16.8;   70.63;   24.9;   10.6;    8.1;eor
       4280;20191014;   10;   4.5;   1.5;    3;   0.0;   0;-999;   0;   1.0;  13.0;  969.62;   15.3;   77.46;   23.4;    9.3;    7.1;eor
       4280;20191015;   10;  10.2;   2.6;    3;   2.1;   6;-999;   0;   4.4;  12.7;  963.65;   13.7;   81.50;   19.3;    8.6;    6.4;eor
       4280;20191016;   10;  13.5;   3.8;    3;   0.0;   0;-999;   0;   5.1;   9.9;  969.65;   12.0;   70.92;   15.7;    7.4;    4.7;eor
       4280;20191017;   10;   5.2;   1.7;    3;   0.4;   6;-999;   0;   7.6;  10.4;  969.98;   12.7;   71.58;   19.3;    4.8;    3.1;eor
       4280;20191018;   10;  12.3;   2.6;    3;   4.3;   6;-999;   0;   7.5;  12.1;  968.22;   13.6;   79.13;   19.6;    8.8;    7.3;eor
       4280;20191019;   10;   5.4;   1.9;    3;   2.8;   6;-999;   0;   7.8;  12.0;  966.60;   11.6;   87.88;   14.3;   10.0;    8.4;eor
       4280;20191020;   10;   6.0;   1.6;    3;   0.0;   0;-999;   0;   6.7;  11.5;  965.17;   11.6;   85.04;   17.4;    6.7;    4.7;eor
       4280;20191021;   10;   9.9;   1.2;    3;   0.0;   6;-999;   0;   6.7;  11.7;  973.05;   11.0;   89.38;   17.6;    6.9;    5.4;eor
       4280;20191022;   10;   6.4;   1.3;    3;   0.0;   6;-999;   0;   7.0;  10.9;  977.54;   10.0;   89.00;   15.0;    6.1;    4.8;eor
       4280;20191023;   10;   7.3;   2.1;    3;   0.0;   6;-999;   0;   7.5;  11.9;  971.43;   11.2;   89.04;   14.6;    5.8;    5.2;eor
       4280;20191024;   10;   5.0;   1.3;    3;   0.0;   6;-999;   0;   7.3;  11.9;  967.48;   10.7;   91.88;   15.0;    5.5;    3.9;eor
       4280;20191025;   10;   7.0;   1.7;    3;   0.0;   0;-999;   0;   7.4;  11.5;  976.40;   12.2;   81.88;   17.3;    5.8;    4.4;eor
       4280;20191026;   10;   5.1;   1.6;    3;   0.0;   0;-999;   0;   3.7;  10.6;  975.23;   10.5;   83.54;   18.9;    3.7;    1.8;eor
       4280;20191027;   10;  11.5;   2.7;    3;   4.2;   6;-999;   0;   7.4;  11.2;  974.06;   12.3;   78.75;   19.5;    5.3;    3.5;eor
       4280;20191028;   10;   6.1;   2.1;    3;   0.0;   0;-999;   0;   7.8;   7.9;  975.75;    6.0;   84.50;    9.9;    3.0;    1.5;eor
       4280;20191029;   10;   6.8;   2.1;    3;   0.0;   0;-999;   0;   8.0;   7.4;  976.17;    5.7;   80.96;    8.9;    3.0;    2.6;eor
       4280;20191030;   10;   6.4;   2.5;    3;   0.0;   0;-999;   0;   5.8;   6.2;  979.55;    4.7;   73.50;    8.4;   -0.6;   -2.6;eor
       4280;20191031;   10;   7.8;   1.9;    3;   0.0;   0;-999;   0;   1.5;   5.2;  976.73;    2.1;   74.75;    8.9;   -4.1;   -5.4;eor
       4280;20191101;   10;   7.4;   3.2;    3;   3.2;   6;-999;   0;   8.0;   7.8;  967.47;    5.0;   88.04;    9.7;    2.3;    2.3;eor
       4280;20191102;   10;   9.2;   3.2;    3;   4.6;   6;-999;   0;   7.7;  12.4;  953.56;   13.2;   82.17;   17.4;    8.9;    8.5;eor
       4280;20191103;   10;   6.0;   2.0;    3;  11.8;   6;-999;   0;   7.9;  11.9;  946.56;   10.9;   90.79;   12.7;    9.2;    8.8;eor
       4280;20191104;   10;  10.4;   3.2;    3;   2.5;   6;-999;   0;   7.0;   9.8;  949.70;    9.7;   81.71;   12.8;    7.2;    5.3;eor
       4280;20191105;   10;   7.9;   1.8;    3;   0.8;   6;-999;   0;   7.5;   8.5;  954.05;    7.2;   83.58;   11.0;    2.3;    0.9;eor
       4280;20191106;   10;   7.6;   2.1;    3;   0.0;   6;-999;   0;   7.4;   8.1;  958.28;    6.5;   84.04;   10.3;    2.9;    1.4;eor
       4280;20191107;   10;   8.1;   2.3;    3;   1.5;   6;-999;   0;   6.0;   7.7;  959.06;    7.3;   76.25;   10.9;    1.9;    0.4;eor
       4280;20191108;   10;   5.7;   1.8;    3;   3.3;   6;-999;   0;   7.8;   8.5;  959.03;    5.7;   91.96;    6.7;    4.5;    3.9;eor
       4280;20191109;   10;   8.7;   2.9;    3;   0.1;   6;-999;   0;   5.7;   7.0;  963.97;    4.0;   85.71;    8.2;   -1.3;   -3.4;eor
       4280;20191110;   10;   5.8;   1.5;    3;   0.0;   0;-999;   0;   5.4;   6.0;  967.13;    1.6;   87.46;    6.8;   -2.1;   -3.5;eor
       4280;20191111;   10;   6.9;   2.4;    3;   0.1;   8;-999;   0;   7.9;   5.6;  965.81;    1.3;   83.54;    2.8;   -0.2;   -0.1;eor
       4280;20191112;   10;   5.8;   2.0;    3;   0.0;   6;-999;   0;   7.9;   6.5;  961.62;    3.8;   81.50;    7.0;    1.9;    0.9;eor
       4280;20191113;   10;   6.0;   1.9;    3;   0.0;   6;-999;   0;   7.6;   6.4;  959.02;    4.1;   78.88;    7.1;    2.0;    0.6;eor
       4280;20191114;   10;   7.6;   2.9;    3;   0.0;   0;-999;   0;   4.8;   5.8;  958.80;    2.2;   80.96;    6.3;   -1.1;   -3.4;eor
       4280;20191115;   10;  10.8;   2.7;    3;   0.6;   6;-999;   0;   7.9;   6.6;  955.01;    5.1;   74.71;    9.7;    1.1;   -0.8;eor
       4280;20191116;   10;   5.9;   1.5;    3;   0.0;   6;-999;   0;   7.9;   7.1;  963.64;    4.7;   83.38;    6.7;    3.1;    1.2;eor
       4280;20191117;   10;   6.5;   2.0;    3;   0.0;   6;-999;   0;   7.8;   7.7;  960.16;    4.8;   89.08;    9.4;    2.2;    0.9;eor
       4280;20191118;   10;  11.4;   3.0;    3;   0.0;   0;-999;   0;   5.9;   6.2;  963.60;    4.5;   73.54;    7.5;    0.4;   -2.0;eor
       4280;20191119;   10;   4.9;   1.2;    3;   0.3;   6;-999;   0;   7.8;   6.4;  971.05;    3.0;   84.83;    6.3;   -1.5;   -3.5;eor
       4280;20191120;   10;   4.4;   1.5;    3;   0.2;   6;-999;   0;   7.3;   6.6;  969.81;    3.3;   85.46;    5.8;    1.9;    0.4;eor
       4280;20191121;   10;   4.7;   1.3;    3;   0.2;   6;-999;   0;   8.0;   7.3;  964.55;    3.8;   91.04;    5.1;    2.8;    2.9;eor
       4280;20191122;   10;   7.8;   2.6;    3;   0.0;   6;-999;   0;   8.0;   6.8;  963.21;    3.3;   88.08;    4.6;    2.6;    2.7;eor
       4280;20191123;   10;  10.4;   3.7;    3;   0.0;   0;-999;   0;   7.2;   7.3;  956.16;    7.3;   71.75;   12.0;    2.2;   -0.5;eor
       4280;20191124;   10;   5.4;   1.2;    3;   0.0;   0;-999;   0;   8.0;   7.3;  960.97;    4.5;   86.75;   10.4;    0.1;   -1.5;eor
       4280;20191125;   10;   4.2;   1.2;    3;   0.1;   6;-999;   0;   8.0;   6.9;  965.22;    2.3;   95.46;    3.5;    0.5;    0.4;eor
       4280;20191126;   10;   6.1;   2.3;    3;   0.0;   6;-999;   0;   8.0;   7.9;  963.65;    4.9;   91.46;    8.7;    2.5;    1.4;eor
       4280;20191127;   10;  10.4;   3.2;    3;   1.7;   6;-999;   0;   6.9;   8.1;  954.42;    6.3;   85.00;    9.7;    4.0;    3.7;eor
       4280;20191128;   10;  12.3;   5.0;    3;   1.4;   6;-999;   0;   7.2;   8.4;  954.36;    9.0;   73.00;   10.9;    7.8;    5.6;eor
       4280;20191129;   10;  10.9;   4.5;    3;   5.2;   6;-999;   0;   7.5;   7.6;  963.21;    5.4;   83.88;    8.5;    1.9;    0.2;eor
       4280;20191130;   10;   5.7;   1.7;    3;   0.0;   8;-999;   0;   5.2;   5.9;  976.26;    1.5;   86.25;    4.8;   -3.5;   -5.5;eor
       4280;20191201;   10;   3.7;   1.2;    3;   0.0;   7;-999;   0;   8.0;   4.9;  972.15;   -1.1;   87.04;    1.2;   -5.0;   -6.2;eor
       4280;20191202;   10;   6.7;   2.3;    3;   0.0;   0;-999;   0;   7.0;   4.9;  977.19;    1.2;   74.63;    3.6;   -0.4;   -1.7;eor
       4280;20191203;   10;   4.4;   1.6;    3;   0.0;   0;-999;   0;   7.3;   5.6;  981.68;    1.3;   84.21;    4.7;   -2.9;   -5.1;eor
       4280;20191204;   10;   6.2;   1.7;    3;   0.0;   0;-999;   0;   3.8;   4.6;  976.67;   -0.8;   81.92;    4.7;   -4.8;   -7.1;eor
       4280;20191205;   10;   5.8;   1.8;    3;   0.0;   0;-999;   0;   7.9;   4.4;  976.17;   -2.9;   88.96;   -0.7;   -5.8;   -8.0;eor
       4280;20191206;   10;   7.3;   2.4;    3;   1.9;   6;-999;   0;   7.0;   5.1;  972.16;    0.1;   82.92;    4.9;   -2.6;   -4.1;eor
       4280;20191207;   10;  11.7;   4.0;    3;   2.5;   6;-999;   0;   7.6;   8.3;  969.90;    6.2;   87.17;    8.1;    4.1;    2.9;eor
       4280;20191208;   10;  13.3;   3.2;    3;   0.9;   6;-999;   0;   7.8;   7.8;  965.31;    7.5;   75.38;    9.5;    4.8;    2.8;eor
       4280;20191209;   10;  14.6;   4.2;    3;   1.5;   6;-999;   0;   7.4;   7.2;  960.55;    6.2;   76.54;    9.5;    4.0;    1.1;eor
       4280;20191210;   10;  14.5;   3.1;    3;   0.0;   6;-999;   0;   4.3;   5.6;  977.78;    1.1;   83.50;    4.3;   -3.9;   -7.1;eor
       4280;20191211;   10;   8.6;   2.8;    3;   5.6;   8;-999;   0;   6.9;   4.7;  967.55;   -0.9;   82.08;    1.1;   -3.7;   -7.1;eor
       4280;20191212;   10;   5.0;   1.9;    3;   0.0;   8;-999;   0;   7.0;   6.1;  958.05;    1.1;   91.42;    2.7;   -1.1;   -3.0;eor
       4280;20191213;   10;  16.1;   3.3;    3;   4.8;   8;-999;   0;   6.8;   5.8;  940.95;    1.2;   87.17;    3.9;   -1.1;   -3.0;eor
       4280;20191214;   10;  22.8;   6.1;    3;   4.6;   6;-999;   0;   6.8;   6.5;  951.56;    5.0;   74.79;    7.4;    2.0;    0.7;eor
       4280;20191215;   10;  19.2;   3.8;    3;   2.1;   6;-999;   0;   7.8;   8.6;  961.51;    7.4;   83.46;   12.5;    2.1;    0.4;eor
       4280;20191216;   10;   6.5;   1.8;    3;   0.0;   6;-999;   0;   7.8;   7.6;  965.00;    5.5;   84.08;    9.9;    0.4;   -1.6;eor
       4280;20191217;   10;   5.0;   1.4;    3;   0.0;   6;-999;   0;   7.2;   7.0;  963.32;    4.9;   81.29;   11.2;    0.7;   -1.2;eor
       4280;20191218;   10;   4.7;   1.2;    3;   0.0;   6;-999;   0;   6.2;   8.0;  972.19;    5.9;   86.17;   10.7;    1.0;   -0.7;eor
       4280;20191219;   10;   6.3;   1.3;    3;   0.0;   0;-999;   0;   6.6;   6.9;  968.45;    3.4;   88.04;   10.0;   -1.3;   -2.8;eor
       4280;20191220;   10;  12.3;   2.1;    3;   1.2;   6;-999;   0;   5.7;   7.4;  951.78;    5.6;   81.21;   11.1;   -1.9;   -3.6;eor
       4280;20191221;   10;   7.3;   2.0;    3;   0.0;   6;-999;   0;   5.8;   7.4;  950.08;    4.0;   91.42;    7.0;    0.7;   -2.3;eor
       4280;20191222;   10;  12.0;   3.3;    3;   0.8;   6;-999;   0;   8.0;   7.4;  945.91;    5.0;   85.04;    7.7;    1.8;    0.8;eor
       4280;20191223;   10;  10.4;   4.6;    3;   2.1;   6;-999;   0;   7.3;   7.7;  962.04;    5.5;   84.50;    6.5;    4.7;    2.3;eor
       4280;20191224;   10;  10.8;   3.9;    3;   5.2;   6;-999;   0;   6.9;   7.4;  968.94;    5.3;   83.50;    7.0;    3.3;    0.9;eor
       4280;20191225;   10;  10.4;   3.9;    3;   6.5;   6;-999;   0;   7.9;   7.9;  971.77;    5.6;   86.79;    7.0;    3.8;    3.2;eor
       4280;20191226;   10;   3.7;   1.4;    3;   0.0;   6;-999;   0;   7.8;   6.8;  978.41;    3.5;   86.25;    6.2;    1.9;    1.5;eor
       4280;20191227;   10;   5.5;   1.5;    3;   0.5;   6;-999;   0;   6.8;   6.1;  980.79;    1.5;   88.83;    4.2;   -2.6;   -4.4;eor
       4280;20191228;   10;   4.3;   1.1;    3;   0.0;   0;-999;   0;   6.8;   4.6;  992.30;   -1.3;   83.04;    1.6;   -5.6;   -7.3;eor
       4280;20191229;   10;   3.8;   1.1;    3;   0.0;   0;-999;   0;   4.8;   3.7;  992.07;   -3.7;   80.50;    1.1;   -8.0;  -10.2;eor
       4280;20191230;   10;   4.7;   1.6;    3;   0.0;   0;-999;   0;   3.7;   4.1;  987.64;   -1.6;   77.25;    5.5;   -6.9;   -7.8;eor
       4280;20191231;   10;   6.4;   1.5;    3;   0.0;   0;-999;   0;   5.0;   4.5;  985.92;   -0.1;   75.17;    4.2;   -4.8;   -6.8;eor
       4280;20200101;   10;   4.3;   1.2;    3;   0.0;   0;-999;   0;   0.3;   4.4;  986.99;   -2.0;   84.75;    4.0;   -6.3;   -8.3;eor
       4280;20200102;   10;   4.9;   1.5;    3;   0.0;   6;-999;   0;   5.7;   4.8;  983.00;   -2.4;   91.50;    0.5;   -7.5;   -9.0;eor
       4280;20200103;   10;  11.7;   2.9;    3;   0.5;   6;-999;   0;   7.8;   6.1;  978.43;    2.4;   82.63;    6.6;   -2.3;   -3.2;eor
       4280;20200104;   10;  12.6;   5.4;    3;   0.5;   6;-999;   0;   7.9;   6.6;  981.77;    3.9;   81.58;    6.2;    2.1;    0.5;eor
       4280;20200105;   10;  10.9;   2.1;    3;   0.2;   6;-999;   0;   6.5;   6.3;  987.99;    2.0;   88.75;    3.9;   -2.2;   -4.2;eor
       4280;20200106;   10;   6.0;   1.7;    3;   0.0;   0;-999;   0;   1.0;   4.8;  982.59;   -0.8;   84.92;    4.3;   -5.1;   -7.2;eor
       4280;20200107;   10;   5.8;   2.0;    3;   1.6;   8;-999;   0;   6.7;   6.0;  982.12;    0.6;   92.04;    3.4;   -4.3;   -6.8;eor
       4280;20200108;   10;   5.0;   1.4;    3;   0.8;   6;-999;   0;   7.3;   6.4;  982.42;    1.8;   91.71;    4.0;   -1.4;   -2.9;eor
       4280;20200109;   10;   4.9;   2.0;    3;   0.1;   6;-999;   0;   8.0;   7.8;  975.06;    6.6;   80.88;   11.5;    3.8;    2.7;eor
       4280;20200110;   10;   9.2;   3.2;    3;   1.0;   6;-999;   0;   7.9;   7.6;  974.85;    7.4;   74.25;   11.1;    4.7;    2.9;eor
       4280;20200111;   10;  11.0;   2.0;    3;   0.0;   6;-999;   0;   6.4;   5.7;  985.63;    2.1;   80.25;    5.4;   -3.7;   -6.1;eor
       4280;20200112;   10;   6.0;   1.6;    3;   0.0;   6;-999;   0;   7.6;   5.0;  981.26;   -0.8;   86.13;    2.0;   -4.8;   -7.4;eor
       4280;20200113;   10;   6.5;   2.2;    3;   0.6;   6;-999;   0;   7.2;   6.4;  976.52;    2.6;   86.79;    5.0;   -0.6;   -2.8;eor
       4280;20200114;   10;   6.5;   2.3;    3;   0.0;   6;-999;   0;   7.4;   5.4;  971.56;    4.0;   68.21;   10.1;   -1.1;   -3.6;eor
       4280;20200115;   10;   6.4;   2.4;    3;   0.0;   0;-999;   0;   3.7;   5.6;  974.49;    4.8;   66.46;   10.8;    0.7;   -1.8;eor
       4280;20200116;   10;   4.4;   1.8;    3;   0.1;   6;-999;   0;   4.0;   6.8;  981.68;    5.5;   76.08;   10.5;   -1.3;   -4.0;eor
       4280;20200117;   10;   4.9;   1.6;    3;   1.1;   6;-999;   0;   3.7;   6.2;  975.01;    2.2;   85.38;    7.0;   -3.6;   -6.5;eor
       4280;20200118;   10;  13.6;   2.7;    3;   3.1;   8;-999;   0;   7.6;   6.7;  979.38;    3.4;   85.88;    6.1;   -0.4;   -0.6;eor
       4280;20200119;   10;   4.4;-999;    3;   0.0;   8;-999;   0;   7.6;   5.7;  987.85;    0.7;   89.08;    2.8;   -1.7;   -3.0;eor
       4280;20200120;   10;   5.0;   1.3;    3;   0.0;   0;-999;   0;   5.2;   5.3;  997.27;    0.0;   86.88;    4.0;   -4.3;   -7.3;eor
       4280;20200121;   10;   4.8;   1.2;    3;   0.0;   0;-999;   0;   4.7;   4.2;  993.90;   -3.4;   87.54;   -0.8;   -7.0;   -9.9;eor
       4280;20200122;   10;   5.4;   1.4;    3;   0.0;   6;-999;   0;   6.6;   4.2;  988.39;   -3.1;   86.04;   -1.2;   -4.9;   -6.7;eor
       4280;20200123;   10;   6.8;   1.7;    3;   0.0;   0;-999;   0;   6.0;   4.6;  984.60;   -2.1;   88.08;    0.0;   -6.3;   -7.8;eor
       4280;20200124;   10;   3.9;   1.4;    3;   0.0;   0;-999;   0;   5.1;   4.6;  978.01;   -1.8;   85.46;    3.4;   -6.4;   -8.1;eor
       4280;20200125;   10;   2.9;   1.0;    3;   0.0;   0;-999;   0;   6.5;   4.9;  975.72;   -1.6;   88.92;    3.9;   -5.6;   -7.1;eor
       4280;20200126;   10;   3.3;   1.0;    3;   0.0;   0;-999;   0;   7.7;   5.8;  973.27;    0.9;   88.92;    6.2;   -1.9;   -3.4;eor
       4280;20200127;   10;  13.7;   2.4;    3;   2.0;   6;-999;   0;   6.8;   6.4;  967.60;    3.6;   81.63;    8.9;   -2.7;   -4.7;eor
       4280;20200128;   10;  22.6;   5.7;    3;   6.1;   8;-999;   0;   6.5;   6.6;  956.46;    3.8;   81.38;    7.2;   -0.3;   -2.5;eor
       4280;20200129;   10;  14.2;   4.8;    3;   0.8;   8;-999;   0;   7.1;   5.8;  963.84;    1.5;   85.13;    3.8;   -0.7;   -2.2;eor
       4280;20200130;   10;  12.8;   3.7;    3;   0.5;   6;-999;   0;   7.5;   6.5;  968.35;    4.6;   77.21;    8.2;    1.3;   -0.1;eor
       4280;20200131;   10;  14.0;   5.2;    3;   0.6;   6;-999;   0;   6.6;  10.5;  966.60;   10.1;   85.04;   12.4;    6.7;    5.0;eor
       4280;20200201;    3;  19.4;   4.4;    3;   8.0;   8;-999;   0;   7.7;   9.8;  964.83;   10.0;   80.25;   13.8;    3.8;    3.4;eor
       4280;20200202;    3;  15.7;   4.2;    3;   5.7;   6;-999;   0;   7.1;   9.4;  966.70;    8.5;   84.17;   12.4;    2.7;    1.2;eor
       4280;20200203;    3;  11.8;   4.8;    3;  11.7;   6;-999;   0;   7.5;   8.7;  968.48;    7.5;   83.42;    9.1;    5.9;    5.5;eor
       4280;20200204;    3;  28.7;   6.4;    3;   1.8;   8;-999;   0;   7.0;   6.6;  965.13;    4.0;   80.17;   10.5;    1.6;    0.1;eor
       4280;20200205;    3;  14.6;   4.5;    3;   0.0;   0;-999;   0;   5.8;   4.6;  983.57;    1.4;   68.04;    4.2;   -2.7;   -5.5;eor
       4280;20200206;    3;   6.0;   1.9;    3;   0.0;   0;-999;   0;   3.8;   4.6;  985.19;   -0.5;   78.46;    4.9;   -4.5;   -7.1;eor
       4280;20200207;    3;   8.0;   1.6;    3;   0.0;   0;-999;   0;   1.8;   4.3;  982.23;   -1.6;   80.21;    4.4;   -6.2;   -8.2;eor
       4280;20200208;    3;   3.8;   1.3;    3;   0.0;   0;-999;   0;   3.1;   4.9;  978.72;    0.4;   79.25;    7.2;   -4.8;   -7.5;eor
       4280;20200209;    3;  16.4;   4.0;    3;   3.3;   6;-999;   0;   5.8;   5.5;  971.58;    5.5;   64.63;   12.1;   -3.6;   -5.3;eor
       4280;20200210;    3;  31.0;   9.4;    3;   9.6;   6;-999;   0;   6.8;   7.1;  957.07;    8.6;   63.08;   12.5;    4.6;    4.0;eor
       4280;20200211;    3;  22.3;   8.5;    3;   2.4;   8;-999;   0;   5.3;   5.4;  962.04;    4.1;   67.04;    6.6;    0.0;   -1.0;eor
       4280;20200212;    3;  18.1;   5.6;    3;   2.1;   8;-999;   0;   6.4;   5.6;  970.94;    2.1;   78.75;    4.8;    0.6;   -0.8;eor
       4280;20200213;    3;  12.6;   3.4;    3;   3.4;   6;-999;   0;   7.5;   6.1;  966.22;    2.7;   82.75;    6.4;   -1.9;   -4.3;eor
       4280;20200214;    3;  13.0;   4.4;    3;   1.2;   6;-999;   0;   7.5;   7.4;  973.21;    4.9;   85.38;    6.3;    4.1;    3.2;eor
       4280;20200215;    3;   7.5;   2.1;    3;   0.0;   0;-999;   0;   7.3;   6.6;  977.90;    4.7;   78.96;   10.6;   -0.1;   -1.6;eor
       4280;20200216;    3;  10.4;   3.3;    3;   0.0;   6;-999;   0;   8.0;   6.0;  971.06;   10.6;   48.83;   15.1;    4.0;    1.4;eor
       4280;20200217;    3;  13.8;   3.1;    3;  12.0;   6;-999;   0;   7.7;   8.5;  972.27;    8.6;   77.17;   13.5;    5.5;    4.4;eor
       4280;20200218;    3;  13.6;   5.3;    3;   0.0;   6;-999;   0;   7.2;   6.2;  978.97;    5.4;   69.17;    8.1;    4.0;    2.3;eor
       4280;20200219;    3;  14.8;   4.7;    3;   4.0;   8;-999;   0;   5.8;   5.9;  974.73;    3.2;   76.46;    5.4;    0.3;   -1.9;eor
       4280;20200220;    3;   7.5;   2.5;    3;   0.8;   6;-999;   0;   7.4;   6.4;  974.75;    4.3;   77.00;    8.1;   -0.7;   -2.7;eor
       4280;20200221;    3;  20.3;   5.5;    3;   0.0;   0;-999;   0;   5.7;   5.2;  980.20;    4.5;   62.08;    7.2;    2.3;    1.2;eor
       4280;20200222;    3;  16.2;   3.9;    3;   2.2;   6;-999;   0;   6.2;   5.0;  980.00;    6.9;   54.17;   13.6;   -2.7;   -4.6;eor
       4280;20200223;    3;  19.4;   7.7;    3;   3.1;   6;-999;   0;   7.8;   9.1;  973.42;    9.8;   75.33;   13.4;    5.7;    4.6;eor
       4280;20200224;    3;  11.9;   3.3;    3;   0.0;   6;-999;   0;   7.1;   7.4;  972.81;    5.6;   81.13;    8.6;    3.6;    1.5;eor
       4280;20200225;    3;  14.5;   4.9;    3;   2.9;   8;-999;   0;   7.3;   7.9;  958.44;    7.0;   79.13;    9.1;    3.0;    1.6;eor
       4280;20200226;    3;  15.3;   6.6;    3;   0.3;   8;-999;   0;   7.1;   5.5;  955.36;    2.7;   74.13;    5.3;    1.2;    0.0;eor
       4280;20200227;    3;  14.3;   4.8;    3;  12.4;   8;-999;   0;   7.5;   5.3;  956.39;    1.7;   78.04;    4.9;    0.0;    0.0;eor
       4280;20200228;    3;  11.5;   4.7;    3;   1.7;   8;-999;   7;   6.5;   5.3;  969.97;    1.4;   78.58;    4.8;   -0.9;   -3.8;eor
       4280;20200229;    3;  18.0;   4.0;    3;   1.5;   6;-999;   2;   7.7;   6.8;  957.95;    6.1;   73.17;   12.8;    0.4;    0.1;eor
       4280;20200301;    3;  17.8;   4.2;    3;   0.7;   6;-999;   0;   7.2;   7.1;  954.98;    7.4;   68.96;   11.5;    4.2;    0.9;eor
       4280;20200302;    3;  17.0;   3.8;    3;   3.3;   6;-999;   0;   6.3;   6.1;  948.96;    6.1;   64.83;   10.2;   -1.2;   -3.8;eor
       4280;20200303;    3;  14.0;   4.4;    3;   1.2;   6;-999;   0;   7.7;   6.0;  956.90;    3.8;   75.46;    6.7;   -2.4;   -4.0;eor
       4280;20200304;    3;  10.2;   2.8;    3;   0.2;   8;-999;   0;   5.2;   5.5;  966.65;    1.9;   79.13;    6.8;   -2.4;   -4.6;eor
       4280;20200305;    3;  11.0;   2.9;    3;   7.6;   6;-999;   0;   7.5;   6.3;  955.22;    3.0;   82.33;    7.0;   -2.9;   -5.0;eor
       4280;20200306;    3;  16.7;   5.8;    3;   1.4;   6;-999;   0;   7.8;   7.0;  951.52;    5.7;   76.08;    7.7;    3.3;    2.5;eor
       4280;20200307;    3;  11.5;   4.0;    3;   0.2;   6;-999;   0;   7.3;   6.1;  970.62;    3.3;   79.29;    5.6;    1.1;   -1.2;eor
       4280;20200308;    3;   7.5;   2.7;    3;   1.5;   6;-999;   0;   7.0;   5.6;  972.76;    4.3;   69.33;   10.0;   -1.1;   -2.5;eor
       4280;20200309;    3;   9.6;   3.1;    3;   0.4;   6;-999;   0;   6.6;   6.9;  968.65;    5.4;   77.17;   10.1;    1.1;   -0.1;eor
       4280;20200310;    3;  14.1;   4.4;    3;  12.5;   6;-999;   0;   6.9;   7.5;  968.00;    4.6;   87.38;    9.5;    1.7;   -0.1;eor
       4280;20200311;    3;  14.9;   5.6;    3;   0.2;   6;-999;   0;   7.6;  10.1;  969.67;   11.7;   74.17;   13.8;    8.6;    7.3;eor
       4280;20200312;    3;  18.1;   4.9;    3;   1.0;   6;-999;   0;   7.3;   9.2;  968.18;   11.0;   70.75;   16.0;    6.0;    5.4;eor
       4280;20200313;    3;  18.0;   5.8;    3;   0.0;   0;-999;   0;   5.5;   5.8;  973.06;    6.5;   61.04;   10.0;    3.3;    0.6;eor
       4280;20200314;    3;   5.5;   1.5;    3;   0.0;   6;-999;   0;   6.0;   5.6;  976.08;    3.7;   71.58;    9.7;   -2.1;   -3.7;eor
       4280;20200315;    3;   9.7;   2.8;    3;   0.0;   0;-999;   0;   3.6;   4.8;  973.98;    5.0;   58.54;   12.2;   -1.2;   -4.0;eor
       4280;20200316;    3;  10.1;   1.8;    3;   0.0;   6;-999;   0;   6.9;   6.1;  974.95;    8.2;   59.00;   17.8;   -0.5;   -3.1;eor
       4280;20200317;    3;   7.2;   1.6;    3;   0.2;   6;-999;   0;   6.9;   8.8;  982.66;    9.7;   74.08;   15.8;    4.5;    2.1;eor
       4280;20200318;    3;   5.8;   1.1;    3;   0.0;   0;-999;   0;   3.2;   8.5;  982.19;    9.0;   76.04;   16.6;    1.1;   -0.8;eor
       4280;20200319;    3;   4.6;   1.1;    3;   0.0;   0;-999;   0;   5.1;   8.9;  978.18;   11.1;   69.63;   18.1;    4.8;    2.3;eor
       4280;20200320;    3;  10.0;   2.3;    3;   0.0;   6;-999;   0;   4.8;   8.5;  974.63;    9.4;   73.83;   18.7;    1.6;    0.4;eor
       4280;20200321;    3;  15.4;   5.3;    3;   3.1;   8;-999;   0;   7.8;   6.0;  976.84;    3.4;   76.92;    5.4;    0.5;   -0.9;eor
       4280;20200322;    3;  12.5;   5.3;    3;   0.0;   0;-999;   0;   0.7;   3.1;  983.22;    1.1;   47.46;    5.3;   -2.1;   -4.2;eor
       4280;20200323;    3;  11.7;   3.5;    3;   0.0;   0;-999;   0;   0.0;   2.6;  987.17;   -0.5;   46.54;    5.0;   -5.2;   -8.8;eor
       4280;20200324;    3;  12.3;   3.2;    3;   0.0;   0;-999;   0;   0.0;   2.4;  984.84;   -0.1;   43.96;    6.7;   -7.7;  -10.6;eor
       4280;20200325;    3;  13.3;   4.9;    3;   0.0;   0;-999;   0;   0.0;   2.7;  978.55;    1.5;   41.96;    6.7;   -5.2;   -9.1;eor
       4280;20200326;    3;  11.6;   4.3;    3;   0.0;   0;-999;   0;   4.8;   4.0;  972.77;    3.0;   53.92;    8.3;   -2.6;   -5.3;eor
       4280;20200327;    3;  12.8;   3.0;    3;   0.0;   0;-999;   0;   1.6;   5.4;  969.92;    7.8;   54.29;   17.2;   -2.1;   -4.5;eor
       4280;20200328;    3;   7.9;   1.9;    3;   0.0;   0;-999;   0;   0.7;   5.8;  970.88;    8.6;   56.13;   17.8;   -1.4;   -3.7;eor
       4280;20200329;    1;  13.6;   3.8;    1;   0.0;   6;-999;   0;   5.5;   5.3;  974.01;    4.1;   64.83;    8.3;    1.1;   -2.8;eor
       4280;20200330;    1;  11.3;   3.5;    1;   0.0;   0;-999;   0;   2.5;   2.9;  978.84;    1.1;   46.33;    6.2;   -5.0;   -7.6;eor
       4280;20200331;    1;   8.1;   2.1;    1;   0.0;   7;-999;   0;   5.5;   3.4;  979.58;    0.2;   55.67;    6.1;   -5.5;   -8.8;eor
       4280;20200401;    1;   6.6;   1.2;    1;   0.0;   0;-999;   0;   0.0;   3.3;  974.09;    1.0;   53.42;    9.7;   -7.8;  -10.2;eor
       4280;20200402;    1;   8.6;   1.9;    1;   0.0;   0;-999;   0;   0.4;   3.7;  966.64;    5.1;   46.83;   13.8;   -5.6;   -8.1;eor
       4280;20200403;    1;   9.8;   2.8;    1;   0.0;   0;-999;   0;   5.2;   5.5;  970.12;    6.4;   57.46;   11.7;   -1.0;   -4.6;eor
       4280;20200404;    1;   6.0;   1.6;    1;   0.0;   0;-999;   0;   1.0;   5.6;  977.40;    7.4;   57.96;   14.3;   -1.4;   -4.5;eor
       4280;20200405;    1;  12.0;   3.2;    1;   0.0;   0;-999;   0;   0.0;   5.3;  977.96;    9.3;   49.58;   17.1;    0.3;   -3.4;eor
       4280;20200406;    1;   8.2;   1.6;    1;   0.0;   0;-999;   0;   0.0;   5.7;  977.55;   11.2;   46.21;   20.5;   -0.1;   -2.9;eor
       4280;20200407;    1;   8.5;   2.0;    1;   0.0;   0;-999;   0;   0.0;   6.0;  982.58;   13.0;   45.79;   22.2;    1.2;   -1.2;eor
       4280;20200408;    1;   6.0;   1.6;    1;   0.0;   0;-999;   0;   0.0;   6.0;  979.07;   13.1;   44.63;   22.4;    2.2;   -1.2;eor
       4280;20200409;    1;   7.8;   1.6;    1;   0.0;   0;-999;   0;   0.0;   6.2;  977.46;   12.8;   48.25;   21.9;    2.3;   -0.9;eor
       4280;20200410;    1;   8.1;   1.7;    1;   0.0;   0;-999;   0;   3.2;   7.5;  977.93;   12.6;   55.08;   21.2;    2.8;    1.6;eor
       4280;20200411;    1;   6.5;   1.3;    1;   0.0;   0;-999;   0;   3.2;   5.8;  977.61;   11.5;   49.00;   20.6;    1.8;   -0.8;eor
       4280;20200412;    1;  10.3;   1.6;    1;   0.0;   0;-999;   0;   3.5;   6.8;  971.54;   13.7;   47.25;   22.7;    1.8;   -0.9;eor
       4280;20200413;    1;  13.2;   3.5;    1;   0.1;   6;-999;   0;   4.9;   7.8;  969.29;   10.0;   65.33;   19.8;   -0.2;   -4.2;eor
       4280;20200414;    1;   7.7;   2.4;    1;   0.0;   0;-999;   0;   2.4;   3.8;  977.39;    2.7;   53.29;    8.6;   -3.2;   -6.8;eor
       4280;20200415;    1;   5.5;   1.4;    1;   0.0;   0;-999;   0;   6.3;   4.4;  978.08;    6.6;   49.71;   16.3;   -3.9;   -6.1;eor
       4280;20200416;    1;   9.0;   2.1;    1;   0.0;   0;-999;   0;   4.1;   5.8;  972.51;   12.6;   45.46;   23.1;   -0.2;   -2.5;eor
       4280;20200417;    1;   8.7;   1.6;    1;   0.0;   0;-999;   0;   6.0;   8.3;  969.84;   15.8;   49.63;   25.2;    6.3;    3.8;eor
       4280;20200418;    1;   5.7;   1.4;    1;   0.5;   6;-999;   0;   6.2;  10.3;  969.51;   15.1;   62.63;   22.4;    6.0;    3.8;eor
       4280;20200419;    1;  10.2;   3.1;    1;   0.0;   0;-999;   0;   4.2;  10.0;  970.33;   12.8;   67.75;   19.1;    8.4;    5.1;eor
       4280;20200420;    1;  15.1;   6.4;    1;   0.0;   0;-999;   0;   0.3;   5.5;  970.98;   11.4;   42.92;   17.3;    5.3;    3.6;eor
       4280;20200421;    1;  15.6;   6.5;    1;   0.0;   0;-999;   0;   0.9;   4.9;  970.25;   12.9;   34.25;   19.2;    6.6;    4.8;eor
       4280;20200422;    1;  12.3;   4.8;    1;   0.0;   0;-999;   0;   0.0;   5.3;  972.43;   13.4;   36.50;   20.8;    5.4;    1.5;eor
       4280;20200423;    1;   8.2;   1.8;    1;   0.0;   0;-999;   0;   0.4;   5.7;  973.22;   11.9;   45.71;   20.9;    1.1;   -2.1;eor
       4280;20200424;    1;  13.9;   3.4;    1;   0.0;   0;-999;   0;   6.8;   6.7;  966.62;   13.7;   46.21;   22.1;    2.2;   -0.6;eor
       4280;20200425;    1;   8.1;   3.0;    1;   0.0;   0;-999;   0;   0.1;   6.0;  964.97;   11.7;   46.38;   17.2;    3.7;    0.0;eor
       4280;20200426;    1;   7.2;   1.4;    1;   1.2;   6;-999;   0;   0.8;   5.9;  965.12;   10.3;   53.17;   19.4;   -0.2;   -3.1;eor
       4280;20200427;    1;   6.9;   1.7;    1;   0.0;   0;-999;   0;   4.8;   8.2;  964.05;   13.2;   56.75;   21.6;    4.0;    1.9;eor
       4280;20200428;    1;  10.8;   2.5;    1;   4.2;   6;-999;   0;   7.4;  10.9;  961.37;   13.1;   73.25;   20.2;    5.5;    3.3;eor
       4280;20200429;    1;  12.7;   3.5;    1;   0.5;   6;-999;   0;   6.6;  11.2;  963.05;   11.8;   81.50;   16.3;    6.5;    3.7;eor
       4280;20200430;    1;  11.2;   3.5;    1;   0.2;   6;-999;   0;   7.4;  10.1;  962.00;   11.0;   77.79;   15.2;    4.8;    2.5;eor
       4280;20200501;    1;  13.1;   4.0;    1;   4.2;   8;-999;-999;   6.0;   9.1;  960.49;   10.2;   75.33;   16.6;    6.8;    4.7;eor
       4280;20200502;    1;  17.2;   5.2;    1;   0.0;   6;-999;-999;   4.5;   7.8;  964.57;    9.7;   67.17;   15.2;    4.0;    1.3;eor
       4280;20200503;    1;   6.9;   2.1;    1;   0.0;   0;-999;-999;   6.8;   7.7;  972.43;    9.9;   65.38;   16.0;    5.3;    3.5;eor
       4280;20200504;    1;  12.7;   2.8;    1;   3.2;   6;-999;-999;   7.7;   9.9;  970.93;   11.5;   74.71;   18.6;    5.8;    4.5;eor
       4280;20200505;    1;   7.6;   2.8;    1;   0.0;   0;-999;-999;   5.5;   6.8;  972.47;    9.1;   61.21;   14.5;    2.2;   -1.1;eor
       4280;20200506;    1;   7.6;   1.9;    1;   0.0;   0;-999;-999;   2.4;   5.7;  977.27;    7.7;   58.08;   15.7;   -1.2;   -3.1;eor
       4280;20200507;    1;   6.5;   1.5;    1;   0.0;   0;-999;-999;   1.1;   6.2;  977.35;   11.6;   52.00;   21.1;   -0.2;   -2.0;eor
       4280;20200508;    1;   9.7;   1.9;    1;   0.0;   0;-999;-999;   7.0;   7.5;  971.71;   16.6;   44.75;   26.7;    5.2;    3.1;eor
       4280;20200509;    1;   7.7;   2.1;    1;   0.1;   6;-999;-999;   7.5;  10.4;  966.95;   16.8;   57.13;   24.4;    8.4;    7.6;eor
       4280;20200510;    1;   7.4;   2.1;    1;   0.1;   6;-999;-999;   6.7;  12.9;  961.46;   16.6;   70.29;   23.4;   10.1;    8.3;eor
       4280;20200511;    1;  11.5;   3.8;    1;  18.2;   8;-999;-999;   7.6;  10.6;  958.23;    8.6;   91.29;   16.2;    1.4;   -0.1;eor
       4280;20200512;    1;   5.5;   1.4;    1;   0.0;   0;-999;-999;   4.2;   5.6;  970.86;    5.5;   66.25;   12.5;   -1.5;   -3.6;eor
       4280;20200513;    1;   7.6;   1.6;    1;   9.9;   6;-999;-999;   7.9;   7.7;  965.80;    6.6;   80.17;   12.4;    0.9;   -0.1;eor
       4280;20200514;    1;   7.0;   2.0;    1;   0.0;   6;-999;-999;   7.9;   8.9;  968.55;    9.7;   75.63;   13.0;    6.3;    6.2;eor
       4280;20200515;    1;   8.4;   2.4;    1;   0.0;   6;-999;-999;   7.1;   7.8;  971.32;   11.0;   60.25;   15.1;    6.6;    4.3;eor
       4280;20200516;    1;   5.3;   1.2;    1;   0.0;   0;-999;-999;   2.0;   8.0;  975.23;   11.4;   63.54;   19.1;    2.1;   -0.4;eor
       4280;20200517;    1;   7.8;   2.0;    1;   0.0;   0;-999;-999;   1.0;   7.9;  976.07;   12.5;   58.83;   19.8;    3.1;    0.8;eor
       4280;20200518;    1;   7.4;   1.8;    1;   0.0;   0;-999;-999;   1.0;   8.7;  977.29;   14.4;   57.42;   22.9;    3.9;    1.7;eor
       4280;20200519;    1;   8.6;   2.4;    1;   0.0;   0;-999;-999;   1.2;   9.9;  974.72;   17.4;   54.17;   24.2;    7.1;    4.8;eor
       4280;20200520;    1;   6.5;   1.6;    1;   0.0;   0;-999;-999;   5.5;  11.2;  975.39;   15.2;   66.21;   20.7;    9.4;    7.2;eor
       4280;20200521;    1;   5.9;   1.5;    1;   0.0;   0;-999;-999;   3.5;  10.3;  976.36;   16.1;   60.67;   23.6;    7.8;    6.0;eor
       4280;20200522;    1;   8.2;   2.0;    1;   0.0;   6;-999;-999;   7.5;  11.5;  975.98;   18.8;   55.92;   25.6;    7.7;    6.2;eor
       4280;20200523;    1;  13.1;   3.1;    1;   3.3;   6;-999;-999;   7.3;  12.2;  978.07;   13.4;   78.63;   18.2;    7.6;    5.8;eor
       4280;20200524;    1;  13.2;   5.1;    1;   0.0;   6;-999;-999;   6.3;   8.7;  983.40;   12.9;   60.54;   17.7;    7.4;    5.9;eor
       4280;20200525;    1;  12.6;   4.5;    1;   3.0;   6;-999;-999;   5.9;  10.1;  984.39;   13.6;   65.42;   18.1;    6.9;    4.3;eor
       4280;20200526;    1;   7.7;   1.8;    1;   0.0;   0;-999;-999;   3.1;   8.4;  987.43;   11.4;   64.88;   18.0;    3.3;    1.5;eor
       4280;20200527;    1;   6.4;   1.4;    1;   0.1;   6;-999;-999;   5.1;   8.3;  986.14;   13.6;   57.79;   21.1;    3.2;    1.9;eor
       4280;20200528;    1;  10.4;   3.2;    1;   0.0;   6;-999;-999;   5.2;   8.6;  982.32;   13.4;   58.58;   19.3;    6.0;    4.6;eor
       4280;20200529;    1;   9.1;   2.3;    1;   0.0;   4;-999;-999;   3.1;   7.9;  979.76;   12.6;   56.79;   18.9;    4.1;    2.7;eor
       4280;20200530;    1;   9.7;   2.5;    1;   0.0;   0;-999;-999;   7.5;   7.3;  975.83;   12.2;   53.63;   17.9;    4.2;    2.9;eor
       4280;20200531;    1;   9.0;   2.6;    1;   0.0;   0;-999;-999;   7.8;   8.0;  975.04;   13.6;   52.67;   18.9;    5.9;    4.4;eor
       4280;20200601;    1;   9.5;   2.3;    1;   0.0;   0;-999;-999;   0.1;   8.9;  974.86;   16.9;   51.50;   25.2;    5.7;    4.1;eor
       4280;20200602;    1;  10.0;   1.8;    1;   0.0;   0;-999;-999;   2.4;   8.6;  970.92;   18.1;   46.58;   26.1;    7.3;    5.6;eor
       4280;20200603;    1;  12.9;   2.3;    1;   0.0;   6;-999;-999;   7.4;   9.6;  960.76;   18.6;   48.54;   27.7;    8.8;    6.8;eor
       4280;20200604;    1;   9.3;   2.7;    1;   8.3;   6;-999;-999;   7.9;  13.7;  952.48;   14.5;   82.54;   18.4;   11.5;   11.3;eor
       4280;20200605;    1;  14.1;   3.8;    1;   5.4;   6;-999;-999;   7.5;  11.4;  954.92;   12.3;   80.21;   14.6;    9.8;    9.1;eor
       4280;20200606;    1;   8.2;   2.5;    1;   4.9;   6;-999;-999;   7.9;  11.4;  960.32;   11.8;   82.58;   15.0;    8.7;    8.7;eor
       4280;20200607;    1;   7.7;   2.0;    1;   9.6;   6;-999;-999;   7.5;  12.1;  964.35;   11.3;   89.71;   12.8;    6.6;    5.1;eor
       4280;20200608;    1;   8.6;   2.0;    1;   4.0;   6;-999;-999;   6.3;  10.0;  968.30;   12.4;   71.92;   17.9;    4.6;    3.1;eor
       4280;20200609;    1;   8.1;   2.7;    1;   2.5;   6;-999;-999;   7.9;  13.2;  968.67;   12.8;   89.21;   14.7;   10.7;   10.6;eor
