STATIONS_ID;MESS_DATUM;QN_3;  FX;  FM;QN_4; RSK;RSKF; SDK;SHK_TAG;  NM; VPM;  PM; TMK; UPM; TXK; TNK; TGK;eor
       2023;20181208;   10;  20.1;   9.2;    3;   2.3;   6;    1.817;   0;   7.0;   7.1;  952.16;    4.9;   82.17;    6.5;    2.9;    1.2;eor
       2023;20181209;   10;  23.1;   8.4;    3;  10.6;   8;    0.000;   0;   7.6;   8.0;  946.20;    5.4;   88.75;    7.3;    3.4;    2.9;eor
       2023;20181210;   10;  15.5;   6.3;    3;   2.7;   8;    0.217;   1;   7.5;   6.5;  959.20;    2.2;   90.46;    4.3;    0.0;   -0.5;eor
       2023;20181211;   10;  12.7;   5.3;    3;   0.8;   8;    0.050;   0;   7.8;   5.9;  961.76;    0.9;   90.50;    1.8;    0.0;   -1.1;eor
       2023;20181212;   10;   8.5;   3.2;    3;   0.1;   8;    0.000;   0;   7.8;   5.9;  961.70;    0.5;   93.17;    1.6;   -0.5;   -0.9;eor
       2023;20181213;   10;  11.7;   4.9;    3;   0.0;   8;    0.000;   0;   8.0;   4.5;  956.83;   -1.4;   80.54;   -0.5;   -2.2;   -2.8;eor
       2023;20181214;   10;   9.5;   3.7;    3;   0.0;   7;    0.000;   0;   8.0;   4.0;  959.43;   -2.4;   77.63;   -1.9;   -2.7;   -2.8;eor
       2023;20181215;   10;   8.3;   3.4;    3;   0.0;   7;    0.000;   0;   7.6;   3.9;  963.02;   -2.7;   77.33;   -2.0;   -5.2;   -6.8;eor
       2023;20181216;   10;   9.6;   3.8;    3;   0.7;   8;    0.000;   0;   7.8;   4.6;  955.08;   -3.0;   91.83;    0.5;   -5.1;   -6.5;eor
       2023;20181217;   10;   7.4;   2.4;    3;   0.9;   6;    0.000;   1;   7.9;   6.2;  962.39;    0.4;   99.08;    1.7;   -0.8;   -1.3;eor
       2023;20181218;   10;  11.3;   3.8;    3;   0.0;   0;    0.000;   0;   7.2;   6.3;  965.07;    0.5;   99.25;    1.7;   -1.5;   -2.6;eor
       2023;20181219;   10;   8.3;   3.4;    3;   5.9;   6;    0.000;   0;   7.8;   6.0;  957.95;    0.0;   97.54;    2.1;   -1.3;   -1.4;eor
       2023;20181220;   10;  13.0;   5.4;    3;   0.0;   6;    0.183;   0;   7.8;   7.1;  958.44;    3.7;   90.00;    5.7;    1.5;    1.1;eor
       2023;20181221;   10;  22.3;   9.1;    3;   8.2;   6;    0.000;   0;   7.9;   8.3;  955.13;    5.9;   88.46;    8.9;    3.3;    2.1;eor
       2023;20181222;   10;  21.1;   6.8;    3;  11.5;   6;    0.267;   0;   7.6;   9.8;  957.34;    7.9;   91.46;   10.0;    5.8;    5.0;eor
       2023;20181223;   10;  15.9;   4.9;    3;  22.6;   6;    0.000;   0;   7.8;   9.4;  961.00;    6.9;   93.58;   10.8;    5.4;    3.8;eor
       2023;20181224;   10;  21.6;   5.9;    3;   0.9;   6;    0.533;   0;   7.7;   7.8;  964.58;    4.0;   93.54;   10.8;    0.3;   -1.1;eor
       2023;20181225;   10;   8.5;   2.5;    3;   0.0;   0;    0.017;   0;   6.7;   5.3;  973.97;   -0.4;   90.08;    1.9;   -2.5;   -4.7;eor
       2023;20181226;   10;   5.0;   1.7;    3;   0.0;   0;    0.000;   0;   8.0;   4.7;  971.76;   -3.4;   99.88;   -2.2;   -4.4;   -4.4;eor
       2023;20181227;   10;   4.0;   1.9;    3;   0.0;   0;    0.000;   0;   8.0;   4.8;  967.66;   -3.2;   99.96;   -2.2;   -4.4;   -3.8;eor
       2023;20181228;   10;   9.3;   1.9;    3;   0.0;   0;    6.983;   0;   4.7;   5.3;  967.81;   -0.8;   92.79;    3.8;   -3.2;   -4.4;eor
       2023;20181229;   10;   9.1;   2.8;    3;   0.6;   8;    0.000;   0;   7.9;   5.6;  971.14;   -1.1;   97.79;    1.2;   -3.0;   -2.7;eor
       2023;20181230;   10;  14.7;   6.0;    3;   1.0;   6;    0.000;   0;   7.8;   7.1;  970.50;    3.2;   92.79;    4.4;    1.0;    0.3;eor
       2023;20181231;   10;   7.0;   2.4;    3;   2.1;   6;    0.000;   0;   8.0;   8.0;  972.35;    3.7;   99.75;    5.0;    2.4;    2.0;eor
       2023;20190101;   10;  19.6;   4.9;    3;   3.8;   8;    0.000;   0;   7.9;   7.7;  967.79;    3.9;   95.42;    4.9;    0.8;    0.1;eor
       2023;20190102;   10;  22.1;   6.7;    3;   1.1;   8;    1.267;   0;   7.0;   5.0;  968.73;    0.0;   80.71;    1.8;   -1.9;   -4.1;eor
       2023;20190103;   10;  10.1;   4.0;    3;   0.0;   8;    1.033;   0;   7.2;   4.1;  974.29;   -2.6;   81.00;   -0.6;   -5.0;   -6.8;eor
       2023;20190104;   10;  10.4;   4.6;    3;   0.5;   8;    0.000;   0;   7.5;   5.2;  972.85;   -1.1;   91.75;    0.2;   -2.2;   -2.4;eor
       2023;20190105;   10;  12.4;   6.3;    3;  11.6;   8;    0.000;   1;   7.8;   6.3;  966.39;    0.8;   97.21;    2.1;   -0.2;   -0.5;eor
       2023;20190106;   10;  11.6;   6.1;    3;   4.4;   8;    0.000;   0;   7.8;   7.0;  968.19;    1.9;   99.75;    2.8;    0.8;   -0.2;eor
       2023;20190107;   10;  10.7;   4.5;    3;   0.7;   8;    0.000;   0;   7.8;   6.5;  970.14;    1.6;   95.46;    2.2;    0.3;   -1.4;eor
       2023;20190108;   10;  20.3;   7.8;    3;   4.6;   8;    0.367;   0;   7.5;   6.4;  955.83;    1.9;   92.08;    4.6;    0.2;   -0.3;eor
       2023;20190109;   10;  20.5;   7.5;    3;   2.8;   8;    0.000;   2;   7.5;   5.6;  951.81;   -0.6;   95.88;    1.8;   -1.8;   -1.4;eor
       2023;20190110;   10;  10.7;   5.1;    3;   0.6;   8;    0.017;   5;   7.7;   5.1;  960.34;   -1.6;   93.54;   -0.6;   -3.2;   -1.4;eor
       2023;20190111;   10;   7.6;   2.5;    3;   5.2;   8;    0.050;   4;   7.8;   4.5;  963.41;   -2.8;   89.58;   -0.7;   -4.2;   -1.9;eor
       2023;20190112;   10;  12.8;   4.4;    3;   1.9;   8;    0.000;   9;   7.8;   6.2;  960.02;    0.7;   95.92;    2.0;   -0.8;   -0.3;eor
       2023;20190113;   10;  19.0;   6.1;    3;   6.9;   8;    0.000;   3;   7.8;   7.1;  948.55;    2.5;   96.79;    6.2;    0.8;   -0.3;eor
       2023;20190114;   10;  15.2;   7.2;    3;   6.6;   8;    0.050;   0;   7.4;   6.5;  950.17;    2.0;   91.38;    4.7;   -0.1;   -1.1;eor
       2023;20190115;   10;  14.1;   5.5;    3;   0.0;   8;    0.400;   0;   8.0;   5.5;  960.30;    1.5;   80.58;    3.7;   -0.2;   -1.1;eor
       2023;20190116;   10;  13.2;   3.9;    3;   0.0;   0;    6.000;   0;   8.0;   5.5;  954.48;    2.1;   77.79;    3.9;   -0.7;   -2.2;eor
       2023;20190117;   10;  17.3;   7.5;    3;   0.0;   8;    0.200;   0;   7.9;   6.1;  948.69;    3.2;   79.17;    6.8;    0.4;   -1.2;eor
       2023;20190118;   10;  11.1;   3.4;    3;   0.0;   8;    1.800;   0;   7.3;   4.6;  957.73;   -1.1;   82.08;    0.8;   -3.6;   -5.7;eor
       2023;20190119;   10;  10.8;   3.3;    3;   0.0;   0;    7.300;   0;   5.2;   3.8;  955.84;   -3.9;   83.96;   -1.5;   -6.2;   -9.2;eor
       2023;20190120;   10;   4.8;   1.8;    3;   0.0;   0;    0.000;   0;   6.8;   3.8;  955.33;   -6.1;   96.38;   -4.4;   -9.5;  -11.2;eor
       2023;20190121;   10;   5.5;   2.3;    3;   0.0;   0;    6.800;   0;   5.1;   3.9;  959.24;   -4.3;   88.96;   -0.4;   -6.3;   -6.9;eor
       2023;20190122;   10;   8.6;   3.2;    3;   0.0;   7;    0.000;   0;   8.0;   3.8;  950.82;   -5.1;   90.67;   -4.1;   -6.4;   -5.8;eor
       2023;20190123;   10;   7.0;   3.2;    3;   0.3;   7;    0.000;   0;   7.8;   3.6;  939.66;   -5.6;   89.13;   -4.9;   -6.2;   -7.6;eor
       2023;20190124;   10;   4.6;   1.5;    3;   0.3;   7;    0.000;   0;   7.6;   3.5;  947.95;   -5.6;   87.13;   -3.1;   -7.3;  -10.3;eor
       2023;20190125;   10;  13.4;   3.0;    3;   1.4;   8;    0.467;   3;   7.6;   3.5;  955.35;   -4.4;   79.88;   -2.2;   -6.1;   -5.4;eor
       2023;20190126;   10;  12.2;   6.0;    3;   1.4;   8;    1.567;   2;   7.8;   5.2;  951.05;    0.1;   84.08;    2.6;   -3.2;   -3.4;eor
       2023;20190127;   10;  15.2;   6.5;    3;   0.1;   8;    2.200;   0;   7.4;   6.0;  936.25;    3.2;   78.63;    6.2;    1.0;   -0.1;eor
       2023;20190128;   10;  13.6;   6.7;    3;   0.2;   8;    0.833;   0;   7.5;   5.3;  938.97;    0.7;   82.67;    2.6;   -0.2;   -1.5;eor
       2023;20190129;   10;  12.0;   4.3;    3;   0.0;   7;    0.833;   0;   7.5;   4.6;  946.08;   -0.6;   78.29;    1.9;   -3.0;   -4.8;eor
       2023;20190130;   10;  14.6;   5.1;    3;   0.0;   7;    1.100;   0;   7.3;   4.1;  938.10;   -1.4;   74.46;    2.5;   -4.5;   -5.9;eor
       2023;20190131;   10;   7.8;   3.2;    3;   0.2;   8;    7.017;   0;   4.7;   3.7;  938.93;   -1.5;   67.92;    2.4;   -5.1;   -8.5;eor
       2023;20190201;   10;   7.5;   2.8;    3;   3.2;   6;    0.000;   0;   7.5;   5.0;  933.26;    0.0;   81.83;    1.5;   -1.3;   -1.9;eor
       2023;20190202;   10;   4.9;   1.9;    3;   0.0;   8;    3.167;   0;   7.2;   6.4;  937.84;    1.6;   93.21;    5.5;   -0.5;   -1.4;eor
       2023;20190203;   10;  14.4;   6.0;    3;   7.3;   8;    0.000;   0;   7.5;   5.6;  953.42;   -0.4;   93.38;    1.4;   -1.8;   -1.5;eor
       2023;20190204;   10;   6.9;   2.7;    3;   0.0;   0;    8.933;   4;   4.4;   4.3;  968.20;   -2.1;   82.46;    0.7;   -5.0;   -5.9;eor
       2023;20190205;   10;   5.0;   2.1;    3;   0.0;   7;    0.000;   4;   8.0;   4.2;  968.49;   -4.5;   94.71;   -3.6;   -6.2;   -4.0;eor
       2023;20190206;   10;   4.3;   2.4;    3;   0.0;   7;    0.000;   3;   8.0;   3.8;  966.56;   -5.7;   94.13;   -4.6;   -7.5;   -3.1;eor
       2023;20190207;   10;   7.0;   2.4;    3;   3.2;   6;    0.000;   3;   7.8;   4.9;  957.75;   -2.4;   93.75;    1.4;   -6.6;   -2.8;eor
       2023;20190208;   10;  11.8;   4.3;    3;   0.0;   6;    6.383;   1;   7.8;   5.8;  958.61;    2.6;   79.25;    6.7;    0.2;   -1.0;eor
       2023;20190209;   10;  14.5;   6.0;    3;   0.0;   6;    4.183;   0;   7.2;   5.9;  954.25;    5.0;   68.04;    9.2;    0.4;   -1.4;eor
       2023;20190210;   10;  23.2;   6.5;    3;   4.4;   8;    0.000;   0;   7.5;   6.5;  946.47;    5.0;   75.75;   10.8;    1.3;    0.3;eor
       2023;20190211;   10;  15.7;   7.6;    3;   1.5;   8;    0.433;   0;   7.3;   5.8;  956.66;    1.9;   82.46;    3.3;   -0.1;   -1.6;eor
       2023;20190212;   10;  11.5;   4.9;    3;   0.0;   7;    0.000;   0;   7.3;   5.0;  972.39;    1.1;   75.83;    2.4;   -0.3;   -1.4;eor
       2023;20190213;   10;   5.2;   1.8;    3;   0.0;   0;    9.233;   0;   5.5;   5.0;  976.32;    2.2;   71.08;    6.4;   -2.5;   -4.3;eor
       2023;20190214;   10;   4.1;   2.0;    3;   0.0;   0;    8.267;   0;   4.9;   5.1;  976.07;    2.6;   70.58;    9.1;   -2.9;   -4.2;eor
       2023;20190215;   10;   6.5;   2.4;    3;   0.0;   0;    9.883;   0;   0.9;   5.6;  973.45;    4.8;   65.38;   12.0;   -1.3;   -4.3;eor
       2023;20190216;   10;   5.7;   2.4;    3;   0.0;   0;    7.967;   0;   0.9;   6.2;  969.27;    4.0;   77.71;   11.1;   -3.3;   -4.1;eor
       2023;20190217;   10;   5.7;   2.7;    3;   0.0;   0;    9.617;   0;   4.9;   5.9;  966.00;    3.9;   75.38;   12.4;   -4.1;   -5.4;eor
       2023;20190218;   10;   4.6;   2.3;    3;   0.0;   0;   10.017;   0;   0.0;   5.4;  961.74;    4.2;   68.83;   12.1;   -2.8;   -5.0;eor
       2023;20190219;   10;   9.3;   3.5;    3;   0.0;   6;    5.050;   0;   6.6;   6.3;  961.16;    4.4;   75.08;   11.2;   -2.1;   -4.3;eor
       2023;20190220;   10;   5.7;   1.5;    3;   0.0;   0;    5.817;   0;   7.8;   6.7;  964.81;    5.1;   77.42;    9.7;   -0.8;   -3.2;eor
       2023;20190221;   10;   7.4;   2.2;    3;   0.6;   6;    1.517;   0;   6.7;   7.4;  968.20;    6.1;   78.71;   11.6;    0.3;   -2.3;eor
       2023;20190222;   10;   8.9;   3.8;    3;   0.1;   6;    0.783;   0;   6.2;   8.3;  973.18;    6.8;   83.75;    9.9;    1.0;   -1.6;eor
       2023;20190223;   10;  11.5;   5.0;    3;   0.0;   0;    8.850;   0;   4.8;   3.5;  978.03;    0.8;   55.79;    5.7;   -2.2;   -5.0;eor
       2023;20190224;   10;   7.0;   3.2;    3;   0.0;   0;    9.517;   0;   3.4;   2.4;  977.37;    2.3;   35.63;    9.0;   -3.2;   -5.5;eor
       2023;20190225;   10;   5.6;   2.2;    3;   0.0;   0;    9.550;   0;   4.3;   4.8;  976.93;    6.6;   46.88;   14.7;   -1.7;   -4.7;eor
       2023;20190226;   10;   7.3;   2.2;    3;   0.0;   0;    9.000;   0;   7.0;   5.9;  973.68;    8.7;   55.25;   16.2;    0.7;   -2.6;eor
       2023;20190227;   10;   5.6;   1.8;    3;   0.0;   0;   10.417;-999;   1.5;   4.9;  967.63;    9.0;   43.96;   15.8;    1.5;   -3.8;eor
       2023;20190228;   10;  16.7;   5.7;    3;   2.3;   6;    9.667;-999;   1.3;   6.3;  958.82;    9.6;   54.38;   17.1;    2.6;   -1.4;eor
       2023;20190301;   10;  10.9;   4.6;    3;   5.0;   6;    0.017;-999;   7.8;   8.3;  955.98;    6.4;   86.25;    8.5;    5.0;    4.1;eor
       2023;20190302;   10;   9.7;   3.9;    3;   0.0;   6;    0.050;   0;   7.8;   7.6;  958.27;    6.0;   81.25;    8.0;    3.8;    3.0;eor
       2023;20190303;   10;  13.0;   5.1;    3;   0.0;   0;    3.783;   0;   7.8;   7.7;  955.13;    8.5;   70.17;   12.8;    6.2;    3.6;eor
       2023;20190304;   10;  21.5;   7.6;    3;   1.7;   6;    2.667;   0;   7.3;   6.4;  944.88;    7.4;   63.79;   11.7;    2.6;    1.1;eor
       2023;20190305;   10;  15.7;   5.4;    3;   3.7;   6;    1.917;   0;   7.1;   6.4;  951.88;    3.8;   80.75;    8.2;    1.6;   -0.3;eor
       2023;20190306;   10;  11.2;   4.4;    3;   0.0;   0;    6.217;   0;   7.5;   7.6;  949.76;    6.3;   80.46;   11.8;    1.2;   -0.9;eor
       2023;20190307;   10;  18.2;   5.4;    3;   0.2;   6;    2.800;   0;   6.0;   7.2;  945.12;    7.3;   70.71;   11.2;    4.1;    1.5;eor
       2023;20190308;   10;  17.1;   6.0;    3;   0.1;   6;    5.033;   0;   6.3;   6.3;  955.85;    6.1;   68.13;   10.6;    3.1;   -0.4;eor
       2023;20190309;   10;  24.1;   8.6;    3;   2.2;   6;    0.517;   0;   7.8;   7.4;  957.64;    7.7;   70.08;   10.1;    4.4;    2.8;eor
       2023;20190310;   10;  28.3;   9.6;    3;   7.5;   8;    2.733;   0;   5.8;   7.9;  952.53;    8.5;   70.75;   13.0;    4.3;    1.4;eor
       2023;20190311;   10;  19.9;   7.7;    3;   1.2;   8;    5.050;   0;   6.0;   5.0;  959.35;    2.4;   69.29;    4.9;   -1.0;   -1.5;eor
       2023;20190312;   10;  16.9;   6.3;    3;   0.0;   6;    7.100;   0;   6.5;   4.5;  960.16;    4.2;   55.83;    8.3;    0.6;   -1.4;eor
       2023;20190313;   10;  20.4;   7.6;    3;   1.0;   8;    3.833;   0;   7.5;   5.4;  951.95;    5.1;   62.79;    8.1;    2.5;    0.8;eor
       2023;20190314;   10;  20.4;   7.6;    3;   5.0;   8;    0.000;   0;   7.5;   6.7;  949.62;    3.1;   87.58;    4.9;    1.9;    1.1;eor
       2023;20190315;   10;  19.9;   7.4;    3;   4.7;   6;    0.000;   0;   7.5;   8.7;  950.60;    6.9;   86.75;   10.2;    3.6;    1.1;eor
       2023;20190316;   10;  18.7;   6.3;    3;   0.2;   6;    4.367;   0;   6.4;   8.9;  953.11;    9.7;   74.71;   13.2;    6.7;    0.9;eor
       2023;20190317;   10;  22.1;   6.3;    3;   0.5;   8;    5.450;   0;   7.1;   6.7;  948.92;    7.8;   65.33;   16.0;    2.8;   -0.2;eor
       2023;20190318;   10;  13.6;   4.7;    3;   0.0;   8;    5.700;   0;   5.1;   5.4;  959.06;    3.5;   69.79;    7.3;   -0.5;   -3.3;eor
       2023;20190319;   10;   9.0;   2.3;    3;   0.0;   0;    7.250;   0;   2.7;   4.8;  967.03;    2.9;   66.75;    8.2;   -1.9;   -4.9;eor
       2023;20190320;   10;   7.2;   1.8;    3;   0.0;   0;   11.700;   0;   0.8;   4.2;  973.21;    4.2;   52.38;    9.9;   -1.8;   -6.5;eor
       2023;20190321;   10;  11.7;   3.6;    3;   0.0;   0;   11.767;   0;   4.4;   4.4;  972.88;    6.9;   45.83;   13.4;   -1.3;   -4.3;eor
       2023;20190322;   10;   9.2;   3.2;    3;   0.0;   0;   10.867;   0;   4.7;   5.9;  969.99;    9.8;   48.58;   16.9;    4.3;   -1.0;eor
       2023;20190323;   10;   8.4;   2.5;    3;   0.0;   0;   11.583;   0;   1.5;   6.6;  967.50;    9.5;   59.25;   18.1;    0.0;   -2.9;eor
       2023;20190324;   10;  12.5;   3.4;    3;   0.0;   0;    9.683;   0;   0.6;   8.0;  963.56;    8.8;   71.88;   16.7;    3.5;   -0.5;eor
       2023;20190325;   10;  21.9;   6.1;    3;   0.9;   8;    6.883;   0;   6.2;   5.9;  961.16;    4.3;   71.46;    8.0;    1.8;   -1.2;eor
       2023;20190326;   10;  10.0;   4.1;    3;   0.8;   8;    1.367;   0;   7.0;   5.6;  968.25;    3.6;   72.29;    7.5;   -0.2;   -2.9;eor
       2023;20190327;   10;   6.8;   2.6;    3;   0.0;   6;    1.517;   0;   7.8;   6.1;  971.13;    5.4;   69.21;   10.1;    2.1;    1.2;eor
       2023;20190328;   10;   9.4;   2.7;    3;   0.0;   6;    4.650;   0;   7.7;   7.0;  972.66;    7.7;   67.33;   13.4;    3.2;    1.6;eor
       2023;20190329;   10;  10.7;   4.0;    3;   0.0;   0;   11.717;   0;   0.6;   7.6;  969.99;    9.2;   67.75;   15.0;    3.6;    1.2;eor
       2023;20190330;   10;   6.6;   1.8;    3;   0.0;   0;   11.933;   0;   2.6;   6.6;  964.39;   10.5;   55.46;   18.0;    2.6;   -1.2;eor
       2023;20190331;   10;   9.1;   2.7;    3;   0.0;   0;   10.767;   0;   2.0;   6.6;  960.92;   11.2;   52.71;   18.8;    3.1;   -0.7;eor
       2023;20190401;   10;  10.8;   4.6;    3;   0.0;   0;   10.950;   0;   0.4;   7.8;  959.10;    9.5;   67.42;   16.5;    3.1;   -0.2;eor
       2023;20190402;   10;  23.5;   4.0;    3;   0.0;   6;   11.133;   0;   7.1;   7.3;  951.84;   11.4;   55.75;   19.2;    4.0;    0.9;eor
       2023;20190403;   10;  18.4;   3.9;    3;   0.0;   6;    7.083;   0;   7.8;   7.7;  943.95;   10.6;   62.21;   17.5;    3.3;    2.2;eor
       2023;20190404;   10;  11.5;   4.1;    3;   0.0;   6;    1.400;   0;   7.8;   7.1;  940.56;    4.8;   82.75;    9.7;    3.2;    3.0;eor
       2023;20190405;   10;   5.6;   2.4;    3;   0.1;   6;    0.050;   0;   6.6;   7.3;  945.69;    4.8;   84.96;    8.0;    2.5;   -0.3;eor
       2023;20190406;   10;  13.0;   3.9;    3;   0.0;   0;    4.450;   0;   7.0;   8.1;  945.35;    9.4;   70.38;   15.8;    3.1;    0.2;eor
       2023;20190407;   10;   8.4;   2.4;    3;   0.0;   0;    7.100;   0;   6.1;   7.7;  945.90;   10.5;   61.38;   16.4;    4.5;    0.0;eor
       2023;20190408;   10;   7.5;   2.5;    3;   1.0;   6;    1.400;   0;   7.3;   9.0;  950.66;   10.2;   73.38;   14.2;    5.6;    1.7;eor
       2023;20190409;   10;   9.0;   2.7;    3;  17.9;   8;    1.717;   0;   7.8;  10.5;  950.49;   10.0;   85.71;   15.9;    7.0;    3.8;eor
       2023;20190410;   10;   9.6;   3.6;    3;   0.0;   6;    1.583;   0;   7.7;   8.4;  951.41;    8.4;   76.54;   13.4;    4.7;    2.6;eor
       2023;20190411;   10;   9.6;   3.4;    3;   0.0;   0;    4.367;   0;   7.1;   5.8;  957.30;    5.9;   62.83;   11.0;    1.3;   -0.8;eor
       2023;20190412;   10;   8.9;   3.0;    3;   0.0;   0;    1.667;   0;   5.8;   4.6;  959.86;    3.2;   61.42;    8.6;   -1.7;   -3.7;eor
       2023;20190413;   10;   9.7;   3.0;    3;   0.0;   6;    5.367;   0;   7.4;   4.9;  958.64;    4.5;   59.54;    9.2;    0.7;   -1.9;eor
       2023;20190414;   10;  10.2;   3.5;    3;   0.0;   0;    6.817;   0;   7.6;   5.5;  959.50;    4.6;   67.38;   10.3;    0.0;   -2.1;eor
       2023;20190415;   10;  12.6;   4.2;    3;   0.0;   0;   10.850;   0;   2.7;   6.5;  961.88;    8.7;   60.25;   15.0;    3.0;    2.0;eor
       2023;20190416;   10;   8.7;   3.1;    3;   0.0;   0;   11.383;   0;   4.5;   6.5;  958.85;   10.6;   51.04;   17.0;    4.0;    0.3;eor
       2023;20190417;   10;  10.3;   4.1;    3;   0.0;   0;   11.617;   0;   6.2;   5.9;  962.64;   12.5;   42.33;   17.9;    7.9;    5.7;eor
       2023;20190418;   10;  13.2;   5.9;    3;   0.0;   0;   13.267;   0;   1.1;   7.3;  964.52;   13.2;   49.67;   19.0;    7.1;    4.0;eor
       2023;20190419;   10;  10.1;   4.7;    3;   0.0;   0;   13.483;   0;   0.0;   6.6;  967.81;   14.8;   41.71;   21.6;    8.1;    4.0;eor
       2023;20190420;   10;  10.9;   4.5;    3;   0.0;   0;   13.450;   0;   0.0;   5.6;  967.31;   15.8;   32.42;   21.5;    9.1;    6.1;eor
       2023;20190421;   10;  11.2;   4.0;    3;   0.0;   0;   13.517;   0;   0.0;   5.0;  960.60;   15.6;   29.38;   22.1;    8.6;    4.2;eor
       2023;20190422;   10;  13.1;   5.9;    3;   0.0;   0;   13.317;   0;   4.3;   6.1;  950.48;   15.6;   35.96;   22.5;    7.8;    3.8;eor
       2023;20190423;   10;  14.1;   6.5;    3;   0.0;   0;    4.917;   0;   7.6;   8.8;  942.43;   14.7;   52.79;   19.8;   10.2;    8.0;eor
       2023;20190424;   10;  20.6;   4.8;    3;   0.0;   6;   10.067;   0;   4.5;   8.8;  946.17;   15.3;   55.21;   24.7;    7.4;    3.7;eor
       2023;20190425;   10;  15.2;   4.3;    3;   0.0;   0;   12.483;   0;   4.2;   7.7;  951.39;   15.9;   47.92;   25.3;    6.3;    2.6;eor
       2023;20190426;   10;  14.1;   5.5;    3;   3.5;   6;    1.967;   0;   5.8;   8.8;  955.31;    7.8;   83.17;   10.5;    6.2;    5.1;eor
       2023;20190427;   10;  19.1;   5.0;    3;   1.0;   6;    4.967;   0;   7.5;   8.4;  957.69;    7.8;   80.17;   12.8;    4.2;    2.7;eor
       2023;20190428;   10;   7.5;   2.7;    3;   0.1;   6;    3.900;   0;   7.0;   6.6;  960.23;    6.0;   72.33;   10.7;    1.7;   -0.1;eor
       2023;20190429;   10;  11.9;   5.5;    3;   8.0;   6;    0.017;   0;   7.8;   7.9;  960.93;    6.4;   83.08;   10.4;    3.6;    1.9;eor
       2023;20190430;   10;  10.7;   4.4;    3;   0.0;   0;    2.983;   0;   5.7;   9.1;  958.97;    8.9;   80.46;   13.7;    6.2;    1.8;eor
       2023;20190501;   10;   6.4;   2.0;    3;   0.0;   0;   12.767;-999;   1.6;   8.6;  956.67;   11.6;   65.04;   18.5;    3.1;    0.4;eor
       2023;20190502;   10;  17.4;   3.5;    3;   7.1;   6;    7.900;-999;   4.7;   9.1;  951.27;   11.4;   70.83;   18.7;    3.1;    1.6;eor
       2023;20190503;   10;  10.7;   3.7;    3;   0.0;   6;    1.350;-999;   7.7;   8.9;  951.52;    9.0;   77.88;   11.6;    7.0;    4.9;eor
       2023;20190504;   10;  13.9;   4.4;    3;   2.0;   6;    1.183;-999;   7.5;   7.3;  948.91;    4.8;   85.25;   10.0;    1.3;    0.2;eor
       2023;20190505;   10;  10.7;   4.1;    3;   0.1;   8;    2.367;-999;   7.0;   5.9;  956.67;    3.7;   75.54;    7.5;    0.6;   -2.0;eor
       2023;20190506;   10;  11.6;   2.8;    3;   0.1;   6;    4.183;-999;   5.8;   5.9;  960.17;    4.4;   70.79;   10.0;   -0.3;   -3.4;eor
       2023;20190507;   10;   8.3;   1.9;    3;   0.0;   0;    5.667;-999;   6.0;   6.0;  958.40;    7.1;   61.21;   11.7;    0.7;   -2.7;eor
       2023;20190508;   10;  13.3;   4.1;    3;   1.6;   6;    0.517;-999;   7.6;   9.2;  948.48;    9.1;   77.71;   12.6;    4.7;    2.8;eor
       2023;20190509;   10;  16.7;   6.7;    3;   0.6;   6;    4.850;-999;   6.5;   9.3;  945.27;   10.1;   75.71;   14.1;    6.3;    4.6;eor
       2023;20190510;   10;  12.0;   3.0;    3;   1.4;   6;    3.400;-999;   6.8;   9.6;  952.66;   11.1;   73.29;   15.4;    7.8;    5.7;eor
       2023;20190511;   10;  14.6;   4.9;    3;   5.6;   6;    3.317;-999;   7.7;  10.6;  953.03;   11.0;   82.04;   17.2;    6.4;    5.9;eor
       2023;20190512;   10;  14.1;   5.2;    3;   0.0;   6;    2.333;-999;   7.8;   7.3;  967.55;    7.8;   70.63;   12.1;    3.8;    3.2;eor
       2023;20190513;   10;  10.8;   4.0;    3;   0.0;   0;   10.650;-999;   3.6;   5.7;  972.80;    9.4;   50.17;   15.6;    3.7;    0.4;eor
       2023;20190514;   10;  17.4;   3.9;    3;   0.0;   6;   10.067;-999;   3.8;   5.7;  968.15;    7.5;   56.58;   13.1;    1.9;   -2.1;eor
       2023;20190515;   10;  10.1;   3.6;    3;   0.0;   0;    7.667;-999;   5.5;   6.3;  962.58;    7.0;   64.42;   13.2;    1.0;   -0.8;eor
       2023;20190516;   10;   5.7;   2.2;    3;   0.0;   6;    0.000;-999;   7.8;   8.4;  955.46;    7.8;   79.63;   11.4;    4.3;    2.4;eor
       2023;20190517;   10;  10.4;   3.9;    3;   0.0;   0;   11.600;-999;   5.4;   9.8;  948.83;   12.1;   71.88;   19.3;    5.4;    4.3;eor
       2023;20190518;   10;   9.2;   3.0;    3;   0.0;   0;   10.383;-999;   5.5;  10.7;  946.80;   14.2;   67.58;   20.3;    7.4;    5.1;eor
       2023;20190519;   10;  11.6;   3.7;    3;   0.4;   6;    9.800;-999;   5.1;  11.4;  945.03;   14.7;   71.08;   23.8;    8.5;    6.5;eor
       2023;20190520;   10;  14.4;   6.3;    3;  39.5;   6;    0.033;-999;   7.6;  13.7;  944.71;   12.6;   93.88;   15.1;   11.2;   10.2;eor
       2023;20190521;   10;  14.8;   6.6;    3;  15.9;   6;    0.000;-999;   7.7;  12.6;  949.95;   10.8;   97.17;   11.4;   10.0;    9.5;eor
       2023;20190522;   10;  10.9;   5.0;    3;   0.0;   6;    3.133;-999;   6.5;  11.5;  959.00;   10.8;   89.67;   14.7;    7.3;    3.8;eor
       2023;20190523;   10;   5.7;   1.7;    3;   0.0;   0;   14.317;-999;   3.8;   9.4;  960.25;   12.9;   65.83;   18.5;    5.6;    2.7;eor
       2023;20190524;   10;  10.0;   1.7;    3;   0.0;   0;   13.217;-999;   4.3;  10.0;  956.73;   15.5;   57.92;   21.7;    8.1;    4.0;eor
       2023;20190525;   10;  14.0;   2.8;    3;   0.4;   6;    5.767;-999;   7.6;  11.2;  956.79;   14.3;   69.75;   21.4;   10.2;    7.4;eor
       2023;20190526;   10;   6.4;   1.6;    3;   0.0;   0;   11.283;-999;   3.5;  11.6;  956.97;   15.8;   66.71;   21.0;    8.6;    5.8;eor
       2023;20190527;   10;   7.2;   2.1;    3;   0.0;   6;    7.367;-999;   6.5;  12.3;  951.98;   16.1;   67.92;   20.4;   10.1;    7.2;eor
       2023;20190528;   10;  13.0;   4.0;    3;   2.9;   6;    0.483;-999;   7.9;  11.6;  950.04;   12.4;   80.79;   15.3;    8.8;    8.1;eor
       2023;20190529;   10;   8.9;   3.3;    3;   0.0;   0;    3.900;-999;   7.3;  10.2;  960.50;   11.1;   78.00;   15.7;    6.7;    3.6;eor
       2023;20190530;   10;   7.8;   1.6;    3;   0.0;   0;   13.167;-999;   3.3;   9.0;  966.60;   13.7;   60.50;   19.5;    5.8;    2.5;eor
       2023;20190531;   10;   5.0;   1.5;    3;   0.0;   0;    4.267;-999;   6.7;  12.4;  966.76;   17.1;   63.79;   21.9;   13.5;   10.3;eor
       2023;20190601;   10;  11.0;   1.6;    3;   0.0;   0;   14.650;-999;   4.8;  13.0;  964.19;   19.6;   59.13;   25.0;   11.2;    8.7;eor
       2023;20190602;   10;   9.7;   3.3;    3;   0.0;   0;   15.417;-999;   2.9;  13.4;  960.08;   21.4;   53.71;   26.8;   14.9;   11.3;eor
       2023;20190603;   10;  17.6;   3.5;    3;   0.3;   6;   10.750;-999;   3.3;  14.4;  957.68;   20.4;   61.46;   29.8;   14.9;   12.4;eor
       2023;20190604;   10;   8.5;   3.2;    3;   0.0;   0;   14.700;-999;   2.4;  14.9;  954.63;   21.1;   61.08;   27.3;   12.6;   11.0;eor
       2023;20190605;   10;   9.1;   3.6;    3;   0.1;   6;   14.983;-999;   1.5;  14.7;  949.63;   23.0;   53.08;   28.5;   14.2;   11.5;eor
       2023;20190606;   10;  15.0;   5.4;    3;   0.3;   6;    6.133;-999;   5.7;  12.4;  954.37;   14.7;   74.92;   20.1;    8.8;    6.1;eor
       2023;20190607;   10;  22.8;   5.4;    3;   0.1;   6;   14.200;-999;   1.8;  12.6;  954.94;   16.7;   68.42;   25.9;    7.9;    5.3;eor
       2023;20190608;   10;  11.4;   3.9;    3;   0.0;   6;    9.883;-999;   4.4;   8.8;  964.36;   15.9;   50.71;   21.1;   11.4;    8.2;eor
       2023;20190609;   10;   9.9;   2.9;    3;   1.3;   6;    8.050;-999;   6.1;  12.0;  962.92;   16.7;   64.04;   23.6;    9.9;    6.5;eor
       2023;20190610;   10;  13.0;   2.4;    3;   2.5;   6;    2.850;-999;   7.3;  15.8;  955.82;   15.7;   89.25;   23.6;   12.3;   11.3;eor
       2023;20190611;   10;  12.3;   4.5;    3;   0.0;   6;    3.200;-999;   7.5;  15.6;  952.43;   16.4;   83.67;   21.5;   12.5;   12.4;eor
       2023;20190612;   10;  14.8;   3.2;    3;   1.9;   6;    0.483;-999;   7.7;  14.8;  952.62;   14.1;   92.00;   18.9;   12.3;   11.6;eor
       2023;20190613;   10;   6.0;   1.7;    3;   0.0;   0;   12.250;-999;   2.9;  12.7;  957.11;   18.3;   64.08;   24.4;   12.0;   11.0;eor
       2023;20190614;   10;  11.2;   3.6;    3;   0.0;   6;   13.000;-999;   4.0;  14.6;  957.24;   21.7;   57.67;   30.0;   13.4;    9.9;eor
       2023;20190615;   10;  12.6;   4.6;    3;  13.9;   6;   10.483;-999;   6.4;  15.6;  956.02;   20.1;   66.83;   24.8;   14.9;   14.9;eor
       2023;20190616;   10;   9.5;   3.2;    3;   1.4;   6;    4.867;-999;   5.6;  15.3;  962.57;   15.5;   86.83;   19.8;   12.5;   10.3;eor
       2023;20190617;   10;   9.1;   2.8;    3;   0.0;   0;   10.150;-999;   2.8;  14.4;  961.30;   17.7;   74.38;   24.6;    9.9;    9.1;eor
       2023;20190618;   10;   6.4;   2.2;    3;   0.0;   0;   12.967;-999;   2.4;  15.4;  957.41;   21.4;   62.04;   27.9;   15.6;   11.8;eor
       2023;20190619;   10;  10.9;   2.2;    3;   3.4;   6;   11.167;-999;   5.1;  15.5;  953.89;   22.7;   57.21;   28.8;   16.7;   14.7;eor
       2023;20190620;   10;  15.8;   2.7;    3;   5.9;   6;    5.483;-999;   7.1;  16.8;  956.20;   18.6;   79.33;   23.6;   14.1;   12.6;eor
       2023;20190621;   10;   5.9;   2.1;    3;   0.6;   6;    9.333;-999;   7.0;  15.6;  959.53;   18.8;   73.54;   24.2;   12.8;   11.6;eor
       2023;20190622;   10;  10.4;   2.7;    3;  45.9;   6;    3.450;-999;   7.7;  17.1;  958.66;   17.0;   88.75;   22.3;   14.3;   13.0;eor
       2023;20190623;   10;   7.4;   3.0;    3;   0.0;   6;    7.017;-999;   5.8;  17.5;  960.28;   18.8;   81.50;   24.4;   13.8;   12.6;eor
       2023;20190624;   10;  12.5;   5.2;    3;   0.0;   0;   15.483;-999;   3.7;  17.4;  962.47;   21.8;   68.29;   26.7;   15.6;   13.2;eor
       2023;20190625;   10;   8.9;   3.2;    3;   0.0;   0;   15.150;-999;   5.3;  19.6;  962.99;   24.5;   64.54;   30.0;   17.8;   15.7;eor
       2023;20190626;   10;   3.9;   1.5;    3;   0.0;   0;   14.733;-999;   1.5;  21.8;  964.98;   27.5;   61.00;   33.7;   20.1;   17.4;eor
       2023;20190627;   10;  11.8;   3.9;    3;   0.0;   0;   15.067;-999;   0.0;  19.7;  964.56;   24.9;   62.54;   30.5;   16.4;   13.5;eor
       2023;20190628;   10;   7.0;   2.6;    3;   0.0;   0;   15.700;-999;   0.0;  11.9;  964.09;   20.9;   49.50;   27.5;   13.8;   11.9;eor
       2023;20190629;   10;   8.4;   2.9;    3;   0.0;   0;   15.683;-999;   0.0;  12.5;  961.86;   22.3;   47.42;   28.8;   14.1;   10.7;eor
       2023;20190630;   10;   7.7;   2.3;    3;   0.0;   0;   15.417;-999;   1.3;  15.4;  959.10;   25.2;   48.83;   33.2;   16.0;   13.3;eor
       2023;20190701;   10;  12.4;   2.9;    3;   0.2;   6;    9.050;-999;   6.3;  20.5;  958.95;   23.6;   71.38;   30.7;   19.5;   17.8;eor
       2023;20190702;   10;  10.2;   3.6;    3;   0.0;   0;   14.500;-999;   3.0;  12.5;  961.31;   20.2;   53.67;   25.3;   14.4;   12.5;eor
       2023;20190703;   10;   7.9;   2.5;    3;   0.0;   0;   14.833;-999;   3.2;  10.2;  962.46;   18.4;   49.88;   24.6;   11.6;   10.0;eor
       2023;20190704;   10;   7.5;   2.7;    3;   0.0;   0;   15.300;-999;   1.0;   9.5;  962.50;   18.7;   47.04;   25.7;   10.6;    8.8;eor
       2023;20190705;   10;  11.1;   2.9;    3;   0.0;   0;   10.033;-999;   6.5;  10.9;  959.21;   20.4;   47.25;   27.2;   12.6;   10.2;eor
       2023;20190706;   10;  12.4;   3.6;    3;   1.3;   6;   10.033;-999;   5.5;  13.3;  954.26;   22.3;   51.79;   28.8;   14.1;   12.3;eor
       2023;20190707;   10;  12.7;   3.7;    3;   6.6;   6;    5.083;-999;   7.3;  14.2;  954.53;   17.4;   71.79;   22.6;   13.0;   12.2;eor
       2023;20190708;   10;   9.0;   3.3;    3;   0.0;   0;    9.567;-999;   7.0;  11.1;  958.40;   15.6;   65.21;   20.7;    9.8;    8.4;eor
       2023;20190709;   10;   9.8;   3.5;    3;   0.0;   0;   11.650;-999;   6.1;   9.4;  959.68;   13.8;   60.92;   19.9;    8.6;    6.8;eor
       2023;20190710;   10;   8.2;   2.5;    3;   0.0;   6;   15.150;-999;   4.0;   8.9;  960.23;   15.1;   54.00;   21.7;    7.4;    5.3;eor
       2023;20190711;   10;   9.5;   1.9;    3;   7.5;   6;    0.850;-999;   7.8;  12.8;  957.38;   14.1;   79.75;   18.6;   11.6;    9.9;eor
       2023;20190712;   10;  12.3;   3.2;    3;   3.5;   6;    4.817;-999;   7.7;  15.3;  955.26;   15.7;   86.17;   19.5;   12.1;   11.7;eor
       2023;20190713;   10;  12.7;   4.6;    3;   2.2;   6;    3.383;-999;   7.1;  14.5;  957.75;   15.0;   85.58;   19.3;   12.9;   11.9;eor
       2023;20190714;   10;   8.1;   3.3;    3;   2.1;   6;    7.633;-999;   5.4;  13.8;  957.72;   16.2;   76.75;   22.7;   12.2;   11.4;eor
       2023;20190715;   10;   7.0;   2.7;    3;   0.3;   6;    7.717;-999;   5.4;  13.8;  957.60;   16.9;   73.38;   23.6;   11.2;   10.7;eor
       2023;20190716;   10;   8.7;   3.1;    3;   0.0;   0;   13.950;-999;   2.3;  12.0;  958.58;   17.0;   64.88;   23.6;    9.6;    8.4;eor
       2023;20190717;   10;   9.2;   2.8;    3;   0.0;   0;   14.533;-999;   5.3;  11.1;  955.82;   19.4;   51.08;   25.8;   11.6;    9.6;eor
       2023;20190718;   10;   9.7;   2.6;    3;   0.2;   6;   10.183;-999;   7.1;  12.0;  955.21;   20.1;   52.79;   26.5;   12.6;    9.8;eor
       2023;20190719;   10;   8.4;   2.3;    3;   0.1;   6;    4.567;-999;   7.8;  14.9;  957.70;   20.4;   63.83;   26.4;   15.5;   14.3;eor
       2023;20190720;   10;   7.7;   2.2;    3;   4.6;   6;    9.967;-999;   7.6;  17.4;  957.65;   22.4;   65.50;   29.6;   16.6;   14.7;eor
       2023;20190721;   10;  12.3;   3.4;    3;   0.0;   6;    8.117;-999;   6.9;  16.6;  962.90;   21.6;   66.33;   27.0;   16.7;   14.9;eor
       2023;20190722;   10;   8.7;   2.0;    3;   0.0;   0;   13.050;-999;   5.3;  14.4;  965.48;   23.3;   52.33;   29.9;   14.3;   12.5;eor
       2023;20190723;   10;   6.7;   2.4;    3;   0.0;   0;   14.650;-999;   1.9;  13.8;  963.23;   25.0;   45.58;   31.8;   16.3;   13.5;eor
       2023;20190724;   10;   7.5;   2.2;    3;   0.0;   0;   14.400;-999;   0.7;  15.4;  959.51;   27.7;   43.29;   34.7;   19.7;   17.1;eor
       2023;20190725;   10;  11.4;   2.5;    3;   0.0;   0;   13.500;-999;   3.3;  15.8;  958.38;   28.8;   41.88;   35.0;   21.1;   19.4;eor
       2023;20190726;   10;   9.4;   2.0;    3;   0.2;   6;    9.317;-999;   7.1;  16.1;  952.68;   27.9;   44.50;   35.7;   21.2;   18.0;eor
       2023;20190727;   10;   8.2;   2.8;    3;   1.5;   6;    6.583;-999;   7.4;  17.9;  946.35;   22.1;   68.75;   28.1;   17.7;   17.2;eor
       2023;20190728;   10;  13.2;   4.7;    3;  30.6;   6;    0.567;-999;   7.8;  19.7;  944.88;   18.3;   93.88;   22.9;   16.3;   16.2;eor
       2023;20190729;   10;  12.6;   3.7;    3;   0.1;   6;    0.000;-999;   7.9;  18.0;  953.39;   17.6;   89.79;   20.7;   15.3;   15.5;eor
       2023;20190730;   10;  10.8;   2.0;    3;   6.6;   6;    8.083;-999;   3.3;  17.3;  955.95;   21.3;   71.08;   27.4;   15.5;   14.2;eor
       2023;20190731;   10;  13.0;   3.3;    3;   2.6;   6;    3.967;-999;   6.8;  16.7;  959.53;   17.9;   82.17;   21.8;   14.9;   15.0;eor
       2023;20190801;   10;   6.0;   1.8;    3;   0.0;   0;   10.867;-999;   4.0;  13.5;  959.49;   18.8;   65.29;   24.7;   12.9;   11.9;eor
       2023;20190802;   10;   8.9;   2.7;    3;   6.0;   6;    5.100;-999;   7.0;  12.9;  956.95;   18.9;   60.67;   25.2;   14.3;   13.0;eor
       2023;20190803;   10;  13.3;   3.3;    3;   1.0;   6;    4.783;-999;   6.4;  15.5;  957.74;   16.3;   83.88;   19.9;   12.8;   11.5;eor
       2023;20190804;   10;   5.5;   1.3;    3;   0.0;   0;   13.267;-999;   3.0;  14.3;  958.48;   19.7;   65.21;   25.4;   12.6;   11.2;eor
       2023;20190805;   10;   7.0;   2.2;    3;   1.1;   6;    5.083;-999;   7.9;  16.4;  956.17;   19.7;   72.63;   25.6;   13.9;   13.3;eor
       2023;20190806;   10;  12.1;   3.3;    3;   8.3;   6;    8.683;-999;   6.5;  18.8;  954.76;   21.0;   76.33;   27.2;   17.1;   16.1;eor
       2023;20190807;   10;  14.0;   2.5;    3;  31.0;   6;    0.450;-999;   7.8;  18.3;  953.41;   16.8;   95.50;   19.3;   15.3;   14.7;eor
       2023;20190808;   10;   6.6;   1.8;    3;   0.0;   0;    8.517;-999;   5.8;  15.9;  956.36;   18.9;   75.42;   24.9;   13.8;   13.4;eor
       2023;20190809;   10;  14.1;   3.1;    3;  16.2;   6;   11.750;-999;   5.5;  17.7;  954.92;   22.1;   68.33;   30.5;   13.8;   12.4;eor
       2023;20190810;   10;  11.0;   3.2;    3;   5.6;   6;    4.517;-999;   5.1;  19.4;  958.77;   19.5;   85.29;   22.0;   15.9;   14.5;eor
       2023;20190811;   10;  18.6;   3.9;    3;  11.1;   6;    9.933;-999;   3.5;  17.1;  958.34;   19.3;   79.42;   26.2;   12.9;   12.3;eor
       2023;20190812;   10;   8.3;   2.6;    3;   1.6;   6;    0.883;-999;   7.9;  14.9;  959.45;   14.3;   91.08;   16.7;   12.7;   12.8;eor
       2023;20190813;   10;  10.4;   2.9;    3;   0.0;   0;    8.567;-999;   5.8;  12.5;  960.65;   15.3;   72.71;   18.9;   12.2;    9.0;eor
       2023;20190814;   10;   8.1;   2.0;    3;   0.0;   0;    8.950;-999;   2.9;  11.2;  960.78;   15.0;   67.00;   19.9;    8.7;    6.5;eor
       2023;20190815;   10;  13.9;   2.9;    3;   4.5;   6;    6.150;-999;   6.3;  13.9;  957.73;   14.7;   83.38;   21.5;    9.0;    7.9;eor
       2023;20190816;   10;   8.1;   2.6;    3;   0.0;   0;   10.683;-999;   5.8;  13.2;  960.00;   17.1;   69.79;   22.3;   12.6;   10.6;eor
       2023;20190817;   10;   9.0;   2.7;    3;   1.5;   6;    2.650;-999;   7.8;  15.1;  956.61;   16.8;   79.58;   23.3;   11.8;   10.8;eor
       2023;20190818;   10;  13.0;   3.3;    3;  16.2;   6;   12.583;-999;   3.6;  17.3;  953.60;   21.7;   69.83;   30.5;   14.3;   13.3;eor
       2023;20190819;   10;   8.8;   2.4;    3;   2.1;   6;    2.733;-999;   7.8;  18.6;  959.80;   18.2;   89.21;   22.4;   15.8;   15.5;eor
       2023;20190820;   10;  11.7;   3.4;    3;  12.2;   6;    0.000;-999;   7.8;  16.1;  964.09;   15.4;   92.13;   17.8;   11.9;   11.7;eor
       2023;20190821;   10;   6.1;   1.9;    3;   0.0;   4;    6.817;-999;   5.8;  12.8;  968.97;   14.9;   77.42;   21.1;   10.0;    9.0;eor
       2023;20190822;   10;   8.4;   2.7;    3;   0.0;   0;   12.433;-999;   1.7;  13.5;  966.97;   16.9;   72.00;   22.6;   10.6;    8.8;eor
       2023;20190823;   10;  10.9;   2.3;    3;   0.0;   0;   12.667;-999;   1.3;  14.8;  966.13;   18.2;   72.96;   23.6;   11.4;    8.9;eor
       2023;20190824;   10;   5.9;   1.7;    3;   0.0;   0;    9.833;-999;   2.1;  17.5;  962.27;   20.5;   73.54;   27.1;   14.0;   12.3;eor
       2023;20190825;   10;  19.2;   1.5;    3;  18.5;   8;   10.417;-999;   2.7;  20.5;  961.27;   21.2;   81.92;   28.1;   16.8;   14.7;eor
       2023;20190826;   10;   6.4;   1.9;    3;   0.0;   0;   11.783;-999;   0.4;  19.4;  960.85;   21.5;   77.08;   27.4;   15.3;   14.6;eor
       2023;20190827;   10;   6.0;   2.0;    3;   0.0;   0;   12.017;-999;   1.5;  19.3;  959.74;   22.0;   74.54;   27.7;   15.8;   14.7;eor
       2023;20190828;   10;   9.9;   1.6;    3;   0.0;   0;    8.250;-999;   6.2;  18.1;  959.28;   22.0;   71.33;   29.2;   15.4;   14.6;eor
       2023;20190829;   10;   8.5;   2.4;    3;   7.9;   6;    4.150;-999;   6.8;  18.9;  961.85;   20.3;   79.42;   25.2;   17.1;   15.7;eor
       2023;20190830;   10;   4.9;   1.8;    3;   0.0;   0;    9.833;-999;   1.9;  18.7;  963.73;   21.0;   77.75;   27.4;   14.8;   13.9;eor
       2023;20190831;   10;   7.0;   1.8;    3;   0.0;   0;   12.433;-999;   1.8;  18.9;  958.15;   22.1;   72.13;   28.2;   16.8;   14.1;eor
       2023;20190901;   10;  10.2;   3.2;    3;   0.1;   6;    5.567;-999;   6.8;  16.9;  956.41;   19.7;   74.04;   25.1;   15.4;   14.8;eor
       2023;20190902;   10;   8.9;   3.1;    3;   0.0;   0;    4.917;-999;   5.5;  11.6;  963.11;   15.5;   66.88;   20.6;    9.9;    7.7;eor
       2023;20190903;   10;   6.0;   1.2;    3;   0.0;   0;   12.733;-999;   2.3;   9.8;  965.68;   15.3;   59.54;   22.0;    7.3;    4.7;eor
       2023;20190904;   10;   5.8;   2.1;    3;   0.0;   0;   12.667;-999;   0.5;  11.5;  959.69;   16.6;   63.42;   23.5;    8.7;    6.7;eor
       2023;20190905;   10;   8.6;   3.2;    3;   0.0;   6;    0.933;-999;   6.7;  11.4;  960.52;   14.2;   70.46;   16.4;   10.8;    9.4;eor
       2023;20190906;   10;   7.7;   2.0;    3;   1.2;   6;    2.000;-999;   7.9;  11.3;  963.44;   13.2;   74.79;   16.6;    9.3;    7.7;eor
       2023;20190907;   10;   7.4;   2.2;    3;   0.7;   6;    0.917;-999;   8.0;  12.5;  960.44;   12.6;   85.79;   15.5;    9.8;    8.0;eor
       2023;20190908;   10;   6.1;   1.9;    3;   7.7;   6;    0.000;-999;   7.8;  11.7;  957.87;   10.7;   91.67;   13.8;    9.1;    8.4;eor
       2023;20190909;   10;   9.5;   3.6;    3;   0.5;   6;    0.983;-999;   7.0;  11.6;  956.43;   10.2;   93.58;   13.1;    7.3;    5.6;eor
       2023;20190910;   10;   5.5;   1.9;    3;   0.0;   0;    8.417;-999;   7.3;  10.9;  959.50;   11.6;   81.50;   17.4;    5.1;    4.4;eor
       2023;20190911;   10;   5.4;   1.9;    3;   0.0;   6;    8.450;-999;   4.5;  11.0;  965.28;   14.2;   69.88;   19.5;    7.9;    5.6;eor
       2023;20190912;   10;   6.8;   2.4;    3;   0.0;   0;    5.850;-999;   5.5;  13.2;  971.40;   17.1;   68.25;   22.7;   13.3;   11.0;eor
       2023;20190913;   10;   7.7;   2.2;    3;   0.0;   0;    9.600;-999;   4.8;  15.3;  972.57;   17.7;   76.46;   24.4;   11.5;    9.9;eor
       2023;20190914;   10;   6.4;   1.9;    3;   0.0;   0;    8.133;-999;   5.3;  15.2;  971.06;   18.1;   74.21;   23.7;   14.3;   12.1;eor
       2023;20190915;   10;   7.3;   2.5;    3;   0.0;   0;    7.967;-999;   3.4;  15.6;  965.56;   17.5;   79.38;   25.8;   11.2;    9.4;eor
       2023;20190916;   10;   9.0;   2.3;    3;   0.1;   6;    7.117;-999;   5.9;  13.5;  961.26;   18.1;   66.29;   24.3;   11.8;    9.1;eor
       2023;20190917;   10;  12.2;   4.1;    3;   0.2;   6;    2.800;-999;   6.8;  12.7;  960.63;   14.2;   78.38;   16.9;    9.5;    6.0;eor
       2023;20190918;   10;   5.8;   2.4;    3;   0.0;   0;   12.017;-999;   0.3;   8.0;  965.10;   10.7;   64.13;   16.4;    5.6;    2.1;eor
       2023;20190919;   10;   6.9;   2.5;    3;   0.0;   0;   11.433;-999;   4.0;   7.2;  968.10;    9.4;   61.67;   15.0;    4.7;    2.8;eor
       2023;20190920;   10;   8.4;   3.3;    3;   0.0;   0;   10.833;-999;   6.4;   7.3;  967.95;    9.9;   61.00;   15.7;    4.3;    1.8;eor
       2023;20190921;   10;   9.4;   3.7;    3;   0.0;   0;   11.917;-999;   0.0;   8.4;  961.50;   13.3;   56.54;   20.7;    6.0;    3.7;eor
       2023;20190922;   10;   5.3;   2.3;    3;   3.6;   6;    6.317;-999;   5.7;  11.6;  954.23;   13.9;   72.79;   19.0;    8.8;    5.0;eor
       2023;20190923;   10;  11.9;   3.4;    3;   9.6;   6;    0.000;-999;   7.8;  14.3;  957.21;   13.0;   94.79;   14.3;   11.7;    9.2;eor
       2023;20190924;   10;  12.1;   2.3;    3;   0.2;   6;    1.033;-999;   7.8;  13.6;  955.47;   12.6;   93.21;   16.1;    9.2;    9.1;eor
       2023;20190925;   10;  13.1;   4.5;    3;   1.5;   6;    2.417;-999;   7.8;  13.0;  952.23;   13.7;   83.92;   17.2;   11.5;   10.9;eor
       2023;20190926;   10;  10.3;   3.5;    3;   0.1;   6;    0.817;-999;   7.9;  14.5;  956.09;   14.0;   90.29;   15.9;   11.2;    9.8;eor
       2023;20190927;   10;  13.3;   4.3;    3;   7.0;   6;    1.383;-999;   7.9;  14.9;  956.09;   14.8;   88.42;   19.1;   12.0;   10.8;eor
       2023;20190928;   10;  13.3;   4.0;    3;   0.0;   6;    3.900;-999;   7.3;  12.2;  958.71;   13.9;   77.96;   17.5;   10.5;    8.2;eor
       2023;20190929;   10;  15.7;   4.8;    3;   0.2;   6;    8.567;-999;   5.4;  11.7;  952.38;   14.8;   71.04;   21.0;    7.8;    6.8;eor
       2023;20190930;   10;  22.5;   7.0;    3;   0.0;   6;    3.683;-999;   7.2;  11.0;  953.89;   13.7;   70.17;   18.1;    8.1;    5.8;eor
       2023;20191001;   10;  12.6;   4.3;    3;   2.2;   6;    4.550;-999;   5.8;  12.9;  950.27;   13.1;   85.50;   19.8;    5.8;    4.9;eor
       2023;20191002;   10;  15.4;   5.7;    3;   3.6;   6;    1.767;   0;   6.0;  11.7;  950.38;   11.0;   87.75;   15.8;    5.3;    3.0;eor
       2023;20191003;   10;   8.0;   3.2;    3;   0.0;   0;    0.900;   0;   5.4;   8.2;  959.27;    7.1;   81.63;   11.4;    3.7;    1.4;eor
       2023;20191004;   10;  12.9;   4.5;    3;   2.2;   6;    0.383;   0;   7.9;   9.6;  952.33;    7.9;   89.17;   10.7;    4.2;    2.4;eor
       2023;20191005;   10;  15.4;   4.4;    3;   3.4;   6;    0.617;   0;   7.7;   9.9;  954.47;    9.1;   85.25;   10.6;    6.2;    4.2;eor
       2023;20191006;   10;   9.7;   3.8;    3;  17.4;   6;    0.700;   0;   7.6;   9.4;  956.28;    7.0;   93.29;    8.9;    4.4;    2.7;eor
       2023;20191007;   10;   6.0;   2.2;    3;   0.3;   6;    0.783;   0;   7.5;   9.9;  958.53;    7.4;   95.92;   11.3;    6.2;    5.7;eor
       2023;20191008;   10;  10.1;   3.6;    3;   4.5;   6;    0.150;   0;   7.8;  12.0;  954.75;   11.1;   89.96;   14.5;    7.2;    7.2;eor
       2023;20191009;   10;  13.0;   4.7;    3;   2.5;   6;    0.083;   0;   7.0;  11.6;  954.30;   10.4;   91.38;   13.7;    8.2;    6.5;eor
       2023;20191010;   10;  15.0;   5.2;    3;   5.1;   6;    4.633;   0;   5.9;  10.1;  958.65;    9.3;   86.29;   13.5;    6.9;    4.9;eor
       2023;20191011;   10;   9.1;   3.0;    3;   0.0;   0;   10.133;   0;   4.1;  10.5;  960.77;   10.9;   81.33;   17.1;    5.5;    3.6;eor
       2023;20191012;   10;  12.5;   3.5;    3;   0.0;   6;    8.867;   0;   4.2;  11.9;  958.66;   14.1;   74.67;   20.9;    8.3;    5.4;eor
       2023;20191013;   10;   7.5;   3.0;    3;   0.0;   0;   10.217;   0;   2.2;  14.1;  958.45;   15.9;   78.67;   21.8;   10.1;    8.5;eor
       2023;20191014;   10;   5.7;   2.2;    3;   0.0;   4;   10.300;   0;   1.0;  14.1;  956.77;   15.6;   81.33;   22.0;    9.9;    8.1;eor
       2023;20191015;   10;  11.3;   3.3;    3;   1.7;   6;    5.000;   0;   6.8;  13.1;  950.84;   12.8;   89.17;   18.7;    7.6;    7.0;eor
       2023;20191016;   10;  12.5;   5.2;    3;   0.0;   0;    8.617;   0;   3.3;  10.1;  956.91;   11.0;   78.08;   15.0;    6.4;    5.3;eor
       2023;20191017;   10;   6.5;   2.7;    3;   0.2;   6;    6.450;   0;   7.2;  10.6;  957.13;   11.7;   78.13;   18.4;    5.8;    4.5;eor
       2023;20191018;   10;  13.4;   3.1;    3;   1.6;   6;    5.517;   0;   7.1;  12.4;  955.35;   13.2;   82.33;   17.9;   10.1;    8.5;eor
       2023;20191019;   10;   7.8;   3.1;    3;   1.3;   6;    0.150;   0;   7.8;  12.3;  953.55;   11.5;   90.83;   13.1;    9.2;    7.1;eor
       2023;20191020;   10;   7.3;   2.8;    3;   0.0;   0;    2.967;   0;   7.2;  12.3;  951.77;   10.9;   93.79;   15.3;    7.2;    6.3;eor
       2023;20191021;   10;   9.3;   2.1;    3;   0.0;   6;    1.467;   0;   7.4;  13.5;  959.84;   12.4;   93.92;   17.5;    8.4;    6.9;eor
       2023;20191022;   10;   5.9;   2.4;    3;   0.0;   6;    7.717;   0;   7.3;  12.4;  964.07;   11.8;   90.46;   16.8;    8.4;    6.7;eor
       2023;20191023;   10;   8.6;   4.2;    3;   0.0;   6;    0.000;   0;   7.9;  12.9;  957.82;   11.0;   97.88;   12.2;    9.6;    8.2;eor
       2023;20191024;   10;   7.3;   2.4;    3;   0.1;   6;    2.850;   0;   7.5;  13.1;  954.39;   12.3;   91.92;   16.3;    9.4;    9.5;eor
       2023;20191025;   10;   7.8;   1.8;    3;   0.1;   4;    5.767;   0;   7.0;  12.7;  963.25;   13.5;   82.13;   17.3;    9.5;    6.4;eor
       2023;20191026;   10;   6.4;   2.6;    3;   0.1;   4;    4.033;   0;   5.4;  11.7;  962.32;   10.0;   95.38;   14.9;    6.0;    5.3;eor
       2023;20191027;   10;   9.1;   3.2;    3;   3.4;   6;    6.883;   0;   6.3;  12.7;  961.20;   13.3;   83.96;   19.3;    7.7;    6.9;eor
       2023;20191028;   10;   9.0;   2.4;    3;   0.0;   6;    0.033;   0;   8.0;   8.5;  961.85;    6.6;   87.75;    8.8;    5.2;    4.5;eor
       2023;20191029;   10;   6.1;   2.2;    3;   0.3;   6;    0.000;   0;   7.9;   8.1;  962.02;    5.9;   86.83;    8.0;    4.3;    4.1;eor
       2023;20191030;   10;   9.4;   4.2;    3;   0.0;   0;    4.667;   0;   6.7;   7.2;  965.08;    5.3;   80.63;    8.4;    2.7;    0.5;eor
       2023;20191031;   10;   9.9;   4.1;    3;   0.0;   0;    9.300;   0;   1.5;   6.1;  962.38;    3.4;   78.50;    7.9;    0.0;   -2.4;eor
       2023;20191101;   10;   9.3;   4.4;    3;   2.3;   6;    0.000;   0;   8.0;   8.7;  953.87;    4.9;   99.17;   10.0;    1.2;    1.4;eor
       2023;20191102;   10;  15.0;   5.4;    3;   5.6;   6;    3.850;   0;   7.6;  13.0;  941.01;   12.7;   88.92;   17.0;    9.9;    9.4;eor
       2023;20191103;   10;  11.9;   3.4;    3;  11.5;   6;    0.000;   0;   7.6;  11.9;  933.62;   10.2;   95.29;   11.9;    8.9;    7.8;eor
       2023;20191104;   10;  16.0;   5.7;    3;   1.0;   6;    3.333;   0;   6.9;  10.0;  937.13;    9.2;   85.75;   12.4;    7.3;    6.0;eor
       2023;20191105;   10;  10.4;   2.6;    3;   0.0;   6;    2.083;   0;   7.9;   9.0;  940.95;    8.0;   84.67;   11.3;    4.3;    2.8;eor
       2023;20191106;   10;   6.2;   2.2;    3;   0.4;   6;    0.517;   0;   7.8;   8.7;  945.31;    6.1;   92.92;    8.5;    3.4;    1.7;eor
       2023;20191107;   10;   9.5;   2.9;    3;   1.9;   6;    4.533;   0;   5.9;   8.1;  945.92;    6.5;   84.50;    9.4;    3.2;    1.0;eor
       2023;20191108;   10;   8.5;   2.4;    3;   0.6;   6;    0.000;   0;   7.8;   8.4;  945.46;    5.1;   95.25;    6.5;    3.4;    3.3;eor
       2023;20191109;   10;   9.3;   3.0;    3;   0.0;   6;    1.250;   0;   6.9;   7.3;  950.80;    3.9;   89.96;    7.7;    1.9;   -0.5;eor
       2023;20191110;   10;   5.6;   2.6;    3;   0.0;   0;    0.000;   0;   5.9;   6.1;  953.38;    0.2;   97.46;    2.4;   -2.5;   -4.2;eor
       2023;20191111;   10;   9.2;   3.5;    3;   0.0;   8;    0.000;   0;   7.8;   5.8;  952.18;   -0.3;   97.63;    2.1;   -1.8;   -1.3;eor
       2023;20191112;   10;   9.4;   3.0;    3;   0.6;   6;    0.900;   0;   8.0;   6.9;  948.27;    3.4;   88.25;    5.4;    1.9;    0.6;eor
       2023;20191113;   10;   7.7;   2.6;    3;   0.0;   6;    1.717;   0;   7.0;   6.7;  945.68;    3.2;   87.42;    6.2;    0.5;   -1.7;eor
       2023;20191114;   10;  10.5;   4.6;    3;   0.0;   0;    6.700;   0;   4.8;   6.1;  944.52;    1.7;   88.50;    5.3;   -1.4;   -3.3;eor
       2023;20191115;   10;  10.3;   3.0;    3;   2.1;   6;    0.217;   0;   7.9;   6.9;  941.37;    4.1;   84.00;    6.9;    1.2;   -0.9;eor
       2023;20191116;   10;   6.2;   2.2;    3;   0.1;   6;    0.017;   0;   7.8;   7.5;  950.03;    4.1;   92.00;    5.5;    2.5;    0.5;eor
       2023;20191117;   10;   8.1;   2.9;    3;   0.0;   6;    0.000;   0;   7.9;   7.9;  946.56;    4.2;   95.75;    6.6;    2.7;    2.4;eor
       2023;20191118;   10;  15.2;   5.2;    3;   0.0;   0;    5.717;   0;   6.0;   6.2;  950.51;    3.8;   77.67;    6.5;    2.0;   -0.9;eor
       2023;20191119;   10;   5.8;   1.6;    3;   0.0;   6;    2.050;   0;   7.8;   6.6;  957.41;    3.0;   86.92;    5.7;   -1.1;   -2.6;eor
       2023;20191120;   10;   5.8;   1.7;    3;   0.0;   6;    0.067;   0;   8.0;   7.0;  955.88;    3.0;   92.58;    4.5;    1.7;    1.5;eor
       2023;20191121;   10;   6.6;   2.0;    3;   0.0;   6;    0.000;   0;   7.9;   7.1;  950.92;    3.0;   93.46;    4.3;    2.0;    0.0;eor
       2023;20191122;   10;   8.6;   4.4;    3;   0.0;   0;    0.000;   0;   8.0;   7.2;  949.22;    2.4;   98.88;    3.0;    1.9;    1.9;eor
       2023;20191123;   10;  10.7;   4.8;    3;   0.0;   0;    3.800;   0;   7.8;   7.8;  942.09;    6.7;   80.25;   10.4;    1.7;    0.1;eor
       2023;20191124;   10;   5.5;   2.3;    3;   0.0;   0;    1.350;   0;   7.9;   8.0;  947.31;    5.8;   87.04;    8.3;    1.8;    1.2;eor
       2023;20191125;   10;   4.7;   1.6;    3;   0.0;   6;    0.000;   0;   8.0;   7.1;  951.58;    2.0;  100.00;    3.0;    0.9;    0.3;eor
       2023;20191126;   10;   7.6;   2.9;    3;   0.0;   6;    0.000;   0;   8.0;   8.6;  950.15;    4.8;  100.00;    6.0;    2.9;    2.9;eor
       2023;20191127;   10;  12.8;   5.0;    3;   1.3;   6;    1.067;   0;   7.1;   8.7;  941.41;    6.1;   92.33;    9.1;    3.2;    3.0;eor
       2023;20191128;   10;  15.0;   8.0;    3;   0.8;   6;    2.883;   0;   6.9;   8.7;  942.00;    8.2;   80.38;   10.2;    6.6;    4.8;eor
       2023;20191129;   10;  14.2;   5.9;    3;   1.7;   6;    0.317;   0;   7.4;   7.7;  950.48;    4.9;   88.42;    8.5;    1.0;   -0.9;eor
       2023;20191130;   10;   7.5;   2.3;    3;   0.0;   0;    0.100;   0;   6.0;   5.9;  962.47;    1.7;   85.46;    4.6;   -1.3;   -3.8;eor
       2023;20191201;   10;  10.1;   3.7;    3;   0.0;   8;    0.000;   0;   7.9;   5.0;  957.62;   -0.1;   83.04;    0.8;   -1.1;   -2.7;eor
       2023;20191202;   10;   7.0;   2.7;    3;   0.0;   8;    2.283;   0;   7.3;   5.1;  963.57;    0.4;   81.67;    2.6;   -0.6;   -1.3;eor
       2023;20191203;   10;   5.4;   2.0;    3;   0.0;   0;    4.667;   0;   6.3;   5.4;  967.72;    0.8;   84.63;    4.8;   -1.9;   -3.9;eor
       2023;20191204;   10;   8.4;   3.3;    3;   0.0;   0;    8.033;   0;   1.2;   4.9;  962.27;   -0.5;   83.50;    3.1;   -3.0;   -5.7;eor
       2023;20191205;   10;   5.0;   2.3;    3;   0.0;   8;    0.000;   0;   8.0;   4.9;  962.31;   -2.8;   99.46;   -1.9;   -4.2;   -5.0;eor
       2023;20191206;   10;  13.5;   3.6;    3;   0.0;   6;    4.800;   0;   7.5;   5.7;  958.85;    0.5;   90.04;    4.2;   -2.3;   -2.1;eor
       2023;20191207;   10;  15.1;   6.3;    3;   0.2;   6;    3.267;   0;   7.4;   7.9;  957.21;    6.0;   84.17;    8.4;    3.2;    2.1;eor
       2023;20191208;   10;  17.0;   7.4;    3;   1.0;   6;    4.633;   0;   7.9;   7.9;  952.68;    6.7;   80.00;    8.5;    4.4;    2.8;eor
       2023;20191209;   10;  16.5;   6.5;    3;   4.6;   6;    3.750;   0;   6.6;   7.3;  947.78;    5.5;   81.54;    8.6;    3.6;    2.2;eor
       2023;20191210;   10;  15.1;   4.0;    3;   0.0;   0;    1.500;   0;   4.7;   5.8;  964.29;    1.1;   86.83;    4.0;   -2.9;   -5.3;eor
       2023;20191211;   10;  12.2;   3.9;    3;   1.0;   8;    0.833;   0;   6.2;   5.1;  953.99;   -1.8;   94.08;    1.1;   -4.7;   -7.1;eor
       2023;20191212;   10;   7.6;   3.1;    3;   0.4;   8;    0.000;   0;   5.7;   6.3;  944.73;    0.8;   96.54;    2.2;   -2.1;   -3.6;eor
       2023;20191213;   10;  16.3;   7.1;    3;   3.0;   8;    1.917;   0;   6.8;   5.9;  928.25;    0.3;   93.08;    3.2;   -2.0;   -3.4;eor
       2023;20191214;   10;  19.3;   8.3;    3;   2.0;   8;    3.183;   0;   6.6;   6.5;  939.28;    4.8;   76.21;    7.4;    1.2;    0.4;eor
       2023;20191215;   10;  18.1;   5.2;    3;   4.5;   6;    2.967;   0;   8.0;   8.9;  948.77;    7.6;   86.25;   13.4;    3.9;    2.2;eor
       2023;20191216;   10;   6.4;   2.8;    3;   0.0;   0;    5.433;   0;   7.4;   7.8;  951.68;    3.9;   97.08;    6.4;    1.3;   -0.2;eor
       2023;20191217;   10;   6.1;   2.6;    3;   0.0;   0;    2.017;   0;   7.2;   7.1;  950.37;    2.5;   97.21;    4.8;    0.5;   -0.8;eor
       2023;20191218;   10;   6.0;   2.2;    3;   0.0;   6;    2.450;   0;   6.5;   8.3;  958.89;    5.9;   88.38;   12.0;    0.4;   -0.6;eor
       2023;20191219;   10;   6.6;   3.0;    3;   0.0;   0;    6.183;   0;   5.2;   7.7;  954.85;    4.3;   92.63;    7.7;   -0.4;   -0.9;eor
       2023;20191220;   10;  11.9;   3.2;    3;   3.1;   6;    1.083;   0;   7.8;   7.3;  938.69;    3.4;   92.83;    9.6;   -1.5;   -1.8;eor
       2023;20191221;   10;  10.1;   2.7;    3;   0.0;   6;    0.000;   0;   6.5;   7.5;  936.87;    2.9;   98.63;    5.7;   -0.8;   -1.9;eor
       2023;20191222;   10;  11.8;   4.6;    3;   1.0;   6;    0.933;   0;   8.0;   7.4;  933.25;    3.6;   92.42;    7.3;    0.0;   -0.2;eor
       2023;20191223;   10;  12.5;   5.4;    3;   1.8;   6;    0.067;   0;   7.5;   7.9;  949.55;    4.9;   90.92;    5.8;    4.0;    2.6;eor
       2023;20191224;   10;  18.6;   5.0;    3;   5.7;   6;    1.117;   0;   7.3;   7.6;  956.17;    4.6;   89.33;    6.8;    2.3;    1.3;eor
       2023;20191225;   10;  18.8;   5.8;    3;  13.2;   6;    1.267;   0;   7.5;   7.9;  959.05;    4.7;   91.58;    6.7;    3.1;    1.7;eor
       2023;20191226;   10;   6.7;   2.1;    3;   1.4;   6;    2.100;   0;   7.3;   6.8;  964.75;    2.6;   92.58;    4.8;    1.3;    0.1;eor
       2023;20191227;   10;   6.8;   2.0;    3;   1.3;   6;    0.000;   0;   6.9;   7.0;  966.67;    2.5;   95.33;    4.3;    0.2;   -2.4;eor
       2023;20191228;   10;   5.6;   2.1;    3;   0.0;   0;    4.517;   0;   6.2;   4.8;  977.86;   -0.7;   83.25;    1.6;   -3.2;   -5.1;eor
       2023;20191229;   10;   5.6;   2.5;    3;   0.0;   0;    8.000;   0;   4.9;   4.0;  977.57;   -2.5;   79.63;    1.0;   -5.4;   -7.3;eor
       2023;20191230;   10;   4.8;   2.4;    3;   0.0;   0;    7.933;   0;   2.0;   4.6;  973.66;   -2.1;   87.33;    1.7;   -5.4;   -6.9;eor
       2023;20191231;   10;   7.5;   2.3;    3;   0.0;   0;    5.567;   0;   5.0;   5.1;  972.18;    1.1;   78.25;    5.6;   -2.4;   -4.3;eor
       2023;20200101;   10;   6.0;   2.6;    3;   0.0;   0;    7.800;   0;   2.5;   5.4;  972.60;    0.3;   87.25;    4.1;   -2.5;   -5.1;eor
       2023;20200102;   10;   5.4;   2.3;    3;   0.0;   0;    0.000;   0;   7.3;   5.2;  969.13;   -2.2;   99.96;   -1.3;   -3.5;   -4.7;eor
       2023;20200103;   10;  14.8;   4.2;    3;   0.7;   6;    1.400;   0;   7.5;   6.3;  965.43;    1.2;   94.71;    4.2;   -2.0;   -1.7;eor
       2023;20200104;   10;  14.8;   6.1;    3;   0.8;   6;    0.000;   0;   7.8;   6.7;  968.84;    3.2;   86.58;    5.2;    2.0;    1.0;eor
       2023;20200105;   10;  11.4;   2.5;    3;   0.3;   6;    0.400;   0;   7.4;   6.8;  974.22;    2.5;   92.42;    4.1;   -1.2;   -2.1;eor
       2023;20200106;   10;   6.1;   2.5;    3;   0.0;   7;    3.800;   0;   6.2;   5.4;  968.75;   -1.6;   99.54;   -0.1;   -2.8;   -5.0;eor
       2023;20200107;   10;   5.6;   2.0;    3;   0.8;   8;    0.000;   0;   6.7;   6.4;  968.61;    1.0;   96.71;    3.2;   -1.9;   -3.6;eor
       2023;20200108;   10;   5.4;   2.3;    3;   0.0;   6;    0.000;   0;   7.6;   6.3;  968.90;    1.1;   95.29;    4.9;   -1.7;   -2.8;eor
       2023;20200109;   10;   9.1;   3.2;    3;   0.0;   6;    4.933;   0;   7.7;   7.0;  961.95;    6.0;   74.58;    9.8;    3.5;    1.4;eor
       2023;20200110;   10;  16.5;   4.7;    3;   0.2;   6;    3.900;   0;   7.7;   7.1;  961.91;    6.3;   73.88;    8.9;    3.3;    1.7;eor
       2023;20200111;   10;   9.9;   3.0;    3;   0.0;   0;    2.950;   0;   5.8;   5.7;  971.83;    2.9;   76.00;    5.0;   -1.1;   -4.8;eor
       2023;20200112;   10;   6.2;   2.5;    3;   0.0;   6;    0.000;   0;   7.9;   5.5;  967.68;   -1.3;   98.29;    0.7;   -4.3;   -5.2;eor
       2023;20200113;   10;   6.1;   2.5;    3;   0.1;   6;    0.000;   0;   7.3;   6.5;  962.86;    1.8;   93.54;    4.0;   -0.1;   -3.5;eor
       2023;20200114;   10;   9.5;   3.4;    3;   0.0;   0;    5.383;   0;   7.1;   5.6;  958.45;    2.8;   75.54;    7.6;   -1.9;   -3.7;eor
       2023;20200115;   10;  10.6;   3.3;    3;   0.0;   0;    7.917;   0;   3.8;   6.0;  961.39;    4.1;   73.79;    9.2;   -1.3;   -3.2;eor
       2023;20200116;   10;   8.3;   2.8;    3;   0.0;   0;    4.317;   0;   4.3;   7.0;  968.01;    5.8;   76.33;    9.6;    1.9;   -1.0;eor
       2023;20200117;   10;   8.7;   2.9;    3;   2.7;   6;    6.100;   0;   4.9;   6.8;  961.60;    3.5;   87.00;    8.7;   -2.1;   -3.5;eor
       2023;20200118;   10;  10.8;   3.4;    3;   0.0;   8;    1.800;   0;   7.2;   6.6;  965.97;    3.1;   86.25;    6.0;   -0.6;   -3.0;eor
       2023;20200119;   10;   7.8;   2.7;    3;   0.1;   8;    0.583;   0;   7.3;   5.9;  973.90;    0.3;   94.25;    1.9;   -1.0;   -3.4;eor
       2023;20200120;   10;   7.6;   2.8;    3;   0.0;   0;    6.200;   0;   3.7;   5.4;  982.64;    0.3;   86.92;    4.1;   -1.9;   -4.2;eor
       2023;20200121;   10;   8.5;   3.0;    3;   0.0;   0;    0.000;   0;   7.0;   4.8;  979.28;   -2.2;   91.83;   -1.2;   -3.5;   -5.7;eor
       2023;20200122;   10;   5.9;   2.0;    3;   0.0;   6;    0.417;   0;   7.5;   4.5;  974.02;   -3.4;   95.00;   -1.5;   -4.6;   -5.0;eor
       2023;20200123;   10;   7.3;   3.3;    3;   0.0;   8;    0.000;   0;   8.0;   5.1;  970.10;   -2.3;   98.88;   -1.1;   -3.4;   -2.9;eor
       2023;20200124;   10;   6.6;   2.5;    3;   0.0;   0;    3.517;   0;   6.0;   5.2;  964.12;   -1.1;   92.25;    3.2;   -3.6;   -4.4;eor
       2023;20200125;   10;   4.0;   1.8;    3;   0.0;   0;    2.100;   0;   6.8;   6.1;  961.88;    0.6;   95.21;    6.9;   -4.3;   -5.4;eor
       2023;20200126;   10;   4.7;   2.0;    3;   0.0;   0;    1.333;   0;   7.2;   6.4;  959.65;    1.1;   96.21;    4.2;   -1.4;   -2.9;eor
       2023;20200127;   10;  15.3;   3.8;    3;   3.8;   6;    2.700;   0;   7.2;   7.1;  954.46;    4.3;   86.67;    7.9;   -1.5;   -2.9;eor
       2023;20200128;   10;  25.9;   7.3;    3;   7.7;   8;    1.117;   0;   7.1;   6.7;  943.98;    3.4;   85.58;    6.2;   -0.1;   -1.6;eor
       2023;20200129;   10;  15.4;   5.5;    3;   1.7;   8;    0.483;   2;   6.4;   5.9;  951.08;    1.3;   88.13;    3.2;    0.0;   -1.2;eor
       2023;20200130;   10;  18.3;   5.7;    3;   0.2;   6;    5.017;   0;   7.5;   6.9;  955.46;    4.6;   81.67;    7.5;    0.5;    0.0;eor
       2023;20200131;   10;  14.3;   6.5;    3;   0.0;   6;    1.150;   0;   6.9;  10.8;  954.39;    9.8;   89.17;   13.2;    6.4;    5.4;eor
       2023;20200201;    3;  17.0;   6.5;    3;   3.2;   6;    2.883;   0;   7.4;  10.4;  952.43;   10.2;   83.38;   13.2;    4.0;    3.6;eor
       2023;20200202;    3;  17.5;   6.8;    3;  14.4;   6;    0.000;   0;   7.6;  10.2;  954.46;    8.9;   88.79;   12.4;    3.9;    3.4;eor
       2023;20200203;    3;  13.7;   5.0;    3;  10.9;   6;    0.000;   0;   7.7;   8.8;  956.01;    6.7;   90.42;    7.9;    5.2;    4.7;eor
       2023;20200204;    3;  30.6;   8.5;    3;   2.2;   8;    1.617;   0;   7.3;   6.9;  952.54;    3.3;   86.96;   11.0;    0.4;   -0.8;eor
       2023;20200205;    3;  14.5;   5.4;    3;   0.0;   0;    4.750;   0;   4.6;   4.9;  970.07;    1.2;   73.58;    3.8;   -2.1;   -5.5;eor
       2023;20200206;    3;   5.5;   1.6;    3;   0.0;   0;    9.150;   0;   3.0;   4.6;  971.20;    0.1;   77.21;    5.3;   -3.9;   -6.8;eor
       2023;20200207;    3;   8.5;   3.4;    3;   0.0;   0;    9.167;   0;   0.1;   4.9;  967.86;   -0.3;   83.00;    4.0;   -3.7;   -6.6;eor
       2023;20200208;    3;   5.3;   2.1;    3;   0.0;   0;    4.317;   0;   4.9;   5.5;  964.91;    0.0;   90.08;    5.2;   -4.1;   -6.7;eor
       2023;20200209;    3;  21.6;   6.0;    3;   0.1;   6;    7.067;   0;   5.7;   5.9;  958.85;    5.6;   67.38;   11.2;   -2.6;   -3.7;eor
       2023;20200210;    3;  28.5;  12.3;    3;  10.3;   8;    4.067;   0;   6.8;   7.2;  945.16;    8.6;   64.83;   12.1;    3.7;    1.9;eor
       2023;20200211;    3;  26.9;  10.8;    3;   0.2;   8;    4.950;   0;   5.6;   5.6;  949.69;    3.6;   71.67;    5.4;    0.6;   -0.3;eor
       2023;20200212;    3;  21.1;   7.6;    3;   1.5;   8;    4.850;   0;   6.6;   5.5;  958.04;    2.3;   76.33;    5.5;    0.0;   -1.6;eor
       2023;20200213;    3;  20.5;   5.4;    3;   5.4;   8;    1.333;   0;   7.9;   6.3;  952.92;    2.7;   85.21;    7.6;   -1.2;   -3.7;eor
       2023;20200214;    3;  15.9;   5.8;    3;   0.0;   6;    0.850;   0;   7.8;   7.2;  960.29;    5.2;   81.25;    7.0;    3.3;    1.2;eor
       2023;20200215;    3;   8.0;   2.9;    3;   0.0;   0;    7.817;   0;   7.2;   6.9;  964.48;    4.4;   82.92;    8.8;    0.1;   -2.4;eor
       2023;20200216;    3;  14.0;   4.9;    3;   0.0;   6;    1.667;   0;   8.0;   6.5;  958.51;    7.8;   63.46;   14.9;    2.2;    0.8;eor
       2023;20200217;    3;  12.9;   3.6;    3;   8.0;   6;    0.000;   0;   7.8;   8.8;  959.32;    8.2;   81.75;   11.0;    5.3;    3.8;eor
       2023;20200218;    3;  14.8;   6.2;    3;   0.0;   6;    2.667;   0;   6.3;   6.1;  965.98;    4.9;   71.17;    7.5;    2.9;    0.7;eor
       2023;20200219;    3;  17.2;   7.1;    3;   3.6;   8;    2.200;   0;   5.6;   5.9;  961.90;    2.8;   78.46;    4.5;   -0.4;   -2.5;eor
       2023;20200220;    3;  12.1;   4.0;    3;   0.5;   6;    1.350;   0;   6.6;   6.4;  961.58;    4.1;   77.58;    8.0;   -0.4;   -2.5;eor
       2023;20200221;    3;  21.8;   5.5;    3;   0.0;   0;    7.083;   0;   5.6;   5.4;  967.12;    4.2;   66.38;    7.4;    1.3;   -0.6;eor
       2023;20200222;    3;  14.0;   4.1;    3;   4.9;   6;    7.833;   0;   5.6;   5.5;  967.22;    6.8;   57.29;   12.9;   -0.1;   -3.4;eor
       2023;20200223;    3;  23.8;   8.5;    3;   9.0;   8;    0.100;   0;   7.8;   9.0;  961.52;    9.6;   75.83;   14.2;    5.5;    4.1;eor
       2023;20200224;    3;  16.2;   4.5;    3;   0.0;   6;    0.050;   0;   6.3;   8.1;  959.82;    4.8;   93.75;    9.3;    1.6;    1.0;eor
       2023;20200225;    3;  15.1;   4.8;    3;   4.2;   8;    0.683;   0;   6.6;   8.0;  945.79;    6.8;   80.92;    9.3;    2.8;    0.2;eor
       2023;20200226;    3;  20.1;   7.2;    3;   0.1;   8;    4.567;   0;   7.1;   5.5;  942.84;    1.9;   78.21;    4.5;    0.2;   -0.6;eor
       2023;20200227;    3;  26.9;   7.2;    3;   3.8;   8;    1.800;   0;   7.8;   5.5;  943.48;    0.7;   86.29;    3.3;   -0.6;   -1.2;eor
       2023;20200228;    3;  17.4;   5.9;    3;   0.5;   8;    7.450;   4;   6.1;   5.0;  956.74;    1.6;   73.71;    4.6;   -0.5;   -1.7;eor
       2023;20200229;    3;  19.6;   4.8;    3;   1.7;   6;    2.167;   0;   7.8;   6.9;  945.10;    6.1;   72.75;   12.7;    1.1;   -0.1;eor
       2023;20200301;    3;  17.3;   5.9;    3;   0.5;   6;    5.150;   0;   6.6;   7.2;  942.15;    7.2;   71.58;   11.7;    4.7;    2.2;eor
       2023;20200302;    3;  17.1;   5.1;    3;   2.1;   6;    6.417;   0;   5.8;   6.4;  935.58;    5.5;   71.08;    9.0;    0.7;   -2.9;eor
       2023;20200303;    3;  16.8;   5.0;    3;   0.1;   8;    1.400;   0;   7.3;   6.1;  944.06;    3.1;   80.83;    5.9;   -0.3;   -3.1;eor
       2023;20200304;    3;   9.4;   2.5;    3;   0.0;   8;    0.267;   0;   6.4;   5.7;  953.37;    2.2;   79.96;    5.8;   -1.2;   -3.9;eor
       2023;20200305;    3;  13.2;   4.6;    3;   8.4;   6;    0.000;   0;   7.1;   7.0;  941.67;    2.8;   92.50;    6.8;   -1.0;   -3.9;eor
       2023;20200306;    3;  16.9;   7.8;    3;   0.2;   6;    1.233;   0;   7.7;   7.1;  939.12;    4.7;   83.25;    6.8;    2.6;    0.4;eor
       2023;20200307;    3;  11.5;   4.8;    3;   0.0;   6;    0.433;   0;   6.3;   6.1;  957.56;    2.9;   81.00;    5.8;    0.2;   -2.6;eor
       2023;20200308;    3;   9.2;   2.9;    3;   1.5;   6;    8.250;   0;   5.2;   5.8;  959.45;    3.7;   74.00;    9.1;   -1.3;   -4.0;eor
       2023;20200309;    3;  12.3;   3.6;    3;   1.6;   6;    3.083;   0;   6.3;   7.1;  955.67;    4.8;   82.42;    8.0;    2.1;   -1.1;eor
       2023;20200310;    3;  16.8;   7.7;    3;   7.1;   8;    0.000;   0;   7.1;   7.6;  955.62;    3.9;   93.50;    7.8;    1.5;   -0.8;eor
       2023;20200311;    3;  16.4;   8.0;    3;   0.0;   6;    1.167;   0;   6.6;  10.2;  957.54;   11.1;   78.00;   14.4;    7.8;    6.6;eor
       2023;20200312;    3;  20.5;   7.8;    3;   0.0;   6;    4.500;   0;   7.0;   9.5;  955.47;   10.9;   74.42;   16.3;    6.6;    4.9;eor
       2023;20200313;    3;  16.4;   5.7;    3;   0.0;   0;    8.500;   0;   4.5;   5.8;  960.06;    6.0;   62.79;    9.3;    3.4;   -1.9;eor
       2023;20200314;    3;   8.1;   1.9;    3;   0.0;   0;    4.133;   0;   6.8;   5.8;  962.24;    3.9;   72.75;    9.0;   -1.5;   -3.9;eor
       2023;20200315;    3;  11.7;   4.4;    3;   0.0;   0;   11.183;   0;   2.8;   5.7;  960.06;    5.7;   64.25;   11.5;    0.0;   -2.4;eor
       2023;20200316;    3;   8.1;   2.4;    3;   0.0;   6;   10.900;   0;   4.7;   6.8;  961.63;    9.0;   61.58;   16.9;    0.0;   -2.4;eor
       2023;20200317;    3;   6.6;   1.9;    3;   0.6;   6;    1.950;   0;   6.4;   9.2;  969.47;   10.4;   72.75;   15.1;    7.1;    3.1;eor
       2023;20200318;    3;   4.4;   1.6;    3;   0.0;   0;    9.750;   0;   1.7;   9.0;  968.66;   10.9;   71.21;   17.1;    4.8;    1.5;eor
       2023;20200319;    3;   6.3;   2.1;    3;   0.0;   0;    8.500;   0;   2.1;   8.6;  964.66;   11.9;   63.88;   17.8;    5.0;    2.2;eor
       2023;20200320;    3;   9.6;   2.4;    3;   3.2;   6;    8.483;   0;   3.2;   9.0;  960.88;   11.4;   68.42;   18.4;    6.5;    3.1;eor
       2023;20200321;    3;  14.0;   5.7;    3;   7.0;   8;    0.000;   0;   7.7;   6.8;  961.81;    2.8;   90.54;    6.5;    0.1;   -0.9;eor
       2023;20200322;    3;  13.3;   6.5;    3;   0.0;   0;   12.000;   0;   1.3;   3.7;  967.90;    0.4;   60.63;    5.4;   -3.1;   -4.6;eor
       2023;20200323;    3;  15.5;   6.9;    3;   0.0;   0;   12.017;   0;   0.0;   2.7;  972.10;   -0.7;   48.33;    3.6;   -4.8;   -6.3;eor
       2023;20200324;    3;  13.4;   6.7;    3;   0.0;   0;   11.950;   0;   0.0;   2.7;  969.84;    0.4;   44.46;    5.3;   -3.8;   -5.5;eor
       2023;20200325;    3;  18.4;   7.6;    3;   0.0;   0;   11.983;   0;   0.0;   2.9;  963.31;    1.1;   44.63;    6.3;   -3.7;   -5.6;eor
       2023;20200326;    3;  14.2;   7.2;    3;   0.0;   0;    9.283;   0;   4.4;   4.2;  957.71;    2.7;   57.42;    8.0;   -2.5;   -4.2;eor
       2023;20200327;    3;  12.0;   4.9;    3;   0.0;   0;   11.583;   0;   2.8;   5.7;  955.61;    8.9;   50.79;   15.3;    0.2;   -1.9;eor
       2023;20200328;    3;   8.3;   3.0;    3;   0.0;   0;   11.583;   0;   0.3;   5.9;  957.22;    9.4;   51.63;   16.5;    3.3;   -0.6;eor
       2023;20200329;    1;  13.2;   4.1;    1;   1.2;   8;    1.583;   0;   5.2;   5.9;  959.94;    3.4;   74.79;    7.4;   -0.1;   -1.4;eor
       2023;20200330;    1;  11.2;   4.1;    1;   0.0;   0;    9.450;   0;   3.1;   3.2;  964.45;    1.0;   50.54;    5.8;   -2.1;   -7.0;eor
       2023;20200331;    1;   9.7;   3.1;    1;   0.0;   0;    6.617;   0;   3.3;   3.3;  965.20;    0.7;   52.13;    5.7;   -4.1;   -8.2;eor
       2023;20200401;    1;   6.2;   2.1;    1;   0.0;   0;   12.317;   0;   0.0;   3.4;  960.02;    2.5;   48.63;    8.8;   -4.6;   -9.0;eor
       2023;20200402;    1;   7.9;   2.3;    1;   0.0;   0;   12.317;   0;   0.0;   3.8;  953.27;    5.6;   42.83;   13.1;   -2.0;   -6.1;eor
       2023;20200403;    1;   8.5;   3.4;    1;   0.0;   0;    6.633;   0;   3.5;   5.3;  956.80;    6.4;   54.83;   12.3;    0.2;   -4.7;eor
       2023;20200404;    1;   7.6;   2.4;    1;   0.0;   0;   11.300;   0;   1.3;   5.6;  963.54;    8.2;   53.96;   14.6;    0.9;   -3.4;eor
       2023;20200405;    1;  13.4;   5.9;    1;   0.0;   0;   12.583;   0;   0.0;   5.3;  963.75;   10.3;   44.42;   15.8;    3.8;    1.8;eor
       2023;20200406;    1;   7.7;   2.4;    1;   0.0;   0;   12.600;   0;   0.0;   5.8;  964.16;   12.8;   41.08;   20.3;    3.5;   -1.3;eor
       2023;20200407;    1;   9.5;   2.9;    1;   0.0;   0;   12.467;   0;   0.0;   6.4;  968.98;   14.4;   40.25;   21.2;    3.8;    0.9;eor
       2023;20200408;    1;   6.4;   2.4;    1;   0.0;   0;   12.533;   0;   0.0;   6.2;  965.59;   14.8;   37.50;   21.1;    9.7;    5.3;eor
       2023;20200409;    1;   8.9;   2.5;    1;   0.0;   0;   10.800;   0;   2.0;   6.4;  964.21;   14.9;   39.42;   21.7;    7.0;    2.4;eor
       2023;20200410;    1;   7.0;   2.4;    1;   0.0;   0;   10.650;   0;   1.3;   7.3;  964.40;   14.3;   45.92;   21.0;    8.0;    3.1;eor
       2023;20200411;    1;   8.0;   2.2;    1;   0.0;   0;   12.883;   0;   2.0;   6.5;  964.05;   13.6;   43.58;   20.1;    5.9;    2.5;eor
       2023;20200412;    1;  17.6;   2.5;    1;   0.0;   6;    7.000;   0;   3.9;   7.2;  958.48;   13.9;   45.21;   20.8;    5.5;    2.7;eor
       2023;20200413;    1;  15.9;   4.5;    1;   0.0;   6;    6.467;   0;   4.8;   7.9;  956.06;   10.4;   63.38;   18.6;    1.2;   -3.9;eor
       2023;20200414;    1;   9.6;   2.9;    1;   0.0;   0;    7.467;-999;   2.3;   3.8;  963.75;    2.7;   52.88;    7.5;   -2.3;   -5.0;eor
       2023;20200415;    1;   9.1;   2.4;    1;   0.0;   0;   11.967;   0;   6.7;   3.8;  964.29;    7.7;   39.58;   15.7;   -1.8;   -5.6;eor
       2023;20200416;    1;   8.8;   2.4;    1;   0.0;   0;   12.800;   0;   4.3;   5.9;  959.40;   14.0;   37.58;   22.2;    4.4;   -0.5;eor
       2023;20200417;    1;   6.5;   2.1;    1;   0.0;   6;   10.283;   0;   6.3;   8.1;  956.90;   16.2;   46.25;   23.9;    6.8;    4.9;eor
       2023;20200418;    1;  11.2;   1.9;    1;   1.6;   6;    5.267;   0;   7.1;  11.4;  956.48;   15.6;   65.54;   22.5;   10.8;    7.3;eor
       2023;20200419;    1;  11.7;   4.3;    1;   0.0;   0;    8.167;   0;   3.5;  10.6;  956.47;   13.7;   67.92;   19.8;    8.7;    6.2;eor
       2023;20200420;    1;  17.3;   7.8;    1;   0.0;   0;   10.783;   0;   2.1;   5.9;  956.00;   11.5;   44.21;   17.5;    6.7;    5.1;eor
       2023;20200421;    1;  18.9;   8.9;    1;   0.0;   0;   13.467;   0;   2.7;   4.8;  955.30;   12.6;   34.33;   19.2;    7.0;    5.3;eor
       2023;20200422;    1;  16.7;   7.2;    1;   0.0;   0;   13.617;   0;   0.0;   5.2;  957.98;   13.4;   34.96;   20.2;    7.0;    5.1;eor
       2023;20200423;    1;   9.5;   3.2;    1;   0.0;   0;   13.617;   0;   0.2;   5.6;  959.58;   13.4;   37.96;   19.8;    5.0;    2.1;eor
       2023;20200424;    1;  11.7;   3.7;    1;   0.0;   0;   12.467;   0;   6.3;   6.4;  953.92;   14.0;   42.25;   21.3;    3.7;    1.5;eor
       2023;20200425;    1;   8.8;   3.5;    1;   0.0;   0;   13.433;   0;   0.8;   6.2;  951.66;   12.7;   43.63;   18.5;    6.1;    3.8;eor
       2023;20200426;    1;   7.9;   2.0;    1;   0.0;   6;   13.533;   0;   1.8;   6.1;  951.63;   12.1;   46.08;   19.1;    4.3;   -0.8;eor
       2023;20200427;    1;   7.0;   1.8;    1;   0.0;   0;    9.000;   0;   5.0;   7.9;  950.93;   15.0;   47.25;   21.0;    8.0;    4.8;eor
       2023;20200428;    1;  14.8;   2.4;    1;  12.2;   6;    2.550;   0;   7.3;  10.9;  948.52;   12.6;   76.17;   18.8;    6.9;    4.8;eor
       2023;20200429;    1;  10.1;   3.5;    1;   1.3;   6;    3.367;   0;   7.0;  11.2;  950.49;   10.5;   88.33;   12.8;    7.0;    4.6;eor
       2023;20200430;    1;  12.5;   4.7;    1;   1.3;   6;    0.083;   0;   7.6;  10.2;  949.30;    9.5;   86.42;   13.8;    6.1;    4.7;eor
       2023;20200501;    1;  14.8;   4.9;    1;   7.3;   8;    2.400;-999;   6.5;   9.3;  947.78;    8.6;   83.79;   12.8;    5.4;    3.5;eor
       2023;20200502;    1;  16.9;   5.3;    1;   0.7;   6;    7.833;-999;   4.4;   7.8;  951.84;    8.7;   69.83;   12.7;    4.4;    1.1;eor
       2023;20200503;    1;   6.9;   1.8;    1;   0.0;   0;    5.567;-999;   6.4;   7.3;  959.16;    9.6;   62.92;   14.6;    3.6;    1.0;eor
       2023;20200504;    1;  13.0;   3.2;    1;   2.0;   6;    3.217;-999;   7.6;  10.3;  957.70;   11.3;   76.67;   17.6;    8.0;    5.5;eor
       2023;20200505;    1;  10.5;   2.9;    1;   0.0;   0;    8.950;-999;   6.2;   7.4;  958.70;    9.4;   63.92;   14.7;    4.6;    1.1;eor
       2023;20200506;    1;   7.8;   2.1;    1;   0.0;   0;   13.933;-999;   2.0;   5.5;  963.52;    9.1;   49.13;   15.1;    3.1;   -1.6;eor
       2023;20200507;    1;   5.6;   1.3;    1;   0.0;   0;   14.017;-999;   1.3;   6.6;  964.07;   12.9;   47.17;   19.9;    3.9;    0.5;eor
       2023;20200508;    1;   8.7;   2.6;    1;   0.0;   0;   11.800;-999;   7.2;   8.3;  958.73;   16.4;   47.29;   24.5;    8.2;    5.2;eor
       2023;20200509;    1;  10.1;   2.6;    1;   0.0;   6;    6.083;-999;   7.1;  10.5;  953.68;   17.6;   52.33;   24.8;   12.4;   10.3;eor
       2023;20200510;    1;   7.3;   2.7;    1;   0.0;   6;    6.633;-999;   6.8;  12.8;  948.65;   16.5;   69.46;   21.8;   11.3;    9.8;eor
       2023;20200511;    1;  14.4;   4.7;    1;  14.9;   6;    0.000;-999;   7.5;  11.3;  944.49;    9.2;   92.63;   15.1;    1.9;    1.8;eor
       2023;20200512;    1;   7.3;   2.3;    1;   0.0;   6;   12.083;-999;   4.3;   5.4;  956.95;    5.8;   61.50;   11.8;   -0.5;   -2.4;eor
       2023;20200513;    1;   8.3;   2.4;    1;  13.6;   6;    0.700;-999;   7.8;   7.6;  952.14;    6.5;   79.17;   10.6;    3.8;    0.3;eor
       2023;20200514;    1;   8.5;   2.5;    1;   0.0;   6;    0.033;-999;   7.6;   9.3;  954.82;    8.8;   82.88;   12.6;    5.6;    5.4;eor
       2023;20200515;    1;   9.9;   3.1;    1;   0.0;   0;    1.083;-999;   7.6;   8.5;  957.73;   10.0;   70.08;   14.1;    7.3;    4.9;eor
       2023;20200516;    1;   6.1;   1.6;    1;   0.0;   0;   11.467;-999;   2.4;   8.3;  961.90;   11.7;   63.46;   17.5;    5.0;    1.2;eor
       2023;20200517;    1;   8.8;   2.1;    1;   0.0;   0;   14.033;-999;   0.5;   8.0;  962.75;   13.2;   54.92;   19.5;    5.1;    1.6;eor
       2023;20200518;    1;   7.2;   2.4;    1;   0.0;   0;   14.383;-999;   0.4;   9.2;  964.09;   15.3;   54.71;   22.0;    7.0;    4.2;eor
       2023;20200519;    1;   9.9;   3.2;    1;   0.0;   0;   13.700;-999;   1.0;  10.0;  961.58;   17.7;   51.13;   24.0;   10.6;    7.5;eor
       2023;20200520;    1;   4.3;   1.7;    1;   0.0;   0;    2.650;-999;   5.8;  11.4;  961.99;   15.7;   65.00;   20.4;   10.9;    8.4;eor
       2023;20200521;    1;   5.0;   1.8;    1;   0.0;   0;   11.550;-999;   3.7;  11.3;  963.07;   17.1;   60.13;   22.8;   10.5;    7.7;eor
       2023;20200522;    1;  10.5;   2.7;    1;   0.0;   6;    5.350;-999;   7.3;  12.1;  963.22;   18.9;   56.71;   23.6;   11.1;    8.1;eor
       2023;20200523;    1;  17.4;   3.9;    1;  11.1;   6;    0.183;-999;   7.3;  12.0;  965.02;   13.0;   80.33;   19.9;    6.2;    4.8;eor
       2023;20200524;    1;  14.5;   5.0;    1;   0.0;   6;   10.917;-999;   5.6;   8.5;  970.53;   12.0;   63.13;   17.0;    6.5;    4.2;eor
       2023;20200525;    1;  15.0;   5.3;    1;   0.1;   6;    4.417;-999;   6.4;  10.2;  971.47;   13.0;   68.42;   17.5;   10.3;    7.3;eor
       2023;20200526;    1;   7.5;   2.1;    1;   0.0;   0;    8.000;-999;   4.7;   8.6;  973.70;   12.5;   60.79;   17.4;    7.2;    4.0;eor
       2023;20200527;    1;   7.0;   2.0;    1;   0.0;   0;   12.883;-999;   4.9;   8.4;  972.61;   14.6;   52.54;   20.5;    6.9;    3.7;eor
       2023;20200528;    1;  11.3;   3.5;    1;   0.3;   6;    8.050;-999;   4.9;   8.7;  968.73;   14.0;   55.71;   19.4;    8.2;    3.3;eor
       2023;20200529;    1;   8.3;   2.8;    1;   0.0;   0;    8.633;-999;   4.5;   8.4;  966.11;   12.5;   59.33;   17.6;    7.1;    4.9;eor
       2023;20200530;    1;   8.6;   3.1;    1;   0.0;   0;    2.900;-999;   7.2;   7.7;  962.05;   12.3;   55.08;   17.4;    7.1;    5.3;eor
       2023;20200531;    1;   8.1;   2.8;    1;   0.0;   0;   10.833;-999;   7.4;   7.9;  961.30;   13.9;   51.33;   18.9;    7.9;    5.9;eor
       2023;20200601;    1;  10.6;   3.3;    1;   0.0;   0;   15.050;-999;   0.8;   9.7;  961.47;   17.2;   52.04;   23.6;    9.5;    6.6;eor
       2023;20200602;    1;  11.1;   2.3;    1;   0.0;   0;   14.617;-999;   2.5;   9.2;  957.80;   19.0;   43.96;   25.1;   11.8;    7.5;eor
       2023;20200603;    1;  11.0;   2.6;    1;   0.2;   6;    9.517;-999;   7.6;  10.3;  948.17;   18.1;   50.96;   25.5;   10.9;    8.4;eor
       2023;20200604;    1;  10.5;   3.6;    1;   7.1;   6;    0.283;-999;   7.8;  13.6;  940.04;   14.3;   83.46;   17.9;   12.3;   10.7;eor
       2023;20200605;    1;  16.7;   5.2;    1;   2.2;   6;    1.667;-999;   7.0;  10.9;  942.27;   11.9;   78.75;   15.2;    9.2;    8.8;eor
       2023;20200606;    1;   9.2;   3.0;    1;   5.0;   6;    0.583;-999;   7.8;  12.1;  947.18;   11.7;   88.17;   14.2;    9.7;    9.6;eor
       2023;20200607;    1;   8.1;   2.8;    1;   7.5;   6;    1.000;-999;   7.5;  11.6;  951.35;   10.4;   91.83;   12.0;    8.3;    5.9;eor
       2023;20200608;    1;-999;   2.3;    1;   2.8;   6;-999;-999;   7.7;  10.4;  954.80;   12.1;   75.92;   17.4;    7.5;    6.6;eor
       2023;20200609;    1;   8.9;   2.6;    1;   0.4;   6;    0.017;-999;   7.9;  12.5;  955.00;   12.1;   88.29;   15.0;    9.6;    9.2;eor
