STATIONS_ID;MESS_DATUM;QN_3;  FX;  FM;QN_4; RSK;RSKF; SDK;SHK_TAG;  NM; VPM;  PM; TMK; UPM; TXK; TNK; TGK;eor
       1051;20181208;-999;-999;-999;    3;   1.8;   4;-999;   0;  -999;   7.3;    -999;    8.3;   66.42;   12.1;    6.3;    4.5;eor
       1051;20181209;-999;-999;-999;    3;   3.8;   4;-999;   0;  -999;   8.1;    -999;    8.1;   75.46;   10.2;    5.0;    4.2;eor
       1051;20181210;-999;-999;-999;    3;   2.4;   4;-999;   0;  -999;   6.7;    -999;    4.4;   79.38;    6.2;    2.8;    2.0;eor
       1051;20181211;-999;-999;-999;    3;   8.0;   4;-999;   0;  -999;   7.0;    -999;    3.5;   89.25;    4.4;    1.9;    1.4;eor
       1051;20181212;-999;-999;-999;    3;   0.2;   4;-999;   0;  -999;   6.5;    -999;    2.1;   90.75;    3.3;   -0.4;   -2.2;eor
       1051;20181213;-999;-999;-999;    3;   0.0;   0;-999;   0;  -999;   5.4;    -999;    0.1;   87.67;    1.2;   -2.2;   -4.0;eor
       1051;20181214;-999;-999;-999;    3;   0.0;   0;-999;   0;  -999;   5.3;    -999;    0.8;   81.33;    1.9;    0.2;   -0.2;eor
       1051;20181215;-999;-999;-999;    3;   0.0;   0;-999;   0;  -999;   5.0;    -999;   -0.1;   81.63;    0.3;   -0.4;   -0.9;eor
       1051;20181216;-999;-999;-999;    3;   0.1;   4;-999;   0;  -999;   4.2;    -999;   -0.7;   72.46;    0.0;   -1.7;   -1.9;eor
       1051;20181217;-999;-999;-999;    3;   0.0;   0;-999;   0;  -999;   5.7;    -999;    1.6;   82.88;    4.1;   -0.4;   -0.6;eor
       1051;20181218;-999;-999;-999;    3;   0.0;   0;-999;   0;  -999;   6.8;    -999;    3.2;   88.46;    6.6;    1.4;   -0.4;eor
       1051;20181219;-999;-999;-999;    3;   2.3;   4;-999;   0;  -999;   5.8;    -999;    2.6;   78.17;    3.3;    1.9;    0.9;eor
       1051;20181220;-999;-999;-999;    3;   0.4;   4;-999;   0;  -999;   6.4;    -999;    2.4;   87.92;    6.7;    0.8;    0.3;eor
       1051;20181221;-999;-999;-999;    3;   3.3;   4;-999;   0;  -999;   8.2;    -999;    7.6;   78.13;   13.0;    4.8;    2.9;eor
       1051;20181222;-999;-999;-999;    3;   7.7;   4;-999;   0;  -999;   9.2;    -999;    8.3;   84.17;   12.0;    5.7;    5.2;eor
       1051;20181223;-999;-999;-999;    3;  11.6;   4;-999;   0;  -999;   8.4;    -999;    7.1;   83.92;    8.9;    4.3;    3.9;eor
       1051;20181224;-999;-999;-999;    3;   0.7;   4;-999;   0;  -999;   6.2;    -999;    2.4;   84.67;    4.7;    0.5;    0.3;eor
       1051;20181225;-999;-999;-999;    3;   0.0;   0;-999;   0;  -999;   6.5;    -999;    3.9;   80.83;    5.0;    2.4;    1.6;eor
       1051;20181226;-999;-999;-999;    3;   0.5;   4;-999;   0;  -999;   7.1;    -999;    4.5;   83.54;    5.7;    3.3;    3.2;eor
       1051;20181227;-999;-999;-999;    3;   0.0;   0;-999;   0;  -999;   8.0;    -999;    6.2;   84.25;    8.5;    4.9;    2.3;eor
       1051;20181228;-999;-999;-999;    3;   0.5;   4;-999;   0;  -999;   7.3;    -999;    5.2;   83.25;    6.6;    4.2;    3.1;eor
       1051;20181229;-999;-999;-999;    3;   3.4;   4;-999;   0;  -999;   7.7;    -999;    5.2;   86.92;    6.3;    4.3;    3.2;eor
       1051;20181230;-999;-999;-999;    3;   0.6;   4;-999;   0;  -999;   7.8;    -999;    6.2;   82.38;    7.2;    5.1;    4.0;eor
       1051;20181231;-999;-999;-999;    3;   0.1;   4;-999;   0;  -999;   8.4;    -999;    6.2;   88.79;    7.8;    4.6;    3.4;eor
       1051;20190101;-999;-999;-999;    3;   1.1;   4;-999;   0;  -999;   8.0;    -999;    7.1;   78.00;    8.6;    3.3;    2.8;eor
       1051;20190102;-999;-999;-999;    3;   1.0;   4;-999;   0;  -999;   5.1;    -999;    1.5;   75.00;    3.5;   -1.5;   -2.8;eor
       1051;20190103;-999;-999;-999;    3;   0.2;   4;-999;   0;  -999;   4.6;    -999;   -1.0;   81.04;    0.3;   -3.8;   -7.0;eor
       1051;20190104;-999;-999;-999;    3;   2.6;   4;-999;   0;  -999;   5.6;    -999;    0.1;   90.58;    3.6;   -5.4;   -7.5;eor
       1051;20190105;-999;-999;-999;    3;   7.3;   4;-999;   0;  -999;   8.5;    -999;    5.4;   94.00;    7.5;    3.3;    2.6;eor
       1051;20190106;-999;-999;-999;    3;   0.5;   4;-999;   0;  -999;   6.1;    -999;    1.9;   87.63;    3.3;    1.2;   -0.3;eor
       1051;20190107;-999;-999;-999;    3;   4.7;   4;-999;   0;  -999;   7.1;    -999;    3.2;   92.46;    5.6;    1.1;    1.1;eor
       1051;20190108;-999;-999;-999;    3;  13.9;   4;-999;   0;  -999;   7.3;    -999;    4.7;   85.21;    6.4;    0.6;    0.0;eor
       1051;20190109;-999;-999;-999;    3;  14.0;   4;-999;   0;  -999;   6.3;    -999;    0.8;   96.96;    2.1;    0.3;    0.0;eor
       1051;20190110;-999;-999;-999;    3;   1.2;   4;-999;   0;  -999;   5.7;    -999;    0.8;   88.46;    1.6;   -0.7;   -1.3;eor
       1051;20190111;-999;-999;-999;    3;   1.2;   4;-999;   0;  -999;   5.6;    -999;    0.8;   85.25;    4.0;   -1.2;   -2.2;eor
       1051;20190112;-999;-999;-999;    3;   1.6;   4;-999;   0;  -999;   7.1;    -999;    4.4;   84.71;    5.5;    3.6;    2.9;eor
       1051;20190113;-999;-999;-999;    3;   4.4;   4;-999;   0;  -999;   7.8;    -999;    5.9;   83.46;    8.1;    4.5;    3.5;eor
       1051;20190114;-999;-999;-999;    3;   1.5;   4;-999;   0;  -999;   5.4;    -999;    2.6;   73.38;    6.3;   -0.7;   -1.5;eor
       1051;20190115;-999;-999;-999;    3;   3.6;   4;-999;   0;  -999;   6.2;    -999;    3.3;   78.96;    5.8;    1.2;    0.6;eor
       1051;20190116;-999;-999;-999;    3;   0.0;   0;-999;   0;  -999;   6.9;    -999;    4.5;   81.75;    6.8;   -0.2;   -1.8;eor
       1051;20190117;-999;-999;-999;    3;   0.1;   4;-999;   0;  -999;   6.6;    -999;    5.6;   72.38;    7.8;    0.4;   -1.9;eor
       1051;20190118;-999;-999;-999;    3;   0.0;   0;-999;   0;  -999;   4.5;    -999;    0.0;   72.79;    2.9;   -4.2;   -5.9;eor
       1051;20190119;-999;-999;-999;    3;   0.0;   0;-999;   0;  -999;   3.9;    -999;   -2.5;   77.71;    2.4;   -5.3;   -7.4;eor
       1051;20190120;-999;-999;-999;    3;   0.0;   0;-999;   0;  -999;   3.6;    -999;   -4.0;   81.08;    2.0;   -8.2;  -10.4;eor
       1051;20190121;-999;-999;-999;    3;   0.0;   0;-999;   0;  -999;   3.4;    -999;   -6.1;   87.54;   -0.6;  -10.0;  -11.9;eor
       1051;20190122;-999;-999;-999;    3;   0.0;   0;-999;   0;  -999;   3.4;    -999;   -4.8;   80.54;    0.0;   -9.6;  -12.1;eor
       1051;20190123;-999;-999;-999;    3;   0.0;   0;-999;   0;  -999;   3.2;    -999;   -5.1;   77.83;   -0.2;   -9.7;  -12.1;eor
       1051;20190124;-999;-999;-999;    3;   0.0;   0;-999;   0;  -999;   3.5;    -999;   -4.6;   81.00;   -2.4;   -7.6;   -9.3;eor
       1051;20190125;-999;-999;-999;    3;   2.3;   4;-999;   0;  -999;   3.6;    -999;   -3.1;   74.96;   -1.2;   -4.7;   -4.9;eor
       1051;20190126;-999;-999;-999;    3;   5.4;   4;-999;   0;  -999;   6.4;    -999;    2.0;   88.96;    5.2;   -2.3;   -2.4;eor
       1051;20190127;-999;-999;-999;    3;   0.1;   4;-999;   0;  -999;   6.7;    -999;    4.8;   78.63;    7.8;    2.3;   -1.1;eor
       1051;20190128;-999;-999;-999;    3;   1.5;   4;-999;   0;  -999;   6.0;    -999;    4.2;   73.54;    6.6;    2.1;   -0.7;eor
       1051;20190129;-999;-999;-999;    3;   0.1;   4;-999;   1;  -999;   5.4;    -999;    0.9;   82.58;    3.0;   -2.2;   -4.4;eor
       1051;20190130;-999;-999;-999;    3;   0.0;   0;-999;   0;  -999;   4.5;    -999;   -0.1;   74.33;    3.0;   -2.7;   -4.4;eor
       1051;20190131;-999;-999;-999;    3;   0.0;   0;-999;   0;  -999;   4.7;    -999;    0.8;   73.29;    4.2;   -1.3;   -2.1;eor
       1051;20190201;-999;-999;-999;    3;   1.6;   4;-999;   0;  -999;   5.2;    -999;    1.6;   76.00;    3.4;   -0.4;   -1.5;eor
       1051;20190202;-999;-999;-999;    3;   4.7;   4;-999;   0;  -999;   6.9;    -999;    2.0;   97.50;    2.5;    1.4;    0.1;eor
       1051;20190203;-999;-999;-999;    3;  21.2;   4;-999;   0;  -999;   6.2;    -999;    0.5;   98.21;    1.6;    0.1;    0.0;eor
       1051;20190204;-999;-999;-999;    3;   0.0;   0;-999;  10;  -999;   5.2;    -999;   -0.1;   86.08;    4.6;   -5.2;  -13.3;eor
       1051;20190205;-999;-999;-999;    3;   0.0;   0;-999;   6;  -999;   4.8;    -999;   -1.0;   83.92;    1.7;   -6.6;  -13.3;eor
       1051;20190206;-999;-999;-999;    3;   0.0;   0;-999;   5;  -999;   5.1;    -999;    0.5;   81.13;    3.1;   -1.9;   -7.2;eor
       1051;20190207;-999;-999;-999;    3;   1.4;   4;-999;   3;  -999;   4.7;    -999;   -0.6;   80.79;    1.2;   -2.1;   -5.0;eor
       1051;20190208;-999;-999;-999;    3;   0.0;   0;-999;   3;  -999;   6.0;    -999;    3.0;   79.63;    9.4;   -1.6;   -6.1;eor
       1051;20190209;-999;-999;-999;    3;   0.0;   0;-999;   1;  -999;   6.4;    -999;    6.9;   64.17;   10.3;    2.0;   -0.9;eor
       1051;20190210;-999;-999;-999;    3;  -999;-999;-999;   0;  -999;  -999;    -999;    7.8;-999;   -999;   -999;-999;eor
       1051;20190211;-999;-999;-999;-999;-999;-999;-999;   0;  -999;  -999;    -999;   -999;-999;-999;-999;-999;eor
       1051;20190212;-999;-999;-999;-999;-999;-999;-999;   0;  -999;  -999;    -999;   -999;-999;-999;-999;-999;eor
       1051;20190213;-999;-999;-999;-999;-999;-999;-999;   0;  -999;  -999;    -999;   -999;-999;-999;-999;-999;eor
       1051;20190214;-999;-999;-999;-999;-999;-999;-999;   0;  -999;  -999;    -999;   -999;-999;-999;-999;-999;eor
       1051;20190215;-999;-999;-999;-999;-999;-999;-999;   0;  -999;  -999;    -999;   -999;-999;-999;-999;-999;eor
       1051;20190216;-999;-999;-999;-999;-999;-999;-999;   0;  -999;  -999;    -999;   -999;-999;-999;-999;-999;eor
       1051;20190217;-999;-999;-999;-999;-999;-999;-999;   0;  -999;  -999;    -999;   -999;-999;-999;-999;-999;eor
       1051;20190218;-999;-999;-999;-999;-999;-999;-999;   0;  -999;  -999;    -999;   -999;-999;-999;-999;-999;eor
       1051;20190219;-999;-999;-999;-999;-999;-999;-999;   0;  -999;  -999;    -999;   -999;-999;-999;-999;-999;eor
       1051;20190220;-999;-999;-999;-999;-999;-999;-999;   0;  -999;  -999;    -999;   -999;-999;-999;-999;-999;eor
       1051;20190221;-999;-999;-999;-999;-999;-999;-999;   0;  -999;  -999;    -999;   -999;-999;-999;-999;-999;eor
       1051;20190222;-999;-999;-999;-999;-999;-999;-999;   0;  -999;  -999;    -999;   -999;-999;-999;-999;-999;eor
       1051;20190223;-999;-999;-999;-999;-999;-999;-999;   0;  -999;  -999;    -999;   -999;-999;-999;-999;-999;eor
       1051;20190224;-999;-999;-999;-999;-999;-999;-999;   0;  -999;  -999;    -999;   -999;-999;-999;-999;-999;eor
       1051;20190225;-999;-999;-999;-999;-999;-999;-999;   0;  -999;  -999;    -999;   -999;-999;-999;-999;-999;eor
       1051;20190226;-999;-999;-999;-999;-999;-999;-999;   0;  -999;  -999;    -999;   -999;-999;-999;-999;-999;eor
       1051;20190227;-999;-999;-999;-999;-999;-999;-999;   0;  -999;  -999;    -999;   -999;-999;-999;-999;-999;eor
       1051;20190228;-999;-999;-999;-999;-999;-999;-999;   0;  -999;  -999;    -999;   -999;-999;-999;-999;-999;eor
       1051;20190301;-999;-999;-999;-999;-999;-999;-999;   0;  -999;  -999;    -999;   -999;-999;-999;-999;-999;eor
       1051;20190302;-999;-999;-999;-999;-999;-999;-999;   0;  -999;  -999;    -999;   -999;-999;-999;-999;-999;eor
       1051;20190303;-999;-999;-999;-999;-999;-999;-999;   0;  -999;  -999;    -999;   -999;-999;-999;-999;-999;eor
       1051;20190304;-999;-999;-999;-999;-999;-999;-999;   0;  -999;  -999;    -999;   -999;-999;-999;-999;-999;eor
       1051;20190305;-999;-999;-999;    3;   2.5;   4;-999;   0;  -999;  -999;    -999;    6.3;-999;    9.7;    2.2;   -1.4;eor
       1051;20190306;-999;-999;-999;    3;   0.0;   0;-999;   0;  -999;  -999;    -999;    7.5;-999;   12.7;   -0.8;   -3.5;eor
       1051;20190307;-999;-999;-999;    3;   0.0;   0;-999;   0;  -999;   7.7;    -999;   10.8;   59.88;   18.0;    8.0;    5.8;eor
       1051;20190308;-999;-999;-999;    3;   1.2;   4;-999;   0;  -999;   7.1;    -999;    8.3;   65.67;   10.7;    5.0;    2.2;eor
       1051;20190309;-999;-999;-999;    3;   3.0;   4;-999;   0;  -999;   7.6;    -999;    9.1;   65.58;   12.6;    6.2;    4.3;eor
       1051;20190310;-999;-999;-999;    3;   7.4;   4;-999;   0;  -999;   7.8;    -999;    7.5;   74.33;   10.9;    2.6;    2.1;eor
       1051;20190311;-999;-999;-999;    3;   3.5;   4;-999;   0;  -999;   6.1;    -999;    4.1;   75.13;    7.4;    1.9;    0.9;eor
       1051;20190312;-999;-999;-999;    3;   0.2;   4;-999;   0;  -999;   6.0;    -999;    5.6;   68.08;    9.1;    2.0;   -0.5;eor
       1051;20190313;-999;-999;-999;    3;   0.1;   4;-999;   0;  -999;   5.8;    -999;    7.9;   55.04;   11.0;    5.3;    3.6;eor
       1051;20190314;-999;-999;-999;    3;   3.6;   4;-999;   0;  -999;   7.2;    -999;    7.0;   72.42;   10.0;    4.8;    3.8;eor
       1051;20190315;-999;-999;-999;    3;   3.6;   4;-999;   0;  -999;   8.0;    -999;    8.6;   71.13;   12.2;    6.4;    5.1;eor
       1051;20190316;-999;-999;-999;    3;   2.3;   4;-999;   0;  -999;   8.0;    -999;    8.4;   72.33;   11.5;    5.4;    5.3;eor
       1051;20190317;-999;-999;-999;    3;   0.9;   4;-999;   0;  -999;   7.7;    -999;    9.7;   67.54;   17.6;    3.7;    0.6;eor
       1051;20190318;-999;-999;-999;    3;   0.0;   0;-999;   0;  -999;   6.2;    -999;    6.2;   65.58;    9.4;    4.3;    2.5;eor
       1051;20190319;-999;-999;-999;    3;   0.2;   4;-999;   0;  -999;   6.0;    -999;    5.4;   67.46;    8.7;    2.8;    0.7;eor
       1051;20190320;-999;-999;-999;    3;   0.0;   0;-999;   0;  -999;   5.7;    -999;    6.1;   63.83;   12.5;   -0.7;   -2.9;eor
       1051;20190321;-999;-999;-999;    3;   0.0;   0;-999;   0;  -999;   7.7;    -999;    9.2;   67.17;   16.1;    3.0;    0.2;eor
       1051;20190322;-999;-999;-999;    3;   0.0;   0;-999;   0;  -999;   9.2;    -999;   10.2;   75.75;   19.4;    1.6;   -0.7;eor
       1051;20190323;-999;-999;-999;    3;   0.0;   0;-999;   0;  -999;   9.4;    -999;   12.4;   69.17;   20.7;    3.7;    0.8;eor
       1051;20190324;-999;-999;-999;    3;   0.0;   0;-999;   0;  -999;   8.3;    -999;    9.0;   73.08;   11.0;    6.0;    2.8;eor
       1051;20190325;-999;-999;-999;    3;   3.9;   4;-999;   0;  -999;   6.8;    -999;    5.2;   77.46;    9.7;    2.6;    1.2;eor
       1051;20190326;-999;-999;-999;    3;   1.2;   4;-999;   0;  -999;   6.9;    -999;    5.5;   76.75;    7.8;    2.9;    0.9;eor
       1051;20190327;-999;-999;-999;    3;   1.4;   4;-999;   0;  -999;   7.9;    -999;    7.3;   77.88;    9.6;    4.7;    3.4;eor
       1051;20190328;-999;-999;-999;    3;   1.8;   4;-999;   0;  -999;  10.5;    -999;    8.3;   95.00;    9.6;    6.9;    6.5;eor
       1051;20190329;-999;-999;-999;    3;   0.0;   0;-999;   0;  -999;   9.6;    -999;    9.8;   81.13;   14.9;    2.7;    0.1;eor
       1051;20190330;-999;-999;-999;    3;   0.0;   0;-999;   0;  -999;   8.4;    -999;   10.4;   70.08;   18.8;    1.8;   -1.4;eor
       1051;20190331;-999;-999;-999;    3;   0.0;   0;-999;   0;  -999;   8.3;    -999;    8.6;   74.71;   13.5;    3.9;    1.0;eor
       1051;20190401;-999;-999;-999;    3;   0.0;   0;-999;   0;  -999;   5.1;    -999;    7.0;   52.75;   12.8;   -0.2;   -3.5;eor
       1051;20190402;-999;-999;-999;    3;   0.0;   0;-999;   0;  -999;   6.3;    -999;   10.2;   49.92;   16.3;    2.7;   -0.7;eor
       1051;20190403;-999;-999;-999;    3;   0.0;   0;-999;   0;  -999;   8.1;    -999;   14.2;   51.00;   20.5;    7.9;    3.8;eor
       1051;20190404;-999;-999;-999;    3;   0.0;   0;-999;   0;  -999;   8.5;    -999;   15.0;   51.21;   21.3;    6.9;    2.7;eor
       1051;20190405;-999;-999;-999;    3;   0.0;   0;-999;   0;  -999;  10.2;    -999;   13.1;   70.08;   20.3;    7.4;    3.9;eor
       1051;20190406;-999;-999;-999;    3;   0.0;   0;-999;   0;  -999;   9.6;    -999;   12.9;   68.00;   21.4;    5.3;    2.7;eor
       1051;20190407;-999;-999;-999;    3;   0.0;   0;-999;   0;  -999;   9.2;    -999;   12.3;   67.79;   19.1;    3.7;    0.4;eor
       1051;20190408;-999;-999;-999;    3;   0.0;   0;-999;   0;  -999;   8.3;    -999;   12.9;   59.96;   20.1;    4.4;    1.3;eor
       1051;20190409;-999;-999;-999;    3;   0.0;   0;-999;   0;  -999;   7.8;    -999;    9.0;   69.21;   14.9;    4.1;    0.2;eor
       1051;20190410;-999;-999;-999;    3;   0.0;   0;-999;   0;  -999;   5.6;    -999;    6.4;   59.88;   10.9;    2.5;   -1.6;eor
       1051;20190411;-999;-999;-999;    3;   0.0;   0;-999;   0;  -999;   4.3;    -999;    4.5;   52.42;    8.1;   -0.4;   -3.5;eor
       1051;20190412;-999;-999;-999;    3;   0.0;   0;-999;   0;  -999;   4.8;    -999;    3.6;   60.42;    4.8;    2.6;    2.2;eor
       1051;20190413;-999;-999;-999;    3;   0.2;   4;-999;   0;  -999;   5.3;    -999;    4.6;   62.83;    7.7;    0.9;   -2.0;eor
       1051;20190414;-999;-999;-999;    3;   1.7;   4;-999;   0;  -999;   7.6;    -999;    4.9;   87.21;    9.6;    2.3;   -0.2;eor
       1051;20190415;-999;-999;-999;    3;   0.0;   0;-999;   0;  -999;   5.6;    -999;    7.3;   60.50;   14.4;   -0.7;   -3.3;eor
       1051;20190416;-999;-999;-999;    3;   0.0;   0;-999;   0;  -999;   5.4;    -999;    8.5;   54.04;   16.8;   -1.6;   -4.5;eor
       1051;20190417;-999;-999;-999;    3;   0.0;   0;-999;   0;  -999;   6.6;    -999;    9.6;   59.08;   18.6;   -1.2;   -4.1;eor
       1051;20190418;-999;-999;-999;    3;   0.0;   0;-999;   0;  -999;   7.0;    -999;   12.2;   55.29;   21.1;    0.7;   -2.1;eor
       1051;20190419;-999;-999;-999;    3;   0.0;   0;-999;   0;  -999;   7.1;    -999;   13.7;   52.67;   22.7;    2.7;   -0.5;eor
       1051;20190420;-999;-999;-999;    3;   0.0;   0;-999;   0;  -999;   6.8;    -999;   14.1;   49.33;   23.1;    2.5;   -0.6;eor
       1051;20190421;-999;-999;-999;    3;   0.0;   0;-999;   0;  -999;   7.1;    -999;   13.3;   51.92;   22.1;    2.8;   -0.6;eor
       1051;20190422;-999;-999;-999;    3;   0.0;   0;-999;   0;  -999;   7.2;    -999;   11.4;   57.04;   18.0;    3.0;   -0.2;eor
       1051;20190423;-999;-999;-999;    3;   0.0;   0;-999;   0;  -999;   8.9;    -999;   12.3;   63.79;   18.4;    2.8;   -0.4;eor
       1051;20190424;-999;-999;-999;    3;   0.0;   0;-999;   0;  -999;  11.5;    -999;   16.6;   61.33;   21.8;   12.1;   11.2;eor
       1051;20190425;-999;-999;-999;    3;   0.0;   0;-999;   0;  -999;   9.9;    -999;   18.7;   50.13;   26.7;    8.4;    4.4;eor
       1051;20190426;-999;-999;-999;    3;  14.6;   4;-999;   0;  -999;  12.1;    -999;   17.3;   63.25;   23.8;    9.7;    9.3;eor
       1051;20190427;-999;-999;-999;    3;   0.8;   4;-999;   0;  -999;  10.2;    -999;   12.4;   71.67;   17.6;    8.8;    7.2;eor
       1051;20190428;-999;-999;-999;    3;   0.1;   4;-999;   0;  -999;   8.9;    -999;    9.9;   74.00;   13.2;    7.3;    5.2;eor
       1051;20190429;-999;-999;-999;    3;  13.0;   4;-999;   0;  -999;  10.6;    -999;    9.2;   91.08;   10.9;    7.8;    6.4;eor
       1051;20190430;-999;-999;-999;    3;   0.6;   4;-999;   0;  -999;   8.1;    -999;    9.7;   69.21;   16.7;    3.3;    0.9;eor
       1051;20190501;-999;-999;-999;    3;   0.7;   4;-999;-999;  -999;   9.5;    -999;   11.6;   71.58;   18.5;    2.5;    0.3;eor
       1051;20190502;-999;-999;-999;    3;   0.0;   4;-999;-999;  -999;  10.1;    -999;   12.6;   70.88;   17.8;    7.3;    4.5;eor
       1051;20190503;-999;-999;-999;    3;   0.4;   4;-999;-999;  -999;   7.6;    -999;    9.1;   66.25;   11.9;    5.3;    2.9;eor
       1051;20190504;-999;-999;-999;    3;   9.7;   4;-999;-999;  -999;   7.1;    -999;    4.4;   85.21;    6.0;    0.4;   -1.3;eor
       1051;20190505;-999;-999;-999;    3;   0.0;   0;-999;-999;  -999;   6.2;    -999;    5.6;   71.08;   11.7;    0.3;   -1.8;eor
       1051;20190506;-999;-999;-999;    3;   0.0;   0;-999;-999;  -999;   6.1;    -999;    6.4;   66.04;   11.5;   -0.4;   -2.4;eor
       1051;20190507;-999;-999;-999;    3;   0.0;   0;-999;-999;  -999;   7.1;    -999;    7.2;   71.42;   12.6;   -0.1;   -2.5;eor
       1051;20190508;-999;-999;-999;    3;   0.2;   4;-999;-999;  -999;   7.7;    -999;   12.9;   54.83;   18.0;    5.1;    1.2;eor
       1051;20190509;-999;-999;-999;    3;   0.0;   0;-999;-999;  -999;   9.9;    -999;   14.3;   62.75;   19.0;   10.5;    8.4;eor
       1051;20190510;-999;-999;-999;    3;   0.0;   0;-999;-999;  -999;  10.1;    -999;   13.3;   67.54;   17.8;    8.0;    5.3;eor
       1051;20190511;-999;-999;-999;    3;  18.3;   4;-999;-999;  -999;  11.6;    -999;   10.9;   88.46;   14.1;    6.7;    4.5;eor
       1051;20190512;-999;-999;-999;    3;   0.1;   4;-999;-999;  -999;   8.0;    -999;   10.6;   65.25;   15.5;    5.8;    5.6;eor
       1051;20190513;-999;-999;-999;    3;   0.0;   0;-999;-999;  -999;   6.6;    -999;   10.0;   55.71;   14.6;    4.2;    1.6;eor
       1051;20190514;-999;-999;-999;    3;   0.9;   4;-999;-999;  -999;   7.2;    -999;    7.9;   68.25;   11.9;    2.8;    0.3;eor
       1051;20190515;-999;-999;-999;    3;   6.9;   4;-999;-999;  -999;   8.0;    -999;    6.4;   81.79;    8.2;    4.8;    3.8;eor
       1051;20190516;-999;-999;-999;    3;   0.0;   0;-999;-999;  -999;   9.7;    -999;    8.2;   88.83;   10.6;    6.0;    5.4;eor
       1051;20190517;-999;-999;-999;    3;   0.0;   0;-999;-999;  -999;  10.8;    -999;   13.0;   74.46;   19.0;    7.2;    4.5;eor
       1051;20190518;-999;-999;-999;    3;   0.0;   0;-999;-999;  -999;  11.2;    -999;   14.5;   70.92;   21.9;    5.6;    3.0;eor
       1051;20190519;-999;-999;-999;    3;   0.0;   0;-999;-999;  -999;  12.0;    -999;   18.0;   62.71;   25.6;    8.4;    5.8;eor
       1051;20190520;-999;-999;-999;    3;   6.9;   4;-999;-999;  -999;  14.4;    -999;   15.1;   84.67;   19.5;   10.3;    8.0;eor
       1051;20190521;-999;-999;-999;    3;   2.0;   4;-999;-999;  -999;  14.1;    -999;   16.4;   76.88;   22.9;    8.3;    6.5;eor
       1051;20190522;-999;-999;-999;    3;   8.0;   4;-999;-999;  -999;  13.2;    -999;   12.5;   90.92;   15.1;   11.3;   10.4;eor
       1051;20190523;-999;-999;-999;    3;   0.0;   0;-999;-999;  -999;   9.9;    -999;   13.7;   65.21;   19.3;    7.5;    5.3;eor
       1051;20190524;-999;-999;-999;    3;   0.0;   0;-999;-999;  -999;  10.5;    -999;   15.6;   63.13;   23.4;    6.4;    4.2;eor
       1051;20190525;-999;-999;-999;    3;   0.0;   0;-999;-999;  -999;  11.9;    -999;   15.5;   69.33;   21.2;    9.3;    7.4;eor
       1051;20190526;-999;-999;-999;    3;   0.0;   0;-999;-999;  -999;  11.3;    -999;   17.6;   58.38;   23.6;    9.8;    7.6;eor
       1051;20190527;-999;-999;-999;    3;   4.2;   4;-999;-999;  -999;  12.9;    -999;   19.2;   59.08;   24.6;   12.4;    9.6;eor
       1051;20190528;-999;-999;-999;    3;   5.9;   4;-999;-999;  -999;  13.7;    -999;   14.6;   82.29;   16.8;   12.6;   11.3;eor
       1051;20190529;-999;-999;-999;    3;   0.0;   0;-999;-999;  -999;   9.9;    -999;   13.0;   68.29;   17.5;    6.3;    4.3;eor
       1051;20190530;-999;-999;-999;    3;   0.0;   0;-999;-999;  -999;   8.9;    -999;   14.5;   58.21;   21.5;    4.0;    1.9;eor
       1051;20190531;-999;-999;-999;    3;   0.0;   0;-999;-999;  -999;  14.2;    -999;   18.2;   68.42;   23.5;   12.7;   10.5;eor
       1051;20190601;-999;-999;-999;    3;   0.0;   0;-999;-999;  -999;  15.2;    -999;   20.4;   66.46;   26.8;   13.1;   11.0;eor
       1051;20190602;-999;-999;-999;    3;   0.0;   0;-999;-999;  -999;  14.6;    -999;   22.6;   57.63;   30.3;   12.1;   10.2;eor
       1051;20190603;-999;-999;-999;    3;   0.0;   0;-999;-999;  -999;  15.1;    -999;   24.6;   51.54;   31.0;   16.1;   12.4;eor
       1051;20190604;-999;-999;-999;    3;   0.0;   0;-999;-999;  -999;  15.7;    -999;   23.3;   58.04;   31.1;   14.4;   12.1;eor
       1051;20190605;-999;-999;-999;    3;   0.0;   0;-999;-999;  -999;  17.1;    -999;   24.7;   57.92;   31.6;   17.3;   14.2;eor
       1051;20190606;-999;-999;-999;    3;   2.4;   4;-999;-999;  -999;  17.0;    -999;   20.7;   70.04;   28.2;   15.5;   14.6;eor
       1051;20190607;-999;-999;-999;    3;   0.0;   0;-999;-999;  -999;  15.9;    -999;   18.8;   73.92;   25.5;   13.4;   12.1;eor
       1051;20190608;-999;-999;-999;    3;   0.0;   0;-999;-999;  -999;  11.0;    -999;   18.2;   54.46;   23.5;   10.0;    7.2;eor
       1051;20190609;-999;-999;-999;    3;   0.0;   0;-999;-999;  -999;  10.9;    -999;   19.5;   51.92;   27.0;    8.4;    5.3;eor
       1051;20190610;-999;-999;-999;    3;   6.6;   4;-999;-999;  -999;  17.6;    -999;   23.3;   62.00;   28.5;   16.8;   16.4;eor
       1051;20190611;-999;-999;-999;    3;   2.3;   4;-999;-999;  -999;  20.9;    -999;   22.3;   78.88;   30.0;   15.3;   14.6;eor
       1051;20190612;-999;-999;-999;    3;  10.8;   4;-999;-999;  -999;  19.7;    -999;   23.1;   72.92;   33.3;   15.9;   14.7;eor
       1051;20190613;-999;-999;-999;    3;   0.0;   0;-999;-999;  -999;  15.4;    -999;   19.4;   69.75;   24.6;   15.2;   13.3;eor
       1051;20190614;-999;-999;-999;    3;   0.0;   0;-999;-999;  -999;  16.0;    -999;   23.3;   60.67;   31.0;   13.6;   11.8;eor
       1051;20190615;-999;-999;-999;    3;   0.0;   0;-999;-999;  -999;  19.0;    -999;   26.5;   56.17;   33.4;   19.7;   17.8;eor
       1051;20190616;-999;-999;-999;    3;   1.1;   4;-999;-999;  -999;  14.8;    -999;   19.2;   66.71;   23.3;   14.5;   12.3;eor
       1051;20190617;-999;-999;-999;    3;   0.0;   0;-999;-999;  -999;  13.9;    -999;   20.8;   59.58;   27.1;   12.9;   10.4;eor
       1051;20190618;-999;-999;-999;    3;   0.0;   0;-999;-999;  -999;  14.4;    -999;   22.7;   55.54;   29.2;   14.0;   11.2;eor
       1051;20190619;-999;-999;-999;    3;   0.0;   0;-999;-999;  -999;  16.7;    -999;   24.5;   55.58;   30.9;   17.7;   15.2;eor
       1051;20190620;-999;-999;-999;    3;  -999;-999;-999;-999;  -999;  17.3;    -999;   22.0;   66.25;   27.8;   17.2;   14.2;eor
       1051;20190621;-999;-999;-999;    3;   0.0;   0;-999;-999;  -999;  16.4;    -999;   20.6;   69.46;   25.2;   15.6;   13.7;eor
       1051;20190622;-999;-999;-999;    3;   0.0;   0;-999;-999;  -999;  14.5;    -999;   21.1;   60.42;   27.1;   14.4;   12.7;eor
       1051;20190623;-999;-999;-999;    3;   0.0;   0;-999;-999;  -999;  14.0;    -999;   21.4;   57.04;   27.2;   13.4;   11.3;eor
       1051;20190624;-999;-999;-999;    3;   0.0;   0;-999;-999;  -999;  12.7;    -999;   22.6;   51.63;   30.0;   12.5;    9.9;eor
       1051;20190625;-999;-999;-999;    3;   0.0;   0;-999;-999;  -999;  17.7;    -999;   26.1;   55.50;   33.3;   15.3;   13.1;eor
       1051;20190626;-999;-999;-999;    3;   0.0;   0;-999;-999;  -999;  20.4;    -999;   30.2;   50.38;   36.8;   22.4;   19.5;eor
       1051;20190627;-999;-999;-999;    3;   0.0;   0;-999;-999;  -999;  12.1;    -999;   23.0;   44.21;   27.1;   17.3;   15.1;eor
       1051;20190628;-999;-999;-999;    3;   0.0;   0;-999;-999;  -999;  12.0;    -999;   18.6;   57.88;   24.3;   12.7;   10.0;eor
       1051;20190629;-999;-999;-999;    3;   0.0;   0;-999;-999;  -999;  12.3;    -999;   22.2;   51.08;   30.9;   11.0;    8.5;eor
       1051;20190630;-999;-999;-999;    3;   0.0;   0;-999;-999;  -999;  12.5;    -999;   28.0;   38.38;   38.1;   17.0;   13.3;eor
       1051;20190701;-999;-999;-999;    3;   0.0;   0;-999;-999;  -999;  13.6;    -999;   24.9;   43.58;   30.0;   20.6;   16.4;eor
       1051;20190702;-999;-999;-999;    3;   0.0;   0;-999;-999;  -999;  10.4;    -999;   19.9;   45.04;   23.8;   14.2;    9.4;eor
       1051;20190703;-999;-999;-999;    3;   0.0;   0;-999;-999;  -999;   8.5;    -999;   16.7;   46.79;   22.6;   10.2;    6.7;eor
       1051;20190704;-999;-999;-999;    3;   0.0;   0;-999;-999;  -999;   8.6;    -999;   17.0;   47.92;   24.1;    8.5;    5.7;eor
       1051;20190705;-999;-999;-999;    3;   0.0;   0;-999;-999;  -999;  11.1;    -999;   19.4;   50.25;   25.0;   13.1;   10.6;eor
       1051;20190706;-999;-999;-999;    3;   2.5;   4;-999;-999;  -999;  12.2;    -999;   21.7;   51.21;   29.6;   13.0;   10.2;eor
       1051;20190707;-999;-999;-999;    3;   0.0;   0;-999;-999;  -999;  10.8;    -999;   16.7;   58.63;   21.0;   11.8;   10.0;eor
       1051;20190708;-999;-999;-999;    3;   0.9;   4;-999;-999;  -999;   8.9;    -999;   15.6;   50.92;   19.3;   12.3;    7.7;eor
       1051;20190709;-999;-999;-999;    3;   0.3;   4;-999;-999;  -999;  10.7;    -999;   14.5;   65.63;   16.7;   12.4;   11.1;eor
       1051;20190710;-999;-999;-999;    3;   0.0;   0;-999;-999;  -999;  10.3;    -999;   16.8;   55.17;   23.3;   10.6;    7.2;eor
       1051;20190711;-999;-999;-999;    3;  16.6;   4;-999;-999;  -999;  11.9;    -999;   17.9;   59.92;   24.0;    9.3;    6.3;eor
       1051;20190712;-999;-999;-999;    3;   1.3;   4;-999;-999;  -999;  15.8;    -999;   18.6;   76.00;   25.5;   14.9;   13.6;eor
       1051;20190713;-999;-999;-999;    3;   5.5;   4;-999;-999;  -999;  15.8;    -999;   16.7;   83.67;   22.3;   13.9;   12.8;eor
       1051;20190714;-999;-999;-999;    3;   0.2;   4;-999;-999;  -999;  15.7;    -999;   17.5;   78.92;   20.7;   13.8;   11.3;eor
       1051;20190715;-999;-999;-999;    3;   0.0;   0;-999;-999;  -999;  13.3;    -999;   16.3;   72.33;   19.1;   12.2;   10.1;eor
       1051;20190716;-999;-999;-999;    3;   0.0;   0;-999;-999;  -999;  12.3;    -999;   16.6;   65.50;   20.9;   14.2;   11.9;eor
       1051;20190717;-999;-999;-999;    3;   0.0;   0;-999;-999;  -999;  12.6;    -999;   18.3;   62.17;   23.8;   12.3;    9.5;eor
       1051;20190718;-999;-999;-999;    3;   0.0;   0;-999;-999;  -999;  12.6;    -999;   20.0;   58.33;   27.8;   10.1;    7.7;eor
       1051;20190719;-999;-999;-999;    3;   0.4;   4;-999;-999;  -999;  15.9;    -999;   20.4;   67.21;   24.8;   15.6;   12.2;eor
       1051;20190720;-999;-999;-999;    3;   3.2;   4;-999;-999;  -999;  16.4;    -999;   23.6;   60.96;   32.1;   14.0;   11.5;eor
       1051;20190721;-999;-999;-999;    3;   0.0;   0;-999;-999;  -999;  16.8;    -999;   21.5;   68.71;   28.1;   15.5;   13.2;eor
       1051;20190722;-999;-999;-999;    3;   0.0;   0;-999;-999;  -999;  14.2;    -999;   22.3;   56.63;   28.0;   13.7;   11.3;eor
       1051;20190723;-999;-999;-999;    3;   0.0;   0;-999;-999;  -999;  16.2;    -999;   24.8;   54.54;   32.0;   16.1;   14.1;eor
       1051;20190724;-999;-999;-999;    3;   0.0;   0;-999;-999;  -999;  15.0;    -999;   25.9;   50.58;   34.4;   15.0;   12.6;eor
       1051;20190725;-999;-999;-999;    3;   0.0;   0;-999;-999;  -999;  14.1;    -999;   27.7;   42.50;   35.6;   16.4;   13.6;eor
       1051;20190726;-999;-999;-999;    3;   0.0;   0;-999;-999;  -999;  14.5;    -999;   25.3;   47.29;   31.9;   16.9;   14.3;eor
       1051;20190727;-999;-999;-999;    3;   0.0;   0;-999;-999;  -999;  14.1;    -999;   23.9;   50.17;   30.3;   14.9;   12.3;eor
       1051;20190728;-999;-999;-999;    3;   0.0;   0;-999;-999;  -999;  18.0;    -999;   24.4;   60.75;   30.1;   17.9;   15.6;eor
       1051;20190729;-999;-999;-999;    3;   0.0;   0;-999;-999;  -999;  19.4;    -999;   25.3;   62.21;   32.5;   18.5;   16.9;eor
       1051;20190730;-999;-999;-999;    3;   0.0;   0;-999;-999;  -999;  19.1;    -999;   24.7;   62.63;   29.4;   21.0;   19.1;eor
       1051;20190731;-999;-999;-999;    3;   7.0;   4;-999;-999;  -999;  18.1;    -999;   20.7;   75.50;   26.8;   14.7;   13.4;eor
       1051;20190801;-999;-999;-999;    3;   0.0;   0;-999;-999;  -999;  15.0;    -999;   20.4;   66.33;   26.6;   14.4;   12.5;eor
       1051;20190802;-999;-999;-999;    3;   0.0;   0;-999;-999;  -999;  13.9;    -999;   20.0;   62.25;   26.8;   12.7;   10.5;eor
       1051;20190803;-999;-999;-999;    3;   5.8;   4;-999;-999;  -999;  14.9;    -999;   18.8;   70.21;   24.3;   13.9;   11.8;eor
       1051;20190804;-999;-999;-999;    3;   0.0;   0;-999;-999;  -999;  14.6;    -999;   19.6;   67.29;   26.6;   12.8;   10.7;eor
       1051;20190805;-999;-999;-999;    3;   0.7;   4;-999;-999;  -999;  15.4;    -999;   20.3;   66.88;   27.5;   12.7;   10.3;eor
       1051;20190806;-999;-999;-999;    3;   0.0;   0;-999;-999;  -999;  16.5;    -999;   22.6;   63.25;   30.2;   16.2;   14.0;eor
       1051;20190807;-999;-999;-999;    3;   9.3;   4;-999;-999;  -999;  18.7;    -999;   20.0;   80.54;   25.5;   16.2;   14.1;eor
       1051;20190808;-999;-999;-999;    3;   0.0;   0;-999;-999;  -999;  14.5;    -999;   21.3;   59.83;   27.5;   14.3;   12.5;eor
       1051;20190809;-999;-999;-999;    3;   5.2;   4;-999;-999;  -999;  15.1;    -999;   23.7;   54.33;   30.6;   14.6;   11.8;eor
       1051;20190810;-999;-999;-999;    3;   0.0;   0;-999;-999;  -999;  18.2;    -999;   22.2;   69.29;   26.8;   17.1;   14.0;eor
       1051;20190811;-999;-999;-999;    3;   3.1;   4;-999;-999;  -999;  14.3;    -999;   23.3;   53.88;   29.9;   14.8;   11.6;eor
       1051;20190812;-999;-999;-999;    3;   0.1;   4;-999;-999;  -999;  15.0;    -999;   19.2;   68.17;   22.1;   16.3;   14.1;eor
       1051;20190813;-999;-999;-999;    3;   0.0;   0;-999;-999;  -999;  12.4;    -999;   19.3;   57.13;   24.0;   14.1;   12.2;eor
       1051;20190814;-999;-999;-999;    3;   0.0;   0;-999;-999;  -999;  10.1;    -999;   16.3;   57.25;   22.7;    9.2;    6.6;eor
       1051;20190815;-999;-999;-999;    3;   0.0;   0;-999;-999;  -999;  12.7;    -999;   17.9;   63.33;   23.5;   10.2;    6.5;eor
       1051;20190816;-999;-999;-999;    3;   0.0;   0;-999;-999;  -999;  13.4;    -999;   18.9;   62.71;   23.7;   14.2;   12.0;eor
       1051;20190817;-999;-999;-999;    3;   0.0;   0;-999;-999;  -999;  13.8;    -999;   19.7;   62.25;   25.0;   13.2;   10.0;eor
       1051;20190818;-999;-999;-999;    3;   6.4;   4;-999;-999;  -999;  16.9;    -999;   23.9;   61.08;   32.6;   17.5;   16.2;eor
       1051;20190819;-999;-999;-999;    3;   0.4;   4;-999;-999;  -999;  17.9;    -999;   19.6;   79.54;   24.8;   15.6;   13.6;eor
       1051;20190820;-999;-999;-999;    3;   3.6;   4;-999;-999;  -999;  15.4;    -999;   19.7;   70.21;   25.6;   15.0;   13.6;eor
       1051;20190821;-999;-999;-999;    3;   0.0;   0;-999;-999;  -999;  13.3;    -999;   17.9;   68.38;   23.9;   11.5;    9.4;eor
       1051;20190822;-999;-999;-999;    3;   0.0;   0;-999;-999;  -999;  12.6;    -999;   18.4;   63.92;   26.2;   10.1;    8.0;eor
       1051;20190823;-999;-999;-999;    3;   0.0;   0;-999;-999;  -999;  13.7;    -999;   19.9;   63.08;   27.7;   11.0;    8.0;eor
       1051;20190824;-999;-999;-999;    3;   0.0;   0;-999;-999;  -999;  16.4;    -999;   21.2;   67.79;   28.9;   11.4;    9.0;eor
       1051;20190825;-999;-999;-999;    3;   0.0;   0;-999;-999;  -999;  18.3;    -999;   24.2;   64.38;   32.1;   16.7;   14.4;eor
       1051;20190826;-999;-999;-999;    3;   0.0;   0;-999;-999;  -999;  19.5;    -999;   23.9;   68.92;   31.7;   16.6;   14.3;eor
       1051;20190827;-999;-999;-999;    3;   0.0;   0;-999;-999;  -999;  19.1;    -999;   24.6;   63.54;   31.1;   19.0;   16.3;eor
       1051;20190828;-999;-999;-999;    3;   0.0;   0;-999;-999;  -999;  19.9;    -999;   25.5;   63.13;   32.3;   18.8;   15.5;eor
       1051;20190829;-999;-999;-999;    3;   0.0;   0;-999;-999;  -999;  19.3;    -999;   23.7;   68.75;   31.5;   18.1;   15.4;eor
       1051;20190830;-999;-999;-999;    3;   0.0;   0;-999;-999;  -999;  19.4;    -999;   22.8;   73.00;   31.8;   16.2;   14.0;eor
       1051;20190831;-999;-999;-999;    3;   0.0;   0;-999;-999;  -999;  17.9;    -999;   25.2;   59.25;   32.8;   18.5;   15.2;eor
       1051;20190901;-999;-999;-999;    3;   3.1;   4;-999;-999;  -999;  18.8;    -999;   22.4;   70.08;   31.4;   17.4;   16.9;eor
       1051;20190902;-999;-999;-999;    3;   0.0;   0;-999;-999;  -999;  11.0;    -999;   16.8;   58.75;   22.2;    8.3;    5.3;eor
       1051;20190903;-999;-999;-999;    3;   0.0;   0;-999;-999;  -999;   9.7;    -999;   16.0;   58.88;   24.6;    7.4;    3.8;eor
       1051;20190904;-999;-999;-999;    3;   0.0;   0;-999;-999;  -999;  10.5;    -999;   19.2;   51.79;   27.4;    8.7;    5.7;eor
       1051;20190905;-999;-999;-999;    3;   0.0;   0;-999;-999;  -999;  11.3;    -999;   17.5;   58.17;   23.4;   12.7;    9.2;eor
       1051;20190906;-999;-999;-999;    3;   0.1;   4;-999;-999;  -999;   9.7;    -999;   15.3;   57.42;   20.4;    8.1;    4.4;eor
       1051;20190907;-999;-999;-999;    3;   2.6;   4;-999;-999;  -999;  12.7;    -999;   13.9;   80.13;   16.6;    9.9;    7.7;eor
       1051;20190908;-999;-999;-999;    3;   7.5;   4;-999;-999;  -999;  11.5;    -999;   15.1;   69.50;   20.8;    7.9;    5.5;eor
       1051;20190909;-999;-999;-999;    3;  21.0;   4;-999;-999;  -999;  14.1;    -999;   13.1;   93.08;   14.6;   12.0;   11.4;eor
       1051;20190910;-999;-999;-999;    3;   0.0;   0;-999;-999;  -999;  11.2;    -999;   14.7;   69.92;   20.4;    8.8;    6.2;eor
       1051;20190911;-999;-999;-999;    3;   0.0;   0;-999;-999;  -999;  10.8;    -999;   14.8;   68.25;   23.4;    6.3;    4.1;eor
       1051;20190912;-999;-999;-999;    3;   0.0;   0;-999;-999;  -999;  13.8;    -999;   16.2;   76.04;   23.8;    9.2;    6.7;eor
       1051;20190913;-999;-999;-999;    3;   0.0;   0;-999;-999;  -999;  15.2;    -999;   18.4;   72.50;   22.7;   12.5;   10.1;eor
       1051;20190914;-999;-999;-999;    3;   0.0;   0;-999;-999;  -999;  10.3;    -999;   14.9;   63.38;   20.4;    9.6;    6.9;eor
       1051;20190915;-999;-999;-999;    3;   0.0;   0;-999;-999;  -999;  11.8;    -999;   16.7;   65.96;   26.2;    8.1;    5.7;eor
       1051;20190916;-999;-999;-999;    3;   3.1;   4;-999;-999;  -999;  13.1;    -999;   14.2;   81.50;   17.9;   11.2;    9.5;eor
       1051;20190917;-999;-999;-999;    3;   0.6;   4;-999;-999;  -999;  10.9;    -999;   13.1;   72.92;   18.0;   10.2;    8.2;eor
       1051;20190918;-999;-999;-999;    3;   0.0;   0;-999;-999;  -999;   8.8;    -999;   11.7;   64.79;   16.5;    8.1;    6.4;eor
       1051;20190919;-999;-999;-999;    3;   0.0;   0;-999;-999;  -999;   8.2;    -999;   10.3;   67.42;   15.4;    3.6;    1.0;eor
       1051;20190920;-999;-999;-999;    3;   0.0;   0;-999;-999;  -999;   8.2;    -999;    9.0;   73.96;   16.5;    2.1;   -0.5;eor
       1051;20190921;-999;-999;-999;    3;   0.0;   0;-999;-999;  -999;   9.2;    -999;   13.2;   64.38;   22.1;    4.0;    1.2;eor
       1051;20190922;-999;-999;-999;    3;   0.0;   0;-999;-999;  -999;   9.1;    -999;   16.3;   51.50;   23.3;   11.0;    6.4;eor
       1051;20190923;-999;-999;-999;    3;   0.0;   0;-999;-999;  -999;  10.5;    -999;   15.4;   60.83;   22.3;    9.1;    6.5;eor
       1051;20190924;-999;-999;-999;    3;   0.2;   4;-999;-999;  -999;  14.9;    -999;   16.4;   79.88;   20.2;   13.6;   11.7;eor
       1051;20190925;-999;-999;-999;    3;   0.3;   4;-999;-999;  -999;  14.2;    -999;   15.1;   83.21;   20.0;   10.0;    6.8;eor
       1051;20190926;-999;-999;-999;    3;   1.0;   4;-999;-999;  -999;  13.1;    -999;   15.3;   77.42;   22.2;    8.6;    5.5;eor
       1051;20190927;-999;-999;-999;    3;   2.3;   4;-999;-999;  -999;  16.0;    -999;   16.2;   87.63;   20.5;   12.8;   10.2;eor
       1051;20190928;-999;-999;-999;    3;   0.0;   0;-999;-999;  -999;  12.3;    -999;   16.0;   68.83;   21.7;    9.2;    6.8;eor
       1051;20190929;-999;-999;-999;    3;   0.9;   4;-999;-999;  -999;  12.0;    -999;   17.5;   60.58;   22.0;   14.6;   12.8;eor
       1051;20190930;-999;-999;-999;    3;   1.0;   4;-999;-999;  -999;  12.1;    -999;   16.5;   64.29;   20.1;   12.9;    9.9;eor
       1051;20191001;-999;-999;-999;    3;   1.4;   4;-999;   0;  -999;  12.8;    -999;   16.9;   67.21;   23.8;   11.0;    7.6;eor
       1051;20191002;-999;-999;-999;    3;   5.6;   4;-999;   0;  -999;  11.2;    -999;   11.7;   79.96;   17.0;    6.5;    3.1;eor
       1051;20191003;-999;-999;-999;    3;   0.5;   4;-999;   0;  -999;   9.4;    -999;   10.6;   73.71;   14.9;    7.5;    4.9;eor
       1051;20191004;-999;-999;-999;    3;  13.7;   4;-999;   0;  -999;  10.5;    -999;   10.6;   83.17;   14.3;    8.8;    8.3;eor
       1051;20191005;-999;-999;-999;    3;   6.5;   4;-999;   0;  -999;  10.2;    -999;    8.5;   92.00;    9.5;    7.3;    6.9;eor
       1051;20191006;-999;-999;-999;    3;   0.0;   0;-999;   0;  -999;   7.9;    -999;    7.3;   78.46;   11.4;    2.2;   -0.8;eor
       1051;20191007;-999;-999;-999;    3;   0.0;   0;-999;   0;  -999;   6.1;    -999;    5.2;   73.63;   13.0;   -0.8;   -3.0;eor
       1051;20191008;-999;-999;-999;    3;   7.7;   4;-999;   0;  -999;  10.6;    -999;    9.8;   85.96;   13.8;    3.7;    2.6;eor
       1051;20191009;-999;-999;-999;    3;   0.0;   0;-999;   0;  -999;  10.6;    -999;   13.0;   71.88;   17.4;    8.2;    5.6;eor
       1051;20191010;-999;-999;-999;    3;   4.1;   4;-999;   0;  -999;   9.6;    -999;   12.0;   68.83;   15.4;    9.9;    6.0;eor
       1051;20191011;-999;-999;-999;    3;   0.0;   0;-999;   0;  -999;  10.5;    -999;   14.0;   66.63;   18.7;   10.3;    7.7;eor
       1051;20191012;-999;-999;-999;    3;   0.0;   0;-999;   0;  -999;  11.8;    -999;   16.7;   65.29;   25.0;    8.9;    5.3;eor
       1051;20191013;-999;-999;-999;    3;   0.0;   0;-999;   0;  -999;  14.4;    -999;   19.2;   65.04;   25.2;   15.5;   12.8;eor
       1051;20191014;-999;-999;-999;    3;   0.0;   0;-999;   0;  -999;  13.6;    -999;   17.8;   67.17;   23.2;   13.7;   12.4;eor
       1051;20191015;-999;-999;-999;    3;   1.2;   4;-999;   0;  -999;  13.1;    -999;   15.0;   77.67;   20.2;    8.7;    6.0;eor
       1051;20191016;-999;-999;-999;    3;   0.4;   4;-999;   0;  -999;  11.3;    -999;   14.4;   68.88;   16.7;    9.5;    6.4;eor
       1051;20191017;-999;-999;-999;    3;   0.1;   4;-999;   0;  -999;  10.6;    -999;   14.6;   64.79;   20.1;   10.2;    6.8;eor
       1051;20191018;-999;-999;-999;    3;   0.6;   4;-999;   0;  -999;  12.6;    -999;   15.0;   74.54;   20.9;    9.8;    7.1;eor
       1051;20191019;-999;-999;-999;    3;   0.6;   4;-999;   0;  -999;  12.2;    -999;   12.9;   81.92;   17.0;    9.6;    7.4;eor
       1051;20191020;-999;-999;-999;    3;   0.0;   0;-999;   0;  -999;  12.6;    -999;   14.5;   76.38;   17.8;   11.8;   10.4;eor
       1051;20191021;-999;-999;-999;    3;   0.0;   0;-999;   0;  -999;  13.4;    -999;   15.1;   79.75;   21.4;    9.4;    7.1;eor
       1051;20191022;-999;-999;-999;    3;   0.0;   0;-999;   0;  -999;  11.9;    -999;   12.2;   84.54;   19.3;    7.0;    5.3;eor
       1051;20191023;-999;-999;-999;    3;   0.0;   0;-999;   0;  -999;  13.2;    -999;   14.2;   82.04;   20.5;    8.2;    4.9;eor
       1051;20191024;-999;-999;-999;    3;   0.0;   0;-999;   0;  -999;  12.1;    -999;   12.9;   82.46;   19.9;    5.8;    3.3;eor
       1051;20191025;-999;-999;-999;    3;   0.0;   0;-999;   0;  -999;  11.6;    -999;   13.1;   78.88;   20.0;    7.8;    4.4;eor
       1051;20191026;-999;-999;-999;    3;   0.0;   0;-999;   0;  -999;  11.7;    -999;   13.9;   74.79;   22.0;    7.5;    4.4;eor
       1051;20191027;-999;-999;-999;    3;   2.0;   4;-999;   0;  -999;  10.1;    -999;   10.7;   78.83;   20.0;    6.7;    3.8;eor
       1051;20191028;-999;-999;-999;    3;   0.0;   0;-999;   0;  -999;   7.8;    -999;    6.4;   82.04;   11.9;    2.1;   -0.8;eor
       1051;20191029;-999;-999;-999;    3;   0.0;   0;-999;   0;  -999;   7.6;    -999;    5.4;   84.92;    8.7;    2.3;   -1.5;eor
       1051;20191030;-999;-999;-999;    3;   0.0;   0;-999;   0;  -999;   6.4;    -999;    3.0;   85.04;    8.8;   -2.6;   -5.9;eor
       1051;20191031;-999;-999;-999;    3;   0.0;   0;-999;   0;  -999;   4.7;    -999;    0.8;   75.25;    9.2;   -4.9;   -7.7;eor
       1051;20191101;-999;-999;-999;    3;   3.0;   4;-999;   0;  -999;   6.0;    -999;    4.2;   73.04;    7.5;   -3.7;   -6.9;eor
       1051;20191102;-999;-999;-999;    3;   0.4;   4;-999;   0;  -999;   9.9;    -999;   10.0;   79.50;   14.5;    6.0;    5.0;eor
       1051;20191103;-999;-999;-999;    3;   5.3;   4;-999;   0;  -999;  10.2;    -999;   10.5;   80.54;   12.2;    8.4;    5.9;eor
       1051;20191104;-999;-999;-999;    3;   0.7;   4;-999;   0;  -999;  10.4;    -999;   11.2;   79.29;   15.5;    8.3;    5.9;eor
       1051;20191105;-999;-999;-999;    3;   0.0;   0;-999;   0;  -999;   8.3;    -999;    8.6;   75.33;   13.2;    3.0;   -0.4;eor
       1051;20191106;-999;-999;-999;    3;   0.0;   0;-999;   0;  -999;   8.1;    -999;    8.5;   74.04;   13.0;    4.2;    1.3;eor
       1051;20191107;-999;-999;-999;    3;   0.0;   0;-999;   0;  -999;   8.2;    -999;    8.6;   74.96;   13.7;    4.3;    1.2;eor
       1051;20191108;-999;-999;-999;    3;   0.0;   0;-999;   0;  -999;   8.7;    -999;    8.1;   80.63;   11.1;    5.3;    2.3;eor
       1051;20191109;-999;-999;-999;    3;   3.9;   4;-999;   0;  -999;   8.5;    -999;    6.6;   86.58;    8.4;    1.0;   -2.0;eor
       1051;20191110;-999;-999;-999;    3;   0.0;   0;-999;   0;  -999;   6.6;    -999;    2.6;   89.96;    8.9;    0.2;   -2.9;eor
       1051;20191111;-999;-999;-999;    3;   0.0;   0;-999;   0;  -999;   5.9;    -999;    2.3;   81.96;    5.9;   -0.6;   -2.2;eor
       1051;20191112;-999;-999;-999;    3;   0.1;   4;-999;   0;  -999;   6.9;    -999;    5.3;   77.58;    6.3;    4.4;    3.7;eor
       1051;20191113;-999;-999;-999;    3;   0.6;   4;-999;   0;  -999;   7.4;    -999;    4.2;   89.08;    5.9;    2.6;    0.2;eor
       1051;20191114;-999;-999;-999;    3;   0.0;   0;-999;   0;  -999;   6.6;    -999;    4.5;   78.63;    8.0;    1.5;   -2.0;eor
       1051;20191115;-999;-999;-999;    3;   0.0;   0;-999;   0;  -999;   8.5;    -999;    9.3;   71.79;   12.7;    3.4;    0.5;eor
       1051;20191116;-999;-999;-999;    3;   0.0;   0;-999;   0;  -999;   8.1;    -999;    7.8;   76.42;   13.0;    0.9;   -1.7;eor
       1051;20191117;-999;-999;-999;    3;   0.1;   4;-999;   0;  -999;   8.7;    -999;    7.3;   84.29;   14.1;    0.9;   -0.6;eor
       1051;20191118;-999;-999;-999;    3;   4.6;   4;-999;   0;  -999;   9.4;    -999;    9.2;   80.33;   13.6;    2.0;   -1.7;eor
       1051;20191119;-999;-999;-999;    3;   2.7;   4;-999;   0;  -999;   7.0;    -999;    5.5;   77.13;    9.4;    0.6;   -2.1;eor
       1051;20191120;-999;-999;-999;    3;   0.7;   4;-999;   0;  -999;   8.3;    -999;    5.1;   93.58;    5.7;    4.5;    4.5;eor
       1051;20191121;-999;-999;-999;    3;   0.5;   4;-999;   0;  -999;   9.7;    -999;    7.6;   92.42;    9.6;    5.7;    5.4;eor
       1051;20191122;-999;-999;-999;    3;   0.0;   0;-999;   0;  -999;   9.0;    -999;    8.3;   82.79;   11.2;    3.5;    0.1;eor
       1051;20191123;-999;-999;-999;    3;   0.0;   0;-999;   0;  -999;   8.2;    -999;    8.9;   71.96;   10.2;    7.9;    6.2;eor
       1051;20191124;-999;-999;-999;    3;   0.0;   0;-999;   0;  -999;   7.9;    -999;    7.2;   77.50;   10.0;    1.5;   -2.2;eor
       1051;20191125;-999;-999;-999;    3;   0.0;   0;-999;   0;  -999;   6.9;    -999;    3.3;   88.83;    9.0;   -0.8;   -3.0;eor
       1051;20191126;-999;-999;-999;    3;   0.0;   0;-999;   0;  -999;   7.2;    -999;    4.3;   86.00;    7.6;   -1.0;   -2.9;eor
       1051;20191127;-999;-999;-999;    3;   2.3;   4;-999;   0;  -999;   7.9;    -999;    6.7;   80.96;    8.6;    5.4;    4.3;eor
       1051;20191128;-999;-999;-999;    3;   1.2;   4;-999;   0;  -999;   8.3;    -999;   10.1;   67.67;   13.8;    6.3;    3.9;eor
       1051;20191129;-999;-999;-999;    3;   0.3;   4;-999;   0;  -999;   7.1;    -999;    6.8;   70.75;   10.9;    1.4;   -0.7;eor
       1051;20191130;-999;-999;-999;    3;   0.3;   4;-999;   0;  -999;   5.9;    -999;    2.6;   80.21;    5.7;   -1.8;   -4.7;eor
       1051;20191201;-999;-999;-999;    3;   0.0;   0;-999;   0;  -999;   5.9;    -999;    1.3;   88.21;    4.5;   -0.6;   -2.4;eor
       1051;20191202;-999;-999;-999;    3;   0.5;   4;-999;   0;  -999;   6.1;    -999;    2.8;   81.17;    4.7;   -0.6;   -1.9;eor
       1051;20191203;-999;-999;-999;    3;   0.0;   0;-999;   0;  -999;   6.4;    -999;    3.7;   80.38;    6.1;    0.6;   -2.3;eor
       1051;20191204;-999;-999;-999;    3;   0.0;   0;-999;   0;  -999;   5.7;    -999;    3.7;   71.67;    8.6;    0.5;   -3.5;eor
       1051;20191205;-999;-999;-999;    3;   0.0;   0;-999;   0;  -999;   4.6;    -999;    0.6;   72.13;    3.0;   -1.0;   -3.4;eor
       1051;20191206;-999;-999;-999;    3;   1.9;   4;-999;   0;  -999;   4.9;    -999;    2.5;   66.96;    5.9;   -0.8;   -2.8;eor
       1051;20191207;-999;-999;-999;    3;   0.0;   4;-999;   0;  -999;   7.8;    -999;    8.7;   69.58;   10.4;    4.1;    3.1;eor
       1051;20191208;-999;-999;-999;    3;   0.8;   4;-999;   0;  -999;   7.9;    -999;   10.1;   63.08;   12.3;    8.0;    6.8;eor
       1051;20191209;-999;-999;-999;    3;   1.3;   4;-999;   0;  -999;   7.5;    -999;    8.1;   69.33;   10.7;    5.0;    1.1;eor
       1051;20191210;-999;-999;-999;    3;   0.0;   0;-999;   0;  -999;   6.1;    -999;    3.8;   76.58;    6.3;   -1.5;   -5.4;eor
       1051;20191211;-999;-999;-999;    3;   0.0;   0;-999;   0;  -999;   4.6;    -999;    1.7;   67.92;    4.6;   -1.5;   -5.0;eor
       1051;20191212;-999;-999;-999;    3;   0.1;   4;-999;   0;  -999;   5.0;    -999;    1.9;   71.08;    3.3;    0.8;   -0.8;eor
       1051;20191213;-999;-999;-999;    3;   0.3;   4;-999;   0;  -999;   5.5;    -999;    2.1;   76.75;    5.6;    0.2;   -1.2;eor
       1051;20191214;-999;-999;-999;    3;   2.3;   4;-999;   0;  -999;   6.5;    -999;    5.9;   70.21;    8.1;    3.6;    1.0;eor
       1051;20191215;-999;-999;-999;    3;   3.5;   4;-999;   0;  -999;   7.4;    -999;    7.0;   73.63;   12.9;    2.1;   -2.0;eor
       1051;20191216;-999;-999;-999;    3;   0.1;   4;-999;   0;  -999;   7.7;    -999;    6.4;   79.83;   11.8;    0.2;   -2.8;eor
       1051;20191217;-999;-999;-999;    3;   0.0;   0;-999;   0;  -999;   7.6;    -999;    7.0;   76.08;    9.6;    5.0;    3.8;eor
       1051;20191218;-999;-999;-999;    3;   0.0;   0;-999;   0;  -999;   8.0;    -999;    6.9;   80.33;    9.6;    4.0;    0.4;eor
       1051;20191219;-999;-999;-999;    3;   0.0;   0;-999;   0;  -999;   8.4;    -999;    7.2;   82.50;   10.0;    3.6;    0.8;eor
       1051;20191220;-999;-999;-999;    3;   4.3;   4;-999;   0;  -999;   9.0;    -999;    9.3;   76.46;   11.2;    7.9;    6.1;eor
       1051;20191221;-999;-999;-999;    3;   0.0;   0;-999;   0;  -999;   8.4;    -999;    7.0;   84.21;   10.7;    2.3;   -1.5;eor
       1051;20191222;-999;-999;-999;    3;   0.0;   4;-999;   0;  -999;   7.0;    -999;    3.9;   86.17;    7.3;   -0.3;   -2.8;eor
       1051;20191223;-999;-999;-999;    3;   0.3;   4;-999;   0;  -999;   7.8;    -999;    7.3;   75.79;    8.5;    5.0;    4.4;eor
       1051;20191224;-999;-999;-999;    3;   1.9;   4;-999;   0;  -999;   7.3;    -999;    7.2;   72.25;    9.2;    5.1;    4.5;eor
       1051;20191225;-999;-999;-999;    3;   2.3;   4;-999;   0;  -999;   8.0;    -999;    6.4;   83.46;    8.2;    4.9;    4.4;eor
       1051;20191226;-999;-999;-999;    3;   0.3;   4;-999;   0;  -999;   7.0;    -999;    5.0;   79.83;    6.3;    3.6;    1.6;eor
       1051;20191227;-999;-999;-999;    3;   0.2;   4;-999;   0;  -999;   6.3;    -999;    3.4;   80.38;    4.5;    2.4;    1.0;eor
       1051;20191228;-999;-999;-999;    3;   0.0;   0;-999;   0;  -999;   5.1;    -999;    1.6;   73.75;    2.6;    0.4;   -0.5;eor
       1051;20191229;-999;-999;-999;    3;   0.0;   0;-999;   0;  -999;   4.3;    -999;    0.1;   71.17;    3.2;   -3.1;   -5.0;eor
       1051;20191230;-999;-999;-999;    3;   0.0;   0;-999;   0;  -999;   4.6;    -999;    2.2;   64.71;    4.7;   -0.1;   -1.9;eor
       1051;20191231;-999;-999;-999;    3;   0.0;   0;-999;   0;  -999;   5.9;    -999;    4.7;   68.83;    7.8;   -2.0;   -4.6;eor
       1051;20200101;-999;-999;-999;    3;   0.0;   0;-999;   0;  -999;   5.6;    -999;    3.3;   73.13;    6.8;   -1.4;   -4.9;eor
       1051;20200102;-999;-999;-999;    3;   0.0;   0;-999;   0;  -999;   4.5;    -999;    0.6;   71.88;    6.4;   -3.8;   -6.9;eor
       1051;20200103;-999;-999;-999;    3;   0.4;   4;-999;   0;  -999;   6.3;    -999;    4.1;   75.42;    9.3;   -3.3;   -6.1;eor
       1051;20200104;-999;-999;-999;    3;   2.7;   4;-999;   0;  -999;   6.6;    -999;    4.8;   76.67;    8.1;    2.6;    1.3;eor
       1051;20200105;-999;-999;-999;    3;   0.0;   0;-999;   0;  -999;   5.2;    -999;    2.4;   71.50;    4.4;   -0.2;   -2.5;eor
       1051;20200106;-999;-999;-999;    3;   0.0;   0;-999;   0;  -999;   5.9;    -999;    3.3;   76.21;    5.5;   -1.7;   -4.9;eor
       1051;20200107;-999;-999;-999;    3;   0.0;   4;-999;   0;  -999;   6.0;    -999;    1.6;   86.67;    4.8;   -2.0;   -4.6;eor
       1051;20200108;-999;-999;-999;    3;   7.1;   4;-999;   0;  -999;   6.9;    -999;    4.2;   82.46;    6.1;   -0.3;   -3.1;eor
       1051;20200109;-999;-999;-999;    3;   1.9;   4;-999;   0;  -999;   8.7;    -999;    6.6;   89.75;    8.8;    5.0;    4.7;eor
       1051;20200110;-999;-999;-999;    3;   0.4;   4;-999;   0;  -999;   8.6;    -999;    9.4;   72.33;   12.2;    5.3;    4.2;eor
       1051;20200111;-999;-999;-999;    3;   0.7;   4;-999;   0;  -999;   6.2;    -999;    3.4;   79.29;    6.7;   -2.2;   -4.2;eor
       1051;20200112;-999;-999;-999;    3;   0.0;   0;-999;   0;  -999;   5.4;    -999;    1.8;   78.50;    6.6;   -1.8;   -4.6;eor
       1051;20200113;-999;-999;-999;    3;   0.0;   0;-999;   0;  -999;   6.6;    -999;    5.7;   72.38;    6.6;    2.8;   -2.3;eor
       1051;20200114;-999;-999;-999;    3;   0.0;   0;-999;   0;  -999;   6.2;    -999;    5.0;   71.58;    7.9;    2.8;   -1.6;eor
       1051;20200115;-999;-999;-999;    3;   0.0;   0;-999;   0;  -999;   5.3;    -999;    3.8;   66.33;    6.1;    1.9;    0.8;eor
       1051;20200116;-999;-999;-999;    3;   0.0;   0;-999;   0;  -999;   5.7;    -999;    3.6;   72.71;    7.8;    1.7;    0.4;eor
       1051;20200117;-999;-999;-999;    3;   0.2;   4;-999;   0;  -999;   6.0;    -999;    3.6;   76.58;    6.8;    1.6;    0.0;eor
       1051;20200118;-999;-999;-999;    3;   0.0;   0;-999;   0;  -999;   6.6;    -999;    4.2;   80.08;    7.2;    1.7;   -0.9;eor
       1051;20200119;-999;-999;-999;    3;   0.6;   4;-999;   0;  -999;   6.6;    -999;    3.6;   83.00;    4.7;    2.0;    0.5;eor
       1051;20200120;-999;-999;-999;    3;   0.0;   0;-999;   0;  -999;   6.1;    -999;    2.5;   82.92;    6.1;   -3.1;   -6.2;eor
       1051;20200121;-999;-999;-999;    3;   0.0;   0;-999;   0;  -999;   4.7;    -999;   -0.6;   80.42;    5.8;   -4.7;   -7.7;eor
       1051;20200122;-999;-999;-999;    3;   0.0;   0;-999;   0;  -999;   5.3;    -999;    0.0;   84.67;    3.2;   -5.7;   -8.1;eor
       1051;20200123;-999;-999;-999;    3;   0.0;   0;-999;   0;  -999;   5.6;    -999;    1.3;   82.88;    4.5;   -4.4;   -7.3;eor
       1051;20200124;-999;-999;-999;    3;   0.0;   0;-999;   0;  -999;   4.3;    -999;   -1.7;   79.38;    4.2;   -6.5;   -9.4;eor
       1051;20200125;-999;-999;-999;    3;   0.0;   0;-999;   0;  -999;   4.1;    -999;   -3.3;   86.25;    0.6;   -6.7;   -8.4;eor
       1051;20200126;-999;-999;-999;    3;   0.1;   4;-999;   0;  -999;   4.8;    -999;   -1.0;   83.08;    2.3;   -6.4;   -8.0;eor
       1051;20200127;-999;-999;-999;    3;   0.4;   4;-999;   0;  -999;   6.3;    -999;    3.7;   79.50;    8.2;    1.0;   -0.3;eor
       1051;20200128;-999;-999;-999;    3;   1.0;   4;-999;   0;  -999;   6.6;    -999;    6.0;   69.92;    9.1;    3.6;    1.3;eor
       1051;20200129;-999;-999;-999;    3;   0.4;   4;-999;   0;  -999;   5.4;    -999;    4.7;   63.13;    7.1;    3.1;    0.9;eor
       1051;20200130;-999;-999;-999;    3;   0.1;   4;-999;   0;  -999;   6.1;    -999;    5.8;   66.29;    9.3;    1.4;   -2.6;eor
       1051;20200131;-999;-999;-999;    3;   0.0;   0;-999;   0;  -999;   9.4;    -999;   11.8;   67.92;   14.2;    6.6;    4.0;eor
       1051;20200201;-999;-999;-999;    3;   2.8;   4;-999;   0;  -999;   9.9;    -999;   12.5;   68.71;   16.3;    8.7;    5.9;eor
       1051;20200202;-999;-999;-999;    3;  15.7;   4;-999;   0;  -999;   7.9;    -999;    8.1;   73.75;   10.0;    5.8;    5.2;eor
       1051;20200203;-999;-999;-999;    3;  19.0;   4;-999;   0;  -999;   8.9;    -999;    8.4;   80.71;   10.7;    5.9;    5.3;eor
       1051;20200204;-999;-999;-999;    3;   6.2;   4;-999;   0;  -999;   6.9;    -999;    4.8;   80.38;    7.5;    2.6;    2.0;eor
       1051;20200205;-999;-999;-999;    3;   0.5;   4;-999;   0;  -999;   5.5;    -999;    2.8;   74.13;    5.0;    0.9;   -1.8;eor
       1051;20200206;-999;-999;-999;    3;   0.1;   4;-999;   0;  -999;   5.6;    -999;    3.6;   70.33;    5.1;    1.5;   -0.2;eor
       1051;20200207;-999;-999;-999;    3;   0.9;   4;-999;   0;  -999;   7.1;    -999;    4.2;   85.21;    5.8;    1.3;   -1.9;eor
       1051;20200208;-999;-999;-999;    3;   0.0;   0;-999;   0;  -999;   5.7;    -999;    2.4;   78.58;    6.3;   -2.7;   -4.8;eor
       1051;20200209;-999;-999;-999;    3;   6.1;   4;-999;   0;  -999;   6.2;    -999;    6.3;   66.08;   14.3;    1.4;    0.1;eor
       1051;20200210;-999;-999;-999;    3;   6.1;   4;-999;   0;  -999;   7.3;    -999;    8.8;   65.08;   14.6;    3.0;    0.8;eor
       1051;20200211;-999;-999;-999;    3;   0.4;   4;-999;   0;  -999;   5.5;    -999;    5.3;   62.04;    8.0;    2.6;    0.8;eor
       1051;20200212;-999;-999;-999;    3;   0.6;   4;-999;   0;  -999;   4.9;    -999;    4.7;   57.08;    7.3;    3.5;    0.9;eor
       1051;20200213;-999;-999;-999;    3;   1.5;   4;-999;   0;  -999;   5.5;    -999;    4.3;   66.83;    6.7;   -1.2;   -3.6;eor
       1051;20200214;-999;-999;-999;    3;   1.4;   4;-999;   0;  -999;   7.4;    -999;    5.8;   80.88;    8.0;    3.0;    0.9;eor
       1051;20200215;-999;-999;-999;    3;   0.0;   0;-999;   0;  -999;   6.8;    -999;    5.4;   77.25;   10.4;    0.7;   -2.4;eor
       1051;20200216;-999;-999;-999;    3;   0.3;   4;-999;   0;  -999;   6.4;    -999;   11.4;   50.13;   18.4;    6.2;    4.8;eor
       1051;20200217;-999;-999;-999;    3;   0.2;   4;-999;   0;  -999;   7.5;    -999;   11.1;   56.83;   17.2;    8.5;    6.0;eor
       1051;20200218;-999;-999;-999;    3;   0.1;   4;-999;   0;  -999;   6.3;    -999;    7.7;   59.71;   10.4;    5.7;    2.3;eor
       1051;20200219;-999;-999;-999;    3;   1.5;   4;-999;   0;  -999;   6.1;    -999;    6.0;   65.29;    7.6;    3.8;    2.0;eor
       1051;20200220;-999;-999;-999;    3;   3.2;   4;-999;   0;  -999;   6.3;    -999;    5.7;   67.46;    9.2;   -0.3;   -3.8;eor
       1051;20200221;-999;-999;-999;    3;   0.0;   0;-999;   0;  -999;   6.0;    -999;    5.8;   64.58;    9.3;    1.6;   -2.3;eor
       1051;20200222;-999;-999;-999;    3;   3.2;   4;-999;   0;  -999;   5.6;    -999;    9.8;   48.54;   15.1;    2.4;   -1.5;eor
       1051;20200223;-999;-999;-999;    3;   9.3;   4;-999;   0;  -999;   9.3;    -999;    9.8;   76.67;   13.6;    5.2;    4.3;eor
       1051;20200224;-999;-999;-999;    3;   1.5;   4;-999;   0;  -999;   6.2;    -999;    6.5;   64.13;   10.6;    4.5;    3.5;eor
       1051;20200225;-999;-999;-999;    3;   0.3;   4;-999;   0;  -999;   8.5;    -999;    9.9;   69.46;   13.1;    4.5;    2.0;eor
       1051;20200226;-999;-999;-999;    3;   2.8;   4;-999;   0;  -999;   6.2;    -999;    4.1;   76.21;    7.4;    2.1;   -0.3;eor
       1051;20200227;-999;-999;-999;    3;   1.8;   4;-999;   0;  -999;   5.5;    -999;    4.3;   66.67;    7.1;    2.1;    1.0;eor
       1051;20200228;-999;-999;-999;    3;   2.6;   4;-999;   0;  -999;   5.8;    -999;    3.4;   74.67;    7.5;    1.1;   -1.4;eor
       1051;20200229;-999;-999;-999;    3;   2.7;   4;-999;   0;  -999;   6.8;    -999;    5.7;   74.25;   10.5;    2.2;    1.0;eor
       1051;20200301;-999;-999;-999;    3;   0.0;   0;-999;   0;  -999;   6.7;    -999;    8.5;   61.54;   13.4;    4.5;   -0.3;eor
       1051;20200302;-999;-999;-999;    3;   0.0;   0;-999;   0;  -999;   6.3;    -999;    7.3;   62.42;   10.3;    5.3;    0.9;eor
       1051;20200303;-999;-999;-999;    3;   0.5;   4;-999;   0;  -999;   6.7;    -999;    5.3;   75.13;    6.5;    3.4;    0.8;eor
       1051;20200304;-999;-999;-999;    3;   0.0;   0;-999;   0;  -999;   5.6;    -999;    5.3;   63.88;    9.4;    0.8;   -2.5;eor
       1051;20200305;-999;-999;-999;    3;   2.4;   4;-999;   0;  -999;   5.5;    -999;    5.6;   63.63;   10.5;   -0.3;   -2.7;eor
       1051;20200306;-999;-999;-999;    3;   1.6;   4;-999;   0;  -999;   7.4;    -999;    6.9;   75.17;   11.0;    4.5;    3.4;eor
       1051;20200307;-999;-999;-999;    3;   1.0;   4;-999;   0;  -999;   6.4;    -999;    4.7;   74.88;    8.1;    2.7;    0.4;eor
       1051;20200308;-999;-999;-999;    3;   0.0;   0;-999;   0;  -999;   6.4;    -999;    6.2;   67.54;   10.7;   -0.6;   -3.5;eor
       1051;20200309;-999;-999;-999;    3;   1.0;   4;-999;   0;  -999;   7.3;    -999;    6.5;   75.33;   10.7;    1.9;   -1.3;eor
       1051;20200310;-999;-999;-999;    3;   6.9;   4;-999;   0;  -999;   7.5;    -999;    6.8;   74.92;   13.2;    0.7;   -1.9;eor
       1051;20200311;-999;-999;-999;    3;   1.1;   4;-999;   0;  -999;  10.2;    -999;   10.8;   78.17;   13.4;    8.0;    7.1;eor
       1051;20200312;-999;-999;-999;    3;   1.2;   4;-999;   0;  -999;   8.6;    -999;   11.4;   63.38;   17.0;    4.0;   -0.5;eor
       1051;20200313;-999;-999;-999;    3;   0.4;   4;-999;   0;  -999;   6.0;    -999;    7.4;   58.92;   11.0;    3.2;   -0.8;eor
       1051;20200314;-999;-999;-999;    3;   0.0;   0;-999;   0;  -999;   4.8;    -999;    4.5;   57.96;    9.0;    0.0;   -3.8;eor
       1051;20200315;-999;-999;-999;    3;   0.0;   0;-999;   0;  -999;   3.7;    -999;    5.6;   43.00;   10.5;   -0.4;   -2.9;eor
       1051;20200316;-999;-999;-999;    3;   0.0;   0;-999;   0;  -999;   4.8;    -999;    8.5;   42.71;   15.8;    2.9;    0.1;eor
       1051;20200317;-999;-999;-999;    3;   0.0;   0;-999;   0;  -999;   7.5;    -999;    8.6;   67.42;   16.0;    3.2;   -0.7;eor
       1051;20200318;-999;-999;-999;    3;   0.0;   0;-999;   0;  -999;   8.4;    -999;   10.7;   69.25;   18.8;    3.4;   -0.6;eor
       1051;20200319;-999;-999;-999;    3;   0.0;   0;-999;   0;  -999;   8.7;    -999;   11.4;   66.96;   17.7;    3.5;   -0.3;eor
       1051;20200320;-999;-999;-999;    3;   4.5;   4;-999;   0;  -999;   8.8;    -999;    7.8;   81.83;    9.8;    4.2;    3.7;eor
       1051;20200321;-999;-999;-999;    3;   0.0;   0;-999;   0;  -999;   5.3;    -999;    3.6;   67.33;    5.7;   -3.0;   -6.1;eor
       1051;20200322;-999;-999;-999;    3;   0.0;   0;-999;   0;  -999;   3.5;    -999;    0.3;   58.08;    5.1;   -4.9;   -8.1;eor
       1051;20200323;-999;-999;-999;    3;   0.0;   0;-999;   0;  -999;   2.9;    -999;   -0.5;   53.83;    5.5;   -6.9;   -9.8;eor
       1051;20200324;-999;-999;-999;    3;   0.0;   0;-999;   0;  -999;   3.0;    -999;    0.5;   52.08;    7.7;   -7.4;  -10.4;eor
       1051;20200325;-999;-999;-999;    3;   0.0;   0;-999;   0;  -999;   3.0;    -999;    1.5;   49.42;    9.1;   -7.3;  -10.2;eor
       1051;20200326;-999;-999;-999;    3;   0.0;   0;-999;   0;  -999;   4.1;    -999;    3.8;   52.50;   11.9;   -4.7;   -8.3;eor
       1051;20200327;-999;-999;-999;    3;   0.0;   0;-999;   0;  -999;   5.7;    -999;    8.5;   54.58;   18.2;   -2.0;   -5.2;eor
       1051;20200328;-999;-999;-999;    3;   0.0;   0;-999;   0;  -999;   5.9;    -999;    7.7;   59.04;   15.1;   -0.9;   -4.2;eor
       1051;20200329;-999;-999;-999;    1;   1.6;   4;-999;   0;  -999;   5.8;    -999;    3.5;   74.33;    7.4;   -0.6;   -2.1;eor
       1051;20200330;-999;-999;-999;    1;   0.0;   0;-999;   0;  -999;   3.7;    -999;    1.6;   55.25;    6.1;   -5.0;   -8.0;eor
       1051;20200331;-999;-999;-999;    1;   0.0;   0;-999;   0;  -999;   4.0;    -999;    1.3;   60.13;    4.8;   -4.6;   -8.4;eor
       1051;20200401;-999;-999;-999;    1;   0.0;   0;-999;   0;  -999;   3.6;    -999;    2.1;   54.29;    9.7;   -5.7;   -9.4;eor
       1051;20200402;-999;-999;-999;    1;   0.0;   0;-999;   0;  -999;   4.7;    -999;    5.3;   55.88;   13.6;   -3.7;   -7.5;eor
       1051;20200403;-999;-999;-999;    1;   0.0;   4;-999;   0;  -999;   5.7;    -999;    7.2;   57.08;   10.9;    1.0;   -3.4;eor
       1051;20200404;-999;-999;-999;    1;   0.0;   0;-999;   0;  -999;   6.3;    -999;    6.8;   65.42;   12.5;    0.1;   -4.1;eor
       1051;20200405;-999;-999;-999;    1;   0.0;   0;-999;   0;  -999;   5.3;    -999;    9.0;   51.63;   17.3;   -1.8;   -5.4;eor
       1051;20200406;-999;-999;-999;    1;   0.0;   0;-999;   0;  -999;   5.6;    -999;   13.8;   38.17;   22.1;    3.1;   -2.8;eor
       1051;20200407;-999;-999;-999;    1;   0.0;   0;-999;   0;  -999;   8.0;    -999;   15.3;   45.46;   21.8;    8.5;    3.8;eor
       1051;20200408;-999;-999;-999;    1;   0.0;   0;-999;   0;  -999;   6.2;    -999;   13.5;   48.42;   23.0;    4.3;   -0.9;eor
       1051;20200409;-999;-999;-999;    1;   0.0;   0;-999;   0;  -999;   7.4;    -999;   12.2;   53.58;   20.2;    1.9;   -2.5;eor
       1051;20200410;-999;-999;-999;    1;   0.0;   0;-999;   0;  -999;   7.8;    -999;   11.6;   59.46;   17.9;    3.7;   -0.6;eor
       1051;20200411;-999;-999;-999;    1;   0.0;   0;-999;   0;  -999;   5.9;    -999;   10.3;   50.67;   17.3;    3.1;   -1.7;eor
       1051;20200412;-999;-999;-999;    1;   0.0;   0;-999;   0;  -999;   6.7;    -999;   14.5;   45.83;   24.0;    1.6;   -2.6;eor
       1051;20200413;-999;-999;-999;    1;   1.4;   4;-999;   0;  -999;   6.8;    -999;    8.8;   58.96;   13.7;    4.5;    1.5;eor
       1051;20200414;-999;-999;-999;    1;   0.0;   0;-999;   0;  -999;   4.1;    -999;    5.7;   45.96;    9.6;    2.4;   -1.9;eor
       1051;20200415;-999;-999;-999;    1;   0.0;   0;-999;   0;  -999;   5.4;    -999;    8.7;   49.83;   15.7;    2.9;   -2.4;eor
       1051;20200416;-999;-999;-999;    1;   0.0;   0;-999;   0;  -999;   7.2;    -999;   12.4;   53.96;   22.5;    0.7;   -3.5;eor
       1051;20200417;-999;-999;-999;    1;   0.0;   0;-999;   0;  -999;   7.9;    -999;   11.9;   59.54;   19.5;    3.3;   -0.9;eor
       1051;20200418;-999;-999;-999;    1;   0.0;   0;-999;   0;  -999;   6.5;    -999;   13.3;   47.58;   21.6;    2.6;   -1.6;eor
       1051;20200419;-999;-999;-999;    1;   0.0;   0;-999;   0;  -999;   4.8;    -999;   11.2;   37.13;   16.1;    3.0;   -2.6;eor
       1051;20200420;-999;-999;-999;    1;   0.0;   0;-999;   0;  -999;   4.9;    -999;    9.1;   45.21;   16.1;   -0.5;   -5.2;eor
       1051;20200421;-999;-999;-999;    1;   0.0;   0;-999;   0;  -999;   5.6;    -999;   11.4;   43.67;   17.8;    1.5;   -3.3;eor
       1051;20200422;-999;-999;-999;    1;   0.0;   0;-999;   0;  -999;   5.8;    -999;   11.3;   46.58;   19.2;    0.3;   -4.3;eor
       1051;20200423;-999;-999;-999;    1;   0.0;   0;-999;   0;  -999;   6.4;    -999;   12.4;   49.79;   21.9;    1.0;   -3.3;eor
       1051;20200424;-999;-999;-999;    1;   0.0;   0;-999;   0;  -999;   7.2;    -999;   15.1;   44.75;   21.9;    5.6;    0.4;eor
       1051;20200425;-999;-999;-999;    1;   0.0;   0;-999;   0;  -999;   7.3;    -999;   10.3;   58.00;   13.9;    7.3;    5.1;eor
       1051;20200426;-999;-999;-999;    1;   0.0;   0;-999;   0;  -999;   7.3;    -999;   11.0;   59.08;   17.9;    4.8;   -0.1;eor
       1051;20200427;-999;-999;-999;    1;   0.0;   0;-999;   0;  -999;   6.9;    -999;   14.8;   46.33;   23.5;    2.0;   -2.1;eor
       1051;20200428;-999;-999;-999;    1;   0.0;   0;-999;   0;  -999;   9.0;    -999;   17.7;   47.63;   25.8;    7.7;    3.2;eor
       1051;20200429;-999;-999;-999;    1;   6.3;   4;-999;   0;  -999;  12.1;    -999;   15.2;   71.13;   18.6;   10.1;    7.3;eor
       1051;20200430;-999;-999;-999;    1;   0.0;   0;-999;   0;  -999;  10.6;    -999;   14.6;   66.13;   19.2;    8.5;    5.8;eor
       1051;20200501;-999;-999;-999;    1;   0.0;   0;-999;-999;  -999;   8.5;    -999;   13.8;   55.13;   19.6;    9.1;    5.3;eor
       1051;20200502;-999;-999;-999;    1;   3.1;   4;-999;-999;  -999;   8.8;    -999;    9.6;   73.75;   14.3;    5.7;    2.0;eor
       1051;20200503;-999;-999;-999;    1;   0.0;   0;-999;-999;  -999;   8.7;    -999;   11.3;   66.58;   15.6;    8.5;    7.4;eor
       1051;20200504;-999;-999;-999;    1;   4.9;   4;-999;-999;  -999;   9.7;    -999;   11.1;   75.00;   17.7;    7.0;    3.4;eor
       1051;20200505;-999;-999;-999;    1;   1.4;   4;-999;-999;  -999;   7.3;    -999;    6.8;   75.58;   12.3;    1.6;   -1.2;eor
       1051;20200506;-999;-999;-999;    1;   0.0;   0;-999;-999;  -999;   7.0;    -999;    9.7;   60.58;   16.0;    1.1;   -1.6;eor
       1051;20200507;-999;-999;-999;    1;   0.0;   0;-999;-999;  -999;   7.6;    -999;   10.4;   61.13;   17.3;    5.3;    0.5;eor
       1051;20200508;-999;-999;-999;    1;   0.0;   0;-999;-999;  -999;   8.5;    -999;   14.8;   55.04;   23.8;    5.8;    3.6;eor
       1051;20200509;-999;-999;-999;    1;   0.0;   0;-999;-999;  -999;   9.1;    -999;   16.0;   54.17;   24.2;    5.3;    1.8;eor
       1051;20200510;-999;-999;-999;    1;   2.1;   4;-999;-999;  -999;  14.2;    -999;   17.4;   71.58;   23.8;    9.6;    6.1;eor
       1051;20200511;-999;-999;-999;    1;  13.1;   4;-999;-999;  -999;  10.4;    -999;    8.3;   90.96;   15.2;    2.5;    0.3;eor
       1051;20200512;-999;-999;-999;    1;   0.0;   0;-999;-999;  -999;   6.1;    -999;    6.8;   64.54;   11.9;   -0.5;   -3.5;eor
       1051;20200513;-999;-999;-999;    1;   0.0;   0;-999;-999;  -999;   6.5;    -999;   10.2;   55.29;   15.4;    4.2;    3.3;eor
       1051;20200514;-999;-999;-999;    1;   0.0;   0;-999;-999;  -999;   7.4;    -999;   11.5;   55.38;   16.9;    7.0;    2.5;eor
       1051;20200515;-999;-999;-999;    1;   0.0;   0;-999;-999;  -999;   6.6;    -999;   10.4;   55.42;   16.1;    2.5;   -1.0;eor
       1051;20200516;-999;-999;-999;    1;   0.0;   0;-999;-999;  -999;   7.2;    -999;   11.7;   55.29;   17.8;    4.0;   -0.1;eor
       1051;20200517;-999;-999;-999;    1;   0.0;   0;-999;-999;  -999;   8.2;    -999;   12.7;   57.92;   18.6;    6.3;    2.2;eor
       1051;20200518;-999;-999;-999;    1;   0.0;   0;-999;-999;  -999;   9.3;    -999;   15.2;   57.00;   22.6;    5.0;    0.6;eor
       1051;20200519;-999;-999;-999;    1;   0.0;   0;-999;-999;  -999;  10.9;    -999;   16.2;   61.25;   22.9;    8.1;    4.3;eor
       1051;20200520;-999;-999;-999;    1;   0.0;   0;-999;-999;  -999;  10.8;    -999;   14.6;   66.92;   19.4;    7.6;    3.1;eor
       1051;20200521;-999;-999;-999;    1;   0.0;   0;-999;-999;  -999;   8.2;    -999;   14.4;   54.25;   21.2;    5.1;    0.6;eor
       1051;20200522;-999;-999;-999;    1;  11.5;   4;-999;-999;  -999;  10.6;    -999;   15.9;   58.00;   22.3;    9.8;    6.0;eor
       1051;20200523;-999;-999;-999;    1;   4.3;   4;-999;-999;  -999;  13.2;    -999;   14.8;   78.42;   18.4;   11.1;    7.8;eor
       1051;20200524;-999;-999;-999;    1;   1.3;   4;-999;-999;  -999;  10.0;    -999;   13.8;   64.08;   18.3;   10.2;    7.4;eor
       1051;20200525;-999;-999;-999;    1;   4.8;   4;-999;-999;  -999;  11.2;    -999;   11.7;   81.50;   13.2;    9.9;    7.5;eor
       1051;20200526;-999;-999;-999;    1;   0.0;   0;-999;-999;  -999;  10.2;    -999;   14.1;   66.04;   19.5;    7.8;    4.1;eor
       1051;20200527;-999;-999;-999;    1;   2.7;   4;-999;-999;  -999;   9.9;    -999;   15.3;   60.58;   22.4;    5.4;    2.4;eor
       1051;20200528;-999;-999;-999;    1;   2.5;   4;-999;-999;  -999;  10.8;    -999;   13.4;   71.08;   17.3;    8.1;    5.4;eor
       1051;20200529;-999;-999;-999;    1;   0.0;   0;-999;-999;  -999;   8.6;    -999;   14.2;   56.38;   19.2;    7.7;    4.9;eor
       1051;20200530;-999;-999;-999;    1;   0.0;   0;-999;-999;  -999;   7.6;    -999;   13.7;   50.33;   18.4;    8.5;    4.7;eor
       1051;20200531;-999;-999;-999;    1;   0.0;   0;-999;-999;  -999;  10.0;    -999;   14.6;   60.88;   21.5;    9.6;    6.5;eor
       1051;20200601;-999;-999;-999;    1;   0.0;   0;-999;-999;  -999;   9.6;    -999;   17.2;   52.50;   24.2;    8.3;    4.4;eor
       1051;20200602;-999;-999;-999;    1;   7.6;   4;-999;-999;  -999;  11.8;    -999;   16.1;   66.75;   24.4;    8.2;    4.8;eor
       1051;20200603;-999;-999;-999;    1;   0.0;   0;-999;-999;  -999;  12.4;    -999;   17.8;   65.54;   25.5;    9.9;    8.4;eor
       1051;20200604;-999;-999;-999;    1;   5.6;   4;-999;-999;  -999;  14.0;    -999;   17.1;   73.17;   23.6;   11.7;    9.1;eor
       1051;20200605;-999;-999;-999;    1;   1.6;   4;-999;-999;  -999;  11.7;    -999;   14.8;   70.17;   19.1;   11.9;   10.2;eor
       1051;20200606;-999;-999;-999;    1;   0.0;   0;-999;-999;  -999;  10.2;    -999;   14.3;   63.46;   20.2;    7.2;    4.2;eor
       1051;20200607;-999;-999;-999;    1;   6.5;   4;-999;-999;  -999;  12.6;    -999;   13.1;   83.83;   16.0;    9.4;    6.6;eor
       1051;20200608;-999;-999;-999;    1;   0.0;   0;-999;-999;  -999;  11.4;    -999;   16.0;   65.04;   20.7;   10.3;    9.6;eor
       1051;20200609;-999;-999;-999;    1;   0.0;   0;-999;-999;  -999;  12.2;    -999;   17.4;   63.04;   21.8;   13.0;   11.3;eor
