STATIONS_ID;MESS_DATUM;QN_3;  FX;  FM;QN_4; RSK;RSKF; SDK;SHK_TAG;  NM; VPM;  PM; TMK; UPM; TXK; TNK; TGK;eor
       3257;20181208;-999;-999;-999;    3;  13.6;   4;-999;   0;  -999;   8.3;    -999;    6.3;   86.88;    7.6;    5.4;    4.4;eor
       3257;20181209;-999;-999;-999;    3;   5.8;   4;-999;   0;  -999;   8.9;    -999;    7.1;   87.83;    9.0;    5.0;    3.1;eor
       3257;20181210;-999;-999;-999;    3;   0.9;   4;-999;   0;  -999;   6.9;    -999;    4.1;   84.58;    6.6;    1.4;    0.0;eor
       3257;20181211;-999;-999;-999;    3;   0.0;   0;-999;   0;  -999;   6.5;    -999;    2.5;   88.00;    5.6;    1.3;    0.2;eor
       3257;20181212;-999;-999;-999;    3;   0.0;   0;-999;   0;  -999;   6.2;    -999;    2.1;   87.21;    5.0;   -1.4;   -3.1;eor
       3257;20181213;-999;-999;-999;    3;   0.0;   0;-999;   0;  -999;   4.6;    -999;   -0.1;   75.42;    1.8;   -2.0;   -3.4;eor
       3257;20181214;-999;-999;-999;    3;   0.0;   0;-999;   0;  -999;   4.2;    -999;   -0.1;   68.96;    0.2;   -0.4;   -0.7;eor
       3257;20181215;-999;-999;-999;    3;   0.0;   0;-999;   0;  -999;   4.0;    -999;   -0.8;   69.33;    0.3;   -4.9;   -6.4;eor
       3257;20181216;-999;-999;-999;    3;   2.3;   4;-999;   0;  -999;   5.1;    -999;   -0.9;   88.13;    1.8;   -5.1;   -6.3;eor
       3257;20181217;-999;-999;-999;    3;   0.6;   4;-999;   0;  -999;   7.3;    -999;    3.0;   96.08;    4.8;    1.2;    0.9;eor
       3257;20181218;-999;-999;-999;    3;   0.0;   0;-999;   0;  -999;   7.0;    -999;    3.6;   89.08;    8.5;   -1.9;   -2.6;eor
       3257;20181219;-999;-999;-999;    3;   1.8;   4;-999;   0;  -999;   6.3;    -999;    0.7;   97.96;    2.7;   -2.4;   -3.4;eor
       3257;20181220;-999;-999;-999;    3;   2.5;   4;-999;   0;  -999;   8.0;    -999;    4.8;   93.13;    7.3;    1.8;    1.8;eor
       3257;20181221;-999;-999;-999;    3;   9.7;   4;-999;   0;  -999;   9.6;    -999;    8.5;   85.25;   11.3;    6.2;    5.2;eor
       3257;20181222;-999;-999;-999;    3;   4.0;   4;-999;   0;  -999;  10.5;    -999;    9.5;   87.83;   10.8;    7.0;    5.7;eor
       3257;20181223;-999;-999;-999;    3;  20.0;   4;-999;   0;  -999;  10.0;    -999;    8.0;   92.04;   11.6;    6.1;    4.7;eor
       3257;20181224;-999;-999;-999;    3;   0.3;   4;-999;   0;  -999;   7.9;    -999;    4.7;   91.00;   11.7;   -0.6;   -1.7;eor
       3257;20181225;-999;-999;-999;    3;   0.0;   0;-999;   0;  -999;   5.5;    -999;   -0.7;   93.83;    1.5;   -2.8;   -3.8;eor
       3257;20181226;-999;-999;-999;    3;   0.0;   0;-999;   0;  -999;   5.3;    -999;   -1.5;   96.17;    0.0;   -3.1;   -3.5;eor
       3257;20181227;-999;-999;-999;    3;   0.0;   0;-999;   0;  -999;   5.5;    -999;   -0.7;   94.75;    2.9;   -3.4;   -4.0;eor
       3257;20181228;-999;-999;-999;    3;   0.0;   0;-999;   0;  -999;   5.5;    -999;   -0.7;   94.79;    0.2;   -2.1;   -2.8;eor
       3257;20181229;-999;-999;-999;    3;   1.7;   4;-999;   0;  -999;   6.1;    -999;    0.6;   94.50;    2.1;   -0.6;   -1.0;eor
       3257;20181230;-999;-999;-999;    3;   0.6;   4;-999;   0;  -999;   7.7;    -999;    4.3;   92.54;    5.9;    2.1;    1.9;eor
       3257;20181231;-999;-999;-999;    3;   0.4;   4;-999;   0;  -999;   8.7;    -999;    5.5;   95.83;    6.9;    4.4;    4.2;eor
       3257;20190101;-999;-999;-999;    3;   3.7;   4;-999;   0;  -999;   8.4;    -999;    5.5;   92.08;    6.4;    3.2;    1.3;eor
       3257;20190102;-999;-999;-999;    3;   1.4;   4;-999;   1;  -999;   5.3;    -999;    1.8;   75.25;    4.3;   -2.3;   -4.2;eor
       3257;20190103;-999;-999;-999;    3;   0.5;   4;-999;   0;  -999;   4.5;    -999;   -2.4;   88.38;    0.9;   -5.6;   -7.1;eor
       3257;20190104;-999;-999;-999;    3;   4.1;   4;-999;   1;  -999;   5.8;    -999;    0.0;   94.29;    1.3;   -2.5;   -2.7;eor
       3257;20190105;-999;-999;-999;    3;   6.8;   4;-999;   1;  -999;   6.9;    -999;    2.1;   96.08;    5.1;    0.7;    0.2;eor
       3257;20190106;-999;-999;-999;    3;   1.5;   4;-999;   0;  -999;   8.1;    -999;    5.3;   90.67;    6.5;    4.5;    4.2;eor
       3257;20190107;-999;-999;-999;    3;   1.9;   4;-999;   0;  -999;   7.3;    -999;    3.8;   90.71;    5.1;    2.0;    1.6;eor
       3257;20190108;-999;-999;-999;    3;   4.6;   4;-999;   0;  -999;   7.2;    -999;    3.7;   90.33;    5.6;    2.0;    1.7;eor
       3257;20190109;-999;-999;-999;    3;   1.8;   4;-999;   0;  -999;   6.0;    -999;    1.2;   89.38;    3.6;   -0.1;   -0.7;eor
       3257;20190110;-999;-999;-999;    3;   0.0;   0;-999;   1;  -999;   5.2;    -999;    0.6;   82.13;    1.8;   -1.8;   -2.7;eor
       3257;20190111;-999;-999;-999;    3;   5.7;   4;-999;   1;  -999;   5.2;    -999;   -1.0;   91.38;    0.4;   -2.1;   -2.7;eor
       3257;20190112;-999;-999;-999;    3;   7.6;   4;-999;   3;  -999;   6.6;    -999;    1.6;   95.50;    3.2;    0.3;    0.1;eor
       3257;20190113;-999;-999;-999;    3;  11.2;   4;-999;   0;  -999;   8.6;    -999;    5.7;   93.83;    7.8;    3.2;    2.9;eor
       3257;20190114;-999;-999;-999;    3;   2.5;   4;-999;   0;  -999;   6.9;    -999;    3.8;   85.75;    5.8;    1.4;   -0.4;eor
       3257;20190115;-999;-999;-999;    3;   0.3;   4;-999;   0;  -999;   6.5;    -999;    3.0;   85.83;    4.5;    1.1;    0.4;eor
       3257;20190116;-999;-999;-999;    3;   0.0;   0;-999;   0;  -999;   6.2;    -999;    3.4;   79.88;    6.1;    0.0;   -1.2;eor
       3257;20190117;-999;-999;-999;    3;   4.4;   4;-999;   0;  -999;   7.1;    -999;    4.8;   82.25;    6.9;    1.0;   -0.5;eor
       3257;20190118;-999;-999;-999;    3;   0.0;   0;-999;   0;  -999;   5.1;    -999;   -0.1;   83.96;    4.1;   -4.7;   -6.0;eor
       3257;20190119;-999;-999;-999;    3;   0.0;   0;-999;   0;  -999;   4.0;    -999;   -3.8;   87.83;    2.0;   -7.6;   -8.7;eor
       3257;20190120;-999;-999;-999;    3;   0.0;   0;-999;   0;  -999;   3.3;    -999;   -6.4;   87.79;    0.1;  -10.2;  -11.5;eor
       3257;20190121;-999;-999;-999;    3;   0.0;   0;-999;   0;  -999;   3.4;    -999;   -5.7;   85.04;    0.8;  -10.7;  -11.8;eor
       3257;20190122;-999;-999;-999;    3;   0.0;   0;-999;   0;  -999;   3.7;    -999;   -4.5;   85.50;   -2.3;   -7.9;   -7.9;eor
       3257;20190123;-999;-999;-999;    3;   0.7;   4;-999;   0;  -999;   3.9;    -999;   -3.3;   81.58;   -2.6;   -4.7;   -5.1;eor
       3257;20190124;-999;-999;-999;    3;   0.5;   4;-999;   1;  -999;   3.9;    -999;   -3.8;   84.58;   -2.3;   -4.7;   -5.1;eor
       3257;20190125;-999;-999;-999;    3;   1.6;   4;-999;   2;  -999;   4.3;    -999;   -2.7;   86.54;   -0.5;   -5.5;   -6.2;eor
       3257;20190126;-999;-999;-999;    3;   1.3;   4;-999;   2;  -999;   6.6;    -999;    1.9;   93.71;    3.7;   -1.2;   -1.2;eor
       3257;20190127;-999;-999;-999;    3;   5.8;   4;-999;   0;  -999;   7.4;    -999;    4.8;   85.96;    7.7;    1.4;    0.7;eor
       3257;20190128;-999;-999;-999;    3;   3.3;   4;-999;   0;  -999;   6.3;    -999;    1.4;   92.88;    1.9;    0.4;   -0.7;eor
       3257;20190129;-999;-999;-999;    3;   0.0;   0;-999;   1;  -999;   5.5;    -999;    0.6;   86.58;    4.2;   -1.9;   -3.9;eor
       3257;20190130;-999;-999;-999;    3;   0.5;   4;-999;   0;  -999;   4.7;    -999;    0.4;   75.25;    3.9;   -2.2;   -4.2;eor
       3257;20190131;-999;-999;-999;    3;   1.4;   4;-999;   0;  -999;   4.5;    -999;   -1.8;   83.88;    3.7;   -6.8;   -8.3;eor
       3257;20190201;-999;-999;-999;    3;   2.4;   4;-999;   2;  -999;   6.3;    -999;    1.5;   92.46;    4.2;   -0.4;   -0.6;eor
       3257;20190202;-999;-999;-999;    3;   0.2;   4;-999;   0;  -999;   6.9;    -999;    2.2;   96.21;    5.9;    0.4;   -0.1;eor
       3257;20190203;-999;-999;-999;    3;   0.2;   4;-999;   0;  -999;   5.6;    -999;    1.8;   80.83;    2.5;    1.0;   -0.3;eor
       3257;20190204;-999;-999;-999;    3;   0.0;   0;-999;   0;  -999;   4.5;    -999;    0.4;   74.29;    5.7;   -4.8;   -6.1;eor
       3257;20190205;-999;-999;-999;    3;   0.0;   0;-999;   0;  -999;   4.9;    -999;    1.1;   76.04;    7.2;   -4.8;   -6.2;eor
       3257;20190206;-999;-999;-999;    3;   0.0;   0;-999;   0;  -999;   4.5;    -999;   -0.6;   79.96;    7.4;   -4.9;   -6.2;eor
       3257;20190207;-999;-999;-999;    3;   1.2;   4;-999;   0;  -999;   5.5;    -999;   -0.5;   91.96;    3.9;   -5.1;   -6.4;eor
       3257;20190208;-999;-999;-999;    3;   1.1;   4;-999;   0;  -999;   6.6;    -999;    5.3;   75.08;   10.4;    0.6;   -0.5;eor
       3257;20190209;-999;-999;-999;    3;   1.8;   4;-999;   0;  -999;   7.3;    -999;    6.7;   74.04;   10.0;    1.7;    0.1;eor
       3257;20190210;-999;-999;-999;    3;   9.8;   4;-999;   0;  -999;   7.6;    -999;    7.2;   74.58;   13.0;    2.5;    1.2;eor
       3257;20190211;-999;-999;-999;    3;   1.3;   4;-999;   0;  -999;   6.6;    -999;    3.6;   84.00;    7.6;    0.1;   -1.3;eor
       3257;20190212;-999;-999;-999;    3;   0.0;   0;-999;   0;  -999;   5.8;    -999;    2.7;   78.96;    5.6;   -0.5;   -2.1;eor
       3257;20190213;-999;-999;-999;    3;   0.0;   0;-999;   0;  -999;   5.2;    -999;    2.1;   76.58;    9.8;   -2.7;   -4.1;eor
       3257;20190214;-999;-999;-999;    3;   0.0;   0;-999;   0;  -999;   5.3;    -999;    0.7;   83.67;   10.6;   -4.6;   -6.0;eor
       3257;20190215;-999;-999;-999;    3;   0.0;   0;-999;   0;  -999;   5.9;    -999;    1.9;   85.50;   14.3;   -4.3;   -5.2;eor
       3257;20190216;-999;-999;-999;    3;   0.0;   0;-999;   0;  -999;   5.4;    -999;    2.7;   77.42;   15.8;   -5.1;   -6.3;eor
       3257;20190217;-999;-999;-999;    3;   0.0;   0;-999;   0;  -999;   5.7;    -999;    3.4;   76.67;   16.5;   -4.6;   -6.3;eor
       3257;20190218;-999;-999;-999;    3;   0.0;   0;-999;   0;  -999;   5.6;    -999;    3.4;   77.17;   17.0;   -4.4;   -4.8;eor
       3257;20190219;-999;-999;-999;    3;   0.0;   0;-999;   0;  -999;   6.3;    -999;    3.9;   79.42;   11.1;   -1.3;   -3.5;eor
       3257;20190220;-999;-999;-999;    3;   0.0;   0;-999;   0;  -999;   6.3;    -999;    3.1;   83.75;   12.0;   -3.1;   -4.4;eor
       3257;20190221;-999;-999;-999;    3;   0.1;   4;-999;   0;  -999;   7.6;    -999;    5.3;   84.42;   10.7;   -1.7;   -3.4;eor
       3257;20190222;-999;-999;-999;    3;   0.0;   0;-999;   0;  -999;   8.6;    -999;    8.8;   76.21;   13.4;    3.4;    2.0;eor
       3257;20190223;-999;-999;-999;    3;   0.0;   0;-999;   0;  -999;   4.1;    -999;    3.3;   56.04;    9.4;   -2.9;   -5.2;eor
       3257;20190224;-999;-999;-999;    3;   0.0;   0;-999;   0;  -999;   3.3;    -999;    2.3;   52.25;   12.5;   -5.2;   -7.0;eor
       3257;20190225;-999;-999;-999;    3;   0.0;   0;-999;   0;  -999;   4.7;    -999;    4.1;   61.13;   16.5;   -4.9;   -6.7;eor
       3257;20190226;-999;-999;-999;    3;   0.0;   0;-999;   0;  -999;   5.5;    -999;    5.9;   65.58;   19.6;   -3.4;   -5.0;eor
       3257;20190227;-999;-999;-999;    3;   0.0;   0;-999;   0;  -999;   5.3;    -999;    6.1;   63.88;   19.6;   -3.2;   -5.0;eor
       3257;20190228;-999;-999;-999;    3;   2.1;   4;-999;   0;  -999;   7.1;    -999;   10.1;   58.71;   18.2;   -0.2;   -2.6;eor
       3257;20190301;-999;-999;-999;    3;   3.1;   4;-999;   0;  -999;   9.4;    -999;    8.4;   85.25;   11.2;    6.5;    6.1;eor
       3257;20190302;-999;-999;-999;    3;   0.0;   0;-999;   0;  -999;   8.6;    -999;    7.0;   85.67;    9.6;    5.0;    4.5;eor
       3257;20190303;-999;-999;-999;    3;   0.1;   4;-999;   0;  -999;   8.4;    -999;   10.0;   69.29;   12.2;    7.5;    6.4;eor
       3257;20190304;-999;-999;-999;    3;   2.6;   4;-999;   0;  -999;   7.3;    -999;    8.2;   68.38;   12.6;    4.5;    3.7;eor
       3257;20190305;-999;-999;-999;    3;   3.4;   4;-999;   0;  -999;   7.5;    -999;    5.5;   83.04;    7.5;    3.9;    2.9;eor
       3257;20190306;-999;-999;-999;    3;   0.0;   0;-999;   0;  -999;   7.6;    -999;    9.1;   69.08;   15.8;    1.2;   -0.1;eor
       3257;20190307;-999;-999;-999;    3;   1.9;   4;-999;   0;  -999;   7.8;    -999;    9.4;   66.38;   13.1;    6.6;    5.4;eor
       3257;20190308;-999;-999;-999;    3;   5.4;   4;-999;   0;  -999;   7.6;    -999;    6.2;   80.92;   10.4;    2.2;    0.2;eor
       3257;20190309;-999;-999;-999;    3;   3.9;   4;-999;   0;  -999;   8.5;    -999;    7.9;   80.00;   10.4;    2.1;    0.5;eor
       3257;20190310;-999;-999;-999;    3;   8.1;   4;-999;   0;  -999;   9.0;    -999;    9.5;   75.63;   14.4;    3.1;    1.6;eor
       3257;20190311;-999;-999;-999;    3;   1.5;   4;-999;   0;  -999;   5.8;    -999;    4.5;   69.04;    8.0;    2.4;    0.7;eor
       3257;20190312;-999;-999;-999;    3;   1.0;   4;-999;   0;  -999;   4.8;    -999;    6.3;   52.50;   10.0;    1.1;   -0.8;eor
       3257;20190313;-999;-999;-999;    3;   2.9;   4;-999;   0;  -999;   6.6;    -999;    6.0;   71.50;    8.9;    3.2;    2.6;eor
       3257;20190314;-999;-999;-999;    3;  16.4;   4;-999;   0;  -999;   7.7;    -999;    4.8;   89.79;    6.0;    3.7;    2.8;eor
       3257;20190315;-999;-999;-999;    3;  10.8;   4;-999;   0;  -999;  10.1;    -999;    8.2;   92.04;   11.0;    5.3;    4.4;eor
       3257;20190316;-999;-999;-999;    3;   1.3;   4;-999;   0;  -999;   9.8;    -999;    9.4;   83.17;   12.1;    4.2;    1.5;eor
       3257;20190317;-999;-999;-999;    3;   1.8;   4;-999;   0;  -999;   7.5;    -999;    7.2;   75.79;   15.2;    2.7;    0.0;eor
       3257;20190318;-999;-999;-999;    3;   0.8;   4;-999;   0;  -999;   6.5;    -999;    4.0;   80.29;    9.3;    0.3;   -1.5;eor
       3257;20190319;-999;-999;-999;    3;   0.0;   0;-999;   0;  -999;   5.4;    -999;    4.0;   70.88;   11.1;   -1.9;   -3.4;eor
       3257;20190320;-999;-999;-999;    3;   0.0;   0;-999;   0;  -999;   4.7;    -999;    3.7;   64.71;   12.8;   -4.1;   -5.7;eor
       3257;20190321;-999;-999;-999;    3;   0.0;   0;-999;   0;  -999;   5.0;    -999;    6.0;   60.92;   16.2;   -3.5;   -4.8;eor
       3257;20190322;-999;-999;-999;    3;   0.0;   0;-999;   0;  -999;   6.2;    -999;    7.9;   63.92;   18.9;   -1.9;   -3.7;eor
       3257;20190323;-999;-999;-999;    3;   0.0;   0;-999;   0;  -999;   7.0;    -999;    9.5;   64.25;   20.2;   -0.7;   -2.7;eor
       3257;20190324;-999;-999;-999;    3;   0.0;   0;-999;   0;  -999;   7.7;    -999;    7.6;   74.33;   13.8;    0.0;   -1.7;eor
       3257;20190325;-999;-999;-999;    3;   1.0;   4;-999;   0;  -999;   6.1;    -999;    5.0;   70.96;   11.4;   -0.6;   -2.9;eor
       3257;20190326;-999;-999;-999;    3;   0.0;   0;-999;   0;  -999;   5.9;    -999;    5.1;   69.33;   10.3;    0.1;   -1.3;eor
       3257;20190327;-999;-999;-999;    3;   0.0;   0;-999;   0;  -999;   6.2;    -999;    7.0;   63.92;   11.7;    2.3;    1.0;eor
       3257;20190328;-999;-999;-999;    3;   0.0;   0;-999;   0;  -999;   7.2;    -999;    7.9;   68.92;   15.9;   -0.6;   -1.8;eor
       3257;20190329;-999;-999;-999;    3;   0.0;   0;-999;   0;  -999;   7.9;    -999;   10.5;   65.29;   17.7;    2.5;    0.2;eor
       3257;20190330;-999;-999;-999;    3;   0.0;   0;-999;   0;  -999;   6.4;    -999;    9.6;   60.25;   20.7;   -0.8;   -2.6;eor
       3257;20190331;-999;-999;-999;    3;   0.0;   0;-999;   0;  -999;   6.5;    -999;   10.9;   55.54;   20.9;    0.4;   -1.5;eor
       3257;20190401;-999;-999;-999;    3;   0.0;   0;-999;   0;  -999;   7.3;    -999;   10.1;   62.54;   17.9;    3.1;    1.2;eor
       3257;20190402;-999;-999;-999;    3;   0.9;   4;-999;   0;  -999;   7.3;    -999;   11.6;   58.75;   21.9;    0.5;   -1.1;eor
       3257;20190403;-999;-999;-999;    3;   2.8;   4;-999;   0;  -999;   9.2;    -999;   10.2;   75.21;   17.2;    4.7;    3.9;eor
       3257;20190404;-999;-999;-999;    3;   0.2;   4;-999;   0;  -999;   8.0;    -999;    5.7;   86.83;    7.8;    4.7;    4.1;eor
       3257;20190405;-999;-999;-999;    3;   0.1;   4;-999;   0;  -999;   8.2;    -999;    6.3;   85.71;    9.1;    3.8;    2.9;eor
       3257;20190406;-999;-999;-999;    3;   0.0;   0;-999;   0;  -999;   8.7;    -999;   10.2;   72.50;   18.7;    2.1;    1.1;eor
       3257;20190407;-999;-999;-999;    3;   0.0;   0;-999;   0;  -999;   7.9;    -999;   11.6;   62.00;   19.0;    1.8;    0.0;eor
       3257;20190408;-999;-999;-999;    3;   0.3;   4;-999;   0;  -999;  10.0;    -999;   11.5;   74.29;   16.8;    7.6;    6.5;eor
       3257;20190409;-999;-999;-999;    3;   8.0;   4;-999;   0;  -999;  10.5;    -999;   11.7;   78.33;   18.0;    7.6;    6.9;eor
       3257;20190410;-999;-999;-999;    3;   0.0;   0;-999;   0;  -999;   6.8;    -999;    9.6;   58.08;   13.3;    4.5;    2.4;eor
       3257;20190411;-999;-999;-999;    3;   0.0;   0;-999;   0;  -999;   4.6;    -999;    6.7;   48.96;   12.4;    1.0;   -1.4;eor
       3257;20190412;-999;-999;-999;    3;   0.0;   0;-999;   0;  -999;   4.3;    -999;    4.5;   52.42;    9.9;    0.5;   -0.6;eor
       3257;20190413;-999;-999;-999;    3;   1.0;   4;-999;   0;  -999;   5.6;    -999;    3.9;   70.38;    7.9;    1.8;    1.5;eor
       3257;20190414;-999;-999;-999;    3;   0.0;   0;-999;   0;  -999;   5.7;    -999;    5.2;   66.83;   11.5;    1.4;    0.0;eor
       3257;20190415;-999;-999;-999;    3;   0.0;   0;-999;   0;  -999;   6.4;    -999;    9.4;   59.25;   18.5;    1.3;   -0.2;eor
       3257;20190416;-999;-999;-999;    3;   0.0;   0;-999;   0;  -999;   6.5;    -999;   10.8;   54.67;   20.4;   -1.3;   -3.1;eor
       3257;20190417;-999;-999;-999;    3;   0.0;   0;-999;   0;  -999;   7.7;    -999;   13.1;   54.92;   20.9;    7.0;    5.0;eor
       3257;20190418;-999;-999;-999;    3;   0.0;   0;-999;   0;  -999;   7.1;    -999;   13.1;   51.58;   22.0;    1.9;    0.4;eor
       3257;20190419;-999;-999;-999;    3;   0.0;   0;-999;   0;  -999;   6.5;    -999;   13.9;   48.83;   24.4;    2.7;    0.7;eor
       3257;20190420;-999;-999;-999;    3;   0.0;   0;-999;   0;  -999;   6.4;    -999;   13.8;   49.42;   24.7;    2.4;    0.7;eor
       3257;20190421;-999;-999;-999;    3;   0.0;   0;-999;   0;  -999;   6.2;    -999;   13.8;   48.25;   25.4;    1.7;   -0.4;eor
       3257;20190422;-999;-999;-999;    3;   0.0;   0;-999;   0;  -999;   6.2;    -999;   14.8;   43.88;   25.4;    1.4;   -0.3;eor
       3257;20190423;-999;-999;-999;    3;   0.0;   0;-999;   0;  -999;   8.8;    -999;   15.8;   49.79;   22.7;   10.3;    7.8;eor
       3257;20190424;-999;-999;-999;    3;   0.0;   0;-999;   0;  -999;   9.1;    -999;   15.6;   57.71;   26.9;    5.2;    3.5;eor
       3257;20190425;-999;-999;-999;    3;   0.0;   0;-999;   0;  -999;   8.2;    -999;   15.6;   53.83;   26.6;    3.4;    1.7;eor
       3257;20190426;-999;-999;-999;    3;   4.3;   4;-999;   0;  -999;  10.0;    -999;    9.0;   86.50;   10.7;    7.0;    5.7;eor
       3257;20190427;-999;-999;-999;    3;  11.6;   4;-999;   0;  -999;   9.7;    -999;    9.0;   85.21;   14.5;    5.0;    4.5;eor
       3257;20190428;-999;-999;-999;    3;   0.0;   0;-999;   0;  -999;   7.6;    -999;    7.8;   74.42;   14.1;    2.0;    0.7;eor
       3257;20190429;-999;-999;-999;    3;   9.1;   4;-999;   0;  -999;   8.8;    -999;    7.5;   85.71;   13.5;    1.4;    0.2;eor
       3257;20190430;-999;-999;-999;    3;   0.0;   0;-999;   0;  -999;   8.6;    -999;   11.3;   68.29;   18.1;    4.7;    3.5;eor
       3257;20190501;-999;-999;-999;    3;   0.0;   0;-999;-999;  -999;   8.5;    -999;   11.4;   67.42;   20.6;    1.7;    0.6;eor
       3257;20190502;-999;-999;-999;    3;   3.0;   4;-999;-999;  -999;   9.5;    -999;   12.2;   70.71;   20.0;    3.2;    2.0;eor
       3257;20190503;-999;-999;-999;    3;   0.1;   4;-999;-999;  -999;   9.1;    -999;   10.6;   72.63;   14.9;    7.3;    6.4;eor
       3257;20190504;-999;-999;-999;    3;   5.8;   4;-999;-999;  -999;   7.9;    -999;    5.5;   86.75;    8.2;    0.5;   -0.2;eor
       3257;20190505;-999;-999;-999;    3;   0.0;   0;-999;-999;  -999;   6.0;    -999;    5.2;   70.92;   12.1;    0.5;   -0.4;eor
       3257;20190506;-999;-999;-999;    3;   0.5;   4;-999;-999;  -999;   6.3;    -999;    5.9;   71.08;   12.3;    0.2;   -1.2;eor
       3257;20190507;-999;-999;-999;    3;   0.0;   4;-999;-999;  -999;   6.1;    -999;    7.2;   65.13;   15.3;   -1.4;   -2.8;eor
       3257;20190508;-999;-999;-999;    3;   6.8;   4;-999;-999;  -999;  10.1;    -999;    8.8;   86.83;   13.2;    1.2;    0.3;eor
       3257;20190509;-999;-999;-999;    3;   9.0;   4;-999;-999;  -999;  11.0;    -999;   10.4;   87.29;   13.4;    7.4;    6.5;eor
       3257;20190510;-999;-999;-999;    3;   3.5;   4;-999;-999;  -999;  10.3;    -999;   11.9;   75.50;   16.9;    8.5;    7.4;eor
       3257;20190511;-999;-999;-999;    3;   9.2;   4;-999;-999;  -999;  11.5;    -999;   11.8;   84.33;   17.9;    6.8;    6.6;eor
       3257;20190512;-999;-999;-999;    3;   0.0;   0;-999;-999;  -999;   7.7;    -999;    9.8;   66.50;   15.9;    3.1;    1.5;eor
       3257;20190513;-999;-999;-999;    3;   0.0;   0;-999;-999;  -999;   5.9;    -999;    9.0;   57.79;   17.1;    0.1;   -1.1;eor
       3257;20190514;-999;-999;-999;    3;   0.0;   0;-999;-999;  -999;   5.7;    -999;    8.1;   57.83;   15.0;   -0.8;   -2.0;eor
       3257;20190515;-999;-999;-999;    3;   0.0;   0;-999;-999;  -999;   5.8;    -999;    8.4;   56.58;   15.4;   -0.5;   -1.8;eor
       3257;20190516;-999;-999;-999;    3;   0.1;   4;-999;-999;  -999;   8.2;    -999;   10.4;   65.88;   15.5;    6.9;    6.9;eor
       3257;20190517;-999;-999;-999;    3;   0.5;   4;-999;-999;  -999;  10.7;    -999;   13.5;   71.13;   20.8;    8.2;    8.0;eor
       3257;20190518;-999;-999;-999;    3;   5.0;   4;-999;-999;  -999;  12.3;    -999;   14.6;   78.13;   23.3;    8.4;    7.5;eor
       3257;20190519;-999;-999;-999;    3;   0.0;   0;-999;-999;  -999;  13.1;    -999;   16.0;   75.04;   24.3;    8.2;    7.5;eor
       3257;20190520;-999;-999;-999;    3;  28.5;   4;-999;-999;  -999;  14.3;    -999;   13.9;   90.29;   17.9;   10.7;   10.4;eor
       3257;20190521;-999;-999;-999;    3;  11.0;   4;-999;-999;  -999;  13.5;    -999;   12.5;   93.00;   13.8;   11.8;   11.7;eor
       3257;20190522;-999;-999;-999;    3;   0.1;   4;-999;-999;  -999;  11.8;    -999;   12.4;   82.63;   17.8;    5.4;    4.5;eor
       3257;20190523;-999;-999;-999;    3;   0.0;   0;-999;-999;  -999;   9.6;    -999;   12.9;   69.00;   21.1;    3.6;    2.7;eor
       3257;20190524;-999;-999;-999;    3;   0.0;   0;-999;-999;  -999;  10.3;    -999;   15.0;   65.29;   23.5;    5.2;    4.2;eor
       3257;20190525;-999;-999;-999;    3;   0.3;   4;-999;-999;  -999;  12.5;    -999;   14.9;   75.67;   23.1;    9.0;    7.8;eor
       3257;20190526;-999;-999;-999;    3;   0.0;   0;-999;-999;  -999;  11.8;    -999;   15.4;   70.92;   23.0;    7.4;    6.0;eor
       3257;20190527;-999;-999;-999;    3;   0.7;   4;-999;-999;  -999;  12.7;    -999;   16.4;   69.42;   23.3;    8.5;    6.7;eor
       3257;20190528;-999;-999;-999;    3;  12.3;   4;-999;-999;  -999;  13.0;    -999;   12.7;   88.88;   16.6;    9.6;    9.2;eor
       3257;20190529;-999;-999;-999;    3;   0.0;   0;-999;-999;  -999;  11.2;    -999;   11.7;   82.58;   16.7;    5.8;    4.6;eor
       3257;20190530;-999;-999;-999;    3;   0.0;   0;-999;-999;  -999;  10.0;    -999;   14.4;   65.75;   22.3;    3.5;    2.7;eor
       3257;20190531;-999;-999;-999;    3;   0.0;   0;-999;-999;  -999;  13.6;    -999;   16.9;   72.88;   24.8;    9.6;    8.7;eor
       3257;20190601;-999;-999;-999;    3;   0.0;   0;-999;-999;  -999;  13.4;    -999;   19.3;   65.25;   28.5;    9.4;    8.5;eor
       3257;20190602;-999;-999;-999;    3;   0.0;   0;-999;-999;  -999;  13.6;    -999;   21.2;   60.42;   30.1;   10.4;    9.3;eor
       3257;20190603;-999;-999;-999;    3;   0.0;   4;-999;-999;  -999;  14.7;    -999;   20.8;   64.67;   31.9;   12.5;   11.4;eor
       3257;20190604;-999;-999;-999;    3;   0.0;   4;-999;-999;  -999;  14.4;    -999;   21.7;   60.83;   30.5;   11.4;   10.6;eor
       3257;20190605;-999;-999;-999;    3;   0.8;   4;-999;-999;  -999;  15.1;    -999;   24.1;   54.08;   31.9;   15.8;   14.4;eor
       3257;20190606;-999;-999;-999;    3;   0.3;   4;-999;-999;  -999;  12.7;    -999;   14.3;   77.88;   19.6;    7.8;    6.9;eor
       3257;20190607;-999;-999;-999;    3;   0.9;   4;-999;-999;  -999;  12.8;    -999;   16.9;   70.67;   28.3;    7.6;    8.1;eor
       3257;20190608;-999;-999;-999;    3;   0.0;   0;-999;-999;  -999;   9.5;    -999;   15.8;   56.46;   22.0;    7.7;    6.2;eor
       3257;20190609;-999;-999;-999;    3;   0.0;   4;-999;-999;  -999;  11.6;    -999;   17.0;   63.13;   24.8;    5.4;    4.4;eor
       3257;20190610;-999;-999;-999;    3;  17.9;   4;-999;-999;  -999;  16.5;    -999;   17.2;   84.58;   23.3;   14.4;   13.6;eor
       3257;20190611;-999;-999;-999;    3;   0.0;   4;-999;-999;  -999;  15.8;    -999;   17.5;   79.83;   21.9;   14.2;   13.7;eor
       3257;20190612;-999;-999;-999;    3;   5.3;   4;-999;-999;  -999;  14.9;    -999;   15.1;   86.83;   19.7;    9.5;    8.3;eor
       3257;20190613;-999;-999;-999;    3;   5.7;   4;-999;-999;  -999;  14.3;    -999;   16.8;   77.58;   25.0;    9.3;    8.0;eor
       3257;20190614;-999;-999;-999;    3;   0.0;   0;-999;-999;  -999;  15.1;    -999;   19.1;   71.08;   28.0;    9.1;    7.8;eor
       3257;20190615;-999;-999;-999;    3;  10.0;   4;-999;-999;  -999;  16.1;    -999;   19.2;   73.88;   24.8;   14.3;   13.2;eor
       3257;20190616;-999;-999;-999;    3;   0.8;   4;-999;-999;  -999;  16.1;    -999;   16.5;   86.25;   20.2;   10.8;    9.8;eor
       3257;20190617;-999;-999;-999;    3;   0.0;   0;-999;-999;  -999;  15.4;    -999;   18.2;   76.63;   26.3;   10.5;   10.3;eor
       3257;20190618;-999;-999;-999;    3;   0.0;   0;-999;-999;  -999;  16.3;    -999;   21.0;   69.75;   29.4;   12.3;   11.1;eor
       3257;20190619;-999;-999;-999;    3;   1.2;   4;-999;-999;  -999;  15.8;    -999;   23.0;   61.46;   31.4;   13.7;   12.5;eor
       3257;20190620;-999;-999;-999;    3;   0.0;   0;-999;-999;  -999;  16.5;    -999;   19.8;   73.25;   25.6;   14.2;   12.6;eor
       3257;20190621;-999;-999;-999;    3;   0.0;   0;-999;-999;  -999;  14.8;    -999;   19.1;   69.75;   26.1;   12.9;   11.7;eor
       3257;20190622;-999;-999;-999;    3;  39.0;   4;-999;-999;  -999;  16.2;    -999;   17.6;   82.04;   26.2;   10.9;    9.8;eor
       3257;20190623;-999;-999;-999;    3;   0.0;   0;-999;-999;  -999;  17.8;    -999;   20.9;   74.63;   27.5;   14.2;   13.6;eor
       3257;20190624;-999;-999;-999;    3;   0.0;   0;-999;-999;  -999;  16.8;    -999;   22.5;   65.88;   30.2;   13.9;   13.0;eor
       3257;20190625;-999;-999;-999;    3;   0.0;   0;-999;-999;  -999;  19.5;    -999;   24.0;   68.96;   33.6;   13.9;   13.0;eor
       3257;20190626;-999;-999;-999;    3;   0.0;   0;-999;-999;  -999;  21.5;    -999;   26.6;   66.63;   35.8;   17.3;   16.6;eor
       3257;20190627;-999;-999;-999;    3;   0.0;   0;-999;-999;  -999;  16.6;    -999;   24.2;   58.21;   31.3;   13.1;   11.8;eor
       3257;20190628;-999;-999;-999;    3;   0.0;   0;-999;-999;  -999;  12.9;    -999;   19.9;   59.88;   28.1;   10.9;    9.8;eor
       3257;20190629;-999;-999;-999;    3;   0.0;   0;-999;-999;  -999;  12.8;    -999;   21.8;   56.21;   32.4;   10.1;    9.1;eor
       3257;20190630;-999;-999;-999;    3;   0.0;   0;-999;-999;  -999;  16.8;    -999;   25.0;   57.92;   35.6;   11.6;   10.7;eor
       3257;20190701;-999;-999;-999;    3;   0.0;   0;-999;-999;  -999;  18.1;    -999;   24.5;   60.58;   30.4;   17.0;   15.9;eor
       3257;20190702;-999;-999;-999;    3;   0.0;   0;-999;-999;  -999;  11.6;    -999;   20.4;   51.33;   27.0;   12.2;   10.8;eor
       3257;20190703;-999;-999;-999;    3;   0.0;   0;-999;-999;  -999;   9.8;    -999;   18.4;   51.13;   25.7;    9.2;    8.0;eor
       3257;20190704;-999;-999;-999;    3;   0.0;   0;-999;-999;  -999;   9.8;    -999;   18.3;   51.50;   27.0;    8.7;    7.5;eor
       3257;20190705;-999;-999;-999;    3;   0.0;   0;-999;-999;  -999;  11.4;    -999;   19.5;   55.42;   29.0;    9.9;    8.9;eor
       3257;20190706;-999;-999;-999;    3;   5.5;   4;-999;-999;  -999;  11.6;    -999;   22.5;   47.96;   30.5;   12.9;   12.2;eor
       3257;20190707;-999;-999;-999;    3;   0.0;   0;-999;-999;  -999;  14.4;    -999;   17.6;   72.46;   21.2;   12.2;   10.4;eor
       3257;20190708;-999;-999;-999;    3;   0.0;   0;-999;-999;  -999;   9.9;    -999;   15.6;   59.38;   22.9;    8.7;    7.2;eor
       3257;20190709;-999;-999;-999;    3;   0.0;   0;-999;-999;  -999;   9.4;    -999;   13.4;   64.67;   20.2;    6.4;    5.2;eor
       3257;20190710;-999;-999;-999;    3;   0.0;   0;-999;-999;  -999;   9.0;    -999;   15.8;   56.08;   24.9;    4.7;    3.7;eor
       3257;20190711;-999;-999;-999;    3;   2.2;   4;-999;-999;  -999;  14.4;    -999;   15.5;   82.08;   18.8;   13.2;   12.7;eor
       3257;20190712;-999;-999;-999;    3;   5.8;   4;-999;-999;  -999;  15.8;    -999;   16.6;   83.79;   23.3;   10.8;    9.9;eor
       3257;20190713;-999;-999;-999;    3;   1.2;   4;-999;-999;  -999;  15.1;    -999;   17.1;   78.71;   23.0;   12.5;   11.2;eor
       3257;20190714;-999;-999;-999;    3;   0.3;   4;-999;-999;  -999;  13.2;    -999;   16.4;   73.29;   24.1;   10.3;    9.3;eor
       3257;20190715;-999;-999;-999;    3;   0.0;   0;-999;-999;  -999;  12.4;    -999;   17.5;   65.46;   26.1;    9.5;    8.3;eor
       3257;20190716;-999;-999;-999;    3;   0.0;   0;-999;-999;  -999;  11.6;    -999;   17.7;   62.25;   26.4;    8.6;    7.5;eor
       3257;20190717;-999;-999;-999;    3;   0.0;   0;-999;-999;  -999;  12.5;    -999;   18.6;   62.33;   27.5;    9.3;    8.1;eor
       3257;20190718;-999;-999;-999;    3;   0.0;   4;-999;-999;  -999;  12.6;    -999;   20.1;   58.58;   29.1;    9.8;    8.7;eor
       3257;20190719;-999;-999;-999;    3;   0.1;   4;-999;-999;  -999;  15.6;    -999;   20.6;   66.58;   27.4;   15.3;   14.3;eor
       3257;20190720;-999;-999;-999;    3;   0.2;   4;-999;-999;  -999;  14.1;    -999;   23.9;   53.29;   33.0;   12.7;   11.8;eor
       3257;20190721;-999;-999;-999;    3;   0.0;   0;-999;-999;  -999;  15.9;    -999;   23.0;   60.08;   29.5;   14.9;   13.4;eor
       3257;20190722;-999;-999;-999;    3;   0.0;   0;-999;-999;  -999;  13.0;    -999;   22.5;   53.88;   32.1;   12.5;   11.5;eor
       3257;20190723;-999;-999;-999;    3;   0.0;   0;-999;-999;  -999;  13.7;    -999;   24.9;   49.63;   34.9;   13.0;   11.9;eor
       3257;20190724;-999;-999;-999;    3;   0.0;   0;-999;-999;  -999;  14.8;    -999;   27.2;   47.54;   37.8;   15.9;   14.6;eor
       3257;20190725;-999;-999;-999;    3;   0.0;   0;-999;-999;  -999;  15.0;    -999;   27.8;   46.63;   38.8;   16.3;   14.9;eor
       3257;20190726;-999;-999;-999;    3;   0.0;   0;-999;-999;  -999;  14.7;    -999;   27.3;   45.63;   38.5;   16.8;   15.4;eor
       3257;20190727;-999;-999;-999;    3;  18.0;   4;-999;-999;  -999;  18.7;    -999;   23.4;   66.00;   27.8;   18.1;   17.8;eor
       3257;20190728;-999;-999;-999;    3;  18.5;   4;-999;-999;  -999;  20.7;    -999;   19.9;   89.33;   26.0;   17.6;   17.6;eor
       3257;20190729;-999;-999;-999;    3;   0.2;   4;-999;-999;  -999;  18.4;    -999;   19.6;   81.67;   23.6;   15.9;   15.2;eor
       3257;20190730;-999;-999;-999;    3;   1.3;   4;-999;-999;  -999;  16.6;    -999;   22.0;   66.83;   29.6;   14.6;   14.0;eor
       3257;20190731;-999;-999;-999;    3;   0.0;   0;-999;-999;  -999;  14.8;    -999;   20.3;   65.29;   26.8;   12.3;   11.1;eor
       3257;20190801;-999;-999;-999;    3;   0.0;   0;-999;-999;  -999;  12.0;    -999;   18.7;   60.33;   26.6;   11.2;   10.3;eor
       3257;20190802;-999;-999;-999;    3;   7.0;   4;-999;-999;  -999;  14.4;    -999;   18.5;   71.92;   27.8;   12.5;   11.9;eor
       3257;20190803;-999;-999;-999;    3;   3.0;   4;-999;-999;  -999;  16.7;    -999;   17.5;   84.04;   23.2;   13.5;   12.5;eor
       3257;20190804;-999;-999;-999;    3;   0.0;   0;-999;-999;  -999;  13.9;    -999;   19.4;   66.54;   28.0;   11.2;   10.5;eor
       3257;20190805;-999;-999;-999;    3;   1.9;   4;-999;-999;  -999;  15.9;    -999;   20.0;   69.58;   28.5;   13.8;   12.8;eor
       3257;20190806;-999;-999;-999;    3;   9.2;   4;-999;-999;  -999;  17.2;    -999;   21.8;   67.08;   27.1;   16.3;   15.1;eor
       3257;20190807;-999;-999;-999;    3;  21.5;   4;-999;-999;  -999;  19.3;    -999;   18.1;   92.58;   23.1;   15.2;   14.0;eor
       3257;20190808;-999;-999;-999;    3;   0.0;   0;-999;-999;  -999;  16.5;    -999;   20.0;   73.88;   26.5;   13.8;   12.9;eor
       3257;20190809;-999;-999;-999;    3;  12.6;   4;-999;-999;  -999;  18.1;    -999;   21.8;   72.96;   31.8;   12.0;   11.3;eor
       3257;20190810;-999;-999;-999;    3;   0.2;   4;-999;-999;  -999;  18.5;    -999;   20.9;   76.33;   26.0;   14.0;   12.6;eor
       3257;20190811;-999;-999;-999;    3;   3.6;   4;-999;-999;  -999;  14.8;    -999;   19.9;   68.92;   29.2;   12.4;   11.3;eor
       3257;20190812;-999;-999;-999;    3;   0.0;   0;-999;-999;  -999;  14.6;    -999;   17.4;   74.50;   22.3;   13.9;   12.4;eor
       3257;20190813;-999;-999;-999;    3;   0.0;   0;-999;-999;  -999;  12.4;    -999;   16.3;   68.88;   21.9;   11.3;   10.2;eor
       3257;20190814;-999;-999;-999;    3;   0.2;   4;-999;-999;  -999;  12.0;    -999;   15.8;   69.71;   22.5;   10.4;    9.5;eor
       3257;20190815;-999;-999;-999;    3;   1.6;   4;-999;-999;  -999;  14.2;    -999;   16.3;   76.92;   23.4;    9.6;    8.7;eor
       3257;20190816;-999;-999;-999;    3;   0.0;   0;-999;-999;  -999;  13.7;    -999;   18.0;   69.00;   24.3;   12.4;   11.3;eor
       3257;20190817;-999;-999;-999;    3;   0.7;   4;-999;-999;  -999;  15.6;    -999;   17.7;   77.67;   23.5;   12.2;   11.2;eor
       3257;20190818;-999;-999;-999;    3;   0.0;   0;-999;-999;  -999;  17.0;    -999;   23.2;   62.83;   31.4;   16.0;   15.4;eor
       3257;20190819;-999;-999;-999;    3;   0.0;   0;-999;-999;  -999;  14.6;    -999;   20.3;   63.08;   26.1;   13.3;   12.7;eor
       3257;20190820;-999;-999;-999;    3;   3.5;   4;-999;-999;  -999;  14.0;    -999;   15.2;   82.04;   20.4;   12.1;   11.2;eor
       3257;20190821;-999;-999;-999;    3;   0.0;   0;-999;-999;  -999;  12.2;    -999;   16.3;   70.25;   23.7;   10.6;    9.6;eor
       3257;20190822;-999;-999;-999;    3;   0.0;   0;-999;-999;  -999;  11.5;    -999;   16.9;   64.92;   26.5;    7.9;    6.8;eor
       3257;20190823;-999;-999;-999;    3;   0.0;   0;-999;-999;  -999;  11.7;    -999;   18.4;   61.83;   28.1;    8.3;    7.1;eor
       3257;20190824;-999;-999;-999;    3;   0.0;   0;-999;-999;  -999;  15.4;    -999;   19.6;   69.96;   29.6;    9.9;    8.7;eor
       3257;20190825;-999;-999;-999;    3;   0.0;   0;-999;-999;  -999;  17.5;    -999;   22.5;   68.29;   31.8;   14.0;   12.8;eor
       3257;20190826;-999;-999;-999;    3;   0.0;   0;-999;-999;  -999;  17.6;    -999;   23.1;   66.67;   32.3;   15.1;   14.1;eor
       3257;20190827;-999;-999;-999;    3;   0.0;   0;-999;-999;  -999;  17.8;    -999;   23.2;   67.04;   32.1;   15.1;   14.2;eor
       3257;20190828;-999;-999;-999;    3;   0.0;   0;-999;-999;  -999;  16.7;    -999;   23.2;   63.42;   32.3;   16.6;   15.5;eor
       3257;20190829;-999;-999;-999;    3;   0.5;   4;-999;-999;  -999;  17.8;    -999;   22.2;   70.58;   32.0;   15.8;   14.7;eor
       3257;20190830;-999;-999;-999;    3;   0.0;   0;-999;-999;  -999;  18.4;    -999;   22.8;   70.29;   31.3;   15.7;   14.8;eor
       3257;20190831;-999;-999;-999;    3;   0.0;   0;-999;-999;  -999;  17.2;    -999;   23.1;   65.58;   32.2;   14.9;   13.5;eor
       3257;20190901;-999;-999;-999;    3;   0.0;   0;-999;-999;  -999;  15.3;    -999;   21.6;   60.46;   27.6;   16.5;   15.4;eor
       3257;20190902;-999;-999;-999;    3;   0.0;   0;-999;-999;  -999;   9.8;    -999;   16.5;   55.79;   24.2;    7.8;    6.0;eor
       3257;20190903;-999;-999;-999;    3;   0.0;   0;-999;-999;  -999;   8.5;    -999;   15.2;   54.96;   25.0;    5.1;    3.6;eor
       3257;20190904;-999;-999;-999;    3;   0.1;   4;-999;-999;  -999;   9.7;    -999;   17.3;   54.46;   27.1;    7.2;    5.8;eor
       3257;20190905;-999;-999;-999;    3;   0.0;   0;-999;-999;  -999;  11.0;    -999;   16.6;   59.50;   21.4;   10.9;    9.4;eor
       3257;20190906;-999;-999;-999;    3;   0.0;   0;-999;-999;  -999;   9.3;    -999;   14.2;   61.21;   22.1;    6.2;    4.6;eor
       3257;20190907;-999;-999;-999;    3;   0.3;   4;-999;-999;  -999;  10.4;    -999;   13.0;   70.42;   18.7;    7.7;    6.3;eor
       3257;20190908;-999;-999;-999;    3;   7.1;   4;-999;-999;  -999;  12.1;    -999;   12.3;   85.38;   17.2;    9.5;    8.7;eor
       3257;20190909;-999;-999;-999;    3;   4.8;   4;-999;-999;  -999;  12.8;    -999;   12.0;   91.67;   15.0;    9.1;    8.2;eor
       3257;20190910;-999;-999;-999;    3;   0.0;   0;-999;-999;  -999;  11.1;    -999;   12.2;   80.83;   20.3;    6.8;    5.8;eor
       3257;20190911;-999;-999;-999;    3;   0.1;   4;-999;-999;  -999;  10.1;    -999;   14.6;   65.50;   22.7;    5.2;    4.2;eor
       3257;20190912;-999;-999;-999;    3;   0.0;   0;-999;-999;  -999;  13.7;    -999;   18.1;   67.46;   25.4;   13.1;   12.1;eor
       3257;20190913;-999;-999;-999;    3;   0.0;   0;-999;-999;  -999;  14.8;    -999;   17.2;   77.46;   24.9;   11.0;    9.8;eor
       3257;20190914;-999;-999;-999;    3;   0.0;   0;-999;-999;  -999;  13.0;    -999;   16.3;   73.42;   25.2;   10.1;    8.6;eor
       3257;20190915;-999;-999;-999;    3;   0.0;   0;-999;-999;  -999;  12.6;    -999;   16.8;   69.58;   27.5;    7.9;    6.9;eor
       3257;20190916;-999;-999;-999;    3;   0.1;   4;-999;-999;  -999;  11.7;    -999;   16.4;   66.75;   24.7;    7.5;    6.1;eor
       3257;20190917;-999;-999;-999;    3;   0.0;   4;-999;-999;  -999;  11.3;    -999;   15.7;   64.71;   22.0;    8.9;    6.9;eor
       3257;20190918;-999;-999;-999;    3;   0.0;   0;-999;-999;  -999;   7.7;    -999;   11.2;   62.00;   18.8;    3.9;    1.8;eor
       3257;20190919;-999;-999;-999;    3;   0.0;   0;-999;-999;  -999;   6.6;    -999;    9.0;   62.33;   17.7;    1.4;    0.1;eor
       3257;20190920;-999;-999;-999;    3;   0.0;   0;-999;-999;  -999;   6.6;    -999;    9.2;   61.96;   18.9;    0.3;   -1.0;eor
       3257;20190921;-999;-999;-999;    3;   0.0;   0;-999;-999;  -999;   7.4;    -999;   12.2;   58.67;   24.3;    0.9;   -0.5;eor
       3257;20190922;-999;-999;-999;    3;   7.5;   4;-999;-999;  -999;   9.8;    -999;   13.8;   65.58;   24.6;    3.5;    1.9;eor
       3257;20190923;-999;-999;-999;    3;   5.3;   4;-999;-999;  -999;  14.8;    -999;   14.1;   91.04;   16.9;    9.7;    8.4;eor
       3257;20190924;-999;-999;-999;    3;   1.1;   4;-999;-999;  -999;  13.1;    -999;   13.8;   83.83;   19.9;    7.8;    7.3;eor
       3257;20190925;-999;-999;-999;    3;   5.8;   4;-999;-999;  -999;  14.0;    -999;   14.9;   83.38;   20.0;   12.8;   12.5;eor
       3257;20190926;-999;-999;-999;    3;   0.7;   4;-999;-999;  -999;  15.5;    -999;   15.1;   90.58;   17.8;   11.6;   11.1;eor
       3257;20190927;-999;-999;-999;    3;  15.8;   4;-999;-999;  -999;  14.9;    -999;   14.7;   89.42;   18.3;   10.2;    9.4;eor
       3257;20190928;-999;-999;-999;    3;   0.0;   0;-999;-999;  -999;  13.4;    -999;   14.3;   82.50;   17.9;   10.4;    9.6;eor
       3257;20190929;-999;-999;-999;    3;  10.8;   4;-999;-999;  -999;  12.1;    -999;   16.0;   68.92;   22.1;    9.8;    8.8;eor
       3257;20190930;-999;-999;-999;    3;   0.0;   0;-999;-999;  -999;  12.3;    -999;   13.8;   77.92;   17.3;    8.9;    8.1;eor
       3257;20191001;-999;-999;-999;    3;   5.4;   4;-999;   0;  -999;  13.4;    -999;   14.1;   83.54;   19.7;    7.5;    6.5;eor
       3257;20191002;-999;-999;-999;    3;   5.2;   4;-999;   0;  -999;  12.1;    -999;   11.3;   88.83;   15.0;    4.2;    3.0;eor
       3257;20191003;-999;-999;-999;    3;   0.0;   0;-999;   0;  -999;   9.2;    -999;    8.9;   81.88;   15.1;    4.4;    2.9;eor
       3257;20191004;-999;-999;-999;    3;   7.9;   4;-999;   0;  -999;  10.5;    -999;    9.4;   88.17;   12.4;    5.3;    4.4;eor
       3257;20191005;-999;-999;-999;    3;   0.5;   4;-999;   0;  -999;  10.4;    -999;   10.1;   83.75;   13.9;    3.6;    2.7;eor
       3257;20191006;-999;-999;-999;    3;  19.8;   4;-999;   0;  -999;   9.7;    -999;    7.4;   93.50;   10.4;    3.9;    3.6;eor
       3257;20191007;-999;-999;-999;    3;   0.0;   4;-999;   0;  -999;  10.5;    -999;    9.0;   91.58;   11.9;    7.3;    7.3;eor
       3257;20191008;-999;-999;-999;    3;  10.5;   4;-999;   0;  -999;  13.0;    -999;   12.2;   90.79;   14.3;    9.9;    9.5;eor
       3257;20191009;-999;-999;-999;    3;  11.1;   4;-999;   0;  -999;  12.0;    -999;   11.3;   89.29;   15.0;    8.1;    7.4;eor
       3257;20191010;-999;-999;-999;    3;   3.1;   4;-999;   0;  -999;  10.9;    -999;   10.1;   88.29;   15.0;    6.7;    5.6;eor
       3257;20191011;-999;-999;-999;    3;   0.0;   0;-999;   0;  -999;  11.1;    -999;   10.4;   88.13;   18.4;    5.0;    3.9;eor
       3257;20191012;-999;-999;-999;    3;   0.0;   0;-999;   0;  -999;  12.9;    -999;   13.9;   82.21;   22.1;    6.4;    4.7;eor
       3257;20191013;-999;-999;-999;    3;   0.0;   0;-999;   0;  -999;  14.6;    -999;   17.6;   76.04;   27.4;   11.3;   10.4;eor
       3257;20191014;-999;-999;-999;    3;   0.0;   0;-999;   0;  -999;  13.4;    -999;   16.4;   76.00;   26.7;    9.3;    7.9;eor
       3257;20191015;-999;-999;-999;    3;   7.0;   4;-999;   0;  -999;  13.7;    -999;   14.1;   85.92;   23.2;    8.1;    7.6;eor
       3257;20191016;-999;-999;-999;    3;   0.0;   4;-999;   0;  -999;  11.5;    -999;   12.2;   81.38;   16.0;    7.8;    6.9;eor
       3257;20191017;-999;-999;-999;    3;   1.3;   4;-999;   0;  -999;  12.6;    -999;   13.3;   82.92;   19.7;    7.3;    6.5;eor
       3257;20191018;-999;-999;-999;    3;   5.5;   4;-999;   0;  -999;  13.7;    -999;   13.3;   89.75;   19.2;    9.7;    9.3;eor
       3257;20191019;-999;-999;-999;    3;   8.2;   4;-999;   0;  -999;  13.1;    -999;   12.9;   87.63;   15.5;   10.0;    9.9;eor
       3257;20191020;-999;-999;-999;    3;   0.0;   0;-999;   0;  -999;  14.0;    -999;   14.2;   87.46;   19.8;   10.4;    9.3;eor
       3257;20191021;-999;-999;-999;    3;   0.0;   4;-999;   0;  -999;  13.7;    -999;   13.7;   88.17;   20.9;   10.1;    8.9;eor
       3257;20191022;-999;-999;-999;    3;   0.0;   0;-999;   0;  -999;  12.6;    -999;   11.5;   92.58;   17.8;    8.2;    7.6;eor
       3257;20191023;-999;-999;-999;    3;   0.0;   0;-999;   0;  -999;  13.0;    -999;   11.9;   93.42;   15.6;    8.5;    7.3;eor
       3257;20191024;-999;-999;-999;    3;   0.0;   4;-999;   0;  -999;  13.7;    -999;   12.7;   93.42;   17.4;    8.3;    7.0;eor
       3257;20191025;-999;-999;-999;    3;   0.0;   0;-999;   0;  -999;  12.4;    -999;   12.2;   88.17;   17.5;    6.3;    4.9;eor
       3257;20191026;-999;-999;-999;    3;   0.0;   0;-999;   0;  -999;  11.1;    -999;   10.8;   87.00;   20.2;    4.3;    3.2;eor
       3257;20191027;-999;-999;-999;    3;   3.2;   4;-999;   0;  -999;  11.7;    -999;   11.4;   86.92;   17.9;    6.5;    5.8;eor
       3257;20191028;-999;-999;-999;    3;   0.0;   0;-999;   0;  -999;   8.7;    -999;    6.3;   91.42;   11.4;    2.8;    2.0;eor
       3257;20191029;-999;-999;-999;    3;   0.0;   0;-999;   0;  -999;   8.1;    -999;    6.0;   87.13;    9.3;    3.1;    2.5;eor
       3257;20191030;-999;-999;-999;    3;   0.0;   0;-999;   0;  -999;   6.9;    -999;    4.8;   80.96;    8.7;   -0.7;   -2.4;eor
       3257;20191031;-999;-999;-999;    3;   0.0;   0;-999;   0;  -999;   5.9;    -999;    2.7;   81.33;   10.4;   -2.5;   -3.9;eor
       3257;20191101;-999;-999;-999;    3;   7.1;   4;-999;   0;  -999;   9.6;    -999;    7.0;   93.63;   11.3;    1.6;    1.5;eor
       3257;20191102;-999;-999;-999;    3;   6.3;   4;-999;   0;  -999;  13.8;    -999;   13.2;   90.83;   17.5;   10.0;    9.0;eor
       3257;20191103;-999;-999;-999;    3;   3.5;   4;-999;   0;  -999;  12.4;    -999;   11.7;   90.04;   14.5;    9.9;    9.0;eor
       3257;20191104;-999;-999;-999;    3;   2.6;   4;-999;   0;  -999;  11.3;    -999;   10.0;   91.58;   12.5;    8.0;    7.1;eor
       3257;20191105;-999;-999;-999;    3;   0.4;   4;-999;   0;  -999;   9.4;    -999;    7.9;   88.71;   12.3;    4.3;    3.4;eor
       3257;20191106;-999;-999;-999;    3;   0.3;   4;-999;   0;  -999;   9.8;    -999;    8.1;   90.88;   10.1;    5.6;    5.1;eor
       3257;20191107;-999;-999;-999;    3;   1.2;   4;-999;   0;  -999;   9.1;    -999;    7.5;   88.00;   12.3;    3.5;    2.4;eor
       3257;20191108;-999;-999;-999;    3;  10.7;   4;-999;   0;  -999;   9.0;    -999;    5.9;   97.33;    7.0;    4.7;    4.3;eor
       3257;20191109;-999;-999;-999;    3;   0.0;   0;-999;   0;  -999;   7.7;    -999;    4.4;   91.54;    8.9;   -0.7;   -1.5;eor
       3257;20191110;-999;-999;-999;    3;   0.0;   0;-999;   0;  -999;   6.4;    -999;    0.9;   98.33;    3.7;   -1.2;   -1.3;eor
       3257;20191111;-999;-999;-999;    3;   0.4;   4;-999;   0;  -999;   6.2;    -999;    2.2;   87.71;    5.1;    0.6;    0.8;eor
       3257;20191112;-999;-999;-999;    3;   0.0;   0;-999;   0;  -999;   7.0;    -999;    5.5;   78.50;    9.9;    2.6;    1.4;eor
       3257;20191113;-999;-999;-999;    3;   0.0;   0;-999;   0;  -999;   6.9;    -999;    4.1;   84.92;    9.0;    0.1;   -1.4;eor
       3257;20191114;-999;-999;-999;    3;   0.0;   0;-999;   0;  -999;   6.1;    -999;    2.7;   83.50;    8.6;   -2.3;   -3.6;eor
       3257;20191115;-999;-999;-999;    3;   2.8;   4;-999;   0;  -999;   7.0;    -999;    4.2;   84.67;    6.6;    1.9;    0.7;eor
       3257;20191116;-999;-999;-999;    3;   0.0;   0;-999;   0;  -999;   7.7;    -999;    3.9;   95.25;    8.4;    0.4;   -0.4;eor
       3257;20191117;-999;-999;-999;    3;   0.2;   4;-999;   0;  -999;   7.9;    -999;    3.9;   97.13;    6.7;    0.5;    0.5;eor
       3257;20191118;-999;-999;-999;    3;   0.0;   4;-999;   0;  -999;   7.4;    -999;    4.7;   86.63;    6.0;    3.8;    2.8;eor
       3257;20191119;-999;-999;-999;    3;   0.0;   0;-999;   0;  -999;   7.4;    -999;    4.2;   89.88;    5.9;   -0.6;   -2.1;eor
       3257;20191120;-999;-999;-999;    3;   0.0;   0;-999;   0;  -999;   6.2;    -999;    0.4;   98.67;    2.3;   -1.4;   -1.1;eor
       3257;20191121;-999;-999;-999;    3;   0.0;   0;-999;   0;  -999;   7.4;    -999;    3.7;   92.96;    7.2;    0.4;    0.0;eor
       3257;20191122;-999;-999;-999;    3;   0.0;   0;-999;   0;  -999;   7.2;    -999;    3.5;   92.25;    5.6;   -0.3;   -0.3;eor
       3257;20191123;-999;-999;-999;    3;   0.0;   0;-999;   0;  -999;   7.9;    -999;    6.4;   82.75;   10.6;    1.6;   -0.3;eor
       3257;20191124;-999;-999;-999;    3;   0.0;   0;-999;   0;  -999;   7.4;    -999;    3.4;   94.38;    8.5;    0.6;   -0.7;eor
       3257;20191125;-999;-999;-999;    3;   0.3;   4;-999;   0;  -999;   8.6;    -999;    5.0;   98.54;    6.3;    2.8;    2.7;eor
       3257;20191126;-999;-999;-999;    3;   0.0;   0;-999;   0;  -999;   9.4;    -999;    7.6;   90.71;   13.1;    4.0;    2.8;eor
       3257;20191127;-999;-999;-999;    3;   1.6;   4;-999;   0;  -999;   9.5;    -999;    8.6;   85.46;   12.3;    4.5;    3.3;eor
       3257;20191128;-999;-999;-999;    3;   4.2;   4;-999;   0;  -999;   9.8;    -999;    9.7;   81.54;   11.2;    8.6;    7.4;eor
       3257;20191129;-999;-999;-999;    3;   4.3;   4;-999;   0;  -999;   8.5;    -999;    6.0;   89.71;    9.2;    1.6;   -0.3;eor
       3257;20191130;-999;-999;-999;    3;   0.0;   0;-999;   0;  -999;   6.4;    -999;    2.1;   90.21;    7.4;   -2.5;   -4.0;eor
       3257;20191201;-999;-999;-999;    3;   0.0;   0;-999;   0;  -999;   5.4;    -999;    0.2;   88.04;    2.1;   -3.1;   -4.0;eor
       3257;20191202;-999;-999;-999;    3;   0.0;   0;-999;   0;  -999;   5.7;    -999;    2.4;   79.13;    5.9;   -1.4;   -2.9;eor
       3257;20191203;-999;-999;-999;    3;   0.0;   0;-999;   0;  -999;   6.1;    -999;    1.8;   88.54;    5.9;   -2.4;   -3.6;eor
       3257;20191204;-999;-999;-999;    3;   0.0;   0;-999;   0;  -999;   5.2;    -999;   -1.3;   94.21;    3.3;   -4.5;   -5.7;eor
       3257;20191205;-999;-999;-999;    3;   0.0;   0;-999;   0;  -999;   4.7;    -999;   -2.4;   91.08;    4.9;   -6.5;   -7.6;eor
       3257;20191206;-999;-999;-999;    3;   2.7;   4;-999;   0;  -999;   5.7;    -999;    1.2;   85.21;    5.8;   -5.6;   -7.0;eor
       3257;20191207;-999;-999;-999;    3;   2.9;   4;-999;   0;  -999;   9.5;    -999;    7.3;   93.17;    8.8;    4.6;    4.1;eor
       3257;20191208;-999;-999;-999;    3;   5.0;   4;-999;   0;  -999;   9.5;    -999;    8.8;   83.54;   11.2;    7.1;    5.9;eor
       3257;20191209;-999;-999;-999;    3;   3.4;   4;-999;   0;  -999;   8.5;    -999;    6.4;   88.29;    7.8;    4.8;    3.4;eor
       3257;20191210;-999;-999;-999;    3;   0.0;   0;-999;   0;  -999;   6.2;    -999;    1.9;   88.88;    6.4;   -2.6;   -3.8;eor
       3257;20191211;-999;-999;-999;    3;   5.0;   4;-999;   0;  -999;   5.6;    -999;    0.4;   89.17;    3.3;   -2.3;   -3.4;eor
       3257;20191212;-999;-999;-999;    3;   1.3;   4;-999;   0;  -999;   6.7;    -999;    1.9;   95.92;    3.5;   -0.4;   -2.2;eor
       3257;20191213;-999;-999;-999;    3;  13.0;   4;-999;   1;  -999;   6.9;    -999;    3.0;   90.46;    5.2;   -0.1;   -2.2;eor
       3257;20191214;-999;-999;-999;    3;   6.3;   4;-999;   0;  -999;   7.6;    -999;    6.3;   79.54;    8.6;    3.7;    2.3;eor
       3257;20191215;-999;-999;-999;    3;   2.8;   4;-999;   0;  -999;   9.8;    -999;    8.1;   90.04;   12.7;    5.1;    4.1;eor
       3257;20191216;-999;-999;-999;    3;   0.0;   0;-999;   0;  -999;   9.4;    -999;    8.0;   88.00;   14.5;    3.2;    1.7;eor
       3257;20191217;-999;-999;-999;    3;   0.0;   0;-999;   0;  -999;   8.2;    -999;    5.3;   91.54;   10.6;    2.1;    0.8;eor
       3257;20191218;-999;-999;-999;    3;   0.1;   4;-999;   0;  -999;   9.3;    -999;    7.2;   91.29;   13.6;    2.0;    0.8;eor
       3257;20191219;-999;-999;-999;    3;   0.0;   0;-999;   0;  -999;   7.0;    -999;    1.8;  100.00;    4.9;   -0.5;   -0.7;eor
       3257;20191220;-999;-999;-999;    3;   0.8;   4;-999;   0;  -999;   7.2;    -999;    2.1;   99.83;    7.1;   -1.4;   -1.7;eor
       3257;20191221;-999;-999;-999;    3;   0.9;   4;-999;   0;  -999;   7.5;    -999;    3.2;   96.75;    9.1;   -1.0;   -1.8;eor
       3257;20191222;-999;-999;-999;    3;   1.6;   4;-999;   0;  -999;   8.5;    -999;    5.6;   93.33;    9.5;   -0.8;   -1.1;eor
       3257;20191223;-999;-999;-999;    3;   1.6;   4;-999;   0;  -999;   8.9;    -999;    6.7;   90.83;    8.8;    5.6;    4.3;eor
       3257;20191224;-999;-999;-999;    3;   6.0;   4;-999;   0;  -999;   8.6;    -999;    6.4;   89.46;    8.0;    4.7;    2.8;eor
       3257;20191225;-999;-999;-999;    3;   1.0;   4;-999;   0;  -999;   8.8;    -999;    6.4;   91.58;    9.0;    2.6;    0.9;eor
       3257;20191226;-999;-999;-999;    3;   1.3;   4;-999;   0;  -999;   7.7;    -999;    4.0;   94.00;    6.7;    2.8;    1.8;eor
       3257;20191227;-999;-999;-999;    3;   0.9;   4;-999;   0;  -999;   7.6;    -999;    3.6;   95.58;    5.1;   -1.2;   -2.7;eor
       3257;20191228;-999;-999;-999;    3;   0.0;   0;-999;   0;  -999;   5.1;    -999;   -0.9;   90.50;    4.1;   -4.5;   -5.6;eor
       3257;20191229;-999;-999;-999;    3;   0.0;   0;-999;   0;  -999;   4.3;    -999;   -3.0;   89.21;    3.3;   -7.0;   -8.4;eor
       3257;20191230;-999;-999;-999;    3;   0.0;   0;-999;   0;  -999;   4.8;    -999;   -1.8;   88.67;    5.2;   -6.3;   -7.3;eor
       3257;20191231;-999;-999;-999;    3;   0.0;   0;-999;   0;  -999;   5.5;    -999;    1.5;   81.04;    3.9;   -1.3;   -3.1;eor
       3257;20200101;-999;-999;-999;    3;   0.0;   0;-999;   0;  -999;   5.2;    -999;   -2.0;   97.96;    1.8;   -4.6;   -5.7;eor
       3257;20200102;-999;-999;-999;    3;   0.1;   4;-999;   0;  -999;   5.6;    -999;   -1.1;   97.83;    1.8;   -4.3;   -4.0;eor
       3257;20200103;-999;-999;-999;    3;   1.0;   4;-999;   0;  -999;   7.8;    -999;    4.7;   91.13;    7.7;    0.9;   -0.4;eor
       3257;20200104;-999;-999;-999;    3;   0.4;   4;-999;   0;  -999;   7.3;    -999;    4.3;   87.13;    7.3;    1.5;   -0.4;eor
       3257;20200105;-999;-999;-999;    3;   0.7;   4;-999;   0;  -999;   7.8;    -999;    4.4;   92.79;    6.7;    1.2;    0.2;eor
       3257;20200106;-999;-999;-999;    3;   0.0;   0;-999;   0;  -999;   5.7;    -999;   -1.0;  100.00;    1.2;   -3.8;   -4.4;eor
       3257;20200107;-999;-999;-999;    3;   0.3;   4;-999;   0;  -999;   7.1;    -999;    2.3;   97.42;    5.8;   -3.8;   -4.5;eor
       3257;20200108;-999;-999;-999;    3;   0.6;   4;-999;   0;  -999;   7.5;    -999;    4.1;   90.88;    6.8;   -0.6;   -1.8;eor
       3257;20200109;-999;-999;-999;    3;   1.0;   4;-999;   0;  -999;  10.8;    -999;    9.3;   92.54;   11.9;    6.7;    5.9;eor
       3257;20200110;-999;-999;-999;    3;   0.8;   4;-999;   0;  -999;   9.2;    -999;    8.0;   85.71;   10.2;    5.9;    4.2;eor
       3257;20200111;-999;-999;-999;    3;   0.0;   0;-999;   0;  -999;   6.2;    -999;    3.4;   80.13;    7.8;   -2.8;   -4.3;eor
       3257;20200112;-999;-999;-999;    3;   0.0;   0;-999;   0;  -999;   5.6;    -999;    0.2;   90.42;    3.7;   -4.6;   -6.4;eor
       3257;20200113;-999;-999;-999;    3;   0.7;   4;-999;   0;  -999;   7.9;    -999;    4.7;   91.92;    7.6;    0.8;   -0.8;eor
       3257;20200114;-999;-999;-999;    3;   0.0;   0;-999;   0;  -999;   6.8;    -999;    7.1;   68.54;   12.1;    2.2;   -0.1;eor
       3257;20200115;-999;-999;-999;    3;   0.0;   0;-999;   0;  -999;   7.1;    -999;    7.5;   69.42;   14.0;    2.9;    1.1;eor
       3257;20200116;-999;-999;-999;    3;   0.0;   0;-999;   0;  -999;   8.2;    -999;    8.3;   76.58;   15.1;    0.5;   -1.8;eor
       3257;20200117;-999;-999;-999;    3;   0.0;   4;-999;   0;  -999;   7.1;    -999;    3.8;   88.79;   11.6;   -2.6;   -2.6;eor
       3257;20200118;-999;-999;-999;    3;   0.4;   4;-999;   0;  -999;   7.0;    -999;    4.2;   84.63;    7.6;    0.6;   -1.0;eor
       3257;20200119;-999;-999;-999;    3;   0.1;   4;-999;   1;  -999;   6.4;    -999;    2.1;   89.83;    4.8;    0.1;   -1.6;eor
       3257;20200120;-999;-999;-999;    3;   0.0;   0;-999;   0;  -999;   5.7;    -999;    1.2;   86.54;    6.1;   -4.3;   -6.2;eor
       3257;20200121;-999;-999;-999;    3;   0.0;   0;-999;   0;  -999;   4.4;    -999;   -3.1;   89.17;    3.0;   -6.8;   -8.4;eor
       3257;20200122;-999;-999;-999;    3;   0.0;   0;-999;   0;  -999;   4.9;    -999;   -2.1;   93.38;   -0.9;   -4.2;   -4.0;eor
       3257;20200123;-999;-999;-999;    3;   0.0;   0;-999;   0;  -999;   5.6;    -999;    0.0;   91.58;    0.8;   -1.4;   -1.3;eor
       3257;20200124;-999;-999;-999;    3;   0.0;   0;-999;   0;  -999;   5.2;    -999;    0.2;   85.17;    5.0;   -3.5;   -4.7;eor
       3257;20200125;-999;-999;-999;    3;   0.0;   0;-999;   0;  -999;   5.4;    -999;   -1.0;   95.54;    4.5;   -4.2;   -3.9;eor
       3257;20200126;-999;-999;-999;    3;   0.0;   0;-999;   0;  -999;   6.1;    -999;    0.6;   95.71;    4.5;   -1.1;   -2.4;eor
       3257;20200127;-999;-999;-999;    3;   6.3;   4;-999;   0;  -999;   7.4;    -999;    4.3;   89.50;   11.2;   -1.8;   -3.4;eor
       3257;20200128;-999;-999;-999;    3;  10.1;   4;-999;   0;  -999;   7.4;    -999;    4.4;   87.29;    6.9;    1.5;   -0.1;eor
       3257;20200129;-999;-999;-999;    3;   0.6;   4;-999;   0;  -999;   6.6;    -999;    2.7;   89.83;    5.5;    0.6;   -0.6;eor
       3257;20200130;-999;-999;-999;    3;   1.4;   4;-999;   0;  -999;   7.8;    -999;    6.2;   82.46;    9.3;    2.6;    1.6;eor
       3257;20200131;-999;-999;-999;    3;   0.9;   4;-999;   0;  -999;  12.0;    -999;   11.4;   88.96;   12.9;    9.1;    8.5;eor
       3257;20200201;-999;-999;-999;    3;  11.7;   4;-999;   0;  -999;  11.2;    -999;   10.9;   86.21;   15.3;    5.7;    4.2;eor
       3257;20200202;-999;-999;-999;    3;   7.8;   4;-999;   0;  -999;  10.6;    -999;    9.1;   91.00;   12.6;    3.3;    2.1;eor
       3257;20200203;-999;-999;-999;    3;  21.4;   4;-999;   0;  -999;  10.1;    -999;    8.7;   89.88;   10.4;    7.1;    6.7;eor
       3257;20200204;-999;-999;-999;    3;   2.3;   4;-999;   0;  -999;   7.5;    -999;    4.4;   87.96;   10.7;    1.5;    0.0;eor
       3257;20200205;-999;-999;-999;    3;   0.0;   0;-999;   0;  -999;   5.4;    -999;    2.9;   73.67;    7.7;   -2.8;   -4.2;eor
       3257;20200206;-999;-999;-999;    3;   0.0;   0;-999;   0;  -999;   5.4;    -999;    0.7;   84.58;    7.5;   -3.3;   -4.8;eor
       3257;20200207;-999;-999;-999;    3;   0.0;   0;-999;   0;  -999;   5.1;    -999;   -0.4;   86.67;    6.8;   -4.8;   -5.7;eor
       3257;20200208;-999;-999;-999;    3;   0.0;   0;-999;   0;  -999;   5.3;    -999;    0.3;   85.83;    8.4;   -5.7;   -7.2;eor
       3257;20200209;-999;-999;-999;    3;   7.5;   4;-999;   0;  -999;   6.9;    -999;    7.4;   70.21;   13.9;   -1.7;   -3.0;eor
       3257;20200210;-999;-999;-999;    3;   7.3;   4;-999;   0;  -999;   8.3;    -999;    9.3;   70.54;   14.4;    5.5;    4.6;eor
       3257;20200211;-999;-999;-999;    3;   2.8;   4;-999;   0;  -999;   5.9;    -999;    5.2;   66.92;    8.5;    1.1;    0.1;eor
       3257;20200212;-999;-999;-999;    3;   3.1;   4;-999;   0;  -999;   6.4;    -999;    2.9;   85.54;    4.6;    0.8;   -0.7;eor
       3257;20200213;-999;-999;-999;    3;  11.6;   4;-999;   0;  -999;   6.9;    -999;    3.0;   90.67;    6.7;   -1.2;   -2.6;eor
       3257;20200214;-999;-999;-999;    3;   0.0;   0;-999;   0;  -999;   8.2;    -999;    5.9;   88.38;    9.7;    3.6;    2.6;eor
       3257;20200215;-999;-999;-999;    3;   0.0;   0;-999;   0;  -999;   7.4;    -999;    5.6;   82.67;   12.6;    0.3;   -1.3;eor
       3257;20200216;-999;-999;-999;    3;   5.2;   4;-999;   0;  -999;   7.1;    -999;   11.9;   53.29;   17.8;    5.1;    3.5;eor
       3257;20200217;-999;-999;-999;    3;  10.7;   4;-999;   0;  -999;   9.7;    -999;    8.9;   86.54;   16.3;    6.5;    5.0;eor
       3257;20200218;-999;-999;-999;    3;   2.0;   4;-999;   0;  -999;   7.1;    -999;    6.2;   74.75;    8.9;    4.7;    3.4;eor
       3257;20200219;-999;-999;-999;    3;   3.0;   4;-999;   0;  -999;   6.7;    -999;    4.9;   77.17;    8.3;    1.3;   -1.3;eor
       3257;20200220;-999;-999;-999;    3;   2.7;   4;-999;   0;  -999;   7.1;    -999;    6.3;   73.79;    9.0;    2.4;    1.4;eor
       3257;20200221;-999;-999;-999;    3;   0.0;   0;-999;   0;  -999;   6.1;    -999;    5.6;   67.63;    8.7;    1.9;   -0.9;eor
       3257;20200222;-999;-999;-999;    3;   2.2;   4;-999;   0;  -999;   6.0;    -999;    7.9;   57.79;   12.2;    2.8;   -0.2;eor
       3257;20200223;-999;-999;-999;    3;   4.5;   4;-999;   0;  -999;  10.2;    -999;    9.9;   84.17;   13.0;    6.4;    5.6;eor
       3257;20200224;-999;-999;-999;    3;   5.4;   4;-999;   0;  -999;   9.1;    -999;    7.4;   86.83;   10.8;    4.6;    3.9;eor
       3257;20200225;-999;-999;-999;    3;   4.8;   4;-999;   0;  -999;   9.1;    -999;    7.6;   87.00;    9.9;    5.4;    4.4;eor
       3257;20200226;-999;-999;-999;    3;   0.4;   4;-999;   0;  -999;   6.4;    -999;    3.2;   82.79;    5.4;    0.8;    0.0;eor
       3257;20200227;-999;-999;-999;    3;  15.7;   4;-999;   0;  -999;   6.1;    -999;    2.3;   85.58;    5.5;    0.3;    0.0;eor
       3257;20200228;-999;-999;-999;    3;   0.6;   4;-999;   4;  -999;   5.9;    -999;    2.9;   79.67;    6.9;    0.7;   -0.1;eor
       3257;20200229;-999;-999;-999;    3;   6.7;   4;-999;   0;  -999;   8.1;    -999;    8.6;   73.38;   16.0;    4.3;    3.1;eor
       3257;20200301;-999;-999;-999;    3;   0.7;   4;-999;   0;  -999;   7.6;    -999;    8.2;   70.21;   11.4;    4.5;    3.4;eor
       3257;20200302;-999;-999;-999;    3;   5.1;   4;-999;   0;  -999;   7.3;    -999;    6.7;   75.42;   12.3;   -0.1;   -2.0;eor
       3257;20200303;-999;-999;-999;    3;   0.0;   0;-999;   0;  -999;   6.7;    -999;    4.5;   79.92;    8.4;   -0.4;   -1.9;eor
       3257;20200304;-999;-999;-999;    3;   0.3;   4;-999;   0;  -999;   6.6;    -999;    3.4;   85.50;    9.4;   -0.8;   -2.4;eor
       3257;20200305;-999;-999;-999;    3;  10.4;   4;-999;   0;  -999;   7.8;    -999;    5.1;   87.29;    8.5;   -0.8;   -2.0;eor
       3257;20200306;-999;-999;-999;    3;   4.4;   4;-999;   0;  -999;   8.0;    -999;    5.8;   86.33;    8.7;    4.4;    2.9;eor
       3257;20200307;-999;-999;-999;    3;   0.1;   4;-999;   0;  -999;   6.5;    -999;    5.0;   74.83;    9.5;    0.2;   -1.6;eor
       3257;20200308;-999;-999;-999;    3;   1.0;   4;-999;   0;  -999;   6.7;    -999;    5.9;   73.38;   11.5;   -0.5;   -1.8;eor
       3257;20200309;-999;-999;-999;    3;   4.0;   4;-999;   0;  -999;   8.4;    -999;    6.5;   86.83;   11.2;    2.2;    0.0;eor
       3257;20200310;-999;-999;-999;    3;   8.0;   4;-999;   0;  -999;   9.0;    -999;    6.7;   90.21;   10.7;    3.5;    1.6;eor
       3257;20200311;-999;-999;-999;    3;   0.1;   4;-999;   0;  -999;  11.7;    -999;   12.4;   81.04;   14.3;   10.6;    9.9;eor
       3257;20200312;-999;-999;-999;    3;   4.1;   4;-999;   0;  -999;  10.2;    -999;   10.9;   78.29;   15.0;    5.8;    4.1;eor
       3257;20200313;-999;-999;-999;    3;   0.0;   0;-999;   0;  -999;   6.7;    -999;    6.6;   69.71;   10.7;    1.0;   -1.6;eor
       3257;20200314;-999;-999;-999;    3;   0.1;   4;-999;   0;  -999;   6.4;    -999;    3.5;   83.00;   11.0;   -0.9;   -2.7;eor
       3257;20200315;-999;-999;-999;    3;   0.0;   0;-999;   0;  -999;   6.1;    -999;    6.0;   70.54;   14.6;   -1.9;   -3.4;eor
       3257;20200316;-999;-999;-999;    3;   0.0;   0;-999;   0;  -999;   7.2;    -999;    9.5;   65.71;   18.7;   -0.4;   -2.2;eor
       3257;20200317;-999;-999;-999;    3;   0.0;   0;-999;   0;  -999;   9.6;    -999;   11.4;   72.38;   18.0;    5.2;    2.9;eor
       3257;20200318;-999;-999;-999;    3;   0.0;   0;-999;   0;  -999;   9.3;    -999;   10.8;   75.33;   19.8;    1.9;    0.4;eor
       3257;20200319;-999;-999;-999;    3;   0.0;   0;-999;   0;  -999;   9.8;    -999;   11.8;   74.04;   19.9;    6.6;    5.0;eor
       3257;20200320;-999;-999;-999;    3;   0.1;   4;-999;   0;  -999;   9.7;    -999;   11.5;   73.08;   18.9;    6.6;    5.4;eor
       3257;20200321;-999;-999;-999;    3;   4.1;   4;-999;   0;  -999;   6.6;    -999;    4.6;   78.00;    6.6;    1.4;   -0.3;eor
       3257;20200322;-999;-999;-999;    3;   0.0;   0;-999;   0;  -999;   3.5;    -999;    3.2;   47.42;    8.6;   -0.5;   -2.8;eor
       3257;20200323;-999;-999;-999;    3;   0.0;   0;-999;   0;  -999;   2.9;    -999;    1.5;   45.75;    7.7;   -4.2;   -6.9;eor
       3257;20200324;-999;-999;-999;    3;   0.0;   0;-999;   0;  -999;   2.8;    -999;    1.3;   48.00;    9.3;   -6.7;   -8.8;eor
       3257;20200325;-999;-999;-999;    3;   0.0;   0;-999;   0;  -999;   3.0;    -999;    2.5;   44.21;    9.2;   -5.3;   -8.2;eor
       3257;20200326;-999;-999;-999;    3;   0.0;   0;-999;   0;  -999;   4.3;    -999;    4.5;   50.92;    9.4;   -0.9;   -3.3;eor
       3257;20200327;-999;-999;-999;    3;   0.0;   0;-999;   0;  -999;   5.9;    -999;    8.3;   56.63;   17.7;   -0.8;   -3.3;eor
       3257;20200328;-999;-999;-999;    3;   0.0;   0;-999;   0;  -999;   6.0;    -999;    9.4;   56.42;   19.2;   -0.8;   -3.2;eor
       3257;20200329;-999;-999;-999;    1;   0.0;   0;-999;   0;  -999;   5.8;    -999;    4.4;   69.88;    7.0;    1.6;   -0.8;eor
       3257;20200330;-999;-999;-999;    1;   0.0;   0;-999;   0;  -999;   3.0;    -999;    2.1;   45.58;    7.8;   -2.4;   -5.2;eor
       3257;20200331;-999;-999;-999;    1;   0.0;   0;-999;   0;  -999;   3.7;    -999;    1.8;   55.21;    8.7;   -4.4;   -7.4;eor
       3257;20200401;-999;-999;-999;    1;   0.0;   0;-999;   0;  -999;   3.4;    -999;    1.9;   53.79;   11.3;   -7.5;   -9.9;eor
       3257;20200402;-999;-999;-999;    1;   0.0;   0;-999;   0;  -999;   3.8;    -999;    4.9;   49.88;   15.0;   -5.7;   -8.1;eor
       3257;20200403;-999;-999;-999;    1;   0.0;   0;-999;   0;  -999;   6.1;    -999;    6.7;   63.00;   14.8;   -0.4;   -3.3;eor
       3257;20200404;-999;-999;-999;    1;   0.0;   0;-999;   0;  -999;   5.9;    -999;    7.9;   60.08;   16.7;   -0.5;   -3.2;eor
       3257;20200405;-999;-999;-999;    1;   0.0;   0;-999;   0;  -999;   5.6;    -999;    8.8;   56.42;   19.1;   -1.8;   -4.2;eor
       3257;20200406;-999;-999;-999;    1;   0.0;   0;-999;   0;  -999;   6.3;    -999;   11.1;   54.58;   23.3;   -1.2;   -4.1;eor
       3257;20200407;-999;-999;-999;    1;   0.0;   0;-999;   0;  -999;   6.7;    -999;   13.2;   50.75;   24.1;    1.9;   -0.6;eor
       3257;20200408;-999;-999;-999;    1;   0.0;   0;-999;   0;  -999;   7.1;    -999;   12.8;   55.17;   23.8;    2.4;   -0.1;eor
       3257;20200409;-999;-999;-999;    1;   0.0;   0;-999;   0;  -999;   7.1;    -999;   13.9;   52.04;   24.7;    2.7;    0.3;eor
       3257;20200410;-999;-999;-999;    1;   0.0;   0;-999;   0;  -999;   8.2;    -999;   13.9;   56.38;   23.7;    4.9;    2.6;eor
       3257;20200411;-999;-999;-999;    1;   0.0;   0;-999;   0;  -999;   6.8;    -999;   12.0;   54.88;   22.4;    2.4;   -0.1;eor
       3257;20200412;-999;-999;-999;    1;   0.0;   0;-999;   0;  -999;   7.0;    -999;   14.2;   49.50;   26.1;    2.0;   -0.3;eor
       3257;20200413;-999;-999;-999;    1;   2.0;   4;-999;   0;  -999;   8.1;    -999;    9.4;   68.83;   18.4;   -0.7;   -3.4;eor
       3257;20200414;-999;-999;-999;    1;   0.0;   0;-999;   0;  -999;   4.6;    -999;    3.5;   62.54;   10.2;   -2.9;   -5.5;eor
       3257;20200415;-999;-999;-999;    1;   0.0;   0;-999;   0;  -999;   5.2;    -999;    7.2;   57.17;   18.5;   -3.0;   -5.0;eor
       3257;20200416;-999;-999;-999;    1;   0.0;   0;-999;   0;  -999;   7.3;    -999;   12.4;   56.42;   24.5;   -0.4;   -2.6;eor
       3257;20200417;-999;-999;-999;    1;   0.0;   0;-999;   0;  -999;   9.4;    -999;   15.6;   57.71;   25.6;    5.9;    3.7;eor
       3257;20200418;-999;-999;-999;    1;   0.0;   0;-999;   0;  -999;  11.0;    -999;   15.2;   66.54;   25.4;    7.2;    4.5;eor
       3257;20200419;-999;-999;-999;    1;   0.0;   0;-999;   0;  -999;  10.8;    -999;   13.8;   68.83;   20.6;    8.4;    5.0;eor
       3257;20200420;-999;-999;-999;    1;   0.0;   0;-999;   0;  -999;   5.3;    -999;   12.9;   37.38;   19.4;    6.9;    5.3;eor
       3257;20200421;-999;-999;-999;    1;   0.0;   0;-999;   0;  -999;   5.3;    -999;   14.4;   33.63;   21.2;    7.6;    6.0;eor
       3257;20200422;-999;-999;-999;    1;   0.0;   0;-999;   0;  -999;   5.6;    -999;   14.8;   36.08;   22.5;    5.3;    0.8;eor
       3257;20200423;-999;-999;-999;    1;   0.0;   0;-999;   0;  -999;   6.7;    -999;   12.5;   51.63;   22.2;    1.7;   -1.4;eor
       3257;20200424;-999;-999;-999;    1;   0.0;   0;-999;   0;  -999;   7.7;    -999;   13.7;   54.92;   24.3;    2.5;    0.3;eor
       3257;20200425;-999;-999;-999;    1;   0.0;   0;-999;   0;  -999;   6.8;    -999;   11.5;   54.79;   19.1;    3.4;    0.8;eor
       3257;20200426;-999;-999;-999;    1;   0.0;   0;-999;   0;  -999;   6.6;    -999;   11.0;   56.67;   21.5;    0.3;   -2.1;eor
       3257;20200427;-999;-999;-999;    1;   0.0;   0;-999;   0;  -999;   8.1;    -999;   13.7;   55.83;   23.5;    3.9;    2.1;eor
       3257;20200428;-999;-999;-999;    1;   2.2;   4;-999;   0;  -999;  11.2;    -999;   12.4;   76.54;   20.1;    5.7;    3.6;eor
       3257;20200429;-999;-999;-999;    1;   0.7;   4;-999;   0;  -999;  10.8;    -999;   13.8;   70.08;   18.6;    8.7;    6.6;eor
       3257;20200430;-999;-999;-999;    1;   2.2;   4;-999;   0;  -999;  10.6;    -999;   12.2;   75.33;   17.0;    8.5;    5.8;eor
       3257;20200501;-999;-999;-999;    1;   4.9;   4;-999;-999;  -999;  10.5;    -999;   10.1;   85.33;   16.0;    6.7;    4.7;eor
       3257;20200502;-999;-999;-999;    1;   0.1;   4;-999;-999;  -999;   8.5;    -999;    9.8;   73.04;   16.4;    3.5;    1.8;eor
       3257;20200503;-999;-999;-999;    1;   0.0;   0;-999;-999;  -999;   7.9;    -999;   11.3;   63.38;   18.6;    3.3;    1.4;eor
       3257;20200504;-999;-999;-999;    1;  10.3;   4;-999;-999;  -999;  11.4;    -999;   12.6;   77.92;   20.1;    8.1;    6.5;eor
       3257;20200505;-999;-999;-999;    1;   0.0;   0;-999;-999;  -999;   7.4;    -999;    9.5;   66.33;   16.8;    2.6;    0.7;eor
       3257;20200506;-999;-999;-999;    1;   0.0;   0;-999;-999;  -999;   6.2;    -999;    9.0;   59.25;   17.2;    0.6;   -1.0;eor
       3257;20200507;-999;-999;-999;    1;   0.0;   0;-999;-999;  -999;   7.1;    -999;   12.4;   55.29;   22.7;    0.9;   -0.5;eor
       3257;20200508;-999;-999;-999;    1;   0.0;   0;-999;-999;  -999;   9.1;    -999;   16.0;   54.79;   25.4;    5.8;    4.3;eor
       3257;20200509;-999;-999;-999;    1;   0.3;   4;-999;-999;  -999;  11.5;    -999;   15.5;   67.75;   23.9;   10.1;    8.9;eor
       3257;20200510;-999;-999;-999;    1;   0.0;   0;-999;-999;  -999;  13.2;    -999;   17.7;   68.42;   26.7;    9.9;    8.6;eor
       3257;20200511;-999;-999;-999;    1;  23.7;   4;-999;-999;  -999;  10.0;    -999;    7.9;   91.00;   14.2;    0.3;   -1.1;eor
       3257;20200512;-999;-999;-999;    1;   0.0;   0;-999;-999;  -999;   6.1;    -999;    6.2;   69.17;   13.7;   -0.3;   -1.1;eor
       3257;20200513;-999;-999;-999;    1;   0.0;   0;-999;-999;  -999;   7.6;    -999;    8.6;   69.96;   14.5;    1.4;    0.2;eor
       3257;20200514;-999;-999;-999;    1;   0.0;   0;-999;-999;  -999;   8.0;    -999;   11.5;   60.58;   16.4;    6.9;    6.2;eor
       3257;20200515;-999;-999;-999;    1;   0.0;   0;-999;-999;  -999;   7.6;    -999;   12.8;   53.21;   18.7;    5.5;    3.5;eor
       3257;20200516;-999;-999;-999;    1;   0.0;   0;-999;-999;  -999;   7.4;    -999;   11.8;   58.79;   21.1;    1.8;    0.1;eor
       3257;20200517;-999;-999;-999;    1;   0.0;   0;-999;-999;  -999;   8.2;    -999;   12.6;   60.42;   21.5;    2.7;    1.1;eor
       3257;20200518;-999;-999;-999;    1;   0.0;   0;-999;-999;  -999;   9.0;    -999;   14.8;   58.25;   24.5;    3.6;    2.2;eor
       3257;20200519;-999;-999;-999;    1;   0.0;   0;-999;-999;  -999;  10.3;    -999;   17.4;   57.04;   26.6;    6.8;    5.1;eor
       3257;20200520;-999;-999;-999;    1;   0.0;   0;-999;-999;  -999;  12.2;    -999;   17.7;   62.58;   23.6;   10.6;    8.4;eor
       3257;20200521;-999;-999;-999;    1;   0.0;   0;-999;-999;  -999;  11.9;    -999;   16.9;   65.33;   25.5;    8.2;    6.4;eor
       3257;20200522;-999;-999;-999;    1;   0.2;   4;-999;-999;  -999;  14.3;    -999;   18.5;   69.00;   25.8;    9.1;    7.5;eor
       3257;20200523;-999;-999;-999;    1;   4.7;   4;-999;-999;  -999;  13.1;    -999;   13.5;   83.38;   17.9;    9.2;    7.8;eor
       3257;20200524;-999;-999;-999;    1;   0.1;   4;-999;-999;  -999;   9.9;    -999;   13.8;   65.50;   20.3;    8.9;    7.2;eor
       3257;20200525;-999;-999;-999;    1;   0.2;   4;-999;-999;  -999;  11.0;    -999;   15.0;   65.88;   20.9;    8.2;    6.3;eor
       3257;20200526;-999;-999;-999;    1;   0.0;   0;-999;-999;  -999;   9.2;    -999;   12.4;   66.67;   19.4;    4.6;    2.9;eor
       3257;20200527;-999;-999;-999;    1;   0.0;   0;-999;-999;  -999;   9.0;    -999;   14.4;   60.17;   24.1;    3.6;    2.0;eor
       3257;20200528;-999;-999;-999;    1;   0.0;   0;-999;-999;  -999;   9.2;    -999;   15.4;   55.63;   21.9;    6.5;    4.2;eor
       3257;20200529;-999;-999;-999;    1;   0.0;   0;-999;-999;  -999;   7.9;    -999;   14.1;   53.83;   22.1;    3.7;    1.9;eor
       3257;20200530;-999;-999;-999;    1;   0.0;   0;-999;-999;  -999;   7.7;    -999;   13.4;   53.58;   21.0;    4.9;    3.2;eor
       3257;20200531;-999;-999;-999;    1;   0.0;   0;-999;-999;  -999;   8.2;    -999;   14.2;   53.96;   21.8;    3.3;    1.7;eor
       3257;20200601;-999;-999;-999;    1;   0.0;   0;-999;-999;  -999;   9.8;    -999;   17.7;   52.50;   26.7;    6.2;    4.5;eor
       3257;20200602;-999;-999;-999;    1;   0.0;   0;-999;-999;  -999;  10.0;    -999;   18.4;   52.67;   27.6;    7.5;    5.7;eor
       3257;20200603;-999;-999;-999;    1;   0.7;   4;-999;-999;  -999;  11.2;    -999;   19.0;   56.08;   29.3;    8.9;    7.3;eor
       3257;20200604;-999;-999;-999;    1;   7.8;   4;-999;-999;  -999;  14.6;    -999;   15.1;   84.67;   19.5;   11.6;   11.0;eor
       3257;20200605;-999;-999;-999;    1;   6.6;   4;-999;-999;  -999;  11.4;    -999;   11.9;   82.38;   15.0;    9.4;    8.2;eor
       3257;20200606;-999;-999;-999;    1;   1.5;   4;-999;-999;  -999;  12.0;    -999;   12.6;   82.92;   16.7;    9.5;    9.0;eor
       3257;20200607;-999;-999;-999;    1;   0.0;   4;-999;-999;  -999;  11.5;    -999;   13.7;   74.96;   17.8;    7.5;    5.9;eor
       3257;20200608;-999;-999;-999;    1;   0.2;   4;-999;-999;  -999;  10.2;    -999;   13.6;   68.58;   20.6;    7.0;    5.7;eor
       3257;20200609;-999;-999;-999;    1;   1.2;   4;-999;-999;  -999;  12.0;    -999;   13.4;   78.58;   18.2;    8.4;    7.6;eor
