STATIONS_ID;MESS_DATUM;QN_3;  FX;  FM;QN_4; RSK;RSKF; SDK;SHK_TAG;  NM; VPM;  PM; TMK; UPM; TXK; TNK; TGK;eor
       3254;20181208;   10;  18.0;   6.5;    3;  21.5;   4;    0.000;-999;  -999;   9.1;  991.77;    7.6;   86.54;   -999;   -999;-999;eor
       3254;20181209;   10;  16.5;   5.1;    3;   2.9;   4;    0.800;-999;  -999;   8.8;  992.87;    7.0;   87.71;   -999;   -999;-999;eor
       3254;20181210;   10;  15.9;   4.1;    3;   0.8;   4;    2.600;   0;  -999;   7.0; 1011.93;    4.4;   83.33;   -999;   -999;-999;eor
       3254;20181211;   10;   9.8;   2.6;    3;   0.0;   0;    4.200;   0;  -999;   7.1; 1016.93;    4.1;   86.67;   -999;   -999;-999;eor
       3254;20181212;   10;   4.6;   1.9;    3;   0.0;   0;    1.000;   0;  -999;   6.7; 1021.33;    2.4;   92.17;   -999;   -999;-999;eor
       3254;20181213;   10;   8.7;   3.4;    3;   0.0;   0;    1.700;   0;  -999;   6.0; 1019.11;    1.4;   87.58;   -999;   -999;-999;eor
       3254;20181214;   10;   7.2;   2.9;    3;   0.0;   0;    0.900;   0;  -999;   5.6; 1020.28;    0.6;   87.29;   -999;   -999;-999;eor
       3254;20181215;   10;  11.8;   3.6;    3;   0.4;   4;    0.000;-999;  -999;   4.5; 1019.16;   -0.1;   73.58;   -999;   -999;-999;eor
       3254;20181216;   10;  11.3;   3.1;    3;   2.3;   4;    0.000;-999;  -999;   5.2; 1007.13;   -0.7;   88.75;   -999;   -999;-999;eor
       3254;20181217;   10;   6.7;   2.2;    3;   1.3;   4;    0.000;   2;  -999;   7.9; 1012.20;    3.7;   97.21;   -999;   -999;-999;eor
       3254;20181218;   10;   9.3;   3.7;    3;   0.2;   4;    0.500;   0;  -999;   8.0; 1015.09;    5.6;   87.67;   -999;   -999;-999;eor
       3254;20181219;   10;   8.7;   3.3;    3;   0.2;   4;    0.000;   0;  -999;   8.3; 1005.83;    6.6;   84.21;   -999;   -999;-999;eor
       3254;20181220;   10;   9.3;   3.1;    3;   3.0;   4;    0.000;   0;  -999;   9.1; 1005.07;    6.8;   92.08;   -999;   -999;-999;eor
       3254;20181221;   10;  15.9;   5.2;    3;  20.3;   4;    0.000;   0;  -999;  10.6;  996.15;    8.5;   94.75;   -999;   -999;-999;eor
       3254;20181222;   10;  11.3;   3.4;    3;   8.8;   4;    0.000;-999;  -999;   9.9; 1005.25;    7.4;   95.79;   -999;   -999;-999;eor
       3254;20181223;   10;   7.7;   2.6;    3;  10.1;   4;    0.000;-999;  -999;   9.5; 1011.68;    6.7;   96.83;   -999;   -999;-999;eor
       3254;20181224;   10;   6.7;   2.2;-999;-999;-999;-999;-999;  -999;   7.6; 1023.27;    4.1;   93.21;-999;-999;-999;eor
       3254;20181225;   10;-999;-999;-999;-999;-999;-999;-999;  -999;  -999;    -999;   -999;-999;-999;-999;-999;eor
       3254;20181226;   10;-999;-999;    3;   0.0;   0;-999;-999;  -999;  -999;    -999;   -999;-999;-999;-999;-999;eor
       3254;20181227;   10;   6.2;   2.5;    3;   0.0;   0;    0.000;-999;  -999;   6.7; 1021.32;    3.4;   86.00;   -999;   -999;-999;eor
       3254;20181228;   10;   5.1;   2.3;    3;   0.0;   0;    0.000;-999;  -999;   7.0; 1022.85;    3.8;   86.46;   -999;   -999;-999;eor
       3254;20181229;   10;  15.4;   4.6;    3;   2.3;   4;    0.000;-999;  -999;   9.4; 1021.02;    6.8;   93.96;   -999;   -999;-999;eor
       3254;20181230;   10;  15.4;   3.4;    3;   1.0;   4;    0.500;-999;  -999;   9.2; 1025.04;    7.7;   87.92;   -999;   -999;-999;eor
       3254;20181231;   10;  10.8;   2.9;    3;   0.2;   4;    0.000;-999;  -999;  10.8; 1026.37;    8.6;   95.92;   -999;   -999;-999;eor
       3254;20190101;   10;  17.5;   5.7;    3;   3.7;   4;    1.600;-999;  -999;   8.2; 1020.91;    6.7;   83.04;   -999;   -999;-999;eor
       3254;20190102;   10;  17.0;   4.3;    3;   0.2;   4;    5.300;   0;  -999;   5.5; 1028.93;    4.2;   67.96;   -999;   -999;-999;eor
       3254;20190103;   10;   5.7;   2.1;    3;   0.5;   4;    0.800;   0;  -999;   6.8; 1032.70;    2.6;   92.63;   -999;   -999;-999;eor
       3254;20190104;   10;   9.8;   2.9;    3;   3.1;   4;    0.000;   0;  -999;   7.7; 1029.30;    3.4;   96.50;   -999;   -999;-999;eor
       3254;20190105;   10;  13.4;   4.7;    3;   7.9;   4;    0.000;-999;  -999;  10.0; 1023.23;    7.3;   97.17;   -999;   -999;-999;eor
       3254;20190106;   10;   8.7;   3.0;    3;   3.6;   4;    0.000;-999;  -999;   9.4; 1026.18;    6.6;   97.21;   -999;   -999;-999;eor
       3254;20190107;   10;  15.4;   3.8;    3;   7.9;   4;    0.000;   0;  -999;   9.1; 1021.58;    6.0;   96.21;   -999;   -999;-999;eor
       3254;20190108;   10;  19.5;   6.9;    3;   8.9;   4;    0.500;   0;  -999;   7.8; 1006.13;    6.4;   82.04;   -999;   -999;-999;eor
       3254;20190109;   10;  15.4;   4.7;    3;   0.0;   0;    4.800;   0;  -999;   6.0; 1013.26;    2.9;   80.17;   -999;   -999;-999;eor
       3254;20190110;   10;   6.2;   1.8;    3;   1.8;   4;    0.000;   0;  -999;   6.2; 1020.71;    1.0;   93.75;   -999;   -999;-999;eor
       3254;20190111;   10;   9.8;   3.2;    3;   1.6;   4;    0.000;   0;  -999;   8.8; 1016.69;    5.5;   95.92;   -999;   -999;-999;eor
       3254;20190112;   10;  11.8;   4.1;    3;   8.1;   4;    0.000;-999;  -999;   9.1; 1009.41;    6.3;   95.00;   -999;   -999;-999;eor
       3254;20190113;   10;  19.0;   5.1;    3;  16.4;   4;    0.000;-999;  -999;   9.7;  997.00;    7.6;   92.83;   -999;   -999;-999;eor
       3254;20190114;   10;  15.4;   4.2;    3;   0.2;   4;    4.000;   0;  -999;   6.3; 1006.03;    4.3;   75.96;   -999;   -999;-999;eor
       3254;20190115;   10;  11.8;   5.2;    3;   0.1;   4;    0.000;   0;  -999;   8.0; 1009.13;    5.5;   86.92;   -999;   -999;-999;eor
       3254;20190116;   10;  12.9;   5.4;    3;   3.7;   4;    0.000;   0;  -999;   8.3; 1000.59;    6.2;   87.58;   -999;   -999;-999;eor
       3254;20190117;   10;  13.4;   4.5;    3;   1.9;   4;    0.400;   0;  -999;   7.1;  996.60;    3.3;   92.29;   -999;   -999;-999;eor
       3254;20190118;   10;   6.7;   2.2;    3;   0.0;   0;    2.600;   0;  -999;   5.2; 1013.01;   -0.2;   88.00;   -999;   -999;-999;eor
       3254;20190119;   10;   4.6;   1.6;    3;   0.0;   0;    5.000;-999;  -999;   4.4; 1012.96;   -2.1;   85.58;   -999;   -999;-999;eor
       3254;20190120;   10;   3.1;   1.4;    3;   0.0;   0;    2.300;-999;  -999;   4.2; 1013.95;   -4.1;   92.46;   -999;   -999;-999;eor
       3254;20190121;   10;   5.7;   1.9;    3;   0.0;   0;    5.400;   0;  -999;   4.0; 1015.89;   -3.5;   83.42;   -999;   -999;-999;eor
       3254;20190122;   10;   9.3;   3.3;    3;   0.3;   4;    1.900;   0;  -999;   4.0; 1001.96;   -1.5;   73.75;   -999;   -999;-999;eor
       3254;20190123;   10;   6.7;   2.6;    3;   0.0;   4;    0.000;   1;  -999;   4.2;  997.31;   -2.9;   85.08;   -999;   -999;-999;eor
       3254;20190124;   10;   5.1;   2.2;    3;   0.0;   4;    0.000;   1;  -999;   3.3; 1006.91;   -5.0;   79.00;   -999;   -999;-999;eor
       3254;20190125;   10;   9.3;   2.8;    3;   9.2;   4;    0.000;   1;  -999;   4.3; 1007.45;   -3.4;   84.71;   -999;   -999;-999;eor
       3254;20190126;   10;  10.8;   4.1;    3;   8.4;   4;    0.000;-999;  -999;   8.9;  996.29;    5.6;   96.67;   -999;   -999;-999;eor
       3254;20190127;   10;  11.3;   4.3;    3;   1.9;   4;    0.000;-999;  -999;   8.5;  979.98;    5.5;   94.38;   -999;   -999;-999;eor
       3254;20190128;   10;  13.4;   4.1;    3;   3.3;   4;    0.000;   0;  -999;   7.0;  986.97;    2.7;   95.33;   -999;   -999;-999;eor
       3254;20190129;   10;   9.8;   2.7;    3;   0.0;   4;    5.100;   0;  -999;   5.5;  997.58;    0.8;   86.13;   -999;   -999;-999;eor
       3254;20190130;   10;   7.2;   2.5;    3;   2.5;   4;    0.000;   0;  -999;   5.2;  989.54;   -0.3;   87.17;   -999;   -999;-999;eor
       3254;20190131;   10;   5.7;   2.0;    3;   0.1;   4;    1.700;   3;  -999;   5.7;  991.05;    0.0;   92.88;   -999;   -999;-999;eor
       3254;20190201;   10;   9.3;   3.5;    3;   0.1;   4;    0.000;   2;  -999;   5.5;  986.86;    0.3;   87.33;   -999;   -999;-999;eor
       3254;20190202;   10;   5.7;   2.4;    3;   1.1;   4;    0.000;-999;  -999;   6.0;  995.21;    0.2;   96.54;   -999;   -999;-999;eor
       3254;20190203;   10;   6.2;   1.9;    3;   0.0;   0;    4.600;-999;  -999;   5.9; 1013.50;    0.9;   90.75;   -999;   -999;-999;eor
       3254;20190204;   10;  14.4;   4.9;    3;   0.4;   4;    0.000;   0;  -999;   5.6; 1018.20;    1.3;   83.17;   -999;   -999;-999;eor
       3254;20190205;   10;  10.8;   3.4;    3;   0.0;   4;    0.000;   0;  -999;   7.3; 1020.55;    3.5;   93.21;   -999;   -999;-999;eor
       3254;20190206;   10;   9.3;   3.5;    3;  17.3;   4;    0.000;   0;  -999;   7.6; 1015.49;    4.4;   89.42;   -999;   -999;-999;eor
       3254;20190207;   10;  17.5;   5.9;    3;   2.1;   4;    2.500;   0;  -999;   8.2; 1002.47;    7.2;   82.21;   -999;   -999;-999;eor
       3254;20190208;   10;  15.9;   6.1;    3;   2.7;   4;    0.000;   0;  -999;   8.5; 1001.55;    7.5;   81.96;   -999;   -999;-999;eor
       3254;20190209;   10;  19.0;   7.4;    3;   2.3;   4;    0.500;-999;  -999;   7.9;  995.14;    8.5;   71.21;   -999;   -999;-999;eor
       3254;20190210;   10;  14.9;   4.8;    3;  11.0;   4;    0.000;-999;  -999;   8.8;  988.48;    6.5;   91.38;   -999;   -999;-999;eor
       3254;20190211;   10;  14.4;   4.5;    3;   0.6;   4;    4.300;   0;  -999;   6.8; 1010.79;    5.4;   75.75;   -999;   -999;-999;eor
       3254;20190212;   10;   9.3;   3.3;    3;   0.0;   4;    1.000;   0;  -999;   7.2; 1026.25;    4.8;   83.92;   -999;   -999;-999;eor
       3254;20190213;   10;   8.7;   3.6;    3;   0.0;   4;    0.000;   0;  -999;   8.0; 1028.91;    6.0;   85.25;   -999;   -999;-999;eor
       3254;20190214;   10;   6.7;   2.1;    3;   0.0;   0;    8.200;   0;  -999;   6.1; 1029.82;    4.3;   77.88;   -999;   -999;-999;eor
       3254;20190215;   10;   6.2;   1.3;    3;   0.0;   0;    8.600;   0;  -999;   5.9; 1025.89;    4.6;   74.71;   -999;   -999;-999;eor
       3254;20190216;   10;   7.7;   2.5;    3;   0.0;   0;    8.400;-999;  -999;   6.5; 1019.83;    6.6;   68.92;   -999;   -999;-999;eor
       3254;20190217;   10;   5.7;   1.6;    3;   0.0;   0;    8.300;-999;  -999;   6.7; 1016.26;    5.7;   76.92;   -999;   -999;-999;eor
       3254;20190218;   10;   7.7;   2.0;    3;   0.1;   4;    8.600;   0;  -999;   6.5; 1011.94;    6.6;   70.71;   -999;   -999;-999;eor
       3254;20190219;   10;  11.8;   4.1;    3;   0.9;   4;    0.800;   0;  -999;   8.7; 1011.42;    6.9;   86.67;   -999;   -999;-999;eor
       3254;20190220;   10;   8.7;   3.4;    3;   0.0;   4;    0.300;   0;  -999;   7.8; 1016.32;    7.6;   76.13;   -999;   -999;-999;eor
       3254;20190221;   10;  10.8;   3.3;    3;   0.8;   4;    0.200;   0;  -999;   9.4; 1020.35;    7.9;   87.42;   -999;   -999;-999;eor
       3254;20190222;   10;   8.2;   2.6;    3;   0.0;   4;    0.100;   0;  -999;   9.8; 1031.36;    8.1;   91.00;   -999;   -999;-999;eor
       3254;20190223;   10;   6.7;   2.8;    3;   0.0;   0;    8.700;-999;  -999;   6.3; 1034.22;    4.7;   75.83;   -999;   -999;-999;eor
       3254;20190224;   10;   4.1;   1.1;    3;   0.0;   0;    9.200;-999;  -999;   4.7; 1033.20;    4.3;   64.17;   -999;   -999;-999;eor
       3254;20190225;   10;   3.1;   1.0;    3;   0.0;   0;    9.200;   0;  -999;   4.8; 1032.99;    5.1;   61.54;   -999;   -999;-999;eor
       3254;20190226;   10;   3.1;   0.9;    3;   0.0;   0;    9.300;   0;  -999;   4.6; 1029.53;    5.8;   58.75;   -999;   -999;-999;eor
       3254;20190227;   10;   6.2;   1.7;    3;   0.0;   0;    9.400;   0;  -999;   6.1; 1020.22;    7.5;   62.29;   -999;   -999;-999;eor
       3254;20190228;   10;  10.3;   2.5;    3;   2.2;   4;    1.500;   0;  -999;   8.7; 1009.53;    7.2;   85.67;   -999;   -999;-999;eor
       3254;20190301;   10;   8.7;   2.8;    3;   0.0;   4;    0.200;   0;  -999;   8.0; 1009.25;    6.4;   82.71;   -999;   -999;-999;eor
       3254;20190302;   10;  10.8;   3.1;    3;   0.3;   4;    2.400;-999;  -999;   8.0; 1008.15;    6.9;   79.54;   -999;   -999;-999;eor
       3254;20190303;   10;  14.4;   6.2;    3;   3.3;   4;    0.000;-999;  -999;  11.2;  997.15;   10.4;   88.17;   -999;   -999;-999;eor
       3254;20190304;   10;  24.2;   7.8;    3;   4.2;   4;    0.100;   0;  -999;   8.2;  985.49;    9.0;   71.29;   -999;   -999;-999;eor
       3254;20190305;   10;  15.4;   5.0;    3;   1.6;   4;    5.000;   0;  -999;   7.0;  997.86;    6.6;   72.38;   -999;   -999;-999;eor
       3254;20190306;   10;  13.9;   4.4;    3;   0.8;   4;    0.100;   0;  -999;   8.9;  994.99;    8.8;   78.71;   -999;   -999;-999;eor
       3254;20190307;   10;  20.1;   7.0;    3;   9.5;   4;    3.500;   0;  -999;   9.0;  986.22;    9.6;   75.00;   -999;   -999;-999;eor
       3254;20190308;   10;  18.0;   5.3;    3;   3.0;   4;    2.300;   0;  -999;   7.4; 1001.28;    7.2;   74.38;   -999;   -999;-999;eor
       3254;20190309;   10;  24.2;   6.9;    3;   2.2;   4;    1.800;-999;  -999;   8.0; 1001.33;    7.3;   78.38;   -999;   -999;-999;eor
       3254;20190310;   10;  12.9;   3.6;    3;  22.8;   4;    0.000;-999;  -999;   7.3;  999.94;    3.9;   90.67;   -999;   -999;-999;eor
       3254;20190311;   10;  17.0;   5.1;    3;   7.0;   4;    0.300;   0;  -999;   7.2; 1008.27;    3.8;   88.88;   -999;   -999;-999;eor
       3254;20190312;   10;  22.1;   6.3;    3;   0.9;   4;    0.000;   0;  -999;   6.5; 1005.00;    5.6;   74.13;   -999;   -999;-999;eor
       3254;20190313;   10;  18.0;   7.3;    3;  10.3;   4;    0.000;   0;  -999;   7.9;  994.09;    5.9;   84.38;   -999;   -999;-999;eor
       3254;20190314;   10;  15.9;   5.7;    3;  10.8;   4;    0.000;   0;  -999;   8.7;  993.38;    6.7;   88.54;   -999;   -999;-999;eor
       3254;20190315;   10;  21.1;   5.9;    3;   0.3;   4;    1.700;   0;  -999;   8.2;  996.30;    8.3;   75.63;   -999;   -999;-999;eor
       3254;20190316;   10;  21.6;-999;    3;   1.9;   4;-999;-999;  -999;   8.4;  999.13;    8.0;   74.50;   -999;   -999;-999;eor
       3254;20190317;   10;  17.0;   6.1;    3;   2.9;   4;    3.100;-999;  -999;   7.7;  994.71;    7.4;   74.92;   -999;   -999;-999;eor
       3254;20190318;   10;  15.4;   4.7;    3;   1.8;   4;    5.900;   0;  -999;   6.8; 1009.81;    5.4;   76.96;   -999;   -999;-999;eor
       3254;20190319;   10;   8.7;   2.3;    3;   0.0;   0;    6.800;   0;  -999;   6.3; 1022.44;    4.5;   77.38;   -999;   -999;-999;eor
       3254;20190320;   10;   7.2;   2.9;    3;   0.0;   4;    0.000;   0;  -999;   9.2; 1027.08;    7.5;   86.54;   -999;   -999;-999;eor
       3254;20190321;   10;   8.2;   2.6;    3;   0.0;   0;    1.100;   0;  -999;  10.8; 1028.75;   10.3;   86.88;   -999;   -999;-999;eor
       3254;20190322;   10;   7.2;   2.5;    3;   0.0;   0;    8.000;   0;  -999;   9.9; 1024.65;   11.6;   75.75;   -999;   -999;-999;eor
       3254;20190323;   10;   7.7;   2.9;    3;   0.3;   4;    0.800;-999;  -999;   9.2; 1024.67;    7.4;   89.67;   -999;   -999;-999;eor
       3254;20190324;   10;   8.7;   2.3;    3;   1.7;   4;    5.200;-999;  -999;   6.4; 1021.98;    4.9;   75.71;   -999;   -999;-999;eor
       3254;20190325;   10;  17.5;   5.4;    3;   3.4;   4;    3.200;   0;  -999;   7.6; 1015.94;    5.6;   83.58;   -999;   -999;-999;eor
       3254;20190326;   10;   9.3;   2.8;    3;   0.7;   4;    0.000;   0;  -999;   7.9; 1024.55;    6.6;   80.71;   -999;   -999;-999;eor
       3254;20190327;   10;   7.7;   2.4;    3;   0.0;   4;    0.400;   0;  -999;   8.7; 1027.41;    8.0;   81.96;   -999;   -999;-999;eor
       3254;20190328;   10;   4.6;   1.5;    3;   0.0;   0;    0.300;   0;  -999;   9.2; 1029.93;    9.3;   79.00;   -999;   -999;-999;eor
       3254;20190329;   10;   7.7;   1.5;    3;   0.0;   0;   11.100;   0;  -999;   8.4; 1025.57;    9.5;   74.63;   -999;   -999;-999;eor
       3254;20190330;   10;   9.3;   2.3;    3;   0.0;   0;    8.300;-999;  -999;   8.5; 1016.74;   10.0;   73.25;   -999;   -999;-999;eor
       3254;20190331;   10;  10.8;   4.4;    3;   0.0;   0;    7.400;-999;  -999;   6.6; 1020.72;    6.7;   69.38;   -999;   -999;-999;eor
       3254;20190401;   10;  10.8;   4.0;    3;   0.0;   0;   11.600;   0;  -999;   4.7; 1018.10;    5.7;   55.25;   -999;   -999;-999;eor
       3254;20190402;   10;  12.9;   3.7;    3;   0.0;   4;    6.400;   0;  -999;   7.6; 1001.96;    9.1;   64.33;   -999;   -999;-999;eor
       3254;20190403;   10;   8.2;   2.4;    3;   3.3;   4;    0.000;   0;  -999;   8.5;  997.19;    8.0;   80.33;   -999;   -999;-999;eor
       3254;20190404;   10;   4.1;   1.4;    3;  13.3;   4;    0.000;   0;  -999;   8.7;  996.73;    5.5;   95.96;   -999;   -999;-999;eor
       3254;20190405;   10;   4.6;   2.0;    3;   0.8;   4;    0.000;   0;  -999;   9.3; 1002.02;    6.5;   95.38;   -999;   -999;-999;eor
       3254;20190406;   10;   8.2;   3.1;    3;   0.0;   0;    6.100;-999;  -999;  10.7; 1001.77;   10.6;   85.46;   -999;   -999;-999;eor
       3254;20190407;   10;  10.3;   3.4;    3;   0.0;   0;   11.800;-999;  -999;   8.3; 1002.44;   13.4;   58.29;   -999;   -999;-999;eor
       3254;20190408;   10;  11.3;   3.7;    3;   0.0;   0;   11.900;   0;  -999;   8.2; 1006.22;   12.1;   61.92;   -999;   -999;-999;eor
       3254;20190409;   10;  12.9;   6.0;    3;   0.0;   0;   12.100;   0;  -999;   5.9; 1010.15;    7.9;   57.58;   -999;   -999;-999;eor
       3254;20190410;   10;  10.8;   5.2;    3;   0.0;   0;   12.100;   0;  -999;   4.9; 1014.33;    4.8;   58.71;   -999;   -999;-999;eor
       3254;20190411;   10;  10.8;   4.4;    3;   0.0;   0;    8.000;   0;  -999;   4.9; 1019.81;    4.9;   59.54;   -999;   -999;-999;eor
       3254;20190412;   10;  10.3;   3.7;    3;   0.1;   4;    1.100;   0;  -999;   5.2; 1022.06;    3.8;   66.17;   -999;   -999;-999;eor
       3254;20190413;   10;  10.3;   3.7;    3;   1.4;   4;    5.100;-999;  -999;   5.7; 1021.14;    1.5;   85.13;   -999;   -999;-999;eor
       3254;20190414;   10;  11.3;   4.0;    3;   0.0;   0;    6.700;-999;  -999;   6.2; 1021.99;    5.1;   71.63;   -999;   -999;-999;eor
       3254;20190415;   10;  12.3;   4.6;    3;   0.0;   0;   12.000;   0;  -999;   6.3; 1020.80;    9.7;   55.29;   -999;   -999;-999;eor
       3254;20190416;   10;  12.9;   5.2;    3;   0.0;   0;   12.300;   0;  -999;   5.9; 1014.95;   10.3;   48.88;   -999;   -999;-999;eor
       3254;20190417;   10;  11.3;   4.3;    3;   0.0;   0;    9.300;   0;  -999;   5.6; 1018.55;   13.3;   38.58;   -999;   -999;-999;eor
       3254;20190418;   10;  14.4;   4.6;    3;   0.0;   0;   12.700;   0;  -999;   6.6; 1022.94;   15.0;   41.13;   -999;   -999;-999;eor
       3254;20190419;   10;  11.3;   3.9;    3;   0.0;   0;   12.700;-999;  -999;   7.4; 1025.40;   15.7;   44.38;   -999;   -999;-999;eor
       3254;20190420;   10;  11.3;   3.8;    3;   0.0;   0;   12.800;-999;  -999;   6.5; 1025.20;   15.4;   40.04;   -999;   -999;-999;eor
       3254;20190421;   10;   8.2;   2.5;    3;   0.0;   0;   12.900;-999;  -999;   6.0; 1016.77;   13.5;   45.29;   -999;   -999;-999;eor
       3254;20190422;   10;  15.9;   5.5;    3;   0.0;   0;   13.000;-999;  -999;   6.3; 1007.02;   16.0;   36.75;   -999;   -999;-999;eor
       3254;20190423;   10;  18.0;   7.8;    3;   0.0;   4;   13.000;   0;  -999;   8.1;  997.93;   15.9;   44.96;   -999;   -999;-999;eor
       3254;20190424;   10;  17.0;   4.8;    3;   2.6;   4;    9.800;   0;  -999;  11.2;  995.65;   18.7;   55.04;   -999;   -999;-999;eor
       3254;20190425;   10;  14.4;   4.3;    3;   0.1;   4;    8.500;   0;  -999;  10.2; 1002.37;   14.7;   64.21;   -999;   -999;-999;eor
       3254;20190426;   10;   7.7;   2.2;    3;   2.0;   4;    0.400;   0;  -999;  11.4; 1007.25;   12.1;   82.88;   -999;   -999;-999;eor
       3254;20190427;   10;  13.4;   3.0;    3;   2.6;   4;    2.800;-999;  -999;   9.4; 1006.45;    8.7;   84.42;   -999;   -999;-999;eor
       3254;20190428;   10;   7.2;   2.0;    3;   0.0;   0;    2.500;-999;  -999;   8.5; 1013.31;    8.1;   80.29;   -999;   -999;-999;eor
       3254;20190429;   10;   9.3;   3.0;    3;   0.1;   4;    1.900;   0;  -999;   9.4; 1019.37;    7.8;   86.46;   -999;   -999;-999;eor
       3254;20190430;   10;   7.7;   3.0;    3;   0.0;   0;    8.000;   0;  -999;   9.8; 1017.65;   11.1;   76.38;   -999;   -999;-999;eor
       3254;20190501;   10;   7.7;   2.8;    3;   0.0;   0;    4.600;-999;  -999;   9.1; 1012.13;    9.7;   75.58;   -999;   -999;-999;eor
       3254;20190502;   10;  11.3;   3.8;    3;   0.0;   4;    1.000;   0;  -999;  10.0; 1004.64;   10.6;   78.67;   -999;   -999;-999;eor
       3254;20190503;   10;  11.3;   3.4;    3;   0.2;   4;    3.900;   0;  -999;   6.6; 1006.16;    7.6;   65.29;   -999;   -999;-999;eor
       3254;20190504;   10;  13.9;   4.2;    3;   1.0;   4;    9.200;-999;  -999;   5.9; 1005.46;    5.9;   65.96;   -999;   -999;-999;eor
       3254;20190505;   10;  12.3;   3.6;    3;   0.2;   4;    4.900;-999;  -999;   6.7; 1014.03;    6.7;   70.46;   -999;   -999;-999;eor
       3254;20190506;   10;  11.3;   3.1;    3;   6.6;   4;    1.900;   0;  -999;   7.7; 1014.11;    7.0;   77.87;   -999;   -999;-999;eor
       3254;20190507;   10;   6.7;   2.0;    3;   0.0;   0;    5.000;   0;  -999;   7.1; 1012.02;    7.1;   72.88;   -999;   -999;-999;eor
       3254;20190508;   10;  10.8;   2.9;    3;   2.0;   4;    1.000;   0;  -999;   8.9;  997.14;    8.9;   79.25;   -999;   -999;-999;eor
       3254;20190509;   10;  10.8;   3.3;    3;   3.1;   4;    5.900;   0;  -999;  10.6;  993.18;   12.0;   78.75;   -999;   -999;-999;eor
       3254;20190510;   10;   8.2;   2.7;    3;   0.0;   0;    1.200;   0;  -999;   9.7; 1003.45;   10.3;   79.08;   -999;   -999;-999;eor
       3254;20190511;   10;  11.8;   4.3;    3;   0.0;   0;    9.500;-999;  -999;   7.4; 1012.06;    9.0;   67.33;   -999;   -999;-999;eor
       3254;20190512;   10;  12.9;   3.9;    3;   0.0;   0;    9.100;-999;  -999;   6.9; 1028.36;    8.4;   66.46;   -999;   -999;-999;eor
       3254;20190513;   10;  10.8;   3.3;    3;   0.0;   0;   13.400;   0;  -999;   6.2; 1034.04;    8.2;   62.17;   -999;   -999;-999;eor
       3254;20190514;   10;   8.7;   3.3;    3;   0.0;   0;   13.800;   0;  -999;   6.2; 1029.01;    9.6;   57.13;   -999;   -999;-999;eor
       3254;20190515;   10;  10.8;   3.6;    3;   0.0;   0;   12.400;   0;  -999;   5.9; 1022.68;   10.4;   51.71;   -999;   -999;-999;eor
       3254;20190516;   10;  11.8;   4.4;    3;   0.2;   4;    1.400;   0;  -999;   7.9; 1013.98;   10.5;   62.04;   -999;   -999;-999;eor
       3254;20190517;   10;   9.3;   3.1;    3;   0.0;   0;    0.000;   0;  -999;  10.5; 1004.55;   12.3;   73.79;   -999;   -999;-999;eor
       3254;20190518;   10;   7.2;   1.9;    3;   0.0;   0;    9.200;-999;  -999;  10.4; 1001.54;   15.4;   63.71;   -999;   -999;-999;eor
       3254;20190519;   10;  11.3;   3.0;    3;   5.8;   4;   10.000;-999;  -999;  11.5; 1000.54;   16.3;   67.17;   -999;   -999;-999;eor
       3254;20190520;   10;   9.3;   2.6;    3;   0.0;   4;    1.100;   0;  -999;  14.5; 1001.74;   14.5;   88.42;   -999;   -999;-999;eor
       3254;20190521;   10;  10.8;   4.2;    3;   0.0;   4;    0.100;   0;  -999;  13.1; 1006.33;   14.0;   82.92;   -999;   -999;-999;eor
       3254;20190522;   10;  10.3;   3.4;    3;   0.0;   0;    4.600;   0;  -999;   9.6; 1013.15;   13.2;   65.63;   -999;   -999;-999;eor
       3254;20190523;   10;   8.7;   2.3;    3;   0.0;   0;   11.700;   0;  -999;   8.5; 1012.55;   14.1;   58.67;   -999;   -999;-999;eor
       3254;20190524;   10;  12.3;   3.4;    3;   0.0;   0;   12.700;   0;  -999;   9.5; 1009.46;   15.2;   60.50;   -999;   -999;-999;eor
       3254;20190525;   10;   7.2;   2.4;    3;   0.0;   0;    4.000;-999;  -999;   9.8; 1012.02;   12.8;   67.29;   -999;   -999;-999;eor
       3254;20190526;   10;  14.4;   4.6;    3;   2.4;   4;    0.400;-999;  -999;  12.0; 1006.05;   15.8;   67.33;   -999;   -999;-999;eor
       3254;20190527;   10;  10.8;   3.5;    3;   0.1;   4;    5.700;   0;  -999;  10.9; 1002.97;   14.2;   69.00;   -999;   -999;-999;eor
       3254;20190528;   10;  10.3;   3.1;    3;   0.0;   4;    3.700;   0;  -999;   8.9; 1005.30;   11.5;   67.33;   -999;   -999;-999;eor
       3254;20190529;   10;  10.3;   2.1;    3;   0.0;   4;   11.800;   0;  -999;   7.1; 1015.98;   11.4;   57.29;   -999;   -999;-999;eor
       3254;20190530;   10;  11.8;   4.0;    3;   0.3;   4;    0.500;-999;  -999;  12.9; 1015.78;   16.3;   67.92;   -999;   -999;-999;eor
       3254;20190531;   10;  11.3;   3.7;    3;   0.0;   0;    7.600;-999;  -999;  14.2; 1017.82;   18.8;   66.83;   -999;   -999;-999;eor
       3254;20190601;   10;   9.3;   3.0;    3;   0.0;   0;   12.400;-999;  -999;  13.3; 1016.00;   18.6;   65.17;   -999;   -999;-999;eor
       3254;20190602;   10;  12.9;   3.6;    3;   0.9;   4;   13.700;-999;  -999;  13.9; 1008.66;   23.0;   53.29;   -999;   -999;-999;eor
       3254;20190603;   10;   9.3;   2.4;    3;   0.1;   4;    1.700;   0;  -999;  15.3; 1007.60;   18.0;   73.55;   -999;   -999;-999;eor
       3254;20190604;   10;  12.9;   3.5;    3;   0.0;   0;    5.800;   0;  -999;  -999;    -999;   19.4;-999;   -999;   -999;-999;eor
       3254;20190605;   10;   9.3;   3.8;    3;   1.3;   4;    8.000;   0;  -999;  15.3; 1001.67;   21.7;   60.75;   -999;   -999;-999;eor
       3254;20190606;   10;  14.4;   3.6;    3;   0.0;   4;    1.000;   0;  -999;  13.3; 1005.55;   15.3;   77.42;   -999;   -999;-999;eor
       3254;20190607;   10;  17.0;   4.2;    3;   1.3;   4;   11.200;   0;  -999;  11.4; 1006.31;   16.0;   66.58;   -999;   -999;-999;eor
       3254;20190608;   10;  18.0;   7.2;    3;   0.0;   0;    3.400;-999;  -999;  10.0; 1009.29;   15.4;   57.29;   -999;   -999;-999;eor
       3254;20190609;   10;   9.8;   3.7;    3;   0.0;   0;    9.400;-999;  -999;   9.8; 1016.83;   16.4;   55.17;   -999;   -999;-999;eor
       3254;20190610;   10;   8.7;   4.1;    3;  16.1;   4;    4.000;-999;  -999;  14.0; 1007.93;   18.3;   67.54;   -999;   -999;-999;eor
       3254;20190611;   10;   9.8;   2.7;    3;   2.6;   4;    6.100;   0;  -999;  14.8; 1006.13;   16.8;   78.38;   -999;   -999;-999;eor
       3254;20190612;   10;  10.8;   3.5;    3;   8.4;   4;    3.100;   0;  -999;  14.6; 1004.55;   15.4;   84.04;   -999;   -999;-999;eor
       3254;20190613;   10;  13.9;   4.1;    3;   0.0;   4;    8.800;   0;  -999;  11.2; 1006.77;   15.7;   65.38;   -999;   -999;-999;eor
       3254;20190614;   10;   5.7;   2.1;    3;   5.9;   4;   11.300;   0;  -999;  12.8; 1009.38;   19.1;   60.17;   -999;   -999;-999;eor
       3254;20190615;   10;  12.3;   3.4;    3;   1.8;   4;    4.000;-999;  -999;  16.1; 1007.61;   17.1;   83.67;   -999;   -999;-999;eor
       3254;20190616;   10;  10.3;   2.4;    3;   0.2;   4;    7.500;-999;  -999;  13.4; 1014.39;   16.1;   75.54;   -999;   -999;-999;eor
       3254;20190617;   10;   8.2;   2.0;    3;   0.0;   0;   13.300;   0;  -999;  13.3; 1014.85;   19.5;   63.25;   -999;   -999;-999;eor
       3254;20190618;   10;   7.7;   2.3;    3;   0.0;   0;   12.400;   0;  -999;  14.7; 1009.23;   21.6;   60.88;   -999;   -999;-999;eor
       3254;20190619;   10;  18.0;   2.6;    3;  22.2;   4;    8.800;   0;  -999;  17.3; 1002.78;   20.2;   75.21;   -999;   -999;-999;eor
       3254;20190620;   10;  11.8;   3.1;    3;   0.0;   4;    3.800;   0;  -999;  15.6; 1006.06;   17.6;   78.46;   -999;   -999;-999;eor
       3254;20190621;   10;   8.2;   2.8;    3;   0.0;   0;    7.700;   0;  -999;  12.9; 1013.63;   16.3;   71.58;   -999;   -999;-999;eor
       3254;20190622;   10;   9.3;   3.5;    3;   0.0;   0;   12.200;-999;  -999;  12.0; 1017.52;   16.4;   66.71;   -999;   -999;-999;eor
       3254;20190623;   10;  10.8;   4.1;    3;   0.0;   0;-999;-999;  -999;  13.3; 1015.52;   21.5;   53.58;   -999;   -999;-999;eor
       3254;20190624;   10;  11.8;   4.4;    3;   0.0;   0;-999;   0;  -999;  14.1; 1015.10;   25.0;   45.29;   -999;   -999;-999;eor
       3254;20190625;   10;   9.3;   2.8;    3;   0.0;   0;   13.000;   0;  -999;  16.7; 1012.90;   27.4;   47.17;   -999;   -999;-999;eor
       3254;20190626;   10;  10.3;   3.9;    3;   0.0;   0;   13.300;   0;  -999;  -999;    -999;   21.9;-999;   -999;   -999;-999;eor
       3254;20190627;   10;  10.3;   4.4;    3;   0.0;   0;    2.100;   0;  -999;  11.9; 1023.58;   15.9;   66.54;   -999;   -999;-999;eor
       3254;20190628;   10;   8.2;   3.4;    3;   0.0;   0;   11.000;   0;  -999;  12.0; 1020.93;   17.6;   62.04;   -999;   -999;-999;eor
       3254;20190629;   10;   6.2;   2.1;    3;   0.0;   0;   15.200;-999;  -999;  12.1; 1014.22;   22.1;   52.92;   -999;   -999;-999;eor
       3254;20190630;   10;  12.3;   3.6;    3;   0.0;   0;   14.200;-999;  -999;  14.6; 1008.30;   22.4;   55.96;   -999;   -999;-999;eor
       3254;20190701;   10;  14.4;   4.4;    3;   0.0;   0;    9.300;   0;  -999;  12.6; 1011.64;   18.4;   61.63;   -999;   -999;-999;eor
       3254;20190702;   10;  10.8;   3.7;    3;   0.0;   0;    8.300;   0;  -999;  11.0; 1017.39;   16.5;   60.29;   -999;   -999;-999;eor
       3254;20190703;   10;-999;-999;    3;   0.0;   0;    7.800;   0;  -999;  -999;    -999;   14.2;-999;   -999;   -999;-999;eor
       3254;20190704;   10;   8.7;   2.4;    3;   0.0;   0;   10.200;   0;  -999;  -999;    -999;   15.6;-999;   -999;   -999;-999;eor
       3254;20190705;   10;   9.8;   3.1;    3;   0.0;   0;    3.400;   0;  -999;  12.6; 1011.43;   18.3;   60.75;   -999;   -999;-999;eor
       3254;20190706;   10;  11.3;   2.7;    3;   3.2;   4;    0.000;-999;  -999;  13.7; 1006.06;   15.1;   79.92;   -999;   -999;-999;eor
       3254;20190707;   10;  11.3;   3.3;    3;   0.0;   4;    2.200;-999;  -999;  10.0; 1009.52;   14.0;   63.50;   -999;   -999;-999;eor
       3254;20190708;   10;  12.3;   3.1;    3;   0.0;   4;    1.200;   0;  -999;  10.5; 1013.21;   13.3;   69.25;   -999;   -999;-999;eor
       3254;20190709;   10;  12.3;   4.5;    3;   0.0;   4;    5.300;   0;  -999;  10.6; 1015.46;   14.6;   64.29;   -999;   -999;-999;eor
       3254;20190710;   10;   7.2;   1.8;    3;   0.8;   4;    3.200;   0;  -999;  10.8; 1014.50;   13.9;   70.79;   -999;   -999;-999;eor
       3254;20190711;   10;   5.1;   1.7;    3;  15.0;   4;    0.000;   0;  -999;  16.0; 1007.95;   15.8;   88.79;   -999;   -999;-999;eor
       3254;20190712;   10;   9.8;   2.0;    3;   3.5;   4;    2.900;   0;  -999;  16.0; 1006.37;   16.7;   84.71;   -999;   -999;-999;eor
       3254;20190713;   10;  10.8;   3.5;    3;   0.0;   4;    3.000;-999;  -999;  14.3; 1011.96;   16.3;   77.79;   -999;   -999;-999;eor
       3254;20190714;   10;   7.7;   2.6;    3;   0.0;   0;    0.000;-999;  -999;  12.4; 1014.63;   14.7;   73.75;   -999;   -999;-999;eor
       3254;20190715;   10;   9.8;   3.0;    3;   0.0;   4;    4.900;   0;  -999;  11.8; 1014.25;   15.2;   69.21;   -999;   -999;-999;eor
       3254;20190716;   10;   6.7;   2.6;    3;   0.0;   4;    0.000;   0;  -999;  13.7; 1013.20;   15.0;   81.14;   -999;   -999;-999;eor
       3254;20190717;   10;   5.7;   1.7;    3;   0.0;   0;    4.500;   0;  -999;  13.6; 1010.55;   17.1;   71.63;   -999;   -999;-999;eor
       3254;20190718;   10;   8.7;   2.6;    3;   0.0;   0;    7.600;   0;  -999;  13.2; 1006.44;   19.0;   63.67;   -999;   -999;-999;eor
       3254;20190719;   10;   7.7;   2.4;    3;   0.0;   0;    9.000;   0;  -999;  14.0; 1008.12;   20.3;   60.83;   -999;   -999;-999;eor
       3254;20190720;   10;  13.9;   2.8;    3;  10.7;   4;    4.300;-999;  -999;  16.2; 1006.29;   19.5;   72.71;   -999;   -999;-999;eor
       3254;20190721;   10;  12.9;   3.5;    3;   0.0;   0;   12.700;-999;  -999;  13.9; 1014.27;   18.4;   68.50;   -999;   -999;-999;eor
       3254;20190722;   10;  10.3;   2.5;    3;   0.0;   4;    5.800;   0;  -999;  15.8; 1017.31;   19.4;   70.79;   -999;   -999;-999;eor
       3254;20190723;   10;   6.7;   1.9;    3;   0.0;   0;   14.500;   0;  -999;  16.4; 1015.63;   23.9;   60.71;   -999;   -999;-999;eor
       3254;20190724;   10;   8.2;   2.3;    3;   0.0;   0;   13.600;   0;  -999;  16.3; 1010.23;   28.0;   47.42;   -999;   -999;-999;eor
       3254;20190725;   10;   9.3;   2.2;    3;   0.0;   0;   13.900;   0;  -999;  16.8; 1009.70;   30.0;   44.63;   -999;   -999;-999;eor
       3254;20190726;   10;  12.9;   4.5;    3;   0.0;   0;    9.800;   0;  -999;  14.5; 1005.84;   28.4;   38.83;   -999;   -999;-999;eor
       3254;20190727;   10;  15.4;   5.7;    3;   0.0;   0;   14.000;-999;  -999;  13.6;  999.33;   25.3;   44.04;   -999;   -999;-999;eor
       3254;20190728;   10;  10.8;   3.9;    3;   0.0;   0;    9.000;-999;  -999;  16.5;  998.04;   23.1;   61.33;   -999;   -999;-999;eor
       3254;20190729;   10;   7.2;   3.0;    3;   0.0;   0;    2.700;   0;  -999;  16.1; 1005.83;   21.3;   65.04;   -999;   -999;-999;eor
       3254;20190730;   10;   9.3;   2.5;    3;   0.1;   4;    9.900;   0;  -999;  14.1; 1006.52;   22.1;   58.54;   -999;   -999;-999;eor
       3254;20190731;   10;  11.3;   2.9;    3;   3.6;   4;    3.700;   0;  -999;  15.2; 1009.48;   18.2;   74.67;   -999;   -999;-999;eor
       3254;20190801;   10;   9.8;   2.8;    3;   0.1;   4;    5.200;   0;  -999;  15.2; 1011.09;   17.8;   76.54;   -999;   -999;-999;eor
       3254;20190802;   10;   8.7;   2.5;    3;   0.0;   4;    4.500;   0;  -999;  15.5; 1009.88;   18.2;   76.08;   -999;   -999;-999;eor
       3254;20190803;   10;   7.7;   2.6;    3;   0.1;   4;    0.200;-999;  -999;  15.2; 1012.31;   18.0;   74.50;   -999;   -999;-999;eor
       3254;20190804;   10;   6.2;   1.8;    3;   0.0;   4;    4.900;-999;  -999;  14.4; 1011.20;   19.1;   67.33;   -999;   -999;-999;eor
       3254;20190805;   10;  11.8;   2.4;    3;   1.0;   4;    4.800;   0;  -999;  15.9; 1005.27;   20.0;   69.04;   -999;   -999;-999;eor
       3254;20190806;   10;   9.8;   2.9;    3;   0.0;   0;    5.900;   0;  -999;  14.7; 1003.95;   19.3;   68.29;   -999;   -999;-999;eor
       3254;20190807;   10;  14.4;   3.3;    3;   0.0;   4;    6.300;   0;  -999;  14.0; 1001.56;   18.3;   67.92;   -999;   -999;-999;eor
       3254;20190808;   10;  11.3;   3.6;    3;   0.2;   4;    4.600;   0;  -999;  13.7; 1005.19;   18.4;   65.54;   -999;   -999;-999;eor
       3254;20190809;   10;   7.2;   2.1;    3;   6.0;   4;    0.900;   0;  -999;  16.9; 1003.58;   17.2;   84.13;   -999;   -999;-999;eor
       3254;20190810;   10;  17.5;   5.7;    3;   0.6;   4;    6.700;-999;  -999;  14.9; 1003.25;   20.7;   62.17;   -999;   -999;-999;eor
       3254;20190811;   10;  12.3;   4.3;    3;   0.0;   0;    7.100;-999;  -999;  11.7; 1008.16;   19.3;   52.88;   -999;   -999;-999;eor
       3254;20190812;   10;  12.3;   3.6;    3;   5.5;   4;    7.800;   0;  -999;  13.1; 1008.65;   17.3;   68.04;   -999;   -999;-999;eor
       3254;20190813;   10;  11.3;   3.0;    3;   7.3;   4;    2.300;   0;  -999;  12.8; 1010.73;   13.3;   83.50;   -999;   -999;-999;eor
       3254;20190814;   10;   9.3;   3.1;    3;   4.5;   4;    8.900;   0;  -999;  11.4; 1010.89;   15.3;   67.96;   -999;   -999;-999;eor
       3254;20190815;   10;  12.3;   5.5;    3;   3.8;   4;    2.300;   0;  -999;  15.8; 1004.54;   16.9;   82.13;   -999;   -999;-999;eor
       3254;20190816;   10;   9.8;   4.2;    3;   0.9;   4;    6.900;   0;  -999;  13.3; 1009.28;   17.8;   67.08;   -999;   -999;-999;eor
       3254;20190817;   10;   9.8;   4.0;    3;  15.4;   4;    0.100;-999;  -999;  17.3; 1002.12;   17.5;   86.00;   -999;   -999;-999;eor
       3254;20190818;   10;   8.2;   3.0;    3;   1.1;   4;    1.500;-999;  -999;  15.8; 1001.47;   16.3;   85.54;   -999;   -999;-999;eor
       3254;20190819;   10;  11.8;   5.5;    3;   0.0;   4;    7.500;   0;  -999;  12.9; 1009.43;   16.8;   68.71;   -999;   -999;-999;eor
       3254;20190820;   10;  10.8;   4.3;    3;   0.0;   4;    8.000;   0;  -999;  12.7; 1016.75;   16.1;   71.42;   -999;   -999;-999;eor
       3254;20190821;   10;   8.2;   1.9;    3;   0.0;   0;    9.300;   0;  -999;  11.8; 1022.60;   15.1;   72.33;   -999;   -999;-999;eor
       3254;20190822;   10;  10.8;   2.8;    3;   0.0;   0;   12.700;   0;  -999;  11.6; 1020.42;   17.2;   64.92;   -999;   -999;-999;eor
       3254;20190823;   10;   6.2;   1.8;    3;   0.0;   0;   12.700;   0;  -999;  11.9; 1020.75;   17.9;   63.63;   -999;   -999;-999;eor
       3254;20190824;   10;   8.2;   2.1;    3;   0.0;   0;   12.600;-999;  -999;  13.2; 1017.03;   20.9;   58.21;   -999;   -999;-999;eor
       3254;20190825;   10;   6.2;   1.9;    3;   0.0;   0;   11.900;-999;  -999;  15.1; 1014.82;   21.8;   60.92;   -999;   -999;-999;eor
       3254;20190826;   10;   8.2;   2.9;    3;   0.0;   0;-999;   0;  -999;  18.4; 1013.65;   24.3;   63.92;   -999;   -999;-999;eor
       3254;20190827;   10;   7.7;   1.8;    3;   0.0;   0;   12.300;   0;  -999;  -999;    -999;   24.8;-999;   -999;   -999;-999;eor
       3254;20190828;   10;   9.3;   2.7;    3;   4.0;   4;    8.200;   0;  -999;  -999;    -999;   24.2;-999;   -999;   -999;-999;eor
       3254;20190829;   10;   9.3;   3.3;    3;   0.0;   0;    6.600;   0;  -999;  17.8; 1013.43;   20.2;   77.29;   -999;   -999;-999;eor
       3254;20190830;   10;   8.2;   2.3;    3;   0.0;   0;   11.000;   0;  -999;  13.4; 1017.11;   17.4;   71.83;   -999;   -999;-999;eor
       3254;20190831;   10;  15.4;   3.1;    3;   4.9;   4;   11.500;-999;  -999;  14.7; 1008.14;   20.0;   67.17;   -999;   -999;-999;eor
       3254;20190901;   10;   8.7;   3.2;    3;   0.0;   4;    1.300;-999;  -999;  13.8; 1008.88;   16.3;   75.79;   -999;   -999;-999;eor
       3254;20190902;   10;  10.3;   3.6;    3;   0.0;   4;    8.100;   0;  -999;  10.8; 1016.64;   14.5;   66.96;   -999;   -999;-999;eor
       3254;20190903;   10;  11.3;   4.3;    3;   0.0;   0;    0.400;   0;  -999;  12.9; 1016.40;   16.6;   67.63;   -999;   -999;-999;eor
       3254;20190904;   10;  12.3;   4.7;    3;   3.9;   4;    1.600;   0;  -999;  14.3; 1009.55;   16.0;   79.96;   -999;   -999;-999;eor
       3254;20190905;   10;  12.3;   4.7;    3;   1.3;   4;    5.400;   0;  -999;  11.6; 1012.55;   13.5;   75.71;   -999;   -999;-999;eor
       3254;20190906;   10;  11.3;   4.9;    3;   0.2;   4;    2.000;   0;  -999;   9.7; 1016.17;   13.4;   64.38;   -999;   -999;-999;eor
       3254;20190907;   10;   8.7;   3.0;    3;   0.0;   0;    6.000;-999;  -999;  12.2; 1012.73;   14.1;   77.58;   -999;   -999;-999;eor
       3254;20190908;   10;   5.1;   2.0;    3;   0.4;   4;    4.300;-999;  -999;  12.4; 1013.45;   13.4;   81.71;   -999;   -999;-999;eor
       3254;20190909;   10;   6.7;   2.1;    3;   0.0;   0;    7.200;   0;  -999;  10.6; 1010.24;   12.4;   76.58;   -999;   -999;-999;eor
       3254;20190910;   10;  10.3;   2.9;    3;   0.0;   0;    7.600;   0;  -999;  10.5; 1012.47;   12.3;   76.13;   -999;   -999;-999;eor
       3254;20190911;   10;  13.9;   4.5;    3;   4.8;   4;    2.500;   0;  -999;  13.2; 1015.07;   12.8;   87.13;   -999;   -999;-999;eor
       3254;20190912;   10;   8.7;   3.9;    3;   0.4;   4;    5.700;   0;  -999;  15.6; 1020.52;   18.5;   74.29;   -999;   -999;-999;eor
       3254;20190913;   10;  10.3;   3.8;    3;   0.0;   4;    7.700;   0;  -999;  13.0; 1026.33;   16.4;   71.21;   -999;   -999;-999;eor
       3254;20190914;   10;   4.6;   0.9;    3;   0.0;   0;   10.000;-999;  -999;   9.6; 1027.60;   11.7;   73.83;   -999;   -999;-999;eor
       3254;20190915;   10;  11.3;   3.6;    3;   6.2;   4;    3.400;-999;  -999;  12.2; 1017.20;   14.2;   74.71;   -999;   -999;-999;eor
       3254;20190916;   10;   5.1;   2.0;    3;   2.3;   4;    0.300;   0;  -999;  12.7; 1015.33;   12.8;   86.50;   -999;   -999;-999;eor
       3254;20190917;   10;  16.5;   4.3;    3;   0.5;   4;    4.900;   0;  -999;  10.3; 1015.13;   11.3;   77.46;   -999;   -999;-999;eor
       3254;20190918;   10;   9.3;   3.2;    3;   0.0;   0;    5.500;   0;  -999;   9.3; 1021.21;   10.7;   74.83;   -999;   -999;-999;eor
       3254;20190919;   10;   6.2;   2.0;    3;   0.0;   0;    9.200;-999;  -999;   8.5; 1025.12;   10.0;   73.17;   -999;   -999;-999;eor
       3254;20190920;   10;   5.1;   1.2;    3;   0.0;   0;   10.300;   0;  -999;   9.0; 1023.62;   10.1;   76.00;   -999;   -999;-999;eor
       3254;20190921;   10;   7.7;   1.8;    3;   0.0;   0;   10.900;-999;  -999;   9.4; 1015.08;   13.6;   64.75;   -999;   -999;-999;eor
       3254;20190922;   10;   6.7;   1.6;    3;   6.7;   4;   10.700;-999;  -999;  11.1; 1005.05;   17.0;   60.13;   -999;   -999;-999;eor
       3254;20190923;   10;   8.2;   2.4;    3;   1.9;   4;    0.000;   0;  -999;  16.5; 1008.34;   16.2;   89.79;   -999;   -999;-999;eor
       3254;20190924;   10;   9.3;   2.1;    3;   4.9;   4;    3.000;   0;  -999;  13.5; 1004.97;   14.9;   80.83;   -999;   -999;-999;eor
       3254;20190925;   10;   9.8;   2.5;    3;   1.6;   4;    0.900;   0;  -999;  14.7; 1000.20;   14.4;   89.46;   -999;   -999;-999;eor
       3254;20190926;   10;  12.3;   3.3;    3;  11.6;   4;    0.000;   0;  -999;  16.4; 1002.03;   15.6;   91.75;   -999;   -999;-999;eor
       3254;20190927;   10;  10.3;   4.8;    3;   0.6;   4;    2.700;   0;  -999;  13.8; 1001.93;   15.1;   80.54;   -999;   -999;-999;eor
       3254;20190928;   10;  14.4;   6.7;    3;  11.4;   4;    2.200;-999;  -999;  13.5; 1002.71;   15.1;   78.79;   -999;   -999;-999;eor
       3254;20190929;   10;  12.3;   5.6;    3;  20.1;   4;    0.000;-999;  -999;  14.7;  993.87;   14.1;   91.04;   -999;   -999;-999;eor
       3254;20190930;   10;  20.1;   5.8;    3;  16.8;   4;    4.900;   0;  -999;  12.7;  999.93;   13.6;   81.63;   -999;   -999;-999;eor
       3254;20191001;   10;  12.3;   4.4;    3;   9.4;   4;    0.400;   0;  -999;  13.9;  994.95;   13.4;   90.17;   -999;   -999;-999;eor
       3254;20191002;   10;  14.9;   4.1;    3;   9.4;   4;    7.800;   0;  -999;  10.0; 1003.62;    9.9;   81.75;   -999;   -999;-999;eor
       3254;20191003;   10;   8.2;   3.0;    3;   2.7;   4;    4.200;-999;  -999;  11.3; 1009.99;   10.8;   87.33;   -999;   -999;-999;eor
       3254;20191004;   10;   7.7;   2.7;    3;   9.4;   4;    0.000;-999;  -999;  10.6; 1001.34;    9.0;   91.83;   -999;   -999;-999;eor
       3254;20191005;   10;   6.7;   2.2;    3;   0.0;   0;    5.600;-999;  -999;   9.4; 1011.38;    8.5;   85.79;   -999;   -999;-999;eor
       3254;20191006;   10;  11.3;   2.9;    3;   0.1;   4;    0.000;-999;  -999;   8.7; 1011.28;    8.4;   79.67;   -999;   -999;-999;eor
       3254;20191007;   10;   7.2;   2.6;    3;   5.7;   4;    7.200;   0;  -999;   8.6; 1012.28;    8.7;   75.79;   -999;   -999;-999;eor
       3254;20191008;   10;   9.3;   4.7;    3;   0.1;   4;    0.100;   0;  -999;  12.8; 1000.52;   12.8;   86.33;   -999;   -999;-999;eor
       3254;20191009;   10;  10.3;   4.7;    3;   3.5;   4;    0.000;   0;  -999;  11.3;  999.54;   11.2;   85.63;   -999;   -999;-999;eor
       3254;20191010;   10;  14.4;   5.4;    3;   2.0;   4;    2.800;   0;  -999;  10.9; 1004.17;   11.0;   82.83;   -999;   -999;-999;eor
       3254;20191011;   10;  15.4;   7.9;    3;   3.8;   4;    0.000;   0;  -999;  12.9; 1003.70;   11.0;   80.50;   -999;   -999;-999;eor
       3254;20191012;   10;  13.4;   2.9;    3;   6.6;   4;    0.000;-999;  -999;  13.0; 1003.73;   12.4;   91.54;   -999;   -999;-999;eor
       3254;20191013;   10;  14.9;   3.3;    3;   4.7;   4;    1.100;-999;  -999;  15.7; 1002.96;   15.9;   85.79;   -999;   -999;-999;eor
       3254;20191014;   10;   9.3;   2.7;    3;   0.0;   4;    2.400;   0;  -999;  14.3; 1006.27;   15.2;   83.54;   -999;   -999;-999;eor
       3254;20191015;   10;   6.7;   2.0;    3;  12.1;   4;    2.900;   0;  -999;  14.3; 1001.10;   15.6;   87.83;   -999;   -999;-999;eor
       3254;20191016;   10;   8.7;   3.9;    3;   7.5;   4;    1.200;   0;  -999;  13.6; 1002.88;   13.1;   90.04;   -999;   -999;-999;eor
       3254;20191017;   10;   8.7;   3.1;    3;   4.2;   4;    1.100;   0;  -999;  14.0; 1003.80;   13.6;   89.83;   -999;   -999;-999;eor
       3254;20191018;   10;  17.5;   4.9;    3;   5.7;   4;    3.800;   0;  -999;  11.8; 1000.15;   12.5;   81.88;   -999;   -999;-999;eor
       3254;20191019;   10;  11.3;   3.1;    3;   0.6;   4;    0.000;-999;  -999;  11.6;  999.94;   11.1;   87.54;   -999;   -999;-999;eor
       3254;20191020;   10;   8.2;   1.9;    3;   3.6;   4;    0.000;-999;  -999;  12.1; 1004.54;   10.5;   95.04;   -999;   -999;-999;eor
       3254;20191021;   10;  10.8;   3.5;    3;   0.0;   4;    2.200;   0;  -999;  12.4; 1011.04;   12.9;   83.92;   -999;   -999;-999;eor
       3254;20191022;   10;   7.7;   3.2;    3;   0.0;   0;    1.900;   0;  -999;  12.2; 1017.52;   12.4;   85.00;   -999;   -999;-999;eor
       3254;20191023;   10;   6.2;   1.9;    3;   0.0;   0;    2.500;   0;  -999;  12.5; 1011.43;   11.7;   91.08;   -999;   -999;-999;eor
       3254;20191024;   10;   9.8;   2.9;    3;   0.1;   4;    3.300;   0;  -999;  13.0; 1002.78;   13.6;   83.42;   -999;   -999;-999;eor
       3254;20191025;   10;  13.4;   5.8;    3;   0.0;   0;    2.500;   0;  -999;  12.0; 1010.43;   13.9;   75.42;   -999;   -999;-999;eor
       3254;20191026;   10;  15.9;   8.1;    3;   2.4;   4;    4.600;-999;  -999;  12.7; 1005.77;   16.8;   66.25;   -999;   -999;-999;eor
       3254;20191027;   10;  14.4;   4.9;    3;   0.0;   0;    3.300;-999;  -999;   9.5; 1012.61;   10.0;   78.00;   -999;   -999;-999;eor
       3254;20191028;   10;   7.2;   2.6;    3;   0.6;   4;    6.500;   0;  -999;   8.5; 1017.32;    7.2;   85.29;   -999;   -999;-999;eor
       3254;20191029;   10;   6.7;   1.9;    3;   0.0;   0;    7.500;   0;  -999;   7.0; 1021.22;    4.1;   86.71;   -999;   -999;-999;eor
       3254;20191030;   10;   6.2;   2.2;    3;   0.0;   0;    8.300;   0;  -999;   6.2; 1024.23;    2.9;   84.13;   -999;   -999;-999;eor
       3254;20191031;   10;   6.7;   1.7;    3;   0.0;   0;    8.100;-999;  -999;   5.7; 1019.26;    2.0;   81.63;   -999;   -999;-999;eor
       3254;20191101;   10;   7.2;   1.8;    3;  11.3;   4;    0.000;-999;  -999;   7.7; 1001.76;    3.7;   91.50;   -999;   -999;-999;eor
       3254;20191102;   10;  11.8;   4.7;    3;   3.0;   4;    3.100;-999;  -999;  12.2;  983.55;   12.6;   83.08;   -999;   -999;-999;eor
       3254;20191103;   10;   9.8;   2.5;    3;   2.2;   4;    1.200;-999;  -999;  10.9;  980.56;   11.2;   82.33;   -999;   -999;-999;eor
       3254;20191104;   10;   7.7;   2.4;    3;   5.1;   4;    1.100;   0;  -999;  11.2;  983.23;   10.0;   91.71;   -999;   -999;-999;eor
       3254;20191105;   10;   5.1;   2.1;    3;   1.5;   4;    0.100;   0;  -999;  10.8;  990.33;    8.8;   95.08;   -999;   -999;-999;eor
       3254;20191106;   10;   5.7;   1.8;    3;   0.3;   4;    1.200;   0;  -999;   9.0;  996.32;    6.9;   91.00;   -999;   -999;-999;eor
       3254;20191107;   10;   9.8;   2.2;    3;   3.8;   4;    0.000;   0;  -999;   8.6;  994.26;    5.6;   92.83;   -999;   -999;-999;eor
       3254;20191108;   10;   7.7;   1.3;    3;   0.0;   0;    7.400;   0;  -999;   7.5; 1001.02;    4.4;   89.92;   -999;   -999;-999;eor
       3254;20191109;   10;   8.7;   2.7;    3;   0.0;   4;    0.000;-999;  -999;   7.2; 1001.73;    3.5;   90.42;   -999;   -999;-999;eor
       3254;20191110;   10;   5.7;   2.1;    3;   0.0;   0;    4.600;-999;  -999;   6.7; 1007.13;    3.3;   88.25;   -999;   -999;-999;eor
       3254;20191111;   10;  10.8;   3.5;    3;   1.2;   4;    0.000;   0;  -999;   6.8; 1000.17;    3.2;   87.00;   -999;   -999;-999;eor
       3254;20191112;   10;  10.8;   4.8;    3;   0.3;   4;    0.300;   0;  -999;   7.3;  994.70;    5.0;   83.92;   -999;   -999;-999;eor
       3254;20191113;   10;  10.3;   4.4;    3;   0.2;   4;    1.200;   0;  -999;   7.7;  993.84;    5.2;   86.50;   -999;   -999;-999;eor
       3254;20191114;   10;   6.2;   1.9;    3;   0.0;   0;    0.900;   0;  -999;   7.1;  998.83;    4.4;   84.83;   -999;   -999;-999;eor
       3254;20191115;   10;  10.8;   3.4;    3;   0.0;   0;    0.000;   0;  -999;   7.1;  998.71;    3.9;   88.17;   -999;   -999;-999;eor
       3254;20191116;   10;   7.2;   2.7;    3;   0.0;   0;    0.000;-999;  -999;   7.0; 1002.38;    3.7;   88.33;   -999;   -999;-999;eor
       3254;20191117;   10;   8.7;   2.5;    3;  10.9;   4;    0.100;-999;  -999;   6.7; 1006.73;    2.6;   90.04;   -999;   -999;-999;eor
       3254;20191118;   10;   9.3;   3.3;    3;  29.6;   4;    0.000;   0;  -999;   9.3; 1000.07;    6.4;   95.63;   -999;   -999;-999;eor
       3254;20191119;   10;  10.3;   3.4;    3;   0.3;   4;    3.000;   0;  -999;   8.0; 1008.70;    5.2;   91.00;   -999;   -999;-999;eor
       3254;20191120;   10;   3.6;   1.3;    3;   0.0;   0;    0.000;   0;  -999;   6.0; 1013.40;   -0.1;   97.79;   -999;   -999;-999;eor
       3254;20191121;   10;   5.1;   1.9;    3;   0.0;   0;    0.000;   0;  -999;   7.0; 1005.70;    2.1;   97.29;   -999;   -999;-999;eor
       3254;20191122;   10;   6.7;   1.6;    3;   1.2;   4;    2.800;   0;  -999;   8.0; 1001.15;    4.6;   93.79;   -999;   -999;-999;eor
       3254;20191123;   10;  10.8;   3.9;    3;   0.0;   0;    2.700;-999;  -999;   8.2;  997.70;    6.1;   87.00;   -999;   -999;-999;eor
       3254;20191124;   10;   9.3;   2.1;    3;   0.0;   4;    2.000;-999;  -999;   8.2; 1002.24;    5.7;   89.33;   -999;   -999;-999;eor
       3254;20191125;   10;   4.1;   1.1;    3;   0.0;   4;    0.000;   0;  -999;   8.5; 1004.73;    5.2;   95.75;   -999;   -999;-999;eor
       3254;20191126;   10;   6.7;   2.1;    3;   0.7;   4;    0.000;   0;  -999;   9.9;  998.03;    7.8;   92.54;   -999;   -999;-999;eor
       3254;20191127;   10;  10.3;   3.4;    3;   5.9;   4;    0.600;   0;  -999;  10.6;  985.16;   10.1;   85.92;   -999;   -999;-999;eor
       3254;20191128;   10;  14.9;   6.4;    3;  13.5;   4;    0.000;   0;  -999;  -999;    -999;    9.2;-999;   -999;   -999;-999;eor
       3254;20191129;   10;  10.3;   3.9;    3;   0.3;   4;    1.900;   0;  -999;   6.9; 1003.49;    4.8;   80.79;   -999;   -999;-999;eor
       3254;20191130;   10;   4.6;   1.9;    3;   0.0;   0;    6.400;-999;  -999;   6.2; 1017.44;    1.3;   92.04;   -999;   -999;-999;eor
       3254;20191201;   10;   3.1;   1.1;    3;   0.0;   4;    0.000;-999;  -999;   5.7; 1017.28;   -0.8;   97.25;   -999;   -999;-999;eor
       3254;20191202;   10;   7.7;   3.0;    3;   0.2;   4;    3.800;   0;  -999;   7.2; 1019.07;    3.1;   93.21;   -999;   -999;-999;eor
       3254;20191203;   10;   9.3;   3.9;    3;   0.0;   0;    1.600;   0;  -999;   8.5; 1021.50;    6.2;   89.83;   -999;   -999;-999;eor
       3254;20191204;   10;   6.7;   2.7;    3;   0.0;   0;    6.200;   0;  -999;   6.5; 1017.31;    2.5;   89.79;   -999;   -999;-999;eor
       3254;20191205;   10;  12.9;   3.9;    3;   0.1;   4;    0.300;   0;  -999;   6.0; 1013.05;    0.0;   96.46;   -999;   -999;-999;eor
       3254;20191206;   10;  14.9;   8.4;    3;   9.8;   4;    0.000;   0;  -999;   8.3; 1000.84;    5.4;   92.04;   -999;   -999;-999;eor
       3254;20191207;   10;  11.3;   5.9;    3;   1.4;   4;    0.000;-999;  -999;  10.0; 1003.20;    8.6;   89.04;   -999;   -999;-999;eor
       3254;20191208;   10;  18.0;   8.4;    3;   6.5;   4;    0.000;-999;  -999;   9.2;  993.75;    8.7;   81.58;   -999;   -999;-999;eor
       3254;20191209;   10;  13.9;   5.3;    3;   1.3;   4;    0.100;   0;  -999;   7.6;  995.55;    6.2;   80.38;   -999;   -999;-999;eor
       3254;20191210;   10;  17.0;   4.9;    3;   1.7;   4;    2.400;   0;  -999;   5.9; 1013.91;    3.5;   76.13;   -999;   -999;-999;eor
       3254;20191211;   10;-999;-999;    3;  -999;-999;-999;   0;  -999;   8.0; 1001.37;    5.7;   87.67;-999;-999;-999;eor
       3254;20191212;   10;  11.8;-999;    3;   0.0;   4;    0.800;   0;  -999;   6.9;  992.21;    4.4;   82.63;   -999;   -999;-999;eor
       3254;20191213;   10;  10.3;   3.3;    3;   4.0;   4;    0.000;   0;  -999;   6.3;  974.44;    3.1;   82.21;   -999;   -999;-999;eor
       3254;20191214;   10;  16.5;   6.4;    3;   8.4;   4;    1.000;-999;  -999;   7.1;  982.08;    4.7;   83.79;   -999;   -999;-999;eor
       3254;20191215;   10;  16.5;   7.0;    3;   0.0;   4;    4.200;-999;  -999;   7.4;  991.87;    6.7;   75.50;   -999;   -999;-999;eor
       3254;20191216;   10;   8.2;   2.9;    3;   0.1;   4;    0.000;   0;  -999;   8.3;  999.70;    6.8;   83.55;   -999;   -999;-999;eor
       3254;20191217;   10;  10.3;   3.6;    3;   4.9;   4;    1.300;   0;  -999;   9.8;  995.53;   10.4;   78.58;   -999;   -999;-999;eor
       3254;20191218;   10;  11.3;   3.2;    3;   0.0;   4;    0.000;   0;  -999;   8.3; 1009.07;    5.8;   90.58;   -999;   -999;-999;eor
       3254;20191219;   10;   8.7;   2.6;    3;   0.0;   0;    5.900;   0;  -999;   8.9; 1003.47;    9.1;   76.42;   -999;   -999;-999;eor
       3254;20191220;   10;  15.9;   4.4;    3;   0.0;   4;    0.000;   0;  -999;   8.9;  984.60;   10.7;   68.75;   -999;   -999;-999;eor
       3254;20191221;   10;   9.3;   4.0;    3;   0.1;   4;    2.000;-999;  -999;   8.2;  983.80;    8.1;   75.50;   -999;   -999;-999;eor
       3254;20191222;   10;  14.4;   3.1;    3;   3.8;   4;    0.300;-999;  -999;   9.0;  979.06;    7.3;   87.21;   -999;   -999;-999;eor
       3254;20191223;   10;  10.3;   5.1;    3;   1.3;   4;    0.100;   0;  -999;   9.0;  997.91;    7.3;   87.96;   -999;   -999;-999;eor
       3254;20191224;   10;   9.3;   4.1;    3;   7.3;   4;    0.000;-999;  -999;   9.1; 1002.46;    6.9;   91.08;   -999;   -999;-999;eor
       3254;20191225;   10;   6.7;   2.7;    3;   0.0;   4;    0.400;-999;  -999;   8.8; 1012.58;    6.3;   92.75;   -999;   -999;-999;eor
       3254;20191226;   10;   3.6;   1.6;    3;   0.0;   0;    0.600;-999;  -999;   7.8; 1018.60;    4.7;   91.00;   -999;   -999;-999;eor
       3254;20191227;   10;   6.2;   2.6;    3;   0.0;   0;    5.600;   0;  -999;   6.1; 1025.29;    2.2;   85.83;   -999;   -999;-999;eor
       3254;20191228;   10;   4.6;   1.3;    3;   0.0;   0;    1.100;-999;  -999;   5.3; 1035.27;   -0.8;   92.17;   -999;   -999;-999;eor
       3254;20191229;   10;   6.7;   2.2;    3;   0.0;   0;    0.500;-999;  -999;   4.9; 1031.26;    0.2;   80.13;   -999;   -999;-999;eor
       3254;20191230;   10;   9.8;   5.5;    3;   0.0;   0;    3.600;   0;  -999;   4.1; 1023.01;    5.2;   47.00;   -999;   -999;-999;eor
       3254;20191231;   10;   7.2;   2.3;    3;   0.0;   0;    4.600;-999;  -999;   7.5; 1027.42;    4.1;   91.54;   -999;   -999;-999;eor
       3254;20200101;   10;   5.1;   2.2;    3;   0.0;   0;    0.000;-999;  -999;   5.8; 1027.51;   -0.4;   98.08;   -999;   -999;-999;eor
       3254;20200102;   10;   9.3;   4.2;    3;   0.0;   4;    0.000;   0;  -999;   6.3; 1019.67;    0.6;   96.33;   -999;   -999;-999;eor
       3254;20200103;   10;  12.3;   5.4;    3;   7.1;   4;    0.000;   0;  -999;   9.1; 1011.63;    7.0;   90.13;   -999;   -999;-999;eor
       3254;20200104;   10;  11.8;   4.7;    3;   0.5;   4;    0.000;-999;  -999;   7.8; 1021.31;    5.1;   89.63;   -999;   -999;-999;eor
       3254;20200105;   10;   8.2;   3.2;    3;   0.0;   0;    0.000;-999;  -999;   7.9; 1027.32;    4.6;   92.00;   -999;   -999;-999;eor
       3254;20200106;   10;   8.7;   3.9;    3;   0.6;   4;    0.000;   0;  -999;   7.2; 1019.42;    5.1;   81.50;   -999;   -999;-999;eor
       3254;20200107;   10;  12.3;   5.2;    3;   0.0;   4;    0.200;   0;  -999;   8.5; 1017.90;    6.5;   86.83;   -999;   -999;-999;eor
       3254;20200108;   10;  13.4;   4.9;    3;   1.7;   4;    0.000;   0;  -999;  10.9; 1015.58;    9.4;   91.67;   -999;   -999;-999;eor
       3254;20200109;   10;  12.3;   5.2;    3;   5.7;   4;    0.000;   0;  -999;  12.2; 1006.70;   11.0;   92.42;   -999;   -999;-999;eor
       3254;20200110;   10;  13.4;   4.7;    3;   0.8;   4;    0.300;   0;  -999;   8.9; 1011.83;    7.1;   88.29;   -999;   -999;-999;eor
       3254;20200111;   10;  12.9;   5.3;    3;   0.0;   0;    0.000;-999;  -999;   6.8; 1022.50;    3.9;   83.75;   -999;   -999;-999;eor
       3254;20200112;   10;  14.9;   7.5;    3;   1.3;   4;    0.000;-999;  -999;   7.9; 1013.42;    6.4;   81.83;   -999;   -999;-999;eor
       3254;20200113;   10;  12.3;   4.2;    3;   2.0;   4;    0.700;   0;  -999;   8.3; 1010.49;    6.5;   85.46;   -999;   -999;-999;eor
       3254;20200114;   10;  19.5;   7.7;    3;   3.7;   4;    0.000;   0;  -999;  10.1;  998.55;    9.9;   82.33;   -999;   -999;-999;eor
       3254;20200115;   10;  17.0;   7.9;    3;   2.5;   4;    0.400;   0;  -999;   8.9; 1004.56;   10.5;   71.33;   -999;   -999;-999;eor
       3254;20200116;   10;   8.7;   3.5;    3;   0.0;   0;    6.100;   0;  -999;   8.3; 1018.12;    6.7;   85.13;   -999;   -999;-999;eor
       3254;20200117;   10;  12.9;   4.6;    3;   1.3;   4;    0.800;   0;  -999;   8.6; 1009.77;    8.3;   78.54;   -999;   -999;-999;eor
       3254;20200118;   10;  11.3;   5.1;    3;   2.6;   4;    1.100;-999;  -999;   7.0; 1017.16;    4.1;   85.46;   -999;   -999;-999;eor
       3254;20200119;   10;   8.7;   2.4;    3;   0.1;   4;    2.900;-999;  -999;   6.8; 1032.21;    2.9;   90.83;   -999;   -999;-999;eor
       3254;20200120;   10;   5.1;   2.3;    3;   0.0;   0;    0.000;   0;  -999;   7.0; 1040.87;    2.6;   94.67;   -999;   -999;-999;eor
       3254;20200121;   10;   8.2;   3.6;    3;   0.0;   4;    6.400;   0;  -999;   6.6; 1035.68;    3.1;   87.63;   -999;   -999;-999;eor
       3254;20200122;   10;   5.7;   2.3;    3;   0.0;   4;    0.000;   0;  -999;   8.0; 1030.60;    4.2;   96.08;   -999;   -999;-999;eor
       3254;20200123;   10;   3.1;   1.5;    3;   0.0;   0;    0.000;   0;  -999;   7.2; 1027.01;    2.7;   97.04;   -999;   -999;-999;eor
       3254;20200124;   10;   6.2;   3.3;    3;   0.0;   0;    0.000;   0;  -999;   6.2; 1018.41;    1.5;   91.33;   -999;   -999;-999;eor
       3254;20200125;   10;   7.2;   3.5;    3;   0.0;   0;    0.000;-999;  -999;   6.2; 1016.16;    1.5;   90.92;   -999;   -999;-999;eor
       3254;20200126;   10;   6.7;   2.6;    3;   3.0;   4;    0.400;-999;  -999;   7.2; 1010.37;    3.4;   90.58;   -999;   -999;-999;eor
       3254;20200127;   10;  10.8;   4.1;    3;   3.2;   4;    0.000;   0;  -999;   9.2;  999.28;    7.4;   89.38;   -999;   -999;-999;eor
       3254;20200128;   10;  20.1;   7.4;    3;   5.9;   4;    0.000;   0;  -999;   7.5;  986.34;    5.0;   85.88;   -999;   -999;-999;eor
       3254;20200129;   10;  12.9;   6.3;    3;   5.8;   4;    1.200;   0;  -999;   7.0;  998.06;    4.3;   84.42;   -999;   -999;-999;eor
       3254;20200130;   10;  13.9;   7.2;    3;   0.7;   4;    0.100;   0;  -999;   8.8;  999.23;    7.6;   83.33;   -999;   -999;-999;eor
       3254;20200131;   10;  14.9;   7.1;    3;   0.9;   4;    0.200;   0;  -999;  10.7;  999.61;   10.8;   81.71;   -999;   -999;-999;eor
       3254;20200201;    3;  15.4;   7.4;    3;   0.1;   4;    0.400;-999;  -999;  10.2;  996.71;   10.7;   78.71;   -999;   -999;-999;eor
       3254;20200202;    3;  14.9;   5.2;    3;   6.5;   4;    0.000;-999;  -999;   9.0; 1001.05;    7.6;   86.54;   -999;   -999;-999;eor
       3254;20200203;    3;  13.9;   5.9;    3;   0.7;   4;    0.200;   0;  -999;   9.1; 1002.85;    8.6;   81.33;   -999;   -999;-999;eor
       3254;20200204;    3;  12.9;   4.1;    3;   2.2;   4;    2.300;   0;  -999;   7.1; 1007.28;    4.6;   84.50;   -999;   -999;-999;eor
       3254;20200205;    3;   7.7;   2.6;    3;   0.0;   0;    6.900;   0;  -999;   6.1; 1028.21;    3.1;   80.96;   -999;   -999;-999;eor
       3254;20200206;    3;   6.2;   2.8;    3;   0.0;   0;    0.000;   0;  -999;   7.1; 1026.07;    4.7;   83.13;   -999;   -999;-999;eor
       3254;20200207;    3;   9.3;   2.3;    3;   0.0;   0;    5.500;   0;  -999;   6.3; 1021.76;    5.3;   71.96;   -999;   -999;-999;eor
       3254;20200208;    3;  10.3;   3.7;    3;   0.1;   4;    1.400;-999;  -999;   7.3; 1013.81;    5.9;   75.96;   -999;   -999;-999;eor
       3254;20200209;    3;  26.2;  10.9;    3;  23.4;   4;    0.000;-999;  -999;   8.9;  994.93;   10.0;   73.13;   -999;   -999;-999;eor
       3254;20200210;    3;  22.6;  10.4;    3;   8.5;   4;    1.200;   0;  -999;   7.3;  984.78;    7.0;   73.88;   -999;   -999;-999;eor
       3254;20200211;    3;  26.2;  10.4;    3;   6.3;   4;    0.300;   0;  -999;   6.1;  993.13;    4.2;   74.54;   -999;   -999;-999;eor
       3254;20200212;    3;  19.5;   8.9;    3;   1.2;   4;    1.500;   0;  -999;   5.8; 1003.82;    4.3;   70.29;   -999;   -999;-999;eor
       3254;20200213;    3;  14.4;   3.7;    3;  11.8;   4;    0.000;   0;  -999;   7.0;  998.70;    3.5;   87.92;   -999;   -999;-999;eor
       3254;20200214;    3;   8.2;   3.3;    3;   0.0;   0;    0.200;   0;  -999;   7.8; 1011.13;    5.9;   84.38;   -999;   -999;-999;eor
       3254;20200215;    3;  16.5;   6.4;    3;   0.1;   4;    2.600;-999;  -999;   8.5; 1009.35;    9.6;   70.96;   -999;   -999;-999;eor
       3254;20200216;    3;  24.2;  10.9;    3;   8.8;   4;    0.000;-999;  -999;  10.5;  994.62;   12.8;   72.25;   -999;   -999;-999;eor
       3254;20200217;    3;  20.1;   8.7;    3;   3.9;   4;    3.700;   0;  -999;   7.4; 1003.67;    7.8;   69.71;   -999;   -999;-999;eor
       3254;20200218;    3;  14.9;   7.7;    3;   7.3;   4;    3.600;   0;  -999;   7.4; 1010.55;    6.7;   75.46;   -999;   -999;-999;eor
       3254;20200219;    3;  15.4;   6.4;    3;   0.8;   4;    2.000;   0;  -999;   6.9; 1009.77;    5.0;   78.79;   -999;   -999;-999;eor
       3254;20200220;    3;  18.5;   7.1;    3;   4.8;   4;    0.200;   0;  -999;   8.4; 1006.18;    7.4;   81.88;   -999;   -999;-999;eor
       3254;20200221;    3;  15.4;   7.7;    3;   0.0;   0;    2.100;   0;  -999;   7.1; 1014.76;    6.6;   72.38;   -999;   -999;-999;eor
       3254;20200222;    3;  18.5;   9.1;    3;   9.3;   4;    0.000;-999;  -999;   8.2; 1009.72;    8.3;   74.17;   -999;   -999;-999;eor
       3254;20200223;    3;  22.6;   7.1;    3;  15.2;   4;    0.000;-999;  -999;   8.6; 1006.44;    7.3;   83.79;   -999;   -999;-999;eor
       3254;20200224;    3;  14.9;   5.6;    3;  16.1;   4;    0.000;   0;  -999;   8.2; 1006.14;    6.0;   85.54;   -999;   -999;-999;eor
       3254;20200225;    3;  18.0;   7.3;    3;   1.1;   4;    4.000;   0;  -999;   7.0;  991.30;    6.3;   73.58;   -999;   -999;-999;eor
       3254;20200226;    3;  11.8;   4.2;    3;   0.8;   4;    1.800;   0;  -999;   6.8;  991.38;    3.4;   86.88;   -999;   -999;-999;eor
       3254;20200227;    3;   8.7;   3.2;    3;   1.2;   4;    0.000;   0;  -999;   6.5;  996.10;    2.4;   89.00;   -999;   -999;-999;eor
       3254;20200228;    3;  13.9;   5.3;    3;   9.0;   4;    2.500;   0;  -999;   6.3; 1005.08;    3.4;   81.25;   -999;   -999;-999;eor
       3254;20200229;    3;  20.6;   7.8;    3;   4.0;   4;    3.200;-999;  -999;   8.3;  985.95;    8.6;   74.67;   -999;   -999;-999;eor
       3254;20200301;    1;  17.0;-999;    3;   0.7;   4;    1.500;-999;  -999;   6.5;  986.10;    6.3;   68.71;   -999;   -999;-999;eor
       3254;20200302;    1;   8.7;-999;    3;   4.5;   4;    0.400;   0;  -999;   7.8;  985.84;    5.5;   85.25;   -999;   -999;-999;eor
       3254;20200303;    1;  13.4;-999;    3;   2.5;   4;    4.700;   0;  -999;   6.9;  995.90;    4.4;   83.83;   -999;   -999;-999;eor
       3254;20200304;    1;  11.3;-999;    3;   0.2;   4;    2.400;   0;  -999;   7.0; 1003.42;    4.1;   85.46;   -999;   -999;-999;eor
       3254;20200305;    1;   9.3;-999;    3;   7.4;   4;    2.600;   0;  -999;   7.0;  993.00;    4.8;   81.50;   -999;   -999;-999;eor
       3254;20200306;    1;  10.3;-999;    3;   4.8;   4;    0.000;   0;  -999;   7.5;  991.21;    4.3;   90.75;   -999;   -999;-999;eor
       3254;20200307;    1;   9.8;-999;    3;   0.0;   0;    4.600;-999;  -999;   6.8; 1009.79;    6.4;   72.42;   -999;   -999;-999;eor
       3254;20200308;    1;  14.4;-999;    3;   1.1;   4;    0.000;-999;  -999;   8.9; 1005.12;    8.6;   79.42;   -999;   -999;-999;eor
       3254;20200309;    1;  11.3;-999;    3;   9.2;   4;    3.300;   0;  -999;   8.4; 1005.00;    7.5;   81.17;   -999;   -999;-999;eor
       3254;20200310;    1;  15.4;-999;    3;  11.2;   4;    0.000;   0;  -999;  10.7;  996.85;    9.2;   90.25;   -999;   -999;-999;eor
       3254;20200311;    1;  13.4;-999;    3;   2.9;   4;    4.600;   0;  -999;   9.5; 1002.90;   10.5;   74.83;   -999;   -999;-999;eor
       3254;20200312;    1;  23.1;-999;    3;   5.8;   4;    5.800;   0;  -999;   7.2; 1000.86;    8.4;   65.50;   -999;   -999;-999;eor
       3254;20200313;    1;  16.5;-999;    3;   4.1;   4;    2.500;   0;  -999;   7.3; 1008.35;    5.8;   80.83;   -999;   -999;-999;eor
       3254;20200314;    1;   9.8;-999;    3;   0.0;   0;    9.200;-999;  -999;   6.3; 1015.40;    4.8;   73.79;   -999;   -999;-999;eor
       3254;20200315;    1;  12.9;-999;    3;   0.0;   0;    1.400;-999;  -999;   8.2; 1008.38;   10.0;   66.17;   -999;   -999;-999;eor
       3254;20200316;    1;   6.7;-999;    3;   0.0;   0;    7.700;   0;  -999;   8.1; 1013.89;    9.6;   69.58;   -999;   -999;-999;eor
       3254;20200317;    1;  12.9;-999;    3;   0.0;   0;    5.300;   0;  -999;   7.0; 1022.19;    8.2;   67.17;   -999;   -999;-999;eor
       3254;20200318;    1;  12.3;-999;    3;   0.0;   4;    2.300;   0;  -999;   7.9; 1019.68;   11.0;   58.38;   -999;   -999;-999;eor
       3254;20200319;    1;   6.2;-999;    3;   0.7;   4;    0.000;   0;  -999;   9.3; 1020.88;    8.1;   86.29;   -999;   -999;-999;eor
       3254;20200320;    1;   9.3;-999;    3;   0.0;   0;    0.000;   0;  -999;   7.3; 1022.93;    6.4;   76.33;   -999;   -999;-999;eor
       3254;20200321;    1;  12.9;-999;    3;   0.0;   0;    6.700;-999;  -999;   4.7; 1026.03;    3.6;   60.46;   -999;   -999;-999;eor
       3254;20200322;    1;  12.9;-999;    3;   0.0;   0;   11.000;-999;  -999;   3.6; 1028.92;    3.1;   47.71;   -999;   -999;-999;eor
       3254;20200323;    1;  10.8;-999;    3;   0.0;   0;   11.000;-999;  -999;   2.9; 1029.93;    3.7;   38.54;   -999;   -999;-999;eor
       3254;20200324;    1;  10.3;-999;    3;   0.0;   0;   10.900;-999;  -999;   2.9; 1027.42;    4.6;   36.50;   -999;   -999;-999;eor
       3254;20200325;    1;   9.3;-999;    3;   0.0;   0;   11.200;-999;  -999;   3.1; 1023.91;    4.3;   41.25;   -999;   -999;-999;eor
       3254;20200326;    1;  12.3;-999;    3;   0.0;   0;   11.200;-999;  -999;   3.4; 1020.38;    5.1;   39.25;   -999;   -999;-999;eor
       3254;20200327;    1;  12.3;-999;    3;   0.0;   0;   11.000;-999;  -999;   5.1; 1017.64;    8.0;   48.54;   -999;   -999;-999;eor
       3254;20200328;    1;  12.3;-999;    3;   0.0;   0;   10.600;-999;  -999;   5.9; 1019.27;    6.5;   61.50;   -999;   -999;-999;eor
       3254;20200329;    1;  18.5;-999;    1;   0.0;   4;    3.000;-999;  -999;   4.4; 1025.10;    3.3;   57.04;   -999;   -999;-999;eor
       3254;20200330;    1;  11.3;-999;    1;   3.0;   4;    3.600;-999;  -999;   5.9; 1024.14;    2.9;   76.04;   -999;   -999;-999;eor
       3254;20200331;    1;   8.2;-999;    1;   0.0;   0;   11.400;-999;  -999;   4.1; 1025.24;    2.9;   56.13;   -999;   -999;-999;eor
       3254;20200401;    1;   8.7;-999;    1;   0.0;   0;    1.300;-999;  -999;   5.6; 1016.35;    3.5;   69.75;   -999;   -999;-999;eor
       3254;20200402;    1;  13.4;-999;    1;   0.0;   4;    3.400;-999;  -999;   6.8; 1006.83;    7.3;   67.63;   -999;   -999;-999;eor
       3254;20200403;    1;   9.3;-999;    1;   0.0;   0;    1.600;-999;  -999;   6.0; 1010.02;    6.8;   62.33;   -999;   -999;-999;eor
       3254;20200404;    1;   7.7;-999;    1;   0.0;   0;   10.200;-999;  -999;   5.5; 1019.13;    7.3;   57.29;   -999;   -999;-999;eor
       3254;20200405;    1;  11.3;-999;    1;   0.0;   0;   11.900;-999;  -999;   5.7; 1017.65;   11.8;   44.00;   -999;   -999;-999;eor
       3254;20200406;    1;  10.3;-999;    1;   0.0;   0;   11.900;-999;  -999;   7.0; 1014.69;   15.1;   43.79;   -999;   -999;-999;eor
       3254;20200407;    1;   6.7;-999;    1;   0.0;   0;   10.600;-999;  -999;   9.0; 1025.59;   13.3;   62.33;   -999;   -999;-999;eor
       3254;20200408;    1;   7.7;-999;    1;   0.0;   0;-999;-999;  -999;   9.1; 1020.16;   15.1;   55.42;   -999;   -999;-999;eor
       3254;20200409;    1;   8.7;-999;    1;   0.0;   0;-999;-999;  -999;   8.0; 1020.90;   11.6;   62.52;   -999;   -999;-999;eor
       3254;20200410;    1;   6.7;-999;    1;   0.0;   0;-999;-999;  -999;   5.9; 1022.96;    7.5;   62.00;   -999;   -999;-999;eor
       3254;20200411;    1;   6.7;-999;    1;   0.0;   0;-999;-999;  -999;   6.2; 1019.52;   10.0;   57.38;   -999;   -999;-999;eor
       3254;20200412;    1;   8.7;-999;    1;   0.0;   0;-999;-999;  -999;   7.8; 1010.00;   13.4;   55.88;   -999;   -999;-999;eor
       3254;20200413;    1;  14.9;-999;    1;   0.0;   4;-999;-999;  -999;   5.3; 1016.46;    7.3;   52.38;   -999;   -999;-999;eor
       3254;20200414;    1;   9.3;-999;    1;   0.0;   0;-999;-999;  -999;   5.7; 1020.82;    6.0;   62.92;   -999;   -999;-999;eor
       3254;20200415;    1;   7.7;-999;    1;   0.0;   0;   12.400;-999;  -999;   5.8; 1018.53;    8.2;   58.67;   -999;   -999;-999;eor
       3254;20200416;    1;   9.3;-999;    1;   0.0;   0;   12.500;-999;  -999;   6.8; 1013.22;    9.8;   61.96;   -999;   -999;-999;eor
       3254;20200417;    1;   8.2;-999;    1;   0.0;   0;   12.600;-999;  -999;   6.7; 1013.82;    8.5;   64.50;   -999;   -999;-999;eor
       3254;20200418;    1;   8.7;-999;    1;   0.0;   0;   10.800;-999;  -999;   6.9; 1011.76;   11.3;   56.25;   -999;   -999;-999;eor
       3254;20200419;    1;  11.8;-999;    1;   0.0;   0;   12.900;-999;  -999;   4.3; 1016.05;   10.8;   35.46;   -999;   -999;-999;eor
       3254;20200420;    1;  15.9;-999;    1;   0.0;   0;   12.900;-999;  -999;   4.8; 1018.12;   11.0;   38.17;   -999;   -999;-999;eor
       3254;20200421;    1;  16.5;-999;    1;   0.0;   0;   13.000;-999;  -999;   5.5; 1017.26;   12.7;   39.04;   -999;   -999;-999;eor
       3254;20200422;    1;  12.9;-999;    1;   0.0;   0;   13.100;-999;  -999;   6.1; 1018.25;   14.1;   39.79;   -999;   -999;-999;eor
       3254;20200423;    1;   8.2;-999;    1;   0.0;   0;   12.500;   0;  -999;   6.7; 1015.24;   14.6;   42.96;   -999;   -999;-999;eor
       3254;20200424;    1;  10.8;-999;    1;   0.0;   0;   10.700;   0;  -999;   7.5; 1008.12;   12.1;   56.29;   -999;   -999;-999;eor
       3254;20200425;    1;   8.7;-999;    1;   0.0;   0;    6.700;-999;  -999;   7.4; 1008.76;   10.3;   61.00;   -999;   -999;-999;eor
       3254;20200426;    1;   6.7;-999;    1;   0.0;   0;   10.300;-999;  -999;   6.8; 1007.05;    8.3;   66.63;   -999;   -999;-999;eor
       3254;20200427;    1;   9.3;-999;    1;   0.0;   0;   11.700;   0;  -999;   7.1; 1002.56;   12.3;   55.79;   -999;   -999;-999;eor
       3254;20200428;    1;   9.3;-999;    1;   2.3;   4;    2.500;   0;  -999;   9.9;  999.92;   10.9;   77.63;   -999;   -999;-999;eor
       3254;20200429;    1;  15.4;-999;    1;   4.2;   4;    2.300;   0;  -999;  11.1;  998.52;   10.9;   85.46;   -999;   -999;-999;eor
       3254;20200430;    1;  14.4;-999;    1;   0.0;   0;    4.600;   0;  -999;   8.9;  994.55;   12.0;   66.00;   -999;   -999;-999;eor
       3254;20200501;    1;  18.5;-999;    1;   8.2;   4;    2.400;-999;  -999;   9.6;  994.15;    9.4;   81.75;   -999;   -999;-999;eor
       3254;20200502;    1;  12.3;-999;    1;   2.8;   4;    2.600;-999;  -999;   9.4; 1001.95;    9.3;   81.46;   -999;   -999;-999;eor
       3254;20200503;    1;   8.7;-999;    1;   0.0;   0;    6.900;-999;  -999;   9.1; 1011.55;   10.9;   71.92;   -999;   -999;-999;eor
       3254;20200504;    1;   9.8;-999;    1;   0.0;   0;    8.500;   0;  -999;   7.7; 1014.71;    9.9;   65.25;   -999;   -999;-999;eor
       3254;20200505;    1;  10.3;-999;    1;   0.0;   0;   12.500;   0;  -999;   5.8; 1017.53;    8.0;   58.96;   -999;   -999;-999;eor
       3254;20200506;    1;   9.3;-999;    1;   0.0;   0;   13.900;   0;  -999;   6.4; 1020.80;    8.7;   62.00;   -999;   -999;-999;eor
       3254;20200507;    1;   6.2;-999;    1;   0.0;   0;   13.200;   0;  -999;   6.3; 1018.70;   10.5;   58.38;   -999;   -999;-999;eor
       3254;20200508;    1;   7.2;-999;    1;   0.0;   0;   11.200;   0;  -999;   8.1; 1013.62;   13.2;   58.83;   -999;   -999;-999;eor
       3254;20200509;    1;   7.2;-999;    1;   0.0;   0;   13.900;-999;  -999;   8.4; 1008.67;   16.3;   51.54;   -999;   -999;-999;eor
       3254;20200510;    1;  15.4;-999;    1;   0.1;   4;    6.900;-999;  -999;   9.3; 1002.83;   13.4;   62.67;   -999;   -999;-999;eor
       3254;20200511;    1;  15.9;-999;    1;   0.1;   4;   10.300;   0;  -999;   5.0; 1009.02;    8.2;   48.00;   -999;   -999;-999;eor
       3254;20200512;    1;  11.3;-999;    1;   0.0;   4;    4.300;   0;  -999;   6.5; 1012.30;    6.7;   68.00;   -999;   -999;-999;eor
       3254;20200513;    1;  10.8;-999;    1;   0.2;   4;    4.600;   0;  -999;   6.7; 1008.96;    7.4;   66.00;   -999;   -999;-999;eor
       3254;20200514;    1;   9.3;-999;    1;   0.0;   0;    7.800;   0;  -999;   5.6; 1015.31;    7.1;   57.74;   -999;   -999;-999;eor
       3254;20200515;    1;   9.8;-999;    1;   0.0;   0;    3.200;   0;  -999;   6.4; 1016.81;    7.1;   65.08;   -999;   -999;-999;eor
       3254;20200516;    1;  11.3;-999;    1;   0.0;   0;    5.800;-999;  -999;   7.9; 1016.50;   11.0;   62.67;   -999;   -999;-999;eor
       3254;20200517;    1;  12.3;-999;    1;   0.0;   0;   10.200;-999;  -999;   8.2; 1017.62;   12.0;   62.13;   -999;   -999;-999;eor
       3254;20200518;    1;  12.3;-999;    1;   0.0;   0;    9.900;   0;  -999;   9.6; 1016.50;   14.5;   60.58;   -999;   -999;-999;eor
       3254;20200519;    1;   7.2;-999;    1;   0.0;   0;    2.400;   0;  -999;  11.9; 1016.59;   15.2;   69.38;   -999;   -999;-999;eor
       3254;20200520;    1;   5.7;-999;    1;   0.0;   0;    2.700;   0;  -999;  12.5; 1018.30;   15.2;   74.29;   -999;   -999;-999;eor
       3254;20200521;    1;   5.7;-999;    1;   0.0;   0;   14.100;-999;  -999;  10.7; 1016.75;   17.1;   60.67;   -999;   -999;-999;eor
       3254;20200522;    1;  11.3;-999;    1;   6.0;   4;    1.100;-999;  -999;  13.0; 1012.01;   17.7;   64.42;   -999;   -999;-999;eor
       3254;20200523;    1;  14.4;-999;    1;   0.0;   0;    5.300;-999;  -999;   8.8; 1015.31;   15.1;   51.58;   -999;   -999;-999;eor
       3254;20200524;    1;  11.8;-999;    1;   4.3;   4;    1.100;-999;  -999;  11.9; 1020.79;   12.8;   80.54;   -999;   -999;-999;eor
       3254;20200525;    1;  12.9;-999;    1;   0.0;   0;    7.500;   0;  -999;  11.2; 1027.55;   13.7;   73.08;   -999;   -999;-999;eor
       3254;20200526;    1;   5.1;-999;    1;   0.0;   0;   10.200;   0;  -999;   9.4; 1030.39;   13.4;   66.25;   -999;   -999;-999;eor
       3254;20200527;    1;  11.8;-999;    1;   0.0;   0;    9.000;   0;  -999;  10.5; 1028.78;   14.9;   63.71;   -999;   -999;-999;eor
       3254;20200528;    1;  11.8;-999;    1;   0.0;   0;   14.800;   0;  -999;   8.0; 1028.79;   12.8;   58.75;   -999;   -999;-999;eor
       3254;20200529;    1;   8.7;-999;    1;   0.0;   0;   14.500;   0;  -999;   8.3; 1023.95;   14.0;   57.88;   -999;   -999;-999;eor
       3254;20200530;    1;  12.3;-999;    1;   0.0;   0;   10.900;-999;  -999;   8.5; 1020.20;   16.0;   51.71;   -999;   -999;-999;eor
       3254;20200531;    1;  12.9;-999;    1;   0.0;   0;   11.700;-999;  -999;   8.6; 1019.40;   15.8;   49.88;   -999;   -999;-999;eor
       3254;20200601;-999;-999;-999;    1;   0.0;   0;   13.100;-999;  -999;   9.2; 1018.43;   17.5;   47.88;   -999;   -999;-999;eor
       3254;20200602;-999;-999;-999;    1;   0.0;   0;   13.700;   0;  -999;   9.9; 1011.67;   20.7;   43.29;   -999;   -999;-999;eor
       3254;20200603;-999;-999;-999;    1;   0.0;   0;    8.700;   0;  -999;  12.4;  998.86;   19.5;   56.79;   -999;   -999;-999;eor
       3254;20200604;-999;-999;-999;    1;   4.6;   4;    0.000;   0;  -999;  12.9;  990.78;   13.0;   86.83;   -999;   -999;-999;eor
       3254;20200605;-999;-999;-999;    1;   8.7;   4;    4.400;   0;  -999;  10.0;  988.37;   10.0;   82.00;   -999;   -999;-999;eor
       3254;20200606;-999;-999;-999;    1;   0.7;   4;    7.100;-999;  -999;   8.2;  993.28;   11.9;   59.79;   -999;   -999;-999;eor
       3254;20200607;-999;-999;-999;    1;   1.9;   4;    4.200;-999;  -999;   9.8; 1000.54;   13.1;   65.08;   -999;   -999;-999;eor
       3254;20200608;-999;-999;-999;    1;   0.4;   4;    0.200;   0;  -999;  12.1; 1009.11;   13.3;   79.17;   -999;   -999;-999;eor
       3254;20200609;-999;-999;-999;    1;   0.0;   4;    2.000;   0;  -999;   9.9; 1013.87;   12.9;   67.33;   -999;   -999;-999;eor
