STATIONS_ID;MESS_DATUM;QN_3;  FX;  FM;QN_4; RSK;RSKF; SDK;SHK_TAG;  NM; VPM;  PM; TMK; UPM; TXK; TNK; TGK;eor
        217;20181208;-999;-999;-999;    3;   2.2;   4;    1.750;   0;  -999;   6.1;    -999;    5.4;   68.96;    7.9;    2.9;    1.2;eor
        217;20181209;-999;-999;-999;    3;   4.6;   4;    0.050;   0;  -999;   7.4;    -999;    5.2;   84.17;    9.5;    3.2;    2.4;eor
        217;20181210;-999;-999;-999;    3;   0.9;   4;    0.017;   0;  -999;   6.2;    -999;    2.0;   88.00;    4.1;    0.2;   -0.9;eor
        217;20181211;-999;-999;-999;    3;   1.3;   4;    0.300;   0;  -999;   5.3;    -999;   -0.1;   86.96;    1.1;   -1.0;   -2.7;eor
        217;20181212;-999;-999;-999;    3;   1.0;   4;    0.717;   2;  -999;   4.9;    -999;   -1.4;   89.58;    0.3;   -4.5;   -8.3;eor
        217;20181213;-999;-999;-999;    3;   0.0;   0;    4.700;   3;  -999;   4.6;    -999;   -2.4;   89.08;   -1.4;   -3.6;   -4.6;eor
        217;20181214;-999;-999;-999;    3;   0.0;   0;    0.000;   2;  -999;   3.7;    -999;   -4.1;   82.96;   -3.5;   -5.0;   -4.9;eor
        217;20181215;-999;-999;-999;    3;   0.0;   0;    0.000;   2;  -999;   3.4;    -999;   -5.1;   81.79;   -3.7;   -8.1;  -10.0;eor
        217;20181216;-999;-999;-999;    3;   1.9;   4;    0.550;   2;  -999;   5.0;    -999;   -1.6;   88.67;    3.4;   -8.2;  -11.0;eor
        217;20181217;-999;-999;-999;    3;   1.0;   4;    2.850;   4;  -999;   6.0;    -999;    0.6;   93.29;    3.4;   -3.8;   -7.3;eor
        217;20181218;-999;-999;-999;    3;   0.0;   0;    7.167;   0;  -999;   5.3;    -999;    0.3;   85.21;    4.3;   -3.8;   -7.8;eor
        217;20181219;-999;-999;-999;    3;   1.6;   4;    0.000;   0;  -999;   5.2;    -999;    1.0;   78.75;    5.7;   -4.1;   -7.8;eor
        217;20181220;-999;-999;-999;    3;   0.0;   0;    3.867;   0;  -999;   6.3;    -999;    3.5;   80.71;    6.8;    1.0;   -0.7;eor
        217;20181221;-999;-999;-999;    3;   3.1;   4;    0.000;   0;  -999;   7.1;    -999;    5.9;   73.88;   10.5;    0.2;   -2.6;eor
        217;20181222;-999;-999;-999;    3;   2.1;   4;    0.000;   0;  -999;   8.9;    -999;    9.3;   75.42;   11.3;    7.4;    5.9;eor
        217;20181223;-999;-999;-999;    3;  14.1;   4;    0.000;   0;  -999;   8.8;    -999;    7.2;   86.67;   10.0;    4.8;    3.6;eor
        217;20181224;-999;-999;-999;    3;   7.0;   4;    0.033;   0;  -999;   7.7;    -999;    4.0;   92.83;   10.3;    1.1;   -0.6;eor
        217;20181225;-999;-999;-999;    3;   0.0;   0;    0.000;   0;  -999;   5.6;    -999;   -0.2;   92.92;    1.2;   -3.3;   -7.9;eor
        217;20181226;-999;-999;-999;    3;   0.0;   0;    7.633;   0;  -999;   4.6;    -999;   -1.3;   83.71;    4.9;   -5.3;   -8.4;eor
        217;20181227;-999;-999;-999;    3;   0.0;   0;    2.717;   0;  -999;   4.8;    -999;   -1.0;   85.46;    3.7;   -5.4;   -8.4;eor
        217;20181228;-999;-999;-999;    3;   0.0;   0;    4.683;   0;  -999;   4.9;    -999;    0.8;   76.04;    5.7;   -2.2;   -7.3;eor
        217;20181229;-999;-999;-999;    3;   4.1;   4;    0.000;   0;  -999;   5.2;    -999;   -1.4;   93.42;    0.5;   -3.6;   -6.8;eor
        217;20181230;-999;-999;-999;    3;   4.9;   4;    0.000;   0;  -999;   6.5;    -999;    1.7;   94.38;    2.6;   -0.2;   -0.2;eor
        217;20181231;-999;-999;-999;    3;   5.7;   4;    0.000;   0;  -999;   7.1;    -999;    2.2;   99.25;    3.3;    1.0;   -0.5;eor
        217;20190101;-999;-999;-999;    3;   2.7;   4;    0.000;   0;  -999;   6.7;    -999;    2.5;   91.88;    3.5;    0.4;   -2.4;eor
        217;20190102;-999;-999;-999;    3;   2.4;   4;    0.017;   2;  -999;   4.9;    -999;   -0.9;   85.46;    1.5;   -3.1;   -8.5;eor
        217;20190103;-999;-999;-999;    3;   0.0;   0;    1.217;   5;  -999;   3.7;    -999;   -3.3;   76.54;   -2.2;   -4.3;   -8.3;eor
        217;20190104;-999;-999;-999;    3;   1.0;   4;    0.000;   5;  -999;   4.4;    -999;   -2.4;   85.96;   -0.8;   -3.3;   -3.8;eor
        217;20190105;-999;-999;-999;    3;  28.9;   4;    0.000;   9;  -999;   5.5;    -999;   -0.6;   93.42;    0.2;   -1.8;   -1.8;eor
        217;20190106;-999;-999;-999;    3;  11.4;   4;    0.000;  27;  -999;   6.2;    -999;    0.3;   99.79;    0.6;    0.1;   -0.1;eor
        217;20190107;-999;-999;-999;    3;   3.7;   4;    0.000;  28;  -999;   6.2;    -999;    0.3;   98.21;    0.8;    0.0;   -0.6;eor
        217;20190108;-999;-999;-999;    3;   3.5;   4;    0.417;  29;  -999;   6.0;    -999;    1.2;   90.29;    2.6;   -0.3;   -0.4;eor
        217;20190109;-999;-999;-999;    3;  15.1;   4;    0.000;  21;  -999;   5.3;    -999;   -1.2;   94.17;    0.9;   -2.5;   -2.6;eor
        217;20190110;-999;-999;-999;    3;   9.8;   4;    0.000;  39;  -999;   4.9;    -999;   -2.5;   95.00;   -1.3;   -4.3;   -2.7;eor
        217;20190111;-999;-999;-999;    3;   2.2;   4;    2.800;  50;  -999;   4.0;    -999;   -4.0;   87.58;   -1.0;   -7.5;   -3.5;eor
        217;20190112;-999;-999;-999;    3;   4.3;   4;    0.050;  52;  -999;   5.7;    -999;    0.8;   88.83;    2.1;   -1.0;   -2.0;eor
        217;20190113;-999;-999;-999;    3;  13.1;   4;    0.000;  41;  -999;   6.6;    -999;    2.2;   91.83;    4.3;    0.7;    0.0;eor
        217;20190114;-999;-999;-999;    3;   2.8;   4;    0.000;  31;  -999;   6.2;    -999;    1.2;   92.21;    3.5;   -0.8;   -1.2;eor
        217;20190115;-999;-999;-999;    3;   0.0;   0;    0.133;  26;  -999;   4.8;    -999;    0.3;   77.33;    2.5;   -2.5;   -5.5;eor
        217;20190116;-999;-999;-999;    3;   0.0;   0;    8.150;  26;  -999;   4.5;    -999;   -0.1;   74.17;    5.2;   -6.1;   -9.7;eor
        217;20190117;-999;-999;-999;    3;   0.6;   4;    3.417;  26;  -999;   5.4;    -999;    3.8;   67.17;    7.7;    1.5;   -2.1;eor
        217;20190118;-999;-999;-999;    3;   0.0;   0;    2.483;  26;  -999;   4.0;    -999;   -1.9;   74.50;    1.7;   -5.8;  -10.1;eor
        217;20190119;-999;-999;-999;    3;   0.0;   0;    7.100;  26;  -999;   3.1;    -999;   -6.5;   81.96;   -3.0;  -11.2;  -13.6;eor
        217;20190120;-999;-999;-999;    3;   0.0;   0;    0.717;  26;  -999;   3.6;    -999;   -4.6;   81.54;   -0.7;   -9.2;  -13.1;eor
        217;20190121;-999;-999;-999;    3;   0.0;   0;    0.000;  26;  -999;   4.3;    -999;   -3.8;   92.54;   -2.4;   -6.3;   -8.3;eor
        217;20190122;-999;-999;-999;    3;   0.0;   0;    4.650;  26;  -999;   4.0;    -999;   -4.4;   89.71;   -2.3;   -6.0;   -9.8;eor
        217;20190123;-999;-999;-999;    3;   0.0;   0;    0.467;  26;  -999;   3.5;    -999;   -5.8;   87.54;   -4.1;   -7.4;   -9.5;eor
        217;20190124;-999;-999;-999;    3;   0.0;   4;    3.733;  26;  -999;   3.6;    -999;   -4.2;   80.54;   -0.8;   -5.5;   -5.8;eor
        217;20190125;-999;-999;-999;    3;   0.5;   4;    1.317;  27;  -999;   3.1;    -999;   -5.4;   77.42;   -3.2;   -7.5;  -11.5;eor
        217;20190126;-999;-999;-999;    3;   5.8;   4;    0.000;  27;  -999;   5.5;    -999;    0.3;   83.92;    4.1;   -6.2;   -6.7;eor
        217;20190127;-999;-999;-999;    3;   0.2;   4;    1.017;  27;  -999;   5.9;    -999;    2.4;   81.54;    6.1;   -1.6;   -4.2;eor
        217;20190128;-999;-999;-999;    3;   0.4;   4;    1.783;  27;  -999;   4.8;    -999;    0.3;   77.13;    2.5;   -1.1;   -2.0;eor
        217;20190129;-999;-999;-999;    3;   0.1;   4;    3.967;  27;  -999;   4.2;    -999;   -1.7;   78.79;    2.0;   -6.6;  -10.4;eor
        217;20190130;-999;-999;-999;    3;   0.0;   0;    0.000;  27;  -999;   3.5;    -999;   -1.0;   60.88;    2.7;   -7.8;  -10.6;eor
        217;20190131;-999;-999;-999;    3;   0.0;   0;    6.483;  27;  -999;   3.2;    -999;   -2.2;   63.04;    2.7;   -8.0;  -12.3;eor
        217;20190201;-999;-999;-999;    3;   1.8;   4;    0.333;  27;  -999;   4.5;    -999;    1.4;   67.58;    4.6;   -2.1;   -4.3;eor
        217;20190202;-999;-999;-999;    3;  18.0;   4;    0.000;  20;  -999;   6.6;    -999;    1.7;   94.67;    3.7;   -0.8;   -2.9;eor
        217;20190203;-999;-999;-999;    3;  15.0;   4;    0.000;  28;  -999;   5.6;    -999;   -0.8;   97.79;    1.4;   -2.2;   -2.7;eor
        217;20190204;-999;-999;-999;    3;   0.0;   0;    5.767;  37;  -999;   4.6;    -999;   -2.6;   92.00;   -0.5;   -5.2;   -7.8;eor
        217;20190205;-999;-999;-999;    3;   0.0;   0;    8.517;  35;  -999;   3.9;    -999;   -4.7;   90.71;    1.0;   -9.6;  -14.4;eor
        217;20190206;-999;-999;-999;    3;   0.0;   0;    9.133;  35;  -999;   3.8;    -999;   -6.0;   94.50;   -0.4;  -11.8;  -16.7;eor
        217;20190207;-999;-999;-999;    3;   7.2;   4;    1.817;  35;  -999;   5.3;    -999;   -0.7;   90.17;    5.0;  -10.7;  -13.6;eor
        217;20190208;-999;-999;-999;    3;   0.0;   0;    8.300;  30;  -999;   5.3;    -999;    2.2;   76.00;    8.0;   -1.3;   -6.2;eor
        217;20190209;-999;-999;-999;    3;   0.1;   4;    2.117;  27;  -999;   5.9;    -999;    5.1;   66.00;    7.5;   -1.5;   -4.1;eor
        217;20190210;-999;-999;-999;    3;   2.1;   4;    3.850;  23;  -999;   5.6;    -999;    5.3;   65.83;   12.2;    0.7;   -0.9;eor
        217;20190211;-999;-999;-999;    3;   6.4;   4;    0.000;  17;  -999;   5.8;    -999;    0.8;   89.83;    3.2;   -0.4;   -0.8;eor
        217;20190212;-999;-999;-999;    3;   0.1;   4;    0.000;  24;  -999;   5.2;    -999;   -0.4;   87.29;    1.1;   -3.2;   -6.8;eor
        217;20190213;-999;-999;-999;    3;   0.0;   0;    8.400;  26;  -999;   4.5;    -999;   -1.3;   81.96;    4.0;   -5.9;  -10.0;eor
        217;20190214;-999;-999;-999;    3;   0.0;   0;    8.633;  24;  -999;   4.9;    -999;    1.6;   73.75;   10.3;   -3.9;   -7.4;eor
        217;20190215;-999;-999;-999;    3;   0.0;   0;    9.783;  21;  -999;   4.7;    -999;    3.0;   64.58;    9.3;   -3.5;   -6.3;eor
        217;20190216;-999;-999;-999;    3;   0.0;   0;    9.850;  18;  -999;   4.0;    -999;    5.2;   48.17;   14.3;   -2.5;   -5.6;eor
        217;20190217;-999;-999;-999;    3;   0.0;   0;    9.917;  17;  -999;   3.6;    -999;    5.7;   41.92;   14.1;   -0.1;   -6.9;eor
        217;20190218;-999;-999;-999;    3;   0.0;   0;    9.967;  17;  -999;   3.6;    -999;    5.1;   42.92;   12.7;   -0.7;   -7.7;eor
        217;20190219;-999;-999;-999;    3;   0.0;   0;    8.650;  15;  -999;   5.6;    -999;    6.6;   57.17;   11.9;    2.4;   -5.7;eor
        217;20190220;-999;-999;-999;    3;   0.0;   0;    4.433;  13;  -999;   6.9;    -999;    5.1;   78.88;    9.4;    1.1;   -1.2;eor
        217;20190221;-999;-999;-999;    3;   2.0;   4;    7.050;   9;  -999;   6.4;    -999;    6.8;   66.08;   11.6;    2.3;   -1.8;eor
        217;20190222;-999;-999;-999;    3;   3.2;   4;    0.683;   5;  -999;   8.2;    -999;    5.1;   93.33;    7.9;    2.2;    1.0;eor
        217;20190223;-999;-999;-999;    3;   0.0;   0;    9.750;   0;  -999;   4.4;    -999;    0.1;   71.17;    3.1;   -3.6;   -5.7;eor
        217;20190224;-999;-999;-999;    3;   0.0;   0;    6.783;   0;  -999;   3.9;    -999;    0.1;   63.17;    5.7;   -5.2;   -7.4;eor
        217;20190225;-999;-999;-999;    3;   0.0;   0;   10.050;   0;  -999;   6.0;    -999;    4.1;   72.00;   11.0;   -2.4;   -4.7;eor
        217;20190226;-999;-999;-999;    3;   0.0;   0;    9.200;   0;  -999;   6.2;    -999;    6.1;   68.21;   15.1;   -1.2;   -3.3;eor
        217;20190227;-999;-999;-999;    3;   0.0;   0;   10.417;   0;  -999;   5.8;    -999;    8.7;   53.88;   14.9;    3.1;   -0.5;eor
        217;20190228;-999;-999;-999;    3;   0.1;   4;   10.283;   0;  -999;   6.0;    -999;   10.7;   48.33;   16.5;    4.6;   -0.3;eor
        217;20190301;-999;-999;-999;    3;   6.6;   4;    0.017;   0;  -999;   7.7;    -999;    5.8;   83.58;    8.5;    4.2;    3.6;eor
        217;20190302;-999;-999;-999;    3;   0.0;   0;    0.100;   0;  -999;   7.1;    -999;    5.3;   80.08;    7.5;    3.8;    2.5;eor
        217;20190303;-999;-999;-999;    3;   0.0;   0;    7.783;   0;  -999;   6.7;    -999;    8.5;   61.75;   14.3;    3.5;    0.8;eor
        217;20190304;-999;-999;-999;    3;   0.1;   4;    4.433;   0;  -999;   5.4;    -999;    8.6;   50.00;   15.2;    2.9;    1.0;eor
        217;20190305;-999;-999;-999;    3;   0.0;   4;    2.567;   0;  -999;   5.8;    -999;    4.9;   68.17;    9.1;    0.9;   -0.7;eor
        217;20190306;-999;-999;-999;    3;   0.0;   0;    7.117;   0;  -999;   5.8;    -999;    7.9;   58.58;   14.4;    0.2;   -3.1;eor
        217;20190307;-999;-999;-999;    3;   1.5;   4;    2.950;   0;  -999;   6.6;    -999;    8.7;   60.92;   12.7;    5.4;    3.1;eor
        217;20190308;-999;-999;-999;    3;   0.0;   0;    1.000;   0;  -999;   6.2;    -999;    5.3;   69.92;    7.7;    2.2;   -1.5;eor
        217;20190309;-999;-999;-999;    3;   1.6;   4;    2.300;   0;  -999;   7.2;    -999;    7.9;   67.29;   11.8;    2.6;   -0.2;eor
        217;20190310;-999;-999;-999;    3;   1.6;   4;    2.433;   0;  -999;   8.4;    -999;    9.2;   71.67;   13.2;    4.6;    3.4;eor
        217;20190311;-999;-999;-999;    3;   2.5;   4;    0.750;   0;  -999;   4.9;    -999;    1.9;   71.21;    4.7;   -1.1;   -1.8;eor
        217;20190312;-999;-999;-999;    3;   0.2;   4;    7.900;   0;  -999;   4.4;    -999;    4.1;   55.71;    8.5;    0.5;   -0.4;eor
        217;20190313;-999;-999;-999;    3;   0.8;   4;    5.100;   0;  -999;   5.7;    -999;    4.3;   69.25;    8.7;    0.9;    0.1;eor
        217;20190314;-999;-999;-999;    3;   1.3;   4;    0.000;   0;  -999;   6.4;    -999;    3.3;   82.58;    5.6;    1.0;    0.5;eor
        217;20190315;-999;-999;-999;    3;  10.3;   4;    0.000;   0;  -999;   8.1;    -999;    6.0;   86.08;    9.2;    3.1;    2.9;eor
        217;20190316;-999;-999;-999;    3;   0.0;   0;    6.183;   0;  -999;   7.4;    -999;   10.8;   58.75;   17.1;    7.5;    0.0;eor
        217;20190317;-999;-999;-999;    3;   5.0;   4;    8.850;   0;  -999;   5.2;    -999;   10.3;   45.96;   17.9;    0.2;   -1.4;eor
        217;20190318;-999;-999;-999;    3;   1.4;   4;    2.167;   0;  -999;   6.0;    -999;    1.4;   89.75;    4.8;   -0.3;   -2.2;eor
        217;20190319;-999;-999;-999;    3;   0.0;   0;    1.450;   0;  -999;   5.5;    -999;    2.0;   78.75;    6.2;   -1.7;   -5.0;eor
        217;20190320;-999;-999;-999;    3;   0.0;   0;    9.583;   0;  -999;   4.6;    -999;    1.9;   68.54;    7.6;   -3.6;   -7.2;eor
        217;20190321;-999;-999;-999;    3;   0.0;   0;   11.200;   0;  -999;   5.0;    -999;    3.8;   63.96;   11.0;   -2.6;   -5.6;eor
        217;20190322;-999;-999;-999;    3;   0.0;   0;   10.917;   0;  -999;   6.1;    -999;    6.5;   65.25;   15.4;   -2.5;   -6.2;eor
        217;20190323;-999;-999;-999;    3;   0.0;   0;   11.283;   0;  -999;   6.4;    -999;   10.1;   54.29;   17.4;    2.0;   -3.7;eor
        217;20190324;-999;-999;-999;    3;   0.0;   0;   11.133;   0;  -999;   7.2;    -999;    9.5;   62.96;   17.0;    1.5;   -2.9;eor
        217;20190325;-999;-999;-999;    3;   1.4;   4;    1.733;   0;  -999;   6.5;    -999;    4.5;   77.21;    7.8;    0.1;   -1.6;eor
        217;20190326;-999;-999;-999;    3;   0.0;   0;    2.600;   0;  -999;   5.2;    -999;    2.5;   72.54;    5.7;   -1.2;   -3.8;eor
        217;20190327;-999;-999;-999;    3;   0.0;   0;    0.833;   0;  -999;   6.1;    -999;    3.7;   76.63;    7.2;    1.0;   -0.1;eor
        217;20190328;-999;-999;-999;    3;   0.0;   0;    4.783;   0;  -999;   6.6;    -999;    6.5;   69.33;   11.4;    2.9;    0.1;eor
        217;20190329;-999;-999;-999;    3;   0.0;   0;   11.533;   0;  -999;   7.2;    -999;    7.4;   72.67;   14.0;    1.1;   -1.8;eor
        217;20190330;-999;-999;-999;    3;   0.0;   0;   11.450;   0;  -999;   6.5;    -999;    9.3;   59.04;   17.1;    0.7;   -3.8;eor
        217;20190331;-999;-999;-999;    3;   0.0;   0;   11.467;   0;  -999;   6.6;    -999;    9.7;   57.92;   16.2;    1.5;   -3.1;eor
        217;20190401;-999;-999;-999;    3;   0.0;   0;   11.317;   0;  -999;   8.1;    -999;    8.3;   73.88;   14.3;    2.0;   -2.7;eor
        217;20190402;-999;-999;-999;    3;   0.0;   0;   10.300;   0;  -999;   6.9;    -999;   12.3;   53.04;   19.6;    3.3;   -0.8;eor
        217;20190403;-999;-999;-999;    3;   0.0;   0;    8.283;   0;  -999;   6.9;    -999;   11.6;   52.75;   18.6;    4.4;    1.3;eor
        217;20190404;-999;-999;-999;    3;   0.0;   0;    3.600;   0;  -999;   6.8;    -999;    4.4;   81.54;   10.1;    0.5;   -2.3;eor
        217;20190405;-999;-999;-999;    3;   0.0;   0;    0.683;   0;  -999;   6.8;    -999;    4.4;   81.58;    8.7;    1.6;   -1.6;eor
        217;20190406;-999;-999;-999;    3;   0.0;   0;    9.067;   0;  -999;   8.2;    -999;    7.8;   78.92;   14.6;    0.8;   -2.5;eor
        217;20190407;-999;-999;-999;    3;  22.0;   4;    7.867;   0;  -999;   9.1;    -999;    8.8;   81.67;   14.8;    3.0;   -1.5;eor
        217;20190408;-999;-999;-999;    3;   2.3;   4;    0.000;   0;  -999;   9.6;    -999;    7.0;   95.04;    8.8;    5.8;    5.6;eor
        217;20190409;-999;-999;-999;    3;  20.3;   4;    3.183;   0;  -999;  10.1;    -999;    9.2;   87.21;   13.3;    5.7;    3.3;eor
        217;20190410;-999;-999;-999;    3;   2.8;   4;    0.000;   0;  -999;   9.7;    -999;    7.3;   94.96;    8.7;    6.5;    6.1;eor
        217;20190411;-999;-999;-999;    3;   0.0;   0;    0.083;   0;  -999;   7.5;    -999;    5.8;   80.50;    8.0;    3.7;    3.6;eor
        217;20190412;-999;-999;-999;    3;   0.0;   0;    0.000;   0;  -999;   5.5;    -999;    4.1;   67.92;    7.0;    1.9;    1.2;eor
        217;20190413;-999;-999;-999;    3;   0.0;   0;    3.567;   0;  -999;   5.4;    -999;    4.3;   65.08;    8.4;    1.1;    0.1;eor
        217;20190414;-999;-999;-999;    3;   0.0;   0;    0.083;   0;  -999;   5.8;    -999;    3.8;   72.75;    6.2;    1.4;    0.8;eor
        217;20190415;-999;-999;-999;    3;   0.0;   0;    9.367;   0;  -999;   7.1;    -999;    6.7;   72.83;   11.9;    2.1;   -1.3;eor
        217;20190416;-999;-999;-999;    3;   0.0;   0;   10.950;   0;  -999;   6.6;    -999;    9.4;   60.25;   17.1;    0.9;   -3.3;eor
        217;20190417;-999;-999;-999;    3;   0.0;   0;   11.983;   0;  -999;   6.8;    -999;   10.9;   53.71;   16.6;    5.6;    0.1;eor
        217;20190418;-999;-999;-999;    3;   0.0;   0;   12.883;   0;  -999;   7.5;    -999;   11.2;   57.92;   17.8;    3.3;    1.4;eor
        217;20190419;-999;-999;-999;    3;   0.0;   0;   13.283;   0;  -999;   7.2;    -999;   13.1;   50.79;   19.8;    5.2;    1.2;eor
        217;20190420;-999;-999;-999;    3;   0.0;   0;   13.350;   0;  -999;   6.8;    -999;   12.6;   48.79;   20.0;    3.4;   -1.9;eor
        217;20190421;-999;-999;-999;    3;   0.0;   0;   12.950;   0;  -999;   6.6;    -999;   12.9;   47.46;   20.5;    3.1;   -0.9;eor
        217;20190422;-999;-999;-999;    3;   0.0;   0;   12.467;   0;  -999;   7.3;    -999;   13.9;   47.67;   21.2;    5.1;    0.8;eor
        217;20190423;-999;-999;-999;    3;   0.0;   0;    5.083;   0;  -999;   8.0;    -999;   14.4;   50.46;   20.6;    6.5;    4.0;eor
        217;20190424;-999;-999;-999;    3;   0.0;   0;    8.667;   0;  -999;   7.8;    -999;   16.9;   42.00;   23.9;    6.8;    1.7;eor
        217;20190425;-999;-999;-999;    3;   0.0;   0;    9.267;   0;  -999;   8.0;    -999;   15.0;   50.79;   22.1;    5.1;    0.5;eor
        217;20190426;-999;-999;-999;    3;   2.4;   4;    1.217;   0;  -999;   8.1;    -999;    7.2;   80.04;   12.4;    4.3;    1.6;eor
        217;20190427;-999;-999;-999;    3;   3.4;   4;    3.817;   0;  -999;   7.9;    -999;    7.9;   75.79;   13.4;    3.7;    2.7;eor
        217;20190428;-999;-999;-999;    3;   1.1;   4;    4.933;   0;  -999;   6.4;    -999;    4.9;   74.63;    9.6;    1.4;   -1.6;eor
        217;20190429;-999;-999;-999;    3;  18.0;   4;    0.067;   0;  -999;   7.9;    -999;    4.8;   92.08;    7.2;    2.6;    2.0;eor
        217;20190430;-999;-999;-999;    3;   0.5;   4;    0.983;   0;  -999;   8.5;    -999;    6.6;   87.08;   11.3;    4.4;    4.1;eor
        217;20190501;-999;-999;-999;    3;   0.0;   0;   13.500;-999;  -999;   6.7;    -999;   10.0;   57.08;   15.9;    3.2;   -1.8;eor
        217;20190502;-999;-999;-999;    3;   8.2;   4;   11.850;-999;  -999;   7.5;    -999;   11.8;   57.21;   18.9;    4.3;   -2.1;eor
        217;20190503;-999;-999;-999;    3;   0.2;   4;    1.000;-999;  -999;   9.0;    -999;    8.0;   83.88;   11.6;    5.1;   -0.1;eor
        217;20190504;-999;-999;-999;    3;   3.6;   4;    3.517;-999;  -999;   7.4;    -999;    5.3;   83.38;   13.3;    0.6;   -1.6;eor
        217;20190505;-999;-999;-999;    3;   0.9;   4;    0.533;-999;  -999;   6.0;    -999;    2.0;   85.38;    5.4;    0.5;    0.1;eor
        217;20190506;-999;-999;-999;    3;   0.0;   0;    1.233;-999;  -999;   6.1;    -999;    3.6;   78.13;    7.2;    0.1;   -1.5;eor
        217;20190507;-999;-999;-999;    3;   0.0;   0;   11.767;-999;  -999;   5.8;    -999;    6.7;   62.38;   13.1;   -0.1;   -3.2;eor
        217;20190508;-999;-999;-999;    3;   2.4;   4;    1.667;-999;  -999;   8.0;    -999;   10.0;   66.33;   15.1;    3.5;    0.4;eor
        217;20190509;-999;-999;-999;    3;   0.3;   4;    7.467;-999;  -999;   8.6;    -999;   10.5;   69.75;   16.7;    5.0;    2.5;eor
        217;20190510;-999;-999;-999;    3;   0.0;   4;    6.433;-999;  -999;   9.1;    -999;   10.6;   71.71;   15.4;    6.6;    0.6;eor
        217;20190511;-999;-999;-999;    3;  19.5;   4;    0.767;-999;  -999;   9.5;    -999;    9.8;   78.54;   14.6;    5.8;    5.5;eor
        217;20190512;-999;-999;-999;    3;  16.0;   4;    0.000;-999;  -999;   7.9;    -999;    4.5;   92.96;    6.0;    3.1;    3.4;eor
        217;20190513;-999;-999;-999;    3;   0.0;   0;    3.133;-999;  -999;   7.4;    -999;    6.5;   78.04;   11.1;    3.2;    0.2;eor
        217;20190514;-999;-999;-999;    3;   0.5;   4;    5.167;-999;  -999;   6.1;    -999;    4.9;   71.42;   10.0;    1.3;   -0.7;eor
        217;20190515;-999;-999;-999;    3;   0.0;   4;    0.000;-999;  -999;   6.9;    -999;    4.4;   83.21;    7.1;    1.8;    0.1;eor
        217;20190516;-999;-999;-999;    3;   0.0;   0;    1.150;-999;  -999;   7.9;    -999;    6.4;   83.25;   11.7;    2.2;    0.7;eor
        217;20190517;-999;-999;-999;    3;   0.0;   0;    8.183;-999;  -999;   9.2;    -999;   11.4;   71.25;   18.8;    3.1;    0.2;eor
        217;20190518;-999;-999;-999;    3;   0.0;   0;   12.617;-999;  -999;   9.2;    -999;   13.7;   61.08;   20.1;    6.3;    1.2;eor
        217;20190519;-999;-999;-999;    3;   7.7;   4;    8.700;-999;  -999;  11.1;    -999;   13.5;   72.54;   19.7;    8.1;    3.8;eor
        217;20190520;-999;-999;-999;    3;  88.3;   4;    0.000;-999;  -999;  12.1;    -999;   10.3;   95.75;   11.2;    9.6;    9.5;eor
        217;20190521;-999;-999;-999;    3;  28.5;   4;    0.000;-999;  -999;  11.3;    -999;    9.7;   94.29;   10.5;    9.1;    8.8;eor
        217;20190522;-999;-999;-999;    3;   3.0;   4;    0.117;-999;  -999;  11.9;    -999;   10.4;   94.21;   13.1;    7.8;    5.1;eor
        217;20190523;-999;-999;-999;    3;   0.0;   0;   10.783;-999;  -999;   9.8;    -999;   12.3;   71.25;   18.0;    7.2;    3.7;eor
        217;20190524;-999;-999;-999;    3;   0.0;   0;   14.000;-999;  -999;   9.1;    -999;   14.3;   59.58;   21.0;    5.3;    1.6;eor
        217;20190525;-999;-999;-999;    3;   5.1;   4;    5.583;-999;  -999;  11.2;    -999;   13.7;   72.63;   20.8;    8.2;    4.0;eor
        217;20190526;-999;-999;-999;    3;   0.0;   0;    5.433;-999;  -999;  11.4;    -999;   13.9;   74.17;   19.4;   10.1;    6.2;eor
        217;20190527;-999;-999;-999;    3;  22.1;   4;    1.050;-999;  -999;  12.5;    -999;   13.6;   81.08;   18.6;    9.9;    5.5;eor
        217;20190528;-999;-999;-999;    3;  11.5;   4;    0.000;-999;  -999;  11.9;    -999;   10.5;   93.17;   11.9;    8.3;    7.8;eor
        217;20190529;-999;-999;-999;    3;  11.7;   4;    0.733;-999;  -999;  10.3;    -999;    9.2;   89.08;   12.5;    7.7;    7.4;eor
        217;20190530;-999;-999;-999;    3;   0.0;   0;   10.717;-999;  -999;   9.5;    -999;   11.8;   70.79;   17.0;    6.4;    3.4;eor
        217;20190531;-999;-999;-999;    3;   0.0;   0;    4.383;-999;  -999;  10.9;    -999;   13.8;   69.21;   20.2;   10.2;    7.1;eor
        217;20190601;-999;-999;-999;    3;   0.0;   0;   14.600;-999;  -999;  12.2;    -999;   16.8;   65.75;   23.1;    8.6;    5.1;eor
        217;20190602;-999;-999;-999;    3;   0.0;   0;   14.983;-999;  -999;  12.9;    -999;   18.8;   61.38;   25.2;   10.6;    7.5;eor
        217;20190603;-999;-999;-999;    3;   2.7;   4;   14.033;-999;  -999;  12.5;    -999;   20.8;   55.71;   27.9;   12.9;    7.6;eor
        217;20190604;-999;-999;-999;    3;   0.0;   0;   14.167;-999;  -999;  14.3;    -999;   19.9;   63.67;   26.4;   11.5;    8.3;eor
        217;20190605;-999;-999;-999;    3;   0.0;   0;   14.617;-999;  -999;  14.0;    -999;   21.2;   57.38;   27.9;   14.1;    9.4;eor
        217;20190606;-999;-999;-999;    3;   0.6;   4;    0.600;-999;  -999;  13.3;    -999;   15.6;   75.83;   19.9;   10.3;    9.4;eor
        217;20190607;-999;-999;-999;    3;   0.0;   0;   14.750;-999;  -999;  14.0;    -999;   18.2;   68.67;   25.4;    9.0;    6.8;eor
        217;20190608;-999;-999;-999;    3;   0.0;   0;    6.483;-999;  -999;   9.5;    -999;   14.9;   56.29;   19.9;    9.9;    7.9;eor
        217;20190609;-999;-999;-999;    3;   1.1;   4;    9.400;-999;  -999;  12.5;    -999;   16.6;   66.88;   24.4;    8.6;    5.8;eor
        217;20190610;-999;-999;-999;    3;   7.5;   4;    8.800;-999;  -999;  15.8;    -999;   16.9;   82.67;   24.7;   12.5;   11.3;eor
        217;20190611;-999;-999;-999;    3;   0.0;   0;    6.017;-999;  -999;  15.5;    -999;   16.2;   84.08;   22.4;   11.8;   11.0;eor
        217;20190612;-999;-999;-999;    3;   0.0;   0;    3.800;-999;  -999;  14.2;    -999;   15.2;   82.75;   18.3;   11.8;   10.1;eor
        217;20190613;-999;-999;-999;    3;   0.0;   0;   12.667;-999;  -999;  12.8;    -999;   16.9;   68.46;   22.6;    9.9;    6.1;eor
        217;20190614;-999;-999;-999;    3;   0.0;   0;   12.850;-999;  -999;  16.1;    -999;   20.8;   67.04;   28.5;   11.2;    6.9;eor
        217;20190615;-999;-999;-999;    3;   9.1;   4;    8.767;-999;  -999;  15.4;    -999;   20.4;   65.38;   23.8;   12.7;   11.2;eor
        217;20190616;-999;-999;-999;    3;   1.4;   4;    2.250;-999;  -999;  14.3;    -999;   15.3;   82.71;   19.7;   13.0;   10.7;eor
        217;20190617;-999;-999;-999;    3;   0.0;   0;   12.967;-999;  -999;  15.4;    -999;   17.8;   76.88;   23.3;   11.4;    9.7;eor
        217;20190618;-999;-999;-999;    3;   0.0;   4;   14.433;-999;  -999;  15.0;    -999;   20.2;   65.63;   26.8;   13.1;    8.4;eor
        217;20190619;-999;-999;-999;    3;   0.6;   4;   12.333;-999;  -999;  13.2;    -999;   21.5;   54.63;   28.3;   13.8;   10.4;eor
        217;20190620;-999;-999;-999;    3;  11.7;   4;    5.083;-999;  -999;  15.3;    -999;   17.2;   78.83;   23.4;   13.1;    8.8;eor
        217;20190621;-999;-999;-999;    3;  10.2;   4;    8.217;-999;  -999;  15.7;    -999;   16.9;   82.63;   22.4;   11.2;    7.4;eor
        217;20190622;-999;-999;-999;    3;   6.5;   4;    1.917;-999;  -999;  16.6;    -999;   16.4;   89.58;   21.3;   13.9;   12.6;eor
        217;20190623;-999;-999;-999;    3;   0.2;   4;    4.483;-999;  -999;  16.8;    -999;   17.4;   85.00;   22.0;   14.0;   13.8;eor
        217;20190624;-999;-999;-999;    3;   0.0;   0;   15.067;-999;  -999;  16.9;    -999;   21.1;   69.75;   27.2;   14.6;   13.0;eor
        217;20190625;-999;-999;-999;    3;   0.0;   0;   14.967;-999;  -999;  17.2;    -999;   23.9;   61.75;   31.8;   14.8;   10.7;eor
        217;20190626;-999;-999;-999;    3;   0.0;   0;   14.367;-999;  -999;  17.9;    -999;   25.7;   57.58;   33.7;   16.5;   12.3;eor
        217;20190627;-999;-999;-999;    3;   0.0;   0;   13.800;-999;  -999;  19.2;    -999;   25.4;   59.50;   31.2;   18.3;   12.8;eor
        217;20190628;-999;-999;-999;    3;   0.0;   0;   15.050;-999;  -999;  11.4;    -999;   21.5;   45.96;   27.8;   13.9;    8.2;eor
        217;20190629;-999;-999;-999;    3;   0.0;   0;   15.083;-999;  -999;  12.6;    -999;   21.6;   51.92;   28.7;   13.1;    8.3;eor
        217;20190630;-999;-999;-999;    3;   0.0;   0;   14.867;-999;  -999;  14.4;    -999;   25.9;   45.42;   32.8;   15.5;   10.2;eor
        217;20190701;-999;-999;-999;    3;  21.8;   4;    5.567;-999;  -999;  16.8;    -999;   21.3;   66.67;   30.1;   16.7;   12.9;eor
        217;20190702;-999;-999;-999;    3;   0.0;   0;    4.133;-999;  -999;  16.6;    -999;   19.6;   73.17;   23.6;   15.5;   12.4;eor
        217;20190703;-999;-999;-999;    3;   0.0;   0;   11.900;-999;  -999;  12.9;    -999;   18.3;   61.83;   22.7;   12.4;    9.3;eor
        217;20190704;-999;-999;-999;    3;   0.0;   0;   14.667;-999;  -999;  11.4;    -999;   19.0;   53.38;   25.0;   11.7;    7.8;eor
        217;20190705;-999;-999;-999;    3;   0.0;   0;   12.567;-999;  -999;  13.8;    -999;   20.5;   58.42;   26.3;   13.3;    8.3;eor
        217;20190706;-999;-999;-999;    3;   9.8;   4;   10.133;-999;  -999;  13.3;    -999;   21.9;   52.58;   28.9;   14.8;    8.8;eor
        217;20190707;-999;-999;-999;    3;   7.5;   4;    1.433;-999;  -999;  15.7;    -999;   16.5;   83.50;   20.8;   12.8;   10.1;eor
        217;20190708;-999;-999;-999;    3;   1.5;   4;    0.083;-999;  -999;  13.8;    -999;   14.0;   86.17;   15.8;   12.0;   11.9;eor
        217;20190709;-999;-999;-999;    3;   0.0;   0;    5.200;-999;  -999;  10.9;    -999;   14.7;   65.71;   18.5;   11.0;    8.6;eor
        217;20190710;-999;-999;-999;    3;   0.0;   0;   14.350;-999;  -999;   9.1;    -999;   14.5;   57.25;   20.2;    7.7;    4.2;eor
        217;20190711;-999;-999;-999;    3;   4.6;   4;    1.650;-999;  -999;  12.1;    -999;   13.9;   76.79;   20.0;    9.2;    5.0;eor
        217;20190712;-999;-999;-999;    3;   6.0;   4;    3.350;-999;  -999;  13.9;    -999;   15.1;   80.96;   18.4;   11.4;   11.0;eor
        217;20190713;-999;-999;-999;    3;   8.7;   4;    2.200;-999;  -999;  13.6;    -999;   14.3;   83.29;   17.2;   12.2;    9.9;eor
        217;20190714;-999;-999;-999;    3;   0.0;   0;    7.583;-999;  -999;  13.6;    -999;   15.0;   80.38;   19.2;   11.5;   10.3;eor
        217;20190715;-999;-999;-999;    3;   0.0;   0;    9.850;-999;  -999;  13.1;    -999;   15.6;   75.83;   21.0;    9.9;    7.8;eor
        217;20190716;-999;-999;-999;    3;   0.0;   0;   14.383;-999;  -999;  13.3;    -999;   17.2;   69.58;   23.0;   11.4;    6.8;eor
        217;20190717;-999;-999;-999;    3;   1.1;   4;   13.483;-999;  -999;  13.4;    -999;   18.8;   64.21;   25.2;   11.5;    7.0;eor
        217;20190718;-999;-999;-999;    3;   0.0;   0;   13.267;-999;  -999;  12.2;    -999;   19.5;   56.50;   25.9;   12.3;    7.8;eor
        217;20190719;-999;-999;-999;    3;   0.0;   0;    8.633;-999;  -999;  13.9;    -999;   20.2;   59.38;   26.1;   13.7;    9.9;eor
        217;20190720;-999;-999;-999;    3;   5.6;   4;   11.550;-999;  -999;  14.8;    -999;   22.3;   58.17;   29.4;   13.6;   10.1;eor
        217;20190721;-999;-999;-999;    3;   5.1;   4;    3.417;-999;  -999;  18.0;    -999;   19.3;   80.83;   24.6;   16.0;   12.6;eor
        217;20190722;-999;-999;-999;    3;   0.0;   0;   12.950;-999;  -999;  16.2;    -999;   21.2;   67.13;   27.5;   14.2;   10.7;eor
        217;20190723;-999;-999;-999;    3;   0.0;   0;   14.433;-999;  -999;  15.8;    -999;   22.6;   60.83;   29.2;   14.6;   10.4;eor
        217;20190724;-999;-999;-999;    3;   0.0;   0;   14.217;-999;  -999;  17.9;    -999;   24.7;   60.38;   31.7;   15.9;   11.3;eor
        217;20190725;-999;-999;-999;    3;   0.0;   0;   13.033;-999;  -999;  17.2;    -999;   25.9;   54.67;   32.8;   17.7;   13.3;eor
        217;20190726;-999;-999;-999;    3;   0.0;   0;   11.283;-999;  -999;  16.8;    -999;   25.8;   52.71;   32.7;   17.5;   13.6;eor
        217;20190727;-999;-999;-999;    3;   2.0;   4;    3.900;-999;  -999;  17.6;    -999;   20.5;   73.58;   25.4;   16.0;   12.6;eor
        217;20190728;-999;-999;-999;    3;  36.2;   4;    0.000;-999;  -999;  17.6;    -999;   17.6;   87.63;   20.1;   15.2;   12.5;eor
        217;20190729;-999;-999;-999;    3;   7.2;   4;    3.683;-999;  -999;  16.6;    -999;   15.9;   91.71;   19.3;   14.0;   13.9;eor
        217;20190730;-999;-999;-999;    3;   7.1;   4;    6.883;-999;  -999;  17.8;    -999;   20.0;   77.67;   25.7;   14.1;   10.8;eor
        217;20190731;-999;-999;-999;    3;   6.1;   4;    1.400;-999;  -999;  16.5;    -999;   16.0;   90.58;   19.1;   12.7;   10.2;eor
        217;20190801;-999;-999;-999;    3;   0.0;   0;   11.100;-999;  -999;  15.2;    -999;   18.3;   74.13;   23.8;   12.4;    8.6;eor
        217;20190802;-999;-999;-999;    3;   2.0;   4;    5.933;-999;  -999;  14.9;    -999;   17.1;   77.50;   22.5;   13.1;   10.8;eor
        217;20190803;-999;-999;-999;    3;   0.0;   0;    6.417;-999;  -999;  14.0;    -999;   16.8;   74.42;   22.1;   12.3;    8.5;eor
        217;20190804;-999;-999;-999;    3;   0.0;   0;   13.583;-999;  -999;  13.1;    -999;   17.8;   67.08;   23.8;   10.4;    7.1;eor
        217;20190805;-999;-999;-999;    3;   5.8;   4;    5.217;-999;  -999;  14.9;    -999;   20.1;   64.67;   26.5;   12.6;    9.1;eor
        217;20190806;-999;-999;-999;    3;   4.5;   4;    4.000;-999;  -999;  16.7;    -999;   19.2;   75.83;   23.3;   16.0;   13.8;eor
        217;20190807;-999;-999;-999;    3;   7.8;   4;    2.783;-999;  -999;  16.0;    -999;   18.5;   76.13;   23.8;   14.6;   13.4;eor
        217;20190808;-999;-999;-999;    3;   0.0;   0;    9.017;-999;  -999;  15.5;    -999;   18.6;   74.75;   24.6;   13.5;   11.2;eor
        217;20190809;-999;-999;-999;    3;   0.0;   0;   13.167;-999;  -999;  17.0;    -999;   22.5;   64.79;   30.3;   13.1;    9.3;eor
        217;20190810;-999;-999;-999;    3;  10.4;   4;    2.133;-999;  -999;  18.6;    -999;   19.1;   83.79;   23.0;   15.2;   14.0;eor
        217;20190811;-999;-999;-999;    3;   8.8;   4;   12.767;-999;  -999;  17.2;    -999;   20.2;   73.50;   24.8;   15.1;   13.7;eor
        217;20190812;-999;-999;-999;    3;  28.7;   4;    1.133;-999;  -999;  16.4;    -999;   15.0;   95.79;   17.5;   13.1;   13.0;eor
        217;20190813;-999;-999;-999;    3;  12.4;   4;    1.733;-999;  -999;  13.6;    -999;   14.2;   85.08;   18.2;   11.7;   11.4;eor
        217;20190814;-999;-999;-999;    3;   0.0;   0;   11.467;-999;  -999;  11.6;    -999;   14.6;   72.58;   19.7;    9.6;    6.7;eor
        217;20190815;-999;-999;-999;    3;   1.7;   4;    5.667;-999;  -999;  12.9;    -999;   14.3;   79.17;   19.5;    8.1;    4.5;eor
        217;20190816;-999;-999;-999;    3;   0.0;   0;   11.417;-999;  -999;  13.0;    -999;   16.1;   72.92;   21.1;   11.1;    8.4;eor
        217;20190817;-999;-999;-999;    3;   0.0;   0;    5.183;-999;  -999;  13.8;    -999;   18.1;   67.79;   24.7;   10.2;    6.7;eor
        217;20190818;-999;-999;-999;    3;   8.7;   4;   12.500;-999;  -999;  15.3;    -999;   23.0;   56.79;   31.0;   15.3;   11.2;eor
        217;20190819;-999;-999;-999;    3;  10.6;   4;    2.683;-999;  -999;  17.7;    -999;   18.6;   83.71;   23.1;   15.4;   14.8;eor
        217;20190820;-999;-999;-999;    3;  27.7;   4;    0.000;-999;  -999;  17.2;    -999;   15.8;   95.00;   18.6;   11.9;   11.7;eor
        217;20190821;-999;-999;-999;    3;   0.0;   0;    1.217;-999;  -999;  13.7;    -999;   13.8;   86.71;   16.4;   11.2;   11.0;eor
        217;20190822;-999;-999;-999;    3;   0.0;   0;    0.000;-999;  -999;  14.0;    -999;   13.6;   89.75;   16.4;   10.7;    6.7;eor
        217;20190823;-999;-999;-999;    3;   0.0;   0;    0.000;-999;  -999;  16.2;    -999;   16.1;   88.25;   19.9;   10.1;    6.1;eor
        217;20190824;-999;-999;-999;    3;   0.7;   4;    6.883;-999;  -999;  17.7;    -999;   18.1;   86.67;   25.8;   13.2;    9.8;eor
        217;20190825;-999;-999;-999;    3;   2.7;   4;    7.450;-999;  -999;  17.3;    -999;   18.2;   83.29;   25.9;   14.2;   11.3;eor
        217;20190826;-999;-999;-999;    3;   0.0;   0;    9.183;-999;  -999;  17.0;    -999;   19.1;   78.04;   25.7;   13.2;   10.7;eor
        217;20190827;-999;-999;-999;    3;   0.0;   0;   11.567;-999;  -999;  16.9;    -999;   20.6;   71.58;   27.6;   14.2;   10.6;eor
        217;20190828;-999;-999;-999;    3;   0.3;   4;    8.717;-999;  -999;  17.2;    -999;   21.0;   70.08;   27.9;   15.6;   11.2;eor
        217;20190829;-999;-999;-999;    3;   0.0;   0;    3.117;-999;  -999;  17.3;    -999;   18.7;   80.75;   22.8;   15.0;   11.1;eor
        217;20190830;-999;-999;-999;    3;   0.0;   0;   11.983;-999;  -999;  16.9;    -999;   19.8;   75.29;   26.3;   12.7;    9.9;eor
        217;20190831;-999;-999;-999;    3;   0.0;   0;   12.000;-999;  -999;  16.4;    -999;   20.6;   70.04;   27.4;   13.3;    9.7;eor
        217;20190901;-999;-999;-999;    3;  25.5;   4;    4.683;-999;  -999;  16.1;    -999;   19.1;   74.13;   24.6;   15.2;   10.7;eor
        217;20190902;-999;-999;-999;    3;   2.6;   4;    0.000;-999;  -999;  14.0;    -999;   13.5;   89.83;   15.5;    9.0;    5.5;eor
        217;20190903;-999;-999;-999;    3;   0.0;   0;   12.100;-999;  -999;  10.8;    -999;   13.7;   72.42;   20.1;    7.7;    4.2;eor
        217;20190904;-999;-999;-999;    3;   0.0;   0;   12.217;-999;  -999;  12.5;    -999;   16.0;   70.58;   23.7;    8.0;    4.6;eor
        217;20190905;-999;-999;-999;    3;  11.2;   4;    0.000;-999;  -999;  12.3;    -999;   12.4;   85.50;   15.5;    9.0;    7.3;eor
        217;20190906;-999;-999;-999;    3;  12.0;   4;    0.033;-999;  -999;  12.0;    -999;   11.0;   91.13;   13.3;    9.2;    8.7;eor
        217;20190907;-999;-999;-999;    3;   2.6;   4;    0.000;-999;  -999;  12.0;    -999;   11.2;   90.17;   13.3;    7.1;    4.2;eor
        217;20190908;-999;-999;-999;    3;  26.7;   4;    0.000;-999;  -999;  10.3;    -999;    8.0;   95.92;    9.8;    6.5;    3.5;eor
        217;20190909;-999;-999;-999;    3;   3.6;   4;    1.250;-999;  -999;  10.4;    -999;    8.9;   91.21;   12.6;    6.4;    2.6;eor
        217;20190910;-999;-999;-999;    3;   0.0;   0;   10.883;-999;  -999;  10.8;    -999;   11.4;   80.88;   18.0;    4.7;    1.0;eor
        217;20190911;-999;-999;-999;    3;   1.6;   4;    7.783;-999;  -999;  12.4;    -999;   13.7;   80.00;   19.7;    9.1;    7.0;eor
        217;20190912;-999;-999;-999;    3;   0.0;   0;    7.667;-999;  -999;  12.9;    -999;   16.1;   72.21;   21.8;   11.9;    7.5;eor
        217;20190913;-999;-999;-999;    3;   0.0;   0;   11.383;-999;  -999;  14.3;    -999;   17.1;   75.04;   23.8;   10.5;    5.8;eor
        217;20190914;-999;-999;-999;    3;   0.0;   0;    8.783;-999;  -999;  15.6;    -999;   16.4;   84.21;   22.0;   11.2;    8.2;eor
        217;20190915;-999;-999;-999;    3;   0.0;   0;   11.000;-999;  -999;  16.3;    -999;   17.8;   80.88;   25.0;   10.7;    6.8;eor
        217;20190916;-999;-999;-999;    3;   0.0;   0;    9.717;-999;  -999;  15.9;    -999;   19.2;   72.46;   25.4;   13.0;    8.5;eor
        217;20190917;-999;-999;-999;    3;   0.0;   0;    9.150;-999;  -999;  13.9;    -999;   16.5;   74.29;   20.4;   11.7;    9.5;eor
        217;20190918;-999;-999;-999;    3;   0.0;   0;    8.733;-999;  -999;   9.0;    -999;   10.9;   68.75;   15.4;    5.5;    2.0;eor
        217;20190919;-999;-999;-999;    3;   0.0;   0;    9.850;-999;  -999;   7.6;    -999;    8.6;   69.38;   14.2;    3.4;   -0.7;eor
        217;20190920;-999;-999;-999;    3;   0.0;   0;   10.867;-999;  -999;   7.5;    -999;    8.3;   69.42;   14.4;    1.8;   -1.8;eor
        217;20190921;-999;-999;-999;    3;   0.0;   0;   11.167;-999;  -999;   9.8;    -999;   11.3;   73.75;   19.9;    3.5;   -0.6;eor
        217;20190922;-999;-999;-999;    3;   4.7;   4;    1.067;-999;  -999;  13.1;    -999;   13.9;   82.38;   20.8;    7.8;    4.0;eor
        217;20190923;-999;-999;-999;    3;  11.8;   4;    0.000;-999;  -999;  13.1;    -999;   12.2;   92.17;   15.1;   10.4;    8.7;eor
        217;20190924;-999;-999;-999;    3;   2.0;   4;    6.417;-999;  -999;  12.6;    -999;   12.9;   84.83;   17.1;    8.1;    5.7;eor
        217;20190925;-999;-999;-999;    3;   0.7;   4;    2.817;-999;  -999;  12.1;    -999;   13.6;   78.58;   17.1;   11.1;    9.8;eor
        217;20190926;-999;-999;-999;    3;   4.7;   4;    0.350;-999;  -999;  13.4;    -999;   13.0;   89.25;   14.3;   10.7;    8.8;eor
        217;20190927;-999;-999;-999;    3;  18.0;   4;    6.250;-999;  -999;  14.2;    -999;   15.9;   78.83;   20.4;   11.7;   10.1;eor
        217;20190928;-999;-999;-999;    3;   0.0;   4;    1.983;-999;  -999;  12.2;    -999;   13.5;   80.04;   16.3;   10.9;    8.6;eor
        217;20190929;-999;-999;-999;    3;   0.0;   0;   10.300;-999;  -999;  11.7;    -999;   15.7;   67.25;   21.2;    7.4;    5.1;eor
        217;20190930;-999;-999;-999;    3;   0.0;   0;    6.067;-999;  -999;  11.4;    -999;   15.1;   66.79;   18.8;    8.7;    5.4;eor
        217;20191001;-999;-999;-999;    3;   7.9;   4;   10.333;   0;  -999;  11.5;    -999;   15.3;   68.67;   22.5;    7.0;    4.4;eor
        217;20191002;-999;-999;-999;    3;  19.1;   4;    0.517;   0;  -999;  11.7;    -999;   11.1;   88.38;   15.7;    4.4;    2.5;eor
        217;20191003;-999;-999;-999;    3;   0.0;   0;    6.400;   0;  -999;   7.8;    -999;    7.0;   79.17;   11.3;    4.1;    1.1;eor
        217;20191004;-999;-999;-999;    3;   6.3;   4;    0.200;   0;  -999;   8.9;    -999;    7.4;   86.08;   11.3;    1.8;    0.1;eor
        217;20191005;-999;-999;-999;    3;   9.1;   4;    0.000;   0;  -999;   9.8;    -999;    8.4;   88.67;   10.6;    3.1;    1.3;eor
        217;20191006;-999;-999;-999;    3;  19.1;   4;    0.000;   0;  -999;   9.8;    -999;    7.5;   93.75;   10.1;    2.2;    0.7;eor
        217;20191007;-999;-999;-999;    3;   0.6;   4;    2.017;   0;  -999;   9.9;    -999;    8.4;   89.54;   12.9;    5.1;    2.8;eor
        217;20191008;-999;-999;-999;    3;  14.7;   4;    0.867;   0;  -999;  10.0;    -999;   11.7;   72.96;   17.9;    5.5;    4.0;eor
        217;20191009;-999;-999;-999;    3;  11.7;   4;    0.000;   0;  -999;  11.5;    -999;   10.7;   88.42;   18.0;    8.1;    6.9;eor
        217;20191010;-999;-999;-999;    3;   2.6;   4;    1.967;   0;  -999;   9.7;    -999;    9.5;   81.67;   12.0;    6.7;    2.4;eor
        217;20191011;-999;-999;-999;    3;   0.0;   0;   10.183;   0;  -999;   8.9;    -999;   10.5;   71.63;   17.5;    3.6;    2.0;eor
        217;20191012;-999;-999;-999;    3;   0.0;   0;   10.133;   0;  -999;   9.6;    -999;   14.1;   60.58;   22.6;    6.3;    2.6;eor
        217;20191013;-999;-999;-999;    3;   0.0;   0;   10.433;   0;  -999;  11.9;    -999;   15.8;   66.54;   23.8;    8.4;    6.0;eor
        217;20191014;-999;-999;-999;    3;   0.0;   0;    7.917;   0;  -999;  11.9;    -999;   14.8;   71.25;   20.6;    8.8;    5.4;eor
        217;20191015;-999;-999;-999;    3;   6.4;   4;    9.117;   0;  -999;  11.1;    -999;   15.0;   67.29;   24.4;    8.9;    4.1;eor
        217;20191016;-999;-999;-999;    3;   0.0;   0;    9.700;   0;  -999;   9.0;    -999;   10.5;   71.88;   15.9;    7.0;    3.1;eor
        217;20191017;-999;-999;-999;    3;   0.0;   0;    9.850;   0;  -999;   9.3;    -999;   11.7;   69.42;   18.2;    5.4;    1.3;eor
        217;20191018;-999;-999;-999;    3;   0.0;   0;    5.367;   0;  -999;  10.8;    -999;   13.3;   72.00;   19.3;    8.3;    5.4;eor
        217;20191019;-999;-999;-999;    3;   0.0;   0;    1.300;   0;  -999;  11.6;    -999;   10.8;   89.04;   13.3;    7.4;    4.4;eor
        217;20191020;-999;-999;-999;    3;   0.0;   0;    3.200;   0;  -999;  10.4;    -999;   15.9;   61.75;   22.7;    6.3;    3.5;eor
        217;20191021;-999;-999;-999;    3;   0.0;   0;    2.617;   0;  -999;  12.6;    -999;   14.8;   76.67;   19.8;   10.7;    8.3;eor
        217;20191022;-999;-999;-999;    3;   0.0;   0;    0.000;   0;  -999;  12.8;    -999;   11.0;   97.17;   13.0;    7.9;    5.8;eor
        217;20191023;-999;-999;-999;    3;   0.0;   0;    6.867;   0;  -999;  12.2;    -999;   12.5;   85.38;   18.0;    8.7;    6.2;eor
        217;20191024;-999;-999;-999;    3;   0.0;   0;    0.450;   0;  -999;  11.1;    -999;   13.4;   72.96;   18.6;    8.1;    5.3;eor
        217;20191025;-999;-999;-999;    3;   0.0;   0;    3.567;   0;  -999;  11.8;    -999;   12.1;   84.29;   16.4;    7.3;    3.8;eor
        217;20191026;-999;-999;-999;    3;   0.0;   0;    9.733;   0;  -999;  11.1;    -999;   12.7;   76.88;   20.4;    6.1;    2.2;eor
        217;20191027;-999;-999;-999;    3;   7.4;   4;    8.650;   0;  -999;  10.6;    -999;   14.8;   63.63;   20.8;   10.1;    3.7;eor
        217;20191028;-999;-999;-999;    3;   3.2;   4;    0.000;   0;  -999;  10.6;    -999;    8.3;   96.25;   11.9;    6.2;    6.2;eor
        217;20191029;-999;-999;-999;    3;   8.1;   4;    0.000;   0;  -999;   8.8;    -999;    5.7;   96.13;    6.7;    4.5;    4.3;eor
        217;20191030;-999;-999;-999;    3;   7.7;   4;    0.067;   0;  -999;   7.5;    -999;    3.9;   93.17;    5.6;    2.2;    2.1;eor
        217;20191031;-999;-999;-999;    3;   0.0;   0;    0.000;   0;  -999;   7.5;    -999;    2.8;   99.25;    4.0;    1.4;    1.5;eor
        217;20191101;-999;-999;-999;    3;   1.9;   4;    1.083;   0;  -999;   9.8;    -999;    7.2;   95.38;   12.3;    2.2;    2.0;eor
        217;20191102;-999;-999;-999;    3;   0.6;   4;    1.350;   0;  -999;  11.0;    -999;   11.0;   84.21;   16.9;    7.6;    5.4;eor
        217;20191103;-999;-999;-999;    3;   2.2;   4;    0.000;   0;  -999;  10.3;    -999;    9.2;   88.58;   10.9;    7.2;    4.3;eor
        217;20191104;-999;-999;-999;    3;   6.1;   4;    5.283;   0;  -999;   8.7;    -999;    9.3;   74.54;   13.0;    5.5;    0.4;eor
        217;20191105;-999;-999;-999;    3;   3.1;   4;    0.433;   0;  -999;   8.6;    -999;    5.8;   93.33;    8.7;    2.7;   -1.3;eor
        217;20191106;-999;-999;-999;    3;   0.0;   0;    0.500;   0;  -999;   7.6;    -999;    5.1;   86.17;    8.6;    0.8;   -1.7;eor
        217;20191107;-999;-999;-999;    3;   0.0;   0;    5.750;   0;  -999;   7.2;    -999;    5.3;   81.83;   11.1;    0.1;   -3.0;eor
        217;20191108;-999;-999;-999;    3;   0.0;   4;    0.000;   0;  -999;   7.5;    -999;    4.6;   88.38;    6.0;    2.9;    1.6;eor
        217;20191109;-999;-999;-999;    3;   1.2;   4;    0.517;   0;  -999;   6.6;    -999;    2.7;   88.67;    5.9;   -1.2;   -3.7;eor
        217;20191110;-999;-999;-999;    3;   0.0;   0;    7.500;   0;  -999;   5.8;    -999;    0.5;   90.75;    5.7;   -3.4;   -6.6;eor
        217;20191111;-999;-999;-999;    3;   4.9;   4;    1.183;   0;  -999;   5.8;    -999;    0.1;   94.63;    2.8;   -2.4;   -1.6;eor
        217;20191112;-999;-999;-999;    3;   4.6;   4;    0.000;   0;  -999;   6.8;    -999;    3.0;   90.29;    4.7;    0.4;    0.0;eor
        217;20191113;-999;-999;-999;    3;   1.6;   4;    0.000;   2;  -999;   6.3;    -999;    1.0;   95.21;    2.9;   -1.1;   -3.0;eor
        217;20191114;-999;-999;-999;    3;   0.0;   0;    4.867;   0;  -999;   5.2;    -999;    1.0;   80.00;    6.4;   -3.1;   -5.3;eor
        217;20191115;-999;-999;-999;    3;   0.9;   4;    0.733;   0;  -999;   6.5;    -999;    5.7;   71.58;    8.2;    2.6;    1.8;eor
        217;20191116;-999;-999;-999;    3;   0.5;   4;    0.000;   0;  -999;   6.9;    -999;    2.6;   93.75;    4.0;   -1.1;   -2.8;eor
        217;20191117;-999;-999;-999;    3;   2.7;   4;    0.050;   0;  -999;   7.6;    -999;    3.4;   96.79;    5.0;    2.3;    1.6;eor
        217;20191118;-999;-999;-999;    3;   0.0;   0;    7.333;   0;  -999;   6.2;    -999;    4.0;   76.63;    8.1;    1.3;   -0.9;eor
        217;20191119;-999;-999;-999;    3;   0.0;   0;    0.750;   0;  -999;   6.3;    -999;    2.5;   86.63;    4.8;   -0.6;   -2.8;eor
        217;20191120;-999;-999;-999;    3;   0.0;   0;    0.700;   0;  -999;   6.6;    -999;    2.6;   89.63;    4.4;    1.8;    1.3;eor
        217;20191121;-999;-999;-999;    3;   0.0;   0;    0.000;   0;  -999;   7.1;    -999;    2.6;   95.58;    3.8;    1.7;    1.9;eor
        217;20191122;-999;-999;-999;    3;   0.0;   0;    1.800;   0;  -999;   6.5;    -999;    1.3;   95.71;    9.4;   -0.9;   -3.1;eor
        217;20191123;-999;-999;-999;    3;   0.0;   0;    3.500;   0;  -999;   7.1;    -999;    8.6;   62.96;   13.9;    2.8;   -0.8;eor
        217;20191124;-999;-999;-999;    3;   0.0;   0;    2.283;   0;  -999;   8.4;    -999;    9.0;   73.88;   13.7;    3.0;   -0.4;eor
        217;20191125;-999;-999;-999;    3;   0.0;   0;    0.000;   0;  -999;   7.7;    -999;    3.2;   99.67;    5.0;   -0.1;   -2.5;eor
        217;20191126;-999;-999;-999;    3;   0.0;   0;    2.567;   0;  -999;   8.0;    -999;    4.9;   92.75;   10.0;    1.2;    0.0;eor
        217;20191127;-999;-999;-999;    3;   0.1;   4;    0.400;   0;  -999;   8.0;    -999;    6.5;   82.54;   10.1;    3.1;    0.3;eor
        217;20191128;-999;-999;-999;    3;   0.0;   4;    0.683;   0;  -999;   7.5;    -999;    7.7;   71.29;   10.3;    4.9;   -0.3;eor
        217;20191129;-999;-999;-999;    3;   4.7;   4;    0.000;   0;  -999;   7.2;    -999;    5.3;   81.42;    7.8;    0.6;    0.1;eor
        217;20191130;-999;-999;-999;    3;   0.0;   0;    1.050;   0;  -999;   5.6;    -999;    0.8;   86.29;    4.0;   -1.6;   -3.1;eor
        217;20191201;-999;-999;-999;    3;   2.4;   4;    0.000;   0;  -999;   5.4;    -999;   -0.7;   93.04;    0.9;   -2.2;   -3.0;eor
        217;20191202;-999;-999;-999;    3;   0.1;   4;    0.000;   2;  -999;   5.2;    -999;   -0.6;   88.25;    0.4;   -1.9;   -3.6;eor
        217;20191203;-999;-999;-999;    3;   0.0;   0;    8.017;   2;  -999;   4.4;    -999;   -1.9;   82.46;    1.9;   -4.7;   -8.6;eor
        217;20191204;-999;-999;-999;    3;   0.0;   0;    8.017;   0;  -999;   4.4;    -999;   -2.2;   85.13;    2.2;   -5.2;   -8.1;eor
        217;20191205;-999;-999;-999;    3;   0.0;   0;    7.417;   0;  -999;   5.1;    -999;   -0.6;   88.08;    7.0;   -5.3;   -8.8;eor
        217;20191206;-999;-999;-999;    3;   0.0;   0;    8.000;   0;  -999;   4.7;    -999;    3.0;   65.25;    9.8;   -4.6;   -8.6;eor
        217;20191207;-999;-999;-999;    3;   0.0;   0;    0.933;   0;  -999;   7.2;    -999;    6.8;   72.33;    8.2;    4.2;    1.3;eor
        217;20191208;-999;-999;-999;    3;   0.1;   4;    7.033;   0;  -999;   6.2;    -999;    5.6;   69.58;   10.0;    0.1;   -3.5;eor
        217;20191209;-999;-999;-999;    3;   5.7;   4;    3.350;   0;  -999;   6.6;    -999;    6.5;   69.25;    9.6;    2.2;    1.7;eor
        217;20191210;-999;-999;-999;    3;   0.1;   4;    1.150;   0;  -999;   5.4;    -999;    0.1;   87.79;    2.7;   -4.7;   -8.1;eor
        217;20191211;-999;-999;-999;    3;   1.5;   4;    3.533;   0;  -999;   4.5;    -999;   -1.0;   78.33;    3.0;   -6.6;   -9.3;eor
        217;20191212;-999;-999;-999;    3;   0.5;   4;    0.000;   0;  -999;   5.7;    -999;    0.2;   91.29;    2.4;   -3.4;   -5.3;eor
        217;20191213;-999;-999;-999;    3;   0.1;   4;    1.750;   0;  -999;   5.0;    -999;    1.8;   72.33;    5.6;   -3.3;   -4.4;eor
        217;20191214;-999;-999;-999;    3;   0.9;   4;    1.767;   0;  -999;   6.1;    -999;    5.4;   67.63;    8.4;    1.2;   -1.1;eor
        217;20191215;-999;-999;-999;    3;   0.0;   0;    5.250;   0;  -999;   6.7;    -999;    7.4;   65.83;   13.7;    2.4;   -1.2;eor
        217;20191216;-999;-999;-999;    3;   0.0;   0;    1.950;   0;  -999;   6.4;    -999;    7.4;   63.63;   14.4;    1.5;   -1.2;eor
        217;20191217;-999;-999;-999;    3;   0.0;   0;    0.500;   0;  -999;   6.7;    -999;   14.5;   40.67;   16.3;   13.2;   10.3;eor
        217;20191218;-999;-999;-999;    3;   0.0;   0;    4.017;   0;  -999;   8.3;    -999;   10.8;   64.50;   14.3;    4.8;    2.9;eor
        217;20191219;-999;-999;-999;    3;   0.0;   0;    4.067;   0;  -999;   6.8;    -999;    9.2;   60.21;   16.7;    2.7;    0.0;eor
        217;20191220;-999;-999;-999;    3;   9.0;   4;    2.667;   0;  -999;   6.7;    -999;   12.3;   48.38;   16.1;    3.0;    2.5;eor
        217;20191221;-999;-999;-999;    3;   4.3;   4;    0.000;   0;  -999;   7.2;    -999;    3.0;   94.67;    4.4;   -0.4;   -2.1;eor
        217;20191222;-999;-999;-999;    3;   0.9;   4;    0.000;   0;  -999;   6.9;    -999;    4.1;   83.83;    7.3;   -0.1;   -0.9;eor
        217;20191223;-999;-999;-999;    3;   3.2;   4;    0.000;   0;  -999;   7.1;    -999;    4.1;   86.38;    5.1;    3.1;    2.7;eor
        217;20191224;-999;-999;-999;    3;   6.8;   4;    2.000;   0;  -999;   7.0;    -999;    4.2;   84.17;    6.3;    0.7;   -2.0;eor
        217;20191225;-999;-999;-999;    3;   5.5;   4;    0.033;   0;  -999;   7.2;    -999;    4.4;   85.88;    6.5;    1.8;    1.5;eor
        217;20191226;-999;-999;-999;    3;   1.7;   4;    4.767;   0;  -999;   6.3;    -999;    1.9;   89.75;    4.2;    0.3;   -1.4;eor
        217;20191227;-999;-999;-999;    3;   7.1;   4;    0.000;   0;  -999;   7.2;    -999;    3.0;   94.96;    4.5;    0.7;    0.5;eor
        217;20191228;-999;-999;-999;    3;   0.0;   0;    2.567;   0;  -999;   4.7;    -999;   -1.5;   85.25;    0.9;   -4.9;   -6.9;eor
        217;20191229;-999;-999;-999;    3;   0.0;   0;    7.817;   0;  -999;   4.1;    -999;   -3.0;   84.42;    1.8;   -7.1;   -9.6;eor
        217;20191230;-999;-999;-999;    3;   0.0;   0;    7.867;   0;  -999;   4.8;    -999;    0.0;   78.00;    7.3;   -5.2;   -7.9;eor
        217;20191231;-999;-999;-999;    3;   0.0;   0;    5.850;   0;  -999;   4.9;    -999;    3.1;   65.67;    9.2;   -3.2;   -6.1;eor
        217;20200101;-999;-999;-999;    3;   0.0;   0;    7.867;   0;  -999;   4.9;    -999;   -0.8;   84.38;    4.6;   -4.8;   -7.5;eor
        217;20200102;-999;-999;-999;    3;   0.0;   0;    7.900;   0;  -999;   4.8;    -999;    0.4;   77.67;    7.0;   -3.9;   -7.6;eor
        217;20200103;-999;-999;-999;    3;   1.8;   4;    3.017;   0;  -999;   5.7;    -999;    3.9;   69.46;    7.9;   -2.7;   -6.5;eor
        217;20200104;-999;-999;-999;    3;   2.2;   4;    0.000;   0;  -999;   6.8;    -999;    3.4;   86.29;    5.8;    0.7;    0.0;eor
        217;20200105;-999;-999;-999;    3;   0.0;   4;    1.750;   0;  -999;   5.9;    -999;    1.4;   86.67;    3.7;   -2.4;   -3.6;eor
        217;20200106;-999;-999;-999;    3;   0.0;   0;    8.000;   0;  -999;   4.4;    -999;    0.8;   68.83;    6.1;   -4.1;   -6.6;eor
        217;20200107;-999;-999;-999;    3;   1.1;   4;    0.000;   0;  -999;   5.8;    -999;    3.0;   76.96;    5.8;   -1.5;   -4.2;eor
        217;20200108;-999;-999;-999;    3;   0.0;   0;    0.050;   0;  -999;   4.7;    -999;    2.1;   68.67;    6.8;   -3.5;   -6.8;eor
        217;20200109;-999;-999;-999;    3;   0.0;   0;    7.233;   0;  -999;   5.1;    -999;    7.0;   50.38;   12.8;    1.5;   -3.0;eor
        217;20200110;-999;-999;-999;    3;   0.7;   4;    7.150;   0;  -999;   6.1;    -999;    6.0;   65.88;   10.7;    0.3;   -3.1;eor
        217;20200111;-999;-999;-999;    3;   0.3;   4;    0.133;   0;  -999;   6.3;    -999;    2.0;   89.38;    4.2;   -3.3;   -5.4;eor
        217;20200112;-999;-999;-999;    3;   0.0;   0;    7.367;   0;  -999;   4.7;    -999;    0.2;   77.54;    6.2;   -4.3;   -7.8;eor
        217;20200113;-999;-999;-999;    3;   0.0;   0;    6.100;   0;  -999;   4.3;    -999;    0.3;   68.67;    5.4;   -3.3;   -6.7;eor
        217;20200114;-999;-999;-999;    3;   0.0;   0;    7.600;   0;  -999;   3.9;    -999;    4.2;   48.71;   11.5;   -1.7;   -6.0;eor
        217;20200115;-999;-999;-999;    3;   0.0;   0;    8.183;   0;  -999;   4.3;    -999;    5.0;   49.75;   11.3;   -1.7;   -4.2;eor
        217;20200116;-999;-999;-999;    3;   0.0;   0;    6.533;   0;  -999;   5.9;    -999;    5.6;   65.50;   10.5;   -0.3;   -4.9;eor
        217;20200117;-999;-999;-999;    3;   4.0;   4;    6.117;   0;  -999;   5.8;    -999;    5.2;   67.13;   11.4;   -0.6;   -5.1;eor
        217;20200118;-999;-999;-999;    3;   4.3;   4;    0.067;   0;  -999;   6.3;    -999;    1.3;   94.13;    5.5;   -1.0;   -3.2;eor
        217;20200119;-999;-999;-999;    3;   0.0;   0;    0.933;   1;  -999;   5.2;    -999;   -0.9;   91.17;    1.3;   -3.9;   -6.7;eor
        217;20200120;-999;-999;-999;    3;   0.0;   0;    4.683;   0;  -999;   4.7;    -999;   -2.3;   91.17;    0.9;   -4.8;   -7.1;eor
        217;20200121;-999;-999;-999;    3;   0.0;   0;    5.933;   0;  -999;   4.2;    -999;   -3.9;   92.08;    0.0;   -7.0;   -9.4;eor
        217;20200122;-999;-999;-999;    3;   0.0;   0;    0.267;   0;  -999;   4.5;    -999;   -3.7;   97.42;   -1.4;   -6.2;   -7.1;eor
        217;20200123;-999;-999;-999;    3;   0.0;   0;    0.000;   0;  -999;   4.5;    -999;   -3.6;   96.46;   -2.7;   -4.7;   -4.3;eor
        217;20200124;-999;-999;-999;    3;   0.0;   0;    7.650;   0;  -999;   5.2;    -999;    0.3;   83.67;    9.5;   -6.8;   -8.6;eor
        217;20200125;-999;-999;-999;    3;   0.0;   0;    0.000;   0;  -999;   5.8;    -999;    1.8;   83.29;    5.8;   -2.2;   -4.4;eor
        217;20200126;-999;-999;-999;    3;   0.6;   4;    0.367;   0;  -999;   6.0;    -999;    3.2;   78.58;    7.4;   -0.5;   -2.6;eor
        217;20200127;-999;-999;-999;    3;   0.9;   4;    6.633;   0;  -999;   6.6;    -999;    4.6;   77.92;    9.2;    1.8;   -0.2;eor
        217;20200128;-999;-999;-999;    3;   3.4;   4;    0.417;   0;  -999;   6.2;    -999;    2.7;   83.42;    5.1;    0.0;   -1.4;eor
        217;20200129;-999;-999;-999;    3;   2.0;   4;    0.267;   2;  -999;   5.6;    -999;    1.6;   81.46;    3.0;    0.3;   -0.8;eor
        217;20200130;-999;-999;-999;    3;   2.7;   4;    7.200;   0;  -999;   6.0;    -999;    4.3;   74.25;    8.4;    0.1;   -3.0;eor
        217;20200131;-999;-999;-999;    3;   0.0;   0;    2.500;   0;  -999;   9.6;    -999;   10.3;   77.00;   13.4;    6.3;    2.0;eor
        217;20200201;-999;-999;-999;    3;   0.2;   4;    6.450;   0;  -999;   8.3;    -999;    9.6;   69.75;   14.8;    4.7;    0.2;eor
        217;20200202;-999;-999;-999;    3;  18.7;   4;    0.450;   0;  -999;   9.5;    -999;   10.3;   75.08;   12.7;    7.5;    6.7;eor
        217;20200203;-999;-999;-999;    3;  45.6;   4;    0.000;   0;  -999;   9.1;    -999;    6.4;   93.58;   11.6;    3.4;    3.3;eor
        217;20200204;-999;-999;-999;    3;   3.3;   4;    0.017;   0;  -999;   6.3;    -999;    3.6;   80.58;   13.6;   -0.3;   -0.6;eor
        217;20200205;-999;-999;-999;    3;   1.1;   4;    0.917;   0;  -999;   4.8;    -999;   -0.2;   79.08;    0.9;   -3.9;   -7.4;eor
        217;20200206;-999;-999;-999;    3;   0.0;   0;    9.200;   1;  -999;   3.6;    -999;   -1.3;   67.08;    4.7;   -6.4;   -9.3;eor
        217;20200207;-999;-999;-999;    3;   0.0;   0;    9.167;   0;  -999;   4.1;    -999;   -1.1;   74.04;    4.6;   -6.2;   -8.3;eor
        217;20200208;-999;-999;-999;    3;   0.0;   0;    8.667;   0;  -999;   4.6;    -999;    2.3;   66.17;    9.6;   -3.7;   -7.0;eor
        217;20200209;-999;-999;-999;    3;   0.0;   0;    8.483;   0;  -999;   4.4;    -999;    5.8;   50.21;   12.7;   -1.3;   -5.7;eor
        217;20200210;-999;-999;-999;    3;  10.5;   4;    2.217;   0;  -999;   6.9;    -999;    9.2;   60.33;   14.9;    4.2;    2.9;eor
        217;20200211;-999;-999;-999;    3;   1.1;   4;    2.367;   0;  -999;   5.9;    -999;    2.9;   78.50;    9.1;    0.4;    0.0;eor
        217;20200212;-999;-999;-999;    3;   0.0;   0;    0.350;   0;  -999;   5.0;    -999;    2.4;   69.50;    3.8;    1.1;    0.1;eor
        217;20200213;-999;-999;-999;    3;   6.4;   4;    4.817;   0;  -999;   5.1;    -999;    4.1;   63.96;    9.8;   -2.1;   -4.3;eor
        217;20200214;-999;-999;-999;    3;   0.6;   4;    0.633;   0;  -999;   6.8;    -999;    4.0;   83.08;    6.3;    1.5;   -2.8;eor
        217;20200215;-999;-999;-999;    3;   0.0;   0;    7.767;   0;  -999;   5.7;    -999;    4.0;   70.54;   10.7;   -0.7;   -3.0;eor
        217;20200216;-999;-999;-999;    3;   0.0;   0;    3.167;   0;  -999;   5.5;    -999;    9.2;   47.00;   14.6;    2.9;   -1.2;eor
        217;20200217;-999;-999;-999;    3;   0.0;   0;    4.217;   0;  -999;   7.2;    -999;   10.5;   57.79;   14.5;    6.3;    5.0;eor
        217;20200218;-999;-999;-999;    3;   0.0;   0;    7.017;   0;  -999;   5.4;    -999;    5.0;   61.58;    7.6;    1.6;   -0.5;eor
        217;20200219;-999;-999;-999;    3;   0.9;   4;    0.733;   0;  -999;   5.1;    -999;    2.3;   71.04;    5.4;   -0.9;   -4.1;eor
        217;20200220;-999;-999;-999;    3;   0.9;   4;    4.250;   0;  -999;   5.2;    -999;    4.0;   64.25;    9.5;   -1.1;   -4.7;eor
        217;20200221;-999;-999;-999;    3;   0.0;   0;    8.850;   0;  -999;   4.9;    -999;    4.1;   60.00;    7.9;    0.9;   -1.4;eor
        217;20200222;-999;-999;-999;    3;   0.2;   4;    8.850;   0;  -999;   4.6;    -999;    8.4;   43.42;   15.6;   -0.1;   -4.5;eor
        217;20200223;-999;-999;-999;    3;   5.4;   4;    0.000;   0;  -999;   7.1;    -999;   11.9;   51.54;   15.3;    5.8;    4.3;eor
        217;20200224;-999;-999;-999;    3;   3.7;   4;    3.167;   0;  -999;   8.6;    -999;    7.4;   84.42;   12.0;    2.0;    2.1;eor
        217;20200225;-999;-999;-999;    3;   0.7;   4;    0.050;   0;  -999;   6.4;    -999;    9.0;   57.08;   11.7;    2.8;    2.3;eor
        217;20200226;-999;-999;-999;    3;   0.7;   4;    4.867;   0;  -999;   5.2;    -999;    1.4;   76.42;    4.3;   -1.3;   -2.5;eor
        217;20200227;-999;-999;-999;    3;   2.2;   4;    2.133;   0;  -999;   4.9;    -999;    1.2;   73.83;    5.0;   -1.1;   -2.0;eor
        217;20200228;-999;-999;-999;    3;   0.0;   0;    4.183;   2;  -999;   4.5;    -999;    1.4;   67.42;    5.5;   -0.8;   -3.1;eor
        217;20200229;-999;-999;-999;    3;   2.8;   4;    2.050;   0;  -999;   5.1;    -999;    8.4;   47.38;   14.1;    1.8;    0.7;eor
        217;20200301;-999;-999;-999;    3;   0.5;   4;    5.117;   0;  -999;   7.1;    -999;    6.0;   76.75;   11.4;    2.7;    1.5;eor
        217;20200302;-999;-999;-999;    3;   2.7;   4;    2.667;   0;  -999;   6.2;    -999;    4.9;   72.38;    7.6;   -0.3;   -2.9;eor
        217;20200303;-999;-999;-999;    3;   1.0;   4;    0.633;   0;  -999;   5.7;    -999;    2.5;   78.13;    5.1;   -0.5;   -4.8;eor
        217;20200304;-999;-999;-999;    3;   0.0;   4;    3.017;   0;  -999;   4.9;    -999;    1.8;   71.42;    5.9;   -2.0;   -5.9;eor
        217;20200305;-999;-999;-999;    3;   3.4;   4;    0.150;   0;  -999;   5.9;    -999;    3.6;   74.29;    8.4;   -2.2;   -5.1;eor
        217;20200306;-999;-999;-999;    3;   0.1;   4;    2.833;   0;  -999;   5.9;    -999;    5.2;   67.04;    7.7;    2.1;    1.4;eor
        217;20200307;-999;-999;-999;    3;   2.5;   4;    0.567;   0;  -999;   6.1;    -999;    1.6;   88.83;    5.0;   -0.1;   -4.0;eor
        217;20200308;-999;-999;-999;    3;   2.1;   4;    9.717;   0;  -999;   5.1;    -999;    3.1;   69.29;    9.6;   -2.6;   -6.4;eor
        217;20200309;-999;-999;-999;    3;   2.5;   4;    0.633;   0;  -999;   6.8;    -999;    4.0;   84.08;    6.5;    1.4;   -0.6;eor
        217;20200310;-999;-999;-999;    3;  24.2;   4;    0.000;   0;  -999;   7.2;    -999;    4.2;   85.83;   10.0;    1.0;   -1.7;eor
        217;20200311;-999;-999;-999;    3;   0.0;   0;    1.533;   0;  -999;   9.6;    -999;   11.5;   71.00;   14.2;    7.7;    2.6;eor
        217;20200312;-999;-999;-999;    3;   2.6;   4;    1.750;   0;  -999;   8.7;    -999;   11.1;   65.79;   16.0;    5.1;    1.2;eor
        217;20200313;-999;-999;-999;    3;   0.7;   4;    3.583;   0;  -999;   6.4;    -999;    5.2;   73.13;    9.4;    0.7;   -3.4;eor
        217;20200314;-999;-999;-999;    3;   0.0;   0;    5.500;   0;  -999;   5.4;    -999;    3.4;   70.46;    8.1;   -2.0;   -4.3;eor
        217;20200315;-999;-999;-999;    3;   0.0;   0;   11.267;   0;  -999;   6.0;    -999;    5.5;   68.00;   13.1;   -1.7;   -4.3;eor
        217;20200316;-999;-999;-999;    3;   0.0;   0;   11.150;   0;  -999;   6.0;    -999;    9.4;   51.29;   16.4;    2.9;   -2.7;eor
        217;20200317;-999;-999;-999;    3;   0.0;   0;    1.383;   0;  -999;   7.7;    -999;    9.4;   65.25;   13.1;    5.6;    0.0;eor
        217;20200318;-999;-999;-999;    3;   0.0;   0;   11.150;   0;  -999;   8.7;    -999;   10.2;   71.42;   16.8;    3.2;    0.0;eor
        217;20200319;-999;-999;-999;    3;   0.0;   0;   11.050;   0;  -999;   8.6;    -999;   10.6;   69.67;   18.1;    3.6;   -0.2;eor
        217;20200320;-999;-999;-999;    3;  17.0;   4;    8.717;   0;  -999;   9.0;    -999;   10.6;   72.83;   18.2;    3.6;   -0.2;eor
        217;20200321;-999;-999;-999;    3;   1.2;   4;    0.000;   0;  -999;   7.8;    -999;    3.6;   96.33;    7.2;   -0.3;   -0.3;eor
        217;20200322;-999;-999;-999;    3;   0.0;   0;    6.383;   1;  -999;   4.4;    -999;   -0.4;   74.54;    3.8;   -4.1;   -5.2;eor
        217;20200323;-999;-999;-999;    3;   0.0;   0;   11.367;   0;  -999;   2.9;    -999;   -2.0;   56.46;    2.5;   -6.2;   -7.3;eor
        217;20200324;-999;-999;-999;    3;   0.0;   0;   11.283;   0;  -999;   3.2;    -999;   -1.6;   58.96;    3.3;   -5.8;   -7.1;eor
        217;20200325;-999;-999;-999;    3;   0.0;   4;   11.017;   0;  -999;   3.4;    -999;   -0.9;   59.54;    4.0;   -4.9;   -6.4;eor
        217;20200326;-999;-999;-999;    3;   0.0;   0;    2.167;   0;  -999;   4.2;    -999;   -0.4;   70.08;    4.9;   -4.5;   -5.8;eor
        217;20200327;-999;-999;-999;    3;   0.0;   0;   10.167;   0;  -999;   5.9;    -999;    5.2;   66.79;   15.3;   -3.4;   -6.6;eor
        217;20200328;-999;-999;-999;    3;   0.0;   0;   11.133;   0;  -999;   6.4;    -999;    7.5;   63.83;   14.2;    1.5;   -3.9;eor
        217;20200329;-999;-999;-999;    1;   3.1;   4;    0.433;   0;  -999;   6.3;    -999;    3.8;   79.00;    6.8;    0.2;   -2.0;eor
        217;20200330;-999;-999;-999;    1;   0.0;   0;    0.867;   1;  -999;   4.7;    -999;   -1.4;   85.50;    1.9;   -4.9;   -8.7;eor
        217;20200331;-999;-999;-999;    1;   0.0;   0;    8.100;   0;  -999;   3.7;    -999;   -1.0;   67.08;    4.5;   -6.8;  -10.2;eor
        217;20200401;-999;-999;-999;    1;   0.0;   0;   11.800;   0;  -999;   3.7;    -999;    1.0;   59.83;    8.5;   -5.8;   -9.1;eor
        217;20200402;-999;-999;-999;    1;   0.0;   0;   11.717;   0;  -999;   4.4;    -999;    4.9;   53.83;   12.0;   -3.6;   -7.9;eor
        217;20200403;-999;-999;-999;    1;   0.0;   0;    9.300;   0;  -999;   5.1;    -999;    6.3;   54.79;   11.6;    2.1;   -4.4;eor
        217;20200404;-999;-999;-999;    1;   0.0;   0;   11.850;   0;  -999;   6.0;    -999;    7.0;   61.25;   13.0;    0.1;   -3.7;eor
        217;20200405;-999;-999;-999;    1;   0.0;   0;   12.250;   0;  -999;   6.5;    -999;    8.4;   60.75;   15.7;    1.3;   -1.5;eor
        217;20200406;-999;-999;-999;    1;   0.0;   0;   12.333;   0;  -999;   6.2;    -999;   12.0;   46.58;   19.7;    1.9;   -2.5;eor
        217;20200407;-999;-999;-999;    1;   0.0;   0;   12.267;   0;  -999;   7.1;    -999;   12.4;   51.04;   19.1;    4.2;   -1.2;eor
        217;20200408;-999;-999;-999;    1;   0.0;   0;   12.450;   0;  -999;   7.1;    -999;   13.5;   48.13;   20.5;    4.5;   -1.2;eor
        217;20200409;-999;-999;-999;    1;   0.0;   0;    8.817;   0;  -999;   6.9;    -999;   13.1;   47.79;   19.6;    6.6;    0.3;eor
        217;20200410;-999;-999;-999;    1;   0.0;   0;   12.333;   0;  -999;   7.3;    -999;   13.0;   51.58;   20.9;    3.8;   -0.8;eor
        217;20200411;-999;-999;-999;    1;   0.0;   0;   11.733;   0;  -999;   7.9;    -999;   12.5;   57.13;   19.6;    4.1;    0.6;eor
        217;20200412;-999;-999;-999;    1;   0.0;   0;   10.283;   0;  -999;   7.8;    -999;   13.9;   52.63;   21.4;    5.7;    0.7;eor
        217;20200413;-999;-999;-999;    1;   3.0;   4;    7.250;   0;  -999;   8.3;    -999;   12.7;   57.96;   19.7;    1.9;   -0.5;eor
        217;20200414;-999;-999;-999;    1;   0.0;   0;    7.517;   0;  -999;   4.3;    -999;    2.6;   59.96;    6.7;   -2.1;   -5.0;eor
        217;20200415;-999;-999;-999;    1;   0.0;   0;   12.000;   0;  -999;   4.9;    -999;    7.0;   52.29;   16.5;   -2.8;   -6.4;eor
        217;20200416;-999;-999;-999;    1;   0.0;   0;   11.933;   0;  -999;   6.4;    -999;   13.0;   45.25;   19.9;    3.2;   -2.8;eor
        217;20200417;-999;-999;-999;    1;   0.0;   0;   11.400;   0;  -999;   8.3;    -999;   15.0;   51.08;   22.4;    6.6;    1.0;eor
        217;20200418;-999;-999;-999;    1;   2.1;   4;    8.750;   0;  -999;  10.0;    -999;   15.6;   58.71;   22.6;    8.4;    2.9;eor
        217;20200419;-999;-999;-999;    1;   0.0;   0;    7.950;   0;  -999;  11.3;    -999;   13.9;   72.96;   19.4;    8.7;    4.7;eor
        217;20200420;-999;-999;-999;    1;   0.0;   0;    5.000;   0;  -999;   7.7;    -999;   10.0;   62.17;   15.6;    6.2;    5.9;eor
        217;20200421;-999;-999;-999;    1;   0.0;   0;    9.733;   0;  -999;   6.7;    -999;   10.3;   54.25;   17.1;    4.9;    3.5;eor
        217;20200422;-999;-999;-999;    1;   0.0;   0;   13.067;   0;  -999;   6.2;    -999;   11.1;   48.92;   19.0;    1.4;   -1.8;eor
        217;20200423;-999;-999;-999;    1;   0.0;   0;   13.050;   0;  -999;   6.9;    -999;   10.8;   54.88;   19.8;    1.3;   -2.8;eor
        217;20200424;-999;-999;-999;    1;   0.0;   0;   10.517;   0;  -999;   7.8;    -999;   14.5;   49.00;   20.1;    7.0;   -0.4;eor
        217;20200425;-999;-999;-999;    1;   0.0;   0;    9.883;   0;  -999;   7.5;    -999;   13.2;   50.42;   18.2;    5.6;    0.5;eor
        217;20200426;-999;-999;-999;    1;   1.0;   4;   13.333;   0;  -999;   6.7;    -999;   11.5;   51.54;   18.7;    2.6;   -2.0;eor
        217;20200427;-999;-999;-999;    1;   0.1;   4;    6.233;   0;  -999;   9.8;    -999;   12.8;   67.96;   19.1;    8.2;    2.4;eor
        217;20200428;-999;-999;-999;    1;  36.9;   4;    5.883;   0;  -999;  11.1;    -999;   12.5;   78.33;   19.7;    6.5;    0.7;eor
        217;20200429;-999;-999;-999;    1;   6.2;   4;    1.233;   0;  -999;   9.9;    -999;    8.5;   89.42;   12.1;    6.2;    1.2;eor
        217;20200430;-999;-999;-999;    1;   7.3;   4;    4.617;   0;  -999;   9.0;    -999;   10.0;   75.50;   16.2;    4.7;   -0.4;eor
        217;20200501;-999;-999;-999;    1;   3.2;   4;    3.817;-999;  -999;   9.2;    -999;    9.0;   80.58;   14.2;    5.1;    0.9;eor
        217;20200502;-999;-999;-999;    1;   7.5;   4;    1.933;-999;  -999;   8.8;    -999;    7.0;   87.08;   12.9;    2.9;    0.1;eor
        217;20200503;-999;-999;-999;    1;   1.0;   4;    9.367;-999;  -999;   7.4;    -999;    8.1;   70.38;   14.3;    2.4;   -1.1;eor
        217;20200504;-999;-999;-999;    1;   4.5;   4;    1.867;-999;  -999;  11.6;    -999;   11.2;   86.67;   15.1;    7.4;    6.3;eor
        217;20200505;-999;-999;-999;    1;   7.0;   4;    0.000;-999;  -999;  10.1;    -999;    7.6;   95.75;   10.4;    2.5;   -1.3;eor
        217;20200506;-999;-999;-999;    1;   0.0;   0;   12.100;-999;  -999;   6.4;    -999;    7.1;   66.21;   13.4;    0.7;   -2.1;eor
        217;20200507;-999;-999;-999;    1;   0.0;   0;   13.683;-999;  -999;   6.8;    -999;   11.1;   55.13;   20.2;    1.2;   -3.1;eor
        217;20200508;-999;-999;-999;    1;   0.0;   0;   12.633;-999;  -999;  10.3;    -999;   16.1;   57.33;   23.8;    6.5;    2.5;eor
        217;20200509;-999;-999;-999;    1;   1.3;   4;   10.600;-999;  -999;  12.3;    -999;   17.8;   62.58;   24.5;   11.9;    7.8;eor
        217;20200510;-999;-999;-999;    1;   3.1;   4;    6.483;-999;  -999;  14.1;    -999;   15.7;   80.00;   21.2;   12.8;   10.5;eor
        217;20200511;-999;-999;-999;    1;  20.0;   4;    0.817;-999;  -999;  11.4;    -999;   11.0;   85.54;   18.0;    1.2;    1.1;eor
        217;20200512;-999;-999;-999;    1;   0.0;   0;    3.583;-999;  -999;   6.9;    -999;    4.9;   79.96;    9.7;    0.9;    0.7;eor
        217;20200513;-999;-999;-999;    1;   3.5;   4;    0.317;-999;  -999;   8.9;    -999;    6.9;   88.79;    9.9;    4.3;    3.1;eor
        217;20200514;-999;-999;-999;    1;  11.4;   4;    0.000;-999;  -999;   9.6;    -999;    7.4;   93.58;    9.2;    5.5;    5.7;eor
        217;20200515;-999;-999;-999;    1;   4.9;   4;    0.067;-999;  -999;   9.1;    -999;    7.0;   90.83;    8.9;    3.6;   -0.1;eor
        217;20200516;-999;-999;-999;    1;   0.0;   0;   10.600;-999;  -999;   8.8;    -999;    9.2;   77.21;   15.7;    1.8;   -0.5;eor
        217;20200517;-999;-999;-999;    1;   0.0;   0;   13.917;-999;  -999;   8.9;    -999;   12.9;   63.46;   19.5;    5.4;    1.2;eor
        217;20200518;-999;-999;-999;    1;   0.0;   0;   14.283;-999;  -999;   9.4;    -999;   14.7;   58.71;   21.9;    5.4;    1.4;eor
        217;20200519;-999;-999;-999;    1;   0.0;   0;   10.583;-999;  -999;  10.8;    -999;   15.8;   61.63;   21.7;    7.8;    3.3;eor
        217;20200520;-999;-999;-999;    1;   0.0;   0;    5.150;-999;  -999;  11.6;    -999;   15.1;   68.25;   19.6;    9.1;    5.9;eor
        217;20200521;-999;-999;-999;    1;   0.0;   0;   11.067;-999;  -999;  11.3;    -999;   15.4;   66.58;   21.3;    9.0;    5.7;eor
        217;20200522;-999;-999;-999;    1;   0.0;   0;    8.617;-999;  -999;  11.4;    -999;   18.4;   55.88;   23.6;    9.9;    5.0;eor
        217;20200523;-999;-999;-999;    1;   7.7;   4;    3.067;-999;  -999;  12.5;    -999;   14.6;   75.63;   23.7;    6.3;    3.7;eor
        217;20200524;-999;-999;-999;    1;   4.1;   4;    5.983;-999;  -999;   8.8;    -999;   11.1;   68.33;   16.1;    5.5;    2.9;eor
        217;20200525;-999;-999;-999;    1;   2.0;   4;    3.383;-999;  -999;  10.5;    -999;   11.5;   77.46;   15.2;    8.6;    5.6;eor
        217;20200526;-999;-999;-999;    1;   0.0;   0;   10.900;-999;  -999;   8.9;    -999;   11.2;   68.33;   16.0;    5.6;    1.5;eor
        217;20200527;-999;-999;-999;    1;   0.0;   0;   14.833;-999;  -999;   8.3;    -999;   12.1;   61.71;   17.9;    4.4;    0.2;eor
        217;20200528;-999;-999;-999;    1;   2.8;   4;    3.700;-999;  -999;  10.0;    -999;   10.9;   76.54;   16.1;    5.8;    2.0;eor
        217;20200529;-999;-999;-999;    1;   0.0;   0;    9.717;-999;  -999;   9.3;    -999;    9.9;   77.17;   15.3;    4.7;    2.7;eor
        217;20200530;-999;-999;-999;    1;   0.0;   0;    6.950;-999;  -999;   9.0;    -999;   10.3;   73.92;   15.6;    4.7;    1.4;eor
        217;20200531;-999;-999;-999;    1;   0.0;   0;    8.283;-999;  -999;   8.3;    -999;   10.6;   67.67;   15.5;    3.3;    1.5;eor
        217;20200601;-999;-999;-999;    1;   0.0;   0;   14.533;-999;  -999;  10.1;    -999;   14.1;   64.29;   20.0;    6.9;    3.9;eor
        217;20200602;-999;-999;-999;    1;   0.0;   0;   13.750;-999;  -999;   9.9;    -999;   15.5;   58.00;   21.5;    7.3;    2.4;eor
        217;20200603;-999;-999;-999;    1;   0.0;   0;   13.117;-999;  -999;  10.2;    -999;   17.1;   53.79;   23.9;    9.9;    3.4;eor
        217;20200604;-999;-999;-999;    1;   6.6;   4;    0.067;-999;  -999;  12.6;    -999;   13.7;   81.04;   17.7;    9.7;    8.7;eor
        217;20200605;-999;-999;-999;    1;   0.1;   4;    3.183;-999;  -999;  10.9;    -999;   12.5;   76.13;   16.6;    9.4;    8.7;eor
        217;20200606;-999;-999;-999;    1;  15.1;   4;    0.467;-999;  -999;  12.5;    -999;   14.3;   77.54;   18.8;   11.1;    8.2;eor
        217;20200607;-999;-999;-999;    1;  14.4;   4;    0.000;-999;  -999;  11.9;    -999;    9.8;   97.25;   12.2;    7.8;    7.4;eor
        217;20200608;-999;-999;-999;    1;   5.3;   4;    2.850;-999;  -999;  10.9;    -999;   10.7;   84.88;   14.8;    7.6;    7.3;eor
        217;20200609;-999;-999;-999;    1;   2.3;   4;    0.000;-999;  -999;  13.1;    -999;   11.3;   97.29;   13.6;    9.5;    9.3;eor
