STATIONS_ID;MESS_DATUM;QN_3;  FX;  FM;QN_4; RSK;RSKF; SDK;SHK_TAG;  NM; VPM;  PM; TMK; UPM; TXK; TNK; TGK;eor
       2708;20181208;-999;-999;-999;    3;   4.4;   4;    1.417;   0;  -999;   5.7;    -999;    5.0;   66.46;    9.2;    1.0;    0.1;eor
       2708;20181209;-999;-999;-999;    3;  16.7;   4;    0.000;   0;  -999;   7.1;    -999;    5.3;   80.13;   10.3;    1.3;    0.6;eor
       2708;20181210;-999;-999;-999;    3;   2.4;   4;    0.000;   0;  -999;   5.9;    -999;    1.7;   86.13;    3.7;   -1.0;   -1.9;eor
       2708;20181211;-999;-999;-999;    3;   0.4;   4;    0.833;   3;  -999;   4.8;    -999;   -0.4;   80.29;    0.9;   -2.0;   -4.4;eor
       2708;20181212;-999;-999;-999;    3;   0.0;   0;    0.600;   3;  -999;   4.6;    -999;   -1.7;   84.88;    0.6;   -3.6;   -6.1;eor
       2708;20181213;-999;-999;-999;    3;   0.0;   0;    5.767;   0;  -999;   3.9;    -999;   -4.5;   89.25;   -0.7;   -9.2;  -12.1;eor
       2708;20181214;-999;-999;-999;    3;   0.0;   0;    0.133;   0;  -999;   3.6;    -999;   -4.9;   85.79;   -3.3;   -7.1;   -6.8;eor
       2708;20181215;-999;-999;-999;    3;   0.0;   4;    2.050;   0;  -999;   3.2;    -999;   -6.7;   85.25;   -3.2;  -11.2;  -13.3;eor
       2708;20181216;-999;-999;-999;    3;   2.3;   4;    0.033;   0;  -999;   5.0;    -999;   -2.2;   93.96;    5.1;  -11.1;  -13.0;eor
       2708;20181217;-999;-999;-999;    3;   1.8;   4;    1.667;   0;  -999;   5.7;    -999;   -0.2;   93.75;    4.0;   -4.0;   -6.2;eor
       2708;20181218;-999;-999;-999;    3;   0.0;   0;    5.767;   0;  -999;   4.6;    -999;   -1.9;   86.54;    3.3;   -5.2;   -8.3;eor
       2708;20181219;-999;-999;-999;    3;   0.8;   4;    0.000;   0;  -999;   5.3;    -999;    0.8;   80.13;    5.3;   -5.0;   -7.5;eor
       2708;20181220;-999;-999;-999;    3;   0.3;   4;    1.833;   0;  -999;   6.1;    -999;    1.8;   87.75;    6.0;   -0.8;   -3.7;eor
       2708;20181221;-999;-999;-999;    3;   2.7;   4;    0.050;   0;  -999;   6.9;    -999;    5.2;   76.88;   12.2;   -1.5;   -4.7;eor
       2708;20181222;-999;-999;-999;    3;   9.7;   4;    0.000;   0;  -999;   8.5;    -999;    9.1;   74.54;   12.4;    5.6;    4.5;eor
       2708;20181223;-999;-999;-999;    3;  21.1;   4;    0.000;   0;  -999;   8.8;    -999;    7.5;   84.46;   11.2;    5.3;    5.0;eor
       2708;20181224;-999;-999;-999;    3;  14.7;   4;    0.000;   0;  -999;   7.3;    -999;    3.8;   89.83;   11.3;    0.5;   -1.7;eor
       2708;20181225;-999;-999;-999;    3;   0.0;   0;    0.033;   0;  -999;   5.7;    -999;   -0.5;   95.92;    1.5;   -4.1;   -7.0;eor
       2708;20181226;-999;-999;-999;    3;   0.0;   0;    5.750;   0;  -999;   4.5;    -999;   -2.4;   87.38;    5.1;   -5.4;   -8.6;eor
       2708;20181227;-999;-999;-999;    3;   0.0;   0;    3.550;   0;  -999;   4.8;    -999;   -0.9;   83.33;    8.0;   -5.3;   -8.5;eor
       2708;20181228;-999;-999;-999;    3;   0.0;   0;    3.533;   0;  -999;   5.2;    -999;    0.2;   83.83;    5.1;   -3.5;   -6.8;eor
       2708;20181229;-999;-999;-999;    3;   4.3;   4;    1.300;   0;  -999;   4.8;    -999;   -2.4;   93.42;    2.2;   -4.8;   -7.5;eor
       2708;20181230;-999;-999;-999;    3;   4.2;   4;    0.000;   0;  -999;   6.5;    -999;    1.7;   93.38;    2.7;    0.2;   -0.8;eor
       2708;20181231;-999;-999;-999;    3;   7.7;   4;    0.000;   0;  -999;   6.9;    -999;    1.9;   98.29;    4.1;   -0.4;   -2.6;eor
       2708;20190101;-999;-999;-999;    3;   3.6;   4;    0.500;   0;  -999;   6.4;    -999;    1.6;   93.42;    4.1;   -1.1;   -3.4;eor
       2708;20190102;-999;-999;-999;    3;   2.9;   4;    0.000;   4;  -999;   4.9;    -999;   -1.3;   87.38;    3.1;   -4.9;   -8.4;eor
       2708;20190103;-999;-999;-999;    3;   0.0;   4;    0.533;   9;  -999;   3.6;    -999;   -3.7;   78.04;   -2.8;   -4.5;   -6.2;eor
       2708;20190104;-999;-999;-999;    3;   0.4;   4;    0.000;   8;  -999;   4.1;    -999;   -2.3;   80.38;   -0.4;   -3.7;   -4.2;eor
       2708;20190105;-999;-999;-999;    3;  14.4;   4;    0.000;   9;  -999;   5.4;    -999;   -0.1;   89.08;    1.3;   -2.1;   -2.2;eor
       2708;20190106;-999;-999;-999;    3;   4.5;   4;    0.000;  17;  -999;   6.2;    -999;    0.7;   97.25;    1.5;    0.2;   -0.1;eor
       2708;20190107;-999;-999;-999;    3;   1.5;   4;    0.000;  17;  -999;   6.0;    -999;    0.6;   93.13;    1.2;   -1.2;   -3.7;eor
       2708;20190108;-999;-999;-999;    3;   6.7;   4;    0.000;  13;  -999;   6.0;    -999;    0.9;   91.79;    2.7;   -1.2;   -2.9;eor
       2708;20190109;-999;-999;-999;    3;  14.7;   4;    0.000;  20;  -999;   5.3;    -999;   -1.6;   97.67;    0.4;   -3.0;   -2.6;eor
       2708;20190110;-999;-999;-999;    3;  13.4;   4;    0.000;  40;  -999;   4.9;    -999;   -3.0;   99.63;   -2.3;   -4.5;   -3.7;eor
       2708;20190111;-999;-999;-999;    3;   3.3;   4;    2.617;  60;  -999;   4.4;    -999;   -4.0;   96.54;   -0.5;   -7.1;   -4.8;eor
       2708;20190112;-999;-999;-999;    3;   6.8;   4;    0.033;  60;  -999;   5.8;    -999;    0.8;   89.50;    2.6;   -1.3;   -2.4;eor
       2708;20190113;-999;-999;-999;    3;  19.4;   4;    0.000;  49;  -999;   6.6;    -999;    3.1;   87.29;    6.6;    1.1;    0.0;eor
       2708;20190114;-999;-999;-999;    3;   4.6;   4;    0.000;  39;  -999;   6.1;    -999;    1.3;   90.29;    4.1;   -0.8;   -1.5;eor
       2708;20190115;-999;-999;-999;    3;   0.0;   0;    1.483;  36;  -999;   4.4;    -999;    0.0;   73.50;    3.6;   -4.7;   -6.6;eor
       2708;20190116;-999;-999;-999;    3;   0.0;   0;    6.450;  27;  -999;   4.4;    -999;   -2.2;   85.17;    5.8;   -7.8;   -9.9;eor
       2708;20190117;-999;-999;-999;    3;   2.0;   4;    4.433;  23;  -999;   5.2;    -999;    2.0;   74.29;    7.2;   -3.1;   -5.7;eor
       2708;20190118;-999;-999;-999;    3;   0.0;   0;    1.267;  27;  -999;   3.7;    -999;   -3.1;   76.58;    1.8;   -9.6;  -11.4;eor
       2708;20190119;-999;-999;-999;    3;   0.0;   0;    5.767;  27;  -999;   2.8;    -999;   -7.9;   84.50;   -0.8;  -12.2;  -13.8;eor
       2708;20190120;-999;-999;-999;    3;   0.0;   0;    0.367;  23;  -999;   3.3;    -999;   -5.2;   78.63;    1.2;  -10.3;  -12.9;eor
       2708;20190121;-999;-999;-999;    3;   0.0;   0;    0.000;  23;  -999;   4.2;    -999;   -4.6;   96.04;   -2.2;   -8.7;  -10.2;eor
       2708;20190122;-999;-999;-999;    3;   0.0;   0;    4.017;  23;  -999;   3.8;    -999;   -5.6;   94.71;    0.6;   -9.5;  -11.7;eor
       2708;20190123;-999;-999;-999;    3;   0.0;   0;    1.183;  23;  -999;   3.4;    -999;   -6.7;   92.17;   -2.7;   -9.7;  -11.3;eor
       2708;20190124;-999;-999;-999;    3;   1.0;   4;    1.550;  23;  -999;   3.6;    -999;   -4.8;   84.75;   -1.5;   -7.2;   -7.2;eor
       2708;20190125;-999;-999;-999;    3;   0.3;   4;    1.750;  26;  -999;   2.9;    -999;   -6.6;   79.13;   -3.2;  -11.1;  -14.0;eor
       2708;20190126;-999;-999;-999;    3;   4.0;   4;    0.017;  27;  -999;   5.5;    -999;   -0.9;   92.29;    4.4;   -8.6;   -9.0;eor
       2708;20190127;-999;-999;-999;    3;   0.6;   4;    2.267;  25;  -999;   5.9;    -999;    1.4;   88.54;    5.8;   -2.7;   -4.4;eor
       2708;20190128;-999;-999;-999;    3;   1.5;   4;    2.300;  24;  -999;   4.4;    -999;    0.3;   70.00;    1.6;   -1.3;   -1.7;eor
       2708;20190129;-999;-999;-999;    3;   0.0;   0;    1.533;  29;  -999;   4.1;    -999;   -3.1;   83.25;    0.8;  -10.5;  -13.5;eor
       2708;20190130;-999;-999;-999;    3;   0.0;   0;    0.000;  27;  -999;   3.4;    -999;   -1.5;   61.88;    2.8;  -10.1;  -13.4;eor
       2708;20190131;-999;-999;-999;    3;   0.0;   0;    6.350;  26;  -999;   3.1;    -999;   -2.5;   63.96;    5.9;   -8.8;  -11.0;eor
       2708;20190201;-999;-999;-999;    3;   2.8;   4;    0.817;  23;  -999;   4.5;    -999;    1.2;   68.75;    6.1;   -2.1;   -4.3;eor
       2708;20190202;-999;-999;-999;    3;  24.5;   4;    0.033;  21;  -999;   6.7;    -999;    1.6;   96.71;    3.9;   -0.9;   -1.6;eor
       2708;20190203;-999;-999;-999;    3;  12.8;   4;    0.000;  34;  -999;   5.6;    -999;   -1.0;   98.63;    0.3;   -2.8;   -3.5;eor
       2708;20190204;-999;-999;-999;    3;   0.0;   0;    2.167;  52;  -999;   4.8;    -999;   -2.6;   96.13;    1.1;   -5.5;   -8.4;eor
       2708;20190205;-999;-999;-999;    3;   0.0;   0;    7.383;  42;  -999;   4.0;    -999;   -4.9;   93.29;    5.1;   -9.7;  -13.4;eor
       2708;20190206;-999;-999;-999;    3;   0.0;   0;    8.017;  42;  -999;   4.1;    -999;   -4.7;   92.83;    3.4;   -9.5;  -13.9;eor
       2708;20190207;-999;-999;-999;    3;   3.3;   4;    1.767;  42;  -999;   5.4;    -999;   -1.1;   92.50;    5.7;   -9.4;  -13.3;eor
       2708;20190208;-999;-999;-999;    3;   0.0;   0;    8.067;  34;  -999;   5.3;    -999;    1.2;   81.21;    6.8;   -3.8;   -7.6;eor
       2708;20190209;-999;-999;-999;    3;   0.0;   0;    0.600;  32;  -999;   5.6;    -999;    3.5;   71.13;    7.8;   -2.3;   -4.6;eor
       2708;20190210;-999;-999;-999;    3;   6.6;   4;    3.667;  28;  -999;   5.2;    -999;    4.7;   66.21;   14.2;   -1.6;   -3.5;eor
       2708;20190211;-999;-999;-999;    3;   2.8;   4;    0.000;  23;  -999;   5.3;    -999;    0.8;   81.54;    3.4;   -0.6;   -0.6;eor
       2708;20190212;-999;-999;-999;    3;   0.6;   4;    0.000;  33;  -999;   5.0;    -999;   -0.1;   82.83;    1.2;   -4.4;   -7.1;eor
       2708;20190213;-999;-999;-999;    3;   0.0;   0;    8.183;  33;  -999;   4.3;    -999;   -1.2;   78.83;    6.0;   -6.7;   -9.2;eor
       2708;20190214;-999;-999;-999;    3;   0.0;   0;    7.567;  32;  -999;   4.9;    -999;    1.3;   75.46;   11.8;   -3.5;   -6.0;eor
       2708;20190215;-999;-999;-999;    3;   0.0;   0;    8.467;  30;  -999;   4.6;    -999;    1.8;   69.25;   11.9;   -4.3;   -7.4;eor
       2708;20190216;-999;-999;-999;    3;   0.0;   0;    8.483;  30;  -999;   4.5;    -999;    2.9;   61.83;   14.9;   -3.3;   -5.8;eor
       2708;20190217;-999;-999;-999;    3;   0.0;   0;    8.500;  29;  -999;   4.4;    -999;    3.3;   58.33;   13.4;   -1.7;   -4.6;eor
       2708;20190218;-999;-999;-999;    3;   0.0;   0;    8.567;  25;  -999;   4.3;    -999;    3.1;   58.04;   13.8;   -2.7;   -5.4;eor
       2708;20190219;-999;-999;-999;    3;   0.0;   0;    7.917;  21;  -999;   5.3;    -999;    4.1;   66.04;   11.1;   -2.2;   -4.5;eor
       2708;20190220;-999;-999;-999;    3;   0.0;   0;    5.167;  18;  -999;   6.4;    -999;    3.9;   80.92;    9.6;    0.0;   -1.5;eor
       2708;20190221;-999;-999;-999;    3;   0.8;   4;    6.783;   0;  -999;   6.2;    -999;    5.6;   69.50;   11.5;    0.0;   -1.8;eor
       2708;20190222;-999;-999;-999;    3;   4.2;   4;    0.000;   0;  -999;   7.8;    -999;    4.9;   90.92;    7.3;    2.7;    2.1;eor
       2708;20190223;-999;-999;-999;    3;   0.0;   0;    3.133;   0;  -999;   5.5;    -999;    0.2;   87.92;    3.7;   -5.1;   -6.4;eor
       2708;20190224;-999;-999;-999;    3;   0.0;   0;    5.667;   0;  -999;   4.4;    -999;   -0.8;   76.88;    7.2;   -6.8;   -8.1;eor
       2708;20190225;-999;-999;-999;    3;   0.0;   0;    8.850;   0;  -999;   5.6;    -999;    2.4;   78.46;   11.7;   -3.9;   -5.3;eor
       2708;20190226;-999;-999;-999;    3;   0.0;   0;    7.983;   0;  -999;   5.9;    -999;    4.7;   72.75;   14.9;   -2.2;   -4.0;eor
       2708;20190227;-999;-999;-999;    3;   0.0;   0;    8.850;   0;  -999;   6.0;    -999;    6.5;   65.25;   15.5;    1.0;   -0.7;eor
       2708;20190228;-999;-999;-999;    3;   0.0;   0;    8.450;   0;  -999;   5.7;    -999;    9.2;   53.17;   15.9;    0.8;   -1.1;eor
       2708;20190301;-999;-999;-999;    3;   3.8;   4;    0.000;   0;  -999;   7.0;    -999;    5.8;   76.83;    8.5;    3.9;    3.2;eor
       2708;20190302;-999;-999;-999;    3;   0.0;   0;    0.017;   0;  -999;   6.5;    -999;    5.3;   73.67;    7.7;    1.3;   -0.2;eor
       2708;20190303;-999;-999;-999;    3;   0.0;   0;    7.383;   0;  -999;   6.3;    -999;    6.5;   67.29;   12.8;   -0.1;   -1.6;eor
       2708;20190304;-999;-999;-999;    3;   1.4;   4;    3.900;   0;  -999;   5.1;    -999;    6.5;   55.96;   16.8;    1.1;   -0.9;eor
       2708;20190305;-999;-999;-999;    3;   0.2;   4;    6.033;   0;  -999;   5.3;    -999;    5.4;   60.42;    9.8;    1.3;   -0.9;eor
       2708;20190306;-999;-999;-999;    3;   0.0;   0;    6.233;   0;  -999;   4.9;    -999;    8.1;   53.00;   15.3;   -2.3;   -4.2;eor
       2708;20190307;-999;-999;-999;    3;   4.9;   4;    2.067;   0;  -999;   6.4;    -999;    8.6;   61.58;   15.9;    1.9;    0.3;eor
       2708;20190308;-999;-999;-999;    3;   1.3;   4;    1.383;   0;  -999;   6.4;    -999;    3.9;   80.54;    7.7;    0.2;   -1.8;eor
       2708;20190309;-999;-999;-999;    3;   1.3;   4;    4.300;   0;  -999;   6.6;    -999;    7.3;   66.46;   12.4;    0.6;   -0.4;eor
       2708;20190310;-999;-999;-999;    3;   6.3;   4;    1.767;   0;  -999;   7.9;    -999;    9.3;   67.88;   14.2;    4.3;    3.4;eor
       2708;20190311;-999;-999;-999;    3;   1.5;   4;    0.233;   0;  -999;   4.7;    -999;    1.6;   68.83;    4.2;   -1.7;   -1.6;eor
       2708;20190312;-999;-999;-999;    3;   0.2;   4;    7.167;   0;  -999;   4.5;    -999;    3.0;   61.38;   11.1;   -0.2;   -1.0;eor
       2708;20190313;-999;-999;-999;    3;   2.1;   4;    4.417;   0;  -999;   5.1;    -999;    4.3;   62.63;    9.6;    0.8;    0.1;eor
       2708;20190314;-999;-999;-999;    3;   1.8;   4;    0.000;   0;  -999;   6.0;    -999;    3.8;   74.92;    6.2;    1.0;    0.2;eor
       2708;20190315;-999;-999;-999;    3;  16.8;   4;    0.000;   0;  -999;   7.7;    -999;    6.5;   79.50;   10.2;    3.4;    2.6;eor
       2708;20190316;-999;-999;-999;    3;   0.0;   0;    6.133;   0;  -999;   6.2;    -999;   10.4;   50.33;   17.3;    2.5;   -0.3;eor
       2708;20190317;-999;-999;-999;    3;   6.1;   4;    8.383;   0;  -999;   5.3;    -999;    7.9;   54.17;   17.8;    0.8;   -1.9;eor
       2708;20190318;-999;-999;-999;    3;   2.4;   4;    3.733;   1;  -999;   5.7;    -999;    1.4;   85.50;    4.8;   -0.8;   -2.5;eor
       2708;20190319;-999;-999;-999;    3;   0.5;   4;    0.883;   0;  -999;   5.4;    -999;    1.1;   82.04;    6.1;   -1.9;   -3.9;eor
       2708;20190320;-999;-999;-999;    3;   0.0;   0;   10.117;   0;  -999;   4.6;    -999;    1.2;   71.71;    8.0;   -4.3;   -6.4;eor
       2708;20190321;-999;-999;-999;    3;   0.0;   0;   10.783;   0;  -999;   5.0;    -999;    2.5;   72.17;   11.7;   -5.3;   -6.9;eor
       2708;20190322;-999;-999;-999;    3;   0.0;   0;   10.700;   0;  -999;   6.2;    -999;    6.0;   69.21;   15.5;   -2.4;   -5.5;eor
       2708;20190323;-999;-999;-999;    3;   0.0;   0;   10.983;   0;  -999;   6.5;    -999;    9.0;   60.38;   18.5;    1.1;   -2.4;eor
       2708;20190324;-999;-999;-999;    3;   0.0;   0;   11.117;   0;  -999;   6.8;    -999;    9.4;   61.79;   17.5;    1.0;   -2.0;eor
       2708;20190325;-999;-999;-999;    3;   1.7;   4;    0.183;   0;  -999;   6.5;    -999;    4.1;   79.42;    8.1;    0.1;   -1.1;eor
       2708;20190326;-999;-999;-999;    3;   0.0;   0;    2.117;   0;  -999;   5.0;    -999;    2.2;   71.38;    5.7;    0.1;   -1.3;eor
       2708;20190327;-999;-999;-999;    3;   0.0;   0;    0.367;   0;  -999;   5.8;    -999;    3.1;   76.25;    6.9;    0.0;   -1.7;eor
       2708;20190328;-999;-999;-999;    3;   0.0;   0;    8.067;   0;  -999;   5.9;    -999;    5.1;   70.58;   11.7;    0.0;   -2.9;eor
       2708;20190329;-999;-999;-999;    3;   0.0;   0;   11.800;   0;  -999;   6.1;    -999;    5.7;   70.46;   15.3;   -3.0;   -6.3;eor
       2708;20190330;-999;-999;-999;    3;   0.0;   0;   11.783;   0;  -999;   6.4;    -999;    8.2;   63.08;   16.9;    0.5;   -3.0;eor
       2708;20190331;-999;-999;-999;    3;   0.0;   0;   11.817;   0;  -999;   6.3;    -999;    8.7;   60.92;   17.0;    1.0;   -2.0;eor
       2708;20190401;-999;-999;-999;    3;   0.0;   0;   11.650;   0;  -999;   7.6;    -999;    7.3;   75.21;   15.4;    0.2;   -2.6;eor
       2708;20190402;-999;-999;-999;    3;   0.0;   0;   10.267;   0;  -999;   6.4;    -999;   11.8;   53.25;   20.1;    2.2;   -0.8;eor
       2708;20190403;-999;-999;-999;    3;   0.0;   0;    7.733;   0;  -999;   6.6;    -999;   10.6;   54.63;   17.6;    4.0;    1.0;eor
       2708;20190404;-999;-999;-999;    3;   0.9;   4;    3.467;   0;  -999;   6.7;    -999;    3.8;   84.08;    9.3;    1.0;    0.5;eor
       2708;20190405;-999;-999;-999;    3;   0.0;   0;    2.017;   0;  -999;   6.9;    -999;    4.0;   85.75;    8.7;    0.7;   -0.8;eor
       2708;20190406;-999;-999;-999;    3;   0.0;   0;   11.817;   0;  -999;   7.9;    -999;    7.4;   79.04;   15.4;   -0.6;   -3.3;eor
       2708;20190407;-999;-999;-999;    3;  11.6;   4;    2.450;   0;  -999;   8.6;    -999;    8.3;   80.00;   14.7;    3.0;    0.5;eor
       2708;20190408;-999;-999;-999;    3;   2.9;   4;    0.000;   0;  -999;   9.1;    -999;    6.6;   93.67;    8.6;    5.3;    4.6;eor
       2708;20190409;-999;-999;-999;    3;  15.7;   4;    3.417;   0;  -999;   9.5;    -999;    8.4;   86.83;   12.9;    4.3;    2.8;eor
       2708;20190410;-999;-999;-999;    3;   3.8;   4;    0.000;   0;  -999;   9.8;    -999;    6.9;   98.13;    8.5;    5.7;    5.5;eor
       2708;20190411;-999;-999;-999;    3;   0.0;   4;    0.000;   0;  -999;   8.6;    -999;    5.0;   97.67;    6.5;    3.4;    2.5;eor
       2708;20190412;-999;-999;-999;    3;   0.0;   0;    0.000;   0;  -999;   6.7;    -999;    3.5;   84.88;    6.2;    1.9;    1.1;eor
       2708;20190413;-999;-999;-999;    3;   4.8;   4;    0.750;   0;  -999;   6.2;    -999;    3.5;   79.96;    8.1;    0.6;   -0.1;eor
       2708;20190414;-999;-999;-999;    3;   0.2;   4;    0.000;   0;  -999;   6.9;    -999;    2.3;   95.67;    4.7;    0.4;    0.0;eor
       2708;20190415;-999;-999;-999;    3;   0.0;   0;    8.067;   0;  -999;   7.6;    -999;    5.7;   84.46;   12.5;    0.7;   -1.8;eor
       2708;20190416;-999;-999;-999;    3;   0.0;   0;    7.000;   0;  -999;   7.2;    -999;    8.6;   67.92;   16.3;   -0.1;   -2.9;eor
       2708;20190417;-999;-999;-999;    3;   0.0;   0;   12.233;   0;  -999;   7.4;    -999;    9.7;   63.54;   16.9;    2.1;   -1.1;eor
       2708;20190418;-999;-999;-999;    3;   0.0;   0;   12.817;   0;  -999;   7.3;    -999;    9.7;   63.71;   18.5;    0.6;   -2.3;eor
       2708;20190419;-999;-999;-999;    3;   0.0;   0;   12.917;   0;  -999;   7.3;    -999;   12.1;   56.50;   20.5;    3.2;   -0.1;eor
       2708;20190420;-999;-999;-999;    3;   0.0;   0;   12.950;   0;  -999;   7.4;    -999;   12.2;   56.25;   20.8;    3.2;   -0.5;eor
       2708;20190421;-999;-999;-999;    3;   0.0;   0;   12.633;   0;  -999;   7.3;    -999;   12.3;   55.58;   21.6;    2.7;   -0.9;eor
       2708;20190422;-999;-999;-999;    3;   0.0;   0;   12.183;   0;  -999;   7.6;    -999;   13.0;   54.25;   22.0;    3.0;   -0.6;eor
       2708;20190423;-999;-999;-999;    3;   0.0;   0;    4.133;   0;  -999;   7.4;    -999;   15.0;   46.08;   20.2;    6.4;    3.7;eor
       2708;20190424;-999;-999;-999;    3;   0.0;   0;    9.017;   0;  -999;   7.8;    -999;   15.9;   46.00;   22.8;    6.9;    2.3;eor
       2708;20190425;-999;-999;-999;    3;   0.0;   0;    6.933;   0;  -999;   7.6;    -999;   13.6;   54.42;   21.2;    3.0;    0.1;eor
       2708;20190426;-999;-999;-999;    3;   9.3;   4;    0.233;   0;  -999;   8.2;    -999;    6.3;   86.33;    9.9;    0.8;   -1.3;eor
       2708;20190427;-999;-999;-999;    3;   7.0;   4;    3.717;   0;  -999;   7.9;    -999;    7.2;   78.25;   13.2;    0.5;   -1.5;eor
       2708;20190428;-999;-999;-999;    3;   1.9;   4;    4.750;   0;  -999;   6.6;    -999;    4.0;   82.67;    8.0;   -0.1;   -1.4;eor
       2708;20190429;-999;-999;-999;    3;  10.8;   4;    0.000;   0;  -999;   7.6;    -999;    4.1;   93.21;    6.1;    1.9;    1.2;eor
       2708;20190430;-999;-999;-999;    3;   1.9;   4;    2.567;   0;  -999;   8.2;    -999;    5.8;   88.71;    9.8;    3.2;    0.3;eor
       2708;20190501;-999;-999;-999;    3;   0.0;   0;   13.117;-999;  -999;   7.1;    -999;    8.6;   67.96;   16.3;    0.2;   -2.3;eor
       2708;20190502;-999;-999;-999;    3;   6.2;   4;    9.967;-999;  -999;   8.1;    -999;   10.6;   66.42;   18.0;    2.0;   -1.5;eor
       2708;20190503;-999;-999;-999;    3;   0.2;   4;    0.750;-999;  -999;   9.0;    -999;    7.7;   85.67;   11.4;    3.6;   -0.1;eor
       2708;20190504;-999;-999;-999;    3;  16.2;   4;    3.417;-999;  -999;   7.3;    -999;    4.8;   86.88;   12.6;   -0.4;   -1.2;eor
       2708;20190505;-999;-999;-999;    3;   7.1;   4;    0.000;-999;  -999;   6.2;    -999;    0.8;   96.54;    4.5;   -0.3;   -0.1;eor
       2708;20190506;-999;-999;-999;    3;   0.1;   4;    1.617;-999;  -999;   6.2;    -999;    2.5;   85.17;    6.2;   -0.1;   -0.7;eor
       2708;20190507;-999;-999;-999;    3;   0.0;   0;   12.500;-999;  -999;   6.3;    -999;    5.7;   71.96;   13.8;   -1.7;   -4.3;eor
       2708;20190508;-999;-999;-999;    3;   2.3;   4;    0.100;-999;  -999;   8.3;    -999;    9.6;   70.38;   15.9;    1.3;   -0.5;eor
       2708;20190509;-999;-999;-999;    3;   1.1;   4;    6.450;-999;  -999;   8.5;    -999;   10.0;   71.46;   16.3;    4.3;    3.2;eor
       2708;20190510;-999;-999;-999;    3;   0.9;   4;    4.217;-999;  -999;   9.0;    -999;   10.2;   73.63;   15.1;    5.4;    2.9;eor
       2708;20190511;-999;-999;-999;    3;  22.9;   4;    1.950;-999;  -999;   9.6;    -999;    8.9;   84.50;   15.2;    5.0;    4.2;eor
       2708;20190512;-999;-999;-999;    3;  11.0;   4;    0.000;-999;  -999;   7.6;    -999;    3.7;   95.17;    5.5;    1.8;    2.1;eor
       2708;20190513;-999;-999;-999;    3;   0.0;   0;    1.200;-999;  -999;   7.5;    -999;    6.0;   81.50;    9.5;    2.4;    0.0;eor
       2708;20190514;-999;-999;-999;    3;   4.2;   4;    5.533;-999;  -999;   6.5;    -999;    4.0;   81.50;    8.8;   -0.2;   -2.2;eor
       2708;20190515;-999;-999;-999;    3;   1.1;   4;    0.000;-999;  -999;   7.3;    -999;    3.6;   93.29;    6.8;    1.4;    0.5;eor
       2708;20190516;-999;-999;-999;    3;   0.0;   0;    0.550;-999;  -999;   8.0;    -999;    5.4;   89.71;   10.4;    0.6;   -1.4;eor
       2708;20190517;-999;-999;-999;    3;   0.0;   0;    7.267;-999;  -999;   9.5;    -999;   10.2;   78.58;   18.5;    0.9;   -1.4;eor
       2708;20190518;-999;-999;-999;    3;   0.0;   0;    9.483;-999;  -999;   9.4;    -999;   12.1;   69.88;   20.2;    4.5;    1.2;eor
       2708;20190519;-999;-999;-999;    3;   7.4;   4;    4.783;-999;  -999;  11.8;    -999;   12.7;   80.21;   18.4;    6.6;    4.3;eor
       2708;20190520;-999;-999;-999;    3;  81.2;   4;    0.000;-999;  -999;  11.8;    -999;   10.1;   94.54;   11.0;    9.4;    8.8;eor
       2708;20190521;-999;-999;-999;    3;  20.6;   4;    0.000;-999;  -999;  10.7;    -999;    9.5;   90.13;   10.4;    8.7;    7.8;eor
       2708;20190522;-999;-999;-999;    3;   0.2;   4;    0.133;-999;  -999;  11.3;    -999;   10.7;   88.33;   13.5;    7.8;    6.4;eor
       2708;20190523;-999;-999;-999;    3;   0.0;   0;    8.050;-999;  -999;  10.6;    -999;   11.8;   78.67;   18.1;    6.0;    3.3;eor
       2708;20190524;-999;-999;-999;    3;   0.0;   0;    9.700;-999;  -999;  10.2;    -999;   12.8;   71.88;   20.7;    4.3;    2.2;eor
       2708;20190525;-999;-999;-999;    3;  10.3;   4;    5.017;-999;  -999;  11.5;    -999;   12.7;   79.71;   20.0;    7.1;    4.3;eor
       2708;20190526;-999;-999;-999;    3;   0.0;   0;    4.617;-999;  -999;  12.6;    -999;   13.0;   85.67;   20.2;    8.7;    6.0;eor
       2708;20190527;-999;-999;-999;    3;  12.3;   4;    0.000;-999;  -999;  12.8;    -999;   12.7;   88.25;   16.1;    8.5;    5.9;eor
       2708;20190528;-999;-999;-999;    3;  26.5;   4;    0.000;-999;  -999;  11.6;    -999;   10.0;   93.58;   12.3;    7.5;    6.8;eor
       2708;20190529;-999;-999;-999;    3;  12.5;   4;    0.133;-999;  -999;  10.4;    -999;    8.3;   94.38;   11.3;    7.2;    6.8;eor
       2708;20190530;-999;-999;-999;    3;   0.0;   0;    6.817;-999;  -999;  10.1;    -999;   10.4;   81.92;   17.1;    4.5;    2.2;eor
       2708;20190531;-999;-999;-999;    3;   0.0;   0;    4.283;-999;  -999;  11.5;    -999;   12.8;   80.33;   20.3;    6.8;    4.8;eor
       2708;20190601;-999;-999;-999;    3;   0.0;   0;   12.933;-999;  -999;  12.2;    -999;   15.7;   71.67;   23.6;    6.4;    3.5;eor
       2708;20190602;-999;-999;-999;    3;   0.0;   0;   13.533;-999;  -999;  12.9;    -999;   18.3;   65.88;   26.7;    8.3;    5.4;eor
       2708;20190603;-999;-999;-999;    3;   4.1;   4;   10.567;-999;  -999;  13.5;    -999;   19.0;   66.92;   27.9;   10.4;    7.2;eor
       2708;20190604;-999;-999;-999;    3;   0.0;   0;   12.600;-999;  -999;  14.8;    -999;   18.6;   73.04;   27.5;    9.4;    6.9;eor
       2708;20190605;-999;-999;-999;    3;   0.0;   0;   13.383;-999;  -999;  13.9;    -999;   20.6;   60.96;   28.2;   11.0;    8.1;eor
       2708;20190606;-999;-999;-999;    3;   2.4;   4;    0.117;-999;  -999;  12.9;    -999;   15.1;   78.04;   24.3;   10.1;    9.8;eor
       2708;20190607;-999;-999;-999;    3;   0.0;   0;   10.767;-999;  -999;  14.1;    -999;   17.9;   72.58;   27.2;    9.2;    8.7;eor
       2708;20190608;-999;-999;-999;    3;   0.0;   0;    6.583;-999;  -999;  10.2;    -999;   14.4;   63.46;   19.5;    9.2;    6.0;eor
       2708;20190609;-999;-999;-999;    3;   1.9;   4;    7.367;-999;  -999;  12.9;    -999;   15.4;   75.63;   24.7;    6.8;    4.0;eor
       2708;20190610;-999;-999;-999;    3;   0.8;   4;    9.083;-999;  -999;  15.9;    -999;   17.0;   83.04;   24.1;   12.2;   11.5;eor
       2708;20190611;-999;-999;-999;    3;   0.3;   4;    4.700;-999;  -999;  15.4;    -999;   15.9;   84.71;   22.3;   11.1;   10.4;eor
       2708;20190612;-999;-999;-999;    3;   0.0;   4;    3.117;-999;  -999;  14.1;    -999;   14.4;   86.63;   17.3;   12.5;   11.5;eor
       2708;20190613;-999;-999;-999;    3;   0.0;   0;    8.133;-999;  -999;  13.3;    -999;   16.2;   74.46;   22.0;   10.6;    7.0;eor
       2708;20190614;-999;-999;-999;    3;   0.0;   0;   11.583;-999;  -999;  14.8;    -999;   19.6;   69.29;   29.7;    8.1;    4.8;eor
       2708;20190615;-999;-999;-999;    3;   4.7;   4;    6.367;-999;  -999;  14.7;    -999;   18.8;   68.17;   22.8;   12.4;   10.3;eor
       2708;20190616;-999;-999;-999;    3;   0.0;   0;    0.917;-999;  -999;  14.5;    -999;   14.7;   87.25;   18.6;   11.4;   10.7;eor
       2708;20190617;-999;-999;-999;    3;   0.0;   0;    7.650;-999;  -999;  15.5;    -999;   17.4;   80.13;   24.4;   10.1;    7.9;eor
       2708;20190618;-999;-999;-999;    3;   5.6;   4;   11.667;-999;  -999;  15.2;    -999;   20.0;   68.67;   27.5;   11.1;    8.5;eor
       2708;20190619;-999;-999;-999;    3;   5.1;   4;   10.400;-999;  -999;  14.2;    -999;   19.9;   66.79;   28.0;   12.0;   10.9;eor
       2708;20190620;-999;-999;-999;    3;  30.7;   4;    5.500;-999;  -999;  16.0;    -999;   16.2;   87.63;   22.4;   11.1;    9.2;eor
       2708;20190621;-999;-999;-999;    3;  16.4;   4;    5.733;-999;  -999;  15.4;    -999;   15.6;   87.96;   22.5;    9.9;    7.6;eor
       2708;20190622;-999;-999;-999;    3;   3.2;   4;    1.217;-999;  -999;  16.5;    -999;   15.4;   94.17;   20.4;   12.1;   11.3;eor
       2708;20190623;-999;-999;-999;    3;   1.3;   4;    5.300;-999;  -999;  16.7;    -999;   16.9;   87.92;   22.7;   12.5;   10.3;eor
       2708;20190624;-999;-999;-999;    3;   0.0;   0;   13.700;-999;  -999;  17.2;    -999;   19.7;   77.38;   27.2;   11.0;    8.9;eor
       2708;20190625;-999;-999;-999;    3;   0.0;   0;   13.717;-999;  -999;  18.9;    -999;   22.6;   72.42;   31.3;   12.8;   10.4;eor
       2708;20190626;-999;-999;-999;    3;   0.0;   0;   13.650;-999;  -999;  18.6;    -999;   24.7;   63.67;   34.2;   15.3;   12.3;eor
       2708;20190627;-999;-999;-999;    3;   0.0;   0;   12.067;-999;  -999;  19.9;    -999;   25.1;   63.83;   31.6;   16.3;   14.2;eor
       2708;20190628;-999;-999;-999;    3;   0.0;   0;   13.633;-999;  -999;  13.5;    -999;   21.0;   58.04;   28.1;   13.1;   11.1;eor
       2708;20190629;-999;-999;-999;    3;   0.0;   0;   13.700;-999;  -999;  13.8;    -999;   20.7;   60.96;   29.2;   11.3;    8.8;eor
       2708;20190630;-999;-999;-999;    3;   0.0;   0;   13.650;-999;  -999;  15.7;    -999;   23.9;   56.29;   31.6;   13.8;   11.5;eor
       2708;20190701;-999;-999;-999;    3;  -999;-999;    5.783;-999;  -999;  17.7;    -999;   21.1;   72.08;   29.1;   15.2;   13.2;eor
       2708;20190702;-999;-999;-999;    3;   0.0;   0;    2.417;-999;  -999;  18.3;    -999;   18.8;   85.08;   22.9;   14.7;   13.7;eor
       2708;20190703;-999;-999;-999;    3;   0.0;   0;   10.000;-999;  -999;  14.3;    -999;   17.4;   74.00;   23.4;   11.5;    9.9;eor
       2708;20190704;-999;-999;-999;    3;   0.0;   0;   13.550;-999;  -999;  12.7;    -999;   18.3;   62.46;   25.1;   11.0;    9.3;eor
       2708;20190705;-999;-999;-999;    3;   0.0;   0;   12.467;-999;  -999;  12.9;    -999;   19.8;   58.25;   26.2;   12.0;    9.9;eor
       2708;20190706;-999;-999;-999;    3;  10.3;   4;    8.783;-999;  -999;  13.0;    -999;   20.3;   57.13;   27.7;   12.1;    9.4;eor
       2708;20190707;-999;-999;-999;    3;  19.4;   4;    2.117;-999;  -999;  15.1;    -999;   15.9;   84.33;   22.9;   12.5;   11.8;eor
       2708;20190708;-999;-999;-999;    3;   3.5;   4;    0.000;-999;  -999;  14.8;    -999;   13.7;   94.17;   15.7;   12.2;   12.3;eor
       2708;20190709;-999;-999;-999;    3;   0.0;   0;    1.850;-999;  -999;  12.4;    -999;   13.7;   79.54;   17.9;   10.7;    9.5;eor
       2708;20190710;-999;-999;-999;    3;   0.0;   0;   11.400;-999;  -999;   9.7;    -999;   13.3;   65.96;   20.5;    7.2;    5.9;eor
       2708;20190711;-999;-999;-999;    3;   5.4;   4;    1.483;-999;  -999;  12.1;    -999;   13.0;   81.38;   20.0;    6.9;    5.2;eor
       2708;20190712;-999;-999;-999;    3;  19.0;   4;    0.567;-999;  -999;  13.9;    -999;   14.2;   86.04;   18.2;   11.8;   10.7;eor
       2708;20190713;-999;-999;-999;    3;   0.9;   4;    1.817;-999;  -999;  12.1;    -999;   14.0;   76.33;   16.7;   10.1;    8.8;eor
       2708;20190714;-999;-999;-999;    3;   0.1;   4;    5.633;-999;  -999;  13.2;    -999;   14.5;   80.75;   20.1;    9.9;    8.3;eor
       2708;20190715;-999;-999;-999;    3;   0.0;   0;    6.233;-999;  -999;  12.8;    -999;   15.2;   76.58;   21.6;    9.0;    7.3;eor
       2708;20190716;-999;-999;-999;    3;   0.0;   0;   13.133;-999;  -999;  12.8;    -999;   17.0;   68.25;   23.3;    9.7;    8.1;eor
       2708;20190717;-999;-999;-999;    3;   0.0;   0;   11.500;-999;  -999;  12.7;    -999;   17.9;   64.58;   24.3;   10.0;    8.1;eor
       2708;20190718;-999;-999;-999;    3;   0.0;   0;   10.650;-999;  -999;  11.9;    -999;   17.9;   60.58;   24.2;   10.4;    8.4;eor
       2708;20190719;-999;-999;-999;    3;   0.3;   4;    6.333;-999;  -999;  14.4;    -999;   18.7;   67.21;   25.5;   11.6;    9.6;eor
       2708;20190720;-999;-999;-999;    3;   3.1;   4;   10.933;-999;  -999;  15.1;    -999;   20.9;   64.46;   28.5;   12.7;   10.8;eor
       2708;20190721;-999;-999;-999;    3;   8.1;   4;    5.567;-999;  -999;  17.3;    -999;   18.4;   82.50;   24.3;   14.4;   13.0;eor
       2708;20190722;-999;-999;-999;    3;   0.0;   0;    9.767;-999;  -999;  17.0;    -999;   20.1;   74.08;   27.2;   13.0;   11.4;eor
       2708;20190723;-999;-999;-999;    3;   0.0;   0;   13.350;-999;  -999;  15.8;    -999;   21.7;   64.33;   29.9;   13.3;   11.5;eor
       2708;20190724;-999;-999;-999;    3;   0.0;   0;   13.183;-999;  -999;  16.9;    -999;   23.9;   59.88;   32.0;   14.8;   13.0;eor
       2708;20190725;-999;-999;-999;    3;   0.0;   0;   13.167;-999;  -999;  17.8;    -999;   24.6;   59.79;   32.1;   16.6;   14.4;eor
       2708;20190726;-999;-999;-999;    3;   0.0;   0;    8.183;-999;  -999;  19.0;    -999;   23.6;   66.33;   31.4;   17.5;   16.1;eor
       2708;20190727;-999;-999;-999;    3;  13.1;   4;    5.167;-999;  -999;  16.8;    -999;   19.2;   76.42;   25.5;   13.5;   12.3;eor
       2708;20190728;-999;-999;-999;    3;  40.8;   4;    0.633;-999;  -999;  16.4;    -999;   16.5;   87.00;   19.4;   13.1;   11.9;eor
       2708;20190729;-999;-999;-999;    3;   0.5;   4;    3.500;-999;  -999;  16.0;    -999;   16.2;   86.54;   20.8;   13.7;   13.5;eor
       2708;20190730;-999;-999;-999;    3;   4.1;   4;    7.567;-999;  -999;  17.1;    -999;   19.8;   75.38;   26.3;   15.0;   14.0;eor
       2708;20190731;-999;-999;-999;    3;   3.9;   4;    1.350;-999;  -999;  15.9;    -999;   15.9;   88.08;   20.1;   12.6;   11.4;eor
       2708;20190801;-999;-999;-999;    3;   0.0;   0;    7.250;-999;  -999;  15.4;    -999;   17.4;   78.83;   23.7;   11.8;    9.9;eor
       2708;20190802;-999;-999;-999;    3;  10.4;   4;    2.117;-999;  -999;  15.4;    -999;   15.7;   86.33;   22.8;   11.6;    9.8;eor
       2708;20190803;-999;-999;-999;    3;   4.0;   4;    5.100;-999;  -999;  13.9;    -999;   15.3;   81.88;   21.4;   10.6;    9.0;eor
       2708;20190804;-999;-999;-999;    3;   0.0;   0;   12.117;-999;  -999;  13.6;    -999;   16.7;   74.08;   24.0;    9.7;    7.9;eor
       2708;20190805;-999;-999;-999;    3;  13.3;   4;    5.267;-999;  -999;  14.8;    -999;   18.9;   70.38;   27.0;   11.1;    9.0;eor
       2708;20190806;-999;-999;-999;    3;   5.5;   4;    1.367;-999;  -999;  15.7;    -999;   18.5;   74.71;   24.0;   14.2;   12.2;eor
       2708;20190807;-999;-999;-999;    3;   7.6;   4;    1.967;-999;  -999;  16.4;    -999;   17.1;   84.92;   23.7;   13.1;   11.3;eor
       2708;20190808;-999;-999;-999;    3;   0.0;   0;    9.933;-999;  -999;  15.6;    -999;   17.9;   77.88;   24.3;   12.8;   10.9;eor
       2708;20190809;-999;-999;-999;    3;   0.2;   4;   12.033;-999;  -999;  17.2;    -999;   21.3;   70.08;   30.5;   11.6;    9.6;eor
       2708;20190810;-999;-999;-999;    3;   4.3;   4;    2.050;-999;  -999;  17.8;    -999;   18.2;   85.17;   22.8;   14.4;   13.8;eor
       2708;20190811;-999;-999;-999;    3;  17.5;   4;   12.733;-999;  -999;  17.4;    -999;   20.1;   75.38;   26.0;   13.3;   12.1;eor
       2708;20190812;-999;-999;-999;    3;  38.8;   4;    0.117;-999;  -999;  16.1;    -999;   15.1;   93.83;   17.4;   12.3;   12.0;eor
       2708;20190813;-999;-999;-999;    3;  14.6;   4;    1.300;-999;  -999;  13.2;    -999;   13.8;   84.88;   18.7;   11.4;   11.4;eor
       2708;20190814;-999;-999;-999;    3;   0.0;   0;   10.283;-999;  -999;  11.2;    -999;   13.6;   74.83;   19.5;    7.9;    6.6;eor
       2708;20190815;-999;-999;-999;    3;  11.0;   4;    6.133;-999;  -999;  12.2;    -999;   14.0;   77.33;   20.4;    6.9;    5.1;eor
       2708;20190816;-999;-999;-999;    3;   0.0;   0;    9.883;-999;  -999;  12.4;    -999;   15.2;   73.33;   21.2;    9.8;    8.0;eor
       2708;20190817;-999;-999;-999;    3;   0.0;   0;    4.867;-999;  -999;  14.5;    -999;   16.8;   76.83;   23.9;    9.0;    7.4;eor
       2708;20190818;-999;-999;-999;    3;   6.6;   4;   12.533;-999;  -999;  15.6;    -999;   21.4;   64.54;   30.8;   12.8;   10.7;eor
       2708;20190819;-999;-999;-999;    3;  15.3;   4;    1.100;-999;  -999;  17.6;    -999;   17.9;   86.58;   23.4;   15.0;   14.6;eor
       2708;20190820;-999;-999;-999;    3;  28.4;   4;    0.000;-999;  -999;  16.3;    -999;   15.3;   92.96;   19.1;   11.7;   11.9;eor
       2708;20190821;-999;-999;-999;    3;   0.0;   0;    0.050;-999;  -999;  13.7;    -999;   12.9;   91.96;   15.3;   11.0;   10.5;eor
       2708;20190822;-999;-999;-999;    3;   0.0;   0;    0.000;-999;  -999;  14.1;    -999;   13.3;   92.33;   15.1;   11.8;   11.1;eor
       2708;20190823;-999;-999;-999;    3;   0.0;   0;    0.000;-999;  -999;  16.1;    -999;   15.8;   89.63;   19.1;   11.5;    9.8;eor
       2708;20190824;-999;-999;-999;    3;   0.0;   0;    6.250;-999;  -999;  17.2;    -999;   17.5;   86.29;   24.9;   11.7;   10.1;eor
       2708;20190825;-999;-999;-999;    3;   1.4;   4;    8.817;-999;  -999;  16.6;    -999;   17.5;   83.71;   26.0;   12.1;   10.6;eor
       2708;20190826;-999;-999;-999;    3;   0.0;   0;   10.183;-999;  -999;  17.4;    -999;   18.4;   83.08;   25.8;   12.0;   10.4;eor
       2708;20190827;-999;-999;-999;    3;   0.0;   0;   11.750;-999;  -999;  16.5;    -999;   19.6;   74.08;   27.6;   12.5;   10.4;eor
       2708;20190828;-999;-999;-999;    3;   4.7;   4;    8.150;-999;  -999;  16.5;    -999;   19.8;   73.29;   27.2;   13.9;   12.1;eor
       2708;20190829;-999;-999;-999;    3;   0.0;   0;    3.083;-999;  -999;  16.7;    -999;   17.8;   83.25;   23.0;   13.7;   11.2;eor
       2708;20190830;-999;-999;-999;    3;   0.0;   0;   12.117;-999;  -999;  16.0;    -999;   18.5;   76.75;   26.0;   11.9;   10.0;eor
       2708;20190831;-999;-999;-999;    3;   0.0;   0;   11.133;-999;  -999;  16.4;    -999;   20.1;   71.08;   28.0;   11.9;   10.1;eor
       2708;20190901;-999;-999;-999;    3;  22.9;   4;    2.033;-999;  -999;  16.2;    -999;   17.3;   82.58;   24.1;   12.3;   10.6;eor
       2708;20190902;-999;-999;-999;    3;   6.5;   4;    0.000;-999;  -999;  13.6;    -999;   12.4;   94.08;   15.1;    8.7;    7.5;eor
       2708;20190903;-999;-999;-999;    3;   0.0;   4;   11.983;-999;  -999;  11.6;    -999;   12.6;   80.58;   20.0;    6.1;    4.5;eor
       2708;20190904;-999;-999;-999;    3;   0.0;   0;   12.100;-999;  -999;  13.0;    -999;   14.7;   78.92;   23.7;    7.1;    4.8;eor
       2708;20190905;-999;-999;-999;    3;  20.3;   4;    0.000;-999;  -999;  12.2;    -999;   11.4;   90.08;   14.2;    8.5;    8.3;eor
       2708;20190906;-999;-999;-999;    3;  13.3;   4;    0.000;-999;  -999;  11.5;    -999;   10.2;   92.04;   12.6;    8.5;    8.7;eor
       2708;20190907;-999;-999;-999;    3;   2.7;   4;    0.333;-999;  -999;  11.3;    -999;   10.4;   89.46;   13.7;    6.1;    4.7;eor
       2708;20190908;-999;-999;-999;    3;  24.0;   4;    0.000;-999;  -999;   9.6;    -999;    7.1;   94.67;    9.0;    5.6;    4.1;eor
       2708;20190909;-999;-999;-999;    3;   1.1;   4;    2.950;-999;  -999;   9.5;    -999;    8.9;   84.33;   13.5;    5.2;    4.0;eor
       2708;20190910;-999;-999;-999;    3;   0.0;   0;   10.433;-999;  -999;  10.9;    -999;   11.0;   83.50;   18.6;    3.7;    2.1;eor
       2708;20190911;-999;-999;-999;    3;   0.0;   0;    5.533;-999;  -999;  12.8;    -999;   13.6;   82.46;   20.1;    8.2;    6.9;eor
       2708;20190912;-999;-999;-999;    3;   0.0;   0;    8.717;-999;  -999;  13.1;    -999;   15.1;   77.96;   22.6;   10.2;    8.2;eor
       2708;20190913;-999;-999;-999;    3;   0.0;   0;   11.750;-999;  -999;  14.0;    -999;   16.0;   78.25;   23.5;    9.1;    7.0;eor
       2708;20190914;-999;-999;-999;    3;   0.0;   4;    6.433;-999;  -999;  15.1;    -999;   15.7;   85.38;   22.2;   10.0;    8.3;eor
       2708;20190915;-999;-999;-999;    3;   0.0;   4;   11.650;-999;  -999;  15.1;    -999;   17.1;   78.88;   25.1;   10.2;    8.0;eor
       2708;20190916;-999;-999;-999;    3;   0.0;   0;    9.783;-999;  -999;  15.1;    -999;   18.1;   74.08;   25.2;   10.9;    8.4;eor
       2708;20190917;-999;-999;-999;    3;   0.0;   0;    6.167;-999;  -999;  13.7;    -999;   16.3;   75.00;   21.5;   12.4;   10.8;eor
       2708;20190918;-999;-999;-999;    3;   0.0;   0;    1.167;-999;  -999;   9.9;    -999;   10.8;   76.42;   14.8;    4.8;    2.7;eor
       2708;20190919;-999;-999;-999;    3;   0.0;   0;    9.367;-999;  -999;   7.9;    -999;    8.1;   74.75;   15.0;    2.2;    0.1;eor
       2708;20190920;-999;-999;-999;    3;   0.0;   0;   10.300;-999;  -999;   7.9;    -999;    7.3;   78.88;   15.4;    1.0;   -1.0;eor
       2708;20190921;-999;-999;-999;    3;   0.0;   0;   10.400;-999;  -999;   9.8;    -999;   10.7;   77.46;   20.9;    2.1;    0.2;eor
       2708;20190922;-999;-999;-999;    3;   0.1;   4;    2.483;-999;  -999;  12.6;    -999;   14.2;   78.42;   22.4;    7.6;    5.5;eor
       2708;20190923;-999;-999;-999;    3;   3.7;   4;    0.000;-999;  -999;  12.2;    -999;   12.3;   85.88;   17.2;   10.0;    9.7;eor
       2708;20190924;-999;-999;-999;    3;   2.3;   4;    6.267;-999;  -999;  12.1;    -999;   12.3;   84.96;   17.5;    6.3;    4.3;eor
       2708;20190925;-999;-999;-999;    3;   3.7;   4;    1.883;-999;  -999;  11.7;    -999;   12.5;   81.13;   16.0;    9.2;    7.2;eor
       2708;20190926;-999;-999;-999;    3;   0.5;   4;    0.000;-999;  -999;  13.1;    -999;   12.0;   93.13;   14.6;    8.7;    6.6;eor
       2708;20190927;-999;-999;-999;    3;  14.4;   4;    3.517;-999;  -999;  13.7;    -999;   14.3;   84.63;   20.5;    8.9;    7.0;eor
       2708;20190928;-999;-999;-999;    3;   0.0;   4;    5.200;-999;  -999;  11.7;    -999;   12.8;   79.58;   16.5;    9.6;    7.4;eor
       2708;20190929;-999;-999;-999;    3;   0.0;   0;    9.350;-999;  -999;  12.0;    -999;   14.4;   73.71;   21.9;    6.1;    3.5;eor
       2708;20190930;-999;-999;-999;    3;   0.1;   4;    1.183;-999;  -999;  11.3;    -999;   14.5;   70.08;   19.1;    7.6;    5.3;eor
       2708;20191001;-999;-999;-999;    3;   7.8;   4;    9.350;   0;  -999;  11.0;    -999;   14.2;   70.96;   22.4;    6.1;    3.4;eor
       2708;20191002;-999;-999;-999;    3;  16.1;   4;    1.517;   0;  -999;  10.7;    -999;   10.6;   83.33;   15.1;    3.5;    1.7;eor
       2708;20191003;-999;-999;-999;    3;   0.0;   0;    5.083;   0;  -999;   7.4;    -999;    6.1;   79.08;   10.4;    1.8;   -0.1;eor
       2708;20191004;-999;-999;-999;    3;  11.1;   4;    0.267;   0;  -999;   8.5;    -999;    6.8;   86.08;   11.7;    0.8;   -1.3;eor
       2708;20191005;-999;-999;-999;    3;   8.4;   4;    0.100;   0;  -999;   9.5;    -999;    8.8;   84.29;   11.4;    3.0;    0.6;eor
       2708;20191006;-999;-999;-999;    3;  12.1;   4;    0.000;   0;  -999;   9.7;    -999;    7.1;   94.71;   10.3;    2.7;    0.7;eor
       2708;20191007;-999;-999;-999;    3;   0.0;   0;    4.150;   0;  -999;   8.3;    -999;    7.8;   79.46;   12.3;    2.5;    0.1;eor
       2708;20191008;-999;-999;-999;    3;   4.8;   4;    1.817;   0;  -999;  10.3;    -999;    9.7;   84.75;   18.3;    2.3;    0.1;eor
       2708;20191009;-999;-999;-999;    3;  11.5;   4;    0.000;   0;  -999;  10.9;    -999;   10.7;   84.50;   17.2;    6.8;    4.1;eor
       2708;20191010;-999;-999;-999;    3;   0.1;   4;    3.800;   0;  -999;   8.5;    -999;    9.2;   74.67;   13.5;    3.5;    0.9;eor
       2708;20191011;-999;-999;-999;    3;   0.0;   0;    8.367;   0;  -999;   8.5;    -999;    8.4;   78.83;   17.7;    1.8;   -0.7;eor
       2708;20191012;-999;-999;-999;    3;   0.0;   0;    8.333;   0;  -999;   9.8;    -999;   11.8;   71.58;   22.1;    4.6;    1.0;eor
       2708;20191013;-999;-999;-999;    3;   0.0;   0;    8.217;   0;  -999;  11.6;    -999;   13.9;   74.13;   23.9;    7.8;    5.1;eor
       2708;20191014;-999;-999;-999;    3;   0.0;   0;    5.700;   0;  -999;  11.4;    -999;   12.9;   76.63;   21.5;    7.3;    4.5;eor
       2708;20191015;-999;-999;-999;    3;   5.8;   4;    8.367;   0;  -999;  10.2;    -999;   14.1;   66.63;   24.0;    6.4;    3.1;eor
       2708;20191016;-999;-999;-999;    3;   0.0;   0;    7.650;   0;  -999;   8.9;    -999;    8.7;   80.08;   15.2;    4.4;    1.6;eor
       2708;20191017;-999;-999;-999;    3;   0.0;   0;    8.700;   0;  -999;   9.1;    -999;   10.9;   71.63;   18.5;    4.4;    1.3;eor
       2708;20191018;-999;-999;-999;    3;   0.0;   0;    4.650;   0;  -999;  10.3;    -999;   11.8;   76.00;   19.9;    6.3;    3.4;eor
       2708;20191019;-999;-999;-999;    3;   0.0;   0;    0.983;   0;  -999;  10.3;    -999;    9.2;   88.71;   13.0;    5.7;    3.3;eor
       2708;20191020;-999;-999;-999;    3;   0.0;   0;    3.417;   0;  -999;  10.6;    -999;   13.2;   72.67;   22.5;    5.9;    3.4;eor
       2708;20191021;-999;-999;-999;    3;   0.1;   4;    3.250;   0;  -999;  12.4;    -999;   14.9;   73.58;   20.7;   10.4;    6.7;eor
       2708;20191022;-999;-999;-999;    3;   0.0;   0;    0.000;   0;  -999;  12.4;    -999;   11.3;   92.29;   13.7;    7.8;    5.7;eor
       2708;20191023;-999;-999;-999;    3;   0.0;   0;    6.800;   0;  -999;  11.7;    -999;   11.9;   84.67;   19.9;    7.4;    5.7;eor
       2708;20191024;-999;-999;-999;    3;   0.0;   0;    1.800;   0;  -999;  10.4;    -999;   14.1;   65.58;   20.7;    8.9;    6.2;eor
       2708;20191025;-999;-999;-999;    3;   0.0;   0;    1.567;   0;  -999;  11.0;    -999;   11.0;   83.54;   15.9;    6.1;    3.3;eor
       2708;20191026;-999;-999;-999;    3;   0.0;   0;    8.450;   0;  -999;  10.3;    -999;   11.2;   78.00;   20.5;    5.1;    2.5;eor
       2708;20191027;-999;-999;-999;    3;   5.4;   4;    8.200;   0;  -999;   9.9;    -999;   13.2;   66.67;   20.5;    5.9;    2.8;eor
       2708;20191028;-999;-999;-999;    3;   8.1;   4;    0.000;   0;  -999;  10.8;    -999;    8.5;   96.08;   12.8;    5.7;    6.0;eor
       2708;20191029;-999;-999;-999;    3;  23.4;   4;    0.000;   0;  -999;   8.6;    -999;    5.5;   95.21;    7.0;    4.0;    4.1;eor
       2708;20191030;-999;-999;-999;    3;  19.1;   4;    0.000;   0;  -999;   7.6;    -999;    3.8;   94.08;    4.9;    3.0;    3.2;eor
       2708;20191031;-999;-999;-999;    3;   0.2;   4;    0.000;   0;  -999;   7.5;    -999;    3.4;   96.71;    4.5;    2.4;    2.9;eor
       2708;20191101;-999;-999;-999;    3;   1.4;   4;    1.050;   0;  -999;   9.9;    -999;    7.5;   93.71;   12.1;    1.9;    1.1;eor
       2708;20191102;-999;-999;-999;    3;   0.0;   4;    1.450;   0;  -999;  11.0;    -999;    9.9;   89.71;   16.3;    5.5;    2.7;eor
       2708;20191103;-999;-999;-999;    3;   1.2;   4;    0.000;   0;  -999;   9.7;    -999;    9.1;   83.92;   11.3;    4.6;    2.0;eor
       2708;20191104;-999;-999;-999;    3;   7.8;   4;    4.717;   0;  -999;   8.3;    -999;    8.1;   77.00;   13.3;    1.8;   -0.7;eor
       2708;20191105;-999;-999;-999;    3;   6.1;   4;    0.000;   0;  -999;   8.4;    -999;    5.1;   94.67;    7.9;    0.6;   -1.6;eor
       2708;20191106;-999;-999;-999;    3;   0.0;   0;    0.350;   0;  -999;   7.1;    -999;    3.4;   90.79;    7.6;   -0.3;   -2.7;eor
       2708;20191107;-999;-999;-999;    3;   0.5;   4;    6.050;   0;  -999;   6.6;    -999;    3.9;   82.63;   10.9;   -1.7;   -4.4;eor
       2708;20191108;-999;-999;-999;    3;   0.0;   4;    0.000;   0;  -999;   7.2;    -999;    4.2;   86.75;    5.7;    2.6;    1.1;eor
       2708;20191109;-999;-999;-999;    3;   0.5;   4;    0.300;   0;  -999;   6.0;    -999;    2.4;   82.17;    5.6;   -3.0;   -6.0;eor
       2708;20191110;-999;-999;-999;    3;   0.0;   0;    7.450;   0;  -999;   5.0;    -999;   -0.6;   86.29;    6.5;   -4.6;   -7.4;eor
       2708;20191111;-999;-999;-999;    3;   5.0;   4;    1.133;   0;  -999;   5.2;    -999;   -1.4;   92.92;    2.3;   -4.3;   -4.5;eor
       2708;20191112;-999;-999;-999;    3;   6.8;   4;    0.000;   0;  -999;   6.6;    -999;    1.9;   94.63;    4.4;    0.1;    0.0;eor
       2708;20191113;-999;-999;-999;    3;   1.8;   4;    0.000;   2;  -999;   5.8;    -999;    0.0;   94.17;    2.4;   -4.0;   -7.1;eor
       2708;20191114;-999;-999;-999;    3;   0.0;   0;    3.333;   2;  -999;   4.9;    -999;   -1.6;   88.33;    4.2;   -5.8;   -8.9;eor
       2708;20191115;-999;-999;-999;    3;   4.6;   4;    0.650;   0;  -999;   6.2;    -999;    4.7;   74.67;   15.8;   -1.2;   -3.4;eor
       2708;20191116;-999;-999;-999;    3;   5.1;   4;    0.017;   0;  -999;   6.5;    -999;    1.7;   94.13;    4.4;   -1.0;   -3.7;eor
       2708;20191117;-999;-999;-999;    3;   3.1;   4;    0.000;   0;  -999;   7.1;    -999;    2.8;   94.08;    4.5;    1.6;    1.4;eor
       2708;20191118;-999;-999;-999;    3;   0.0;   0;    6.000;   0;  -999;   6.3;    -999;    2.7;   85.58;    6.4;   -0.2;   -2.0;eor
       2708;20191119;-999;-999;-999;    3;   0.1;   4;    1.367;   0;  -999;   6.1;    -999;    1.7;   88.33;    4.6;   -1.7;   -4.2;eor
       2708;20191120;-999;-999;-999;    3;   0.0;   0;    0.000;   0;  -999;   6.5;    -999;    2.5;   88.96;    3.8;    1.6;    1.5;eor
       2708;20191121;-999;-999;-999;    3;   0.0;   0;    0.000;   0;  -999;   6.7;    -999;    2.4;   92.29;    4.8;    1.1;    1.4;eor
       2708;20191122;-999;-999;-999;    3;   0.0;   0;    0.133;   0;  -999;   6.0;    -999;    0.7;   92.96;    9.4;   -1.5;   -3.4;eor
       2708;20191123;-999;-999;-999;    3;   0.0;   0;    3.733;   0;  -999;   6.8;    -999;    9.9;   56.79;   16.7;    2.6;   -0.8;eor
       2708;20191124;-999;-999;-999;    3;   0.0;   0;    1.583;   0;  -999;   7.8;    -999;    8.0;   73.54;   13.7;    2.3;   -0.2;eor
       2708;20191125;-999;-999;-999;    3;   0.0;   4;    5.733;   0;  -999;   7.2;    -999;    3.4;   92.21;    9.2;    0.1;   -1.7;eor
       2708;20191126;-999;-999;-999;    3;   0.0;   0;    3.017;   0;  -999;   7.6;    -999;    4.5;   90.08;   10.4;   -0.7;   -2.1;eor
       2708;20191127;-999;-999;-999;    3;   0.3;   4;    0.517;   0;  -999;   7.4;    -999;    6.0;   78.83;   11.1;    1.4;   -1.4;eor
       2708;20191128;-999;-999;-999;    3;   1.1;   4;    0.933;   0;  -999;   7.0;    -999;    6.5;   72.46;   10.0;    2.3;   -0.9;eor
       2708;20191129;-999;-999;-999;    3;  12.1;   4;    0.017;   0;  -999;   6.9;    -999;    5.1;   78.88;    7.9;    0.1;    0.0;eor
       2708;20191130;-999;-999;-999;    3;   0.0;   0;    0.033;   2;  -999;   5.5;    -999;   -0.1;   91.29;    2.6;   -3.0;   -5.2;eor
       2708;20191201;-999;-999;-999;    3;   3.2;   4;    0.000;   0;  -999;   5.3;    -999;   -1.0;   92.67;    0.7;   -2.9;   -4.2;eor
       2708;20191202;-999;-999;-999;    3;   0.8;   4;    0.000;   1;  -999;   5.3;    -999;   -0.7;   91.17;    0.9;   -2.0;   -2.1;eor
       2708;20191203;-999;-999;-999;    3;   0.0;   0;    5.483;   2;  -999;   4.3;    -999;   -3.1;   88.71;    1.1;   -6.0;   -7.8;eor
       2708;20191204;-999;-999;-999;    3;   0.0;   0;    5.533;   0;  -999;   4.1;    -999;   -3.7;   87.58;    1.2;   -6.8;   -8.5;eor
       2708;20191205;-999;-999;-999;    3;   0.0;   0;    5.733;   0;  -999;   4.7;    -999;   -0.9;   82.00;    5.6;   -4.8;   -7.1;eor
       2708;20191206;-999;-999;-999;    3;   0.0;   0;    5.750;   0;  -999;   4.4;    -999;    0.3;   70.71;    7.8;   -3.4;   -6.6;eor
       2708;20191207;-999;-999;-999;    3;   0.1;   4;    0.250;   0;  -999;   6.5;    -999;    5.3;   72.83;    8.1;   -1.0;   -2.5;eor
       2708;20191208;-999;-999;-999;    3;   0.5;   4;    5.117;   0;  -999;   5.6;    -999;    3.0;   76.54;   13.7;   -1.9;   -5.3;eor
       2708;20191209;-999;-999;-999;    3;  10.0;   4;    2.433;   0;  -999;   6.3;    -999;    5.7;   69.29;    9.7;    1.9;    0.8;eor
       2708;20191210;-999;-999;-999;    3;   0.0;   0;    1.783;   0;  -999;   4.9;    -999;   -0.8;   84.08;    2.2;   -6.4;   -8.5;eor
       2708;20191211;-999;-999;-999;    3;   1.0;   4;    2.700;   0;  -999;   4.6;    -999;   -1.6;   82.04;    3.7;   -7.2;   -9.5;eor
       2708;20191212;-999;-999;-999;    3;   0.0;   0;    0.000;   1;  -999;   5.1;    -999;   -0.9;   89.00;    1.9;   -6.2;   -8.5;eor
       2708;20191213;-999;-999;-999;    3;   0.4;   4;    0.783;   0;  -999;   4.6;    -999;    2.3;   64.33;    7.8;   -6.3;   -8.7;eor
       2708;20191214;-999;-999;-999;    3;   1.6;   4;    0.050;   0;  -999;   5.7;    -999;    4.6;   66.71;    9.9;   -1.2;   -4.3;eor
       2708;20191215;-999;-999;-999;    3;   0.0;   0;    4.817;   0;  -999;   6.1;    -999;    4.3;   74.17;   12.0;   -0.2;   -3.1;eor
       2708;20191216;-999;-999;-999;    3;   0.0;   0;    2.583;   0;  -999;   5.9;    -999;    7.2;   61.54;   18.3;   -0.1;   -2.9;eor
       2708;20191217;-999;-999;-999;    3;   0.0;   0;    2.450;   0;  -999;   6.0;    -999;   14.7;   37.46;   18.5;    7.6;    2.8;eor
       2708;20191218;-999;-999;-999;    3;   0.0;   0;    2.567;   0;  -999;   7.3;    -999;    9.4;   64.04;   16.0;    1.8;   -1.2;eor
       2708;20191219;-999;-999;-999;    3;   0.0;   0;    3.333;   0;  -999;   6.0;    -999;    8.7;   56.54;   16.9;    1.4;   -1.4;eor
       2708;20191220;-999;-999;-999;    3;   9.9;   4;    1.667;   0;  -999;   5.9;    -999;   12.9;   42.83;   18.4;    3.3;    2.7;eor
       2708;20191221;-999;-999;-999;    3;   4.4;   4;    0.000;   0;  -999;   7.0;    -999;    2.5;   95.79;    4.3;   -1.8;   -3.7;eor
       2708;20191222;-999;-999;-999;    3;   0.9;   4;    0.000;   0;  -999;   6.6;    -999;    3.7;   83.21;    8.1;   -1.2;   -1.7;eor
       2708;20191223;-999;-999;-999;    3;   2.4;   4;    0.000;   0;  -999;   6.3;    -999;    4.1;   77.38;    5.2;    2.9;    1.9;eor
       2708;20191224;-999;-999;-999;    3;   6.9;   4;    0.633;   0;  -999;   6.5;    -999;    3.9;   79.50;    7.5;   -1.6;   -3.9;eor
       2708;20191225;-999;-999;-999;    3;   9.8;   4;    0.217;   0;  -999;   6.4;    -999;    4.3;   77.83;    6.4;    0.6;   -0.6;eor
       2708;20191226;-999;-999;-999;    3;   2.4;   4;    4.467;   0;  -999;   5.6;    -999;    0.1;   91.08;    3.3;   -3.0;   -4.8;eor
       2708;20191227;-999;-999;-999;    3;   8.8;   4;    0.000;   0;  -999;   6.5;    -999;    1.9;   92.25;    4.5;    0.2;   -0.1;eor
       2708;20191228;-999;-999;-999;    3;   0.0;   0;    0.000;   0;  -999;   5.1;    -999;   -0.6;   87.25;    0.7;   -3.9;   -5.8;eor
       2708;20191229;-999;-999;-999;    3;   0.0;   0;    5.617;   0;  -999;   4.0;    -999;   -3.9;   86.13;    1.0;   -7.0;   -8.0;eor
       2708;20191230;-999;-999;-999;    3;   0.0;   0;    5.683;   0;  -999;   4.5;    -999;   -1.6;   81.96;    5.8;   -6.2;   -7.7;eor
       2708;20191231;-999;-999;-999;    3;   0.0;   0;    5.483;   0;  -999;   5.2;    -999;    1.3;   77.00;    8.4;   -3.1;   -5.7;eor
       2708;20200101;-999;-999;-999;    3;   0.0;   0;    5.683;   0;  -999;   4.5;    -999;   -1.8;   83.17;    4.5;   -5.1;   -7.4;eor
       2708;20200102;-999;-999;-999;    3;   0.0;   0;    5.750;   0;  -999;   4.3;    -999;   -0.4;   72.04;    7.1;   -4.0;   -6.5;eor
       2708;20200103;-999;-999;-999;    3;   2.0;   4;    2.400;   0;  -999;   5.3;    -999;    3.0;   69.83;    8.8;   -3.2;   -5.5;eor
       2708;20200104;-999;-999;-999;    3;   5.2;   4;    0.000;   0;  -999;   6.4;    -999;    3.8;   79.33;    5.9;    2.0;    1.0;eor
       2708;20200105;-999;-999;-999;    3;   0.0;   0;    0.767;   0;  -999;   5.4;    -999;    1.4;   80.17;    3.7;   -3.4;   -6.0;eor
       2708;20200106;-999;-999;-999;    3;   0.0;   0;    5.817;   0;  -999;   4.0;    -999;   -1.1;   72.58;    5.5;   -4.9;   -7.2;eor
       2708;20200107;-999;-999;-999;    3;   0.8;   4;    0.133;   0;  -999;   5.5;    -999;    1.6;   80.33;    6.0;   -2.9;   -5.4;eor
       2708;20200108;-999;-999;-999;    3;   0.0;   0;    0.550;   0;  -999;   4.8;    -999;    1.0;   73.04;    5.6;   -4.5;   -7.0;eor
       2708;20200109;-999;-999;-999;    3;   0.0;   0;    5.217;   0;  -999;   4.9;    -999;    4.3;   59.46;   12.2;    0.1;   -3.3;eor
       2708;20200110;-999;-999;-999;    3;   1.4;   4;    5.633;   0;  -999;   5.4;    -999;    5.1;   62.13;   10.5;   -0.9;   -3.6;eor
       2708;20200111;-999;-999;-999;    3;   0.4;   4;    0.000;   0;  -999;   6.2;    -999;    1.9;   88.92;    4.7;   -3.6;   -6.3;eor
       2708;20200112;-999;-999;-999;    3;   0.0;   0;    5.867;   0;  -999;   4.4;    -999;   -0.9;   76.83;    4.9;   -4.7;   -7.8;eor
       2708;20200113;-999;-999;-999;    3;   0.0;   0;    5.100;   0;  -999;   4.1;    -999;   -0.5;   68.75;    6.1;   -4.2;   -7.0;eor
       2708;20200114;-999;-999;-999;    3;   0.0;   0;    5.733;   0;  -999;   4.2;    -999;    1.6;   61.54;   10.3;   -3.3;   -6.0;eor
       2708;20200115;-999;-999;-999;    3;   0.0;   0;    6.133;   0;  -999;   4.4;    -999;    3.4;   56.75;   10.4;   -1.0;   -3.6;eor
       2708;20200116;-999;-999;-999;    3;   0.0;   0;    4.983;   0;  -999;   5.5;    -999;    3.5;   71.17;   10.5;   -1.5;   -3.8;eor
       2708;20200117;-999;-999;-999;    3;   7.7;   4;    6.400;   0;  -999;   5.3;    -999;    3.9;   66.17;   11.5;   -2.0;   -4.7;eor
       2708;20200118;-999;-999;-999;    3;   3.7;   4;    0.000;   0;  -999;   5.8;    -999;    1.5;   84.75;    4.9;   -1.4;   -2.9;eor
       2708;20200119;-999;-999;-999;    3;   1.3;   4;    1.750;   2;  -999;   4.7;    -999;   -1.4;   85.17;    1.8;   -5.8;   -8.4;eor
       2708;20200120;-999;-999;-999;    3;   0.0;   0;    5.433;   1;  -999;   3.9;    -999;   -4.2;   85.13;    0.3;   -8.4;  -10.9;eor
       2708;20200121;-999;-999;-999;    3;   0.0;   0;    6.083;   0;  -999;   3.5;    -999;   -5.4;   85.83;   -0.5;   -8.6;  -10.5;eor
       2708;20200122;-999;-999;-999;    3;   0.0;   0;    6.867;   0;  -999;   3.9;    -999;   -4.2;   86.83;    2.2;   -8.9;  -10.1;eor
       2708;20200123;-999;-999;-999;    3;   0.0;   0;    0.000;   0;  -999;   4.0;    -999;   -4.6;   92.75;   -3.5;   -8.1;   -8.9;eor
       2708;20200124;-999;-999;-999;    3;   0.0;   0;    6.183;   0;  -999;   4.9;    -999;   -1.1;   83.71;    7.9;   -8.9;   -9.8;eor
       2708;20200125;-999;-999;-999;    3;   0.0;   0;    0.000;   0;  -999;   5.6;    -999;    1.5;   81.96;    6.4;   -1.7;   -3.7;eor
       2708;20200126;-999;-999;-999;    3;   0.1;   4;    3.550;   0;  -999;   5.8;    -999;    3.1;   75.92;    8.7;    0.1;   -1.4;eor
       2708;20200127;-999;-999;-999;    3;   0.5;   4;    6.583;   0;  -999;   6.1;    -999;    3.3;   79.25;    8.3;    0.4;   -1.7;eor
       2708;20200128;-999;-999;-999;    3;  10.0;   4;    0.167;   0;  -999;   5.6;    -999;    2.5;   77.21;    5.4;   -0.4;   -1.1;eor
       2708;20200129;-999;-999;-999;    3;   1.5;   4;    0.050;   9;  -999;   5.1;    -999;    2.0;   72.63;    3.1;   -0.7;   -2.3;eor
       2708;20200130;-999;-999;-999;    3;   1.3;   4;    6.467;   4;  -999;   6.0;    -999;    2.7;   80.71;   11.3;   -2.0;   -4.8;eor
       2708;20200131;-999;-999;-999;    3;   0.0;   0;    4.667;   0;  -999;   8.6;    -999;    9.8;   71.25;   14.2;    2.3;    0.1;eor
       2708;20200201;-999;-999;-999;    3;   1.9;   4;    6.233;   0;  -999;   7.5;    -999;    7.5;   74.17;   14.2;    0.5;   -1.8;eor
       2708;20200202;-999;-999;-999;    3;  12.0;   4;    0.000;   0;  -999;   8.9;    -999;   10.1;   72.29;   14.1;    5.5;    3.7;eor
       2708;20200203;-999;-999;-999;    3;  59.7;   4;    0.000;   0;  -999;   8.5;    -999;    7.7;   82.92;   15.1;    3.5;    3.5;eor
       2708;20200204;-999;-999;-999;    3;   7.8;   4;    0.000;   0;  -999;   5.6;    -999;    3.6;   74.08;   15.5;   -1.0;   -1.0;eor
       2708;20200205;-999;-999;-999;    3;   0.5;   4;    0.183;   8;  -999;   4.3;    -999;   -1.0;   75.71;    0.6;   -5.8;   -9.6;eor
       2708;20200206;-999;-999;-999;    3;   0.0;   0;    7.950;   7;  -999;   3.5;    -999;   -3.3;   73.71;    6.1;   -8.7;  -12.7;eor
       2708;20200207;-999;-999;-999;    3;   0.0;   0;    8.083;   0;  -999;   3.7;    -999;   -2.3;   71.29;    4.8;   -7.3;  -10.1;eor
       2708;20200208;-999;-999;-999;    3;   0.0;   0;    8.100;   0;  -999;   4.4;    -999;    0.9;   68.33;    9.0;   -5.0;   -7.3;eor
       2708;20200209;-999;-999;-999;    3;   0.0;   0;    7.833;   0;  -999;   4.5;    -999;    3.4;   59.38;   13.3;   -2.9;   -5.5;eor
       2708;20200210;-999;-999;-999;    3;  24.8;   4;    0.100;   0;  -999;   6.7;    -999;    9.2;   59.04;   17.3;    4.1;    2.0;eor
       2708;20200211;-999;-999;-999;    3;   7.9;   4;    2.483;   1;  -999;   5.6;    -999;    2.9;   75.04;   10.0;   -0.1;   -0.7;eor
       2708;20200212;-999;-999;-999;    3;   0.1;   4;    0.050;   4;  -999;   4.4;    -999;    2.2;   62.17;    4.0;    0.5;   -1.1;eor
       2708;20200213;-999;-999;-999;    3;  12.8;   4;    5.533;   3;  -999;   4.6;    -999;    3.2;   60.46;    9.8;   -4.1;   -6.9;eor
       2708;20200214;-999;-999;-999;    3;   0.2;   4;    1.017;   0;  -999;   6.1;    -999;    3.8;   76.38;    5.8;   -0.8;   -2.3;eor
       2708;20200215;-999;-999;-999;    3;   0.0;   0;    7.450;   0;  -999;   5.1;    -999;    2.4;   72.04;   10.9;   -2.5;   -3.7;eor
       2708;20200216;-999;-999;-999;    3;   0.0;   0;    3.067;   0;  -999;   5.5;    -999;    7.5;   53.92;   15.9;    1.0;   -1.8;eor
       2708;20200217;-999;-999;-999;    3;   0.1;   4;    4.533;   0;  -999;   6.8;    -999;    8.9;   59.50;   16.0;    4.1;    1.2;eor
       2708;20200218;-999;-999;-999;    3;   0.0;   0;    7.367;   0;  -999;   5.2;    -999;    4.4;   61.71;    7.5;   -1.2;   -3.1;eor
       2708;20200219;-999;-999;-999;    3;   1.2;   4;    1.200;   0;  -999;   4.7;    -999;    1.5;   70.50;    6.9;   -1.9;   -3.8;eor
       2708;20200220;-999;-999;-999;    3;   1.8;   4;    3.250;   0;  -999;   5.0;    -999;    2.4;   70.63;    9.1;   -1.4;   -3.4;eor
       2708;20200221;-999;-999;-999;    3;   0.0;   0;    6.200;   0;  -999;   4.8;    -999;    4.2;   59.13;    9.5;    1.4;   -0.3;eor
       2708;20200222;-999;-999;-999;    3;   0.5;   4;    8.550;   0;  -999;   4.9;    -999;    7.4;   50.13;   15.7;   -1.8;   -3.8;eor
       2708;20200223;-999;-999;-999;    3;   8.1;   4;    0.633;   0;  -999;   7.3;    -999;   12.3;   52.46;   17.7;    4.9;    2.6;eor
       2708;20200224;-999;-999;-999;    3;   4.5;   4;    2.483;   0;  -999;   8.5;    -999;    6.2;   89.21;   13.7;    2.4;    0.3;eor
       2708;20200225;-999;-999;-999;    3;   5.0;   4;    0.283;   0;  -999;   6.3;    -999;    6.8;   64.92;   11.9;    1.7;   -0.4;eor
       2708;20200226;-999;-999;-999;    3;   0.7;   4;    4.750;   1;  -999;   4.6;    -999;    1.0;   70.42;    4.6;   -1.7;   -2.8;eor
       2708;20200227;-999;-999;-999;    3;   2.0;   4;    2.800;   1;  -999;   4.6;    -999;    1.2;   69.42;    5.7;   -2.6;   -6.1;eor
       2708;20200228;-999;-999;-999;    3;   0.0;   0;    3.967;   2;  -999;   4.3;    -999;    0.4;   69.29;    4.4;   -1.5;   -2.9;eor
       2708;20200229;-999;-999;-999;    3;   1.9;   4;    0.800;   0;  -999;   5.2;    -999;    8.2;   52.08;   15.9;    0.7;   -0.3;eor
       2708;20200301;-999;-999;-999;    3;   1.3;   4;    2.700;   0;  -999;   6.9;    -999;    5.5;   77.00;   10.7;    2.1;    0.9;eor
       2708;20200302;-999;-999;-999;    3;   5.3;   4;    1.367;   0;  -999;   5.7;    -999;    4.0;   70.21;    7.4;   -2.4;   -4.4;eor
       2708;20200303;-999;-999;-999;    3;   0.6;   4;    1.483;   0;  -999;   5.3;    -999;    2.0;   75.79;    4.0;   -2.1;   -3.6;eor
       2708;20200304;-999;-999;-999;    3;   0.1;   4;    2.500;   0;  -999;   4.5;    -999;    0.9;   69.58;    5.9;   -3.3;   -4.8;eor
       2708;20200305;-999;-999;-999;    3;   3.9;   4;    0.000;   0;  -999;   5.9;    -999;    3.5;   75.00;    9.4;   -3.0;   -4.5;eor
       2708;20200306;-999;-999;-999;    3;   0.8;   4;    3.417;   0;  -999;   5.4;    -999;    5.2;   60.88;    7.2;    2.3;    1.0;eor
       2708;20200307;-999;-999;-999;    3;   1.6;   4;    0.267;   0;  -999;   5.6;    -999;    1.7;   80.92;    3.5;   -1.4;   -3.5;eor
       2708;20200308;-999;-999;-999;    3;   0.0;   0;    8.833;   2;  -999;   4.7;    -999;    2.1;   68.38;    9.9;   -4.6;   -6.7;eor
       2708;20200309;-999;-999;-999;    3;   1.4;   4;    3.200;   0;  -999;   6.0;    -999;    3.6;   75.21;    6.6;    0.1;   -1.4;eor
       2708;20200310;-999;-999;-999;    3;  11.1;   4;    0.000;   0;  -999;   6.8;    -999;    4.2;   80.54;   10.4;   -1.3;   -3.2;eor
       2708;20200311;-999;-999;-999;    3;   0.0;   0;    0.650;   0;  -999;   8.8;    -999;   11.0;   67.46;   14.9;    3.6;    0.7;eor
       2708;20200312;-999;-999;-999;    3;   3.3;   4;    1.983;   0;  -999;   8.3;    -999;    9.6;   70.71;   17.1;    1.5;   -0.3;eor
       2708;20200313;-999;-999;-999;    3;   2.7;   4;    2.833;   0;  -999;   6.0;    -999;    4.4;   72.21;    9.0;   -1.3;   -3.1;eor
       2708;20200314;-999;-999;-999;    3;   0.7;   4;    4.067;   0;  -999;   5.3;    -999;    2.4;   74.25;    8.2;   -2.6;   -4.1;eor
       2708;20200315;-999;-999;-999;    3;   0.0;   0;    9.900;   0;  -999;   5.4;    -999;    4.6;   67.63;   14.2;   -2.9;   -4.5;eor
       2708;20200316;-999;-999;-999;    3;   0.0;   0;   10.067;   0;  -999;   5.7;    -999;    7.7;   56.75;   16.2;    0.1;   -2.4;eor
       2708;20200317;-999;-999;-999;    3;   0.0;   0;-999;   0;  -999;   7.5;    -999;    8.7;   67.38;   15.3;    2.4;   -0.1;eor
       2708;20200318;-999;-999;-999;    3;   0.0;   0;-999;   0;  -999;   7.9;    -999;    9.4;   69.08;   17.0;    2.7;    0.2;eor
       2708;20200319;-999;-999;-999;    3;   0.0;   0;-999;   0;  -999;   8.2;    -999;    9.5;   70.83;   18.1;    2.6;    0.1;eor
       2708;20200320;-999;-999;-999;    3;  17.2;   4;-999;   0;  -999;   8.4;    -999;   10.1;   71.13;   17.7;    2.9;    0.5;eor
       2708;20200321;-999;-999;-999;    3;   4.0;   4;-999;   0;  -999;   7.8;    -999;    3.8;   95.33;    7.0;   -0.1;    0.1;eor
       2708;20200322;-999;-999;-999;    3;   0.0;   0;-999;   0;  -999;   4.6;    -999;   -0.6;   78.00;    2.3;   -3.9;   -5.6;eor
       2708;20200323;-999;-999;-999;    3;   0.0;   0;-999;   0;  -999;   3.0;    -999;   -2.5;   62.17;    3.3;   -7.5;   -9.5;eor
       2708;20200324;-999;-999;-999;    3;   0.0;   0;-999;   0;  -999;   3.1;    -999;   -2.6;   62.67;    3.7;   -8.8;  -10.6;eor
       2708;20200325;-999;-999;-999;    3;   0.0;   0;-999;   0;  -999;   3.3;    -999;   -1.8;   63.17;    4.1;   -7.2;   -8.5;eor
       2708;20200326;-999;-999;-999;    3;   0.0;   0;-999;   0;  -999;   3.8;    -999;   -2.3;   74.63;    3.0;   -7.6;   -9.2;eor
       2708;20200327;-999;-999;-999;    3;   0.0;   0;-999;   0;  -999;   5.5;    -999;    4.0;   68.25;   14.5;   -4.6;   -7.0;eor
       2708;20200328;-999;-999;-999;    3;   0.0;   0;-999;   0;  -999;   6.3;    -999;    6.5;   67.46;   14.5;   -0.3;   -2.5;eor
       2708;20200329;-999;-999;-999;    1;  18.4;   4;-999;   0;  -999;   6.1;    -999;    2.9;   81.21;    6.4;   -0.1;   -1.1;eor
       2708;20200330;-999;-999;-999;    1;   2.7;   4;-999;   7;  -999;   4.5;    -999;   -2.5;   87.00;    0.2;   -8.5;  -13.0;eor
       2708;20200331;-999;-999;-999;    1;   0.0;   0;-999;   9;  -999;   3.3;    -999;   -2.7;   68.04;    5.1;  -10.1;  -14.4;eor
       2708;20200401;-999;-999;-999;    1;   0.0;   0;-999;   0;  -999;   3.6;    -999;    0.0;   62.21;    8.2;   -7.8;   -8.8;eor
       2708;20200402;-999;-999;-999;    1;   0.0;   0;-999;   0;  -999;   4.7;    -999;    4.4;   57.75;   12.3;   -3.7;   -5.2;eor
       2708;20200403;-999;-999;-999;    1;   0.0;   0;-999;   0;  -999;   5.1;    -999;    5.5;   57.83;   11.0;   -0.3;   -2.9;eor
       2708;20200404;-999;-999;-999;    1;   0.0;   0;-999;   0;  -999;   5.5;    -999;    5.8;   62.58;   14.0;   -1.3;   -3.3;eor
       2708;20200405;-999;-999;-999;    1;   0.0;   0;-999;   0;  -999;   6.0;    -999;    6.8;   63.33;   16.4;   -1.8;   -3.9;eor
       2708;20200406;-999;-999;-999;    1;   0.0;   0;-999;   0;  -999;   6.1;    -999;   10.8;   49.75;   19.8;    2.3;   -1.2;eor
       2708;20200407;-999;-999;-999;    1;   0.0;   0;-999;   0;  -999;   6.7;    -999;   11.3;   54.08;   19.6;    3.0;   -0.1;eor
       2708;20200408;-999;-999;-999;    1;   0.0;   0;-999;   0;  -999;   6.8;    -999;   12.1;   52.38;   20.6;    3.1;   -0.1;eor
       2708;20200409;-999;-999;-999;    1;   0.0;   0;-999;   0;  -999;   6.9;    -999;   11.7;   53.38;   19.8;    4.7;    1.5;eor
       2708;20200410;-999;-999;-999;    1;   0.0;   0;-999;   0;  -999;   7.0;    -999;   12.1;   53.04;   20.5;    3.1;    0.3;eor
       2708;20200411;-999;-999;-999;    1;   0.0;   0;-999;   0;  -999;   7.7;    -999;   11.9;   58.13;   20.0;    4.0;    1.3;eor
       2708;20200412;-999;-999;-999;    1;   0.0;   0;-999;   0;  -999;   7.5;    -999;   12.7;   55.21;   20.6;    4.8;    1.9;eor
       2708;20200413;-999;-999;-999;    1;  12.3;   4;-999;   0;  -999;   7.8;    -999;   12.5;   57.17;   19.4;    0.9;    0.2;eor
       2708;20200414;-999;-999;-999;    1;   0.0;   0;-999;   0;  -999;   4.9;    -999;    2.0;   70.13;    6.7;   -2.9;   -5.3;eor
       2708;20200415;-999;-999;-999;    1;   0.0;   0;-999;   0;  -999;   5.4;    -999;    5.7;   61.33;   16.6;   -4.1;   -6.3;eor
       2708;20200416;-999;-999;-999;    1;   0.0;   0;-999;   0;  -999;   6.9;    -999;   11.8;   52.75;   20.4;    2.4;   -0.9;eor
       2708;20200417;-999;-999;-999;    1;   0.0;   0;-999;   0;  -999;   8.7;    -999;   14.0;   56.96;   22.6;    5.1;    1.6;eor
       2708;20200418;-999;-999;-999;    1;   2.5;   4;-999;   0;  -999;   9.4;    -999;   15.2;   57.63;   22.2;    8.2;    4.6;eor
       2708;20200419;-999;-999;-999;    1;   0.2;   4;-999;   0;  -999;  11.3;    -999;   14.0;   72.58;   19.3;    9.1;    8.1;eor
       2708;20200420;-999;-999;-999;    1;   0.0;   0;-999;   0;  -999;   8.3;    -999;    9.0;   72.50;   14.0;    4.9;    3.3;eor
       2708;20200421;-999;-999;-999;    1;   0.0;   0;-999;   0;  -999;   7.2;    -999;    8.9;   65.04;   17.1;    1.8;   -0.8;eor
       2708;20200422;-999;-999;-999;    1;   0.0;   0;-999;   0;  -999;   6.4;    -999;    9.7;   56.79;   19.4;   -1.0;   -3.3;eor
       2708;20200423;-999;-999;-999;    1;   0.0;   0;-999;   0;  -999;   7.0;    -999;   10.3;   58.04;   18.9;    1.2;   -1.0;eor
       2708;20200424;-999;-999;-999;    1;   0.4;   4;-999;   0;  -999;   7.3;    -999;   13.3;   50.58;   19.4;    4.4;    0.8;eor
       2708;20200425;-999;-999;-999;    1;   0.7;   4;-999;   0;  -999;   8.8;    -999;   12.4;   62.67;   18.9;    5.0;    2.4;eor
       2708;20200426;-999;-999;-999;    1;   2.0;   4;-999;   0;  -999;   7.6;    -999;   11.3;   58.92;   18.9;    3.8;    1.5;eor
       2708;20200427;-999;-999;-999;    1;   0.0;   0;-999;   0;  -999;   9.6;    -999;   12.5;   69.67;   19.7;    6.7;    3.6;eor
       2708;20200428;-999;-999;-999;-999;-999;-999;-999;   0;  -999;  -999;    -999;   11.0;-999;   17.6;    6.5;    3.5;eor
       2708;20200429;-999;-999;-999;    1;   5.0;   4;-999;   0;  -999;  -999;    -999;    7.0;-999;   12.7;    2.8;    0.5;eor
       2708;20200430;-999;-999;-999;    1;   9.9;   4;-999;   0;  -999;   8.7;    -999;    8.5;   80.50;   15.6;    1.9;   -0.2;eor
       2708;20200501;-999;-999;-999;    1;  10.3;   4;-999;-999;  -999;   8.8;    -999;    8.7;   79.46;   13.9;    3.0;    0.5;eor
       2708;20200502;-999;-999;-999;    1;   8.7;   4;-999;-999;  -999;   8.4;    -999;    6.6;   86.21;   11.9;    1.4;   -0.6;eor
       2708;20200503;-999;-999;-999;    1;   0.6;   4;-999;-999;  -999;   7.0;    -999;    7.5;   70.79;   14.3;    0.4;   -1.2;eor
       2708;20200504;-999;-999;-999;    1;  14.9;   4;-999;-999;  -999;  11.1;    -999;   11.1;   84.17;   16.1;    6.3;    5.6;eor
       2708;20200505;-999;-999;-999;    1;  12.7;   4;-999;-999;  -999;   9.9;    -999;    7.6;   94.54;    9.8;    3.2;    1.2;eor
       2708;20200506;-999;-999;-999;    1;   0.0;   0;-999;-999;  -999;   7.2;    -999;    6.5;   77.00;   13.3;    1.7;   -0.5;eor
       2708;20200507;-999;-999;-999;    1;   0.0;   0;-999;-999;  -999;   7.3;    -999;   10.2;   61.33;   19.1;   -0.2;   -1.8;eor
       2708;20200508;-999;-999;-999;    1;   0.0;   0;-999;-999;  -999;  10.6;    -999;   15.6;   61.79;   23.7;    5.4;    3.6;eor
       2708;20200509;-999;-999;-999;    1;   0.7;   4;-999;-999;  -999;  12.3;    -999;   16.9;   65.67;   24.2;    9.9;    7.6;eor
       2708;20200510;-999;-999;-999;    1;   1.7;   4;-999;-999;  -999;  13.4;    -999;   15.1;   78.67;   20.6;   10.4;    9.1;eor
       2708;20200511;-999;-999;-999;    1;  19.1;   4;-999;-999;  -999;  11.2;    -999;   11.4;   82.08;   19.8;    0.7;    0.3;eor
       2708;20200512;-999;-999;-999;    1;   0.0;   0;-999;-999;  -999;   7.1;    -999;    4.3;   85.38;    8.5;    0.5;    0.2;eor
       2708;20200513;-999;-999;-999;    1;   3.9;   4;-999;-999;  -999;   9.0;    -999;    7.0;   90.04;   10.1;    3.9;    3.2;eor
       2708;20200514;-999;-999;-999;    1;  10.3;   4;-999;-999;  -999;   9.6;    -999;    7.0;   94.96;    8.2;    5.4;    5.6;eor
       2708;20200515;-999;-999;-999;    1;  15.1;   4;-999;-999;  -999;   9.1;    -999;    6.6;   93.00;    8.1;    2.1;    0.4;eor
       2708;20200516;-999;-999;-999;    1;   0.0;   0;-999;-999;  -999;   9.1;    -999;    7.9;   85.63;   14.8;    0.6;   -1.1;eor
       2708;20200517;-999;-999;-999;    1;   0.0;   0;-999;-999;  -999;   9.2;    -999;   12.8;   65.79;   18.9;    6.6;    4.2;eor
       2708;20200518;-999;-999;-999;    1;   0.0;   0;-999;-999;  -999;   9.5;    -999;   13.8;   62.96;   21.6;    4.4;    2.5;eor
       2708;20200519;-999;-999;-999;    1;   0.0;   0;-999;-999;  -999;  10.6;    -999;   15.2;   63.21;   21.7;    6.6;    4.3;eor
       2708;20200520;-999;-999;-999;    1;   0.0;   0;-999;-999;  -999;  11.2;    -999;   14.5;   68.71;   19.7;    8.0;    6.2;eor
       2708;20200521;-999;-999;-999;    1;   0.0;   0;-999;-999;  -999;  11.1;    -999;   14.6;   69.21;   21.5;    7.1;    4.9;eor
       2708;20200522;-999;-999;-999;    1;   0.0;   4;-999;-999;  -999;  10.8;    -999;   17.4;   57.71;   23.4;    8.1;    5.7;eor
       2708;20200523;-999;-999;-999;    1;  22.2;   4;-999;-999;  -999;  12.8;    -999;   14.5;   77.29;   24.3;    6.8;    5.1;eor
       2708;20200524;-999;-999;-999;    1;   0.0;   0;-999;-999;  -999;   7.6;    -999;   10.9;   60.75;   15.9;    4.5;    3.1;eor
       2708;20200525;-999;-999;-999;    1;   0.8;   4;-999;-999;  -999;   9.3;    -999;   11.5;   68.42;   15.6;    8.9;    7.5;eor
       2708;20200526;-999;-999;-999;    1;   0.0;   0;-999;-999;  -999;   9.0;    -999;   11.5;   67.58;   16.4;    5.2;    3.0;eor
       2708;20200527;-999;-999;-999;    1;   0.0;   0;-999;-999;  -999;   8.0;    -999;   11.5;   62.63;   19.0;    2.5;    0.5;eor
       2708;20200528;-999;-999;-999;    1;   0.8;   4;-999;-999;  -999;   9.6;    -999;   10.8;   74.25;   16.4;    4.3;    2.4;eor
       2708;20200529;-999;-999;-999;    1;   0.0;   0;-999;-999;  -999;   8.3;    -999;    9.4;   72.38;   15.5;    2.6;    0.8;eor
       2708;20200530;-999;-999;-999;    1;   0.0;   0;-999;-999;  -999;   8.4;    -999;    9.7;   72.00;   16.0;    2.7;    0.8;eor
       2708;20200531;-999;-999;-999;    1;   0.0;   0;-999;-999;  -999;   7.8;    -999;   10.8;   63.17;   16.5;    2.8;    0.6;eor
       2708;20200601;-999;-999;-999;    1;   0.0;   0;-999;-999;  -999;   9.4;    -999;   13.1;   65.13;   21.2;    3.8;    1.9;eor
       2708;20200602;-999;-999;-999;    1;   0.0;   0;-999;-999;  -999;   9.6;    -999;   14.7;   59.96;   21.7;    5.0;    2.8;eor
       2708;20200603;-999;-999;-999;    1;   1.1;   4;-999;-999;  -999;  10.7;    -999;   16.3;   59.42;   24.2;    7.2;    4.2;eor
       2708;20200604;-999;-999;-999;    1;   7.4;   4;-999;-999;  -999;  11.5;    -999;   12.8;   77.50;   16.7;    9.0;    7.9;eor
       2708;20200605;-999;-999;-999;    1;   0.1;   4;-999;-999;  -999;  10.4;    -999;   11.8;   76.25;   16.6;    8.5;    8.4;eor
       2708;20200606;-999;-999;-999;    1;  10.7;   4;-999;-999;  -999;  12.2;    -999;   13.7;   79.04;   18.4;    9.5;    8.6;eor
       2708;20200607;-999;-999;-999;    1;  14.3;   4;-999;-999;  -999;  11.2;    -999;    9.5;   93.67;   11.8;    7.4;    7.4;eor
       2708;20200608;-999;-999;-999;    1;   9.3;   4;-999;-999;  -999;  10.8;    -999;   10.3;   86.75;   13.7;    7.2;    7.1;eor
       2708;20200609;-999;-999;-999;    1;   6.7;   4;-999;-999;  -999;  12.3;    -999;   11.0;   93.54;   13.2;    9.3;    9.3;eor
