STATIONS_ID;MESS_DATUM;QN_3;  FX;  FM;QN_4; RSK;RSKF; SDK;SHK_TAG;  NM; VPM;  PM; TMK; UPM; TXK; TNK; TGK;eor
        691;20181208;   10;  17.7;   8.8;    3;   6.5;   6;    0.000;   0;   6.4;   8.8;  995.23;    7.4;   85.33;    9.5;    5.4;    3.9;eor
        691;20181209;   10;  17.5;   8.3;    3;   0.2;   6;    1.083;   0;   5.9;   8.6;  994.38;    7.2;   83.50;    9.0;    5.1;    3.7;eor
        691;20181210;   10;  17.8;   7.8;    3;   3.9;   8;    3.750;   0;   3.9;   6.9; 1013.02;    4.6;   81.17;    6.3;    2.6;    1.2;eor
        691;20181211;   10;  11.3;   4.7;    3;   0.0;   6;    6.317;   0;   3.2;   6.8; 1019.44;    4.5;   80.54;    7.3;    1.6;   -0.3;eor
        691;20181212;   10;   6.7;   3.0;    3;   1.0;   6;    0.100;   0;   6.8;   6.9; 1025.82;    3.7;   86.83;    5.6;    1.7;   -0.9;eor
        691;20181213;   10;   9.8;   4.3;    3;   0.0;   6;    3.233;   0;   6.4;   6.2; 1024.38;    2.4;   85.33;    3.6;    0.1;   -1.6;eor
        691;20181214;   10;   7.4;   3.2;    3;   0.0;   8;    0.000;   0;   7.2;   5.6; 1025.50;    1.1;   84.71;    2.0;   -0.3;   -2.0;eor
        691;20181215;   10;  13.5;   4.6;    3;   0.0;   0;    0.000;   0;   7.3;   4.8; 1025.41;    0.3;   77.67;    1.0;   -0.6;   -1.7;eor
        691;20181216;   10;  11.5;   4.3;    3;   0.3;   7;    0.000;   0;   6.4;   4.9; 1012.85;   -0.6;   84.08;    0.4;   -1.6;   -2.5;eor
        691;20181217;   10;   6.7;   2.7;    3;   0.3;   6;    0.000;   0;   7.9;   7.4; 1017.29;    3.3;   95.04;    6.3;    0.4;    0.1;eor
        691;20181218;   10;  10.6;   4.0;    3;   0.0;   0;    0.483;   0;   7.4;   7.9; 1020.72;    5.4;   88.17;    7.4;    2.7;    1.6;eor
        691;20181219;   10;  10.3;   4.4;    3;   0.1;   6;    0.000;   0;   7.4;   7.4; 1011.53;    4.8;   85.08;    7.5;    2.8;    1.8;eor
        691;20181220;   10;   7.7;   3.3;    3;   1.7;   6;    0.000;   0;   7.0;   8.6; 1010.39;    6.0;   91.63;    7.8;    3.1;    1.5;eor
        691;20181221;   10;  20.4;   6.7;    3;   9.8;   6;    0.000;   0;   7.4;   9.9; 1000.45;    8.0;   91.67;   11.9;    6.3;    5.6;eor
        691;20181222;   10;  13.4;   4.6;    3;   2.5;   6;    0.000;   0;   7.2;   9.2; 1008.40;    6.8;   93.38;    8.6;    2.9;    1.3;eor
        691;20181223;   10;   9.3;   4.4;    3;   4.2;   6;    0.000;   0;   7.6;   9.3; 1015.12;    7.0;   92.92;    7.9;    5.5;    5.1;eor
        691;20181224;   10;  11.8;   4.1;    3;   0.2;   6;    3.217;   0;   6.1;   6.8; 1026.40;    3.8;   84.21;    6.3;    1.7;   -0.1;eor
        691;20181225;   10;  11.0;   5.6;    3;   0.0;   6;    0.000;   0;   7.0;   7.3; 1030.76;    5.6;   80.13;    7.0;    2.3;    1.2;eor
        691;20181226;   10;  10.6;   5.1;    3;   0.0;   6;    0.000;   0;   7.8;   8.7; 1028.47;    5.6;   94.54;    6.4;    4.5;    4.1;eor
        691;20181227;   10;   8.2;   3.7;    3;   0.0;   6;    0.000;   0;   8.0;   8.2; 1025.01;    4.7;   95.92;    5.3;    4.0;    3.8;eor
        691;20181228;   10;   6.7;   3.2;    3;   0.2;   6;    0.000;   0;   7.9;   8.5; 1026.28;    5.5;   94.04;    6.9;    4.8;    4.5;eor
        691;20181229;   10;  18.2;   6.1;    3;   4.9;   6;    0.000;   0;   7.8;   9.4; 1023.74;    6.9;   94.04;    9.3;    5.4;    4.9;eor
        691;20181230;   10;  20.6;   5.9;    3;   0.2;   6;    0.850;   0;   6.9;   9.0; 1027.57;    7.5;   86.54;    8.9;    6.4;    5.2;eor
        691;20181231;   10;  14.9;   3.9;    3;   0.3;   6;    0.000;   0;   7.9;  10.3; 1029.68;    8.3;   93.75;    9.7;    6.3;    5.9;eor
        691;20190101;   10;  21.6;   9.3;    3;   3.0;   8;    1.050;   0;   7.0;   8.1; 1022.08;    6.6;   82.00;    8.4;    3.3;    1.7;eor
        691;20190102;   10;  16.5;   6.2;    3;   0.0;   0;    7.050;   0;   2.0;   5.1; 1031.26;    3.5;   64.63;    6.4;   -3.1;   -5.4;eor
        691;20190103;   10;   6.7;   2.5;    3;   0.0;   6;    2.250;   0;   5.6;   5.6; 1036.04;    0.8;   86.63;    5.3;   -3.1;   -4.5;eor
        691;20190104;   10;  12.2;   5.4;    3;   5.2;   6;    0.000;   0;   7.8;   7.7; 1031.29;    3.7;   95.13;    7.0;   -2.1;   -4.2;eor
        691;20190105;   10;  18.2;   7.3;    3;   1.8;   6;    0.000;   0;   7.8;   9.9; 1024.55;    7.7;   94.17;    8.3;    7.0;    6.5;eor
        691;20190106;   10;   8.7;   4.2;    3;   1.2;   6;    0.017;   0;   7.6;   9.5; 1028.83;    7.0;   94.88;    7.6;    6.1;    5.5;eor
        691;20190107;   10;  15.8;   5.9;    3;   3.7;   6;    0.000;   0;   7.3;   9.1; 1024.61;    6.4;   94.08;    8.4;    4.9;    3.6;eor
        691;20190108;   10;  21.3;  10.6;    3;   4.1;   6;    0.233;   0;   6.8;   7.7; 1006.19;    6.3;   80.50;    8.0;    4.0;    1.9;eor
        691;20190109;   10;  20.1;   7.6;    3;   0.0;   0;    0.033;   0;   5.0;   5.2; 1015.51;    3.5;   66.08;    4.8;    0.7;   -1.4;eor
        691;20190110;   10;   7.2;   2.9;    3;   2.1;   8;    0.817;   0;   7.3;   5.9; 1024.40;    1.4;   86.13;    2.5;    0.5;   -1.9;eor
        691;20190111;   10;  11.3;   5.6;    3;   1.4;   6;    0.000;   0;   7.4;   8.5; 1019.04;    5.5;   93.71;    7.8;    1.6;    1.4;eor
        691;20190112;   10;  14.1;   7.2;    3;   2.8;   6;    0.000;   0;   7.2;   8.7; 1011.57;    6.5;   90.00;    7.6;    5.4;    4.2;eor
        691;20190113;   10;  24.7;   8.5;    3;  12.0;   6;    0.000;   0;   7.3;   9.5;  998.35;    7.6;   90.38;    8.8;    5.8;    4.6;eor
        691;20190114;   10;  18.2;   7.3;    3;   2.2;   8;    2.333;   0;   5.8;   6.1; 1007.73;    2.9;   81.50;    5.8;    0.5;    0.0;eor
        691;20190115;   10;  14.1;   7.6;    3;   0.3;   6;    0.000;   0;   7.3;   8.1; 1011.56;    5.3;   89.92;    7.5;    1.7;    0.4;eor
        691;20190116;   10;  14.4;   7.5;    3;   1.3;   6;    0.000;   0;   8.0;   8.3; 1004.27;    6.5;   85.38;    7.6;    4.9;    4.0;eor
        691;20190117;   10;  14.4;   6.8;    3;   3.3;   8;    0.217;   0;   6.3;   6.9;  999.27;    3.4;   88.83;    5.5;   -0.6;   -2.8;eor
        691;20190118;   10;  10.3;   2.7;    3;   0.0;   6;    4.267;   1;   2.2;   5.2; 1016.65;   -0.7;   88.79;    3.4;   -4.0;   -6.3;eor
        691;20190119;   10;   4.6;   2.0;    3;   0.0;   0;    6.717;   0;   2.4;   4.6; 1018.27;   -1.6;   85.88;    2.1;   -5.1;   -6.9;eor
        691;20190120;   10;   4.1;   1.7;    3;   0.0;   0;    5.050;   0;   1.9;   4.3; 1019.04;   -3.1;   89.00;    1.1;   -7.5;   -9.4;eor
        691;20190121;   10;   6.2;   2.3;    3;   0.0;   0;    4.800;   0;   4.3;   4.1; 1020.21;   -3.3;   84.96;    1.6;   -9.1;  -10.5;eor
        691;20190122;   10;   9.3;   4.0;    3;   0.0;   0;    5.600;   0;   5.8;   4.1; 1007.60;   -1.7;   75.13;    0.8;   -4.6;   -5.9;eor
        691;20190123;   10;   6.7;   3.1;    3;   0.0;   0;    2.450;   0;   4.9;   3.5; 1002.75;   -4.7;   81.17;   -3.3;   -7.0;   -8.6;eor
        691;20190124;   10;   7.2;   2.5;    3;   0.0;   7;    0.083;   0;   7.3;   3.4; 1011.66;   -4.3;   77.38;   -2.8;   -6.6;   -6.3;eor
        691;20190125;   10;   8.2;   3.3;    3;   5.5;   8;    0.100;   0;   7.8;   4.1; 1012.17;   -3.1;   82.25;    1.6;   -4.5;   -4.6;eor
        691;20190126;   10;   9.8;   4.3;    3;  11.9;   6;    0.000;   0;   8.0;   8.4;  999.89;    4.7;   97.67;    6.9;    1.5;    0.9;eor
        691;20190127;   10;   9.6;   5.0;    3;   1.4;   6;    0.000;   0;   7.5;   8.1;  984.71;    5.1;   92.21;    6.5;    2.0;    0.4;eor
        691;20190128;   10;  13.0;   4.3;    3;   2.0;   8;    0.000;   0;   6.8;   6.6;  990.48;    2.2;   91.75;    4.5;   -1.5;   -3.0;eor
        691;20190129;   10;   9.3;   3.8;    3;   0.0;   8;    3.217;   0;   4.2;   5.7; 1001.89;    0.4;   89.96;    4.0;   -2.1;   -4.1;eor
        691;20190130;   10;  10.1;   4.5;    3;   0.2;   8;    0.767;   0;   7.3;   5.2;  995.29;    0.0;   84.67;    2.0;   -1.4;   -2.3;eor
        691;20190131;   10;   7.7;   3.6;    3;   0.0;   7;    3.600;   2;   6.0;   5.3;  996.40;    0.7;   82.04;    2.8;   -2.4;   -3.9;eor
        691;20190201;   10;   9.3;   4.0;    3;   0.0;   7;    0.000;   0;   5.2;   5.0;  992.94;   -0.6;   85.00;    1.1;   -3.0;   -4.5;eor
        691;20190202;   10;   6.2;   3.1;    3;   0.0;   8;    0.000;   0;   7.5;   5.5;  999.39;   -0.2;   91.79;    2.0;   -2.4;   -4.0;eor
        691;20190203;   10;   7.7;   3.2;    3;   0.0;   6;    3.350;   0;   3.3;   5.7; 1016.65;    0.5;   89.75;    4.7;   -2.9;   -5.4;eor
        691;20190204;   10;  14.6;   5.4;    3;   0.0;   6;    1.300;   0;   5.8;   5.4; 1022.98;    1.7;   78.42;    4.1;   -3.3;   -5.5;eor
        691;20190205;   10;  12.5;   5.1;    3;   0.0;   6;    0.050;   0;   7.4;   7.1; 1024.61;    3.5;   89.75;    5.0;    2.4;    1.6;eor
        691;20190206;   10;   9.3;   3.9;    3;   9.6;   6;    0.150;   0;   7.7;   7.5; 1020.42;    4.5;   88.17;    6.3;    2.1;    1.1;eor
        691;20190207;   10;  16.8;   6.4;    3;   2.2;   6;    3.367;   0;   6.6;   8.0; 1007.34;    6.5;   83.00;    9.5;    4.5;    3.9;eor
        691;20190208;   10;  13.9;   7.0;    3;   0.9;   6;    0.033;   0;   7.0;   8.3; 1006.68;    7.4;   80.21;    9.2;    5.5;    4.1;eor
        691;20190209;   10;  19.9;   9.1;    3;   0.5;   6;    1.450;   0;   6.3;   8.1;  999.30;    8.0;   75.71;   10.3;    6.8;    5.4;eor
        691;20190210;   10;  16.5;   6.8;    3;   9.8;   8;    0.067;   0;   7.2;   8.5;  992.48;    6.3;   88.92;    9.7;    1.3;    1.0;eor
        691;20190211;   10;  20.9;   8.2;    3;   0.0;   6;    3.883;   0;   5.3;   6.7; 1012.43;    5.4;   75.13;    7.4;    3.3;    1.8;eor
        691;20190212;   10;  10.6;   5.0;    3;   0.0;   6;    1.483;   0;   6.9;   7.1; 1029.41;    5.0;   80.96;    7.7;    2.5;    1.6;eor
        691;20190213;   10;  10.1;   5.3;    3;   0.0;   6;    0.000;   0;   7.4;   8.6; 1032.44;    6.8;   86.33;    8.6;    3.8;    1.4;eor
        691;20190214;   10;   6.2;   2.4;    3;   0.0;   0;    7.567;   0;   3.1;   6.6; 1034.24;    5.2;   76.71;   11.2;    0.2;   -3.4;eor
        691;20190215;   10;   5.1;   2.0;    3;   0.0;   0;    9.533;   0;   1.2;   6.2; 1030.90;    6.0;   69.00;   15.2;   -1.7;   -4.5;eor
        691;20190216;   10;   7.2;   2.6;    3;   0.0;   0;    8.400;   0;   3.4;   6.5; 1024.10;    6.6;   67.79;   14.2;   -0.5;   -3.6;eor
        691;20190217;   10;   5.0;   1.9;    3;   0.0;   0;    7.667;   0;   4.9;   7.2; 1021.25;    6.4;   75.17;   13.5;   -0.2;   -2.7;eor
        691;20190218;   10;   6.7;   2.0;    3;   0.2;   6;    8.883;   0;   2.3;   6.7; 1016.45;    6.7;   70.58;   15.4;    0.4;   -2.8;eor
        691;20190219;   10;  13.0;   5.7;    3;   0.2;   6;    0.650;   0;   7.1;   8.3; 1014.72;    6.8;   83.08;    9.1;    2.1;   -0.3;eor
        691;20190220;   10;   9.3;   4.5;    3;   0.1;   6;    1.150;   0;   7.2;   8.1; 1020.25;    7.6;   77.83;   10.3;    4.8;    3.7;eor
        691;20190221;   10;  10.3;   4.9;    3;   0.5;   6;    1.467;   0;   7.3;   9.5; 1023.87;    8.5;   85.21;   11.6;    5.2;    3.9;eor
        691;20190222;   10;   7.7;   3.6;    3;   0.0;   0;    0.000;   0;   6.3;   8.5; 1036.31;    6.4;   87.17;    8.6;    0.9;   -1.1;eor
        691;20190223;   10;   8.6;   3.6;    3;   0.0;   0;    9.117;   0;   4.6;   5.5; 1039.94;    3.4;   71.08;    8.7;   -0.9;   -2.1;eor
        691;20190224;   10;   3.6;   1.3;    3;   0.0;   0;    9.567;   0;   2.3;   5.4; 1037.98;    5.3;   64.83;   15.2;   -1.6;   -4.4;eor
        691;20190225;   10;   3.6;   1.2;    3;   0.0;   0;    9.967;   0;   4.1;   5.3; 1037.28;    5.4;   64.83;   16.0;   -3.4;   -4.9;eor
        691;20190226;   10;   4.6;   1.3;    3;   0.0;   0;    9.900;   0;   2.5;   5.0; 1033.83;    5.3;   62.71;   16.3;   -3.2;   -5.5;eor
        691;20190227;   10;   5.5;   1.6;    3;   0.0;   0;   10.267;   0;   0.7;   6.0; 1024.45;    7.2;   63.46;   18.1;   -1.5;   -5.0;eor
        691;20190228;   10;   9.4;   3.0;    3;   1.8;   6;    1.117;   0;   4.7;   7.7; 1013.25;    4.5;   90.79;    6.9;    0.9;   -2.4;eor
        691;20190301;   10;  10.6;   3.9;    3;   0.0;   6;    1.850;   0;   7.5;   7.5; 1012.74;    5.8;   81.08;    7.8;    4.3;    3.5;eor
        691;20190302;   10;   8.2;   3.7;    3;   0.6;   6;    1.383;   0;   6.7;   7.1; 1012.62;    6.1;   74.83;    9.3;    3.6;    2.8;eor
        691;20190303;   10;  14.2;   7.4;    3;   4.9;   6;    0.000;   0;   7.2;  11.0; 1001.50;   10.3;   87.92;   11.4;    8.9;    8.1;eor
        691;20190304;   10;  26.6;  10.3;    3;   4.7;   6;    1.150;   0;   6.5;   8.6;  988.95;    9.1;   73.88;   12.8;    6.1;    4.8;eor
        691;20190305;   10;  18.3;   7.1;    3;   0.2;   6;    3.600;   0;   4.0;   7.1; 1001.32;    6.1;   75.46;   10.2;    2.1;   -1.6;eor
        691;20190306;   10;  14.4;   5.1;    3;   0.9;   6;    0.000;   0;   7.3;   8.4; 1000.85;    7.8;   79.04;   12.4;    1.5;   -2.4;eor
        691;20190307;   10;  25.4;   8.4;    3;   1.9;   6;    2.850;   0;   6.0;   8.8;  991.12;    9.8;   72.67;   13.2;    6.8;    5.4;eor
        691;20190308;   10;  20.6;   8.5;    3;   3.9;   6;    3.667;   0;   6.5;   7.3; 1004.10;    7.0;   73.46;   10.5;    4.1;    2.4;eor
        691;20190309;   10;  22.1;   9.6;    3;   4.1;   6;    2.017;   0;   5.7;   7.8; 1004.05;    7.3;   76.79;   11.5;    4.3;    3.1;eor
        691;20190310;   10;  11.7;   5.0;    3;  11.4;   8;    0.117;   0;   6.3;   7.2; 1003.56;    4.1;   87.33;    6.5;    0.5;    0.0;eor
        691;20190311;   10;  14.4;   6.3;    3;   7.4;   8;    1.217;   0;   6.1;   6.9; 1010.98;    3.1;   89.88;    5.5;    0.7;   -1.0;eor
        691;20190312;   10;  23.7;   6.9;    3;   0.4;   6;    0.067;   0;   7.2;   6.9; 1009.82;    5.7;   76.58;    8.8;    1.3;   -0.2;eor
        691;20190313;   10;  21.4;  10.5;    3;   2.7;   6;    0.050;   0;   7.2;   7.6;  996.98;    6.1;   80.83;    7.5;    3.9;    2.8;eor
        691;20190314;   10;  17.0;   7.9;    3;   6.4;   6;    0.000;   0;   7.4;   8.5;  996.03;    6.6;   86.96;    7.8;    5.4;    4.3;eor
        691;20190315;   10;  24.2;   9.4;    3;   0.8;   6;    0.467;   0;   5.2;   8.1;  998.73;    7.6;   78.04;   11.3;    4.9;    3.7;eor
        691;20190316;   10;  15.6;   7.1;    3;   3.7;   6;    0.000;   0;   7.5;   8.4; 1002.13;    7.7;   79.92;   10.9;    4.6;    4.1;eor
        691;20190317;   10;  16.8;   8.2;    3;   2.8;   8;    3.200;   0;   5.5;   7.9;  997.98;    7.5;   75.08;   11.0;    4.0;    2.5;eor
        691;20190318;   10;  18.0;   8.3;    3;   1.6;   6;    6.067;   0;   4.5;   7.0; 1011.95;    5.2;   79.25;    9.6;    1.9;    0.4;eor
        691;20190319;   10;  13.2;   3.5;    3;   0.0;   6;    5.567;   0;   4.2;   6.6; 1026.10;    4.4;   80.21;    9.1;    0.2;   -2.0;eor
        691;20190320;   10;   8.7;   3.8;    3;   0.0;   6;    1.333;   0;   6.3;   8.7; 1031.18;    7.2;   83.83;   10.7;    0.5;   -2.0;eor
        691;20190321;   10;   9.8;   3.8;    3;   0.0;   0;    0.100;   0;   7.3;  10.6; 1032.91;   10.4;   83.75;   13.3;    4.3;    2.6;eor
        691;20190322;   10;   6.7;   2.2;    3;   0.0;   0;    9.583;   0;   3.6;  10.7; 1029.38;   11.0;   82.54;   18.1;    4.0;    2.0;eor
        691;20190323;   10;   8.6;   3.7;    3;   0.0;   6;    1.067;   0;   6.5;   9.0; 1028.45;    7.6;   86.00;   10.8;    1.4;   -0.7;eor
        691;20190324;   10;   9.8;   2.9;    3;   3.1;   6;    6.183;   0;   5.1;   6.8; 1025.73;    5.7;   75.92;   10.9;    0.7;   -0.8;eor
        691;20190325;   10;  16.8;   6.4;    3;   3.1;   8;    4.200;   0;   4.4;   7.5; 1018.19;    5.4;   83.42;    8.9;    2.3;    0.8;eor
        691;20190326;   10;  14.6;   5.4;    3;   1.0;   6;    0.967;   0;   6.7;   7.8; 1027.37;    5.9;   84.00;    8.6;    2.2;   -0.1;eor
        691;20190327;   10;  10.3;   4.2;    3;   0.4;   6;    0.300;   0;   7.1;   9.2; 1030.93;    7.6;   87.92;   11.3;    3.0;    0.5;eor
        691;20190328;   10;   8.1;   2.9;    3;   0.0;   6;    1.267;   0;   7.3;  10.2; 1033.91;    9.3;   87.29;   11.9;    5.8;    4.5;eor
        691;20190329;   10;   6.7;   1.8;    3;   0.0;   0;   11.783;   0;   2.6;   9.6; 1030.04;   10.9;   75.33;   16.5;    4.5;    2.0;eor
        691;20190330;   10;   9.3;   2.7;    3;   0.0;   0;    8.283;   0;   2.0;   8.9; 1020.93;   10.5;   73.58;   18.9;    1.3;   -0.4;eor
        691;20190331;   10;  10.1;   4.6;    3;   0.0;   0;    8.433;   0;   3.7;   6.6; 1024.86;    7.1;   66.13;   10.8;    2.2;    0.3;eor
        691;20190401;   10;  11.0;   4.7;    3;   0.0;   0;   12.417;   0;   0.0;   4.7; 1023.76;    6.0;   53.54;   12.1;   -1.6;   -4.3;eor
        691;20190402;   10;  11.3;   4.2;    3;   2.6;   6;    7.200;   0;   4.6;   7.7; 1007.68;    9.0;   65.17;   15.4;    2.4;    0.0;eor
        691;20190403;   10;  12.2;   2.3;    3;  19.0;   6;    0.050;   0;   6.3;   9.8; 1001.71;    8.8;   87.00;   12.9;    6.0;    4.5;eor
        691;20190404;   10;   7.5;   2.7;    3;   0.0;   6;    0.000;   0;   7.2;   8.7; 1000.50;    6.9;   87.67;    9.3;    3.6;    2.4;eor
        691;20190405;   10;   9.8;   3.5;    3;   0.0;   6;    0.000;   0;   7.9;   9.6; 1005.48;    7.9;   89.25;    9.5;    6.9;    6.5;eor
        691;20190406;   10;   7.2;   2.6;    3;   0.0;   0;    9.383;   0;   5.8;  10.7; 1006.68;   12.3;   76.29;   20.1;    6.0;    3.6;eor
        691;20190407;   10;  11.3;   3.8;    3;   0.0;   0;   12.233;   0;   1.8;   8.4; 1007.37;   14.0;   56.04;   20.4;    7.2;    3.1;eor
        691;20190408;   10;  11.5;   3.8;    3;   0.0;   0;   11.883;   0;   1.5;   8.5; 1011.11;   11.1;   65.13;   18.7;    4.2;    1.1;eor
        691;20190409;   10;  11.8;   6.0;    3;   0.0;   0;   12.850;   0;   0.5;   6.3; 1015.59;    7.1;   63.63;   12.5;    2.0;    0.2;eor
        691;20190410;   10;  10.8;   4.9;    3;   0.0;   0;   12.250;   0;   1.4;   5.0; 1018.95;    4.8;   60.04;   10.1;   -0.4;   -1.6;eor
        691;20190411;   10;  10.3;   4.4;    3;   0.0;   0;    3.450;   0;   5.7;   5.1; 1024.70;    5.0;   60.46;    9.4;    0.9;   -0.8;eor
        691;20190412;   10;  12.2;   4.6;    3;   0.0;   8;    3.117;   0;   5.5;   5.0; 1026.87;    4.0;   61.46;    7.9;   -0.2;   -2.1;eor
        691;20190413;   10;  12.5;   4.5;    3;   1.0;   8;    3.767;   0;   5.2;   5.7; 1025.58;    2.8;   76.17;    7.3;   -0.8;   -2.4;eor
        691;20190414;   10;  10.8;   4.3;    3;   0.1;   6;    4.950;   0;   6.5;   6.7; 1026.84;    4.9;   77.54;    8.5;    0.2;   -1.1;eor
        691;20190415;   10;  10.5;   4.7;    3;   0.0;   0;   11.983;   0;   1.6;   6.4; 1026.55;    8.5;   59.96;   14.9;    2.8;    0.5;eor
        691;20190416;   10;  11.8;   5.3;    3;   0.0;   0;   13.117;   0;   0.5;   5.9; 1021.18;    9.4;   52.96;   16.0;    1.5;    0.3;eor
        691;20190417;   10;  12.7;   5.2;    3;   0.0;   0;   12.700;   0;   3.2;   5.7; 1024.65;   12.4;   40.79;   18.6;    4.6;    1.6;eor
        691;20190418;   10;  12.3;   4.8;    3;   0.0;   0;   13.117;   0;   1.5;   7.3; 1028.67;   14.3;   47.46;   21.4;    5.1;    0.8;eor
        691;20190419;   10;  10.1;   4.1;    3;   0.0;   0;   13.217;   0;   0.3;   8.0; 1030.83;   15.7;   47.08;   22.9;    7.1;    3.5;eor
        691;20190420;   10;   9.1;   3.9;    3;   0.0;   0;   13.517;   0;   1.7;   6.2; 1030.31;   14.4;   39.67;   21.1;    6.8;    2.4;eor
        691;20190421;   10;   7.5;   2.7;    3;   0.0;   0;   13.683;   0;   0.0;   6.6; 1021.83;   14.1;   43.46;   21.9;    4.5;    0.1;eor
        691;20190422;   10;  16.1;   5.9;    3;   0.0;   0;   13.683;   0;   0.5;   6.5; 1013.40;   15.3;   40.08;   21.6;    6.3;    2.4;eor
        691;20190423;   10;  16.5;   7.6;    3;   0.0;   6;   12.483;   0;   2.6;   8.6; 1004.53;   16.0;   48.13;   21.0;   11.0;    8.8;eor
        691;20190424;   10;  17.0;   5.9;    3;   3.4;   6;    8.700;   0;   5.7;  11.8; 1001.30;   17.7;   59.13;   24.0;   11.6;   11.0;eor
        691;20190425;   10;  15.4;   4.8;    3;   0.0;   0;   10.550;   0;   5.1;  10.9; 1007.43;   15.8;   64.00;   22.2;    8.1;    6.4;eor
        691;20190426;   10;  10.3;   3.6;    3;   4.7;   6;    3.100;   0;   6.7;  11.8; 1011.05;   12.0;   84.33;   15.6;    8.2;    6.6;eor
        691;20190427;   10;  13.5;   2.8;    3;   2.3;   6;    5.450;   0;   5.3;  10.4; 1010.95;    9.8;   85.92;   15.9;    5.4;    2.8;eor
        691;20190428;   10;   9.3;   1.7;    3;   1.8;   6;    4.450;   0;   4.9;   9.1; 1017.82;    8.5;   83.29;   13.5;    4.6;    2.2;eor
        691;20190429;   10;  10.6;   4.1;    3;   1.3;   6;    0.017;   0;   6.2;  10.2; 1022.71;    8.1;   93.50;   11.7;    1.9;    1.1;eor
        691;20190430;   10;   9.8;   4.5;    3;   0.0;   0;    7.767;   0;   6.2;  10.3; 1021.17;   10.7;   81.50;   17.4;    7.2;    6.2;eor
        691;20190501;   10;   9.9;   5.1;    3;   0.0;   0;    3.050;   0;   6.9;   9.5; 1015.55;    9.8;   78.96;   13.2;    7.7;    7.8;eor
        691;20190502;   10;  13.7;   6.2;    3;   0.2;   6;    0.733;   0;   7.0;   9.7; 1007.63;   10.1;   78.00;   13.7;    5.5;    4.0;eor
        691;20190503;   10;  14.9;   5.7;    3;   1.5;   6;    6.467;   0;   5.9;   6.7; 1009.18;    6.5;   70.25;   11.7;    1.3;   -0.4;eor
        691;20190504;   10;  13.9;   4.5;    3;   2.4;   8;    7.467;   0;   3.5;   6.4; 1008.54;    5.2;   73.50;   10.1;    0.8;   -1.9;eor
        691;20190505;   10;  12.7;   4.0;    3;   0.0;   6;    8.817;   0;   3.9;   6.3; 1017.26;    5.6;   71.46;   11.7;   -0.9;   -3.8;eor
        691;20190506;   10;  14.6;   4.6;    3;   1.9;   6;    1.767;   0;   6.5;   7.6; 1017.55;    6.4;   80.33;   11.2;    2.1;   -0.4;eor
        691;20190507;   10;   9.4;   2.3;    3;   0.0;   0;    8.517;   0;   3.8;   6.9; 1016.38;    7.1;   71.25;   12.5;   -0.1;   -3.0;eor
        691;20190508;   10;  12.0;   3.9;    3;   7.2;   6;    2.767;   0;   6.2;   9.0; 1002.74;    9.3;   77.42;   14.8;    2.5;   -0.6;eor
        691;20190509;   10;   8.6;   3.1;    3;   1.4;   6;    5.733;   0;   5.9;  10.7;  997.66;   12.5;   75.54;   18.0;    7.0;    4.7;eor
        691;20190510;   10;   9.8;   3.6;    3;   1.0;   6;    0.750;   0;   6.4;  10.1; 1007.27;   10.4;   79.83;   13.4;    5.4;    2.6;eor
        691;20190511;   10;  12.2;   4.8;    3;   0.0;   0;   10.417;   0;   4.0;   7.9; 1015.95;    9.4;   67.75;   14.5;    5.1;    2.9;eor
        691;20190512;   10;  14.4;   5.4;    3;   0.0;   0;   13.167;   0;   1.8;   7.1; 1031.58;    8.8;   65.38;   14.1;    2.2;    0.5;eor
        691;20190513;   10;  12.3;   4.8;    3;   0.0;   0;   15.100;   0;   1.6;   7.0; 1037.80;    8.6;   65.58;   14.4;    0.5;   -1.5;eor
        691;20190514;   10;   9.4;   3.7;    3;   0.0;   0;   10.517;   0;   4.3;   6.9; 1033.51;   10.6;   56.08;   16.1;    5.0;    1.3;eor
        691;20190515;   10;  14.9;   4.0;    3;   0.1;   6;    9.650;   0;   4.0;   6.0; 1027.31;   11.0;   47.79;   16.8;    2.5;   -0.9;eor
        691;20190516;   10;  11.3;   4.5;    3;   2.2;   6;    0.000;   0;   7.7;   9.1; 1018.41;   10.3;   71.83;   12.0;    8.6;    6.9;eor
        691;20190517;   10;   8.4;   3.7;    3;   0.0;   0;    0.950;   0;   7.0;  11.1; 1009.82;   12.6;   76.75;   15.6;    7.5;    5.4;eor
        691;20190518;   10;   8.4;   2.5;    3;   0.0;   0;   14.400;   0;   2.8;  11.5; 1006.36;   16.2;   66.08;   23.0;    7.4;    4.9;eor
        691;20190519;   10;  11.5;   2.8;    3;   0.0;   6;    7.733;   0;   5.6;  14.0; 1004.95;   16.8;   75.33;   23.8;    9.3;    6.6;eor
        691;20190520;   10;  10.6;   3.9;    3;   3.4;   6;    8.667;   0;   5.5;  15.0; 1004.72;   17.1;   79.17;   24.0;   11.6;    8.8;eor
        691;20190521;   10;  12.3;   6.1;    3;   3.5;   6;    0.000;   0;   7.3;  14.1; 1008.60;   13.5;   91.17;   14.6;   11.1;   10.9;eor
        691;20190522;   10;  11.3;   5.3;    3;   0.0;   6;    5.117;   0;   5.2;  11.0; 1016.57;   12.2;   79.00;   17.2;    5.8;    3.7;eor
        691;20190523;   10;   8.2;   2.4;    3;   0.0;   0;   12.533;   0;   5.4;   9.3; 1017.01;   14.1;   62.08;   21.3;    3.4;    1.7;eor
        691;20190524;   10;  14.4;   4.5;    3;   0.0;   6;   12.367;   0;   5.3;  10.7; 1013.29;   15.0;   66.46;   24.6;    6.4;    4.3;eor
        691;20190525;   10;   8.2;   3.8;    3;   0.0;   0;    1.917;   0;   6.6;  10.3; 1015.84;   12.2;   73.29;   15.7;    6.6;    5.2;eor
        691;20190526;   10;  14.9;   5.1;    3;   1.9;   6;    2.200;   0;   7.1;  12.9; 1009.85;   15.1;   76.04;   21.9;    6.9;    5.0;eor
        691;20190527;   10;  12.3;   5.1;    3;   0.0;   0;    6.450;   0;   5.6;  11.5; 1006.60;   15.0;   69.08;   18.6;    7.9;    5.5;eor
        691;20190528;   10;  11.8;   4.0;    3;   0.0;   0;    8.500;   0;   5.5;   9.1; 1009.21;   12.2;   65.21;   16.8;    4.7;    2.7;eor
        691;20190529;   10;   7.2;   2.5;    3;   0.0;   0;   10.000;   0;   3.4;   8.2; 1020.65;   11.3;   64.04;   17.6;    2.7;    0.5;eor
        691;20190530;   10;  12.2;   5.1;    3;   0.3;   6;    0.100;   0;   6.9;  12.8; 1020.31;   15.4;   71.33;   19.4;    9.4;    7.5;eor
        691;20190531;   10;   9.3;   3.8;    3;   0.0;   6;    3.983;   0;   6.5;  15.9; 1021.71;   18.7;   75.33;   24.4;   12.3;   10.4;eor
        691;20190601;   10;  10.1;   3.8;    3;   0.0;   0;   11.283;   0;   4.2;  14.5; 1020.28;   18.8;   69.08;   26.2;   12.2;   10.5;eor
        691;20190602;   10;  13.9;   3.8;    3;   2.2;   6;   10.833;   0;   5.7;  15.6; 1013.57;   22.4;   60.58;   31.0;   12.2;    9.4;eor
        691;20190603;   10;  12.3;   3.7;    3;   3.0;   6;    2.717;   0;   6.6;  16.1; 1012.03;   18.8;   74.50;   24.7;   13.0;   11.1;eor
        691;20190604;   10;   9.3;   3.2;    3;   0.2;   6;    6.567;   0;   6.5;  16.7; 1010.43;   19.0;   76.92;   23.8;   12.6;   11.3;eor
        691;20190605;   10;   9.1;   3.2;    3;   0.1;   6;   10.017;   0;   5.0;  17.4; 1006.15;   22.6;   64.42;   27.7;   18.4;   15.9;eor
        691;20190606;   10;  16.1;   4.4;    3;   0.6;   6;    0.883;   0;   6.4;  14.2; 1009.39;   17.2;   71.88;   21.2;   11.3;    8.7;eor
        691;20190607;   10;  14.7;   4.1;    3;   1.2;   6;   13.483;   0;   4.3;  12.7; 1011.95;   17.2;   67.71;   23.9;    7.3;    5.3;eor
        691;20190608;   10;  20.4;   6.7;    3;   0.3;   6;    2.533;   0;   5.5;  11.1; 1014.77;   15.1;   64.92;   18.2;   12.0;   10.3;eor
        691;20190609;   10;  10.1;   3.4;    3;   0.1;   6;   11.950;   0;   5.3;  10.5; 1021.43;   16.8;   57.58;   22.9;    9.0;    7.0;eor
        691;20190610;   10;   9.9;   4.3;    3;   6.4;   6;    5.500;   0;   7.4;  15.9; 1012.47;   18.6;   74.38;   24.7;   14.7;   13.8;eor
        691;20190611;   10;   8.2;   2.9;    3;   7.2;   6;    5.200;   0;   6.4;  17.0; 1010.17;   18.4;   81.04;   21.7;   16.2;   15.2;eor
        691;20190612;   10;  14.2;   3.5;    3;   5.8;   6;    4.567;   0;   5.3;  16.7; 1008.98;   16.8;   87.00;   20.3;   11.3;    8.9;eor
        691;20190613;   10;  14.4;   4.5;    3;   0.0;   6;   10.717;   0;   3.8;  12.3; 1011.75;   17.5;   64.54;   23.0;   11.4;    9.8;eor
        691;20190614;   10;  10.8;   3.9;    3;   1.4;   6;   12.533;   0;   5.5;  14.6; 1014.13;   20.4;   62.21;   27.2;   12.5;   10.2;eor
        691;20190615;   10;  16.5;   4.6;    3;   0.1;   6;    4.617;   0;   5.6;  17.3; 1011.22;   18.9;   79.17;   22.8;   10.7;    9.3;eor
        691;20190616;   10;  10.1;   2.4;    3;   1.6;   6;    5.617;   0;   5.1;  14.4; 1018.84;   16.8;   78.29;   23.7;    9.3;    7.6;eor
        691;20190617;   10;   7.7;   2.5;    3;   0.0;   0;   13.967;   0;   1.4;  14.1; 1019.72;   19.9;   64.67;   26.4;    9.7;    8.3;eor
        691;20190618;   10;  10.3;   2.9;    3;   2.8;   6;    8.533;   0;   5.4;  17.1; 1013.74;   22.5;   64.21;   29.0;   16.1;   13.1;eor
        691;20190619;   10;  17.8;   2.8;    3;   9.3;   6;    8.883;   0;   5.6;  18.0; 1007.15;   22.5;   69.42;   31.0;   15.4;   13.7;eor
        691;20190620;   10;  11.8;   4.1;    3;   1.0;   6;    3.950;   0;   6.5;  16.9; 1009.93;   18.3;   81.13;   23.4;   14.7;   13.5;eor
        691;20190621;   10;  11.5;   3.2;    3;   0.0;   0;    7.350;   0;   4.9;  13.3; 1017.76;   16.9;   70.71;   22.3;   11.6;    9.8;eor
        691;20190622;   10;  10.1;   3.4;    3;   0.0;   0;   12.950;   0;   2.8;  12.2; 1022.27;   17.5;   63.42;   23.4;    8.7;    7.4;eor
        691;20190623;   10;   9.8;   4.2;    3;   0.0;   0;   12.533;   0;   4.3;  13.3; 1021.10;   21.1;   55.54;   28.2;   13.2;   11.7;eor
        691;20190624;   10;  11.1;   4.7;    3;   0.0;   0;   14.333;   0;   6.8;  14.0; 1021.11;   23.9;   49.29;   30.0;   16.6;   14.2;eor
        691;20190625;   10;  10.3;   3.7;    3;   0.0;   0;   13.233;   0;   5.5;  16.4; 1018.21;   26.8;   46.54;   33.3;   19.0;   16.7;eor
        691;20190626;   10;  12.0;   5.2;    3;   0.0;   0;   12.750;   0;   2.8;  18.5; 1022.20;   21.8;   71.08;   27.7;   14.8;   14.7;eor
        691;20190627;   10;  11.8;   5.9;    3;   0.0;   6;    1.367;   0;   7.0;  12.5; 1027.07;   15.5;   71.00;   19.7;   13.4;   12.7;eor
        691;20190628;   10;   9.1;   3.5;    3;   0.0;   0;    9.983;   0;   4.0;  13.0; 1025.14;   17.5;   65.58;   23.0;   13.5;   11.3;eor
        691;20190629;   10;   7.2;   2.0;    3;   0.0;   0;   16.067;   0;   0.1;  12.9; 1019.13;   22.3;   54.17;   31.6;    9.8;    6.7;eor
        691;20190630;   10;  15.6;   5.3;    3;   0.0;   0;   15.317;   0;   2.0;  15.4; 1011.97;   24.1;   53.75;   35.4;   14.3;   11.7;eor
        691;20190701;   10;  16.8;   6.2;    3;   0.3;   6;    8.917;   0;   4.0;  13.5; 1014.99;   19.1;   63.71;   26.1;   12.8;   10.0;eor
        691;20190702;   10;  14.7;   6.2;    3;   0.0;   6;    7.383;   0;   4.8;  11.3; 1020.93;   15.9;   63.92;   20.6;    8.5;    5.1;eor
        691;20190703;   10;  13.2;   4.5;    3;   0.0;   6;    8.233;   0;   4.0;  10.2; 1023.83;   14.1;   66.46;   20.6;    6.9;    4.8;eor
        691;20190704;   10;  12.2;   4.0;    3;   0.0;   6;    8.500;   0;   5.6;  11.2; 1021.99;   15.9;   63.79;   22.1;    6.6;    3.4;eor
        691;20190705;   10;  11.7;   5.2;    3;   0.0;   6;    0.950;   0;   6.9;  13.6; 1015.11;   17.5;   68.25;   20.5;   12.9;   11.5;eor
        691;20190706;   10;  11.8;   4.5;    3;   2.6;   6;    0.167;   0;   7.3;  13.9; 1009.48;   15.3;   79.92;   19.8;   11.8;   10.2;eor
        691;20190707;   10;  12.2;   5.2;    3;   0.1;   6;    1.817;   0;   6.9;  10.3; 1012.63;   14.0;   64.67;   17.3;   10.2;    8.9;eor
        691;20190708;   10;  10.8;   5.0;    3;   0.0;   6;    2.283;   0;   6.5;  10.7; 1016.31;   13.6;   69.42;   17.4;    8.7;    7.1;eor
        691;20190709;   10;  13.7;   5.3;    3;   0.1;   6;    2.850;   0;   6.8;  11.1; 1018.72;   14.2;   69.13;   18.7;   11.0;   10.4;eor
        691;20190710;   10;   6.7;   2.9;    3;   1.8;   6;    0.183;   0;   7.2;  11.3; 1018.45;   15.6;   64.71;   18.7;   12.4;   12.2;eor
        691;20190711;   10;   6.9;   2.0;    3;   1.2;   6;    0.317;   0;   7.5;  16.3; 1012.49;   16.3;   87.83;   20.1;   12.6;   12.3;eor
        691;20190712;   10;  10.3;   3.6;    3;   4.0;   6;    3.600;   0;   7.0;  16.2; 1010.11;   17.8;   80.38;   22.8;   14.6;   13.7;eor
        691;20190713;   10;  11.0;   5.5;    3;   0.1;   6;    0.200;   0;   7.6;  15.8; 1015.01;   15.7;   88.50;   17.9;   13.1;   12.7;eor
        691;20190714;   10;   8.7;   4.2;    3;   0.0;   6;    0.000;   0;   7.6;  13.5; 1018.10;   14.6;   81.71;   17.5;   12.6;   12.2;eor
        691;20190715;   10;  10.8;   5.1;    3;   0.0;   6;    2.467;   0;   7.2;  12.2; 1017.60;   15.1;   71.58;   20.1;   13.2;   13.0;eor
        691;20190716;   10;  10.3;   5.2;    3;   0.0;   6;    0.150;   0;   7.3;  14.6; 1016.30;   15.7;   81.79;   19.3;   12.8;   12.5;eor
        691;20190717;   10;   7.2;   2.8;    3;   0.0;   0;    8.050;   0;   5.0;  13.0; 1014.78;   17.3;   67.17;   22.4;   13.8;   10.4;eor
        691;20190718;   10;   8.2;   2.4;    3;   0.0;   6;    7.633;   0;   5.6;  13.5; 1010.87;   19.7;   62.63;   26.7;   10.5;    7.5;eor
        691;20190719;   10;   9.9;   3.2;    3;   0.0;   0;    8.417;   0;   5.4;  13.9; 1012.32;   20.2;   61.54;   25.6;   14.6;   12.0;eor
        691;20190720;   10;  14.4;   3.6;    3;  19.0;   6;    6.567;   0;   6.3;  16.1; 1011.06;   19.8;   72.04;   29.5;   15.4;   13.5;eor
        691;20190721;   10;  13.2;   4.8;    3;   0.0;   0;   11.900;   0;   3.6;  15.1; 1018.00;   19.0;   71.04;   25.0;   13.5;   10.6;eor
        691;20190722;   10;  12.5;   3.2;    3;   0.0;   6;    4.633;   0;   5.8;  16.2; 1021.46;   19.7;   73.25;   27.5;   11.6;   10.0;eor
        691;20190723;   10;   7.2;   2.1;    3;   0.0;   0;   15.200;   0;   0.7;  18.5; 1020.19;   24.0;   65.75;   31.9;   14.6;   11.8;eor
        691;20190724;   10;   8.2;   3.1;    3;   0.0;   0;   14.317;   0;   3.8;  16.9; 1015.52;   27.7;   49.42;   35.4;   18.0;   15.0;eor
        691;20190725;   10;   8.9;   3.3;    3;   0.0;   0;   11.467;   0;   6.3;  16.4; 1014.90;   30.0;   40.33;   37.4;   22.0;   19.2;eor
        691;20190726;   10;  11.8;   5.4;    3;   0.0;   0;   12.667;   0;   4.0;  15.7; 1011.93;   26.4;   46.71;   32.5;   20.6;   18.7;eor
        691;20190727;   10;  14.7;   6.3;    3;   0.0;   0;   14.233;   0;   1.2;  15.3; 1005.25;   24.0;   53.33;   29.7;   17.3;   16.1;eor
        691;20190728;   10;  10.8;   3.6;    3;   0.0;   6;    8.750;   0;   3.9;  18.3; 1002.39;   23.4;   65.21;   30.1;   17.7;   16.5;eor
        691;20190729;   10;   8.6;   4.3;    3;   0.0;   0;    0.267;   0;   6.9;  18.2; 1009.67;   21.4;   71.83;   24.8;   19.3;   18.0;eor
        691;20190730;   10;   9.3;   2.4;    3;   0.3;   6;   12.067;   0;   3.0;  15.8; 1010.92;   23.8;   55.96;   30.2;   17.5;   15.8;eor
        691;20190731;   10;  15.9;   3.7;    3;   0.0;   6;    5.750;   0;   6.1;  16.1; 1013.70;   20.1;   71.13;   26.5;   14.7;   12.9;eor
        691;20190801;   10;   9.8;   2.6;    3;   0.2;   6;    4.967;   0;   6.0;  14.8; 1015.60;   19.1;   69.38;   25.3;   12.5;    9.9;eor
        691;20190802;   10;  10.3;   2.3;    3;   0.3;   6;    6.250;   0;   4.4;  16.2; 1014.07;   19.2;   74.58;   25.8;   12.8;   10.8;eor
        691;20190803;   10;  12.0;   4.3;    3;   0.0;   0;    8.600;   0;   3.4;  16.0; 1015.62;   18.9;   75.13;   24.3;   13.0;   10.9;eor
        691;20190804;   10;   7.2;   2.6;    3;   0.0;   0;    3.050;   0;   6.6;  14.9; 1015.41;   19.3;   68.92;   25.0;   13.7;   13.5;eor
        691;20190805;   10;   7.2;   2.1;    3;   4.8;   6;    1.567;   0;   6.8;  17.1; 1009.64;   20.0;   73.71;   26.0;   15.5;   13.9;eor
        691;20190806;   10;  10.1;   3.6;    3;   0.0;   6;    7.550;   0;   5.9;  15.8; 1008.03;   20.5;   68.54;   26.1;   15.0;   12.6;eor
        691;20190807;   10;  16.1;   3.7;    3;   0.3;   6;    5.767;   0;   4.1;  15.0; 1005.67;   18.4;   73.04;   26.4;   13.3;   10.5;eor
        691;20190808;   10;  13.9;   5.1;    3;   0.0;   6;    7.967;   0;   3.8;  14.5; 1008.97;   19.1;   67.21;   24.9;   12.6;    9.4;eor
        691;20190809;   10;   7.5;   2.6;    3;   1.9;   6;    1.800;   0;   5.7;  17.3; 1008.75;   18.6;   81.38;   25.9;   10.2;    7.1;eor
        691;20190810;   10;  21.4;   5.8;    3;   0.4;   6;    7.150;   0;   3.4;  16.9; 1007.91;   20.6;   70.08;   25.3;   17.3;   14.1;eor
        691;20190811;   10;  14.6;   5.6;    3;   0.0;   0;    8.067;   0;   4.9;  11.8; 1012.49;   20.2;   50.83;   25.3;   15.4;   13.1;eor
        691;20190812;   10;  13.2;   4.6;    3;   2.6;   6;    9.983;   0;   4.1;  13.4; 1012.77;   18.1;   67.08;   25.4;   12.7;   10.2;eor
        691;20190813;   10;  15.3;   3.7;    3;   8.2;   6;    3.000;   0;   6.1;  13.6; 1014.69;   13.8;   86.42;   18.9;   10.3;    8.6;eor
        691;20190814;   10;   9.6;   3.5;    3;   0.8;   6;    9.217;   0;   3.5;  11.7; 1015.31;   16.1;   67.17;   22.6;    9.3;    7.2;eor
        691;20190815;   10;  11.5;   4.7;    3;   3.9;   6;    2.000;   0;   6.7;  16.0; 1008.86;   16.9;   83.04;   21.8;   13.6;   12.4;eor
        691;20190816;   10;   9.8;   4.1;    3;   1.1;   6;    4.617;   0;   6.5;  14.6; 1013.47;   18.0;   72.25;   22.9;   13.9;   12.9;eor
        691;20190817;   10;  12.0;   4.6;    3;   4.3;   6;    0.033;   0;   6.8;  17.7; 1006.99;   18.4;   83.04;   22.2;   15.9;   14.8;eor
        691;20190818;   10;   7.2;   3.1;    3;   7.2;   6;    0.800;   0;   7.0;  16.9; 1005.82;   16.6;   89.67;   19.1;   14.5;   13.0;eor
        691;20190819;   10;  13.0;   5.5;    3;   0.0;   0;    9.167;   0;   3.6;  13.8; 1013.66;   17.6;   70.75;   22.9;   13.5;   11.3;eor
        691;20190820;   10;  14.2;   3.6;    3;   7.6;   6;    8.583;   0;   3.5;  13.3; 1020.90;   16.6;   72.04;   22.7;   10.2;    8.2;eor
        691;20190821;   10;   7.2;   2.1;    3;   0.0;   0;   10.900;   0;   1.9;  12.3; 1027.07;   15.6;   72.54;   22.0;    9.1;    7.5;eor
        691;20190822;   10;  10.5;   2.9;    3;   0.0;   0;   12.967;   0;   3.9;  12.3; 1025.04;   18.6;   61.04;   26.5;   10.5;    7.8;eor
        691;20190823;   10;   6.7;   2.2;    3;   0.0;   0;   12.967;   0;   6.0;  13.4; 1025.19;   19.3;   64.67;   26.6;   10.2;    8.1;eor
        691;20190824;   10;   9.3;   3.3;    3;   0.0;   0;   13.217;   0;   2.5;  14.2; 1022.11;   21.7;   58.88;   29.4;   13.1;   10.1;eor
        691;20190825;   10;   6.3;   2.7;    3;   0.0;   0;   12.550;   0;   2.2;  16.9; 1019.56;   23.4;   61.04;   30.9;   14.3;   11.9;eor
        691;20190826;   10;   7.5;   2.6;    3;   0.0;   0;   11.067;   0;   1.1;  18.5; 1018.12;   25.5;   59.75;   32.8;   18.4;   16.2;eor
        691;20190827;   10;   7.5;   2.7;    3;   0.0;   0;   12.000;   0;   2.6;  17.9; 1015.42;   25.7;   56.25;   32.7;   17.2;   14.9;eor
        691;20190828;   10;  20.1;   2.9;    3;  24.4;   6;    7.883;   0;   4.7;  19.3; 1012.65;   23.8;   69.00;   33.5;   17.7;   16.2;eor
        691;20190829;   10;   9.8;   3.2;    3;   0.6;   6;    5.733;   0;   5.2;  19.2; 1017.31;   20.5;   81.17;   25.1;   14.5;   13.1;eor
        691;20190830;   10;   8.2;   1.9;    3;   0.0;   0;    9.133;   0;   5.1;  15.9; 1021.42;   18.3;   78.13;   24.7;   13.8;   10.9;eor
        691;20190831;   10;  20.4;   2.9;    3;   2.4;   6;   12.150;   0;   4.7;  17.6; 1012.85;   22.1;   69.63;   30.5;   11.5;    9.8;eor
        691;20190901;   10;  12.3;   4.2;    3;   1.6;   6;    2.967;   0;   6.0;  15.5; 1012.21;   17.0;   80.54;   21.0;    9.8;    8.1;eor
        691;20190902;   10;  16.8;   3.4;    3;   0.4;   6;    8.817;   0;   3.5;  11.9; 1020.57;   13.9;   76.79;   20.2;    8.3;    6.1;eor
        691;20190903;   10;  12.9;   4.9;    3;   0.1;   6;    1.517;   0;   7.0;  13.9; 1020.39;   16.4;   74.25;   20.6;   13.4;   11.8;eor
        691;20190904;   10;  12.5;   4.8;    3;   1.6;   6;    1.467;   0;   6.3;  14.8; 1013.87;   16.7;   78.96;   21.8;   11.7;    9.9;eor
        691;20190905;   10;  16.8;   5.9;    3;   0.8;   6;    5.283;   0;   3.0;  12.4; 1015.63;   13.2;   81.67;   18.7;    7.9;    5.8;eor
        691;20190906;   10;  12.9;   4.8;    3;   0.0;   6;    5.333;   0;   5.3;  10.4; 1020.48;   13.6;   68.42;   19.0;    7.4;    5.8;eor
        691;20190907;   10;   9.8;   2.4;    3;   0.5;   6;    5.283;   0;   5.1;  12.4; 1016.78;   13.9;   79.63;   19.3;    7.9;    6.4;eor
        691;20190908;   10;   4.6;   1.3;    3;   0.0;   6;    4.233;   0;   6.2;  12.6; 1017.42;   13.0;   86.00;   19.6;    7.0;    5.7;eor
        691;20190909;   10;   8.7;   2.8;    3;   0.0;   6;    5.917;   0;   5.6;  12.8; 1013.85;   13.3;   84.42;   19.6;    7.0;    5.7;eor
        691;20190910;   10;  11.7;   4.1;    3;   0.0;   0;   10.250;   0;   1.6;  10.8; 1016.05;   13.0;   75.25;   19.8;    6.9;    4.0;eor
        691;20190911;   10;  15.9;   5.0;    3;   5.1;   6;    5.383;   0;   5.5;  12.9; 1019.37;   13.8;   83.58;   20.5;    7.0;    4.6;eor
        691;20190912;   10;  11.8;   4.1;    3;   0.6;   6;    5.683;   0;   6.0;  16.1; 1024.50;   17.9;   79.67;   21.9;   14.0;   12.7;eor
        691;20190913;   10;  12.2;   5.0;    3;   0.4;   6;    6.100;   0;   6.2;  13.9; 1029.95;   16.4;   74.71;   19.7;    7.4;    5.6;eor
        691;20190914;   10;   5.1;   1.5;    3;   0.0;   0;    8.933;   0;   4.8;  10.9; 1032.00;   12.6;   77.63;   19.3;    6.8;    4.8;eor
        691;20190915;   10;  13.7;   4.5;    3;   0.1;   6;    4.883;   0;   7.1;  12.7; 1020.65;   14.0;   79.33;   22.3;    7.3;    4.6;eor
        691;20190916;   10;   8.2;   2.7;    3;   0.4;   6;    1.033;   0;   6.4;  12.6; 1018.91;   12.6;   86.00;   16.0;    7.6;    4.9;eor
        691;20190917;   10;  19.5;   6.6;    3;   2.6;   6;    5.150;   0;   4.1;  10.5; 1017.38;   11.4;   78.21;   17.2;    8.4;    5.7;eor
        691;20190918;   10;  14.1;   4.5;    3;   0.1;   6;    5.967;   0;   4.0;   9.6; 1024.18;   11.0;   74.71;   16.5;    6.3;    2.7;eor
        691;20190919;   10;  12.3;   3.1;    3;   0.0;   0;    9.550;   0;   4.7;   8.9; 1028.73;   10.3;   74.08;   17.0;    4.1;    0.9;eor
        691;20190920;   10;   6.2;   1.6;    3;   0.0;   0;    7.800;   0;   4.3;  10.6; 1027.99;   10.9;   82.33;   18.3;    3.9;    2.0;eor
        691;20190921;   10;   6.7;   2.2;    3;   0.0;   0;   11.833;   0;   0.7;  10.2; 1020.45;   14.1;   68.04;   22.2;    4.9;    2.3;eor
        691;20190922;   10;   9.3;   3.2;    3;   0.0;   0;   11.617;   0;   1.9;  10.8; 1010.62;   17.5;   56.79;   25.6;    8.8;    5.6;eor
        691;20190923;   10;   7.2;   2.1;    3;   0.6;   6;    0.000;   0;   6.5;  15.2; 1012.44;   15.3;   86.38;   17.4;   12.4;    9.7;eor
        691;20190924;   10;   9.1;   2.6;    3;   4.7;   6;    4.783;   0;   6.8;  13.6; 1010.07;   15.5;   79.21;   21.4;    9.4;    8.6;eor
        691;20190925;   10;   6.2;   1.6;    3;   3.8;   6;    1.967;   0;   7.3;  15.0; 1004.90;   14.4;   91.54;   18.7;   11.0;    8.3;eor
        691;20190926;   10;   9.6;   3.6;    3;   8.0;   6;    0.500;   0;   7.4;  16.3; 1007.17;   15.6;   91.79;   19.1;   10.9;    8.4;eor
        691;20190927;   10;  11.7;   4.5;    3;   0.0;   6;    3.050;   0;   6.3;  14.6; 1006.48;   15.9;   81.29;   19.5;   14.1;   12.3;eor
        691;20190928;   10;  17.0;   6.8;    3;   6.0;   6;    3.383;   0;   6.5;  13.9; 1006.90;   15.5;   79.04;   19.2;   14.0;   12.7;eor
        691;20190929;   10;  11.8;   5.8;    3;  25.6;   6;    0.000;   0;   7.8;  15.3;  998.49;   14.2;   94.13;   15.9;   12.7;   12.0;eor
        691;20190930;   10;  22.1;   7.6;    3;  11.1;   6;    3.750;   0;   5.7;  13.6; 1001.89;   14.1;   84.08;   17.3;   10.6;    8.7;eor
        691;20191001;   10;  15.4;   4.7;    3;   5.6;   6;    0.533;   0;   7.4;  13.8;  999.36;   12.9;   92.17;   18.3;    9.0;    8.0;eor
        691;20191002;   10;  14.2;   4.6;    3;   2.9;   6;    7.367;   0;   5.2;  10.4; 1006.25;   10.1;   84.63;   14.0;    6.9;    6.1;eor
        691;20191003;   10;   7.2;   2.4;    3;   1.3;   6;    1.917;   0;   5.3;  11.9; 1013.58;   10.7;   93.04;   14.0;    7.5;    5.8;eor
        691;20191004;   10;   9.8;   3.9;    3;   5.7;   6;    0.000;   0;   6.7;  11.0; 1006.91;    9.2;   94.33;   11.2;    7.2;    5.5;eor
        691;20191005;   10;  10.5;   4.0;    3;   0.0;   6;    7.583;   0;   3.6;   9.7; 1015.88;    9.6;   82.25;   14.1;    6.1;    4.4;eor
        691;20191006;   10;  11.0;   4.7;    3;   0.0;   0;    2.400;   0;   6.3;   8.9; 1017.90;    7.9;   83.88;   11.2;    4.2;    2.4;eor
        691;20191007;   10;   8.1;   3.5;    3;   4.6;   6;    7.617;   0;   3.9;   7.8; 1017.81;    7.5;   76.50;   11.8;    1.0;   -1.8;eor
        691;20191008;   10;  11.3;   4.9;    3;   0.3;   6;    0.017;   0;   6.3;  13.0; 1004.56;   12.4;   89.83;   15.3;    9.9;    7.5;eor
        691;20191009;   10;  14.6;   5.4;    3;   4.2;   6;    1.167;   0;   6.1;  11.9; 1003.60;   11.5;   87.71;   15.3;    8.7;    7.5;eor
        691;20191010;   10;  19.2;   5.8;    3;   1.4;   6;    2.633;   0;   5.3;  11.1; 1008.05;   10.5;   87.38;   14.9;    8.0;    6.8;eor
        691;20191011;   10;  16.5;   8.3;    3;   1.3;   6;    0.000;   0;   7.0;  13.3; 1007.90;   14.1;   82.50;   16.6;   11.7;   10.8;eor
        691;20191012;   10;  15.3;   3.5;    3;   4.3;   6;    0.000;   0;   7.8;  13.4; 1008.00;   12.3;   93.71;   17.1;   10.8;   10.6;eor
        691;20191013;   10;  22.3;   3.5;    3;   3.0;   6;    2.650;   0;   7.2;  16.7; 1007.87;   15.9;   91.46;   21.5;   11.1;   10.7;eor
        691;20191014;   10;  11.8;   3.7;    3;   0.0;   0;    4.883;   0;   6.0;  14.2; 1011.44;   15.3;   81.92;   18.6;   11.9;   10.9;eor
        691;20191015;   10;   7.7;   2.7;    3;  23.9;   6;    7.800;   0;   6.5;  15.6; 1005.51;   15.9;   87.13;   20.8;   12.2;   10.5;eor
        691;20191016;   10;   9.1;   4.2;    3;   3.7;   6;    2.583;   0;   7.0;  14.1; 1007.47;   13.8;   89.63;   16.0;   12.6;   12.2;eor
        691;20191017;   10;   8.7;   3.7;    3;   1.4;   6;    0.317;   0;   7.3;  15.0; 1008.54;   14.1;   92.88;   15.9;   12.9;   11.6;eor
        691;20191018;   10;  19.0;   4.9;    3;   0.8;   6;    1.900;   0;   5.1;  12.7; 1005.44;   12.8;   85.08;   17.6;    9.7;    7.9;eor
        691;20191019;   10;  10.8;   4.0;    3;   0.6;   6;    0.517;   0;   6.6;  11.9; 1005.21;   11.5;   86.88;   15.0;    8.2;    5.3;eor
        691;20191020;   10;   8.4;   2.5;    3;   9.2;   6;    0.050;   0;   7.4;  12.7; 1009.34;   11.1;   95.71;   14.3;    7.7;    5.5;eor
        691;20191021;   10;   9.3;   3.0;    3;   0.0;   0;    1.600;   0;   6.9;  14.2; 1015.67;   13.3;   92.83;   18.1;   10.0;    7.8;eor
        691;20191022;   10;   8.7;   3.0;    3;   0.0;   6;    1.650;   0;   6.6;  12.0; 1022.06;   11.5;   87.88;   15.0;    6.9;    4.2;eor
        691;20191023;   10;   8.2;   2.6;    3;   0.0;   0;    4.000;   0;   4.5;  12.4; 1016.74;   11.5;   91.63;   15.8;    5.7;    4.1;eor
        691;20191024;   10;   9.8;   3.8;    3;   0.1;   6;    3.267;   0;   6.0;  14.3; 1007.68;   14.2;   88.58;   17.6;   11.8;   10.8;eor
        691;20191025;   10;  13.2;   5.5;    3;   0.0;   0;    3.933;   0;   6.6;  12.3; 1015.03;   13.8;   77.71;   16.2;   11.8;   10.1;eor
        691;20191026;   10;  15.9;   7.5;    3;   2.2;   6;    5.867;   0;   5.8;  13.1; 1010.31;   16.7;   69.50;   19.5;   14.0;   12.6;eor
        691;20191027;   10;  16.3;   6.7;    3;   0.0;   6;    4.883;   0;   5.0;  10.1; 1015.53;   10.3;   79.38;   16.4;    7.0;    5.4;eor
        691;20191028;   10;  16.8;   3.7;    3;   0.8;   6;    6.300;   0;   3.5;   9.1; 1020.72;    7.6;   87.58;   12.5;    4.1;    1.7;eor
        691;20191029;   10;   7.2;   2.3;    3;   0.0;   0;    8.200;   0;   1.1;   7.5; 1025.75;    5.4;   84.46;   10.4;    0.9;   -2.5;eor
        691;20191030;   10;   6.7;   1.9;    3;   0.0;   0;    9.183;   0;   0.6;   6.3; 1029.53;    3.5;   82.13;    9.2;   -2.9;   -4.5;eor
        691;20191031;   10;   7.9;   2.6;    3;   0.0;   0;    8.983;   0;   2.8;   5.9; 1025.06;    2.7;   81.13;    8.5;   -2.5;   -5.4;eor
        691;20191101;   10;   7.7;   3.7;    3;   7.8;   6;    0.833;   0;   5.8;   7.2; 1007.77;    3.1;   92.17;    8.0;   -0.6;   -1.8;eor
        691;20191102;   10;  14.6;   4.2;    3;   4.3;   6;    1.533;   0;   6.8;  12.5;  988.83;   11.6;   90.83;   16.1;    8.0;    7.6;eor
        691;20191103;   10;   6.9;   3.3;    3;   1.3;   6;    2.117;   0;   7.0;  11.3;  986.05;   11.4;   83.71;   13.8;    8.5;    6.2;eor
        691;20191104;   10;   7.2;   2.2;    3;   3.7;   6;    0.717;   0;   7.1;  11.8;  987.91;   10.6;   91.79;   12.8;    8.0;    5.6;eor
        691;20191105;   10;   8.1;   2.4;    3;   4.7;   6;    0.000;   0;   7.5;  11.5;  994.30;    9.6;   96.08;   11.2;    8.3;    7.7;eor
        691;20191106;   10;   6.2;   2.4;    3;   0.1;   6;    0.083;   0;   6.1;   9.4; 1000.16;    7.0;   93.25;    8.7;    0.7;   -1.4;eor
        691;20191107;   10;   9.3;   3.3;    3;   2.5;   6;    2.017;   0;   5.4;   8.6; 1000.08;    5.3;   95.08;    9.0;   -0.3;   -1.6;eor
        691;20191108;   10;   5.7;   1.8;    3;   0.0;   0;    5.600;   0;   3.4;   8.0; 1006.05;    5.1;   91.58;   10.1;    1.8;   -1.0;eor
        691;20191109;   10;   8.2;   2.3;    3;   0.0;   6;    2.750;   0;   6.3;   8.0; 1006.86;    4.5;   94.17;    7.8;    1.6;   -0.6;eor
        691;20191110;   10;   4.6;   2.2;    3;   0.0;   0;    8.250;   0;   1.1;   6.9; 1011.85;    2.9;   91.38;    8.2;   -1.4;   -3.6;eor
        691;20191111;   10;  12.3;   4.7;    3;   0.0;   6;    0.850;   0;   6.1;   6.6; 1006.25;    2.9;   88.13;    6.4;   -0.7;   -3.6;eor
        691;20191112;   10;  11.1;   5.4;    3;   0.0;   6;    0.400;   0;   5.6;   7.5; 1000.18;    5.4;   84.08;    8.2;    1.9;    0.2;eor
        691;20191113;   10;  11.1;   4.6;    3;   0.0;   6;    0.167;   0;   5.1;   7.3;  999.12;    4.4;   87.38;    6.7;    1.8;   -0.4;eor
        691;20191114;   10;   8.7;   3.7;    3;   0.0;   0;    3.883;   0;   4.9;   7.3; 1004.98;    4.2;   88.13;    7.2;    1.7;   -0.3;eor
        691;20191115;   10;  12.0;   5.1;    3;   0.3;   6;    0.000;   0;   7.6;   7.9; 1004.26;    4.9;   90.42;    6.3;    2.6;    1.4;eor
        691;20191116;   10;   8.2;   3.2;    3;  12.2;   6;    0.000;   0;   7.0;   8.0; 1006.26;    4.4;   94.63;    5.5;    0.1;   -2.1;eor
        691;20191117;   10;  10.3;   3.0;    3;   2.5;   6;    1.333;   0;   6.0;   7.0; 1011.53;    2.9;   92.79;    5.5;   -1.9;   -3.6;eor
        691;20191118;   10;  10.8;   3.9;    3;  13.7;   6;    0.000;   0;   8.0;   9.0; 1003.60;    5.7;   98.50;    6.3;    4.5;    4.1;eor
        691;20191119;   10;  13.9;   5.0;    3;   0.0;   6;    5.267;   0;   6.0;   8.7; 1011.92;    5.9;   93.13;    9.2;    0.3;   -2.0;eor
        691;20191120;   10;   4.1;   1.5;    3;   0.0;   6;    0.000;   0;   7.9;   6.7; 1018.22;    1.2;   99.96;    2.3;   -0.1;    0.2;eor
        691;20191121;   10;   5.7;   2.6;    3;   0.1;   6;    0.000;   0;   7.7;   8.1; 1010.93;    4.1;   98.50;    6.0;    1.7;    1.8;eor
        691;20191122;   10;   9.3;   3.4;    3;   0.0;   6;    1.050;   0;   6.6;   8.4; 1007.07;    5.3;   94.17;    7.4;    3.7;    2.1;eor
        691;20191123;   10;-999;   5.8;    3;   0.0;   0;    0.000;   0;   7.4;   9.0; 1004.75;    7.6;   85.79;    9.3;    5.5;    5.1;eor
        691;20191124;   10;-999;-999;    3;   0.0;   0;    0.000;   0;   7.7;   8.2; 1008.40;    5.8;   88.96;    6.8;    5.1;    5.0;eor
        691;20191125;   10;-999;-999;    3;   0.3;   6;    0.000;   0;   8.0;   8.6; 1009.92;    5.2;   96.92;    5.7;    4.5;    4.4;eor
        691;20191126;   10;   5.7;   3.1;    3;   0.0;   6;    0.000;   0;   7.5;   9.6; 1003.63;    7.0;   95.42;    9.6;    4.4;    3.0;eor
        691;20191127;   10;   9.8;   4.4;    3;   2.3;   6;    0.000;   0;   6.4;  10.6;  991.18;    9.4;   89.63;   10.5;    8.4;    6.5;eor
        691;20191128;   10;  14.4;   7.1;    3;   5.6;   6;    0.000;   0;   7.7;  10.8;  986.87;    9.4;   91.04;   10.7;    6.3;    4.8;eor
        691;20191129;   10;  13.4;   5.1;    3;   1.6;   6;    3.350;   0;   4.1;   7.1; 1005.67;    4.5;   84.63;    7.3;    0.9;   -1.5;eor
        691;20191130;   10;   6.2;   2.4;    3;   0.1;   6;    4.500;   0;   3.9;   6.8; 1021.17;    2.5;   93.42;    6.9;   -0.3;   -2.8;eor
        691;20191201;   10;   3.1;   1.2;    3;   0.0;   6;    0.000;   0;   6.6;   6.5; 1021.58;    1.0;   98.63;    2.8;   -1.3;   -2.6;eor
        691;20191202;   10;   8.6;   3.2;    3;   1.0;   6;    4.150;   0;   4.7;   7.1; 1022.12;    3.0;   93.83;    7.5;   -1.2;   -2.7;eor
        691;20191203;   10;  11.3;   4.0;    3;   0.0;   0;    0.083;   0;   7.5;   8.7; 1025.25;    6.2;   91.29;    8.3;    3.4;    2.2;eor
        691;20191204;   10;   8.2;   3.3;    3;   0.0;   0;    4.783;   0;   5.7;   7.2; 1021.75;    3.8;   90.13;    7.3;   -1.2;   -3.4;eor
        691;20191205;   10;  14.2;   3.7;    3;   0.4;   6;    5.750;   0;   4.1;   6.1; 1017.18;    0.8;   93.46;    4.2;   -3.5;   -5.6;eor
        691;20191206;   10;  14.4;   8.3;    3;   4.8;   6;    0.000;   0;   8.0;   8.7; 1005.07;    5.8;   93.88;    8.3;    3.2;    2.8;eor
        691;20191207;   10;  14.4;   7.5;    3;   1.0;   6;    0.167;   0;   7.3;  10.2; 1006.09;    8.8;   90.33;    9.8;    7.7;    7.0;eor
        691;20191208;   10;  21.3;   8.8;    3;   3.3;   6;    0.067;   0;   6.8;   9.5;  997.72;    8.8;   83.33;   10.4;    5.0;    3.7;eor
        691;20191209;   10;  15.4;   5.7;    3;   1.4;   6;    0.083;   0;   6.1;   8.0;  998.90;    6.3;   83.79;    7.5;    3.0;    1.3;eor
        691;20191210;   10;  13.0;   5.1;    3;   0.0;   6;    5.167;   0;   5.4;   6.5; 1018.43;    3.6;   81.96;    6.0;    0.5;   -2.7;eor
        691;20191211;   10;  13.9;   4.4;    3;   3.0;   6;    0.000;   0;   7.9;   8.0; 1006.26;    5.4;   88.96;    6.7;    4.4;    3.5;eor
        691;20191212;   10;   8.2;   3.8;    3;   0.0;   6;    1.717;   0;   5.3;   7.5;  997.62;    4.0;   91.67;    6.2;    1.3;   -0.7;eor
        691;20191213;   10;  12.2;   5.1;    3;   1.0;   6;    0.617;   0;   6.4;   6.2;  980.44;    2.2;   85.67;    3.3;    1.4;    0.2;eor
        691;20191214;   10;  19.0;   6.8;    3;   0.5;   6;    1.033;   0;   6.3;   7.4;  985.82;    4.9;   86.13;    7.1;    2.8;    1.7;eor
        691;20191215;   10;  21.3;   7.9;    3;   0.6;   6;    4.483;   0;   4.3;   7.5;  996.32;    6.4;   78.33;    8.8;    2.6;    0.8;eor
        691;20191216;   10;   7.4;   3.4;    3;   0.0;   6;    0.000;   0;   6.6;   8.4; 1004.88;    6.2;   87.96;    8.3;    2.5;   -0.1;eor
        691;20191217;   10;  13.4;   3.7;    3;   2.1;   6;    2.867;   0;   7.0;  10.1; 1000.70;   10.0;   82.88;   13.5;    5.4;    3.2;eor
        691;20191218;   10;  15.6;   4.1;    3;   0.0;   6;    0.817;   0;   6.1;   8.8; 1013.74;    6.3;   91.50;   10.9;    3.6;    1.3;eor
        691;20191219;   10;   8.6;   4.2;    3;   0.0;   0;    6.533;   0;   4.8;   8.9; 1009.77;    7.4;   86.58;   11.6;    3.6;    2.3;eor
        691;20191220;   10;  10.8;   5.1;    3;   1.1;   6;    1.183;   0;   5.7;   9.0;  990.80;    8.3;   81.54;   12.3;    5.1;    3.7;eor
        691;20191221;   10;   9.8;   4.4;    3;   0.0;   6;    5.050;   0;   5.1;   8.5;  989.25;    7.6;   81.08;    9.9;    4.4;    2.9;eor
        691;20191222;   10;  14.7;   3.9;    3;   5.1;   6;    0.100;   0;   6.7;   8.8;  984.55;    6.4;   91.17;    8.2;    3.9;    2.5;eor
        691;20191223;   10;  13.0;   5.8;    3;   0.4;   6;    0.733;   0;   6.8;   9.3; 1001.20;    7.4;   90.58;    8.7;    5.7;    4.4;eor
        691;20191224;   10;   8.4;   3.4;    3;   4.4;   6;    0.000;   0;   7.4;   9.0; 1006.98;    6.2;   94.50;    7.3;    5.2;    3.9;eor
        691;20191225;   10;   8.4;   3.1;    3;   0.1;   6;    0.100;   0;   7.4;   8.9; 1015.90;    5.9;   95.00;    7.7;    3.1;    1.7;eor
        691;20191226;   10;   5.7;   2.1;    3;   0.0;   6;    2.700;   0;   6.6;   8.0; 1023.17;    4.8;   93.08;    6.5;    2.9;    0.9;eor
        691;20191227;   10;   7.0;   2.8;    3;   0.0;   6;    0.533;   0;   6.0;   6.5; 1030.60;    2.7;   87.17;    4.0;   -1.3;   -3.4;eor
        691;20191228;   10;   6.7;   2.3;    3;   0.0;   0;    0.833;   0;   6.2;   5.6; 1040.67;   -0.2;   92.38;    0.9;   -3.5;   -4.9;eor
        691;20191229;   10;   5.1;   2.2;    3;   0.0;   0;    0.550;   0;   5.5;   5.2; 1036.08;    0.3;   83.67;    4.3;   -3.1;   -4.7;eor
        691;20191230;   10;   8.7;   4.3;    3;   0.0;   6;    3.417;   0;   4.2;   4.4; 1026.67;    5.2;   49.96;    8.4;    2.7;   -0.5;eor
        691;20191231;   10;   8.7;   3.6;    3;   0.0;   0;    3.283;   0;   5.3;   7.8; 1030.73;    5.4;   87.21;    8.8;   -1.8;   -3.6;eor
        691;20200101;   10;   4.5;   1.7;    3;   0.0;   0;    0.000;   0;   7.7;   5.3; 1032.23;   -1.9;  100.00;   -0.4;   -3.6;   -4.2;eor
        691;20200102;   10;   9.3;   3.4;    3;   0.0;   6;    0.000;   0;   6.9;   5.9; 1024.52;   -0.5;   98.96;    4.5;   -4.6;   -6.2;eor
        691;20200103;   10;  16.3;   5.7;    3;   4.4;   6;    0.000;   0;   7.3;   9.1; 1015.29;    6.7;   92.42;    9.0;    4.0;    2.3;eor
        691;20200104;   10;  21.4;   6.7;    3;   2.6;   6;    0.000;   0;   5.7;   7.7; 1023.61;    4.9;   89.04;    7.7;    1.9;   -1.3;eor
        691;20200105;   10;   8.6;   3.1;    3;   0.0;   6;    0.083;   0;   6.5;   7.5; 1031.56;    3.9;   92.75;    6.5;   -0.7;   -3.1;eor
        691;20200106;   10;   8.7;   3.6;    3;   0.1;   6;    0.000;   0;   6.5;   7.5; 1024.15;    4.7;   87.75;    6.5;    0.0;   -2.2;eor
        691;20200107;   10;  12.0;   4.7;    3;   0.0;   6;    1.400;   0;   7.0;   8.3; 1022.08;    6.1;   87.96;    8.4;    0.6;   -0.4;eor
        691;20200108;   10;  12.7;   5.3;    3;   0.4;   6;    0.000;   0;   7.5;  10.8; 1019.67;    9.3;   91.71;   11.3;    7.3;    6.0;eor
        691;20200109;   10;  12.3;   4.6;    3;   6.7;   6;    0.000;   0;   8.0;  12.3; 1011.66;   10.8;   95.00;   12.5;    8.9;    7.8;eor
        691;20200110;   10;  14.7;   6.1;    3;   0.7;   6;    0.867;   0;   6.0;   9.5; 1014.79;    7.6;   88.96;   12.1;    2.4;    0.8;eor
        691;20200111;   10;  12.7;   4.9;    3;   0.0;   6;    2.450;   0;   5.8;   6.9; 1026.96;    3.8;   86.21;    6.7;    0.3;   -2.3;eor
        691;20200112;   10;  18.3;   8.3;    3;   1.3;   6;    0.000;   0;   7.5;   8.3; 1017.32;    6.7;   84.00;    9.1;    5.5;    4.4;eor
        691;20200113;   10;  11.1;   4.2;    3;   0.9;   6;    2.467;   0;   5.8;   8.4; 1015.63;    6.2;   88.46;    8.7;    2.6;    0.5;eor
        691;20200114;   10;  17.3;   7.9;    3;   1.2;   6;    0.000;   0;   6.9;  10.0; 1003.93;    9.8;   82.67;   12.3;    6.8;    5.7;eor
        691;20200115;   10;  16.6;   7.7;    3;   0.3;   6;    4.083;   0;   5.6;   9.5; 1009.10;   11.2;   71.75;   13.8;    5.3;    3.7;eor
        691;20200116;   10;   7.9;   3.8;    3;   0.0;   0;    7.133;   0;   4.3;   8.3; 1023.35;    6.2;   87.92;    9.9;    3.1;    0.9;eor
        691;20200117;   10;  14.1;   4.3;    3;   0.9;   6;    3.567;   0;   5.8;   8.9; 1014.90;    7.6;   85.21;   10.9;    4.6;    2.4;eor
        691;20200118;   10;  14.9;   5.6;    3;   2.3;   6;    2.200;   0;   4.7;   7.3; 1020.77;    4.0;   89.25;    6.4;    1.2;    0.0;eor
        691;20200119;   10;   9.8;   3.5;    3;   0.3;   6;    2.050;   0;   4.1;   7.1; 1035.32;    3.4;   90.83;    7.5;   -0.1;   -2.1;eor
        691;20200120;   10;   6.2;   2.7;    3;   0.0;   0;    0.317;   0;   6.8;   8.0; 1044.85;    4.5;   95.71;    6.4;    1.9;    0.0;eor
        691;20200121;   10;   9.8;   3.9;    3;   0.0;   6;    5.850;   0;   6.1;   7.1; 1039.49;    3.5;   90.13;    6.4;    0.9;   -0.4;eor
        691;20200122;   10;   7.7;   3.5;    3;   0.0;   6;    0.033;   0;   6.5;   8.1; 1034.13;    4.7;   94.21;    7.8;    0.5;   -1.8;eor
        691;20200123;   10;   6.3;   1.5;    3;   0.0;   0;    3.583;   0;   4.1;   7.1; 1031.37;    3.1;   92.33;    7.4;   -3.4;   -4.0;eor
        691;20200124;   10;   7.7;   3.2;    3;   0.0;   6;    0.000;   0;   7.8;   6.2; 1022.43;    0.4;   98.04;    2.1;   -3.6;   -4.3;eor
        691;20200125;   10;   6.2;   3.2;    3;   0.0;   6;    0.000;   0;   8.0;   6.7; 1020.54;    1.7;   96.17;    2.9;    0.3;    0.2;eor
        691;20200126;   10;   6.7;   3.3;    3;   0.7;   6;    0.000;   0;   6.6;   6.9; 1015.71;    2.1;   96.79;    4.9;    0.4;   -0.1;eor
        691;20200127;   10;   9.4;   4.5;    3;   2.0;   6;    0.000;   0;   6.9;   9.2; 1004.60;    6.7;   92.92;    9.0;    4.2;    2.7;eor
        691;20200128;   10;  20.2;   7.7;    3;   3.2;   6;    0.000;   0;   6.8;   7.8;  990.22;    5.2;   87.63;    7.2;    2.1;    1.6;eor
        691;20200129;   10;  16.5;   7.4;    3;   6.2;   6;    0.100;   0;   5.8;   7.3; 1001.02;    4.2;   88.96;    5.5;    3.0;    1.6;eor
        691;20200130;   10;  15.8;   7.9;    3;   0.4;   6;    0.117;   0;   7.5;   8.9; 1002.86;    7.6;   85.21;   10.2;    4.5;    3.5;eor
        691;20200131;   10;  15.9;   8.5;    3;   1.1;   6;    0.667;   0;   7.1;  10.7; 1002.69;   10.5;   83.83;   12.5;    8.0;    6.6;eor
        691;20200201;    3;  16.5;   8.1;    3;   0.4;   6;    0.000;   0;   6.6;  10.9; 1000.03;   10.8;   83.04;   12.4;    8.3;    6.8;eor
        691;20200202;    3;  15.3;   4.4;    3;   5.7;   6;    0.000;   0;   7.5;   9.3; 1004.72;    7.1;   92.29;    8.9;    5.9;    5.4;eor
        691;20200203;    3;  14.7;   6.3;    3;   2.6;   6;    0.000;   0;   7.3;   9.5; 1006.11;    8.0;   88.25;    9.5;    5.2;    4.2;eor
        691;20200204;    3;  13.7;   5.8;    3;   1.9;   6;    4.100;   0;   4.4;   7.3; 1009.89;    5.2;   83.25;    7.3;    3.4;    1.5;eor
        691;20200205;    3;  10.8;   3.8;    3;   0.0;   0;    8.617;   0;   2.4;   5.9; 1031.72;    3.4;   76.04;    7.0;   -3.5;   -4.6;eor
        691;20200206;    3;   6.9;   3.6;    3;   0.0;   0;    0.000;   0;   7.1;   7.6; 1029.70;    4.9;   87.50;    6.7;    1.2;   -0.8;eor
        691;20200207;    3;   9.8;   3.3;    3;   0.0;   0;    0.833;   0;   5.2;   7.3; 1027.26;    5.2;   82.46;    6.9;    2.3;    0.3;eor
        691;20200208;    3;   6.7;   3.3;    3;   0.1;   6;    2.167;   0;   5.1;   7.1; 1018.98;    4.8;   81.63;    9.1;    0.0;   -2.4;eor
        691;20200209;    3;  28.5;  10.0;    3;  12.6;   6;    0.033;   0;   7.0;   9.2; 1000.06;    9.8;   76.71;   12.9;    5.9;    4.1;eor
        691;20200210;    3;  25.7;  10.2;    3;   9.5;   8;    1.983;   0;   6.4;   7.8;  987.56;    6.3;   81.13;   10.1;    0.1;   -0.1;eor
        691;20200211;    3;  24.2;  11.2;    3;   1.4;   6;    0.633;   0;   6.2;   6.6;  995.27;    3.8;   82.04;    6.2;    1.7;    0.7;eor
        691;20200212;    3;  23.1;  10.5;    3;   0.2;   6;    4.433;   0;   3.9;   6.2; 1006.18;    4.2;   75.79;    6.8;    2.4;    0.8;eor
        691;20200213;    3;  13.9;   4.8;    3;   8.5;   8;    0.000;   0;   6.7;   6.8; 1004.41;    2.8;   90.58;    4.1;    0.3;   -1.5;eor
        691;20200214;    3;   8.7;   2.9;    3;   0.4;   6;    0.600;   0;   7.3;   8.0; 1015.17;    5.3;   90.00;    6.7;    3.4;    1.9;eor
        691;20200215;    3;  14.2;   5.9;    3;   0.0;   6;    3.883;   0;   7.0;   8.5; 1014.71;    8.4;   77.17;   12.1;    4.2;    2.7;eor
        691;20200216;    3;  25.7;   9.9;    3;   9.0;   6;    0.000;   0;   7.9;  10.8;  999.28;   12.6;   74.42;   18.1;    8.6;    7.5;eor
        691;20200217;    3;  23.0;   8.9;    3;   1.9;   6;    4.500;   0;   5.1;   7.9; 1007.72;    7.8;   74.42;   10.7;    5.6;    4.3;eor
        691;20200218;    3;  18.9;   8.2;    3;   1.4;   6;    3.650;   0;   6.2;   7.8; 1014.25;    6.7;   79.58;    8.5;    5.0;    3.7;eor
        691;20200219;    3;  16.3;   7.1;    3;   1.3;   6;    1.267;   0;   6.0;   7.5; 1013.00;    5.0;   85.50;    7.3;    1.6;   -0.9;eor
        691;20200220;    3;  17.8;   6.1;    3;   5.2;   6;    0.050;   0;   7.3;   8.6; 1010.73;    6.7;   87.08;    9.7;    1.9;    1.0;eor
        691;20200221;    3;  15.4;   8.5;    3;   0.0;   6;    2.017;   0;   6.1;   7.6; 1018.07;    6.4;   78.50;    8.4;    3.9;    2.8;eor
        691;20200222;    3;  20.7;  10.5;    3;   2.5;   6;    0.000;   0;   7.5;   8.4; 1012.78;    8.3;   76.96;    9.8;    6.7;    5.2;eor
        691;20200223;    3;  20.7;   6.9;    3;  13.7;   6;    0.000;   0;   6.9;   8.2; 1009.50;    6.1;   86.92;    8.4;    3.8;    2.6;eor
        691;20200224;    3;  13.5;   6.4;    3;  13.9;   6;    0.300;   0;   6.7;   8.4; 1010.36;    5.7;   90.29;   10.3;    4.0;    2.7;eor
        691;20200225;    3;  20.4;   8.5;    3;   0.4;   6;    4.217;   0;   4.2;   7.3;  994.58;    6.1;   77.58;   10.3;    1.6;   -0.7;eor
        691;20200226;    3;  12.9;   4.1;    3;   3.1;   8;    2.333;   0;   6.4;   7.0;  994.74;    3.3;   90.17;    6.5;    1.3;    0.1;eor
        691;20200227;    3;   9.6;   3.7;    3;   2.9;   8;    0.783;   0;   7.0;   6.8; 1000.26;    2.9;   89.92;    4.6;    1.2;    0.4;eor
        691;20200228;    3;  15.6;   6.1;    3;  12.2;   8;    6.833;   0;   5.0;   6.7; 1009.37;    4.0;   83.17;    7.6;    0.6;   -0.6;eor
        691;20200229;    3;  25.4;   7.2;    3;   2.4;   6;    3.517;   0;   6.5;   8.7;  991.09;    8.0;   81.79;   13.9;    1.0;    0.5;eor
        691;20200301;    3;  17.7;   7.0;    3;   0.2;   8;    2.583;   0;   5.7;   7.0;  990.92;    6.6;   71.58;    9.4;    4.6;    2.8;eor
        691;20200302;    3;   8.7;   3.2;    3;   3.3;   6;    2.317;   0;   6.4;   7.6;  990.94;    6.3;   80.21;    9.4;    2.3;    0.0;eor
        691;20200303;    3;  11.1;   4.0;    3;   0.9;   6;    5.950;   0;   6.0;   7.6;  999.59;    5.4;   85.63;    9.4;    1.3;   -0.7;eor
        691;20200304;    3;  14.9;   2.8;    3;   2.4;   8;    0.850;   0;   5.9;   7.4; 1007.82;    3.9;   91.79;    8.3;    1.0;   -0.6;eor
        691;20200305;    3;  10.3;   4.0;    3;   5.8;   6;    4.017;   0;   6.5;   7.2;  998.79;    5.7;   79.63;    8.9;    1.3;   -0.4;eor
        691;20200306;    3;  12.3;   5.6;    3;   7.8;   6;    0.000;   0;   8.0;   7.6;  994.34;    4.6;   90.29;    6.7;    3.3;    2.7;eor
        691;20200307;    3;  10.3;   4.7;    3;   0.0;   6;    5.117;   0;   5.3;   7.1; 1013.40;    5.9;   77.46;    9.4;    3.2;    1.4;eor
        691;20200308;    3;  14.2;   5.9;    3;   1.4;   6;    1.550;   0;   7.5;   9.0; 1010.23;    8.7;   80.04;   11.2;    6.7;    5.5;eor
        691;20200309;    3;  13.0;   4.9;    3;   5.3;   8;    4.867;   0;   5.5;   8.9; 1009.13;    8.0;   83.04;   11.3;    5.9;    4.0;eor
        691;20200310;    3;  19.7;   7.6;    3;   7.0;   6;    0.000;   0;   7.8;  10.7; 1000.74;    8.9;   92.33;   12.5;    5.2;    4.5;eor
        691;20200311;    3;  17.1;   6.3;    3;   2.2;   6;    7.167;   0;   5.3;   9.4; 1006.56;   10.2;   75.13;   13.4;    6.2;    4.8;eor
        691;20200312;    3;  27.1;  10.3;    3;   2.2;   8;    5.483;   0;   4.7;   7.7; 1004.08;    8.1;   71.33;   12.4;    2.0;    0.5;eor
        691;20200313;    3;  19.4;   7.7;    3;   1.7;   6;    2.617;   0;   5.0;   7.4; 1011.32;    5.6;   80.46;    9.9;    0.2;   -3.0;eor
        691;20200314;    3;   9.6;   3.4;    3;   0.0;   0;   10.667;   0;   1.9;   6.1; 1021.04;    4.0;   76.08;    9.5;   -2.5;   -4.3;eor
        691;20200315;    3;  14.4;   5.6;    3;   0.0;   0;    4.550;   0;   6.8;   8.4; 1013.56;    9.9;   68.29;   14.2;    4.8;    3.3;eor
        691;20200316;    3;   7.7;   3.2;    3;   0.0;   0;    9.533;   0;   5.3;   8.8; 1018.07;    9.7;   73.04;   13.7;    5.5;    1.9;eor
        691;20200317;    3;  11.5;   3.7;    3;   0.0;   6;    5.033;   0;   5.1;   7.9; 1026.26;    8.3;   74.67;   13.3;    1.9;   -0.5;eor
        691;20200318;    3;  12.3;   5.2;    3;   0.4;   6;    4.717;   0;   5.5;   8.9; 1023.72;   11.1;   66.29;   15.3;    6.6;    3.7;eor
        691;20200319;    3;   7.2;   3.1;    3;   0.4;   6;    0.000;   0;   7.1;   9.5; 1025.30;    8.3;   86.13;   11.4;    6.6;    5.9;eor
        691;20200320;    3;   9.6;   4.6;    3;   0.0;   6;    0.000;   0;   5.9;   7.5; 1027.46;    6.7;   75.92;    9.2;    2.7;    1.0;eor
        691;20200321;    3;  13.2;   5.8;    3;   0.0;   0;    8.683;   0;   1.8;   4.8; 1031.51;    3.7;   61.50;    7.7;    0.1;   -1.6;eor
        691;20200322;    3;  13.0;   5.6;    3;   0.0;   0;   12.133;   0;   0.1;   3.9; 1035.22;    3.2;   52.29;    7.7;   -1.3;   -2.9;eor
        691;20200323;    3;  11.8;   5.0;    3;   0.0;   0;   11.900;   0;   0.3;   3.2; 1036.40;    2.9;   44.38;    7.7;   -2.1;   -4.4;eor
        691;20200324;    3;  10.8;   4.7;    3;   0.0;   0;   11.167;   0;   3.2;   3.5; 1033.54;    3.9;   45.13;    9.3;   -1.3;   -5.0;eor
        691;20200325;    3;   9.4;   4.3;    3;   0.0;   0;   12.100;   0;   3.6;   3.4; 1029.73;    4.9;   41.67;   11.9;   -2.1;   -5.9;eor
        691;20200326;    3;  11.5;   4.8;    3;   0.0;   0;   11.883;   0;   0.6;   3.9; 1026.06;    5.4;   44.42;   11.1;   -0.8;   -3.4;eor
        691;20200327;    3;   9.9;   5.2;    3;   0.0;   0;   11.550;   0;   0.1;   5.6; 1023.02;    8.4;   51.83;   15.5;    1.7;   -0.1;eor
        691;20200328;    3;  13.2;   5.5;    3;   0.0;   6;   11.617;   0;   1.4;   6.4; 1022.86;    6.6;   66.04;   12.0;    2.1;   -0.3;eor
        691;20200329;    1;  20.6;   7.4;    1;   0.4;   8;    4.783;   0;   4.0;   4.5; 1028.39;    3.1;   58.79;    6.3;   -4.0;   -8.2;eor
        691;20200330;    1;  14.7;   3.3;    1;   6.1;   8;    2.033;   0;   4.3;   5.9; 1027.80;    1.7;   82.50;    8.7;   -5.9;   -8.7;eor
        691;20200331;    1;   6.2;   2.4;    1;   0.0;   0;    9.900;   0;   1.5;   4.6; 1029.66;    2.9;   63.00;    8.9;   -2.5;   -4.5;eor
        691;20200401;    1;   9.8;   3.8;    1;   0.0;   6;    1.183;   0;   6.3;   6.3; 1020.02;    3.8;   76.88;    8.0;   -2.7;   -5.8;eor
        691;20200402;    1;  15.1;   6.5;    1;   0.2;   6;    2.767;   0;   7.0;   7.2; 1010.18;    7.3;   70.75;   10.7;    3.4;    2.2;eor
        691;20200403;    1;  12.9;   5.2;    1;   0.0;   6;    5.383;   0;   5.0;   5.9; 1013.65;    6.1;   63.75;   10.1;    0.8;   -2.7;eor
        691;20200404;    1;   7.7;   2.6;    1;   0.0;   0;   10.333;   0;   1.8;   6.3; 1024.08;    6.9;   65.83;   14.3;   -1.3;   -4.7;eor
        691;20200405;    1;  13.0;   5.4;    1;   0.0;   0;   12.567;   0;   0.3;   6.7; 1023.98;   11.2;   51.46;   18.1;    3.6;    1.4;eor
        691;20200406;    1;  10.8;   4.3;    1;   0.0;   0;   12.600;   0;   0.3;   7.8; 1019.75;   14.1;   50.50;   23.0;    6.5;    5.1;eor
        691;20200407;    1;   7.5;   2.5;    1;   0.0;   0;    9.600;   0;   3.5;   9.3; 1030.32;   12.2;   68.46;   17.8;    4.7;    2.4;eor
        691;20200408;    1;   7.2;   3.3;    1;   0.0;   0;   11.300;   0;   4.3;   9.4; 1025.05;   14.8;   56.13;   23.1;    7.6;    5.3;eor
        691;20200409;    1;   9.8;   3.6;    1;   0.0;   0;   12.650;   0;   2.5;   8.8; 1025.14;   11.0;   69.50;   18.0;    4.1;    2.0;eor
        691;20200410;    1;   8.7;   3.2;    1;   0.0;   0;   12.483;   0;   5.0;   7.2; 1027.54;    7.8;   69.13;   13.7;    2.0;   -0.9;eor
        691;20200411;    1;   6.3;   2.0;    1;   0.0;   0;   12.617;   0;   5.9;   7.1; 1024.53;    9.9;   62.83;   17.6;   -0.4;   -1.9;eor
        691;20200412;    1;  10.6;   2.8;    1;   0.2;   6;   10.433;   0;   4.1;   8.9; 1014.19;   14.0;   56.88;   22.4;    4.9;    0.7;eor
        691;20200413;    1;  17.8;   8.1;    1;   0.2;   6;    6.300;   0;   5.5;   5.8; 1019.04;    6.9;   58.71;    9.9;    3.6;    3.2;eor
        691;20200414;    1;  11.3;   5.0;    1;   0.0;   6;    3.633;   0;   6.0;   6.2; 1024.08;    5.6;   69.29;   10.0;    1.2;   -1.0;eor
        691;20200415;    1;  11.8;   3.5;    1;   0.0;   0;   12.200;   0;   4.9;   7.0; 1022.30;    8.6;   65.83;   16.5;    1.0;   -1.2;eor
        691;20200416;    1;  10.1;   2.9;    1;   0.0;   0;   13.300;   0;   5.6;   8.2; 1017.80;    9.3;   71.79;   17.0;    1.6;   -1.4;eor
        691;20200417;    1;   7.9;   3.2;    1;   0.0;   0;   12.950;   0;   3.3;   7.5; 1018.32;    9.3;   67.04;   15.5;    4.6;    2.1;eor
        691;20200418;    1;  10.5;   4.7;    1;   0.0;   0;   13.567;   0;   2.7;   6.7; 1017.15;   11.4;   52.13;   18.9;    3.8;    0.5;eor
        691;20200419;    1;  12.5;   5.8;    1;   0.0;   0;   13.833;   0;   0.3;   5.0; 1021.80;    9.8;   43.08;   15.7;    3.1;    1.1;eor
        691;20200420;    1;  15.1;   6.1;    1;   0.0;   0;   13.850;   0;   0.3;   5.6; 1024.32;   10.7;   45.38;   17.1;    1.9;   -0.7;eor
        691;20200421;    1;  16.1;   7.3;    1;   0.0;   0;   13.783;   0;   0.0;   6.3; 1023.68;   12.2;   45.50;   17.9;    5.7;    4.1;eor
        691;20200422;    1;  15.3;   6.0;    1;   0.0;   0;   13.900;   0;   0.0;   7.2; 1024.16;   13.3;   48.92;   19.9;    6.5;    5.1;eor
        691;20200423;    1;  10.3;   3.1;    1;   0.0;   0;   12.983;   0;   1.8;   8.0; 1020.46;   13.7;   55.25;   22.3;    4.7;    1.1;eor
        691;20200424;    1;  12.9;   5.4;    1;   0.0;   6;   11.817;   0;   3.5;   8.6; 1011.45;   11.8;   64.58;   17.8;    7.5;    6.0;eor
        691;20200425;    1;  11.7;   4.9;    1;   0.0;   0;    8.700;   0;   4.1;   8.2; 1012.25;   10.6;   66.21;   16.3;    2.8;    0.5;eor
        691;20200426;    1;   8.2;   2.3;    1;   0.0;   0;    8.400;   0;   3.3;   8.0; 1011.40;    9.0;   71.92;   15.3;    2.1;    0.1;eor
        691;20200427;    1;   9.8;   2.6;    1;   0.0;   0;   12.633;   0;   3.1;   8.1; 1006.90;   12.7;   59.63;   20.6;    2.7;   -0.7;eor
        691;20200428;    1;   9.8;   4.0;    1;   1.8;   6;    4.817;   0;   6.8;   9.4; 1004.32;   11.8;   69.33;   16.5;    8.8;    8.1;eor
        691;20200429;    1;  10.3;   3.2;    1;   4.3;   6;    1.500;   0;   6.4;  11.4; 1003.21;   10.9;   86.58;   15.3;    8.2;    5.3;eor
        691;20200430;    1;  13.4;   4.8;    1;   0.1;   6;    5.000;   0;   6.7;  10.4;  999.49;   12.4;   73.46;   16.4;    8.7;    7.2;eor
        691;20200501;    1;  16.8;   4.9;    1;   8.7;   8;    4.867;   0;   6.3;   9.8;  998.78;    9.8;   81.63;   14.7;    7.0;    5.7;eor
        691;20200502;    1;  14.1;   4.7;    1;   1.4;   8;    3.717;   0;   6.0;  10.1; 1005.32;    9.4;   85.42;   13.8;    5.2;    2.8;eor
        691;20200503;    1;   8.7;   3.1;    1;   0.0;   6;    2.467;   0;   6.2;   9.8; 1015.66;   10.1;   80.21;   13.8;    4.1;    1.7;eor
        691;20200504;    1;  12.2;   4.3;    1;   0.0;   0;    9.367;   0;   3.4;   8.0; 1018.68;    9.6;   68.21;   14.7;    3.4;    0.2;eor
        691;20200505;    1;  11.0;   4.3;    1;   0.0;   6;   11.100;   0;   1.9;   7.1; 1021.40;    8.3;   66.58;   13.7;    0.8;   -1.4;eor
        691;20200506;    1;   9.8;   3.8;    1;   0.0;   0;   14.750;   0;   2.4;   7.6; 1024.61;    8.7;   71.13;   15.8;    0.7;   -1.8;eor
        691;20200507;    1;   9.3;   2.8;    1;   0.0;   0;    8.533;   0;   4.7;   8.5; 1022.90;   10.0;   72.33;   18.7;    2.1;   -1.0;eor
        691;20200508;    1;   6.2;   2.0;    1;   0.0;   0;   12.783;   0;   6.3;   8.3; 1018.10;   12.5;   61.58;   20.2;    1.9;   -0.3;eor
        691;20200509;    1;   9.4;   2.1;    1;   0.0;   0;   14.050;   0;   1.9;  10.1; 1013.48;   16.4;   58.88;   24.0;    7.2;    3.9;eor
        691;20200510;    1;  14.9;   4.2;    1;   0.7;   6;    9.433;   0;   5.3;  10.4; 1006.63;   14.3;   65.38;   23.8;    6.8;    4.3;eor
        691;20200511;    1;  15.1;   6.5;    1;   0.0;   0;    6.317;   0;   5.0;   6.2; 1012.05;    7.9;   59.38;   12.5;    1.4;   -1.5;eor
        691;20200512;    1;  14.2;   4.4;    1;   1.6;   6;    4.683;   0;   5.0;   7.3; 1015.75;    6.2;   77.67;   11.2;    0.9;   -1.5;eor
        691;20200513;    1;   9.3;   4.1;    1;   0.0;   6;    4.533;   0;   5.3;   7.6; 1012.69;    7.6;   73.21;   10.8;    2.3;   -0.8;eor
        691;20200514;    1;   9.8;   4.3;    1;   0.0;   0;   10.650;   0;   2.0;   6.1; 1019.16;    8.0;   58.29;   12.8;    1.6;   -1.2;eor
        691;20200515;    1;  12.5;   4.0;    1;   0.0;   6;    4.000;   0;   3.8;   7.3; 1020.40;    7.7;   70.88;   13.4;   -0.2;   -2.8;eor
        691;20200516;    1;  11.1;   3.8;    1;   0.0;   6;    7.717;   0;   5.6;   8.6; 1020.29;   10.7;   69.54;   17.8;    2.6;   -1.7;eor
        691;20200517;    1;  11.7;   4.3;    1;   0.0;   0;    8.917;   0;   3.6;   9.1; 1021.29;   12.0;   68.63;   19.2;    3.6;    0.4;eor
        691;20200518;    1;  10.8;   4.7;    1;   0.1;   6;    2.983;   0;   6.9;  10.9; 1020.17;   14.9;   66.04;   21.4;    7.0;    4.1;eor
        691;20200519;    1;   9.8;   3.4;    1;   0.0;   6;    2.017;   0;   7.0;  12.3; 1020.60;   14.8;   73.83;   18.9;   11.0;   10.0;eor
        691;20200520;    1;   5.1;   2.1;    1;   0.0;   6;    3.967;   0;   6.4;  11.9; 1022.59;   15.5;   68.33;   19.8;   11.2;    5.9;eor
        691;20200521;    1;   7.2;   2.2;    1;   0.0;   0;   14.967;   0;   3.8;  11.2; 1021.75;   17.6;   58.92;   24.2;    7.9;    4.0;eor
        691;20200522;    1;   8.7;   3.0;    1;   5.6;   6;    1.400;   0;   6.5;  14.3; 1017.06;   16.6;   75.17;   20.4;   12.4;    9.8;eor
        691;20200523;    1;  17.0;   4.7;    1;   2.2;   6;    5.650;   0;   5.2;  10.5; 1019.03;   13.9;   67.29;   19.0;    9.1;    6.7;eor
        691;20200524;    1;  14.6;   6.3;    1;   0.4;   6;    3.300;   0;   6.2;  11.6; 1023.88;   13.3;   76.04;   16.8;   10.6;    9.6;eor
        691;20200525;    1;  13.0;   6.4;    1;   0.0;   6;    1.550;   0;   7.0;  10.4; 1031.00;   12.2;   73.71;   15.1;    8.9;    6.3;eor
        691;20200526;    1;   5.5;   1.9;    1;   0.0;   0;    8.850;   0;   5.1;  10.9; 1034.84;   14.1;   70.46;   21.5;    8.9;    6.1;eor
        691;20200527;    1;  11.8;   3.8;    1;   0.0;   0;    9.817;   0;   3.8;  11.3; 1032.88;   14.5;   70.83;   21.5;    6.0;    4.3;eor
        691;20200528;    1;  10.5;   4.6;    1;   0.0;   0;   15.150;   0;   2.1;  10.0; 1032.61;   13.5;   66.21;   18.6;    8.2;    5.9;eor
        691;20200529;    1;  10.6;   2.7;    1;   0.0;   0;   15.317;   0;   2.0;   9.2; 1028.51;   15.4;   57.42;   22.5;    5.3;    2.2;eor
        691;20200530;    1;  10.3;   3.5;    1;   0.0;   0;   11.783;   0;   2.2;   9.1; 1025.12;   16.3;   51.88;   22.7;    8.7;    4.4;eor
        691;20200531;    1;  13.4;   4.7;    1;   0.0;   0;   13.767;   0;   5.2;   9.7; 1024.15;   16.3;   53.79;   21.6;    9.6;    6.2;eor
        691;20200601;    1;  12.7;   4.6;    1;   0.0;   0;   14.817;   0;   4.2;   9.8; 1023.47;   17.7;   49.88;   25.0;    9.5;    4.9;eor
        691;20200602;    1;   7.7;   2.8;    1;   0.0;   0;   14.900;   0;   6.5;  11.0; 1016.76;   19.9;   50.00;   27.0;   10.1;    6.2;eor
        691;20200603;    1;  11.7;   3.4;    1;   0.1;   6;   11.000;   0;   6.6;  12.8; 1003.34;   20.4;   55.13;   28.4;   15.0;   11.1;eor
        691;20200604;    1;  12.3;   3.6;    1;   7.9;   6;    1.233;   0;   7.2;  14.3;  994.07;   14.1;   88.38;   17.9;   10.3;    9.8;eor
        691;20200605;    1;  16.6;   5.8;    1;   1.3;   6;    6.583;   0;   5.8;  10.3;  992.38;   11.0;   79.75;   16.2;    7.2;    6.1;eor
        691;20200606;    1;  18.2;   5.3;    1;   0.0;   6;    8.267;   0;   4.0;   9.4;  998.02;   11.8;   69.54;   17.4;    6.8;    5.5;eor
        691;20200607;    1;  14.4;   4.6;    1;   4.2;   6;    6.900;   0;   5.9;  10.6; 1005.18;   12.9;   71.50;   17.9;    9.0;    6.8;eor
        691;20200608;    1;   8.7;   2.1;    1;   0.4;   6;    3.183;   0;   6.3;  12.3; 1013.29;   14.1;   77.21;   17.4;    9.6;    7.2;eor
        691;20200609;    1;  10.1;   4.4;    1;   0.0;   6;    6.800;   0;   6.5;  10.5; 1017.80;   13.9;   66.67;   19.3;   10.5;    9.4;eor
