STATIONS_ID;MESS_DATUM;QN_3;  FX;  FM;QN_4; RSK;RSKF; SDK;SHK_TAG;  NM; VPM;  PM; TMK; UPM; TXK; TNK; TGK;eor
       1424;20181208;-999;-999;-999;    3;   4.9;   4;-999;-999;  -999;   8.8;    -999;    8.0;   82.00;    9.2;    6.7;    4.9;eor
       1424;20181209;-999;-999;-999;    3;   4.9;   4;-999;-999;  -999;   8.9;    -999;    8.0;   82.67;   10.0;    6.1;    3.8;eor
       1424;20181210;-999;-999;-999;    3;   0.8;   4;-999;-999;  -999;   7.4;    -999;    5.4;   82.25;    6.9;    3.9;    1.2;eor
       1424;20181211;-999;-999;-999;    3;   0.1;   4;-999;-999;  -999;   7.1;    -999;    4.6;   83.50;    6.7;    3.7;    0.5;eor
       1424;20181212;-999;-999;-999;    3;   0.0;   0;-999;-999;  -999;   6.7;    -999;    3.9;   82.96;    5.6;    2.3;    0.1;eor
       1424;20181213;-999;-999;-999;    3;   0.0;   0;-999;-999;  -999;   5.0;    -999;    1.6;   73.79;    3.3;   -0.1;   -2.0;eor
       1424;20181214;-999;-999;-999;    3;   0.0;   0;-999;-999;  -999;   4.2;    -999;    1.0;   64.00;    1.4;    0.4;   -0.2;eor
       1424;20181215;-999;-999;-999;    3;   0.3;   4;-999;-999;  -999;   4.2;    -999;    0.6;   65.46;    1.4;   -1.0;   -2.4;eor
       1424;20181216;-999;-999;-999;    3;   1.0;   4;-999;-999;  -999;   5.3;    -999;   -0.5;   90.08;    1.3;   -2.1;   -2.3;eor
       1424;20181217;-999;-999;-999;    3;   0.6;   4;-999;-999;  -999;   7.7;    -999;    3.4;   98.75;    5.0;    1.3;    0.6;eor
       1424;20181218;-999;-999;-999;    3;   0.2;   4;-999;-999;  -999;   7.9;    -999;    4.8;   90.92;    7.1;    2.8;    0.0;eor
       1424;20181219;-999;-999;-999;    3;   1.0;   4;-999;-999;  -999;   7.3;    -999;    4.1;   88.79;    5.5;    2.7;    1.6;eor
       1424;20181220;-999;-999;-999;    3;   3.7;   4;-999;-999;  -999;   9.0;    -999;    6.5;   93.04;    7.5;    4.6;    4.2;eor
       1424;20181221;-999;-999;-999;    3;  10.0;   4;-999;-999;  -999;  10.4;    -999;    9.3;   88.25;   12.4;    6.9;    5.7;eor
       1424;20181222;-999;-999;-999;    3;   0.7;   4;-999;-999;  -999;   9.7;    -999;   11.2;   73.17;   13.1;    9.3;    7.1;eor
       1424;20181223;-999;-999;-999;    3;  13.3;   4;-999;-999;  -999;  10.2;    -999;    8.9;   89.29;   12.1;    7.8;    6.0;eor
       1424;20181224;-999;-999;-999;    3;   0.0;   0;-999;-999;  -999;   7.2;    -999;    5.4;   80.04;    8.4;   -0.1;   -2.8;eor
       1424;20181225;-999;-999;-999;    3;   0.0;   0;-999;-999;  -999;   6.0;    -999;    1.8;   85.88;    3.3;   -0.4;   -3.2;eor
       1424;20181226;-999;-999;-999;    3;   0.0;   0;-999;-999;  -999;   5.6;    -999;   -1.0;   99.08;    0.6;   -2.5;   -3.2;eor
       1424;20181227;-999;-999;-999;    3;   0.0;   0;-999;-999;  -999;   5.8;    -999;   -0.6;   99.08;    0.3;   -1.4;   -1.1;eor
       1424;20181228;-999;-999;-999;    3;   0.0;   4;-999;-999;  -999;   6.0;    -999;   -0.2;   99.08;    0.5;   -0.8;   -0.6;eor
       1424;20181229;-999;-999;-999;    3;   0.4;   4;-999;-999;  -999;   6.7;    -999;    1.6;   97.13;    5.6;   -0.4;   -0.3;eor
       1424;20181230;-999;-999;-999;    3;   0.0;   0;-999;-999;  -999;   8.2;    -999;    7.4;   79.38;    8.4;    5.6;    4.4;eor
       1424;20181231;-999;-999;-999;    3;   0.0;   4;-999;-999;  -999;   9.8;    -999;    7.4;   95.38;    9.1;    6.0;    5.6;eor
       1424;20190101;-999;-999;-999;    3;   1.5;   4;-999;-999;  -999;   8.8;    -999;    6.9;   87.63;    8.1;    4.3;    2.2;eor
       1424;20190102;-999;-999;-999;    3;   0.5;   4;-999;-999;  -999;   5.2;    -999;    3.9;   63.71;    6.2;   -0.8;   -4.6;eor
       1424;20190103;-999;-999;-999;    3;   0.0;   4;-999;-999;  -999;   5.8;    -999;    1.9;   82.71;    4.2;   -0.8;   -4.2;eor
       1424;20190104;-999;-999;-999;    3;   2.8;   4;-999;-999;  -999;   6.5;    -999;    2.2;   91.50;    4.3;   -0.5;   -3.0;eor
       1424;20190105;-999;-999;-999;    3;   0.2;   4;-999;-999;  -999;   8.2;    -999;    6.1;   87.50;    8.6;    3.3;    2.9;eor
       1424;20190106;-999;-999;-999;    3;   0.2;   4;-999;-999;  -999;   8.0;    -999;    6.9;   80.54;    8.0;    5.4;    4.2;eor
       1424;20190107;-999;-999;-999;    3;   4.4;   4;-999;-999;  -999;   7.4;    -999;    5.6;   81.42;    7.1;    4.1;    3.3;eor
       1424;20190108;-999;-999;-999;    3;   1.3;   4;-999;-999;  -999;   7.9;    -999;    5.8;   85.58;    7.0;    4.2;    2.3;eor
       1424;20190109;-999;-999;-999;    3;   0.0;   0;-999;-999;  -999;   5.6;    -999;    3.7;   69.96;    5.0;    2.5;    0.1;eor
       1424;20190110;-999;-999;-999;    3;   0.1;   4;-999;-999;  -999;   5.0;    -999;    1.9;   71.54;    3.5;   -0.2;   -2.4;eor
       1424;20190111;-999;-999;-999;    3;   0.8;   4;-999;-999;  -999;   6.3;    -999;    1.1;   94.38;    2.7;    0.1;   -0.6;eor
       1424;20190112;-999;-999;-999;    3;   6.1;   4;-999;-999;  -999;   8.1;    -999;    4.7;   94.71;    6.2;    2.7;    2.2;eor
       1424;20190113;-999;-999;-999;    3;   3.9;   4;-999;-999;  -999;   9.4;    -999;    7.5;   90.46;    9.7;    5.5;    3.5;eor
       1424;20190114;-999;-999;-999;    3;   0.2;   4;-999;-999;  -999;   7.0;    -999;    5.4;   76.88;    7.7;    3.0;   -0.1;eor
       1424;20190115;-999;-999;-999;    3;   0.1;   4;-999;-999;  -999;   6.9;    -999;    5.0;   79.63;    6.8;    3.0;    1.9;eor
       1424;20190116;-999;-999;-999;    3;   0.2;   4;-999;-999;  -999;   6.8;    -999;    5.3;   76.88;    6.1;    3.9;    1.6;eor
       1424;20190117;-999;-999;-999;    3;   1.6;   4;-999;-999;  -999;   7.3;    -999;    5.3;   81.71;    8.1;    2.0;    0.0;eor
       1424;20190118;-999;-999;-999;    3;   0.0;   0;-999;-999;  -999;   5.2;    -999;    1.8;   74.58;    3.9;   -1.5;   -4.1;eor
       1424;20190119;-999;-999;-999;    3;   0.0;   0;-999;-999;  -999;   4.2;    -999;   -0.9;   74.08;    2.9;   -3.8;   -6.5;eor
       1424;20190120;-999;-999;-999;    3;   0.0;   0;-999;-999;  -999;   4.0;    -999;   -2.3;   77.50;    1.0;   -5.2;   -7.1;eor
       1424;20190121;-999;-999;-999;    3;   0.0;   0;-999;-999;  -999;   4.0;    -999;   -3.1;   82.33;    0.7;   -6.0;   -8.1;eor
       1424;20190122;-999;-999;-999;    3;   0.0;   0;-999;-999;  -999;   4.1;    -999;   -3.7;   88.92;   -1.3;   -7.2;   -8.9;eor
       1424;20190123;-999;-999;-999;    3;   0.0;   0;-999;-999;  -999;   4.1;    -999;   -1.7;   75.50;   -1.4;   -2.2;   -2.5;eor
       1424;20190124;-999;-999;-999;    3;   0.1;   4;-999;-999;  -999;   4.1;    -999;   -2.9;   82.33;   -2.1;   -4.3;   -4.8;eor
       1424;20190125;-999;-999;-999;    3;   0.5;   4;-999;-999;  -999;   4.8;    -999;   -1.2;   84.67;    1.6;   -2.8;   -3.4;eor
       1424;20190126;-999;-999;-999;    3;   1.6;   4;-999;-999;  -999;   7.2;    -999;    2.9;   95.83;    4.9;    0.3;   -0.2;eor
       1424;20190127;-999;-999;-999;    3;   2.6;   4;-999;-999;  -999;   8.0;    -999;    5.4;   89.58;    7.2;    2.8;    1.2;eor
       1424;20190128;-999;-999;-999;    3;   3.8;   4;-999;-999;  -999;   6.6;    -999;    2.9;   87.67;    4.0;    1.7;    0.5;eor
       1424;20190129;-999;-999;-999;    3;   0.0;   0;-999;-999;  -999;   5.9;    -999;    2.1;   83.58;    4.0;    0.4;   -1.0;eor
       1424;20190130;-999;-999;-999;    3;   1.4;   4;-999;-999;  -999;   5.6;    -999;    0.9;   86.04;    3.2;   -0.9;   -2.3;eor
       1424;20190131;-999;-999;-999;    3;   1.3;   4;-999;-999;  -999;   5.5;    -999;    0.3;   88.33;    2.1;   -0.9;   -6.0;eor
       1424;20190201;-999;-999;-999;    3;   0.7;   4;-999;-999;  -999;   6.6;    -999;    2.3;   91.38;    4.7;   -0.4;   -1.0;eor
       1424;20190202;-999;-999;-999;    3;   0.1;   4;-999;-999;  -999;   7.5;    -999;    3.5;   95.38;    4.9;    2.1;    0.4;eor
       1424;20190203;-999;-999;-999;    3;   0.0;   0;-999;-999;  -999;   5.9;    -999;    3.2;   76.42;    4.3;    1.9;   -1.8;eor
       1424;20190204;-999;-999;-999;    3;   0.0;   0;-999;-999;  -999;   5.3;    -999;    2.6;   73.50;    5.9;   -1.1;   -4.7;eor
       1424;20190205;-999;-999;-999;    3;   0.0;   0;-999;-999;  -999;   5.6;    -999;    3.2;   73.08;    5.4;    1.2;   -1.7;eor
       1424;20190206;-999;-999;-999;    3;   0.0;   0;-999;-999;  -999;   5.8;    -999;    2.5;   79.54;    7.1;   -0.5;   -3.4;eor
       1424;20190207;-999;-999;-999;    3;   0.8;   4;-999;-999;  -999;   6.7;    -999;    2.4;   90.33;    5.1;    0.3;   -1.4;eor
       1424;20190208;-999;-999;-999;    3;   3.4;   4;-999;-999;  -999;   7.8;    -999;    7.0;   78.63;    9.1;    4.7;    2.0;eor
       1424;20190209;-999;-999;-999;    3;   2.1;   4;-999;-999;  -999;   8.3;    -999;    8.1;   76.92;   10.2;    5.8;    3.7;eor
       1424;20190210;-999;-999;-999;    3;  15.6;   4;-999;-999;  -999;   8.7;    -999;    7.7;   82.75;   10.1;    5.8;    3.1;eor
       1424;20190211;-999;-999;-999;    3;   0.0;   0;-999;-999;  -999;   6.9;    -999;    5.2;   78.08;    7.8;    2.5;   -1.1;eor
       1424;20190212;-999;-999;-999;    3;   0.0;   0;-999;-999;  -999;   6.3;    -999;    4.5;   74.75;    6.6;    2.1;   -1.0;eor
       1424;20190213;-999;-999;-999;    3;   0.0;   0;-999;-999;  -999;   6.1;    -999;    3.6;   77.38;    7.9;    0.4;   -2.4;eor
       1424;20190214;-999;-999;-999;    3;   0.0;   0;-999;-999;  -999;   6.2;    -999;    4.2;   77.00;   11.4;   -0.9;   -4.2;eor
       1424;20190215;-999;-999;-999;    3;   0.0;   0;-999;-999;  -999;   6.5;    -999;    6.3;   71.75;   14.3;    0.2;   -3.3;eor
       1424;20190216;-999;-999;-999;    3;   0.0;   0;-999;-999;  -999;   6.9;    -999;    6.4;   73.13;   13.2;    0.1;   -3.3;eor
       1424;20190217;-999;-999;-999;    3;   0.0;   0;-999;-999;  -999;   6.9;    -999;    6.2;   75.00;   14.6;    0.6;   -3.4;eor
       1424;20190218;-999;-999;-999;    3;   0.0;   0;-999;-999;  -999;   6.8;    -999;    6.9;   71.04;   14.4;    0.5;   -4.0;eor
       1424;20190219;-999;-999;-999;    3;   1.3;   4;-999;-999;  -999;   7.3;    -999;    7.0;   73.33;   11.1;    3.9;   -0.3;eor
       1424;20190220;-999;-999;-999;    3;   0.0;   0;-999;-999;  -999;   7.6;    -999;    6.5;   79.75;   11.0;    2.3;   -0.9;eor
       1424;20190221;-999;-999;-999;    3;   0.0;   0;-999;-999;  -999;   8.7;    -999;    8.0;   80.54;   12.0;    3.6;    0.0;eor
       1424;20190222;-999;-999;-999;    3;   0.0;   0;-999;-999;  -999;   9.6;    -999;   10.2;   76.79;   13.2;    5.5;    1.2;eor
       1424;20190223;-999;-999;-999;    3;   0.0;   0;-999;-999;  -999;   5.4;    -999;    5.2;   62.88;    9.5;    1.5;   -1.7;eor
       1424;20190224;-999;-999;-999;    3;   0.0;   0;-999;-999;  -999;   4.0;    -999;    5.7;   46.58;   12.4;   -0.2;   -4.8;eor
       1424;20190225;-999;-999;-999;    3;   0.0;   0;-999;-999;  -999;   5.0;    -999;    8.1;   49.00;   16.8;    0.4;   -4.3;eor
       1424;20190226;-999;-999;-999;    3;   0.0;   0;-999;-999;  -999;   6.8;    -999;    9.6;   60.17;   19.3;    1.9;   -2.8;eor
       1424;20190227;-999;-999;-999;    3;   0.0;   0;-999;-999;  -999;   5.5;    -999;    9.7;   50.67;   19.2;    1.2;   -4.0;eor
       1424;20190228;-999;-999;-999;    3;   0.8;   4;-999;-999;  -999;   7.9;    -999;   10.8;   61.25;   18.3;    4.8;   -4.0;eor
       1424;20190301;-999;-999;-999;    3;   0.2;   4;-999;-999;  -999;   9.8;    -999;    9.2;   83.83;   12.3;    6.6;    5.0;eor
       1424;20190302;-999;-999;-999;    3;   0.0;   0;-999;-999;  -999;   8.8;    -999;    8.6;   78.50;   11.7;    6.1;    4.7;eor
       1424;20190303;-999;-999;-999;    3;   0.0;   0;-999;-999;  -999;   9.7;    -999;   10.9;   74.46;   12.1;    9.5;    6.7;eor
       1424;20190304;-999;-999;-999;    3;   3.3;   4;-999;-999;  -999;   8.5;    -999;    9.9;   69.71;   13.1;    6.2;    2.4;eor
       1424;20190305;-999;-999;-999;    3;   0.6;   4;-999;-999;  -999;   7.6;    -999;    6.8;   77.58;    9.4;    4.4;    2.1;eor
       1424;20190306;-999;-999;-999;    3;   1.2;   4;-999;-999;  -999;   8.3;    -999;   10.3;   69.04;   16.3;    5.3;    0.2;eor
       1424;20190307;-999;-999;-999;    3;   0.2;   4;-999;-999;  -999;   8.8;    -999;   10.8;   68.08;   13.4;    7.7;    4.7;eor
       1424;20190308;-999;-999;-999;    3;   1.5;   4;-999;-999;  -999;   7.7;    -999;    8.4;   70.00;   11.4;    7.2;    3.4;eor
       1424;20190309;-999;-999;-999;    3;   4.1;   4;-999;-999;  -999;   8.9;    -999;    9.9;   73.00;   13.1;    7.9;    5.9;eor
       1424;20190310;-999;-999;-999;    3;   5.0;   4;-999;-999;  -999;   8.7;    -999;    9.9;   71.67;   15.6;    3.3;    2.4;eor
       1424;20190311;-999;-999;-999;    3;   0.2;   4;-999;-999;  -999;   6.1;    -999;    5.1;   69.33;    7.0;    1.7;    0.2;eor
       1424;20190312;-999;-999;-999;    3;   0.0;   0;-999;-999;  -999;   5.4;    -999;    7.1;   55.63;   10.6;    2.2;    0.1;eor
       1424;20190313;-999;-999;-999;    3;   3.2;   4;-999;-999;  -999;   7.1;    -999;    6.7;   72.58;    8.5;    4.5;    3.1;eor
       1424;20190314;-999;-999;-999;    3;  11.6;   4;-999;-999;  -999;   8.4;    -999;    6.2;   87.67;    8.3;    4.6;    2.9;eor
       1424;20190315;-999;-999;-999;    3;  11.1;   4;-999;-999;  -999;  10.3;    -999;   10.0;   83.08;   13.9;    7.1;    4.8;eor
       1424;20190316;-999;-999;-999;    3;   0.8;   4;-999;-999;  -999;  10.1;    -999;   10.3;   80.79;   12.3;    8.1;    7.1;eor
       1424;20190317;-999;-999;-999;    3;   5.9;   4;-999;-999;  -999;   8.3;    -999;    8.2;   76.21;   10.5;    3.4;    1.0;eor
       1424;20190318;-999;-999;-999;    3;   1.2;   4;-999;-999;  -999;   6.8;    -999;    5.3;   77.21;    9.7;    2.5;   -0.7;eor
       1424;20190319;-999;-999;-999;    3;   0.0;   0;-999;-999;  -999;   5.9;    -999;    5.4;   69.29;   11.1;    0.5;   -2.6;eor
       1424;20190320;-999;-999;-999;    3;   0.0;   0;-999;-999;  -999;   5.9;    -999;    6.8;   63.17;   13.8;   -0.4;   -2.8;eor
       1424;20190321;-999;-999;-999;    3;   0.0;   0;-999;-999;  -999;   6.4;    -999;    9.7;   56.25;   16.9;    2.3;   -1.2;eor
       1424;20190322;-999;-999;-999;    3;   0.0;   0;-999;-999;  -999;   7.3;    -999;   12.1;   56.00;   19.6;    4.8;    0.9;eor
       1424;20190323;-999;-999;-999;    3;   0.0;   0;-999;-999;  -999;   8.6;    -999;   10.6;   68.83;   18.4;    4.3;    0.3;eor
       1424;20190324;-999;-999;-999;    3;   0.0;   0;-999;-999;  -999;   8.5;    -999;    9.4;   72.08;   14.0;    5.9;    1.4;eor
       1424;20190325;-999;-999;-999;    3;   0.5;   4;-999;-999;  -999;   6.9;    -999;    6.1;   72.75;    9.7;    3.9;   -0.4;eor
       1424;20190326;-999;-999;-999;    3;   0.0;   0;-999;-999;  -999;   6.7;    -999;    6.4;   70.00;    9.7;    1.9;   -1.9;eor
       1424;20190327;-999;-999;-999;    3;   0.0;   0;-999;-999;  -999;   7.1;    -999;    7.6;   68.92;   11.8;    2.6;   -1.3;eor
       1424;20190328;-999;-999;-999;    3;   0.0;   0;-999;-999;  -999;   8.1;    -999;    9.5;   69.29;   15.4;    3.3;   -0.9;eor
       1424;20190329;-999;-999;-999;    3;   0.0;   0;-999;-999;  -999;   8.5;    -999;   11.9;   63.63;   17.5;    6.2;    2.3;eor
       1424;20190330;-999;-999;-999;    3;   0.0;   0;-999;-999;  -999;   8.0;    -999;   12.8;   58.04;   20.6;    4.5;    0.7;eor
       1424;20190331;-999;-999;-999;    3;   0.0;   0;-999;-999;  -999;   8.5;    -999;   12.2;   60.63;   19.4;    6.8;    2.0;eor
       1424;20190401;-999;-999;-999;    3;   0.0;   0;-999;-999;  -999;   7.5;    -999;   10.8;   60.25;   18.0;    4.3;    2.9;eor
       1424;20190402;-999;-999;-999;    3;   0.4;   4;-999;-999;  -999;   8.4;    -999;   12.8;   57.83;   20.6;    5.7;    3.1;eor
       1424;20190403;-999;-999;-999;    3;   9.6;   4;-999;-999;  -999;   9.5;    -999;    9.2;   82.04;   12.7;    5.7;    5.2;eor
       1424;20190404;-999;-999;-999;    3;   2.4;   4;-999;-999;  -999;   8.5;    -999;    6.0;   90.71;    7.0;    5.2;    5.0;eor
       1424;20190405;-999;-999;-999;    3;   0.1;   4;-999;-999;  -999;   9.2;    -999;    7.1;   91.21;    8.9;    5.1;    4.5;eor
       1424;20190406;-999;-999;-999;    3;   0.0;   0;-999;-999;  -999;  10.3;    -999;   12.3;   74.08;   17.9;    6.5;    2.9;eor
       1424;20190407;-999;-999;-999;    3;   0.0;   0;-999;-999;  -999;   8.8;    -999;   14.9;   54.25;   20.5;    8.9;    5.3;eor
       1424;20190408;-999;-999;-999;    3;   0.0;   0;-999;-999;  -999;  11.5;    -999;   13.3;   75.83;   17.4;   10.3;    9.5;eor
       1424;20190409;-999;-999;-999;    3;   1.4;   4;-999;-999;  -999;  11.1;    -999;   12.1;   79.13;   18.0;    8.9;    6.0;eor
       1424;20190410;-999;-999;-999;    3;   0.0;   0;-999;-999;  -999;   6.9;    -999;    9.8;   58.13;   15.0;    5.0;    1.9;eor
       1424;20190411;-999;-999;-999;    3;   0.0;   0;-999;-999;  -999;   4.7;    -999;    6.8;   49.63;   12.4;    2.1;   -1.8;eor
       1424;20190412;-999;-999;-999;    3;   0.0;   0;-999;-999;  -999;   4.9;    -999;    4.5;   58.00;    8.0;    0.9;   -3.2;eor
       1424;20190413;-999;-999;-999;    3;   1.9;   4;-999;-999;  -999;   5.5;    -999;    4.3;   68.08;    8.2;    2.0;    1.8;eor
       1424;20190414;-999;-999;-999;    3;   0.0;   0;-999;-999;  -999;   6.4;    -999;    6.3;   69.46;   11.9;    2.3;    1.2;eor
       1424;20190415;-999;-999;-999;    3;   0.0;   0;-999;-999;  -999;   7.1;    -999;   11.2;   58.04;   19.0;    4.1;    0.2;eor
       1424;20190416;-999;-999;-999;    3;   1.8;   4;-999;-999;  -999;   7.2;    -999;   12.9;   49.21;   19.3;    5.8;    0.8;eor
       1424;20190417;-999;-999;-999;    3;   0.4;   4;-999;-999;  -999;   9.7;    -999;   13.9;   63.83;   18.8;   10.4;    5.9;eor
       1424;20190418;-999;-999;-999;    3;   0.0;   0;-999;-999;  -999;   7.6;    -999;   16.3;   43.50;   23.1;    9.3;    4.4;eor
       1424;20190419;-999;-999;-999;    3;   0.0;   0;-999;-999;  -999;   7.0;    -999;   17.7;   37.25;   24.7;   10.2;    3.1;eor
       1424;20190420;-999;-999;-999;    3;   0.0;   0;-999;-999;  -999;   7.6;    -999;   18.4;   38.75;   25.7;   11.3;    3.4;eor
       1424;20190421;-999;-999;-999;    3;   0.0;   0;-999;-999;  -999;   7.2;    -999;   18.2;   37.17;   25.5;   11.3;    2.6;eor
       1424;20190422;-999;-999;-999;    3;   0.0;   0;-999;-999;  -999;   7.4;    -999;   17.9;   39.71;   25.9;    9.8;    2.4;eor
       1424;20190423;-999;-999;-999;    3;   0.0;   0;-999;-999;  -999;   9.1;    -999;   16.7;   48.42;   23.5;    9.5;    8.8;eor
       1424;20190424;-999;-999;-999;    3;   0.6;   4;-999;-999;  -999;  10.9;    -999;   17.2;   59.00;   25.2;    8.7;    5.5;eor
       1424;20190425;-999;-999;-999;    3;   0.4;   4;-999;-999;  -999;   9.5;    -999;   16.0;   58.13;   25.9;    7.1;    3.9;eor
       1424;20190426;-999;-999;-999;    3;   4.8;   4;-999;-999;  -999;  11.1;    -999;   11.0;   84.63;   12.8;    9.5;    7.9;eor
       1424;20190427;-999;-999;-999;    3;   6.7;   4;-999;-999;  -999;  10.6;    -999;    9.6;   88.00;   12.9;    7.7;    5.9;eor
       1424;20190428;-999;-999;-999;    3;   0.0;   0;-999;-999;  -999;   8.1;    -999;    8.9;   72.38;   13.7;    5.4;    2.3;eor
       1424;20190429;-999;-999;-999;    3;   3.0;   4;-999;-999;  -999;   9.5;    -999;    9.6;   80.88;   15.2;    4.0;    1.0;eor
       1424;20190430;-999;-999;-999;    3;   0.0;   0;-999;-999;  -999;   8.8;    -999;   13.6;   59.58;   19.4;    9.2;    6.2;eor
       1424;20190501;-999;-999;-999;    3;   0.0;   0;-999;-999;  -999;   9.2;    -999;   14.6;   58.29;   21.3;    7.8;    4.0;eor
       1424;20190502;-999;-999;-999;    3;   0.0;   0;-999;-999;  -999;   9.8;    -999;   13.9;   63.50;   19.1;    9.1;    5.3;eor
       1424;20190503;-999;-999;-999;    3;   3.9;   4;-999;-999;  -999;   7.9;    -999;   11.5;   59.00;   15.0;    7.7;    4.4;eor
       1424;20190504;-999;-999;-999;    3;   2.4;   4;-999;-999;  -999;   7.3;    -999;    6.4;   75.88;    9.8;    2.7;    0.8;eor
       1424;20190505;-999;-999;-999;    3;   0.0;   0;-999;-999;  -999;   6.6;    -999;    6.9;   67.71;   11.8;    1.5;   -1.2;eor
       1424;20190506;-999;-999;-999;    3;   0.0;   0;-999;-999;  -999;   6.6;    -999;    8.8;   59.71;   12.0;    3.8;    0.8;eor
       1424;20190507;-999;-999;-999;    3;   0.0;   0;-999;-999;  -999;   7.2;    -999;   10.4;   58.75;   14.8;    7.1;    5.3;eor
       1424;20190508;-999;-999;-999;    3;   8.5;   4;-999;-999;  -999;  10.7;    -999;    9.9;   86.33;   12.8;    6.0;    4.0;eor
       1424;20190509;-999;-999;-999;    3;   7.2;   4;-999;-999;  -999;  11.8;    -999;   10.7;   91.29;   12.7;    8.6;    6.6;eor
       1424;20190510;-999;-999;-999;    3;  12.7;   4;-999;-999;  -999;   9.2;    -999;   13.6;   62.42;   18.7;    9.3;    7.1;eor
       1424;20190511;-999;-999;-999;    3;   3.4;   4;-999;-999;  -999;  11.4;    -999;    9.9;   92.96;   11.6;    6.7;    3.8;eor
       1424;20190512;-999;-999;-999;    3;   0.0;   0;-999;-999;  -999;   7.6;    -999;    9.8;   64.92;   15.7;    5.1;    2.1;eor
       1424;20190513;-999;-999;-999;    3;   0.0;   0;-999;-999;  -999;   6.3;    -999;   11.1;   50.50;   17.0;    4.8;    2.5;eor
       1424;20190514;-999;-999;-999;    3;   0.0;   0;-999;-999;  -999;   6.3;    -999;   10.9;   50.25;   16.5;    5.7;    3.3;eor
       1424;20190515;-999;-999;-999;    3;   0.0;   0;-999;-999;  -999;   6.0;    -999;   10.5;   49.33;   16.2;    4.6;    2.4;eor
       1424;20190516;-999;-999;-999;    3;   0.2;   4;-999;-999;  -999;   8.7;    -999;   10.7;   67.88;   16.1;    8.4;    7.8;eor
       1424;20190517;-999;-999;-999;    3;   0.0;   0;-999;-999;  -999;  11.1;    -999;   13.1;   75.08;   18.8;    8.4;    8.0;eor
       1424;20190518;-999;-999;-999;    3;   2.7;   4;-999;-999;  -999;  12.8;    -999;   16.2;   72.79;   23.5;    9.6;    6.8;eor
       1424;20190519;-999;-999;-999;    3;   0.1;   4;-999;-999;  -999;  13.6;    -999;   17.4;   71.71;   25.3;   12.7;   10.8;eor
       1424;20190520;-999;-999;-999;    3;   6.9;   4;-999;-999;  -999;  14.4;    -999;   15.1;   83.92;   20.1;   11.6;    9.0;eor
       1424;20190521;-999;-999;-999;    3;   1.2;   4;-999;-999;  -999;  13.7;    -999;   13.7;   87.67;   16.2;   12.2;   11.8;eor
       1424;20190522;-999;-999;-999;    3;   0.0;   0;-999;-999;  -999;  11.7;    -999;   13.7;   75.25;   17.7;   10.0;    6.8;eor
       1424;20190523;-999;-999;-999;    3;   0.0;   0;-999;-999;  -999;  10.6;    -999;   15.7;   63.38;   22.2;    8.1;    5.7;eor
       1424;20190524;-999;-999;-999;    3;   0.2;   4;-999;-999;  -999;  11.6;    -999;   18.1;   58.75;   24.3;   11.5;    9.0;eor
       1424;20190525;-999;-999;-999;    3;   0.0;   0;-999;-999;  -999;  11.3;    -999;   18.3;   55.71;   23.3;   13.3;   10.0;eor
       1424;20190526;-999;-999;-999;    3;   0.0;   0;-999;-999;  -999;  11.3;    -999;   17.9;   57.46;   23.6;   10.6;    7.7;eor
       1424;20190527;-999;-999;-999;    3;   5.0;   4;-999;-999;  -999;  14.8;    -999;   15.7;   83.58;   19.6;   12.3;   10.9;eor
       1424;20190528;-999;-999;-999;    3;   2.7;   4;-999;-999;  -999;  12.9;    -999;   14.4;   79.71;   20.2;   11.5;    9.7;eor
       1424;20190529;-999;-999;-999;    3;   0.0;   0;-999;-999;  -999;  10.3;    -999;   14.6;   63.71;   19.3;   10.6;    8.8;eor
       1424;20190530;-999;-999;-999;    3;   0.0;   0;-999;-999;  -999;  12.5;    -999;   16.7;   66.67;   20.6;    9.8;    8.0;eor
       1424;20190531;-999;-999;-999;    3;   0.0;   0;-999;-999;  -999;  14.7;    -999;   20.4;   63.08;   25.4;   15.9;   13.4;eor
       1424;20190601;-999;-999;-999;    3;   0.0;   0;-999;-999;  -999;  15.2;    -999;   21.6;   62.13;   28.4;   14.0;   11.9;eor
       1424;20190602;-999;-999;-999;    3;   0.0;   0;-999;-999;  -999;  13.8;    -999;   24.2;   50.79;   31.2;   15.1;   12.6;eor
       1424;20190603;-999;-999;-999;    3;  11.0;   4;-999;-999;  -999;  17.2;    -999;   22.1;   66.79;   30.6;   17.0;   13.9;eor
       1424;20190604;-999;-999;-999;    3;   0.1;   4;-999;-999;  -999;  16.9;    -999;   23.8;   61.33;   31.0;   15.5;   13.6;eor
       1424;20190605;-999;-999;-999;    3;   1.4;   4;-999;-999;  -999;  16.9;    -999;   25.0;   54.67;   30.5;   19.8;   16.3;eor
       1424;20190606;-999;-999;-999;    3;   0.8;   4;-999;-999;  -999;  13.7;    -999;   15.4;   78.50;   22.6;   11.0;    8.7;eor
       1424;20190607;-999;-999;-999;    3;   0.7;   4;-999;-999;  -999;  13.6;    -999;   16.4;   75.46;   26.3;    9.3;    7.8;eor
       1424;20190608;-999;-999;-999;    3;   0.0;   0;-999;-999;  -999;   9.9;    -999;   16.4;   53.96;   20.0;   12.4;    8.8;eor
       1424;20190609;-999;-999;-999;    3;   0.0;   0;-999;-999;  -999;  11.8;    -999;   18.6;   57.88;   24.7;    9.4;    7.1;eor
       1424;20190610;-999;-999;-999;    3;  11.5;   4;-999;-999;  -999;  16.3;    -999;   19.1;   73.96;   23.2;   16.4;   15.2;eor
       1424;20190611;-999;-999;-999;    3;   0.0;   0;-999;-999;  -999;  16.1;    -999;   18.1;   78.33;   21.4;   14.2;   14.3;eor
       1424;20190612;-999;-999;-999;    3;   9.7;   4;-999;-999;  -999;  14.8;    -999;   17.2;   76.54;   20.5;   13.8;   11.7;eor
       1424;20190613;-999;-999;-999;    3;   0.0;   0;-999;-999;  -999;  12.5;    -999;   18.9;   59.88;   24.3;   13.3;   10.8;eor
       1424;20190614;-999;-999;-999;    3;   0.0;   4;-999;-999;  -999;  15.5;    -999;   19.4;   69.17;   25.3;   11.9;    9.6;eor
       1424;20190615;-999;-999;-999;    3;   0.2;   4;-999;-999;  -999;  15.9;    -999;   20.3;   68.67;   25.1;   15.3;   13.1;eor
       1424;20190616;-999;-999;-999;    3;   0.8;   4;-999;-999;  -999;  15.2;    -999;   18.9;   70.83;   23.8;   14.9;   12.2;eor
       1424;20190617;-999;-999;-999;    3;   0.0;   0;-999;-999;  -999;  14.9;    -999;   20.9;   63.83;   27.7;   13.1;   10.9;eor
       1424;20190618;-999;-999;-999;    3;   0.0;   0;-999;-999;  -999;  16.6;    -999;   23.8;   58.79;   30.3;   15.9;   13.4;eor
       1424;20190619;-999;-999;-999;    3;   1.4;   4;-999;-999;  -999;  16.7;    -999;   25.6;   54.21;   31.7;   18.9;   16.9;eor
       1424;20190620;-999;-999;-999;    3;   4.0;   4;-999;-999;  -999;  18.2;    -999;   20.5;   76.13;   25.2;   16.4;   14.5;eor
       1424;20190621;-999;-999;-999;    3;   0.0;   0;-999;-999;  -999;  14.0;    -999;   19.8;   62.33;   25.2;   15.4;   13.5;eor
       1424;20190622;-999;-999;-999;    3;   6.5;   4;-999;-999;  -999;  15.9;    -999;   20.0;   69.38;   28.3;   15.1;   12.6;eor
       1424;20190623;-999;-999;-999;    3;   0.0;   0;-999;-999;  -999;  16.9;    -999;   23.4;   61.04;   29.9;   16.7;   15.2;eor
       1424;20190624;-999;-999;-999;    3;   0.0;   0;-999;-999;  -999;  17.6;    -999;   25.8;   55.50;   32.0;   18.6;   16.3;eor
       1424;20190625;-999;-999;-999;    3;   0.0;   0;-999;-999;  -999;  20.1;    -999;   27.3;   57.79;   34.5;   19.0;   16.5;eor
       1424;20190626;-999;-999;-999;    3;   0.0;   0;-999;-999;  -999;  22.1;    -999;   29.6;   56.33;   36.6;   22.0;   19.7;eor
       1424;20190627;-999;-999;-999;    3;   0.0;   0;-999;-999;  -999;  14.9;    -999;   25.0;   49.46;   30.6;   18.9;   17.0;eor
       1424;20190628;-999;-999;-999;    3;   0.0;   0;-999;-999;  -999;  12.5;    -999;   21.8;   51.13;   28.7;   15.0;   14.0;eor
       1424;20190629;-999;-999;-999;    3;   0.0;   0;-999;-999;  -999;  12.2;    -999;   24.9;   42.33;   33.3;   15.6;   13.6;eor
       1424;20190630;-999;-999;-999;    3;   0.3;   4;-999;-999;  -999;  16.7;    -999;   28.5;   46.33;   38.3;   17.2;   14.2;eor
       1424;20190701;-999;-999;-999;    3;   0.1;   4;-999;-999;  -999;  15.6;    -999;   24.7;   50.92;   28.8;   19.1;   16.7;eor
       1424;20190702;-999;-999;-999;    3;   0.0;   0;-999;-999;  -999;  11.4;    -999;   20.5;   48.63;   26.1;   15.5;   12.1;eor
       1424;20190703;-999;-999;-999;    3;   0.0;   0;-999;-999;  -999;  10.1;    -999;   19.5;   46.33;   25.2;   13.6;   11.4;eor
       1424;20190704;-999;-999;-999;    3;   0.0;   0;-999;-999;  -999;   9.5;    -999;   19.8;   43.63;   26.8;   12.5;   10.7;eor
       1424;20190705;-999;-999;-999;    3;   0.0;   0;-999;-999;  -999;  11.4;    -999;   22.8;   42.29;   29.2;   16.9;   14.3;eor
       1424;20190706;-999;-999;-999;    3;   0.0;   0;-999;-999;  -999;  11.9;    -999;   24.5;   41.83;   32.4;   17.9;   15.3;eor
       1424;20190707;-999;-999;-999;    3;   1.3;   4;-999;-999;  -999;  12.1;    -999;   18.7;   57.33;   23.3;   13.9;   11.0;eor
       1424;20190708;-999;-999;-999;    3;   0.0;   0;-999;-999;  -999;   9.9;    -999;   16.2;   54.88;   20.7;   11.6;    8.2;eor
       1424;20190709;-999;-999;-999;    3;   0.0;   0;-999;-999;  -999;   9.6;    -999;   15.7;   55.46;   20.7;   10.9;    8.5;eor
       1424;20190710;-999;-999;-999;    3;   0.2;   4;-999;-999;  -999;   8.9;    -999;   18.9;   45.50;   26.3;    9.9;    7.0;eor
       1424;20190711;-999;-999;-999;    3;   4.6;   4;-999;-999;  -999;  15.5;    -999;   17.3;   78.79;   19.8;   15.8;   14.4;eor
       1424;20190712;-999;-999;-999;    3;   7.0;   4;-999;-999;  -999;  17.9;    -999;   17.4;   90.21;   21.6;   14.8;   13.1;eor
       1424;20190713;-999;-999;-999;    3;   0.8;   4;-999;-999;  -999;  16.9;    -999;   17.7;   83.50;   21.5;   14.8;   14.2;eor
       1424;20190714;-999;-999;-999;    3;   0.0;   0;-999;-999;  -999;  14.1;    -999;   17.2;   72.67;   21.0;   14.8;   13.5;eor
       1424;20190715;-999;-999;-999;    3;   0.0;   0;-999;-999;  -999;  13.2;    -999;   17.6;   66.71;   22.8;   12.8;   10.6;eor
       1424;20190716;-999;-999;-999;    3;   0.0;   0;-999;-999;  -999;  12.9;    -999;   18.3;   63.71;   25.4;   11.2;    8.7;eor
       1424;20190717;-999;-999;-999;    3;   0.0;   0;-999;-999;  -999;  13.8;    -999;   19.3;   64.50;   26.2;   12.8;   11.2;eor
       1424;20190718;-999;-999;-999;    3;   0.7;   4;-999;-999;  -999;  14.2;    -999;   21.1;   59.79;   28.8;   14.3;   12.9;eor
       1424;20190719;-999;-999;-999;    3;   0.4;   4;-999;-999;  -999;  16.8;    -999;   21.5;   67.04;   26.4;   17.9;   16.1;eor
       1424;20190720;-999;-999;-999;    3;   0.0;   0;-999;-999;  -999;  16.6;    -999;   24.7;   57.46;   32.0;   16.5;   14.1;eor
       1424;20190721;-999;-999;-999;    3;   0.0;   0;-999;-999;  -999;  15.2;    -999;   24.0;   53.04;   29.3;   19.5;   16.5;eor
       1424;20190722;-999;-999;-999;    3;   0.0;   0;-999;-999;  -999;  14.0;    -999;   24.5;   48.54;   31.8;   16.9;   14.4;eor
       1424;20190723;-999;-999;-999;    3;   0.0;   0;-999;-999;  -999;  14.9;    -999;   27.4;   43.71;   35.0;   19.1;   16.3;eor
       1424;20190724;-999;-999;-999;    3;   0.0;   0;-999;-999;  -999;  15.8;    -999;   29.8;   40.83;   38.4;   20.9;   17.8;eor
       1424;20190725;-999;-999;-999;    3;   0.0;   0;-999;-999;  -999;  15.2;    -999;   31.5;   37.42;   40.2;   22.2;   19.2;eor
       1424;20190726;-999;-999;-999;    3;   0.0;   0;-999;-999;  -999;  14.1;    -999;   31.0;   32.71;   39.2;   23.9;   21.0;eor
       1424;20190727;-999;-999;-999;    3;   3.3;   4;-999;-999;  -999;  21.4;    -999;   24.0;   71.88;   26.5;   20.0;   19.4;eor
       1424;20190728;-999;-999;-999;    3;  22.6;   4;-999;-999;  -999;  21.3;    -999;   20.8;   86.79;   26.2;   18.8;   18.0;eor
       1424;20190729;-999;-999;-999;    3;   0.0;   0;-999;-999;  -999;  18.1;    -999;   22.2;   68.79;   27.5;   18.6;   17.5;eor
       1424;20190730;-999;-999;-999;    3;   0.0;   0;-999;-999;  -999;  16.7;    -999;   24.3;   58.71;   31.2;   18.0;   16.5;eor
       1424;20190731;-999;-999;-999;    3;   0.0;   0;-999;-999;  -999;  13.3;    -999;   22.3;   50.75;   26.4;   17.3;   14.5;eor
       1424;20190801;-999;-999;-999;    3;   0.0;   0;-999;-999;  -999;  13.0;    -999;   21.3;   53.13;   26.8;   15.5;   13.5;eor
       1424;20190802;-999;-999;-999;    3;   5.1;   4;-999;-999;  -999;  16.0;    -999;   20.4;   67.21;   25.5;   17.1;   15.7;eor
       1424;20190803;-999;-999;-999;    3;   0.0;   0;-999;-999;  -999;  16.3;    -999;   20.4;   70.00;   25.3;   16.2;   15.5;eor
       1424;20190804;-999;-999;-999;    3;   0.0;   0;-999;-999;  -999;  14.5;    -999;   22.3;   56.92;   28.9;   15.7;   14.1;eor
       1424;20190805;-999;-999;-999;    3;   0.0;   4;-999;-999;  -999;  16.1;    -999;   23.5;   56.42;   30.1;   19.5;   17.6;eor
       1424;20190806;-999;-999;-999;    3;  14.9;   4;-999;-999;  -999;  18.6;    -999;   21.2;   74.29;   25.6;   17.8;   17.2;eor
       1424;20190807;-999;-999;-999;    3;   0.0;   4;-999;-999;  -999;  19.0;    -999;   19.8;   82.96;   22.5;   17.3;   16.9;eor
       1424;20190808;-999;-999;-999;    3;   0.0;   0;-999;-999;  -999;  16.1;    -999;   21.5;   65.54;   27.3;   16.5;   14.6;eor
       1424;20190809;-999;-999;-999;    3;   2.3;   4;-999;-999;  -999;  19.6;    -999;   22.5;   73.67;   29.3;   16.0;   14.3;eor
       1424;20190810;-999;-999;-999;    3;   0.0;   0;-999;-999;  -999;  17.0;    -999;   22.7;   62.83;   26.5;   18.9;   15.8;eor
       1424;20190811;-999;-999;-999;    3;   1.8;   4;-999;-999;  -999;  14.4;    -999;   20.4;   62.46;   27.2;   15.5;   14.0;eor
       1424;20190812;-999;-999;-999;    3;   7.6;   4;-999;-999;  -999;  15.1;    -999;   17.7;   76.71;   24.2;   14.1;   12.9;eor
       1424;20190813;-999;-999;-999;    3;   0.0;   4;-999;-999;  -999;  12.7;    -999;   17.3;   67.08;   22.1;   13.7;   12.8;eor
       1424;20190814;-999;-999;-999;    3;   1.1;   4;-999;-999;  -999;  12.2;    -999;   18.4;   59.13;   23.1;   12.9;   11.1;eor
       1424;20190815;-999;-999;-999;    3;   0.2;   4;-999;-999;  -999;  16.2;    -999;   17.7;   80.42;   22.3;   14.8;   14.5;eor
       1424;20190816;-999;-999;-999;    3;   0.0;   0;-999;-999;  -999;  14.4;    -999;   19.5;   65.67;   24.2;   14.5;   12.1;eor
       1424;20190817;-999;-999;-999;    3;   3.4;   4;-999;-999;  -999;  17.1;    -999;   18.9;   78.54;   22.5;   16.8;   16.1;eor
       1424;20190818;-999;-999;-999;    3;   4.9;   4;-999;-999;  -999;  20.5;    -999;   21.4;   82.79;   29.2;   17.1;   16.6;eor
       1424;20190819;-999;-999;-999;    3;   0.0;   0;-999;-999;  -999;  14.9;    -999;   20.2;   65.29;   25.3;   16.4;   14.8;eor
       1424;20190820;-999;-999;-999;    3;   0.0;   0;-999;-999;  -999;  13.0;    -999;   17.8;   64.38;   21.1;   14.3;   11.7;eor
       1424;20190821;-999;-999;-999;    3;   0.0;   0;-999;-999;  -999;  12.4;    -999;   18.3;   62.88;   25.3;   11.6;    9.6;eor
       1424;20190822;-999;-999;-999;    3;   0.0;   0;-999;-999;  -999;  11.9;    -999;   19.8;   54.46;   27.4;   12.4;    9.8;eor
       1424;20190823;-999;-999;-999;    3;   0.0;   0;-999;-999;  -999;  12.3;    -999;   21.5;   52.63;   30.1;   13.0;   10.4;eor
       1424;20190824;-999;-999;-999;    3;   0.0;   0;-999;-999;  -999;  14.2;    -999;   23.3;   51.04;   30.5;   14.9;   11.9;eor
       1424;20190825;-999;-999;-999;    3;   0.0;   0;-999;-999;  -999;  18.0;    -999;   25.5;   57.13;   32.3;   19.4;   17.1;eor
       1424;20190826;-999;-999;-999;    3;   0.0;   0;-999;-999;  -999;  18.8;    -999;   25.9;   59.29;   33.5;   19.4;   17.2;eor
       1424;20190827;-999;-999;-999;    3;   0.0;   0;-999;-999;  -999;  18.6;    -999;   26.3;   56.92;   33.1;   19.5;   17.2;eor
       1424;20190828;-999;-999;-999;    3;   0.0;   0;-999;-999;  -999;  17.3;    -999;   26.3;   53.71;   33.8;   20.7;   19.2;eor
       1424;20190829;-999;-999;-999;    3;   0.0;   0;-999;-999;  -999;  19.1;    -999;   25.0;   61.67;   31.3;   19.5;   17.4;eor
       1424;20190830;-999;-999;-999;    3;   0.0;   0;-999;-999;  -999;  15.9;    -999;   24.2;   55.67;   30.7;   18.3;   16.2;eor
       1424;20190831;-999;-999;-999;    3;   0.6;   4;-999;-999;  -999;  16.1;    -999;   25.8;   51.17;   33.3;   17.4;   15.3;eor
       1424;20190901;-999;-999;-999;    3;   0.0;   0;-999;-999;  -999;  15.9;    -999;   20.5;   66.04;   24.3;   15.1;   12.0;eor
       1424;20190902;-999;-999;-999;    3;   0.0;   0;-999;-999;  -999;  10.0;    -999;   17.3;   53.63;   23.6;   12.2;    9.7;eor
       1424;20190903;-999;-999;-999;    3;   0.0;   0;-999;-999;  -999;  10.3;    -999;   18.0;   53.33;   26.0;   10.3;    7.9;eor
       1424;20190904;-999;-999;-999;    3;   0.3;   4;-999;-999;  -999;  12.9;    -999;   19.6;   59.96;   26.7;   12.4;    9.6;eor
       1424;20190905;-999;-999;-999;    3;   0.0;   0;-999;-999;  -999;  12.1;    -999;   17.0;   63.58;   21.2;   12.8;   10.4;eor
       1424;20190906;-999;-999;-999;    3;   0.0;   0;-999;-999;  -999;   9.5;    -999;   15.3;   57.17;   22.1;    9.4;    6.7;eor
       1424;20190907;-999;-999;-999;    3;   5.0;   4;-999;-999;  -999;  12.9;    -999;   13.2;   84.63;   15.8;   12.0;   10.1;eor
       1424;20190908;-999;-999;-999;    3;   5.8;   4;-999;-999;  -999;  14.1;    -999;   13.0;   93.96;   16.0;   11.6;   11.3;eor
       1424;20190909;-999;-999;-999;    3;   4.1;   4;-999;-999;  -999;  13.3;    -999;   13.3;   87.54;   17.6;   10.2;    8.2;eor
       1424;20190910;-999;-999;-999;    3;   0.0;   0;-999;-999;  -999;  11.6;    -999;   14.1;   75.71;   21.5;    8.5;    7.5;eor
       1424;20190911;-999;-999;-999;    3;   0.0;   0;-999;-999;  -999;  11.3;    -999;   16.2;   64.79;   22.9;    8.0;    6.2;eor
       1424;20190912;-999;-999;-999;    3;   0.1;   4;-999;-999;  -999;  15.7;    -999;   19.3;   70.21;   23.8;   15.9;   13.6;eor
       1424;20190913;-999;-999;-999;    3;   0.0;   0;-999;-999;  -999;  16.4;    -999;   18.4;   78.04;   23.2;   14.6;   12.1;eor
       1424;20190914;-999;-999;-999;    3;   0.0;   0;-999;-999;  -999;  12.5;    -999;   17.5;   64.33;   24.2;   12.2;   10.5;eor
       1424;20190915;-999;-999;-999;    3;   0.0;   0;-999;-999;  -999;  12.3;    -999;   18.5;   60.04;   27.3;   10.5;    8.3;eor
       1424;20190916;-999;-999;-999;    3;   0.1;   4;-999;-999;  -999;  13.3;    -999;   17.4;   67.42;   22.4;   12.4;    9.1;eor
       1424;20190917;-999;-999;-999;    3;   0.0;   0;-999;-999;  -999;  11.1;    -999;   16.3;   60.00;   20.0;   11.0;    7.5;eor
       1424;20190918;-999;-999;-999;    3;   0.0;   0;-999;-999;  -999;   8.6;    -999;   13.3;   58.38;   18.9;    7.9;    4.4;eor
       1424;20190919;-999;-999;-999;    3;   0.0;   0;-999;-999;  -999;   8.0;    -999;   12.5;   57.67;   18.0;    7.8;    5.6;eor
       1424;20190920;-999;-999;-999;    3;   0.0;   0;-999;-999;  -999;   7.8;    -999;   12.8;   55.83;   20.1;    6.7;    3.7;eor
       1424;20190921;-999;-999;-999;    3;   0.0;   0;-999;-999;  -999;   8.2;    -999;   15.3;   51.46;   25.0;    6.6;    3.4;eor
       1424;20190922;-999;-999;-999;    3;   4.6;   4;-999;-999;  -999;  10.9;    -999;   17.5;   56.13;   24.9;    9.7;    6.3;eor
       1424;20190923;-999;-999;-999;    3;   4.8;   4;-999;-999;  -999;  16.2;    -999;   16.2;   87.83;   20.0;   12.6;   10.5;eor
       1424;20190924;-999;-999;-999;    3;   5.2;   4;-999;-999;  -999;  14.9;    -999;   14.8;   88.63;   18.9;   11.0;    8.9;eor
       1424;20190925;-999;-999;-999;    3;   0.3;   4;-999;-999;  -999;  15.1;    -999;   15.7;   85.54;   18.9;   14.0;   13.2;eor
       1424;20190926;-999;-999;-999;    3;   4.4;   4;-999;-999;  -999;  17.0;    -999;   16.0;   93.04;   17.9;   14.3;   13.0;eor
       1424;20190927;-999;-999;-999;    3;   5.2;   4;-999;-999;  -999;  16.1;    -999;   15.2;   92.75;   16.9;   13.0;   11.1;eor
       1424;20190928;-999;-999;-999;    3;   0.3;   4;-999;-999;  -999;  13.9;    -999;   15.6;   78.63;   18.9;   13.1;   11.6;eor
       1424;20190929;-999;-999;-999;    3;   5.4;   4;-999;-999;  -999;  14.5;    -999;   16.1;   78.63;   19.0;   13.5;   12.1;eor
       1424;20190930;-999;-999;-999;    3;   0.2;   4;-999;-999;  -999;  12.8;    -999;   15.8;   72.04;   18.8;   12.7;   11.3;eor
       1424;20191001;-999;-999;-999;    3;   2.7;   4;-999;-999;  -999;  15.3;    -999;   15.3;   87.25;   19.1;   12.8;   11.4;eor
       1424;20191002;-999;-999;-999;    3;   0.1;   4;-999;-999;  -999;  11.5;    -999;   12.9;   76.21;   15.6;    8.7;    5.7;eor
       1424;20191003;-999;-999;-999;    3;   1.1;   4;-999;-999;  -999;  10.8;    -999;   10.5;   84.54;   13.1;    8.5;    6.7;eor
       1424;20191004;-999;-999;-999;    3;   6.5;   4;-999;-999;  -999;  11.9;    -999;   10.4;   93.75;   12.4;    8.5;    7.7;eor
       1424;20191005;-999;-999;-999;    3;   0.0;   0;-999;-999;  -999;  10.6;    -999;   10.9;   81.21;   13.0;    7.1;    4.7;eor
       1424;20191006;-999;-999;-999;    3;  16.9;   4;-999;-999;  -999;  10.3;    -999;    8.2;   94.50;    8.9;    6.8;    5.9;eor
       1424;20191007;-999;-999;-999;    3;   0.9;   4;-999;-999;  -999;  11.2;    -999;   10.1;   90.08;   12.0;    8.0;    7.8;eor
       1424;20191008;-999;-999;-999;    3;  16.2;   4;-999;-999;  -999;  13.9;    -999;   12.3;   96.75;   13.4;   11.0;    9.9;eor
       1424;20191009;-999;-999;-999;    3;   4.1;   4;-999;-999;  -999;  12.4;    -999;   11.8;   89.29;   14.3;    9.9;    7.9;eor
       1424;20191010;-999;-999;-999;    3;   0.2;   4;-999;-999;  -999;  11.2;    -999;   12.1;   80.13;   15.8;    9.7;    7.7;eor
       1424;20191011;-999;-999;-999;    3;   0.0;   0;-999;-999;  -999;  12.8;    -999;   13.1;   85.17;   17.1;    8.0;    5.5;eor
       1424;20191012;-999;-999;-999;    3;   0.3;   4;-999;-999;  -999;  14.2;    -999;   16.1;   78.38;   21.7;    9.9;    6.9;eor
       1424;20191013;-999;-999;-999;    3;   0.0;   0;-999;-999;  -999;  16.3;    -999;   19.3;   74.38;   25.1;   13.6;   10.9;eor
       1424;20191014;-999;-999;-999;    3;   0.0;   0;-999;-999;  -999;  15.4;    -999;   18.5;   74.25;   24.4;   13.7;   10.8;eor
       1424;20191015;-999;-999;-999;    3;   3.9;   4;-999;-999;  -999;  15.5;    -999;   15.9;   86.25;   20.6;   12.7;   10.3;eor
       1424;20191016;-999;-999;-999;    3;   1.1;   4;-999;-999;  -999;  12.9;    -999;   13.3;   84.75;   15.4;   11.8;   10.7;eor
       1424;20191017;-999;-999;-999;    3;   8.1;   4;-999;-999;  -999;  14.1;    -999;   14.8;   83.46;   17.1;   12.6;   11.0;eor
       1424;20191018;-999;-999;-999;    3;   3.0;   4;-999;-999;  -999;  13.6;    -999;   14.0;   84.54;   17.6;   10.0;    7.8;eor
       1424;20191019;-999;-999;-999;    3;   2.3;   4;-999;-999;  -999;  13.4;    -999;   13.4;   87.08;   16.1;    9.6;    8.3;eor
       1424;20191020;-999;-999;-999;    3;   0.9;   4;-999;-999;  -999;  16.0;    -999;   15.0;   93.88;   17.7;   13.3;   12.7;eor
       1424;20191021;-999;-999;-999;    3;   0.1;   4;-999;-999;  -999;  14.8;    -999;   15.3;   85.42;   18.1;   12.9;   11.0;eor
       1424;20191022;-999;-999;-999;    3;   0.0;   0;-999;-999;  -999;  12.5;    -999;   13.6;   80.71;   18.1;   11.1;    9.2;eor
       1424;20191023;-999;-999;-999;    3;   0.0;   0;-999;-999;  -999;  13.1;    -999;   12.4;   90.38;   15.3;    9.7;    8.1;eor
       1424;20191024;-999;-999;-999;    3;   0.0;   0;-999;-999;  -999;  14.5;    -999;   14.1;   90.17;   17.9;   10.9;    8.8;eor
       1424;20191025;-999;-999;-999;    3;   0.0;   0;-999;-999;  -999;  12.9;    -999;   14.3;   79.04;   17.3;   11.1;    8.5;eor
       1424;20191026;-999;-999;-999;    3;   0.0;   0;-999;-999;  -999;  13.1;    -999;   13.4;   85.46;   18.3;    9.5;    6.7;eor
       1424;20191027;-999;-999;-999;    3;   4.6;   4;-999;-999;  -999;  11.7;    -999;   10.8;   89.79;   14.4;    6.0;    3.4;eor
       1424;20191028;-999;-999;-999;    3;   0.0;   0;-999;-999;  -999;   8.8;    -999;    5.1;   99.21;    6.9;    2.1;    0.9;eor
       1424;20191029;-999;-999;-999;    3;   0.0;   0;-999;-999;  -999;   8.8;    -999;    6.9;   88.63;   10.7;    3.6;    1.2;eor
       1424;20191030;-999;-999;-999;    3;   0.0;   0;-999;-999;  -999;   7.1;    -999;    5.3;   80.38;    9.0;    2.0;   -0.4;eor
       1424;20191031;-999;-999;-999;    3;   0.0;   0;-999;-999;  -999;   6.3;    -999;    4.4;   76.79;   10.3;    0.5;   -1.6;eor
       1424;20191101;-999;-999;-999;    3;   7.5;   4;-999;-999;  -999;   9.4;    -999;    6.4;   94.96;   11.8;    1.0;   -1.5;eor
       1424;20191102;-999;-999;-999;    3;   5.9;   4;-999;-999;  -999;  13.9;    -999;   13.7;   88.67;   17.1;   10.8;   10.0;eor
       1424;20191103;-999;-999;-999;    3;   1.2;   4;-999;-999;  -999;  12.9;    -999;   12.5;   88.58;   14.9;   10.7;    9.9;eor
       1424;20191104;-999;-999;-999;    3;   5.3;   4;-999;-999;  -999;  11.7;    -999;   10.9;   89.83;   12.5;    9.3;    7.7;eor
       1424;20191105;-999;-999;-999;    3;   0.0;   4;-999;-999;  -999;  10.1;    -999;    9.8;   83.75;   12.7;    7.8;    5.9;eor
       1424;20191106;-999;-999;-999;    3;   0.1;   4;-999;-999;  -999;  10.4;    -999;    9.5;   88.00;   11.3;    7.7;    6.0;eor
       1424;20191107;-999;-999;-999;    3;   0.9;   4;-999;-999;  -999;   9.9;    -999;    9.0;   86.38;   11.0;    5.9;    4.1;eor
       1424;20191108;-999;-999;-999;    3;   4.5;   4;-999;-999;  -999;   9.0;    -999;    6.3;   94.04;    7.8;    5.1;    3.4;eor
       1424;20191109;-999;-999;-999;    3;   0.0;   0;-999;-999;  -999;   8.5;    -999;    6.3;   88.83;    9.2;    2.7;   -0.5;eor
       1424;20191110;-999;-999;-999;    3;   0.0;   0;-999;-999;  -999;   7.3;    -999;    2.6;   98.46;    4.2;    0.6;   -1.8;eor
       1424;20191111;-999;-999;-999;    3;   2.9;   4;-999;-999;  -999;   7.2;    -999;    3.1;   94.42;    4.3;    1.9;    1.8;eor
       1424;20191112;-999;-999;-999;    3;   1.3;   4;-999;-999;  -999;   8.1;    -999;    5.7;   89.04;    7.9;    3.7;    1.5;eor
       1424;20191113;-999;-999;-999;    3;   0.0;   0;-999;-999;  -999;   7.6;    -999;    4.8;   88.33;    5.8;    2.9;    0.5;eor
       1424;20191114;-999;-999;-999;    3;   0.0;   0;-999;-999;  -999;   7.0;    -999;    5.7;   77.42;    8.6;    2.9;    0.2;eor
       1424;20191115;-999;-999;-999;    3;   0.1;   4;-999;-999;  -999;   7.1;    -999;    4.7;   82.92;    7.0;    2.7;    1.8;eor
       1424;20191116;-999;-999;-999;    3;   0.0;   0;-999;-999;  -999;   7.8;    -999;    4.7;   91.54;    7.6;    2.1;   -1.2;eor
       1424;20191117;-999;-999;-999;    3;   1.0;   4;-999;-999;  -999;   8.1;    -999;    4.7;   95.00;    6.2;    2.4;    0.5;eor
       1424;20191118;-999;-999;-999;    3;   0.7;   4;-999;-999;  -999;   8.1;    -999;    4.6;   95.17;    5.8;    3.5;    3.0;eor
       1424;20191119;-999;-999;-999;    3;   0.5;   4;-999;-999;  -999;   8.0;    -999;    5.3;   89.79;    7.8;    3.2;    0.0;eor
       1424;20191120;-999;-999;-999;    3;   0.0;   0;-999;-999;  -999;   7.1;    -999;    3.0;   93.50;    5.1;    1.3;   -1.2;eor
       1424;20191121;-999;-999;-999;    3;   0.0;   4;-999;-999;  -999;   7.0;    -999;    3.2;   91.29;    6.3;    0.3;   -1.1;eor
       1424;20191122;-999;-999;-999;    3;   0.0;   0;-999;-999;  -999;   7.5;    -999;    4.0;   92.29;    6.0;    1.2;   -1.3;eor
       1424;20191123;-999;-999;-999;    3;   0.0;   0;-999;-999;  -999;   8.1;    -999;    6.3;   84.42;    9.8;    2.8;    1.0;eor
       1424;20191124;-999;-999;-999;    3;   0.0;   0;-999;-999;  -999;   8.3;    -999;    5.7;   90.63;    9.5;    3.7;    1.1;eor
       1424;20191125;-999;-999;-999;    3;   0.6;   4;-999;-999;  -999;   8.6;    -999;    4.9;   99.33;    6.2;    3.5;    1.5;eor
       1424;20191126;-999;-999;-999;    3;   0.4;   4;-999;-999;  -999;  10.6;    -999;    8.3;   96.21;   10.9;    6.2;    5.2;eor
       1424;20191127;-999;-999;-999;    3;  10.2;   4;-999;-999;  -999;  10.6;    -999;   10.0;   86.29;   12.7;    7.6;    6.0;eor
       1424;20191128;-999;-999;-999;    3;   9.0;   4;-999;-999;  -999;  10.5;    -999;   10.5;   82.58;   12.2;    8.9;    7.6;eor
       1424;20191129;-999;-999;-999;    3;   0.6;   4;-999;-999;  -999;   8.2;    -999;    7.2;   79.42;    9.5;    4.5;    1.6;eor
       1424;20191130;-999;-999;-999;    3;   0.0;   0;-999;-999;  -999;   6.8;    -999;    4.2;   83.08;    7.9;    0.1;   -2.4;eor
       1424;20191201;-999;-999;-999;    3;   0.0;   0;-999;-999;  -999;   5.9;    -999;    1.7;   85.79;    3.1;   -0.2;   -2.2;eor
       1424;20191202;-999;-999;-999;    3;   0.1;   4;-999;-999;  -999;   6.3;    -999;    2.7;   84.54;    6.0;   -0.9;   -4.2;eor
       1424;20191203;-999;-999;-999;    3;   0.1;   4;-999;-999;  -999;   7.6;    -999;    3.9;   94.38;    5.7;    2.3;   -0.6;eor
       1424;20191204;-999;-999;-999;    3;   0.0;   0;-999;-999;  -999;   6.7;    -999;    2.1;   94.04;    6.0;   -0.6;   -3.4;eor
       1424;20191205;-999;-999;-999;    3;   0.0;   0;-999;-999;  -999;   5.6;    -999;   -1.1;   99.33;    0.0;   -2.1;   -4.8;eor
       1424;20191206;-999;-999;-999;    3;   7.2;   4;-999;-999;  -999;   6.8;    -999;    1.8;   95.79;    6.2;   -1.5;   -1.2;eor
       1424;20191207;-999;-999;-999;    3;   0.0;   4;-999;-999;  -999;   9.5;    -999;    8.5;   85.13;   10.7;    6.1;    5.0;eor
       1424;20191208;-999;-999;-999;    3;   3.2;   4;-999;-999;  -999;   9.9;    -999;    9.7;   82.46;   11.3;    8.5;    6.1;eor
       1424;20191209;-999;-999;-999;    3;   1.1;   4;-999;-999;  -999;   8.5;    -999;    7.6;   80.88;    8.9;    5.6;    2.0;eor
       1424;20191210;-999;-999;-999;    3;   0.0;   0;-999;-999;  -999;   6.6;    -999;    4.1;   80.38;    6.5;    2.4;   -0.8;eor
       1424;20191211;-999;-999;-999;    3;   9.0;   4;-999;-999;  -999;   6.2;    -999;    2.4;   86.00;    3.5;    0.8;    0.1;eor
       1424;20191212;-999;-999;-999;    3;   1.2;   4;-999;-999;  -999;   7.4;    -999;    3.8;   92.63;    5.8;    1.4;   -0.7;eor
       1424;20191213;-999;-999;-999;    3;   9.4;   4;-999;-999;  -999;   7.3;    -999;    3.6;   92.38;    6.5;    1.2;   -0.3;eor
       1424;20191214;-999;-999;-999;    3;   7.4;   4;-999;-999;  -999;   7.8;    -999;    7.0;   78.88;    8.8;    4.3;    3.5;eor
       1424;20191215;-999;-999;-999;    3;   2.5;   4;-999;-999;  -999;   9.5;    -999;    8.9;   83.00;   10.9;    6.8;    5.2;eor
       1424;20191216;-999;-999;-999;    3;   1.1;   4;-999;-999;  -999;  10.5;    -999;    8.3;   96.29;   10.9;    6.4;    3.4;eor
       1424;20191217;-999;-999;-999;    3;   0.9;   4;-999;-999;  -999;   9.7;    -999;    9.4;   83.13;   12.4;    6.4;    4.4;eor
       1424;20191218;-999;-999;-999;    3;   0.0;   0;-999;-999;  -999;  10.3;    -999;    9.5;   86.79;   11.7;    4.9;    1.7;eor
       1424;20191219;-999;-999;-999;    3;   0.0;   0;-999;-999;  -999;   9.0;    -999;    6.3;   93.71;    9.7;    3.8;    0.0;eor
       1424;20191220;-999;-999;-999;    3;   9.0;   4;-999;-999;  -999;   8.8;    -999;    5.6;   96.04;    8.2;    2.2;   -0.2;eor
       1424;20191221;-999;-999;-999;    3;   3.0;   4;-999;-999;  -999;   9.0;    -999;    7.1;   88.79;    9.1;    5.2;    2.2;eor
       1424;20191222;-999;-999;-999;    3;   3.5;   4;-999;-999;  -999;   9.3;    -999;    7.2;   90.83;    9.8;    5.2;    4.4;eor
       1424;20191223;-999;-999;-999;    3;   0.5;   4;-999;-999;  -999;   8.7;    -999;    8.1;   80.67;   10.2;    6.8;    3.9;eor
       1424;20191224;-999;-999;-999;    3;   2.6;   4;-999;-999;  -999;   8.8;    -999;    7.4;   85.46;    9.8;    5.9;    3.3;eor
       1424;20191225;-999;-999;-999;    3;   1.0;   4;-999;-999;  -999;   8.8;    -999;    7.7;   83.67;    9.0;    5.4;    1.2;eor
       1424;20191226;-999;-999;-999;    3;   1.1;   4;-999;-999;  -999;   8.2;    -999;    5.5;   90.54;    6.9;    4.3;    2.7;eor
       1424;20191227;-999;-999;-999;    3;   0.3;   4;-999;-999;  -999;   7.6;    -999;    4.8;   88.29;    6.4;    0.9;   -2.4;eor
       1424;20191228;-999;-999;-999;    3;   0.0;   0;-999;-999;  -999;   5.6;    -999;    1.2;   83.92;    4.2;   -0.8;   -3.9;eor
       1424;20191229;-999;-999;-999;    3;   0.0;   0;-999;-999;  -999;   5.0;    -999;    0.1;   81.50;    3.3;   -2.7;   -5.4;eor
       1424;20191230;-999;-999;-999;    3;   0.0;   0;-999;-999;  -999;   5.2;    -999;    0.7;   81.38;    4.5;   -1.9;   -4.7;eor
       1424;20191231;-999;-999;-999;    3;   0.0;   0;-999;-999;  -999;   5.9;    -999;    0.3;   94.08;    2.3;   -2.0;   -3.4;eor
       1424;20200101;-999;-999;-999;    3;   0.0;   0;-999;-999;  -999;   5.8;    -999;    0.5;   91.88;    4.2;   -2.0;   -5.4;eor
       1424;20200102;-999;-999;-999;    3;   0.3;   4;-999;-999;  -999;   6.0;    -999;   -0.1;   99.38;    1.8;   -2.1;   -5.3;eor
       1424;20200103;-999;-999;-999;    3;   0.7;   4;-999;-999;  -999;   8.5;    -999;    5.7;   92.38;    8.7;    1.6;    1.2;eor
       1424;20200104;-999;-999;-999;    3;   0.4;   4;-999;-999;  -999;   7.5;    -999;    5.7;   81.46;    6.8;    4.1;   -0.2;eor
       1424;20200105;-999;-999;-999;    3;   0.4;   4;-999;-999;  -999;   8.5;    -999;    5.6;   93.46;    6.2;    4.8;    3.1;eor
       1424;20200106;-999;-999;-999;    3;   0.0;   0;-999;-999;  -999;   7.0;    -999;    2.1;   98.08;    5.5;   -0.4;   -1.5;eor
       1424;20200107;-999;-999;-999;    3;   0.2;   4;-999;-999;  -999;   7.7;    -999;    4.2;   93.00;    7.9;    0.1;    0.3;eor
       1424;20200108;-999;-999;-999;    3;  13.6;   4;-999;-999;  -999;   8.5;    -999;    5.3;   94.96;    7.3;    4.1;    3.3;eor
       1424;20200109;-999;-999;-999;    3;   6.9;   4;-999;-999;  -999;  11.5;    -999;    9.5;   96.75;   11.3;    7.1;    6.6;eor
       1424;20200110;-999;-999;-999;    3;   2.6;   4;-999;-999;  -999;   9.4;    -999;    8.4;   85.21;   11.0;    4.8;    1.0;eor
       1424;20200111;-999;-999;-999;    3;   0.0;   0;-999;-999;  -999;   6.7;    -999;    4.4;   80.63;    6.9;    1.8;   -2.0;eor
       1424;20200112;-999;-999;-999;    3;   0.2;   4;-999;-999;  -999;   6.9;    -999;    3.4;   87.63;    5.5;    0.4;   -2.6;eor
       1424;20200113;-999;-999;-999;    3;   0.0;   0;-999;-999;  -999;   8.2;    -999;    5.9;   88.67;    6.9;    4.5;    0.9;eor
       1424;20200114;-999;-999;-999;    3;   0.0;   0;-999;-999;  -999;   7.3;    -999;    8.5;   66.13;   10.9;    4.7;    2.6;eor
       1424;20200115;-999;-999;-999;    3;   0.0;   4;-999;-999;  -999;   7.6;    -999;   10.9;   58.25;   13.1;    8.1;    5.0;eor
       1424;20200116;-999;-999;-999;    3;   0.0;   0;-999;-999;  -999;   9.1;    -999;   10.4;   72.25;   13.8;    6.9;    1.9;eor
       1424;20200117;-999;-999;-999;    3;   0.0;   0;-999;-999;  -999;   7.9;    -999;    6.4;   81.54;    8.5;    2.4;   -1.4;eor
       1424;20200118;-999;-999;-999;    3;   0.0;   4;-999;-999;  -999;   6.8;    -999;    5.0;   77.58;    6.4;    3.2;   -0.6;eor
       1424;20200119;-999;-999;-999;    3;   0.0;   0;-999;-999;  -999;   6.4;    -999;    4.2;   77.25;    6.6;    2.5;   -1.4;eor
       1424;20200120;-999;-999;-999;    3;   0.0;   0;-999;-999;  -999;   5.9;    -999;    3.6;   74.46;    7.0;   -0.1;   -3.5;eor
       1424;20200121;-999;-999;-999;    3;   0.0;   0;-999;-999;  -999;   5.2;    -999;    1.0;   79.33;    6.0;   -1.9;   -5.5;eor
       1424;20200122;-999;-999;-999;    3;   0.0;   0;-999;-999;  -999;   4.9;    -999;   -1.6;   90.75;    0.4;   -3.2;   -6.9;eor
       1424;20200123;-999;-999;-999;    3;   0.0;   0;-999;-999;  -999;   5.7;    -999;    1.8;   81.63;    4.6;    0.2;   -0.8;eor
       1424;20200124;-999;-999;-999;    3;   0.0;   0;-999;-999;  -999;   5.5;    -999;    0.7;   85.25;    1.5;    0.1;    0.0;eor
       1424;20200125;-999;-999;-999;    3;   0.0;   0;-999;-999;  -999;   6.2;    -999;    1.1;   93.42;    2.0;    0.1;    0.2;eor
       1424;20200126;-999;-999;-999;    3;   0.0;   0;-999;-999;  -999;   6.7;    -999;    1.8;   95.75;    2.9;    0.6;    0.8;eor
       1424;20200127;-999;-999;-999;    3;  12.6;   4;-999;-999;  -999;   8.3;    -999;    5.5;   91.71;    8.0;    2.5;    2.5;eor
       1424;20200128;-999;-999;-999;    3;   2.6;   4;-999;-999;  -999;   7.3;    -999;    5.6;   79.17;    7.5;    2.7;    0.7;eor
       1424;20200129;-999;-999;-999;    3;   0.0;   0;-999;-999;  -999;   6.2;    -999;    4.5;   74.42;    6.8;    2.5;    1.2;eor
       1424;20200130;-999;-999;-999;    3;   0.4;   4;-999;-999;  -999;   7.9;    -999;    7.0;   78.83;    9.4;    4.6;    2.4;eor
       1424;20200131;-999;-999;-999;    3;   0.0;   0;-999;-999;  -999;  11.5;    -999;   12.7;   78.79;   14.6;    9.4;    8.3;eor
       1424;20200201;-999;-999;-999;    3;   8.1;   4;-999;-999;  -999;  11.2;    -999;   11.5;   82.17;   13.0;    8.7;    5.1;eor
       1424;20200202;-999;-999;-999;    3;   6.4;   4;-999;-999;  -999;   9.6;    -999;   10.1;   77.25;   14.2;    6.1;    4.9;eor
       1424;20200203;-999;-999;-999;    3;  14.1;   4;-999;-999;  -999;   9.5;    -999;   10.7;   74.58;   12.5;    7.0;    6.5;eor
       1424;20200204;-999;-999;-999;    3;   0.9;   4;-999;-999;  -999;   7.1;    -999;    5.1;   80.29;    7.0;    2.9;   -0.6;eor
       1424;20200205;-999;-999;-999;    3;   0.0;   0;-999;-999;  -999;   5.6;    -999;    4.9;   65.50;    8.7;    0.5;   -2.7;eor
       1424;20200206;-999;-999;-999;    3;   0.0;   0;-999;-999;  -999;   5.6;    -999;    1.5;   82.63;    4.6;   -0.9;   -4.1;eor
       1424;20200207;-999;-999;-999;    3;   0.0;   0;-999;-999;  -999;   5.4;    -999;    2.2;   76.92;    7.3;   -1.7;   -5.4;eor
       1424;20200208;-999;-999;-999;    3;   0.0;   0;-999;-999;  -999;   5.7;    -999;    3.1;   75.38;    6.0;   -1.1;   -4.7;eor
       1424;20200209;-999;-999;-999;    3;   8.5;   4;-999;-999;  -999;   7.7;    -999;    8.7;   68.71;   14.2;    2.3;   -1.2;eor
       1424;20200210;-999;-999;-999;    3;   3.1;   4;-999;-999;  -999;   8.1;    -999;    8.9;   70.71;   13.5;    5.0;    4.3;eor
       1424;20200211;-999;-999;-999;    3;   0.5;   4;-999;-999;  -999;   5.7;    -999;    5.8;   62.04;    8.6;    3.3;    1.0;eor
       1424;20200212;-999;-999;-999;    3;   0.0;   0;-999;-999;  -999;   6.1;    -999;    4.5;   71.79;    6.8;    2.7;    0.4;eor
       1424;20200213;-999;-999;-999;    3;   4.9;   4;-999;-999;  -999;   7.0;    -999;    4.0;   85.88;    6.3;    0.9;   -1.7;eor
       1424;20200214;-999;-999;-999;    3;   0.3;   4;-999;-999;  -999;   7.6;    -999;    6.9;   76.04;    8.3;    4.4;    0.8;eor
       1424;20200215;-999;-999;-999;    3;   0.0;   0;-999;-999;  -999;   7.9;    -999;    7.6;   76.58;   11.5;    3.5;    0.0;eor
       1424;20200216;-999;-999;-999;    3;   0.7;   4;-999;-999;  -999;   7.9;    -999;   13.9;   50.58;   17.9;   10.1;    7.2;eor
       1424;20200217;-999;-999;-999;    3;   3.1;   4;-999;-999;  -999;   8.7;    -999;    9.1;   75.54;   15.5;    6.5;    4.5;eor
       1424;20200218;-999;-999;-999;    3;   2.2;   4;-999;-999;  -999;   7.0;    -999;    7.5;   67.46;    8.6;    6.4;    4.9;eor
       1424;20200219;-999;-999;-999;    3;   0.2;   4;-999;-999;  -999;   6.3;    -999;    6.4;   65.83;    8.5;    4.2;    1.8;eor
       1424;20200220;-999;-999;-999;    3;   2.5;   4;-999;-999;  -999;   7.5;    -999;    7.3;   73.58;    9.7;    4.4;    3.5;eor
       1424;20200221;-999;-999;-999;    3;   0.0;   0;-999;-999;  -999;   6.1;    -999;    6.4;   63.96;    9.1;    3.8;    1.5;eor
       1424;20200222;-999;-999;-999;    3;   1.8;   4;-999;-999;  -999;   6.9;    -999;    8.1;   63.50;   11.3;    3.8;    1.9;eor
       1424;20200223;-999;-999;-999;    3;   2.6;   4;-999;-999;  -999;  10.1;    -999;   10.6;   78.21;   13.3;    7.6;    5.8;eor
       1424;20200224;-999;-999;-999;    3;   2.3;   4;-999;-999;  -999;   8.3;    -999;    8.0;   76.33;   12.1;    5.6;    3.2;eor
       1424;20200225;-999;-999;-999;    3;   1.3;   4;-999;-999;  -999;   8.7;    -999;    8.8;   76.42;   11.3;    5.3;    3.2;eor
       1424;20200226;-999;-999;-999;    3;   0.3;   4;-999;-999;  -999;   6.3;    -999;    4.3;   75.58;    6.0;    2.9;    1.4;eor
       1424;20200227;-999;-999;-999;    3;  11.8;   4;-999;-999;  -999;   6.3;    -999;    2.9;   83.79;    5.2;    0.4;   -0.1;eor
       1424;20200228;-999;-999;-999;    3;   1.6;   4;-999;-999;  -999;   5.9;    -999;    4.8;   68.83;    7.6;    2.2;    0.5;eor
       1424;20200229;-999;-999;-999;    3;   3.8;   4;-999;-999;  -999;   8.3;    -999;    9.0;   72.13;   14.7;    5.3;    3.7;eor
       1424;20200301;-999;-999;-999;    3;   6.1;   4;-999;-999;  -999;   7.6;    -999;    8.7;   68.17;   11.6;    4.9;    4.2;eor
       1424;20200302;-999;-999;-999;    3;   2.3;   4;-999;-999;  -999;   7.5;    -999;    7.2;   74.58;   11.0;    4.2;    1.5;eor
       1424;20200303;-999;-999;-999;    3;   0.7;   4;-999;-999;  -999;   6.6;    -999;    5.8;   71.96;    8.6;    2.7;    0.5;eor
       1424;20200304;-999;-999;-999;    3;   1.3;   4;-999;-999;  -999;   6.8;    -999;    5.4;   76.67;    9.7;    2.3;    0.2;eor
       1424;20200305;-999;-999;-999;    3;  11.3;   4;-999;-999;  -999;   8.1;    -999;    6.1;   85.04;    8.9;    4.2;    2.8;eor
       1424;20200306;-999;-999;-999;    3;   3.1;   4;-999;-999;  -999;   8.0;    -999;    6.4;   83.00;    9.1;    5.0;    3.5;eor
       1424;20200307;-999;-999;-999;    3;   0.0;   0;-999;-999;  -999;   6.1;    -999;    6.7;   62.75;    9.9;    5.0;    2.2;eor
       1424;20200308;-999;-999;-999;    3;   0.3;   4;-999;-999;  -999;   7.3;    -999;    8.3;   66.63;   11.5;    5.4;    4.6;eor
       1424;20200309;-999;-999;-999;    3;   3.4;   4;-999;-999;  -999;   7.9;    -999;    8.6;   71.29;   11.8;    5.7;    3.4;eor
       1424;20200310;-999;-999;-999;    3;   7.6;   4;-999;-999;  -999;   9.5;    -999;    7.8;   88.67;   12.2;    5.3;    4.2;eor
       1424;20200311;-999;-999;-999;    3;   0.4;   4;-999;-999;  -999;  12.2;    -999;   13.8;   78.00;   15.0;   12.0;   10.8;eor
       1424;20200312;-999;-999;-999;    3;   3.3;   4;-999;-999;  -999;   9.0;    -999;   11.3;   66.54;   13.7;    7.3;    5.1;eor
       1424;20200313;-999;-999;-999;    3;   0.0;   0;-999;-999;  -999;   6.6;    -999;    7.3;   64.38;   10.0;    4.5;    0.0;eor
       1424;20200314;-999;-999;-999;    3;   0.0;   0;-999;-999;  -999;   7.0;    -999;    6.9;   71.21;   11.6;    3.8;    0.1;eor
       1424;20200315;-999;-999;-999;    3;   0.0;   0;-999;-999;  -999;   6.3;    -999;    9.3;   56.96;   15.5;    3.7;    0.0;eor
       1424;20200316;-999;-999;-999;    3;   0.0;   0;-999;-999;  -999;   8.1;    -999;   11.2;   61.71;   17.5;    4.0;    0.3;eor
       1424;20200317;-999;-999;-999;    3;   0.0;   0;-999;-999;  -999;   9.3;    -999;   12.7;   63.42;   17.6;    8.2;    3.8;eor
       1424;20200318;-999;-999;-999;    3;   0.0;   0;-999;-999;  -999;   9.5;    -999;   11.4;   71.96;   17.5;    5.7;    2.0;eor
       1424;20200319;-999;-999;-999;    3;   0.0;   0;-999;-999;  -999;   9.2;    -999;   12.3;   67.33;   18.6;    5.4;    1.9;eor
       1424;20200320;-999;-999;-999;    3;   2.1;   4;-999;-999;  -999;   9.5;    -999;   11.7;   68.75;   15.7;    7.0;    6.7;eor
       1424;20200321;-999;-999;-999;    3;   0.8;   4;-999;-999;  -999;   6.1;    -999;    5.8;   66.67;    8.2;    2.3;    0.1;eor
       1424;20200322;-999;-999;-999;    3;   0.0;   0;-999;-999;  -999;   3.3;    -999;    4.9;   39.58;   10.3;    0.6;   -1.1;eor
       1424;20200323;-999;-999;-999;    3;   0.0;   0;-999;-999;  -999;   2.5;    -999;    4.1;   31.79;    9.1;   -0.1;   -2.1;eor
       1424;20200324;-999;-999;-999;    3;   0.0;   0;-999;-999;  -999;   2.6;    -999;    4.6;   32.08;   10.2;   -0.9;   -4.3;eor
       1424;20200325;-999;-999;-999;    3;   0.0;   0;-999;-999;  -999;   2.4;    -999;    5.7;   27.96;   11.9;   -0.2;   -4.3;eor
       1424;20200326;-999;-999;-999;    3;   0.0;   0;-999;-999;  -999;   4.0;    -999;    6.4;   41.17;   11.6;    0.5;   -2.2;eor
       1424;20200327;-999;-999;-999;    3;   0.0;   0;-999;-999;  -999;   5.9;    -999;   10.6;   47.50;   17.8;    3.4;    1.2;eor
       1424;20200328;-999;-999;-999;    3;   0.0;   0;-999;-999;  -999;   6.2;    -999;   12.3;   45.00;   18.5;    6.8;    4.5;eor
       1424;20200329;-999;-999;-999;    1;   0.0;   0;-999;-999;  -999;   5.3;    -999;    5.1;   60.58;    9.6;    1.2;   -0.3;eor
       1424;20200330;-999;-999;-999;    1;   0.0;   0;-999;-999;  -999;   3.3;    -999;    4.1;   41.38;    9.5;   -1.8;   -4.0;eor
       1424;20200331;-999;-999;-999;    1;   0.0;   0;-999;-999;  -999;   4.3;    -999;    5.8;   47.54;    9.7;    1.3;   -2.6;eor
       1424;20200401;-999;-999;-999;    1;   0.0;   0;-999;-999;  -999;   3.6;    -999;    5.1;   43.00;   11.3;   -1.1;   -4.3;eor
       1424;20200402;-999;-999;-999;    1;   0.0;   0;-999;-999;  -999;   4.8;    -999;    7.7;   47.17;   14.2;    0.6;   -3.9;eor
       1424;20200403;-999;-999;-999;    1;   0.0;   0;-999;-999;  -999;   6.1;    -999;    8.6;   55.42;   13.0;    4.5;   -1.0;eor
       1424;20200404;-999;-999;-999;    1;   0.0;   0;-999;-999;  -999;   5.8;    -999;    9.1;   52.63;   15.5;    2.4;   -3.1;eor
       1424;20200405;-999;-999;-999;    1;   0.0;   0;-999;-999;  -999;   5.8;    -999;   12.4;   44.29;   19.8;    4.4;    0.0;eor
       1424;20200406;-999;-999;-999;    1;   0.0;   0;-999;-999;  -999;   6.5;    -999;   14.2;   43.00;   22.9;    5.0;    0.0;eor
       1424;20200407;-999;-999;-999;    1;   0.0;   0;-999;-999;  -999;   9.2;    -999;   16.2;   51.50;   23.8;    8.5;    3.1;eor
       1424;20200408;-999;-999;-999;    1;   0.0;   0;-999;-999;  -999;   8.4;    -999;   17.1;   46.79;   24.1;   10.7;    6.8;eor
       1424;20200409;-999;-999;-999;    1;   0.0;   0;-999;-999;  -999;   8.5;    -999;   17.1;   45.83;   24.4;    9.9;    6.3;eor
       1424;20200410;-999;-999;-999;    1;   0.0;   0;-999;-999;  -999;   8.2;    -999;   16.4;   45.63;   22.9;   10.6;    8.4;eor
       1424;20200411;-999;-999;-999;    1;   0.0;   0;-999;-999;  -999;   5.9;    -999;   14.8;   36.13;   22.6;    7.7;    5.5;eor
       1424;20200412;-999;-999;-999;    1;   0.0;   0;-999;-999;  -999;   7.8;    -999;   16.0;   45.33;   24.0;    9.0;    5.0;eor
       1424;20200413;-999;-999;-999;    1;   1.5;   4;-999;-999;  -999;   7.6;    -999;    9.9;   60.96;   14.7;    3.4;   -1.8;eor
       1424;20200414;-999;-999;-999;    1;   0.0;   0;-999;-999;  -999;   4.6;    -999;    6.5;   48.96;   11.8;    0.8;   -4.1;eor
       1424;20200415;-999;-999;-999;    1;   0.0;   0;-999;-999;  -999;   5.4;    -999;   10.0;   47.04;   18.3;    2.0;   -1.6;eor
       1424;20200416;-999;-999;-999;    1;   0.0;   0;-999;-999;  -999;   7.7;    -999;   14.9;   48.54;   24.3;    4.7;    0.0;eor
       1424;20200417;-999;-999;-999;    1;   0.0;   0;-999;-999;  -999;   9.1;    -999;   17.7;   47.00;   25.3;   10.5;    6.2;eor
       1424;20200418;-999;-999;-999;    1;   0.1;   4;-999;-999;  -999;  10.9;    -999;   17.1;   56.50;   24.2;   12.4;    8.4;eor
       1424;20200419;-999;-999;-999;    1;   0.0;   0;-999;-999;  -999;  10.4;    -999;   14.0;   64.83;   18.7;    9.2;    6.7;eor
       1424;20200420;-999;-999;-999;    1;   0.0;   0;-999;-999;  -999;   5.1;    -999;   13.5;   35.79;   20.9;    6.5;    4.6;eor
       1424;20200421;-999;-999;-999;    1;   0.0;   0;-999;-999;  -999;   5.3;    -999;   14.9;   34.46;   22.6;    6.9;    5.1;eor
       1424;20200422;-999;-999;-999;    1;   0.0;   0;-999;-999;  -999;   5.9;    -999;   15.7;   35.83;   23.8;    7.7;    5.0;eor
       1424;20200423;-999;-999;-999;    1;   0.0;   0;-999;-999;  -999;   6.7;    -999;   15.8;   39.58;   23.5;    8.1;    4.7;eor
       1424;20200424;-999;-999;-999;    1;   0.0;   0;-999;-999;  -999;   7.8;    -999;   16.0;   46.46;   23.8;    7.9;    3.9;eor
       1424;20200425;-999;-999;-999;    1;   0.0;   0;-999;-999;  -999;   7.0;    -999;   12.4;   49.96;   18.2;    7.7;    2.9;eor
       1424;20200426;-999;-999;-999;    1;   0.0;   0;-999;-999;  -999;   7.0;    -999;   13.8;   47.42;   21.2;    6.1;    2.2;eor
       1424;20200427;-999;-999;-999;    1;   0.0;   0;-999;-999;  -999;   7.7;    -999;   15.5;   47.79;   23.1;    6.6;    2.6;eor
       1424;20200428;-999;-999;-999;    1;   0.1;   4;-999;-999;  -999;  10.9;    -999;   14.0;   67.75;   18.3;    9.9;    6.1;eor
       1424;20200429;-999;-999;-999;    1;   3.7;   4;-999;-999;  -999;  10.2;    -999;   14.9;   61.67;   19.9;   11.6;    9.1;eor
       1424;20200430;-999;-999;-999;    1;   8.2;   4;-999;-999;  -999;  11.6;    -999;   12.1;   82.08;   14.7;    9.9;    8.3;eor
       1424;20200501;-999;-999;-999;    1;   8.5;   4;-999;-999;  -999;  10.3;    -999;   10.5;   81.38;   14.5;    8.0;    6.9;eor
       1424;20200502;-999;-999;-999;    1;   2.9;   4;-999;-999;  -999;   9.3;    -999;    9.3;   80.17;   13.1;    7.3;    5.0;eor
       1424;20200503;-999;-999;-999;    1;   0.0;   0;-999;-999;  -999;   8.8;    -999;   12.4;   63.67;   18.4;    5.7;    3.3;eor
       1424;20200504;-999;-999;-999;    1;   3.2;   4;-999;-999;  -999;  10.9;    -999;   12.4;   75.29;   16.9;    7.0;    4.3;eor
       1424;20200505;-999;-999;-999;    1;   0.0;   0;-999;-999;  -999;   6.5;    -999;   10.5;   54.33;   16.5;    6.1;    3.9;eor
       1424;20200506;-999;-999;-999;    1;   0.0;   0;-999;-999;  -999;   6.2;    -999;   11.5;   48.42;   17.7;    4.3;    1.0;eor
       1424;20200507;-999;-999;-999;    1;   0.0;   0;-999;-999;  -999;   7.7;    -999;   14.6;   50.08;   22.9;    5.9;    2.4;eor
       1424;20200508;-999;-999;-999;    1;   0.0;   0;-999;-999;  -999;   9.0;    -999;   17.7;   47.25;   24.6;   10.3;    8.0;eor
       1424;20200509;-999;-999;-999;    1;   3.3;   4;-999;-999;  -999;  12.1;    -999;   15.2;   69.88;   18.0;   13.1;   10.9;eor
       1424;20200510;-999;-999;-999;    1;   1.3;   4;-999;-999;  -999;  14.8;    -999;   16.8;   79.21;   24.9;   12.0;    9.9;eor
       1424;20200511;-999;-999;-999;    1;   9.1;   4;-999;-999;  -999;   8.6;    -999;    7.1;   84.38;   15.0;    3.9;    0.7;eor
       1424;20200512;-999;-999;-999;    1;   0.0;   0;-999;-999;  -999;   6.4;    -999;    8.4;   59.75;   14.7;    2.1;   -0.6;eor
       1424;20200513;-999;-999;-999;    1;   0.0;   0;-999;-999;  -999;   6.9;    -999;   10.6;   55.13;   16.1;    4.4;    1.2;eor
       1424;20200514;-999;-999;-999;    1;   0.0;   0;-999;-999;  -999;   7.5;    -999;   10.7;   59.92;   16.2;    5.6;    4.1;eor
       1424;20200515;-999;-999;-999;    1;   0.0;   0;-999;-999;  -999;   6.6;    -999;   12.1;   48.63;   18.0;    6.5;    4.8;eor
       1424;20200516;-999;-999;-999;    1;   0.0;   0;-999;-999;  -999;   7.3;    -999;   13.4;   48.88;   20.3;    5.9;    2.5;eor
       1424;20200517;-999;-999;-999;    1;   0.0;   0;-999;-999;  -999;   8.1;    -999;   14.6;   49.96;   20.2;    9.0;    5.8;eor
       1424;20200518;-999;-999;-999;    1;   0.0;   0;-999;-999;  -999;   9.7;    -999;   17.2;   51.83;   24.4;    8.7;    5.8;eor
       1424;20200519;-999;-999;-999;    1;   0.0;   0;-999;-999;  -999;  10.4;    -999;   19.5;   49.13;   26.0;   11.5;    7.4;eor
       1424;20200520;-999;-999;-999;    1;   0.0;   0;-999;-999;  -999;  12.7;    -999;   19.7;   56.50;   24.7;   14.3;   11.9;eor
       1424;20200521;-999;-999;-999;    1;   0.0;   0;-999;-999;  -999;  12.5;    -999;   19.5;   57.79;   26.3;   12.3;   10.8;eor
       1424;20200522;-999;-999;-999;    1;   1.9;   4;-999;-999;  -999;  15.6;    -999;   20.6;   64.96;   25.1;   15.1;   12.2;eor
       1424;20200523;-999;-999;-999;    1;   1.4;   4;-999;-999;  -999;  11.9;    -999;   14.2;   72.96;   16.8;   10.7;    8.3;eor
       1424;20200524;-999;-999;-999;    1;   0.0;   0;-999;-999;  -999;  10.4;    -999;   13.8;   67.38;   18.4;    9.1;    6.7;eor
       1424;20200525;-999;-999;-999;    1;   0.0;   0;-999;-999;  -999;  11.1;    -999;   16.5;   60.50;   21.5;   11.6;    7.8;eor
       1424;20200526;-999;-999;-999;    1;   0.0;   0;-999;-999;  -999;  10.0;    -999;   15.3;   59.04;   20.8;    9.6;    6.5;eor
       1424;20200527;-999;-999;-999;    1;   0.0;   0;-999;-999;  -999;   9.5;    -999;   17.5;   51.25;   24.4;    9.0;    5.7;eor
       1424;20200528;-999;-999;-999;    1;   0.0;   0;-999;-999;  -999;   8.6;    -999;   17.4;   45.33;   22.3;   12.0;    8.5;eor
       1424;20200529;-999;-999;-999;    1;   0.0;   0;-999;-999;  -999;   8.0;    -999;   16.8;   44.04;   23.2;   10.0;    6.7;eor
       1424;20200530;-999;-999;-999;    1;   0.0;   0;-999;-999;  -999;   7.5;    -999;   16.9;   40.54;   21.9;   11.1;    8.2;eor
       1424;20200531;-999;-999;-999;    1;   0.0;   0;-999;-999;  -999;   8.8;    -999;   16.8;   47.17;   21.9;   10.9;    8.9;eor
       1424;20200601;-999;-999;-999;    1;   0.0;   0;-999;-999;  -999;  10.0;    -999;   19.8;   45.46;   26.8;   11.5;    8.3;eor
       1424;20200602;-999;-999;-999;    1;   0.0;   0;-999;-999;  -999;  10.3;    -999;   21.5;   42.42;   28.1;   14.1;   10.8;eor
       1424;20200603;-999;-999;-999;    1;   0.2;   4;-999;-999;  -999;  11.8;    -999;   20.7;   50.38;   28.7;   15.1;   11.8;eor
       1424;20200604;-999;-999;-999;    1;  11.5;   4;-999;-999;  -999;  14.7;    -999;   15.4;   83.83;   18.2;   11.6;   10.8;eor
       1424;20200605;-999;-999;-999;    1;   4.6;   4;-999;-999;  -999;  10.8;    -999;   12.2;   76.13;   15.8;    9.5;    7.3;eor
       1424;20200606;-999;-999;-999;    1;   1.6;   4;-999;-999;  -999;  10.8;    -999;   13.2;   72.58;   18.1;    8.8;    6.6;eor
       1424;20200607;-999;-999;-999;    1;   0.0;   0;-999;-999;  -999;  10.7;    -999;   15.1;   63.54;   19.2;   11.3;    8.0;eor
       1424;20200608;-999;-999;-999;    1;   0.0;   0;-999;-999;  -999;  10.3;    -999;   15.6;   61.13;   22.5;    8.8;    6.4;eor
       1424;20200609;-999;-999;-999;    1;   0.1;   4;-999;-999;  -999;  12.2;    -999;   15.8;   68.71;   20.1;   12.0;    9.7;eor
