STATIONS_ID;MESS_DATUM;QN_3;  FX;  FM;QN_4; RSK;RSKF; SDK;SHK_TAG;  NM; VPM;  PM; TMK; UPM; TXK; TNK; TGK;eor
       4625;20181208;   10;  18.2;   8.6;    3;   7.7;   6;    0.000;   0;   7.6;   8.3;  987.49;    6.8;   83.96;    8.3;    5.5;    4.4;eor
       4625;20181209;   10;  16.3;   6.8;    3;   0.1;   6;    0.917;   0;   7.4;   8.4;  983.65;    6.5;   86.17;    7.7;    5.1;    3.5;eor
       4625;20181210;   10;  15.8;   7.1;    3;   0.2;   6;    3.333;   0;   5.8;   6.6; 1000.60;    4.5;   78.08;    5.4;    3.8;    1.9;eor
       4625;20181211;   10;  12.3;   4.8;    3;   1.5;   6;    0.000;   0;   7.5;   6.8; 1008.91;    4.3;   81.54;    4.9;    3.2;    1.4;eor
       4625;20181212;   10;   7.7;   3.3;    3;   0.7;   6;    0.433;   0;   6.5;   7.0; 1018.49;    3.5;   89.58;    5.4;    1.7;   -1.0;eor
       4625;20181213;   10;   7.0;   2.8;    3;   0.0;   8;    0.300;   0;   7.3;   6.2; 1018.34;    1.9;   88.71;    2.8;    0.7;   -1.2;eor
       4625;20181214;   10;   6.4;   2.3;    3;   0.0;   8;    0.000;   0;   8.0;   5.4; 1019.67;    0.8;   83.50;    1.2;    0.0;   -0.6;eor
       4625;20181215;   10;   8.0;   2.6;    3;   0.0;   0;    1.367;   0;   7.4;   4.9; 1020.88;    0.0;   80.29;    0.6;   -0.6;   -2.3;eor
       4625;20181216;   10;   9.7;   3.3;    3;   0.2;   8;    0.000;   0;   8.0;   4.5; 1008.75;   -0.2;   74.21;    0.3;   -0.8;   -2.0;eor
       4625;20181217;   10;   5.9;   1.6;    3;   1.0;   8;    0.000;   0;   8.0;   5.8; 1012.00;    0.4;   91.04;    2.2;   -1.2;   -1.5;eor
       4625;20181218;   10;   8.6;   2.7;    3;   0.0;   6;    0.000;   0;   7.8;   7.8; 1015.50;    4.2;   94.88;    5.9;    2.2;    0.4;eor
       4625;20181219;   10;   9.6;   2.7;    3;   0.2;   6;    0.000;   0;   8.0;   6.5; 1007.67;    2.3;   89.13;    3.6;    1.1;   -0.5;eor
       4625;20181220;   10;   5.8;   1.8;    3;   2.0;   6;    0.000;   0;   7.9;   7.7; 1005.39;    4.2;   93.25;    5.3;    3.1;    1.8;eor
       4625;20181221;   10;  18.7;   3.8;    3;   7.2;   6;    0.000;   0;   7.6;   9.0;  994.95;    6.3;   94.46;    9.6;    5.0;    3.8;eor
       4625;20181222;   10;  19.6;   4.1;    3;   2.7;   6;    0.000;   0;   7.9;   7.7;  999.92;    5.2;   86.71;    7.5;    4.2;    3.5;eor
       4625;20181223;   10;  11.1;   4.5;    3;   5.9;   8;    0.000;   0;   7.9;   8.8; 1006.62;    5.8;   94.63;    7.0;    2.9;    2.3;eor
       4625;20181224;   10;  10.4;   4.2;    3;   0.0;   8;    0.050;   0;   7.8;   6.2; 1016.98;    2.0;   87.08;    4.5;    0.0;   -1.1;eor
       4625;20181225;   10;  14.2;   6.0;    3;   0.1;   6;    0.050;   0;   8.0;   7.3; 1020.18;    5.6;   80.42;    6.8;    4.3;    3.0;eor
       4625;20181226;   10;  12.7;   5.5;    3;   0.4;   6;    0.000;   0;   7.8;   9.5; 1018.52;    6.9;   94.75;    8.2;    5.7;    5.2;eor
       4625;20181227;   10;  10.7;   5.1;    3;   0.1;   6;    0.000;   0;   8.0;   9.2; 1015.80;    6.1;   97.96;    7.1;    5.2;    5.0;eor
       4625;20181228;   10;  10.6;   4.3;    3;   1.3;   6;    0.000;   0;   7.8;   9.0; 1017.05;    6.9;   90.67;    7.7;    6.1;    5.5;eor
       4625;20181229;   10;  11.9;   5.6;    3;   4.5;   6;    0.000;   0;   7.7;   9.4; 1014.79;    6.8;   95.08;    7.6;    6.0;    5.6;eor
       4625;20181230;   10;  18.3;   5.6;    3;   0.0;   6;    2.767;   0;   6.7;   8.0; 1016.53;    6.1;   84.92;    8.1;    3.7;    1.3;eor
       4625;20181231;   10;  13.8;   4.0;    3;   0.4;   6;    0.000;   0;   7.9;   9.4; 1021.20;    6.6;   96.13;    8.6;    4.2;    3.6;eor
       4625;20190101;   10;  23.4;   8.7;    3;   1.4;   8;    0.850;   0;   6.9;   7.2; 1009.11;    6.3;   74.63;    8.1;    3.3;    1.8;eor
       4625;20190102;   10;  20.7;   7.5;    3;   0.0;   8;    5.083;   0;   2.0;   4.4; 1019.67;    3.3;   57.33;    4.7;    0.3;   -2.1;eor
       4625;20190103;   10;   7.7;   3.3;    3;   0.0;   6;    3.733;   0;   4.6;   5.0; 1026.96;    0.4;   78.96;    3.1;   -1.3;   -5.0;eor
       4625;20190104;   10;  11.9;   5.0;    3;   0.9;   6;    0.000;   0;   7.8;   7.3; 1019.95;    3.6;   91.83;    6.7;   -0.5;   -1.8;eor
       4625;20190105;   10;  10.8;   4.2;    3;   0.0;   0;    1.517;   0;   7.0;   8.6; 1014.46;    6.3;   89.33;    8.9;    1.5;   -2.1;eor
       4625;20190106;   10;   5.5;   1.9;    3;   2.4;   6;    0.000;   0;   7.6;   7.2; 1020.67;    2.3;   98.79;    5.3;    0.7;   -2.1;eor
       4625;20190107;   10;  14.0;   5.0;    3;   4.1;   6;    0.067;   0;   7.6;   8.7; 1015.42;    5.8;   94.33;    7.0;    5.1;    4.7;eor
       4625;20190108;   10;  17.1;   8.0;    3;  10.7;   8;    0.000;   0;   7.7;   7.6;  993.16;    4.9;   86.88;    7.1;    1.7;    0.9;eor
       4625;20190109;   10;  17.8;   6.8;    3;   1.7;   8;    0.000;   0;   7.6;   5.9; 1004.73;    1.3;   88.08;    2.7;    0.3;   -0.1;eor
       4625;20190110;   10;   7.1;   2.7;    3;   1.1;   8;    0.000;   0;   7.8;   5.5; 1016.10;    0.7;   85.17;    1.6;    0.1;   -0.8;eor
       4625;20190111;   10;  11.8;   5.0;    3;   0.3;   6;    0.000;   0;   7.9;   7.5; 1008.33;    3.9;   92.67;    7.2;    0.2;   -0.1;eor
       4625;20190112;   10;  13.1;   5.9;    3;   4.9;   6;    0.000;   0;   7.8;   7.9; 1001.15;    5.1;   90.04;    6.3;    2.8;    0.7;eor
       4625;20190113;   10;  20.1;   7.3;    3;   4.9;   8;    0.000;   0;   7.5;   8.5;  986.89;    6.3;   88.54;    8.2;    4.6;    2.8;eor
       4625;20190114;   10;  18.0;   7.4;    3;   0.0;   8;    4.100;   0;   4.3;   4.6;  995.07;    2.2;   64.58;    4.6;    0.9;   -1.3;eor
       4625;20190115;   10;  15.1;   7.3;    3;   2.4;   6;    0.000;   0;   7.5;   7.8; 1000.50;    4.9;   88.21;    7.3;    2.4;    0.7;eor
       4625;20190116;   10;  14.5;   7.4;    3;   1.8;   6;-999;   0;   7.9;   8.4;  996.02;    6.2;   87.67;    7.5;    4.1;    3.3;eor
       4625;20190117;   10;  15.6;   6.8;    3;   4.1;   8;-999;   0;   7.8;   6.9;  989.91;    3.5;   87.00;    5.6;   -0.9;   -1.0;eor
       4625;20190118;   10;   9.0;   4.0;    3;   0.0;   0;-999;   2;   4.7;   5.1; 1007.81;   -0.9;   87.92;    1.0;   -4.3;   -6.3;eor
       4625;20190119;   10;   6.4;   2.1;    3;   0.0;   0;-999;   1;   5.6;   5.2; 1012.15;   -0.7;   90.63;    1.7;   -2.7;   -6.6;eor
       4625;20190120;   10;   5.1;   1.6;    3;   0.0;   7;-999;   0;   8.0;   4.7; 1013.01;   -3.2;   97.17;   -2.3;   -5.6;   -5.1;eor
       4625;20190121;   10;   9.3;   4.4;    3;   0.5;   8;    0.400;   0;   7.9;   4.4; 1012.56;   -3.6;   93.54;   -1.2;   -6.1;   -5.6;eor
       4625;20190122;   10;   9.1;   3.0;    3;   0.0;   0;    0.500;   1;   7.8;   4.7; 1002.82;   -2.2;   89.42;   -0.4;   -4.0;   -6.3;eor
       4625;20190123;   10;   9.1;   3.3;    3;   0.0;   0;    4.217;   1;   7.8;   3.5;  997.91;   -4.8;   81.13;   -2.2;   -6.5;   -7.7;eor
       4625;20190124;   10;   7.0;   2.0;    3;   0.0;   7;    0.000;   1;   8.0;   3.3; 1005.69;   -4.3;   74.63;   -3.0;   -6.0;   -6.0;eor
       4625;20190125;   10;   7.7;   1.9;    3;   1.5;   8;    0.000;   1;   8.0;   3.5; 1005.88;   -4.2;   79.17;   -3.5;   -4.9;   -5.1;eor
       4625;20190126;   10;   6.6;   2.9;    3;   2.9;   6;    0.000;   2;   7.9;   6.4;  992.99;    0.9;   97.67;    3.6;   -3.7;   -3.8;eor
       4625;20190127;   10;   8.2;   2.9;    3;   3.8;   6;    0.000;   0;   7.8;   7.9;  979.51;    4.1;   95.54;    5.4;    3.2;    2.4;eor
       4625;20190128;   10;  11.1;   2.8;    3;   0.4;   8;    0.000;   0;   7.8;   6.7;  983.27;    2.4;   91.96;    4.0;    0.0;   -0.2;eor
       4625;20190129;   10;   9.0;   4.0;    3;   0.0;   0;    0.050;   0;   6.2;   5.6;  994.47;    0.2;   89.54;    2.2;   -1.6;   -3.3;eor
       4625;20190130;   10;  12.4;   4.2;    3;   0.0;   6;    5.467;   0;   8.0;   4.9;  991.97;    0.5;   78.54;    3.2;   -1.2;   -3.1;eor
       4625;20190131;   10;   7.7;   2.5;    3;   0.0;   0;    2.900;   0;   6.5;   5.0;  991.78;    0.7;   78.75;    3.8;   -1.6;   -4.1;eor
       4625;20190201;   10;  10.2;   3.4;    3;   0.0;   8;    0.000;   0;   5.7;   4.9;  989.21;   -1.2;   87.67;    0.3;   -2.9;   -4.6;eor
       4625;20190202;   10;   8.0;   3.0;    3;   3.2;   8;    0.000;   0;   8.0;   5.8;  991.55;    0.1;   93.75;    1.8;   -2.2;   -4.3;eor
       4625;20190203;   10;   8.4;   3.5;    3;   0.0;   6;    1.450;   0;   6.9;   5.9; 1007.45;    0.7;   91.63;    2.5;   -0.9;   -2.9;eor
       4625;20190204;   10;  11.8;   4.7;    3;   0.1;   8;    4.183;   0;   4.7;   5.3; 1016.40;    1.0;   81.58;    3.2;   -2.3;   -3.4;eor
       4625;20190205;   10;  13.0;   5.7;    3;   0.0;   6;    0.050;   0;   7.8;   6.5; 1016.21;    3.0;   85.46;    4.6;    1.5;    0.7;eor
       4625;20190206;   10;  11.1;   3.8;    3;   1.9;   6;    0.000;   0;   8.0;   6.8; 1014.36;    3.2;   88.13;    5.6;    0.1;   -0.8;eor
       4625;20190207;   10;  13.0;   3.7;    3;   1.1;   6;    0.033;   0;   7.5;   6.8; 1001.67;    4.5;   81.04;    6.4;    3.4;    2.4;eor
       4625;20190208;   10;  12.5;   5.7;    3;   1.2;   6;    0.417;   0;   7.9;   7.6; 1001.21;    6.1;   80.63;    7.9;    4.6;    3.8;eor
       4625;20190209;   10;  21.2;   7.5;    3;   0.0;   6;    1.700;   0;   7.3;   7.5;  992.57;    7.3;   73.92;    9.4;    5.5;    4.2;eor
       4625;20190210;   10;  14.8;   4.8;    3;  13.0;   8;    0.000;   0;   7.2;   8.1;  986.25;    5.8;   86.83;    7.9;    0.5;   -0.1;eor
       4625;20190211;   10;  16.9;   6.5;    3;   0.0;   8;    4.500;   0;   4.7;   6.0; 1000.26;    4.3;   72.50;    7.1;    0.5;   -0.1;eor
       4625;20190212;   10;  11.3;   4.9;    3;   0.0;   6;    5.500;   0;   6.2;   5.8; 1019.65;    3.8;   72.17;    6.2;    2.0;    0.0;eor
       4625;20190213;   10;  11.2;   5.7;    3;   0.0;   6;    0.000;   0;   8.0;   9.1; 1023.05;    6.8;   91.58;    7.8;    5.1;    4.3;eor
       4625;20190214;   10;   9.8;   4.1;    3;   0.0;   0;-999;   0;   4.8;   7.6; 1026.64;    6.5;   78.29;   10.8;    1.8;   -2.4;eor
       4625;20190215;   10;   6.2;   2.7;    3;   0.0;   0;-999;   0;   3.6;   5.8; 1024.74;    6.4;   63.08;   13.7;   -0.5;   -3.0;eor
       4625;20190216;   10;   9.9;   4.2;    3;   0.0;   0;-999;   0;   4.0;   6.4; 1017.06;    7.2;   63.71;   13.8;    2.1;   -1.4;eor
       4625;20190217;   10;   5.6;   2.4;    3;   0.0;   0;-999;   0;   7.3;   7.5; 1015.56;    7.9;   70.21;   13.4;    4.2;    0.6;eor
       4625;20190218;   10;   7.2;   2.7;    3;   0.0;   0;-999;   0;   3.2;   6.9; 1010.20;    7.3;   69.83;   14.4;    1.5;   -1.1;eor
       4625;20190219;   10;  16.0;   5.8;    3;   0.1;   6;    1.000;   0;   7.5;   7.5; 1005.96;    6.0;   79.83;    9.3;    2.8;    1.3;eor
       4625;20190220;   10;   9.4;   5.0;    3;   0.8;   6;    1.900;   0;   7.7;   8.1; 1012.19;    7.1;   79.83;    9.8;    5.4;    4.5;eor
       4625;20190221;   10;  12.6;   5.3;    3;   1.2;   6;    1.117;   0;   7.7;   9.0; 1015.09;    7.9;   84.88;   10.2;    6.2;    4.8;eor
       4625;20190222;   10;  12.1;   3.8;    3;   0.0;   0;    7.283;   0;   5.1;   5.9; 1030.50;    3.5;   73.42;    7.5;    0.1;   -2.4;eor
       4625;20190223;   10;   7.8;   2.0;    3;   0.0;   0;    7.267;   0;  -999;   3.5; 1034.84;    1.9;   51.46;    7.1;   -1.7;   -3.8;eor
       4625;20190224;   10;   5.6;   2.3;    3;   0.0;   0;    9.117;   0;   2.7;   5.1; 1031.04;    5.1;   59.04;   13.2;   -1.4;   -4.0;eor
       4625;20190225;   10;   6.9;   2.6;    3;   0.0;   0;    6.650;   0;   5.6;   6.5; 1029.48;    5.6;   72.04;   13.7;   -1.5;   -4.4;eor
       4625;20190226;   10;   6.5;   2.6;    3;   0.0;   0;    8.133;   0;  -999;   7.2; 1025.85;    7.3;   70.88;   14.7;    1.5;   -1.9;eor
       4625;20190227;   10;   8.0;   3.8;    3;   0.0;   0;    9.500;   0;   1.9;   5.4; 1016.90;    8.2;   55.33;   16.3;    0.2;   -2.7;eor
       4625;20190228;   10;   9.6;   4.1;    3;   0.0;   0;    0.850;   0;   5.0;   7.5; 1004.51;    5.8;   81.00;    8.0;    4.0;    2.0;eor
       4625;20190301;   10;   7.1;   2.3;    3;   0.0;   6;    0.000;   0;   8.0;   6.3; 1005.08;    3.9;   77.96;    4.8;    2.4;    0.7;eor
       4625;20190302;   10;   8.2;   3.6;    3;   0.1;   6;    0.200;   0;   7.8;   6.3; 1005.73;    4.0;   77.04;    5.8;    1.9;   -0.3;eor
       4625;20190303;   10;  15.6;   6.3;    3;   4.9;   6;    0.000;   0;   7.8;  10.4;  994.57;    8.8;   91.42;   10.3;    5.8;    5.0;eor
       4625;20190304;   10;  26.3;   8.7;    3;   3.4;   8;    1.133;   0;   7.6;   8.6;  981.28;    8.6;   76.54;   12.3;    5.9;    4.3;eor
       4625;20190305;   10;  19.0;   7.6;    3;   1.6;   6;    2.050;   0;   5.3;   7.1;  992.51;    5.2;   80.38;    7.2;    0.9;   -1.4;eor
       4625;20190306;   10;  10.1;   3.2;    3;   3.0;   6;    0.183;   0;   7.0;   7.6;  996.99;    6.0;   81.71;   10.4;    0.7;   -1.2;eor
       4625;20190307;   10;  21.5;   5.9;    3;   2.7;   6;    2.617;   0;   6.8;   8.5;  985.83;    9.4;   72.46;   13.3;    6.5;    4.7;eor
       4625;20190308;   10;  19.7;   8.4;    3;   3.9;   6;    3.700;   0;   6.7;   6.8;  994.95;    6.2;   72.08;    8.7;    3.1;    1.4;eor
       4625;20190309;   10;  22.0;   7.8;    3;   7.4;   8;    1.867;   0;   7.3;   7.3;  994.91;    5.8;   80.04;    9.0;    2.1;    1.0;eor
       4625;20190310;   10;  15.1;   5.2;    3;   0.4;   8;    1.800;   0;   7.0;   6.8;  994.73;    4.8;   78.79;    8.0;    2.8;    1.3;eor
       4625;20190311;   10;  12.8;   4.6;    3;   9.0;   8;    0.500;   0;   5.8;   6.8; 1002.07;    2.3;   93.58;    4.8;    0.6;   -1.5;eor
       4625;20190312;   10;  18.1;   4.8;    3;   0.4;   6;    1.500;   0;   6.5;   6.5; 1004.31;    4.6;   78.29;    7.5;   -0.4;   -1.9;eor
       4625;20190313;   10;  19.3;   8.5;    3;   3.1;   6;-999;   0;   7.6;   7.2;  989.04;    5.8;   77.75;    8.0;    4.4;    2.9;eor
       4625;20190314;   10;  15.2;   6.5;    3;   7.5;   6;-999;   0;   7.5;   7.9;  987.52;    5.3;   88.29;    6.6;    4.5;    2.6;eor
       4625;20190315;   10;  23.8;   9.0;    3;   2.4;   6;-999;   0;   7.1;   7.6;  988.42;    6.7;   77.92;    9.7;    5.1;    4.1;eor
       4625;20190316;   10;  17.0;   6.3;    3;   4.8;   6;-999;   0;   7.7;   7.9;  994.38;    6.5;   81.63;    8.8;    4.7;    4.1;eor
       4625;20190317;   10;  17.6;   6.7;    3;   2.6;   6;-999;   0;   5.9;   7.8;  990.01;    7.0;   77.58;    9.7;    3.5;    1.6;eor
       4625;20190318;   10;  20.8;   8.8;    3;   6.0;   8;-999;   0;   6.8;   6.8; 1001.05;    4.8;   78.71;    8.0;    3.1;    1.3;eor
       4625;20190319;   10;   9.1;   3.6;    3;   0.0;   6;-999;   0;   4.2;   6.2; 1017.22;    4.6;   74.21;    8.9;    0.9;   -2.5;eor
       4625;20190320;   10;  11.3;   4.6;    3;   0.0;   6;-999;   0;   6.1;   8.0; 1023.49;    5.8;   84.33;   10.0;   -0.3;   -2.8;eor
       4625;20190321;   10;  10.6;   4.5;    3;   0.0;   6;-999;   0;   7.8;  10.3; 1025.35;    9.6;   86.54;   11.3;    7.7;    6.1;eor
       4625;20190322;   10;   7.2;   2.4;    3;   0.1;   6;-999;   0;   6.5;  10.3; 1023.85;    9.4;   87.38;   13.0;    7.7;    6.2;eor
       4625;20190323;   10;   8.4;   3.4;    3;   0.0;   0;-999;   0;   7.1;   8.9; 1020.10;    7.8;   84.33;   11.1;    4.7;    3.4;eor
       4625;20190324;   10;   8.2;   2.8;    3;   0.4;   6;-999;   0;   7.2;   6.7; 1017.88;    5.8;   73.25;   10.1;    3.0;    0.9;eor
       4625;20190325;   10;  12.2;   5.2;    3;   0.4;   6;-999;   0;   5.3;   6.9; 1008.63;    4.9;   79.75;    8.9;    2.5;    0.3;eor
       4625;20190326;   10;  13.8;   5.2;    3;   0.8;   6;-999;   0;   6.6;   7.0; 1016.86;    5.8;   76.75;    8.8;    2.1;   -0.1;eor
       4625;20190327;   10;  14.4;   5.6;    3;   1.2;   6;-999;   0;   7.9;   9.3; 1021.38;    7.5;   89.46;   10.1;    5.4;    3.9;eor
       4625;20190328;   10;   9.0;   3.5;    3;   0.1;   6;-999;   0;   7.9;  10.6; 1025.33;    8.8;   93.71;   10.0;    7.6;    7.2;eor
       4625;20190329;   10;   9.8;   2.9;    3;   0.0;   0;-999;   0;   6.2;   9.7; 1023.13;   10.5;   77.96;   15.6;    4.7;    0.5;eor
       4625;20190330;   10;  10.2;   3.3;    3;   0.0;   6;-999;   0;   3.8;   8.9; 1013.97;   10.9;   71.96;   18.1;    3.9;   -0.1;eor
       4625;20190331;   10;  11.5;   3.6;    3;   0.0;   0;-999;   0;   3.0;   6.1; 1016.91;    6.1;   65.21;    9.5;    0.2;   -4.3;eor
       4625;20190401;   10;   8.3;   2.9;    3;   0.0;   0;-999;   0;   0.0;   5.0; 1018.99;    5.0;   60.42;   10.4;   -1.3;   -6.0;eor
       4625;20190402;   10;  10.5;   3.9;    3;   0.1;   6;-999;   0;   3.5;   5.5; 1004.52;    9.2;   46.88;   14.8;    2.5;    0.0;eor
       4625;20190403;   10;   8.5;   2.3;    3;   0.2;   6;-999;   0;   7.9;   9.5;  996.34;   10.6;   74.63;   14.6;    6.7;    3.7;eor
       4625;20190404;   10;  10.8;   2.1;    3;   0.0;   0;-999;   0;   7.4;   9.1;  992.41;   10.9;   71.00;   18.5;    5.1;    1.6;eor
       4625;20190405;   10;   5.8;   1.9;    3;   0.0;   0;-999;   0;   7.8;   9.5;  998.10;    9.1;   83.33;   15.1;    4.7;    2.0;eor
       4625;20190406;   10;   8.1;   2.8;    3;   0.0;   0;-999;   0;   6.4;   9.8; 1001.15;   12.9;   70.54;   21.8;    5.4;    2.1;eor
       4625;20190407;   10;   7.8;   2.4;    3;   0.0;   0;-999;   0;   0.5;   8.3; 1002.07;   12.5;   61.38;   19.6;    5.1;    0.7;eor
       4625;20190408;   10;  10.8;   3.6;    3;   0.0;   0;-999;   0;   1.2;   8.1; 1005.43;    8.4;   73.75;   13.3;    3.2;    0.4;eor
       4625;20190409;   10;   9.3;   3.9;    3;   0.0;   0;-999;   0;   2.0;   5.9; 1010.00;    4.6;   71.21;   10.3;    0.9;   -4.4;eor
       4625;20190410;   10;   8.8;   3.2;    3;   0.0;   0;-999;   0;   3.8;   5.0; 1012.52;    4.2;   63.21;    9.2;   -1.4;   -6.7;eor
       4625;20190411;   10;   8.6;   2.8;    3;   0.0;   8;-999;   0;   6.3;   5.5; 1019.00;    2.8;   74.63;    5.5;   -0.1;   -4.6;eor
       4625;20190412;   10;  12.1;   4.4;    3;   0.0;   8;-999;   0;   7.7;   5.1; 1020.63;    3.4;   66.33;    7.1;    1.5;    0.1;eor
       4625;20190413;   10;  11.0;   4.3;    3;   0.0;   8;-999;   0;   7.8;   5.5; 1019.22;    3.2;   72.04;    7.5;    0.9;   -0.8;eor
       4625;20190414;   10;   9.9;   4.3;    3;   0.3;   6;-999;   0;   7.8;   6.5; 1020.57;    5.3;   72.92;    9.1;    1.3;   -1.1;eor
       4625;20190415;   10;  10.7;   4.5;    3;   0.0;   0;-999;   0;   0.8;   6.1; 1021.80;    6.5;   65.67;   13.0;    1.9;   -0.1;eor
       4625;20190416;   10;  10.7;   3.9;    3;   0.0;   0;-999;   0;   0.8;   5.8; 1017.28;    7.7;   59.08;   14.8;    1.2;   -0.9;eor
       4625;20190417;   10;   9.1;   3.6;    3;   0.0;   0;-999;   0;   0.0;   6.5; 1020.99;   10.6;   51.92;   17.4;    4.0;    0.7;eor
       4625;20190418;   10;  10.3;   3.6;    3;   0.0;   0;-999;   0;   0.0;   7.6; 1024.38;   12.0;   57.29;   20.6;    4.6;    1.7;eor
       4625;20190419;   10;   9.7;   3.2;    3;   0.0;   0;-999;   0;   0.0;   7.1; 1026.43;   13.2;   50.58;   21.7;    5.9;   -0.1;eor
       4625;20190420;   10;   7.5;   2.7;    3;   0.0;   0;-999;   0;   3.7;   6.9; 1024.52;   10.8;   54.96;   19.0;    2.7;   -3.5;eor
       4625;20190421;   10;   6.8;   2.7;    3;   0.0;   0;-999;   0;   1.6;   6.9; 1016.68;   13.1;   49.63;   21.1;    3.7;   -2.5;eor
       4625;20190422;   10;  12.6;   4.1;    3;   0.0;   0;-999;   0;   0.0;   6.9; 1010.38;   13.7;   46.21;   19.3;    5.9;    0.0;eor
       4625;20190423;   10;  16.5;   6.5;    3;   0.0;   6;-999;   0;   2.5;   8.4; 1002.82;   14.5;   51.71;   19.3;    9.6;    6.4;eor
       4625;20190424;   10;  12.3;   4.0;    3;   0.3;   6;-999;   0;   5.3;  11.0;  998.41;   17.1;   57.63;   24.0;   12.5;    9.5;eor
       4625;20190425;   10;   9.4;   3.1;    3;   0.0;   0;-999;   0;   4.5;  10.7; 1002.67;   17.2;   57.21;   23.3;   10.9;    9.0;eor
       4625;20190426;   10;  12.6;   4.6;    3;   5.4;   6;-999;   0;   7.3;  12.0; 1002.39;   15.3;   69.46;   21.2;    9.6;    9.1;eor
       4625;20190427;   10;  14.8;   3.3;    3;   2.9;   6;-999;   0;   7.9;  11.0; 1004.07;   12.6;   77.79;   18.6;    9.0;    8.6;eor
       4625;20190428;   10;   8.9;   3.7;    3;   4.1;   6;-999;   0;   7.9;   9.9; 1010.18;    8.8;   87.21;   10.7;    7.4;    6.2;eor
       4625;20190429;   10;  12.1;   4.0;    3;   0.3;   6;-999;   0;   4.1;   9.5; 1013.65;   10.2;   77.92;   14.8;    5.3;    1.1;eor
       4625;20190430;   10;   8.2;   2.7;    3;   0.0;   0;-999;   0;   3.3;   9.3; 1012.21;   12.4;   66.88;   18.9;    4.4;    0.5;eor
       4625;20190501;   10;  14.3;   5.6;    3;   0.0;   6;-999;-999;   7.8;   9.4; 1006.10;    9.5;   79.50;   12.5;    7.6;    7.0;eor
       4625;20190502;   10;  14.6;   6.5;    3;   0.1;   6;-999;-999;   7.1;   9.1;  997.98;    8.9;   78.92;   11.3;    5.2;    3.5;eor
       4625;20190503;   10;  13.9;   5.7;    3;   0.6;   6;-999;-999;   5.2;   6.2;  999.70;    6.6;   65.54;   10.7;    2.5;    1.1;eor
       4625;20190504;   10;  12.1;   4.3;    3;   0.5;   6;-999;-999;   2.8;   6.2;  999.82;    5.4;   71.17;   10.0;    1.7;   -1.8;eor
       4625;20190505;   10;  11.3;   3.4;    3;   0.0;   6;-999;-999;   3.5;   5.7; 1008.60;    6.7;   62.00;   13.6;   -0.3;   -3.2;eor
       4625;20190506;   10;  15.5;   5.6;    3;   1.5;   6;-999;-999;   7.0;   7.1; 1008.85;    6.6;   73.13;   11.5;    1.7;    0.3;eor
       4625;20190507;   10;  10.6;   3.7;    3;   0.0;   6;-999;-999;   3.3;   5.9; 1009.18;    7.3;   61.50;   13.2;    2.2;   -1.4;eor
       4625;20190508;   10;  12.0;   2.8;    3;   3.2;   6;-999;-999;   5.8;   7.6;  998.61;   10.6;   60.54;   15.8;    3.0;   -0.8;eor
       4625;20190509;   10;   7.7;   2.9;    3;   0.2;   6;-999;-999;   6.6;  10.7;  991.84;   12.4;   75.67;   18.3;    9.1;    5.7;eor
       4625;20190510;   10;  13.7;   3.4;    3;   2.6;   6;-999;-999;   5.8;  10.1;  999.80;   10.4;   79.50;   13.9;    5.0;    1.6;eor
       4625;20190511;   10;   8.8;   2.9;    3;   0.0;   0;-999;-999;   5.8;   7.3; 1008.54;    8.7;   66.96;   13.2;    3.3;   -0.2;eor
       4625;20190512;   10;  10.5;   4.1;    3;   0.0;   0;-999;-999;   1.1;   6.7; 1022.02;    9.5;   59.17;   15.2;    4.1;    2.4;eor
       4625;20190513;   10;  10.8;   3.6;    3;   0.0;   6;-999;-999;   2.2;   6.4; 1028.79;    9.5;   56.67;   14.7;    3.3;    0.0;eor
       4625;20190514;   10;  11.0;   3.2;    3;   0.0;   0;   12.000;-999;   4.1;   6.5; 1026.83;    9.1;   59.71;   14.7;    3.6;   -1.0;eor
       4625;20190515;   10;  12.0;   3.8;    3;   0.0;   6;   12.000;-999;   5.4;   6.4; 1020.53;   10.0;   55.29;   15.7;    2.0;   -1.7;eor
       4625;20190516;   10;  13.0;   4.8;    3;   9.2;   6;    0.000;-999;   7.9;   9.8; 1011.31;    9.7;   80.50;   13.2;    8.1;    7.4;eor
       4625;20190517;   10;   6.5;   2.4;    3;   0.0;   0;    4.533;-999;   7.2;  12.2; 1004.53;   13.5;   79.88;   18.3;    9.0;    9.0;eor
       4625;20190518;   10;  10.6;   3.3;    3;   0.0;   0;   10.950;-999;   2.8;  13.8; 1001.22;   17.1;   72.96;   23.3;   11.9;    9.8;eor
       4625;20190519;   10;  11.4;   3.2;    3;   0.0;   6;   11.467;-999;   5.3;  14.1;  999.53;   17.4;   74.42;   25.4;   10.8;    7.8;eor
       4625;20190520;   10;   9.2;   3.6;    3;   1.1;   6;    4.517;-999;   7.9;  15.7;  997.96;   15.8;   87.67;   21.3;   12.6;   12.8;eor
       4625;20190521;   10;   9.1;   2.8;    3;   7.3;   6;    0.000;-999;   7.8;  15.6;  999.52;   14.8;   92.00;   16.7;   12.8;   12.6;eor
       4625;20190522;   10;  12.7;   4.6;    3;   1.4;   6;    2.150;-999;   5.8;  11.8; 1007.15;   11.7;   85.88;   14.1;    8.0;    5.9;eor
       4625;20190523;   10;   7.4;   2.5;    3;   0.0;   0;   13.367;-999;   7.4;   9.7; 1010.55;   13.7;   65.25;   19.8;    6.4;    4.6;eor
       4625;20190524;   10;  11.5;   4.2;    3;   0.0;   0;   11.817;-999;   7.0;  10.3; 1005.79;   15.9;   58.38;   22.4;    9.5;    7.2;eor
       4625;20190525;   10;   9.8;   4.3;    3;   0.0;   0;    1.150;-999;   7.9;   9.9; 1007.57;   12.5;   68.79;   16.3;    9.4;    8.1;eor
       4625;20190526;   10;  15.7;   5.5;    3;   5.8;   6;    0.150;-999;   7.9;  12.0; 1002.65;   14.0;   75.00;   19.4;    7.8;    7.1;eor
       4625;20190527;   10;  12.7;   4.7;    3;   0.0;   6;    8.750;-999;   6.6;  12.1;  999.14;   15.5;   69.83;   18.9;   13.0;   10.8;eor
       4625;20190528;   10;   8.4;   2.9;    3;   0.0;   0;    6.400;-999;   7.3;   9.6; 1001.56;   12.3;   67.42;   15.1;    7.6;    5.5;eor
       4625;20190529;   10;   8.4;   2.7;    3;   0.0;   0;    9.783;-999;   3.6;   7.4; 1013.82;   10.7;   59.42;   15.6;    5.7;    3.7;eor
       4625;20190530;   10;  14.2;   4.6;    3;   0.1;   6;    3.117;-999;   7.5;  11.1; 1014.42;   14.7;   64.79;   19.1;    7.5;    5.2;eor
       4625;20190531;   10;  10.0;   3.6;    3;   1.0;   6;    2.117;-999;   7.8;  15.9; 1014.46;   17.5;   80.13;   22.0;   14.2;   11.7;eor
       4625;20190601;   10;  11.6;   3.4;    3;   0.0;   0;    9.517;-999;   6.0;  14.8; 1013.45;   18.9;   69.58;   24.8;   13.1;    9.9;eor
       4625;20190602;   10;   9.2;   2.4;    3;   0.0;   0;   13.850;-999;   6.1;  14.6; 1008.84;   22.1;   59.46;   30.5;   11.7;    8.5;eor
       4625;20190603;   10;  16.4;   3.5;    3;   3.8;   6;    8.933;-999;   5.0;  16.2; 1005.55;   21.9;   64.04;   28.5;   15.2;   14.6;eor
       4625;20190604;   10;   8.6;   2.7;    3;   0.0;   6;    8.083;-999;   6.8;  16.2; 1005.37;   19.8;   71.21;   25.1;   14.3;   13.3;eor
       4625;20190605;   10;  12.0;   3.1;    3;   0.1;   6;    7.400;-999;   6.2;  17.9; 1001.10;   23.2;   64.38;   31.2;   18.1;   15.7;eor
       4625;20190606;   10;  13.9;   4.0;    3;   1.8;   6;    5.217;-999;   4.8;  16.2; 1001.99;   19.3;   72.58;   26.0;   12.2;   10.5;eor
       4625;20190607;   10;  14.7;   2.4;    3;  13.2;   6;   12.117;-999;   4.0;  12.3; 1006.63;   17.4;   63.88;   24.4;   11.1;    9.6;eor
       4625;20190608;   10;  15.0;   5.4;    3;   0.0;   0;    5.667;-999;   5.9;  12.0; 1009.54;   16.5;   64.92;   19.9;   13.3;   11.3;eor
       4625;20190609;   10;  10.5;   3.7;    3;   0.0;   6;   13.517;-999;   5.3;  10.7; 1015.65;   16.9;   57.38;   22.4;   10.8;    9.4;eor
       4625;20190610;   10;   8.6;   3.5;    3;   0.1;   6;    3.867;-999;   7.5;  15.7; 1007.35;   18.7;   72.88;   23.9;   14.4;   13.6;eor
       4625;20190611;   10;   8.3;   2.7;    3;  22.6;   6;    6.267;-999;   5.6;  17.8; 1003.53;   19.2;   80.71;   24.3;   15.2;   14.6;eor
       4625;20190612;   10;  15.1;   3.1;    3;   4.5;   6;    2.417;-999;   6.8;  19.0; 1002.17;   18.7;   88.54;   24.9;   13.6;   12.7;eor
       4625;20190613;   10;  10.9;   3.0;    3;   0.7;   6;   10.067;-999;   5.1;  13.9; 1006.40;   18.5;   68.83;   24.6;   12.9;   11.9;eor
       4625;20190614;   10;  10.2;   2.5;    3;   0.1;   6;   12.433;-999;   3.5;  13.8; 1009.44;   21.3;   58.04;   28.8;   13.4;   11.6;eor
       4625;20190615;   10;  14.0;   4.1;    3;   6.7;   8;    2.617;-999;   7.0;  18.4; 1004.39;   20.3;   77.46;   23.2;   15.2;   15.0;eor
       4625;20190616;   10;   9.9;   2.8;    3;   0.0;   6;   11.350;-999;   6.2;  13.6; 1012.28;   18.1;   67.08;   22.8;   13.2;   11.7;eor
       4625;20190617;   10;   8.1;   2.1;    3;   0.0;   0;   14.100;-999;   1.5;  14.3; 1014.20;   20.2;   62.88;   25.3;   14.0;   12.8;eor
       4625;20190618;   10;   9.5;   2.5;    3;   0.0;   0;   11.850;-999;   6.0;  15.0; 1008.84;   23.5;   54.13;   29.4;   17.3;   15.8;eor
       4625;20190619;   10;  20.9;   2.4;    3;   1.3;   8;   11.117;-999;   6.5;  16.0; 1001.82;   23.9;   56.38;   31.2;   18.1;   15.9;eor
       4625;20190620;   10;  10.7;   3.7;    3;   3.7;   6;    7.667;-999;   6.8;  17.1; 1002.99;   19.8;   75.00;   23.1;   16.5;   15.5;eor
       4625;20190621;   10;   9.4;   3.2;    3;   0.0;   0;    9.900;-999;   4.8;  13.7; 1010.45;   17.7;   68.83;   22.2;   14.2;   12.4;eor
       4625;20190622;   10;   8.9;   2.9;    3;   0.0;   0;   14.767;-999;   1.7;  11.7; 1016.51;   16.9;   61.88;   21.6;   11.5;    9.6;eor
       4625;20190623;   10;   7.6;   3.0;    3;   0.0;   0;   14.083;-999;   2.4;  12.7; 1016.60;   19.6;   57.21;   25.6;   12.9;   11.6;eor
       4625;20190624;   10;   9.3;   3.4;    3;   0.0;   0;   14.567;-999;   6.0;  13.9; 1017.15;   21.6;   56.00;   28.3;   14.1;   12.6;eor
       4625;20190625;   10;   8.5;   2.6;    3;   0.0;   0;   13.867;-999;   6.3;  16.1; 1013.85;   26.0;   49.83;   33.4;   16.4;   14.6;eor
       4625;20190626;   10;  12.7;   4.2;    3;   0.0;   0;   14.933;-999;   2.5;  18.8; 1013.29;   24.2;   63.46;   31.1;   14.5;   13.8;eor
       4625;20190627;   10;  12.4;   4.7;    3;   0.0;   0;    9.317;-999;   5.5;  12.4; 1017.65;   16.1;   68.54;   20.7;   11.8;   10.8;eor
       4625;20190628;   10;   7.5;   2.3;    3;   0.0;   0;    7.400;-999;   6.3;  13.1; 1017.62;   17.0;   69.33;   23.1;   12.4;   10.7;eor
       4625;20190629;   10;   7.6;   2.3;    3;   0.0;   0;   15.300;-999;   0.4;  13.9; 1013.11;   21.6;   58.38;   29.2;   13.1;    9.6;eor
       4625;20190630;   10;  15.5;   4.9;    3;   0.0;   0;   13.567;-999;   1.8;  13.9; 1004.99;   24.8;   47.33;   35.1;   15.8;   13.1;eor
       4625;20190701;   10;  16.0;   5.9;    3;   0.2;   6;   12.017;-999;   3.2;  13.7; 1006.88;   19.1;   63.63;   25.0;   14.7;   13.5;eor
       4625;20190702;   10;  14.9;   5.7;    3;   0.0;   6;    7.167;-999;   4.8;  10.8; 1011.76;   15.2;   62.92;   18.3;   10.6;    8.8;eor
       4625;20190703;   10;  12.7;   4.7;    3;   0.0;   0;    7.567;-999;   4.0;   9.8; 1015.09;   14.3;   61.79;   18.7;    8.9;    7.5;eor
       4625;20190704;   10;  13.0;   5.6;    3;   0.0;   6;    4.333;-999;   6.0;  11.6; 1013.53;   15.2;   67.38;   18.2;    9.2;    7.5;eor
       4625;20190705;   10;  13.8;   5.6;    3;   1.7;   6;    0.550;-999;   7.6;  13.8; 1006.67;   15.8;   77.00;   19.1;   13.4;   13.2;eor
       4625;20190706;   10;  13.5;   5.1;    3;   0.4;   6;    1.017;-999;   7.9;  13.5; 1001.23;   15.2;   77.67;   17.3;   13.3;   12.6;eor
       4625;20190707;   10;  12.4;   5.3;    3;   0.0;   6;    0.433;-999;   8.0;  10.4; 1003.32;   13.7;   66.71;   16.6;   11.9;   11.4;eor
       4625;20190708;   10;  12.2;   4.6;    3;   0.0;   6;    3.000;-999;   6.9;  10.9; 1007.44;   13.7;   69.83;   17.9;   10.5;    8.4;eor
       4625;20190709;   10;   9.4;   4.1;    3;   0.0;   0;    2.917;-999;   6.0;  11.2; 1009.88;   14.3;   69.58;   18.7;   10.6;    9.2;eor
       4625;20190710;   10;  10.0;   3.4;    3;   0.0;   6;    7.033;-999;   5.7;  12.1; 1010.25;   15.8;   69.38;   21.5;   10.5;    9.0;eor
       4625;20190711;   10;   6.7;   1.8;    3;   3.0;   6;    6.300;-999;   7.9;  12.1; 1006.09;   17.5;   61.42;   23.2;   10.5;    7.9;eor
       4625;20190712;   10;   8.0;   1.2;    3;  28.4;   6;    0.450;-999;   7.8;  17.1; 1003.15;   17.0;   88.13;   20.3;   15.2;   14.9;eor
       4625;20190713;   10;   9.3;   2.5;    3;  13.3;   8;    7.867;-999;   6.3;  15.6; 1006.14;   19.3;   72.63;   24.7;   13.6;   12.4;eor
       4625;20190714;   10;   7.1;   2.9;    3;   0.0;   6;    0.000;-999;   7.8;  13.4; 1010.03;   14.9;   79.25;   17.1;   13.4;   12.3;eor
       4625;20190715;   10;  11.9;   4.8;    3;   0.0;   6;    0.167;-999;   8.0;  12.1; 1008.88;   14.3;   74.13;   16.8;   12.7;   12.4;eor
       4625;20190716;   10;  11.5;   4.8;    3;   0.0;   6;    5.017;-999;   6.0;  13.4; 1007.11;   16.1;   74.13;   21.0;   12.3;   11.1;eor
       4625;20190717;   10;   6.1;   2.2;    3;   0.0;   6;    5.017;-999;   5.2;  13.8; 1007.78;   15.3;   80.33;   20.4;   11.5;    9.3;eor
       4625;20190718;   10;   5.0;   1.3;    3;   0.0;   0;    8.367;-999;   4.3;  13.2; 1005.21;   19.3;   62.50;   25.9;   10.8;    7.8;eor
       4625;20190719;   10;   9.1;   2.9;    3;   0.0;   6;    6.117;-999;   7.3;  14.3; 1005.60;   19.6;   63.63;   24.5;   15.0;   12.2;eor
       4625;20190720;   10;  25.0;   2.3;    3;  14.9;   6;    8.650;-999;   7.0;  16.2; 1006.00;   20.4;   72.17;   29.9;   13.8;   10.9;eor
       4625;20190721;   10;  11.6;   4.1;    3;   0.0;   0;    8.217;-999;   3.5;  15.7; 1010.39;   18.6;   74.75;   24.1;   13.7;   11.5;eor
       4625;20190722;   10;   8.5;   2.6;    3;   1.9;   6;    2.650;-999;   6.9;  15.6; 1015.01;   16.7;   82.21;   19.6;   12.7;   11.6;eor
       4625;20190723;   10;   8.2;   2.8;    3;   0.0;   0;   14.350;-999;   0.3;  18.4; 1013.92;   22.4;   70.79;   29.7;   15.6;   14.6;eor
       4625;20190724;   10;   7.0;   1.8;    3;   0.0;   0;   14.200;-999;   3.6;  17.8; 1011.25;   24.9;   60.71;   32.1;   16.5;   14.0;eor
       4625;20190725;   10;   8.8;   2.9;    3;   0.0;   0;   11.933;-999;   4.5;  17.4; 1011.17;   25.5;   55.83;   33.2;   18.3;   15.9;eor
       4625;20190726;   10;  11.5;   4.2;    3;   0.0;   0;   14.267;-999;   0.0;  15.6; 1008.19;   23.2;   57.71;   30.3;   17.2;   15.8;eor
       4625;20190727;   10;  12.4;   4.4;    3;   0.0;   0;    9.900;-999;   3.5;  16.9; 1001.47;   21.8;   66.29;   27.5;   17.6;   16.5;eor
       4625;20190728;   10;   8.9;   3.4;    3;   0.0;   0;   11.550;-999;   4.5;  18.0;  997.09;   23.7;   64.42;   30.4;   18.0;   16.7;eor
       4625;20190729;   10;   8.1;   2.1;    3;  18.7;   6;    5.233;-999;   7.7;  22.3; 1001.61;   22.6;   81.75;   29.3;   18.9;   17.0;eor
       4625;20190730;   10;   5.1;   2.0;    3;   5.8;   6;    0.250;-999;   7.5;  19.4; 1004.72;   18.4;   91.33;   20.1;   16.8;   15.3;eor
       4625;20190731;   10;  12.0;   2.0;    3;  27.8;   8;    1.250;-999;   7.8;  18.7; 1007.55;   18.2;   89.08;   23.0;   15.1;   14.6;eor
       4625;20190801;   10;   7.0;   2.1;    3;   0.0;   0;    7.133;-999;   6.3;  15.8; 1009.39;   18.3;   77.29;   23.8;   14.2;   13.3;eor
       4625;20190802;   10;  10.8;   1.5;    3;   6.2;   6;    5.150;-999;   5.9;  17.3; 1007.75;   17.8;   85.08;   23.4;   14.4;   12.6;eor
       4625;20190803;   10;   9.1;   1.8;    3;   0.0;   0;   10.033;-999;   2.8;  15.3; 1008.00;   19.1;   71.42;   24.6;   13.6;   11.8;eor
       4625;20190804;   10;   8.5;   3.0;    3;   0.0;   6;    3.883;-999;   5.9;  15.5; 1008.62;   17.9;   76.29;   21.6;   14.0;   13.0;eor
       4625;20190805;   10;   6.8;   1.9;    3;   0.1;   6;    0.900;-999;   7.9;  16.6; 1003.96;   19.3;   74.96;   24.2;   15.7;   13.9;eor
       4625;20190806;   10;   9.5;   3.4;    3;   0.0;   6;    5.250;-999;   6.7;  16.8; 1001.45;   19.7;   74.04;   24.4;   15.5;   13.9;eor
       4625;20190807;   10;  12.9;   2.5;    3;   0.0;   6;    3.400;-999;   6.5;  15.6;  999.19;   18.5;   74.50;   23.8;   13.9;   12.0;eor
       4625;20190808;   10;  14.3;   4.3;    3;   2.1;   6;    6.400;-999;   3.8;  15.0; 1002.04;   17.3;   76.92;   24.0;   12.7;   11.4;eor
       4625;20190809;   10;  10.5;   2.5;    3;   1.4;   6;    7.067;-999;   5.7;  15.6; 1003.95;   18.9;   73.25;   24.0;   13.2;   12.0;eor
       4625;20190810;   10;  17.7;   5.2;    3;   0.4;   6;    7.200;-999;   5.9;  16.7; 1001.62;   20.7;   69.46;   25.2;   15.9;   14.2;eor
       4625;20190811;   10;  15.1;   4.6;    3;   0.0;   0;    8.567;-999;   4.8;  12.6; 1006.01;   19.7;   56.00;   24.9;   14.9;   13.2;eor
       4625;20190812;   10;  12.5;   4.0;    3;   8.9;   6;   10.733;-999;   4.8;  13.2; 1005.85;   19.1;   61.50;   24.1;   14.7;   13.9;eor
       4625;20190813;   10;  13.0;   4.4;    3;   2.5;   6;    3.617;-999;   6.3;  13.9; 1006.95;   14.9;   82.54;   17.9;   10.7;    9.5;eor
       4625;20190814;   10;  10.1;   3.3;    3;   0.5;   6;    5.850;-999;   4.4;  11.5; 1008.83;   14.7;   70.50;   19.9;    9.0;    8.3;eor
       4625;20190815;   10;   9.2;   2.9;    3;   4.2;   6;    0.367;-999;   7.3;  14.4; 1003.38;   15.7;   79.92;   18.8;   13.0;   11.1;eor
       4625;20190816;   10;  11.3;   3.7;    3;   0.5;   6;    3.950;-999;   7.5;  15.1; 1006.75;   17.3;   77.71;   20.8;   14.8;   14.1;eor
       4625;20190817;   10;  10.6;   3.0;    3;   1.5;   6;    0.183;-999;   7.8;  15.7; 1001.72;   18.3;   74.25;   21.8;   15.0;   13.8;eor
       4625;20190818;   10;   8.0;   3.3;    3;   6.8;   6;    0.150;-999;   7.8;  18.4;  999.25;   17.5;   92.08;   20.8;   14.4;   13.4;eor
       4625;20190819;   10;  11.3;   4.3;    3;   0.0;   0;    8.017;-999;   4.1;  14.1; 1007.08;   17.3;   73.21;   21.9;   13.4;   10.7;eor
       4625;20190820;   10;  10.3;   3.4;    3;   0.4;   6;    9.117;-999;   5.9;  13.0; 1014.13;   17.0;   68.67;   21.6;   12.2;   10.1;eor
       4625;20190821;   10;   8.6;   2.8;    3;   0.0;   0;    8.900;-999;   3.4;  13.3; 1020.09;   16.2;   74.25;   21.5;   11.8;    9.6;eor
       4625;20190822;   10;   9.2;   2.4;    3;   0.0;   0;   12.533;-999;   4.6;  12.3; 1019.32;   18.6;   61.83;   26.0;   11.1;    8.1;eor
       4625;20190823;   10;   7.2;   2.0;    3;   0.0;   0;   12.400;-999;   6.1;  13.2; 1018.75;   19.4;   61.92;   27.2;   11.9;    9.1;eor
       4625;20190824;   10;   7.3;   2.4;    3;   0.0;   0;   12.333;-999;   3.9;  14.0; 1017.17;   21.5;   58.83;   28.8;   13.5;   10.3;eor
       4625;20190825;   10;   6.8;   2.5;    3;   0.0;   0;    3.817;-999;   3.6;  16.2; 1014.31;   22.9;   59.54;   30.1;   16.1;   13.4;eor
       4625;20190826;   10;   7.4;   2.4;    3;   0.1;   6;   11.783;-999;   2.8;  15.6; 1013.30;   24.3;   54.88;   31.1;   16.7;   14.3;eor
       4625;20190827;   10;   7.5;   2.1;    3;   5.7;   8;    7.217;-999;   6.6;  20.6; 1010.53;   23.8;   71.54;   31.4;   19.7;   18.5;eor
       4625;20190828;   10;  20.8;   1.9;    3;  46.7;   8;    8.050;-999;   7.3;  20.5; 1007.02;   23.4;   74.13;   32.5;   17.4;   17.0;eor
       4625;20190829;   10;   8.7;   2.8;    3;   0.8;   6;    4.950;-999;   6.0;  19.1; 1010.35;   20.5;   80.13;   25.0;   16.6;   14.4;eor
       4625;20190830;   10;   9.4;   1.7;    3;   0.0;   0;    9.083;-999;   4.5;  17.6; 1014.99;   20.4;   75.50;   25.6;   15.0;   12.9;eor
       4625;20190831;   10;   7.0;   1.9;    3;   0.0;   0;    9.683;-999;   2.4;  18.7; 1007.64;   23.7;   66.38;   31.1;   15.7;   13.4;eor
       4625;20190901;   10;  14.0;   3.4;    3;   0.2;   6;    2.600;-999;   6.4;  15.7; 1004.07;   19.7;   67.96;   24.4;   12.7;   11.1;eor
       4625;20190902;   10;  10.6;   3.9;    3;   0.9;   6;    8.817;-999;   2.1;  11.4; 1012.90;   14.5;   71.00;   18.9;   10.0;    8.7;eor
       4625;20190903;   10;  12.7;   4.8;    3;   2.2;   6;    1.350;-999;   7.0;  13.7; 1013.17;   14.4;   82.71;   18.7;   11.0;    9.5;eor
       4625;20190904;   10;  11.3;   3.9;    3;   0.3;   6;    2.733;-999;   6.8;  13.9; 1007.48;   16.4;   76.63;   21.3;   11.8;   10.8;eor
       4625;20190905;   10;  16.6;   5.8;    3;   0.4;   6;    6.300;-999;   3.2;  12.3; 1007.09;   14.1;   77.46;   17.9;    9.3;    7.9;eor
       4625;20190906;   10;  11.5;   4.3;    3;   0.0;   6;    5.317;-999;   5.1;  10.6; 1013.80;   13.2;   70.79;   17.6;    7.8;    6.6;eor
       4625;20190907;   10;   9.1;   2.7;    3;   0.3;   6;    0.167;-999;   7.7;  11.7; 1010.42;   13.5;   75.75;   16.5;   11.0;    8.5;eor
       4625;20190908;   10;   5.7;   1.8;    3;   0.2;   6;    8.483;-999;   5.9;  12.2; 1010.80;   14.5;   75.83;   19.9;    9.4;    6.5;eor
       4625;20190909;   10;  10.2;   2.8;    3;  19.4;   6;    0.000;-999;   7.6;  13.7; 1005.96;   13.3;   89.21;   15.5;   12.0;   10.4;eor
       4625;20190910;   10;  15.7;   6.2;    3;   0.3;   6;    1.817;-999;   7.8;  13.1; 1006.69;   14.4;   80.38;   17.8;   12.0;   11.1;eor
       4625;20190911;   10;  16.1;   5.1;    3;   1.5;   6;    7.417;-999;   4.2;  12.0; 1012.53;   14.7;   74.29;   20.6;    8.6;    7.5;eor
       4625;20190912;   10;  12.9;   4.3;    3;   0.0;   6;    5.783;-999;   5.1;  14.4; 1017.40;   16.4;   78.29;   20.6;   13.7;   10.7;eor
       4625;20190913;   10;  10.7;   4.3;    3;   5.3;   6;    4.467;-999;   6.0;  13.0; 1021.40;   15.7;   73.00;   19.0;   10.8;    8.6;eor
       4625;20190914;   10;   6.6;   2.6;    3;   0.0;   0;   10.350;-999;   5.3;  10.4; 1024.97;   12.9;   71.67;   18.3;    7.9;    6.6;eor
       4625;20190915;   10;  14.4;   5.4;    3;   0.4;   6;    2.833;-999;   8.0;  11.9; 1012.27;   13.3;   76.75;   18.6;    8.5;    7.5;eor
       4625;20190916;   10;   9.8;   3.8;    3;   0.0;   6;    4.433;-999;   5.1;  10.7; 1010.74;   12.3;   76.04;   15.6;    8.7;    7.4;eor
       4625;20190917;   10;  19.6;   5.6;    3;   1.8;   6;    3.250;-999;   4.7;  10.2; 1006.88;   10.9;   78.17;   13.1;    8.4;    6.6;eor
       4625;20190918;   10;  13.8;   4.9;    3;   0.4;   6;    6.700;-999;   3.7;   8.9; 1014.36;   10.9;   69.88;   15.5;    7.4;    5.8;eor
       4625;20190919;   10;   9.0;   3.4;    3;   0.0;   0;    9.933;-999;   6.0;   9.2; 1020.07;   11.1;   71.04;   15.5;    7.6;    5.7;eor
       4625;20190920;   10;  10.0;   3.8;    3;   0.0;   6;    1.167;-999;   7.9;  11.3; 1020.03;   12.4;   78.25;   16.7;    7.9;    6.1;eor
       4625;20190921;   10;   6.8;   2.6;    3;   0.0;   0;    9.000;-999;   4.0;  13.2; 1014.50;   15.5;   76.08;   21.4;   10.8;    6.3;eor
       4625;20190922;   10;   6.2;   2.3;    3;   0.0;   0;   10.817;-999;   1.5;  11.5; 1006.67;   16.0;   67.25;   24.5;    8.1;    4.6;eor
       4625;20190923;   10;   7.3;   2.4;    3;   0.0;   6;    9.600;-999;   6.6;  11.7; 1006.27;   16.1;   67.17;   23.1;   10.9;    7.7;eor
       4625;20190924;   10;   5.2;   2.0;    3;   1.8;   6;    1.717;-999;   7.7;  15.3; 1004.63;   16.1;   84.17;   20.1;   13.8;   12.9;eor
       4625;20190925;   10;   3.9;   1.5;    3;   1.1;   6;    0.000;-999;   7.9;  14.8;  999.02;   14.2;   91.96;   16.1;   12.4;   10.4;eor
       4625;20190926;   10;   6.4;   1.8;    3;   7.6;   6;    0.400;-999;   8.0;  15.2; 1002.30;   14.8;   90.58;   18.2;   12.1;   11.8;eor
       4625;20190927;   10;   8.6;   3.3;    3;   0.1;   6;    2.267;-999;   6.2;  14.8; 1000.49;   15.3;   85.29;   18.2;   13.5;   11.8;eor
       4625;20190928;   10;  13.6;   5.3;    3;   1.1;   6;    3.450;-999;   7.3;  13.2; 1000.42;   14.8;   78.33;   18.1;   12.5;   11.3;eor
       4625;20190929;   10;  10.9;   5.2;    3;  19.1;   6;    0.000;-999;   7.5;  14.5;  992.54;   13.6;   92.88;   14.9;   12.8;   12.3;eor
       4625;20190930;   10;  19.8;   6.2;    3;   6.3;   6;    2.300;-999;   6.9;  13.2;  991.49;   13.6;   84.75;   16.3;   11.2;   10.2;eor
       4625;20191001;   10;  10.2;   2.9;    3;  14.7;   6;    0.000;-999;   7.8;  12.3;  992.95;   10.9;   94.00;   14.9;    8.5;    7.4;eor
       4625;20191002;   10;  10.7;   4.0;    3;   2.7;   6;    6.283;   0;   5.3;   9.5;  997.13;    9.5;   80.71;   13.5;    7.5;    6.0;eor
       4625;20191003;   10;  11.4;   3.1;    3;   0.6;   6;    0.567;   0;   7.5;   9.8; 1005.59;    9.1;   85.00;   11.7;    7.8;    6.5;eor
       4625;20191004;   10;   9.1;   2.8;    3;   5.9;   6;    0.000;   0;   7.6;   9.5; 1002.60;    8.3;   86.75;   10.3;    6.8;    4.5;eor
       4625;20191005;   10;   9.6;   3.5;    3;   0.3;   6;    3.983;   0;   4.5;   9.0; 1009.37;    8.4;   81.83;   11.7;    4.3;    1.0;eor
       4625;20191006;   10;   7.7;   2.1;    3;   0.0;   0;    4.033;   0;   4.0;   7.8; 1013.54;    6.2;   83.13;   10.8;    2.7;   -1.4;eor
       4625;20191007;   10;   6.9;   1.5;    3;   1.2;   6;    5.400;   0;   5.5;   7.4; 1012.26;    6.4;   78.38;   11.6;    1.2;   -1.9;eor
       4625;20191008;   10;  10.7;   4.1;    3;   3.7;   6;    0.350;   0;   7.1;  11.2;  997.83;   10.5;   87.17;   15.1;    6.9;    5.9;eor
       4625;20191009;   10;  13.6;   4.8;    3;   1.3;   6;    1.483;   0;   6.9;  11.3;  996.81;   11.1;   86.38;   14.8;    8.8;    7.8;eor
       4625;20191010;   10;  13.8;   5.5;    3;   3.1;   6;    3.517;   0;   6.6;  10.4; 1000.38;    9.8;   86.29;   13.2;    8.0;    6.7;eor
       4625;20191011;   10;  15.6;   6.6;    3;   5.2;   6;    0.000;   0;   7.9;  12.3; 1000.85;   12.6;   84.25;   15.4;    8.6;    7.4;eor
       4625;20191012;   10;  16.0;   4.3;    3;   4.4;   6;    0.000;   0;   7.7;  13.2; 1000.94;   12.5;   91.46;   16.0;   10.7;   10.4;eor
       4625;20191013;   10;  18.4;   2.4;    3;   1.8;   6;    2.017;   0;   7.9;  15.5; 1002.60;   15.2;   88.67;   18.9;   10.7;   10.4;eor
       4625;20191014;   10;  12.7;   4.3;    3;   0.0;   0;    7.117;   0;   7.0;  13.3; 1005.97;   15.2;   77.00;   18.1;   13.0;   11.6;eor
       4625;20191015;   10;   7.1;   2.1;    3;   3.5;   6;    5.700;   0;   7.5;  14.6;  999.84;   15.2;   84.46;   21.4;   11.4;    9.2;eor
       4625;20191016;   10;  10.5;   3.5;    3;  14.0;   6;    0.067;   0;   6.3;  13.7; 1000.10;   12.4;   94.71;   13.6;    9.6;    8.4;eor
       4625;20191017;   10;   9.5;   3.3;    3;   1.9;   6;    0.017;   0;   7.8;  14.1; 1003.05;   13.6;   90.33;   15.6;   11.3;   10.3;eor
       4625;20191018;   10;  26.9;   3.7;    3;   7.0;   8;    3.183;   0;   5.9;  12.9; 1000.30;   13.2;   84.96;   17.7;    8.8;    7.4;eor
       4625;20191019;   10;   8.7;   3.0;    3;   0.1;   6;    4.650;   0;   7.9;  11.2; 1000.35;   12.0;   79.29;   15.7;    8.3;    6.8;eor
       4625;20191020;   10;  10.6;   2.1;    3;   8.2;   6;    0.000;   0;   7.8;  13.2; 1003.59;   12.2;   92.75;   14.1;   10.9;    9.0;eor
       4625;20191021;   10;   9.9;   2.7;    3;   0.0;   6;    0.050;   0;   7.1;  13.9; 1009.93;   12.8;   93.83;   15.2;   10.9;    8.8;eor
       4625;20191022;   10;   9.1;   3.8;    3;   0.0;   0;    1.783;   0;   5.1;  11.7; 1015.43;   11.2;   88.13;   13.6;    8.2;    5.1;eor
       4625;20191023;   10;   6.9;   2.2;    3;   0.0;   0;    2.667;   0;   5.7;  11.4; 1011.88;   11.0;   87.13;   14.8;    7.3;    4.3;eor
       4625;20191024;   10;   9.3;   2.7;    3;   0.0;   0;    0.000;   0;   7.3;  13.2; 1002.63;   12.1;   93.63;   14.2;   10.5;    8.7;eor
       4625;20191025;   10;  12.1;   4.7;    3;   0.0;   6;    2.300;   0;   7.8;  11.7; 1008.53;   12.9;   79.17;   15.1;   11.0;    9.8;eor
       4625;20191026;   10;  15.8;   6.4;    3;   1.4;   6;    4.800;   0;   6.7;  12.1; 1004.15;   14.8;   72.42;   18.1;   11.6;   10.1;eor
       4625;20191027;   10;  17.4;   6.6;    3;   0.0;   6;    2.767;   0;   6.0;   9.9; 1006.34;   11.3;   73.00;   16.8;    7.3;    6.0;eor
       4625;20191028;   10;  11.1;   4.7;    3;   0.2;   6;    5.483;   0;   2.5;   8.9; 1011.71;    8.0;   83.42;   12.5;    5.2;    3.2;eor
       4625;20191029;   10;   7.6;   2.5;    3;   0.0;   6;    5.667;   0;   1.3;   7.2; 1018.32;    5.5;   81.25;   10.2;    1.5;   -1.8;eor
       4625;20191030;   10;   3.6;   1.1;    3;   0.0;   0;    6.867;   0;   2.8;   6.7; 1023.08;    3.8;   84.67;    9.3;   -0.1;   -3.8;eor
       4625;20191031;   10;   4.3;   1.6;    3;   0.0;   0;    7.350;   0;   7.0;   5.9; 1019.60;    2.5;   81.67;    7.6;   -1.3;   -5.1;eor
       4625;20191101;   10;   9.9;   2.8;    3;   4.9;   6;    2.033;   0;   6.4;   6.3; 1003.76;    3.0;   82.17;    5.6;    0.5;   -2.7;eor
       4625;20191102;   10;  10.6;   3.0;    3;   5.6;   6;    0.033;   0;   7.9;  11.8;  984.08;   10.0;   94.67;   13.7;    5.6;    5.3;eor
       4625;20191103;   10;   6.3;   2.1;    3;   1.6;   6;    1.467;   0;   7.9;  11.6;  981.58;   11.2;   86.96;   13.4;   10.1;    7.1;eor
       4625;20191104;   10;   8.3;   2.3;    3;   9.6;   6;    0.017;   0;   8.0;  11.5;  982.11;    9.8;   94.54;   10.8;    7.0;    4.2;eor
       4625;20191105;   10;   7.6;   1.8;    3;   3.4;   6;    0.000;   0;   7.8;  10.7;  987.40;    8.6;   95.88;   10.4;    6.8;    4.9;eor
       4625;20191106;   10;   4.3;   1.5;    3;   1.7;   6;    0.000;   0;   7.8;   9.1;  992.82;    6.5;   93.83;    7.4;    5.8;    5.0;eor
       4625;20191107;   10;   6.3;   2.3;    3;   0.1;   6;    0.017;   0;   7.8;   8.8;  995.34;    6.3;   91.58;    8.6;    4.1;    4.4;eor
       4625;20191108;   10;   5.9;   2.0;    3;   0.2;   6;    0.833;   0;   7.2;   8.6; 1000.03;    6.0;   91.88;    8.0;    3.7;    1.9;eor
       4625;20191109;   10;   7.0;   2.7;    3;   0.0;   6;    0.483;   0;   7.2;   8.6;  999.89;    6.1;   90.88;    8.5;    3.7;    1.3;eor
       4625;20191110;   10;   5.5;   2.4;    3;   0.0;   0;    6.650;   0;   2.6;   7.1; 1005.58;    3.6;   90.04;    8.0;    0.0;   -0.6;eor
       4625;20191111;   10;   9.3;   2.7;    3;   0.0;   6;    0.000;   0;   7.3;   6.2; 1001.92;    1.1;   93.21;    2.9;   -1.1;   -2.5;eor
       4625;20191112;   10;  12.0;   3.2;    3;   0.0;   6;    5.267;   0;   5.8;   6.7;  995.68;    4.8;   77.54;    8.2;    1.8;    0.6;eor
       4625;20191113;   10;   7.7;   2.6;    3;   0.0;   6;    0.817;   0;   7.2;   6.7;  994.05;    4.0;   82.67;    5.6;    1.9;    0.0;eor
       4625;20191114;   10;   8.6;   2.9;    3;   0.0;   0;    6.000;   0;   3.5;   7.2; 1000.70;    4.6;   85.33;    8.3;    1.8;   -1.1;eor
       4625;20191115;   10;  11.8;   4.4;    3;   0.0;   0;    0.000;   0;   8.0;   7.8; 1000.16;    5.4;   85.63;    7.6;    2.8;    2.2;eor
       4625;20191116;   10;  13.8;   4.1;    3;  10.6;   6;    0.000;   0;   6.3;   8.7;  998.53;    5.9;   92.13;    7.8;    2.0;    0.7;eor
       4625;20191117;   10;  10.8;   3.3;    3;   0.1;   6;    0.267;   0;   6.3;   7.1; 1005.63;    3.8;   88.13;    7.2;   -0.4;   -2.8;eor
       4625;20191118;   10;  10.3;   2.9;    3;   1.8;   6;    0.000;   0;   7.9;   9.4;  997.77;    7.1;   92.50;    9.2;    5.4;    4.9;eor
       4625;20191119;   10;  14.2;   5.0;    3;   0.9;   6;    0.017;   0;   6.7;   8.1; 1004.68;    5.9;   86.83;    7.6;    4.2;    2.4;eor
       4625;20191120;   10;   4.1;   1.1;    3;   2.3;   6;    0.000;   0;   7.9;   8.0; 1011.28;    4.6;   94.54;    5.7;    3.9;    1.9;eor
       4625;20191121;   10;   5.9;   2.2;    3;   4.5;   6;    0.000;   0;   8.0;   9.4; 1005.20;    6.6;   95.71;    8.6;    4.3;    3.8;eor
       4625;20191122;   10;   8.7;   2.3;    3;   0.0;   0;    0.000;   0;   7.9;   9.7; 1002.47;    7.6;   92.42;    8.7;    6.2;    6.2;eor
       4625;20191123;   10;  11.5;   4.9;    3;   0.0;   0;    0.133;   0;   7.9;   8.3; 1001.73;    6.2;   87.04;    8.1;    3.9;    3.1;eor
       4625;20191124;   10;  10.7;   4.2;    3;   0.0;   0;    0.000;   0;   8.0;   7.4; 1004.05;    4.1;   90.29;    4.7;    3.5;    3.4;eor
       4625;20191125;   10;   7.0;   2.6;    3;   0.0;   6;    0.000;   0;   7.9;   8.0; 1004.55;    4.9;   91.46;    5.7;    4.3;    4.4;eor
       4625;20191126;   10;   6.0;   2.0;    3;   0.0;   6;    0.000;   0;   8.0;   8.5;  998.78;    5.5;   93.54;    7.3;    4.5;    4.3;eor
       4625;20191127;   10;   8.4;   2.6;    3;   1.5;   6;    0.000;   0;   7.9;   9.2;  987.53;    7.3;   89.54;    8.4;    6.8;    5.5;eor
       4625;20191128;   10;  16.0;   5.3;    3;   5.1;   6;    0.000;   0;   7.7;  10.1;  980.01;    9.0;   88.00;   10.1;    7.1;    6.4;eor
       4625;20191129;   10;  14.5;   5.9;    3;   0.0;   6;    2.167;   0;   3.5;   6.0;  995.35;    3.9;   73.88;    7.2;   -0.9;   -2.7;eor
       4625;20191130;   10;   7.9;   3.7;    3;   0.0;   0;    4.133;   0;   1.3;   6.1; 1012.52;    1.6;   88.63;    5.6;   -1.3;   -3.2;eor
       4625;20191201;   10;   6.1;   2.8;    3;   0.1;   6;    0.000;   0;   8.0;   6.2; 1014.10;    0.4;   98.50;    2.2;   -0.9;   -1.0;eor
       4625;20191202;   10;   9.2;   4.4;    3;   0.2;   6;    1.983;   0;   4.6;   6.8; 1012.58;    3.2;   89.08;    5.2;    0.5;   -1.8;eor
       4625;20191203;   10;  10.1;   4.0;    3;   0.2;   6;    0.000;   0;   7.5;   7.4; 1016.95;    3.6;   93.29;    6.2;    0.4;   -1.6;eor
       4625;20191204;   10;   9.8;   4.4;    3;   0.0;   0;    0.000;   0;   7.9;   7.5; 1014.27;    5.0;   86.58;    6.0;    1.9;    0.7;eor
       4625;20191205;   10;  12.4;   4.3;    3;   0.0;   6;    4.817;   0;   4.2;   6.1; 1009.61;    1.6;   88.96;    3.8;   -0.7;   -1.8;eor
       4625;20191206;   10;  13.4;   7.1;    3;   2.7;   6;    0.000;   0;   7.9;   7.6;  997.74;    4.2;   90.96;    6.6;    1.3;    0.1;eor
       4625;20191207;   10;  15.6;   6.7;    3;   2.2;   6;    0.000;   0;   7.6;   9.5;  996.65;    7.7;   90.13;    8.8;    6.4;    5.9;eor
       4625;20191208;   10;  18.6;   7.7;    3;   4.6;   6;    0.000;   0;   7.2;   8.7;  990.54;    7.8;   82.46;    9.3;    6.3;    4.9;eor
       4625;20191209;   10;  14.7;   5.6;    3;   0.1;   6;    0.467;   0;   6.4;   7.5;  990.57;    5.8;   81.71;    7.4;    3.9;    1.9;eor
       4625;20191210;   10;  11.4;   4.1;    3;   1.1;   6;    4.283;   0;   3.1;   6.1; 1011.02;    3.2;   79.42;    5.7;    1.3;   -0.4;eor
       4625;20191211;   10;  13.6;   4.0;    3;  10.0;   6;    0.000;   0;   7.7;   6.9; 1000.58;    3.1;   89.92;    4.0;    1.6;    1.4;eor
       4625;20191212;   10;   8.6;   3.3;    3;   0.0;   6;    0.000;   0;   7.7;   7.1;  992.18;    3.2;   92.96;    4.5;    1.1;    0.9;eor
       4625;20191213;   10;  10.8;   3.9;    3;   1.1;   8;    4.483;   0;   4.2;   5.8;  977.30;    1.5;   84.88;    3.1;    0.5;   -1.0;eor
       4625;20191214;   10;  14.8;   5.3;    3;   1.1;   6;    0.000;   0;   7.4;   6.8;  978.70;    3.2;   88.96;    5.0;    0.6;    0.0;eor
       4625;20191215;   10;  20.2;   7.3;    3;   1.6;   6;    3.200;   0;   5.8;   6.7;  989.50;    5.6;   74.71;    8.9;    1.7;    0.0;eor
       4625;20191216;   10;   9.8;   3.7;    3;   0.1;   6;    0.217;   0;   7.3;   7.7;  999.35;    5.6;   83.71;    7.2;    3.5;    1.9;eor
       4625;20191217;   10;  24.5;   3.1;    3;   4.3;   6;    2.817;   0;   8.0;   9.0;  995.79;    8.8;   80.08;   11.9;    5.9;    3.6;eor
       4625;20191218;   10;  18.7;   5.0;    3;   0.0;   0;    0.250;   0;   7.1;   8.6; 1006.67;    6.7;   87.33;   10.8;    2.9;   -1.1;eor
       4625;20191219;   10;   8.9;   2.9;    3;   0.0;   0;    4.417;   0;   6.0;   8.5; 1006.62;    6.3;   88.96;    9.7;    2.9;   -0.8;eor
       4625;20191220;   10;   8.4;   2.9;    3;   0.4;   6;    3.217;   0;   7.8;   8.7;  987.58;    7.1;   86.29;   10.0;    4.1;    2.8;eor
       4625;20191221;   10;   7.8;   3.2;    3;   0.0;   0;    3.400;   0;   4.8;   8.5;  984.15;    6.8;   86.25;    9.2;    3.6;    0.9;eor
       4625;20191222;   10;   7.3;   2.6;    3;   1.4;   6;    0.000;   0;   7.8;   7.1;  980.98;    3.4;   91.00;    4.7;    1.9;   -0.1;eor
       4625;20191223;   10;  11.3;   4.3;    3;   0.8;   6;    0.250;   0;   7.2;   8.5;  992.89;    6.1;   89.83;    7.7;    4.6;    3.5;eor
       4625;20191224;   10;  10.1;   3.1;    3;   5.0;   6;    0.267;   0;   7.8;   8.3; 1000.66;    5.6;   90.88;    6.7;    4.5;    3.3;eor
       4625;20191225;   10;   7.1;   2.6;    3;   1.7;   6;    0.000;   0;   7.9;   8.0; 1007.36;    4.8;   92.58;    5.8;    3.7;    2.1;eor
       4625;20191226;   10;   7.4;   3.4;    3;   0.7;   6;    0.400;   0;   7.5;   8.0; 1015.01;    4.8;   92.29;    6.6;    3.5;    1.8;eor
       4625;20191227;   10;   6.8;   2.3;    3;   0.3;   8;    0.350;   0;   6.3;   6.2; 1023.65;    1.9;   88.17;    3.5;   -0.1;   -3.3;eor
       4625;20191228;   10;   5.6;   1.8;    3;   0.0;   0;    0.267;   0;   7.9;   4.6; 1034.47;    0.1;   74.38;    1.5;   -1.4;   -2.4;eor
       4625;20191229;   10;   9.2;   3.7;    3;   0.0;   0;    0.517;   0;   7.5;   4.7; 1029.22;   -0.5;   80.00;    2.0;   -2.5;   -3.6;eor
       4625;20191230;   10;  12.0;   6.6;    3;   0.0;   0;    0.567;   0;   5.8;   4.1; 1017.82;    4.8;   47.75;    7.0;    2.0;    1.2;eor
       4625;20191231;   10;  11.9;   5.0;    3;   0.0;   0;    3.983;   0;   3.3;   7.2; 1020.57;    5.2;   81.63;    7.9;    1.2;   -0.8;eor
       4625;20200101;   10;   8.1;   3.5;    3;   0.0;   0;    1.083;   0;   5.5;   6.1; 1024.41;    1.1;   91.79;    4.1;   -3.0;   -3.0;eor
       4625;20200102;   10;  11.9;   4.3;    3;   0.0;   6;    4.800;   0;   4.1;   5.2; 1017.17;   -0.8;   90.33;    2.5;   -3.3;   -4.7;eor
       4625;20200103;   10;  11.5;   5.4;    3;   6.3;   6;    0.000;   0;   7.4;   7.7; 1007.38;    4.4;   91.54;    7.1;    1.5;    0.9;eor
       4625;20200104;   10;  17.3;   6.6;    3;   5.8;   6;    1.417;   0;   4.0;   6.7; 1012.33;    4.1;   81.25;    5.9;    1.3;   -1.0;eor
       4625;20200105;   10;   8.0;   3.9;    3;   0.2;   6;    0.217;   0;   5.2;   6.4; 1023.69;    2.0;   89.21;    4.8;   -0.9;   -2.4;eor
       4625;20200106;   10;   8.7;   4.0;    3;   0.8;   6;    0.000;   0;   7.1;   7.6; 1017.33;    4.2;   92.13;    5.7;    1.6;   -0.4;eor
       4625;20200107;   10;   9.8;   4.5;    3;   0.4;   6;    0.000;   0;   6.9;   7.3; 1014.68;    3.9;   89.50;    6.9;    0.3;   -0.5;eor
       4625;20200108;   10;  12.0;   5.1;    3;   0.8;   6;    0.000;   0;   7.9;   9.5; 1012.17;    7.3;   91.58;    9.3;    5.2;    4.1;eor
       4625;20200109;   10;  11.0;   3.5;    3;   5.1;   6;    0.000;   0;   7.9;  10.8; 1006.11;    8.8;   95.79;   10.5;    7.1;    6.1;eor
       4625;20200110;   10;  13.5;   5.8;    3;   1.8;   6;    0.517;   0;   7.5;   9.8; 1005.63;    8.1;   89.21;   10.7;    3.9;    3.5;eor
       4625;20200111;   10;  13.1;   5.5;    3;   0.0;   6;    2.517;   0;   7.5;   6.8; 1019.37;    4.0;   83.17;    5.3;    2.0;    0.4;eor
       4625;20200112;   10;  13.9;   7.1;    3;   2.9;   6;    0.000;   0;   7.8;   7.7; 1009.67;    5.7;   83.29;    7.8;    4.8;    4.2;eor
       4625;20200113;   10;  11.2;   4.0;    3;   0.1;   6;    0.167;   0;   7.3;   8.1; 1009.55;    5.5;   89.75;    6.9;    4.0;    2.5;eor
       4625;20200114;   10;  13.9;   5.2;    3;   1.7;   6;    0.033;-999;   8.0;   8.4;  998.97;    7.8;   79.29;   10.8;    3.7;    2.5;eor
       4625;20200115;   10;  16.8;   7.0;    3;   0.0;   6;    4.200;-999;   6.7;   8.8; 1002.57;   11.1;   66.67;   13.4;    6.2;    4.5;eor
       4625;20200116;   10;   8.9;   3.8;    3;   0.0;   0;    4.933;-999;   4.6;   7.7; 1017.45;    5.8;   83.83;    8.4;    2.9;    1.5;eor
       4625;20200117;   10;   9.7;   2.9;    3;   0.9;   6;    5.433;-999;   4.9;   7.8; 1009.83;    6.2;   82.79;    9.4;    4.1;    2.4;eor
       4625;20200118;   10;  16.8;   6.2;    3;   0.1;   6;    0.317;-999;   7.8;   7.0; 1012.37;    5.1;   79.58;    7.6;    2.3;    0.8;eor
       4625;20200119;   10;   6.6;   3.2;    3;   0.0;   0;    2.717;-999;   1.7;   6.4; 1026.20;    2.4;   87.25;    6.2;    0.2;   -2.9;eor
       4625;20200120;   10;   9.0;   3.8;    3;   0.0;   0;    0.350;-999;   7.7;   7.1; 1036.47;    3.3;   91.21;    5.7;   -0.7;   -2.3;eor
       4625;20200121;   10;  12.2;   5.8;    3;   0.0;   0;    0.000;-999;   7.5;   7.0; 1030.42;    4.0;   86.21;    5.1;    2.7;    1.8;eor
       4625;20200122;   10;  10.7;   4.3;    3;   0.1;   6;    0.617;-999;   7.7;   7.9; 1024.84;    5.6;   86.58;    7.2;    4.2;    1.7;eor
       4625;20200123;   10;  11.4;   3.4;    3;   0.0;   0;    0.000;-999;   7.9;   7.0; 1023.77;    4.5;   82.92;    5.7;    2.8;    1.2;eor
       4625;20200124;   10;   8.9;   4.3;    3;   0.0;   6;    0.000;-999;   6.2;   6.2; 1014.36;    0.9;   94.33;    2.7;   -0.5;   -1.7;eor
       4625;20200125;   10;   8.3;   4.3;    3;   0.0;   6;    0.000;-999;   8.0;   6.8; 1012.88;    2.3;   94.71;    3.2;    1.4;    1.1;eor
       4625;20200126;   10;   7.7;   2.7;    3;   0.0;   4;    0.000;-999;   7.9;   6.0; 1009.93;    0.8;   92.67;    2.1;   -0.5;   -0.5;eor
       4625;20200127;   10;  10.4;   3.0;    3;   5.4;   6;    0.000;-999;   7.9;   7.9;  999.60;    4.4;   93.58;    6.7;    0.9;    0.8;eor
       4625;20200128;   10;  17.3;   5.2;    3;   6.5;   8;    0.050;-999;   7.6;   7.7;  983.36;    4.5;   90.33;    6.9;    0.5;   -0.1;eor
       4625;20200129;   10;  15.4;-999;    3;  16.0;   4;    0.000;-999;  -999;  -999;    -999;    3.3;-999;    4.5;    0.4;   -0.1;eor
       4625;20200130;   10;  14.8;-999;    3;   4.0;   6;    0.000;-999;  -999;  -999;    -999;    6.0;-999;    7.3;    3.0;    2.5;eor
       4625;20200131;   10;  16.1;   7.3;    3;   1.1;   6;    0.100;   0;   7.8;   9.4;  993.72;    9.0;   81.25;   11.5;    6.9;    6.4;eor
       4625;20200201;    3;  15.3;   7.3;    3;   2.4;   6;    0.000;   0;   7.3;  10.5;  991.76;   10.2;   83.83;   11.6;    7.2;    5.7;eor
       4625;20200202;    3;  17.3;   4.9;    3;   1.1;   6;    0.000;   0;   7.7;   7.8;  996.44;    6.0;   83.08;    8.1;    4.1;    3.1;eor
       4625;20200203;    3;  13.8;   4.4;    3;   1.7;   6;    0.050;   0;   7.8;   8.6;  997.83;    6.2;   90.08;    8.6;    4.3;    3.8;eor
       4625;20200204;    3;  15.0;   5.8;    3;   2.1;   6;    3.033;   0;   7.0;   6.7;  999.72;    4.4;   80.38;    6.1;    3.0;    1.6;eor
       4625;20200205;    3;  13.5;   4.6;    3;   0.0;   6;    6.967;   0;   5.0;   5.8; 1022.30;    3.5;   74.00;    5.4;    0.6;   -2.3;eor
       4625;20200206;    3;  12.3;   5.2;    3;   0.0;   6;    0.133;   0;   7.9;   7.4; 1020.30;    5.0;   84.46;    7.0;    3.5;    2.1;eor
       4625;20200207;    3;   9.5;   2.0;    3;   0.0;   6;    0.000;   0;   8.0;   7.8; 1021.33;    5.3;   87.38;    5.8;    4.9;    4.3;eor
       4625;20200208;    3;   9.1;   2.9;    3;   0.0;   0;    5.083;   0;   4.7;   6.4; 1013.48;    5.1;   73.04;    7.4;    1.4;    0.0;eor
       4625;20200209;    3;  23.8;   7.3;    3;  10.2;   6;    1.300;   0;   7.6;   8.0;  994.87;    9.1;   69.42;   12.1;    5.7;    4.1;eor
       4625;20200210;    3;  23.5;   9.1;    3;  10.1;   8;    0.483;   0;   7.3;   7.6;  978.56;    5.8;   81.67;    8.6;    1.0;    0.8;eor
       4625;20200211;    3;  22.2;  10.0;    3;  13.6;   8;    0.133;   0;   7.6;   6.4;  984.79;    3.1;   83.71;    5.7;    0.6;   -0.1;eor
       4625;20200212;    3;  21.6;   9.8;    3;   2.5;   8;    0.517;   0;   7.0;   6.2;  995.91;    2.9;   82.83;    5.1;    0.6;   -0.1;eor
       4625;20200213;    3;  11.9;   4.1;    3;   4.2;   6;    1.250;   0;   5.9;   6.2;  999.52;    2.5;   84.29;    4.6;    0.6;   -0.8;eor
       4625;20200214;    3;   9.8;   1.7;    3;   1.8;   6;    0.000;   0;   7.9;   7.3; 1007.98;    3.7;   91.63;    5.3;    1.7;   -0.2;eor
       4625;20200215;    3;  12.0;   4.6;    3;   0.0;   0;    5.250;   0;   7.7;   7.6; 1009.50;    6.8;   76.67;   10.1;    4.0;    3.0;eor
       4625;20200216;    3;  22.9;   7.6;    3;   4.4;   6;    0.000;   0;   7.9;   9.4;  993.50;   11.4;   70.04;   15.5;    8.1;    7.3;eor
       4625;20200217;    3;  19.8;   8.7;    3;   0.8;   6;    5.083;   0;   5.3;   7.1; 1000.15;    7.7;   68.13;   10.2;    5.2;    4.3;eor
       4625;20200218;    3;  19.6;   7.6;    3;   2.6;   6;    3.717;   0;   6.7;   7.1; 1006.00;    5.9;   76.63;    7.8;    4.0;    3.0;eor
       4625;20200219;    3;  15.8;   6.4;    3;   5.4;   6;    2.200;   0;   7.2;   7.2; 1003.96;    5.1;   81.67;    6.6;    2.7;    1.4;eor
       4625;20200220;    3;  18.8;   4.2;    3;   5.3;   6;    0.000;   0;   7.0;   7.5; 1004.85;    4.7;   87.75;    7.8;    0.7;   -0.6;eor
       4625;20200221;    3;  17.8;   7.2;    3;   1.1;   6;    1.200;   0;   7.0;   7.1; 1009.04;    5.3;   80.29;    7.0;    3.2;    1.9;eor
       4625;20200222;    3;  21.6;   9.6;    3;   2.2;   6;    0.033;   0;   7.8;   7.5; 1003.82;    7.4;   72.67;    8.8;    4.9;    3.6;eor
       4625;20200223;    3;  18.8;   6.9;    3;   7.9;   6;    0.000;   0;   7.1;   7.0; 1000.06;    5.0;   81.13;    7.1;    3.2;    1.9;eor
       4625;20200224;    3;  14.8;   4.8;    3;  13.2;   8;    0.000;   0;   7.7;   7.2; 1003.22;    4.6;   85.29;    8.5;    0.6;   -0.1;eor
       4625;20200225;    3;  20.7;   8.3;    3;   0.5;   6;    2.500;   0;   6.3;   7.2;  985.76;    6.0;   76.04;    9.1;    2.3;    0.8;eor
       4625;20200226;    3;  13.9;   4.2;    3;   0.5;   8;    0.833;   0;   6.9;   6.4;  986.31;    2.7;   85.50;    5.0;    0.6;   -0.6;eor
       4625;20200227;    3;  13.2;   3.3;    3;   0.3;   8;    0.717;   0;   7.4;   6.1;  992.88;    2.5;   83.46;    5.1;    0.5;   -0.9;eor
       4625;20200228;    3;  14.5;   5.1;    3;   4.8;   8;    5.167;   0;   6.9;   6.1; 1001.70;    4.1;   74.92;    8.4;    1.0;   -0.4;eor
       4625;20200229;    3;  19.1;   4.5;    3;   3.7;   6;    2.450;   0;   6.9;   7.8;  986.44;    6.2;   81.92;   11.3;    1.2;    0.3;eor
       4625;20200301;    3;  16.7;   5.4;    3;   3.0;   6;    2.650;   0;   5.5;   6.4;  985.37;    5.6;   70.75;    9.4;    3.6;    1.1;eor
       4625;20200302;    3;   8.1;   2.6;    3;   0.3;   6;    5.750;   0;   7.5;   7.2;  985.76;    6.0;   78.00;    9.4;    3.6;    3.0;eor
       4625;20200303;    3;   9.3;   2.3;    3;   0.7;   6;    0.000;   0;   6.8;   7.2;  991.99;    4.8;   83.25;    6.5;    1.7;    0.2;eor
       4625;20200304;    3;-999;   3.7;    3;   0.1;   8;    0.883;   0;   5.3;   6.5; 1000.60;    3.2;   85.38;    6.9;   -0.1;   -1.2;eor
       4625;20200305;    3;   7.7;   2.6;    3;   0.5;   6;    5.600;   0;   6.9;   6.6;  994.67;    5.1;   76.46;   10.0;   -0.3;   -2.5;eor
       4625;20200306;    3;  10.3;   4.3;    3;   4.5;   6;    0.000;   0;   7.7;   6.8;  987.78;    3.5;   86.33;    5.2;    2.9;    2.2;eor
       4625;20200307;    3;  13.2;   4.5;    3;   0.0;   0;    4.533;   0;   4.3;   6.5; 1004.75;    4.4;   78.58;    7.5;    1.5;   -1.5;eor
       4625;20200308;    3;  12.9;   3.7;    3;   0.8;   6;    0.283;   0;   7.4;   7.5; 1004.83;    6.8;   75.29;   11.2;    2.1;    0.6;eor
       4625;20200309;    3;  13.1;   3.7;    3;   1.0;   6;    0.850;   0;   6.3;   8.3; 1002.12;    7.5;   80.17;   11.1;    3.6;    2.2;eor
       4625;20200310;    3;  15.4;   5.3;    3;   8.0;   6;    0.000;   0;   7.5;   9.1;  994.07;    6.8;   90.83;   10.9;    3.0;    1.9;eor
       4625;20200311;    3;  16.7;   6.7;    3;   4.5;   6;    7.117;   0;   4.9;   7.8;  998.26;    9.1;   68.21;   12.3;    6.1;    4.6;eor
       4625;20200312;    3;  27.9;   9.1;    3;   0.4;   8;    5.950;   0;   4.6;   7.4;  995.20;    7.5;   70.33;   11.0;    3.7;    2.7;eor
       4625;20200313;    3;  19.0;   7.3;    3;   1.8;   6;    4.133;   0;   5.9;   6.6; 1001.56;    5.0;   76.33;    8.8;    1.5;   -1.9;eor
       4625;20200314;    3;   8.0;   2.1;    3;   0.0;   0;   10.400;   0;   1.5;   5.1; 1015.79;    3.5;   67.25;    8.3;   -1.5;   -4.5;eor
       4625;20200315;    3;  15.5;   3.7;    3;   0.0;   0;    7.917;   0;   6.3;   5.9; 1008.98;    7.8;   55.79;   13.4;    2.0;    0.4;eor
       4625;20200316;    3;   9.3;   3.7;    3;   0.0;   0;    5.650;   0;   4.5;   7.4; 1011.04;    8.5;   66.75;   12.8;    3.2;    0.4;eor
       4625;20200317;    3;  14.5;   3.8;    3;   0.0;   6;    5.950;   0;   6.1;   7.4; 1018.95;    7.8;   71.58;   12.2;    2.1;   -0.9;eor
       4625;20200318;    3;  14.3;   5.0;    3;   2.1;   6;    2.417;   0;   8.0;   8.5; 1016.18;   10.3;   66.54;   13.8;    6.4;    5.0;eor
       4625;20200319;    3;   6.5;   2.1;    3;   0.5;   6;    1.533;   0;   7.5;   8.1; 1018.28;    6.9;   81.46;   10.1;    3.9;    1.5;eor
       4625;20200320;    3;   9.6;   2.9;    3;   0.0;   6;    0.383;   0;   6.9;   7.1; 1020.37;    5.5;   79.21;    8.2;    2.4;   -0.3;eor
       4625;20200321;    3;  12.7;   4.7;    3;   0.0;   0;    8.317;   0;   2.1;   4.5; 1025.77;    3.5;   59.08;    6.7;   -1.1;   -5.8;eor
       4625;20200322;    3;  11.2;   3.6;    3;   0.0;   0;    7.933;   0;   2.4;   3.9; 1030.44;    2.2;   57.04;    6.7;   -1.5;   -6.0;eor
       4625;20200323;    3;   7.4;   2.9;    3;   0.0;   0;   11.000;   0;   0.0;   3.1; 1031.74;    2.4;   45.29;    7.2;   -2.0;   -5.0;eor
       4625;20200324;    3;   7.7;   2.6;    3;   0.0;   0;   10.683;   0;   2.1;   3.0; 1028.97;    3.6;   38.42;    8.6;   -0.9;   -4.6;eor
       4625;20200325;    3;   8.0;   3.1;    3;   0.0;   0;   11.000;   0;   2.0;   3.1; 1025.15;    4.8;   37.46;   10.2;   -0.4;   -5.1;eor
       4625;20200326;    3;  10.7;   3.6;    3;   0.0;   0;   11.017;   0;   0.0;   4.0; 1021.39;    4.9;   48.04;   10.5;   -0.1;   -6.2;eor
       4625;20200327;    3;   8.8;   3.4;    3;   0.0;   0;   10.933;   0;   0.0;   5.8; 1017.80;    7.0;   60.42;   14.6;    1.5;   -1.9;eor
       4625;20200328;    3;   8.8;   3.2;    3;   0.1;   6;   11.000;   0;   0.9;   6.4; 1014.45;    6.3;   69.17;   11.7;    2.0;   -2.0;eor
       4625;20200329;    1;  18.6;   6.2;    1;   1.5;   8;    3.467;   0;   4.8;   4.7; 1019.33;    2.7;   62.79;    5.2;   -1.2;   -5.5;eor
       4625;20200330;    1;  13.2;   3.7;    1;   0.3;   8;    2.917;   2;   5.1;   5.1; 1019.29;    1.8;   73.17;    8.0;   -2.5;   -4.1;eor
       4625;20200331;    1;   8.5;   2.4;    1;   0.0;   8;    6.767;   0;   4.0;   4.8; 1022.22;    2.4;   68.63;    6.7;   -1.4;   -5.4;eor
       4625;20200401;    1;  11.8;   5.6;    1;   0.0;   8;    0.083;   0;   7.1;   6.1; 1011.22;    4.0;   73.38;    7.9;   -1.2;   -2.5;eor
       4625;20200402;    1;  15.3;   7.1;    1;   1.1;   6;    1.067;   0;   7.9;   6.8; 1001.12;    6.9;   69.46;    9.7;    4.5;    3.6;eor
       4625;20200403;    1;  15.3;   5.6;    1;   0.1;   6;    7.150;   0;   3.1;   5.8; 1004.63;    5.4;   64.54;    9.4;    1.4;   -0.5;eor
       4625;20200404;    1;   8.9;   3.6;    1;   0.0;   0;    7.950;   0;   2.3;   5.8; 1017.50;    6.5;   62.33;   12.9;   -0.3;   -1.6;eor
       4625;20200405;    1;  13.1;   3.3;    1;   0.0;   0;   11.650;   0;   0.6;   5.7; 1020.52;   10.5;   46.54;   16.7;    3.5;   -2.0;eor
       4625;20200406;    1;   8.9;   2.9;    1;   0.0;   0;   11.700;   0;   0.0;   6.2; 1014.92;   14.3;   39.21;   21.5;    7.3;    3.5;eor
       4625;20200407;    1;   9.1;   3.3;    1;   0.0;   0;   11.717;   0;   1.8;   7.7; 1023.41;   11.7;   57.63;   17.0;    4.8;    0.0;eor
       4625;20200408;    1;   8.9;   2.8;    1;   0.0;   0;   11.417;   0;   5.8;   8.3; 1019.31;   13.6;   55.67;   22.1;    3.7;   -0.3;eor
       4625;20200409;    1;   9.8;   3.2;    1;   0.0;   0;    7.350;   0;   4.2;   7.6; 1017.24;   10.1;   60.92;   14.7;    4.7;    0.3;eor
       4625;20200410;    1;   7.4;   2.4;    1;   0.0;   0;   11.867;   0;   6.6;   6.6; 1019.85;    6.8;   68.71;   11.8;    2.5;   -0.7;eor
       4625;20200411;    1;   5.8;   1.7;    1;   0.0;   0;   11.817;   0;   7.0;   6.7; 1018.41;    9.7;   59.88;   16.4;    1.7;   -1.9;eor
       4625;20200412;    1;  11.1;   3.2;    1;   0.0;   0;   11.583;   0;   3.5;   7.2; 1007.25;   13.8;   46.88;   21.7;    5.7;    3.8;eor
       4625;20200413;    1;  15.1;   6.1;    1;   0.1;   8;    8.933;   0;   4.8;   4.9; 1008.55;    6.5;   51.42;    9.9;    1.4;   -0.5;eor
       4625;20200414;    1;  12.3;   4.7;    1;   0.0;   0;    8.417;   0;   4.0;   5.2; 1014.56;    5.6;   59.38;   10.0;    0.4;   -1.6;eor
       4625;20200415;    1;  15.2;   5.9;    1;   0.0;   0;    7.917;   0;   3.7;   6.8; 1013.35;    9.3;   59.75;   15.7;    5.3;    3.5;eor
       4625;20200416;    1;  10.0;   3.5;    1;   0.0;   0;    7.717;   0;   7.3;   7.9; 1009.81;    9.5;   67.54;   16.7;    3.8;    1.0;eor
       4625;20200417;    1;   7.4;   2.6;    1;   0.0;   0;   12.550;   0;   0.6;   6.9; 1011.57;    8.7;   63.42;   15.0;    2.9;   -0.9;eor
       4625;20200418;    1;  10.2;   3.3;    1;   0.0;   0;   12.467;   0;   2.1;   5.1; 1012.51;    9.1;   47.38;   15.6;    3.0;   -1.2;eor
       4625;20200419;    1;  11.5;   4.1;    1;   0.0;   0;   12.967;   0;   0.8;   4.8; 1017.08;    8.2;   46.25;   12.7;    3.9;   -0.1;eor
       4625;20200420;    1;  13.8;   3.9;    1;   0.0;   0;   13.033;   0;   0.0;   5.6; 1020.20;    9.4;   49.38;   15.8;    2.8;   -0.7;eor
       4625;20200421;    1;  14.9;   4.7;    1;   0.0;   0;   12.967;   0;   0.0;   6.5; 1020.27;   10.3;   53.67;   16.3;    4.4;    2.9;eor
       4625;20200422;    1;  12.6;   4.0;    1;   0.0;   0;   13.217;   0;   0.0;   7.3; 1020.02;   10.6;   59.92;   17.2;    5.1;    2.8;eor
       4625;20200423;    1;   6.9;   2.2;    1;   0.0;   0;   12.850;   0;   3.2;   7.7; 1015.00;   13.2;   55.67;   21.1;    4.2;    0.3;eor
       4625;20200424;    1;  14.8;   4.5;    1;   0.0;   0;   12.867;   0;   4.0;   7.8; 1002.14;   12.6;   56.79;   19.4;    6.9;    5.6;eor
       4625;20200425;    1;  10.5;   2.8;    1;   0.0;   6;    4.217;   0;   6.4;   7.7; 1003.81;   10.0;   63.54;   14.8;    6.3;    2.3;eor
       4625;20200426;    1;   9.0;   2.6;    1;   0.0;   0;    9.517;   0;   2.6;   7.5; 1004.20;    8.8;   67.21;   14.2;    4.8;    0.4;eor
       4625;20200427;    1;   5.7;   1.5;    1;   0.0;   0;   11.000;   0;   3.3;   7.9; 1000.54;   12.1;   60.13;   20.2;    3.0;   -0.5;eor
       4625;20200428;    1;   8.3;   3.3;    1;   0.9;   6;    4.333;   0;   7.6;   8.5;  997.94;   11.2;   64.04;   14.4;    9.3;    9.0;eor
       4625;20200429;    1;   6.5;   2.3;    1;   3.7;   6;    0.050;   0;   7.4;  10.4;  997.53;   10.3;   83.04;   13.8;    7.6;    6.3;eor
       4625;20200430;    1;  12.4;   2.9;    1;  18.0;   6;    2.633;   0;   7.4;  11.2;  994.59;   11.5;   83.33;   14.8;    8.4;    6.0;eor
       4625;20200501;    1;  12.3;   3.5;    1;   1.0;   6;    4.883;-999;   7.3;   9.6;  992.55;   10.2;   78.54;   15.4;    6.4;    5.3;eor
       4625;20200502;    1;  10.4;   4.3;    1;   0.0;   6;    3.167;-999;   6.7;   9.1;  997.31;    9.4;   77.88;   13.5;    5.9;    4.9;eor
       4625;20200503;    1;   9.4;   3.5;    1;   0.0;   0;    0.633;-999;   7.6;   9.3; 1007.91;   10.1;   76.46;   13.8;    6.7;    5.2;eor
       4625;20200504;    1;   9.4;   2.9;    1;   0.8;   6;    6.750;-999;   5.7;   7.9; 1010.50;    9.1;   69.71;   13.8;    5.4;    3.4;eor
       4625;20200505;    1;  16.3;   3.9;    1;   0.3;   6;    9.933;-999;   2.4;   6.9; 1012.94;    7.7;   67.21;   12.2;    3.7;    1.5;eor
       4625;20200506;    1;  12.1;   4.1;    1;   0.0;   0;   13.567;-999;   3.2;   6.7; 1015.73;   10.2;   56.50;   15.8;    4.7;    1.3;eor
       4625;20200507;    1;  11.6;   3.8;    1;   0.0;   0;    9.283;-999;   6.1;   8.5; 1014.58;   11.2;   64.88;   16.1;    6.9;    4.0;eor
       4625;20200508;    1;   8.2;   2.6;    1;   0.0;   0;   13.633;-999;   4.5;   8.2; 1011.04;   12.2;   61.79;   18.6;    4.2;    1.8;eor
       4625;20200509;    1;   6.0;   1.9;    1;   0.0;   0;   10.500;-999;   3.4;   9.9; 1007.81;   15.3;   60.33;   21.6;    7.1;    4.7;eor
       4625;20200510;    1;  14.5;   3.0;    1;   2.8;   6;    8.850;-999;   5.3;   9.8;  999.74;   16.1;   56.58;   24.0;    7.1;    6.4;eor
       4625;20200511;    1;  14.1;   4.8;    1;   0.2;   6;    5.867;-999;   4.9;   6.2; 1003.08;    7.1;   62.50;   10.3;    4.1;    1.8;eor
       4625;20200512;    1;  14.6;   5.3;    1;   2.0;   6;    5.183;-999;   5.7;   7.0; 1007.03;    6.5;   72.71;   10.6;    2.5;    1.1;eor
       4625;20200513;    1;   8.8;   3.2;    1;   0.4;   6;    3.717;-999;   7.3;   8.1; 1005.45;    7.4;   78.79;   11.1;    4.8;    3.8;eor
       4625;20200514;    1;   8.9;   2.8;    1;   0.0;   0;   11.867;-999;   3.0;   6.3; 1011.12;    7.9;   61.92;   12.5;    3.0;    0.1;eor
       4625;20200515;    1;  12.0;   4.4;    1;   0.2;   6;    5.083;-999;   4.3;   7.8; 1011.73;    8.2;   72.08;   12.4;    3.8;    1.0;eor
       4625;20200516;    1;  12.8;   5.2;    1;   0.0;   6;    6.717;-999;   5.8;   7.9; 1012.14;   10.8;   63.00;   14.8;    5.6;    4.5;eor
       4625;20200517;    1;  13.1;   5.6;    1;   0.0;   0;    6.417;-999;   6.7;   8.9; 1012.92;   12.2;   64.13;   17.2;    6.8;    5.7;eor
       4625;20200518;    1;  12.2;   4.9;    1;   0.0;   6;    0.000;-999;   8.0;  10.6; 1012.52;   13.9;   66.75;   17.3;   10.9;   10.0;eor
       4625;20200519;    1;  12.2;   4.5;    1;   0.0;   6;    1.767;-999;   7.4;  11.2; 1012.47;   13.8;   71.29;   18.2;    9.1;    3.9;eor
       4625;20200520;    1;   8.1;   2.6;    1;   0.0;   0;   13.683;-999;   3.2;   9.2; 1015.98;   12.6;   64.67;   17.8;    6.6;    1.6;eor
       4625;20200521;    1;   6.8;   1.9;    1;   0.0;   0;   13.633;-999;   5.8;   9.6; 1016.69;   15.0;   59.17;   20.8;    8.4;    5.2;eor
       4625;20200522;    1;   8.5;   2.3;    1;   4.4;   6;    2.667;-999;   7.7;  10.4; 1012.28;   16.6;   56.58;   22.4;   11.2;    7.8;eor
       4625;20200523;    1;  11.0;   3.7;    1;   0.5;   6;    1.733;-999;   7.6;  12.4; 1011.59;   13.7;   79.75;   16.5;    8.9;    7.9;eor
       4625;20200524;    1;  15.4;   5.8;    1;   2.2;   6;    3.767;-999;   7.2;  10.3; 1015.04;   12.0;   73.79;   15.7;    8.2;    7.3;eor
       4625;20200525;    1;  10.9;   4.1;    1;   0.0;   6;    1.850;-999;   6.6;  10.7; 1021.34;   12.1;   75.63;   15.8;    9.4;    6.2;eor
       4625;20200526;    1;   6.1;   2.0;    1;   0.0;   0;    6.950;-999;   5.6;  11.2; 1027.69;   13.1;   76.42;   20.0;    7.8;    6.2;eor
       4625;20200527;    1;   8.3;   3.0;    1;   0.0;   0;    8.633;-999;   5.4;  11.2; 1025.14;   14.7;   69.08;   20.8;    8.8;    6.0;eor
       4625;20200528;    1;   9.9;   3.5;    1;   0.0;   0;   14.050;-999;   2.8;   9.6; 1024.45;   13.3;   65.88;   18.5;    7.9;    4.9;eor
       4625;20200529;    1;   8.0;   2.0;    1;   0.0;   0;   12.567;-999;   2.9;   9.3; 1022.35;   13.9;   62.54;   20.5;    7.0;    3.0;eor
       4625;20200530;    1;   9.3;   2.9;    1;   0.0;   0;    4.917;-999;   5.6;   9.2; 1019.10;   14.1;   60.17;   20.2;    8.3;    4.8;eor
       4625;20200531;    1;  13.1;   4.3;    1;   0.0;   0;   11.083;-999;   6.3;   9.3; 1017.75;   15.1;   56.00;   21.8;    8.7;    6.1;eor
       4625;20200601;    1;  10.2;   3.8;    1;   0.0;   0;   15.167;-999;   0.4;   9.4; 1017.97;   17.0;   50.88;   23.3;   10.4;    7.9;eor
       4625;20200602;    1;   7.3;   2.3;    1;   0.0;   0;   15.033;-999;   3.1;  10.7; 1010.87;   18.5;   54.08;   25.2;    9.9;    6.5;eor
       4625;20200603;    1;   8.4;   2.4;    1;   0.0;   6;   11.883;-999;   7.9;  11.8;  998.75;   18.6;   57.92;   25.5;   11.3;    8.0;eor
       4625;20200604;    1;   8.6;   2.7;    1;  12.4;   6;    1.850;-999;   7.8;  13.1;  987.73;   15.2;   76.58;   22.3;   11.8;   11.4;eor
       4625;20200605;    1;  16.1;   4.5;    1;   3.3;   6;    5.767;-999;   7.2;  10.3;  985.66;   12.6;   72.08;   17.4;    8.3;    7.3;eor
       4625;20200606;    1;  15.5;   5.5;    1;   0.0;   6;    9.283;-999;   3.6;   8.9;  992.06;   11.8;   66.54;   17.0;    6.9;    6.2;eor
       4625;20200607;    1;  13.3;   4.1;    1;   0.0;   0;   10.150;-999;   5.6;   9.8;  999.10;   14.6;   60.67;   19.6;   10.1;    8.5;eor
       4625;20200608;    1;   5.9;   1.9;    1;   0.0;   0;    3.467;-999;   5.3;  10.8; 1006.54;   14.0;   69.33;   18.7;    8.3;    6.0;eor
       4625;20200609;    1;   8.7;   2.7;    1;   0.0;   6;   12.117;-999;   5.1;  12.5; 1010.56;   15.4;   72.58;   20.0;   10.3;    8.4;eor
