STATIONS_ID;MESS_DATUM;QN_3;  FX;  FM;QN_4; RSK;RSKF; SDK;SHK_TAG;  NM; VPM;  PM; TMK; UPM; TXK; TNK; TGK;eor
       5705;20181208;   10;  18.7;   9.1;    3;   9.5;   6;    0.183;   0;   7.5;   7.8;  976.37;    6.4;   80.50;    7.5;    5.3;    3.5;eor
       5705;20181209;   10;  20.6;   9.3;    3;   1.8;   6;    0.000;   0;   7.7;   8.0;  971.07;    7.2;   78.75;    8.9;    5.1;    3.4;eor
       5705;20181210;   10;  14.2;   6.0;    3;   1.5;   6;    2.333;   0;   6.9;   6.5;  986.42;    4.0;   79.46;    5.8;    2.3;    0.5;eor
       5705;20181211;   10;  11.8;   5.2;    3;   0.1;   6;    2.017;   0;   7.0;   6.2;  989.18;    3.0;   81.04;    4.9;    2.3;    0.8;eor
       5705;20181212;   10;   6.9;   2.8;    3;   0.1;   8;    1.800;   0;   6.2;   5.8;  990.54;    2.6;   78.13;    5.2;   -0.2;   -1.9;eor
       5705;20181213;   10;  12.1;   4.9;    3;   0.0;   0;    4.567;   0;   4.2;   4.4;  986.95;   -0.3;   73.58;    1.7;   -2.4;   -3.8;eor
       5705;20181214;   10;   8.1;   4.4;    3;   0.0;   0;    0.000;   0;   8.0;   4.0;  988.90;   -0.5;   68.46;   -0.2;   -0.8;   -1.1;eor
       5705;20181215;   10;   8.2;   3.9;    3;   0.0;   0;    0.000;   0;   8.0;   3.7;  991.94;   -0.9;   64.83;   -0.2;   -2.6;   -4.1;eor
       5705;20181216;   10;   9.7;   2.5;    3;   1.0;   8;    0.000;   0;   7.6;   4.7;  982.58;   -1.4;   83.04;    1.0;   -3.1;   -5.3;eor
       5705;20181217;   10;   6.9;   2.2;    3;   0.3;   6;    0.250;   0;   7.8;   6.9;  989.41;    2.7;   93.29;    4.6;    0.8;   -0.1;eor
       5705;20181218;   10;  10.3;   3.0;    3;   0.0;   0;    4.550;   0;   6.3;   6.8;  992.41;    3.6;   86.33;    7.4;    0.0;   -1.3;eor
       5705;20181219;   10;   5.3;   1.8;    3;   3.8;   6;    0.000;   0;   7.8;   6.3;  984.86;    1.4;   92.17;    3.0;   -0.5;   -1.9;eor
       5705;20181220;   10;  14.5;   4.2;    3;   0.3;   6;    0.250;   0;   7.6;   7.7;  984.30;    4.8;   89.33;    6.8;    2.5;    1.8;eor
       5705;20181221;   10;  19.5;   7.8;    3;   4.2;   6;    0.000;   0;   7.7;   8.9;  979.07;    8.2;   81.67;   11.6;    4.9;    3.8;eor
       5705;20181222;   10;  20.6;   7.5;    3;   1.7;   6;    1.800;   0;   7.3;   9.1;  982.45;    9.9;   74.75;   11.6;    8.2;    6.3;eor
       5705;20181223;   10;  16.1;   4.6;    3;  18.5;   6;    0.000;   0;   7.8;   9.2;  986.82;    7.8;   86.46;   12.0;    6.1;    4.3;eor
       5705;20181224;   10;  14.2;   3.5;    3;   0.1;   6;    1.817;   0;   7.0;   7.2;  993.09;    4.8;   81.92;   11.9;    0.0;   -1.8;eor
       5705;20181225;   10;   8.9;   1.9;    3;   0.0;   0;    0.000;   0;   7.7;   5.2; 1002.28;    1.0;   79.46;    3.0;   -0.5;   -3.1;eor
       5705;20181226;   10;   4.8;   2.1;    3;   0.0;   6;    3.300;   0;   5.9;   5.1; 1000.10;   -1.1;   89.63;    0.7;   -4.2;   -5.6;eor
       5705;20181227;   10;   4.9;   1.3;    3;   0.0;   0;    3.233;   0;   7.9;   5.8;  995.52;    1.7;   83.54;    5.1;    0.1;   -1.8;eor
       5705;20181228;   10;   5.6;   1.8;    3;   0.0;   6;    7.300;   0;   5.4;   5.3;  996.31;    0.4;   85.63;    4.4;   -1.8;   -3.4;eor
       5705;20181229;   10;  10.0;   3.1;    3;   0.7;   6;    0.000;   0;   7.9;   6.0;  998.71;    0.9;   91.25;    2.9;   -1.3;   -1.2;eor
       5705;20181230;   10;  13.8;   5.3;    3;   0.1;   6;    0.017;   0;   7.9;   7.3;  997.85;    5.8;   79.25;    7.3;    2.9;    2.4;eor
       5705;20181231;   10;   6.4;   2.1;    3;   0.0;   6;    0.000;   0;   7.9;   8.8;  999.98;    6.4;   90.71;    8.2;    4.6;    4.4;eor
       5705;20190101;   10;  13.3;   5.0;    3;   0.6;   8;    0.000;   0;   7.7;   7.9;  994.86;    6.0;   84.04;    6.9;    3.1;    1.1;eor
       5705;20190102;   10;  13.9;   4.5;    3;   0.7;   8;    3.933;   0;   4.6;   4.6;  997.65;    2.2;   63.83;    4.1;   -1.2;   -4.0;eor
       5705;20190103;   10;   5.7;   2.2;    3;   0.6;   8;    2.150;   0;   3.8;   4.4; 1003.25;   -1.3;   78.96;    0.5;   -3.7;   -7.1;eor
       5705;20190104;   10;  10.7;   3.5;    3;   3.4;   8;    0.217;   1;   7.8;   5.4; 1001.25;    0.7;   84.67;    2.4;   -1.7;   -3.3;eor
       5705;20190105;   10;  13.6;   5.0;    3;   1.0;   8;    0.000;   0;   7.7;   7.3;  993.90;    4.0;   88.71;    6.1;    1.6;    0.7;eor
       5705;20190106;   10;   8.5;   3.6;    3;   0.0;   6;    0.000;   0;   7.8;   7.7;  996.39;    5.6;   84.00;    6.5;    4.9;    4.3;eor
       5705;20190107;   10;  15.0;   3.7;    3;   1.9;   8;    0.000;   0;   7.8;   6.8;  997.70;    4.1;   83.33;    4.9;    2.6;    2.0;eor
       5705;20190108;   10;  19.1;   9.1;    3;   3.0;   8;    1.000;   0;   7.3;   6.7;  981.58;    3.9;   83.38;    5.5;    2.3;    1.6;eor
       5705;20190109;   10;  17.3;   4.4;    3;   0.1;   8;    0.000;   0;   7.5;   5.3;  980.41;    1.5;   78.13;    3.2;    0.1;   -0.3;eor
       5705;20190110;   10;   7.3;   2.5;    3;   0.0;   8;    0.083;   0;   8.0;   4.7;  990.10;    0.7;   72.04;    2.2;   -1.2;   -3.1;eor
       5705;20190111;   10;   5.7;   2.0;    3;   3.6;   8;    0.000;   1;   7.7;   5.1;  990.96;   -0.7;   86.67;    1.1;   -1.8;   -2.7;eor
       5705;20190112;   10;  14.2;   5.3;    3;   5.2;   8;    0.000;   0;   7.7;   6.5;  986.30;    2.0;   92.04;    3.5;    0.8;    0.2;eor
       5705;20190113;   10;  17.4;   7.0;    3;   7.3;   6;    0.000;   1;   7.7;   8.3;  974.03;    5.9;   89.25;    8.2;    3.5;    2.9;eor
       5705;20190114;   10;  15.6;   5.2;    3;   0.4;   8;    0.917;   0;   6.8;   6.1;  977.78;    4.3;   73.25;    6.3;    1.9;    0.2;eor
       5705;20190115;   10;  14.1;   6.4;    3;   0.0;   6;    0.233;   0;   7.9;   6.0;  986.98;    3.6;   75.79;    5.3;    1.8;    0.8;eor
       5705;20190116;   10;   9.0;   4.3;    3;   0.0;   6;    0.000;   0;   8.0;   6.1;  980.65;    3.5;   77.13;    5.3;    1.2;   -1.2;eor
       5705;20190117;   10;  15.7;   6.8;    3;   5.3;   8;    0.867;   0;   6.4;   6.8;  974.08;    4.2;   81.54;    6.9;    0.8;   -1.1;eor
       5705;20190118;   10;  10.8;   2.8;    3;   0.0;   7;    6.833;   1;   6.0;   4.8;  985.86;    0.4;   75.83;    3.9;   -3.5;   -6.5;eor
       5705;20190119;   10;   5.8;   2.0;    3;   0.0;   0;    8.000;   1;   3.2;   3.8;  984.80;   -2.9;   77.71;    1.5;   -6.1;   -9.1;eor
       5705;20190120;   10;   6.5;   2.2;    3;   0.0;   0;    7.367;   1;   2.4;   3.6;  984.28;   -4.1;   78.96;   -0.9;   -7.5;  -10.2;eor
       5705;20190121;   10;   5.8;   2.0;    3;   0.0;   0;    7.133;   1;   2.3;   3.6;  988.40;   -2.8;   73.75;    0.9;   -7.2;   -9.1;eor
       5705;20190122;   10;   7.3;   2.3;    3;   0.0;   0;    0.000;   1;   6.0;   3.5;  979.03;   -5.2;   83.67;   -2.7;   -8.9;  -10.5;eor
       5705;20190123;   10;   7.9;   3.9;    3;   0.0;   8;    0.000;   1;   8.0;   3.6;  968.42;   -3.8;   77.38;   -3.0;   -4.8;   -5.5;eor
       5705;20190124;   10;   5.0;   2.1;    3;   0.5;   7;    0.000;   1;   7.5;   3.6;  976.78;   -3.9;   79.29;   -2.8;   -4.6;   -5.1;eor
       5705;20190125;   10;  13.3;   3.2;    3;   0.6;   8;    0.900;   1;   7.8;   4.1;  982.92;   -2.8;   81.92;   -0.7;   -4.5;   -5.2;eor
       5705;20190126;   10;  15.6;   5.7;    3;   0.2;   6;    0.417;   1;   7.8;   6.3;  976.59;    2.2;   87.42;    5.3;   -1.4;   -1.5;eor
       5705;20190127;   10;  13.4;   5.6;    3;   1.7;   8;    0.917;   1;   7.7;   7.1;  961.01;    4.3;   85.46;    7.3;    1.5;    0.8;eor
       5705;20190128;   10;  17.1;   7.7;    3;   1.1;   8;    0.017;   1;   6.9;   5.9;  964.30;    1.5;   87.33;    2.2;    0.7;   -0.5;eor
       5705;20190129;   10;  10.3;   4.0;    3;   0.0;   8;    0.333;   1;   7.9;   5.3;  973.29;    0.6;   82.63;    2.6;   -1.9;   -3.9;eor
       5705;20190130;   10;  15.2;   5.4;    3;   0.0;   8;    0.567;   0;   7.6;   4.7;  964.28;   -0.1;   77.08;    3.9;   -2.3;   -3.3;eor
       5705;20190131;   10;   6.5;   2.3;    3;   1.3;   8;    2.950;   0;   4.5;   4.4;  966.10;   -1.1;   78.08;    2.4;   -4.6;   -7.2;eor
       5705;20190201;   10;   6.9;   2.3;    3;   2.9;   6;    0.000;   1;   7.7;   5.8;  960.36;    1.2;   86.50;    3.4;   -1.3;   -1.4;eor
       5705;20190202;   10;   4.6;   1.3;    3;   0.1;   6;    0.017;   0;   7.6;   6.8;  965.25;    2.2;   94.46;    5.0;    0.9;   -1.3;eor
       5705;20190203;   10;   9.2;   3.0;    3;   0.0;   6;    0.000;   0;   7.9;   5.4;  982.90;    1.9;   76.63;    2.4;    1.3;   -0.1;eor
       5705;20190204;   10;   7.5;   2.8;    3;   0.0;   0;    8.617;   0;   4.9;   4.7;  996.24;    0.8;   73.13;    5.2;   -2.7;   -4.9;eor
       5705;20190205;   10;   4.8;   2.0;    3;   0.0;   6;    4.433;   0;   4.2;   5.0;  996.09;    0.7;   78.58;    6.0;   -3.3;   -6.0;eor
       5705;20190206;   10;   5.5;   2.2;    3;   0.0;   0;    6.883;   0;   6.7;   4.5;  994.13;   -1.3;   81.67;    3.9;   -4.2;   -5.4;eor
       5705;20190207;   10;   7.6;   2.4;    3;   1.4;   8;    0.000;   0;   7.1;   5.1;  984.45;   -1.1;   89.42;    3.3;   -4.6;   -5.7;eor
       5705;20190208;   10;  11.9;   5.2;    3;   1.0;   6;    3.850;   0;   6.6;   6.6;  984.27;    5.1;   75.71;    9.6;    2.4;    0.5;eor
       5705;20190209;   10;  18.9;   7.6;    3;   0.0;   6;    3.433;   0;   7.5;   7.1;  979.14;    6.3;   74.67;    9.4;    1.9;    0.0;eor
       5705;20190210;   10;  20.3;   7.4;    3;   3.7;   6;    0.000;   0;   7.4;   7.4;  970.27;    6.9;   74.63;   12.1;    3.4;    1.0;eor
       5705;20190211;   10;  18.1;   6.9;    3;   0.2;   6;    0.933;   0;   6.3;   6.2;  983.80;    3.9;   76.38;    6.9;    1.8;   -0.9;eor
       5705;20190212;   10;  11.4;   4.0;    3;   0.0;   6;    0.100;   0;   7.6;   5.5; 1000.45;    3.1;   72.29;    4.8;    1.6;   -1.6;eor
       5705;20190213;   10;   5.5;   1.7;    3;   0.0;   0;    8.400;   0;   5.5;   5.2; 1004.27;    3.1;   69.38;    8.6;   -1.2;   -4.3;eor
       5705;20190214;   10;   4.5;   1.2;    3;   0.0;   0;    4.917;   0;   4.3;   5.5; 1004.31;    1.6;   80.29;    8.9;   -3.1;   -5.5;eor
       5705;20190215;   10;   4.9;   1.4;    3;   0.0;   0;    9.667;   0;   0.0;   5.9; 1001.53;    3.7;   75.71;   12.3;   -2.5;   -5.6;eor
       5705;20190216;   10;   5.6;   1.1;    3;   0.0;   0;    9.683;   0;   0.3;   6.0;  996.51;    4.1;   75.00;   12.6;   -2.4;   -5.8;eor
       5705;20190217;   10;   3.6;   1.3;    3;   0.0;   0;    9.733;   0;   7.1;   6.3;  993.02;    4.0;   78.71;   12.5;   -2.5;   -5.4;eor
       5705;20190218;   10;   4.7;   1.2;    3;   0.0;   0;    6.833;   0;   2.8;   6.0;  988.73;    4.2;   76.29;   13.9;   -2.9;   -5.1;eor
       5705;20190219;   10;   9.8;   2.6;    3;   0.0;   6;    1.100;   0;   4.9;   6.5;  987.96;    4.9;   75.38;    9.8;    0.4;   -1.7;eor
       5705;20190220;   10;   7.2;   1.9;    3;   0.0;   0;    3.733;   0;   7.6;   6.6;  992.22;    4.6;   79.29;   11.2;   -0.9;   -2.2;eor
       5705;20190221;   10;   8.5;   2.5;    3;   0.0;   6;    2.633;   0;   7.2;   7.2;  995.52;    6.4;   76.17;   11.7;    0.8;   -1.0;eor
       5705;20190222;   10;  10.7;   3.1;    3;   0.0;   0;    0.150;   0;   7.6;   8.3; 1001.76;    8.8;   73.42;   11.8;    2.1;    0.7;eor
       5705;20190223;   10;   9.7;   4.2;    3;   0.0;   0;    7.917;   0;   6.1;   4.2; 1007.31;    2.6;   58.75;    8.0;   -2.2;   -4.4;eor
       5705;20190224;   10;   5.1;   1.8;    3;   0.0;   0;   10.267;   0;   1.3;   3.2; 1006.23;    3.5;   43.04;   11.0;   -2.9;   -6.6;eor
       5705;20190225;   10;   4.2;   1.3;    3;   0.0;   0;   10.117;   0;   3.7;   4.4; 1005.50;    5.6;   51.67;   15.7;   -2.6;   -5.6;eor
       5705;20190226;   10;   5.1;   1.0;    3;   0.0;   0;   10.067;   0;   3.6;   5.6; 1001.62;    7.7;   57.42;   18.4;   -1.1;   -4.1;eor
       5705;20190227;   10;   3.6;   1.2;    3;   0.0;   0;   10.400;   0;   0.0;   5.1;  995.02;    7.6;   53.67;   18.1;   -0.7;   -4.1;eor
       5705;20190228;   10;  19.8;   5.1;    3;   0.5;   6;    8.650;   0;   2.0;   6.7;  984.92;    9.5;   57.50;   17.9;    1.2;   -2.2;eor
       5705;20190301;   10;  11.4;   4.6;    3;   0.5;   6;    0.483;   0;   7.5;   9.0;  982.37;    8.4;   81.88;   10.8;    6.2;    5.6;eor
       5705;20190302;   10;  11.6;   4.1;    3;   0.0;   6;    0.000;   0;   7.9;   8.0;  984.85;    7.0;   79.67;    8.9;    5.1;    4.4;eor
       5705;20190303;   10;  16.2;   7.0;    3;   0.2;   6;    0.050;   0;   8.0;   8.4;  980.27;    9.9;   68.54;   11.6;    8.0;    6.9;eor
       5705;20190304;   10;  26.6;-999;    3;   3.3;   6;    1.417;   0;   7.4;   7.3;  969.22;    8.4;   66.63;   13.0;    4.4;    2.3;eor
       5705;20190305;   10;-999;-999;    3;   2.2;   4;    1.500;   0;   6.3;   7.1;  977.25;    5.1;   80.88;    7.9;    3.1;    0.9;eor
       5705;20190306;   10;-999;-999;    3;   0.0;   4;    6.217;   0;   7.6;   7.9;  975.48;    8.5;   72.58;   15.0;    3.2;    1.3;eor
       5705;20190307;   10;  25.7;   7.2;    3;   1.9;   6;    2.933;   0;   6.5;   7.9;  969.82;    9.6;   66.08;   12.2;    6.4;    3.6;eor
       5705;20190308;   10;  16.9;   7.0;    3;   3.0;   6;    2.483;   0;   6.6;   7.4;  981.42;    6.9;   74.58;    8.5;    4.7;    2.5;eor
       5705;20190309;   10;  26.9;   9.4;    3;   3.4;   6;    1.267;   0;   7.4;   8.0;  982.22;    8.3;   72.79;   10.8;    4.5;    2.6;eor
       5705;20190310;   10;  30.7;   9.7;    3;   6.4;   8;    2.100;   0;   6.4;   8.4;  977.42;    9.5;   70.79;   14.4;    2.0;    1.0;eor
       5705;20190311;   10;  24.3;   8.1;    3;   0.9;   8;    4.050;   0;   6.3;   5.6;  985.73;    3.9;   69.13;    6.6;    1.0;    0.3;eor
       5705;20190312;   10;  13.4;   6.4;    3;   0.2;   6;    7.417;   0;   7.0;   5.1;  986.20;    5.9;   55.75;    9.4;    1.7;    0.0;eor
       5705;20190313;   10;  24.7;   9.2;    3;   2.5;   6;    2.800;   0;   6.7;   6.4;  977.04;    5.8;   69.88;    8.9;    2.9;    1.1;eor
       5705;20190314;   10;  21.3;   8.6;    3;   6.0;   8;    0.000;   0;   7.0;   7.3;  974.39;    4.9;   84.42;    6.6;    3.5;    1.8;eor
       5705;20190315;   10;  20.9;   8.2;    3;   9.5;   6;    0.033;   0;   7.5;   9.4;  975.45;    8.5;   84.17;   11.8;    5.1;    3.3;eor
       5705;20190316;   10;  19.0;   6.6;    3;   0.5;   6;    0.650;   0;   6.2;   9.3;  978.57;    9.2;   80.17;   12.2;    4.8;    2.6;eor
       5705;20190317;   10;  21.2;   6.6;    3;   2.9;   6;    4.683;   0;   6.7;   7.4;  974.55;    7.2;   73.79;   14.0;    2.1;    0.8;eor
       5705;20190318;   10;  15.9;   4.5;    3;   0.6;   6;    3.950;   0;   4.0;   6.4;  986.03;    3.6;   81.00;    8.5;    0.9;   -1.6;eor
       5705;20190319;   10;   6.7;   1.7;    3;   0.0;   0;    9.283;   0;   1.5;   5.4;  995.39;    4.1;   68.38;    9.5;   -1.0;   -3.7;eor
       5705;20190320;   10;   5.2;   1.4;    3;   0.0;   0;   11.550;   0;   2.3;   5.0; 1001.64;    4.9;   61.21;   11.9;   -2.4;   -4.9;eor
       5705;20190321;   10;   7.8;   1.9;    3;   0.0;   0;   11.417;   0;   5.1;   5.8; 1001.38;    7.5;   58.79;   15.8;   -0.7;   -3.4;eor
       5705;20190322;   10;   7.1;   1.7;    3;   0.0;   0;   11.500;   0;   5.5;   6.9;  997.83;   10.3;   58.75;   18.8;    1.6;   -1.3;eor
       5705;20190323;   10;   7.6;   1.9;    3;   0.0;   0;   11.433;   0;   1.3;   7.4;  994.85;   10.8;   61.13;   19.7;    1.8;   -1.3;eor
       5705;20190324;   10;   7.1;   2.3;    3;   0.0;   0;    0.600;   0;   4.9;   8.0;  992.07;    8.4;   72.79;   13.0;    3.7;    0.4;eor
       5705;20190325;   10;  17.6;   4.8;    3;   0.3;   6;    5.017;   0;   5.7;   6.1;  988.82;    5.2;   68.58;    9.6;    1.7;   -1.6;eor
       5705;20190326;   10;   9.4;   3.1;    3;   0.0;   0;    0.800;   0;   7.8;   6.0;  996.60;    5.4;   67.67;    8.8;    2.6;    0.2;eor
       5705;20190327;   10;   6.1;   1.9;    3;   0.0;   0;    5.250;   0;   6.7;   6.2;  999.48;    7.7;   60.54;   12.1;    3.9;    0.9;eor
       5705;20190328;   10;   5.9;   2.1;    3;   0.0;   0;    1.600;   0;   7.6;   7.8; 1001.18;    8.8;   68.42;   13.4;    2.5;   -0.9;eor
       5705;20190329;   10;   8.6;   2.9;    3;   0.0;   0;    8.383;   0;   4.5;   8.3;  998.12;   11.4;   63.17;   17.1;    5.9;    1.4;eor
       5705;20190330;   10;   6.9;   1.5;    3;   0.0;   0;   11.583;   0;   2.8;   7.1;  991.42;   10.9;   59.00;   19.8;    1.9;   -1.6;eor
       5705;20190331;   10;  10.7;   2.6;    3;   0.0;   0;   10.217;   0;   0.5;   7.2;  989.01;   11.0;   58.00;   19.6;    3.5;   -0.6;eor
       5705;20190401;   10;   9.3;   4.2;    3;   0.0;   0;   11.600;   0;   0.4;   7.3;  987.81;   10.2;   60.63;   17.4;    3.6;    1.8;eor
       5705;20190402;   10;  16.1;   3.2;    3;   0.1;   6;   11.067;   0;   5.9;   7.4;  978.41;   12.3;   53.88;   20.6;    3.6;    0.1;eor
       5705;20190403;   10;  16.3;   3.0;    3;   3.7;   6;    2.983;   0;   7.5;   9.0;  971.22;   10.3;   72.71;   15.7;    4.8;    4.0;eor
       5705;20190404;   10;  10.6;   3.4;    3;   0.1;   6;    0.667;   0;   7.9;   7.9;  968.10;    5.7;   86.58;    9.0;    4.8;    4.7;eor
       5705;20190405;   10;   6.4;   2.3;    3;   0.0;   6;    0.000;   0;   8.0;   8.4;  973.12;    6.8;   84.88;    9.0;    4.7;    4.1;eor
       5705;20190406;   10;  10.6;   3.5;    3;   0.0;   0;    4.717;   0;   6.8;   9.0;  972.76;   11.7;   68.50;   18.9;    5.1;    2.3;eor
       5705;20190407;   10;   9.2;   3.3;    3;   0.0;   0;    8.633;   0;   4.8;   8.2;  973.46;   12.8;   57.13;   18.4;    6.0;    2.1;eor
       5705;20190408;   10;   7.0;   2.1;    3;   0.0;   0;    3.100;   0;   7.5;   9.8;  977.40;   12.2;   69.71;   16.9;    9.0;    6.8;eor
       5705;20190409;   10;  12.7;   3.0;    3;   0.0;   6;    2.883;   0;   7.5;   9.6;  978.12;   11.5;   72.08;   18.5;    7.1;    4.9;eor
       5705;20190410;   10;  10.9;   4.7;    3;   0.0;   0;    6.133;   0;   6.4;   6.3;  980.47;    9.6;   52.96;   14.8;    3.6;    0.2;eor
       5705;20190411;   10;  12.8;   4.6;    3;   0.0;   0;   12.683;   0;   1.0;   4.5;  987.18;    6.0;   49.08;   11.7;    1.7;   -1.2;eor
       5705;20190412;   10;   9.2;   4.1;    3;   0.0;   0;    0.317;   0;   6.4;   4.3;  989.44;    4.0;   53.67;    8.0;   -0.4;   -2.2;eor
       5705;20190413;   10;   9.8;   3.6;    3;   0.0;   8;    2.050;   0;   7.1;   4.9;  988.13;    4.3;   60.00;    7.9;    1.5;    1.2;eor
       5705;20190414;   10;  11.9;   4.8;    3;   0.0;   0;    4.617;   0;   7.0;   5.6;  989.26;    5.2;   63.29;   10.5;    1.8;    0.8;eor
       5705;20190415;   10;  11.0;   4.2;    3;   0.0;   0;   10.733;   0;   2.4;   6.8;  990.18;   10.3;   57.88;   17.8;    3.2;    1.1;eor
       5705;20190416;   10;  11.7;   2.7;    3;   0.0;   0;   11.900;   0;   3.6;   5.7;  986.45;   12.0;   43.63;   19.4;    2.8;   -1.0;eor
       5705;20190417;   10;  11.3;   4.0;    3;   0.0;   6;    6.717;   0;   7.4;   6.0;  990.28;   14.3;   38.00;   20.3;    9.4;    7.8;eor
       5705;20190418;   10;  14.4;   5.7;    3;   0.0;   0;   12.233;   0;   1.2;   7.2;  992.82;   14.8;   45.08;   21.8;    6.9;    3.2;eor
       5705;20190419;   10;  11.5;   4.0;    3;   0.0;   0;   13.200;   0;   0.0;   6.9;  995.70;   16.5;   39.67;   23.8;    8.2;    3.5;eor
       5705;20190420;   10;  10.6;   3.1;    3;   0.0;   0;   13.200;   0;   0.0;   6.5;  995.19;   16.9;   36.67;   24.4;    8.5;    3.7;eor
       5705;20190421;   10;  10.3;   2.6;    3;   0.0;   0;   13.250;   0;   0.0;   6.4;  988.09;   16.5;   37.54;   24.3;    7.7;    2.8;eor
       5705;20190422;   10;  14.7;   5.3;    3;   0.0;   0;   12.717;   0;   5.1;   6.6;  978.16;   16.6;   37.83;   24.8;    7.4;    2.4;eor
       5705;20190423;   10;  13.4;   5.3;    3;   0.0;   0;    8.217;   0;   7.5;   8.6;  969.41;   16.0;   48.13;   22.1;    9.0;    5.3;eor
       5705;20190424;   10;  29.1;   4.4;    3;   0.1;   6;   11.233;   0;   4.3;   9.3;  972.24;   17.0;   50.46;   26.3;    7.7;    4.3;eor
       5705;20190425;   10;  15.6;   4.5;    3;   0.0;   0;   12.183;   0;   3.7;   8.1;  977.53;   16.2;   50.00;   26.4;    5.5;    2.2;eor
       5705;20190426;   10;  10.8;   3.5;    3;   8.6;   6;    0.000;   0;   6.3;   9.8;  982.13;    9.4;   83.17;   11.6;    8.2;    5.8;eor
       5705;20190427;   10;  22.0;   4.7;    3;   7.2;   6;    4.767;   0;   6.8;   9.5;  983.78;    9.1;   82.38;   14.4;    5.8;    5.3;eor
       5705;20190428;   10;   9.1;   2.9;    3;   0.1;   6;    3.483;   0;   5.5;   7.5;  987.40;    7.8;   72.88;   12.5;    4.6;    2.3;eor
       5705;20190429;   10;   8.9;   2.9;    3;   7.9;   6;    0.000;   0;   7.8;   8.8;  988.97;    8.0;   82.63;   12.5;    4.1;    3.1;eor
       5705;20190430;   10;   9.2;   2.8;    3;   0.0;   0;   10.950;   0;   2.8;   8.1;  986.77;   12.1;   61.54;   17.7;    7.7;    4.6;eor
       5705;20190501;   10;   6.2;   1.4;    3;   0.0;   0;    7.533;-999;   2.2;   9.5;  983.61;   12.5;   68.04;   19.7;    4.6;    2.4;eor
       5705;20190502;   10;  13.7;   3.1;    3;   1.6;   6;    9.033;-999;   5.0;   9.5;  977.77;   12.7;   67.63;   18.8;    6.2;    3.7;eor
       5705;20190503;   10;  11.0;   3.4;    3;   0.4;   6;    4.067;-999;   7.2;   8.0;  978.52;   10.3;   64.29;   13.9;    7.2;    5.1;eor
       5705;20190504;   10;  11.0;   2.5;    3;   6.7;   6;    0.000;-999;   7.3;   7.3;  976.68;    5.2;   82.25;    8.1;    2.1;    0.5;eor
       5705;20190505;   10;   7.1;   2.2;    3;   0.0;   6;    4.417;-999;   5.4;   5.8;  985.20;    5.4;   66.71;   10.9;    0.9;   -0.6;eor
       5705;20190506;   10;  10.7;   2.6;    3;   0.0;   6;    2.817;-999;   7.0;   6.0;  987.80;    6.9;   61.92;   12.0;    2.9;    0.2;eor
       5705;20190507;   10;   5.1;   1.4;    3;   0.0;   6;    3.550;-999;   7.5;   6.7;  985.68;    7.8;   64.75;   13.3;    2.6;    1.5;eor
       5705;20190508;   10;  10.6;   3.4;    3;   5.9;   6;    0.033;-999;   7.6;  10.0;  974.04;    9.1;   83.88;   12.5;    3.7;    0.8;eor
       5705;20190509;   10;  14.1;   4.9;    3;   2.9;   6;    0.850;-999;   7.3;  10.8;  970.43;   10.5;   84.71;   12.9;    8.0;    6.8;eor
       5705;20190510;   10;  16.5;   5.1;    3;   6.3;   6;    7.767;-999;   6.4;   9.7;  978.65;   12.2;   69.96;   16.2;    8.6;    7.4;eor
       5705;20190511;   10;  16.1;   4.1;    3;   7.7;   6;    2.183;-999;   7.6;  11.3;  979.72;   10.8;   87.00;   16.1;    6.8;    6.2;eor
       5705;20190512;   10;  10.3;   3.2;    3;   0.0;   0;    8.833;-999;   4.3;   7.6;  996.79;    9.7;   65.13;   15.4;    5.8;    2.8;eor
       5705;20190513;   10;  10.5;   3.2;    3;   0.0;   0;   14.017;-999;   0.3;   5.9; 1002.23;   10.1;   51.04;   16.2;    3.9;    2.0;eor
       5705;20190514;   10;  13.2;   4.0;    3;   0.0;   6;    9.933;-999;   3.3;   6.1;  997.47;    9.4;   53.25;   14.8;    4.1;    1.1;eor
       5705;20190515;   10;  12.7;   3.4;    3;   0.0;   0;    8.433;-999;   4.9;   5.6;  991.80;    8.6;   52.71;   13.9;    2.7;   -0.7;eor
       5705;20190516;   10;   8.1;   3.0;    3;   1.6;   6;    4.000;-999;   7.8;   7.9;  983.50;    9.1;   69.04;   13.1;    7.2;    7.2;eor
       5705;20190517;   10;  10.3;   4.0;    3;   0.0;   6;    5.850;-999;   6.6;  10.3;  976.32;   12.6;   72.13;   19.2;    7.2;    7.2;eor
       5705;20190518;   10;  12.8;   2.5;    3;   0.0;   0;   10.650;-999;   6.0;  10.8;  974.11;   15.6;   63.13;   22.7;    8.6;    6.5;eor
       5705;20190519;   10;   8.5;   2.1;    3;   0.4;   6;   10.417;-999;   5.5;  12.4;  972.19;   17.1;   65.83;   24.2;   10.6;    7.6;eor
       5705;20190520;   10;  12.2;   3.1;    3;  23.6;   6;    1.467;-999;   7.6;  13.9;  971.88;   14.4;   84.33;   18.5;   12.3;   10.7;eor
       5705;20190521;   10;  13.9;   4.9;    3;   3.6;   6;    0.267;-999;   7.8;  13.3;  976.31;   13.2;   87.79;   15.8;   12.0;   11.7;eor
       5705;20190522;   10;  11.7;   4.1;    3;   0.0;   0;    4.017;-999;   6.1;  11.5;  986.10;   13.1;   76.58;   17.3;    8.5;    5.3;eor
       5705;20190523;   10;   5.2;   1.3;    3;   0.0;   0;    9.133;-999;   5.8;  10.0;  987.28;   13.6;   66.92;   19.8;    6.1;    4.1;eor
       5705;20190524;   10;   5.9;   1.4;    3;   0.0;   0;   11.417;-999;   6.2;  10.8;  983.56;   16.0;   62.46;   22.1;    7.9;    5.4;eor
       5705;20190525;   10;   9.0;   2.4;    3;   3.3;   6;    3.600;-999;   7.3;  12.6;  983.49;   15.0;   74.38;   22.4;   11.3;    8.8;eor
       5705;20190526;   10;  11.4;   2.6;    3;   0.0;   0;   11.167;-999;   5.0;  11.8;  983.40;   15.9;   68.00;   22.0;    8.8;    6.7;eor
       5705;20190527;   10;   9.6;   3.3;    3;   0.4;   6;    5.533;-999;   7.5;  12.9;  978.20;   16.3;   69.50;   21.0;   12.0;    9.8;eor
       5705;20190528;   10;  11.6;   2.4;    3;   6.1;   6;    1.467;-999;   7.5;  12.3;  977.02;   12.6;   84.88;   15.7;    8.6;    7.4;eor
       5705;20190529;   10;   7.4;   2.1;    3;   1.5;   6;    3.817;-999;   5.1;  10.6;  988.60;   11.6;   78.46;   16.2;    7.8;    5.3;eor
       5705;20190530;   10;   9.1;   2.7;    3;   0.0;   0;    9.500;-999;   4.5;  10.2;  993.44;   14.4;   65.21;   21.4;    5.2;    3.9;eor
       5705;20190531;   10;   7.2;   1.7;    3;   0.0;   0;    3.333;-999;   7.3;  14.0;  993.31;   18.0;   68.63;   23.0;   12.9;   12.4;eor
       5705;20190601;   10;   6.0;   1.5;    3;   0.0;   0;   14.133;-999;   6.8;  14.4;  990.62;   20.0;   65.00;   26.8;   11.7;   10.0;eor
       5705;20190602;   10;   9.2;   2.5;    3;   0.0;   0;   14.500;-999;   2.4;  14.5;  985.90;   22.2;   58.08;   29.2;   13.2;   10.7;eor
       5705;20190603;   10;  20.3;   2.8;    3;   0.0;   6;   10.217;-999;   3.2;  14.7;  983.23;   21.3;   60.79;   30.8;   15.2;   12.3;eor
       5705;20190604;   10;  10.8;   3.0;    3;   0.0;   6;   14.317;-999;   2.3;  14.9;  980.33;   22.3;   59.46;   29.9;   13.7;   11.6;eor
       5705;20190605;   10;   8.7;   2.9;    3;   0.0;   6;   13.467;-999;   2.3;  15.0;  975.38;   24.7;   50.04;   31.0;   17.5;   15.8;eor
       5705;20190606;   10;  14.2;   4.3;    3;   1.1;   6;    0.250;-999;   6.5;  12.6;  981.14;   14.9;   74.54;   20.7;    9.0;    7.1;eor
       5705;20190607;   10;  21.4;   3.8;    3;   2.4;   6;    9.150;-999;   4.9;  12.8;  981.85;   16.7;   71.29;   27.4;    8.6;    7.0;eor
       5705;20190608;   10;  17.6;   5.5;    3;   0.0;   0;   10.950;-999;   4.1;   9.6;  990.65;   16.0;   55.79;   21.3;   10.4;    7.6;eor
       5705;20190609;   10;   9.6;   2.5;    3;   0.0;   6;    7.967;-999;   5.6;  11.5;  989.88;   17.5;   60.21;   24.4;    8.0;    5.8;eor
       5705;20190610;   10;   6.4;   1.8;    3;  14.6;   6;    2.617;-999;   7.3;  16.3;  982.46;   17.6;   81.42;   23.1;   14.5;   13.4;eor
       5705;20190611;   10;  10.4;   2.0;    3;   0.5;   6;    1.883;-999;   7.3;  15.3;  979.41;   17.8;   76.75;   23.0;   13.9;   13.8;eor
       5705;20190612;   10;  14.0;   2.4;    3;   3.8;   6;    3.150;-999;   6.4;  15.1;  979.16;   16.1;   82.92;   19.1;   11.9;   10.5;eor
       5705;20190613;   10;   7.5;   2.2;    3;   0.2;   6;    8.667;-999;   4.5;  14.0;  983.77;   17.8;   70.75;   23.9;   11.7;   10.5;eor
       5705;20190614;   10;   7.8;   1.8;    3;   0.0;   6;    5.467;-999;   4.8;  15.7;  983.91;   20.3;   67.50;   26.6;   11.7;    9.8;eor
       5705;20190615;   10;  13.3;   3.7;    3;   3.2;   6;   10.133;-999;   5.7;  15.8;  982.02;   20.2;   67.79;   24.0;   15.8;   14.1;eor
       5705;20190616;   10;   7.8;   1.9;    3;   6.5;   6;    1.567;-999;   6.1;  16.1;  989.36;   16.3;   86.71;   20.0;   13.2;   11.2;eor
       5705;20190617;   10;   6.8;   2.0;    3;   0.0;   0;    9.633;-999;   3.3;  15.4;  988.54;   19.3;   71.79;   26.1;   11.8;   10.6;eor
       5705;20190618;   10;   9.9;   1.9;    3;   0.0;   0;   11.167;-999;   3.6;  16.2;  983.71;   22.2;   63.21;   28.5;   14.4;   12.0;eor
       5705;20190619;   10;   9.1;   2.6;    3;   1.0;   6;   13.967;-999;   4.1;  16.7;  979.06;   23.9;   59.83;   30.4;   15.8;   13.7;eor
       5705;20190620;   10;  23.4;   3.0;    3;   8.6;   6;    7.433;-999;   6.4;  16.7;  981.82;   19.5;   74.58;   25.4;   14.6;   13.3;eor
       5705;20190621;   10;  13.3;   1.8;    3;   0.0;   0;    8.617;-999;   4.1;  14.9;  986.40;   19.0;   70.25;   24.8;   13.9;   12.9;eor
       5705;20190622;   10;  12.0;   3.0;    3;   2.7;   6;    8.033;-999;   5.5;  16.1;  986.40;   18.7;   75.17;   26.4;   13.9;   12.3;eor
       5705;20190623;   10;   9.5;   3.9;    3;   0.0;   6;    8.850;-999;   5.8;  17.1;  987.16;   22.0;   65.92;   27.2;   16.4;   15.9;eor
       5705;20190624;   10;  13.7;   3.6;    3;   0.0;   0;   14.217;-999;   4.5;  16.5;  988.98;   24.2;   57.25;   30.5;   17.0;   15.0;eor
       5705;20190625;   10;   8.2;   2.5;    3;   0.0;   0;   14.200;-999;   5.2;  19.2;  989.00;   26.0;   58.88;   33.3;   18.1;   16.0;eor
       5705;20190626;   10;   6.4;   1.7;    3;   0.0;   0;   14.300;-999;   0.2;  21.1;  990.71;   28.2;   59.38;   35.5;   19.7;   18.2;eor
       5705;20190627;   10;   9.1;   2.9;    3;   0.0;   0;   14.333;-999;   0.3;  14.6;  991.91;   25.5;   46.50;   31.4;   17.8;   15.6;eor
       5705;20190628;   10;   7.5;   2.8;    3;   0.0;   0;   14.550;-999;   0.0;  12.1;  991.51;   21.4;   49.50;   28.0;   14.8;   12.7;eor
       5705;20190629;   10;   7.2;   2.2;    3;   0.0;   0;   14.567;-999;   0.0;  11.9;  988.39;   23.7;   44.13;   32.5;   13.9;   11.4;eor
       5705;20190630;   10;  10.0;   2.7;    3;   0.0;   6;   14.500;-999;   0.2;  16.6;  984.07;   26.7;   50.54;   36.0;   14.9;   12.2;eor
       5705;20190701;   10;  11.4;   3.4;    3;   0.0;   6;    9.900;-999;   5.9;  16.6;  984.95;   24.9;   53.42;   29.2;   19.0;   17.3;eor
       5705;20190702;   10;   9.1;   2.7;    3;   0.0;   0;   14.383;-999;   1.6;  11.0;  988.86;   20.5;   46.96;   25.9;   14.5;   13.1;eor
       5705;20190703;   10;   8.8;   2.8;    3;   0.0;   0;   14.550;-999;   1.1;   9.3;  990.43;   19.0;   44.79;   25.5;   12.1;    9.1;eor
       5705;20190704;   10;   7.1;   2.2;    3;   0.0;   0;   14.483;-999;   1.7;   9.5;  990.15;   19.5;   44.25;   26.5;   11.2;    9.2;eor
       5705;20190705;   10;   9.1;   2.2;    3;   0.0;   0;    8.667;-999;   6.9;  11.1;  985.53;   20.5;   49.21;   27.9;   12.6;   11.4;eor
       5705;20190706;   10;  13.1;   3.5;    3;   1.1;   6;   10.767;-999;   4.1;  11.1;  979.67;   23.5;   42.13;   30.6;   14.9;   13.1;eor
       5705;20190707;   10;   9.8;   2.5;    3;   0.2;   6;    3.183;-999;   6.9;  12.8;  981.33;   17.4;   65.42;   22.4;   13.0;    9.8;eor
       5705;20190708;   10;   9.6;   2.5;    3;   0.0;   0;   10.300;-999;   4.9;   9.1;  985.88;   16.2;   51.25;   22.7;   10.9;    8.7;eor
       5705;20190709;   10;   7.8;   2.2;    3;   0.0;   0;    3.783;-999;   5.3;   9.1;  987.56;   14.4;   56.92;   19.2;    9.0;    6.5;eor
       5705;20190710;   10;   9.2;   2.0;    3;   0.1;   6;   14.183;-999;   4.9;   8.9;  987.15;   16.9;   50.29;   24.4;    7.5;    5.3;eor
       5705;20190711;   10;   7.3;   1.6;    3;   5.7;   6;    0.000;-999;   7.7;  14.3;  983.57;   15.8;   79.63;   18.6;   13.5;   12.4;eor
       5705;20190712;   10;  10.8;   2.8;    3;   0.6;   6;    4.383;-999;   7.3;  15.8;  980.97;   17.1;   81.46;   22.1;   12.3;   11.9;eor
       5705;20190713;   10;  11.8;   3.2;    3;   2.4;   6;    2.250;-999;   7.7;  15.0;  984.44;   16.6;   79.88;   21.4;   14.3;   13.6;eor
       5705;20190714;   10;   8.7;   2.5;    3;   0.0;   0;    8.133;-999;   4.5;  13.5;  985.48;   16.9;   72.29;   22.6;   12.7;   11.7;eor
       5705;20190715;   10;   8.4;   2.6;    3;   0.0;   0;   10.850;-999;   2.9;  12.4;  985.42;   17.7;   63.33;   24.2;   11.3;    9.3;eor
       5705;20190716;   10;   7.2;   2.3;    3;   0.0;   0;   13.617;-999;   4.1;  11.7;  985.53;   18.3;   58.63;   25.6;   10.6;    9.2;eor
       5705;20190717;   10;   8.3;   2.1;    3;   0.0;   0;   13.017;-999;   4.0;  12.8;  982.76;   19.5;   59.42;   26.6;   12.1;   10.2;eor
       5705;20190718;   10;  10.5;   2.3;    3;   0.1;   6;    7.983;-999;   7.3;  12.9;  981.32;   20.8;   55.96;   29.3;   12.9;   11.6;eor
       5705;20190719;   10;  10.1;   2.0;    3;   2.2;   6;    1.683;-999;   7.8;  16.6;  983.82;   19.7;   73.21;   25.4;   16.8;   15.0;eor
       5705;20190720;   10;  14.3;   3.7;    3;   2.9;   6;   11.350;-999;   6.9;  15.2;  982.85;   24.3;   55.17;   33.3;   14.3;   12.7;eor
       5705;20190721;   10;  13.7;   2.8;    3;   0.0;   6;    8.000;-999;   6.0;  16.4;  988.72;   22.7;   62.29;   28.4;   17.4;   14.8;eor
       5705;20190722;   10;   8.9;   2.0;    3;   0.0;   0;   13.917;-999;   5.5;  13.3;  991.82;   23.2;   51.17;   30.7;   14.1;   12.4;eor
       5705;20190723;   10;   6.6;   1.7;    3;   0.0;   0;   14.417;-999;   2.5;  14.5;  989.52;   25.9;   47.13;   34.1;   15.6;   14.1;eor
       5705;20190724;   10;   7.2;   1.7;    3;   0.0;   0;   14.400;-999;   1.2;  15.2;  985.27;   28.7;   42.00;   37.5;   18.8;   16.6;eor
       5705;20190725;   10;  11.2;   2.7;    3;   0.0;   0;   14.217;-999;   1.9;  14.3;  984.16;   30.2;   37.21;   38.6;   20.0;   17.6;eor
       5705;20190726;   10;   8.6;   2.6;    3;   0.1;   6;   11.983;-999;   3.1;  12.7;  978.35;   29.8;   32.50;   38.1;   20.8;   17.8;eor
       5705;20190727;   10;   9.3;   2.0;    3;   7.3;   6;    1.083;-999;   7.7;  18.3;  972.16;   22.9;   66.17;   25.8;   18.3;   17.8;eor
       5705;20190728;   10;  10.0;   2.9;    3;   0.6;   6;    3.867;-999;   7.4;  19.6;  971.26;   20.6;   81.46;   26.5;   17.7;   17.4;eor
       5705;20190729;   10;   8.1;   2.6;    3;   0.0;   6;    0.383;-999;   7.6;  17.9;  979.52;   20.4;   75.17;   23.7;   17.8;   16.7;eor
       5705;20190730;   10;  10.5;   2.7;    3;   2.0;   6;   10.650;-999;   3.8;  16.0;  981.78;   23.3;   59.38;   30.1;   16.3;   14.8;eor
       5705;20190731;   10;  11.1;   3.3;    3;   0.0;   0;    6.667;-999;   4.8;  14.4;  985.25;   20.6;   62.00;   26.7;   15.1;   12.4;eor
       5705;20190801;   10;   8.8;   1.9;    3;   0.0;   0;    8.050;-999;   5.2;  11.4;  985.94;   19.9;   52.75;   27.0;   12.6;   10.3;eor
       5705;20190802;   10;   8.5;   1.6;    3;   0.2;   6;    3.833;-999;   7.5;  13.3;  983.55;   19.9;   58.92;   26.3;   13.7;   12.7;eor
       5705;20190803;   10;   6.7;   1.7;    3;  16.0;   6;    2.667;-999;   6.0;  15.6;  983.98;   18.6;   74.21;   25.0;   14.8;   13.2;eor
       5705;20190804;   10;   8.0;   1.5;    3;   0.0;   0;   12.000;-999;   2.8;  14.0;  984.69;   20.9;   60.33;   29.0;   12.9;   11.5;eor
       5705;20190805;   10;   6.6;   1.8;    3;   0.6;   6;    3.400;-999;   7.9;  16.3;  981.51;   20.5;   67.79;   27.1;   15.6;   14.4;eor
       5705;20190806;   10;  10.6;   2.0;    3;   7.1;   6;    2.600;-999;   7.6;  17.2;  980.58;   20.6;   70.96;   24.7;   17.7;   16.5;eor
       5705;20190807;   10;   7.4;   2.4;    3;   7.0;   6;    1.333;-999;   7.3;  19.1;  978.69;   18.1;   91.71;   22.9;   15.1;   14.2;eor
       5705;20190808;   10;   8.5;   2.7;    3;   0.0;   0;    8.467;-999;   5.7;  16.1;  982.00;   20.0;   71.88;   26.7;   14.6;   13.9;eor
       5705;20190809;   10;  13.2;   2.6;    3;   1.2;   6;    5.750;-999;   6.1;  17.5;  980.16;   22.4;   68.13;   31.0;   13.5;   12.1;eor
       5705;20190810;   10;  15.1;   5.0;    3;   0.2;   6;    5.700;-999;   5.5;  17.4;  983.65;   21.7;   68.17;   26.7;   16.0;   14.1;eor
       5705;20190811;   10;   9.9;   3.1;    3;   0.9;   6;    9.033;-999;   4.9;  14.3;  984.73;   20.5;   63.00;   29.1;   14.4;   13.3;eor
       5705;20190812;   10;   9.8;   2.9;    3;   0.0;   0;    7.117;-999;   7.0;  13.4;  985.45;   18.0;   65.96;   22.7;   13.8;   11.7;eor
       5705;20190813;   10;  11.8;   4.0;    3;   0.0;   6;    8.750;-999;   5.2;  11.3;  986.89;   16.7;   61.58;   21.9;   12.5;   11.2;eor
       5705;20190814;   10;   9.1;   2.3;    3;   0.4;   6;    5.833;-999;   4.7;  11.4;  987.07;   16.6;   62.00;   22.7;   12.6;   11.4;eor
       5705;20190815;   10;  14.4;   3.7;    3;   2.0;   6;    1.833;-999;   7.5;  14.1;  983.19;   15.8;   78.46;   23.1;   11.1;   10.1;eor
       5705;20190816;   10;   9.8;   2.7;    3;   0.0;   0;    8.750;-999;   5.8;  13.3;  985.98;   18.1;   66.29;   24.3;   13.8;   12.5;eor
       5705;20190817;   10;  11.1;   3.7;    3;   1.1;   6;    0.017;-999;   7.8;  15.0;  981.88;   17.7;   74.67;   22.2;   13.5;   12.6;eor
       5705;20190818;   10;  15.0;   5.2;    3;   0.0;   6;   11.033;-999;   5.2;  17.4;  978.60;   22.8;   65.58;   31.3;   16.2;   15.7;eor
       5705;20190819;   10;   8.0;   2.5;    3;   0.0;   0;    7.200;-999;   6.4;  13.6;  985.65;   20.8;   56.79;   26.1;   15.2;   12.5;eor
       5705;20190820;   10;   8.3;   2.0;    3;   2.5;   6;    0.033;-999;   7.8;  13.1;  991.40;   15.9;   72.92;   20.8;   12.7;   10.4;eor
       5705;20190821;   10;   8.8;   2.0;    3;   0.0;   0;    9.800;-999;   3.5;  11.6;  996.12;   16.3;   66.92;   24.0;    9.6;    8.2;eor
       5705;20190822;   10;   9.4;   2.0;    3;   0.0;   0;   12.950;-999;   1.3;  11.1;  994.26;   18.7;   55.29;   26.4;   10.1;    7.6;eor
       5705;20190823;   10;   9.4;   2.1;    3;   0.0;   0;   13.000;-999;   0.0;  11.8;  993.12;   20.1;   54.21;   28.9;   10.5;    7.9;eor
       5705;20190824;   10;   7.9;   2.0;    3;   0.0;   0;    7.483;-999;   3.7;  15.3;  989.14;   22.0;   58.88;   30.2;   13.0;   11.2;eor
       5705;20190825;   10;   5.6;   1.7;    3;   0.0;   0;   10.183;-999;   0.6;  17.7;  987.33;   24.4;   60.79;   32.9;   17.6;   15.1;eor
       5705;20190826;   10;   8.3;   1.9;    3;   0.0;   0;   11.767;-999;   1.8;  17.7;  986.92;   24.4;   61.33;   32.3;   16.9;   14.8;eor
       5705;20190827;   10;   7.5;   1.8;    3;   0.0;   0;   11.283;-999;   1.9;  18.1;  985.47;   24.6;   61.71;   32.9;   16.7;   15.0;eor
       5705;20190828;   10;   8.2;   2.1;    3;   0.0;   0;    7.650;-999;   6.8;  16.6;  984.65;   24.9;   56.79;   33.4;   17.6;   16.6;eor
       5705;20190829;   10;  11.2;   1.9;    3;   0.0;   6;    5.883;-999;   6.4;  17.2;  986.99;   23.4;   61.92;   31.4;   17.5;   16.4;eor
       5705;20190830;   10;   6.9;   1.3;    3;   0.0;   0;    7.233;-999;   2.3;  18.4;  989.73;   23.6;   66.13;   30.1;   16.7;   15.0;eor
       5705;20190831;   10;   8.2;   2.2;    3;   0.0;   0;   12.383;-999;   0.5;  17.0;  983.79;   24.4;   58.58;   32.5;   16.5;   14.3;eor
       5705;20190901;   10;  12.5;   4.0;    3;   0.0;   0;    8.283;-999;   7.3;  15.1;  982.25;   21.8;   58.50;   27.1;   16.7;   15.8;eor
       5705;20190902;   10;   8.0;   2.3;    3;   0.0;   0;   10.617;-999;   1.2;   9.4;  990.49;   17.1;   50.42;   23.7;   10.2;    7.6;eor
       5705;20190903;   10;   9.1;   2.0;    3;   0.0;   0;   12.650;-999;   2.1;   8.5;  992.17;   16.8;   49.08;   25.7;    6.9;    4.9;eor
       5705;20190904;   10;  11.0;   2.7;    3;   0.0;   6;   12.567;-999;   0.5;   9.6;  985.53;   18.9;   48.00;   27.7;    9.0;    6.8;eor
       5705;20190905;   10;  11.1;   3.3;    3;   0.0;   0;    4.500;-999;   6.8;  10.8;  987.39;   17.1;   55.92;   21.0;   13.1;    9.6;eor
       5705;20190906;   10;   6.3;   1.9;    3;   0.0;   0;   11.400;-999;   4.7;   8.9;  991.13;   15.4;   53.17;   22.2;    9.6;    6.6;eor
       5705;20190907;   10;   9.0;   2.2;    3;   0.0;   6;    2.983;-999;   7.3;   9.8;  987.21;   13.3;   64.75;   18.3;    8.9;    7.0;eor
       5705;20190908;   10;  10.6;   1.6;    3;   5.0;   4;    0.783;-999;   7.9;  11.5;  985.08;   13.8;   74.54;   17.8;   10.6;    9.2;eor
       5705;20190909;   10;-999;-999;    3;   0.1;   4;    0.800;-999;  -999;  -999;    -999;   10.7;-999;   13.8;    6.4;    5.7;eor
       5705;20190910;   10;-999;-999;    3;   0.0;   0;    7.000;-999;  -999;  -999;    -999;   10.9;-999;   20.8;    5.2;    4.8;eor
       5705;20190911;   10;  12.6;   2.4;    3;   0.0;   6;   10.150;-999;   3.3;   9.8;  992.01;   15.4;   59.96;   23.5;    6.3;    4.1;eor
       5705;20190912;   10;  11.4;   3.2;    3;   0.0;   6;    4.700;-999;   5.4;  13.9;  997.43;   18.7;   64.33;   24.7;   15.0;   13.3;eor
       5705;20190913;   10;   9.2;   2.4;    3;   0.0;   0;    5.250;-999;   4.0;  14.8;  999.51;   18.2;   72.17;   24.2;   13.0;   11.8;eor
       5705;20190914;   10;   7.6;   2.1;    3;   0.0;   0;   10.467;-999;   3.9;  12.4;  998.73;   18.0;   61.88;   25.0;   12.9;   10.6;eor
       5705;20190915;   10;   8.6;   2.0;    3;   0.0;   0;   11.717;-999;   1.7;  11.9;  991.85;   18.5;   60.00;   28.2;    9.6;    7.6;eor
       5705;20190916;   10;   7.3;   1.9;    3;   0.0;   6;    1.150;-999;   6.8;  11.3;  987.92;   17.2;   60.21;   23.9;    9.6;    7.8;eor
       5705;20190917;   10;  12.7;   3.4;    3;   0.0;   6;    8.150;-999;   7.2;  10.4;  987.93;   16.0;   57.67;   20.6;   10.6;    8.3;eor
       5705;20190918;   10;   7.3;   2.0;    3;   0.0;   0;   10.750;-999;   1.5;   7.5;  993.13;   12.3;   54.42;   18.6;    5.7;    2.8;eor
       5705;20190919;   10;   8.4;   2.4;    3;   0.0;   0;   11.433;-999;   4.8;   6.7;  996.50;   11.2;   53.42;   17.1;    5.3;    2.4;eor
       5705;20190920;   10;   6.9;   1.7;    3;   0.0;   0;   11.433;-999;   5.0;   6.8;  995.95;   11.1;   54.83;   18.7;    3.5;    1.0;eor
       5705;20190921;   10;   9.3;   3.2;    3;   0.0;   0;   11.583;-999;   0.0;   7.6;  988.97;   14.9;   48.92;   23.9;    4.9;    2.1;eor
       5705;20190922;   10;   5.5;   1.4;    3;   0.8;   6;    8.517;-999;   4.4;   9.9;  980.75;   16.4;   54.71;   24.2;    7.8;    4.8;eor
       5705;20190923;   10;  10.9;   2.2;    3;   6.4;   6;    0.000;-999;   7.6;  14.3;  983.45;   14.4;   86.33;   17.1;   11.0;    9.8;eor
       5705;20190924;   10;   6.3;   2.0;    3;   1.5;   6;    0.933;-999;   6.7;  13.6;  981.55;   13.6;   87.42;   17.9;    9.8;    9.0;eor
       5705;20190925;   10;  18.1;   4.8;    3;   1.7;   6;    2.700;-999;   7.7;  13.5;  977.53;   14.6;   81.75;   17.9;   12.6;   11.2;eor
       5705;20190926;   10;   8.8;   3.5;    3;   0.8;   6;    0.717;-999;   7.9;  15.3;  981.51;   15.1;   89.17;   17.3;   12.6;   11.8;eor
       5705;20190927;   10;  11.9;   3.9;    3;  12.6;   6;    0.000;-999;   7.5;  14.7;  981.34;   14.5;   88.67;   17.2;   11.4;   10.4;eor
       5705;20190928;   10;  17.9;   5.9;    3;   0.0;   6;    5.983;-999;   7.1;  12.9;  983.97;   14.5;   79.13;   18.8;   12.0;   10.4;eor
       5705;20190929;   10;  22.2;   6.8;    3;   3.0;   6;    3.667;-999;   7.3;  11.9;  976.65;   16.1;   66.58;   20.9;   11.5;   10.7;eor
       5705;20190930;   10;  22.0;   7.9;    3;   0.0;   6;    4.183;-999;   6.8;  11.5;  978.83;   14.7;   69.33;   17.8;   10.9;    9.1;eor
       5705;20191001;   10;  19.8;   5.0;    3;   7.4;   6;    0.817;-999;   6.9;  13.2;  975.08;   14.2;   81.17;   18.5;    9.7;    8.6;eor
       5705;20191002;   10;  11.1;   4.0;    3;   0.9;   6;    1.667;   0;   5.7;  11.2;  976.87;   11.4;   81.21;   15.4;    6.4;    4.3;eor
       5705;20191003;   10;  10.2;   4.3;    3;   0.0;   6;    3.450;   0;   6.8;   9.0;  985.80;    9.4;   76.71;   14.3;    6.3;    5.3;eor
       5705;20191004;   10;  11.3;   3.7;    3;   7.0;   6;    0.067;   0;   7.8;  10.4;  977.95;    9.4;   87.79;   11.6;    6.2;    5.6;eor
       5705;20191005;   10;  10.9;   3.5;    3;   0.0;   0;    0.983;   0;   7.6;   9.8;  981.77;   10.1;   79.08;   12.3;    6.0;    3.3;eor
       5705;20191006;   10;   9.6;   3.8;    3;   8.4;   6;    0.000;   0;   7.5;   9.0;  983.94;    7.3;   88.38;    9.4;    4.7;    3.1;eor
       5705;20191007;   10;   7.1;   2.4;    3;   0.1;   6;    0.017;   0;   8.0;   9.9;  986.10;    8.7;   87.67;   10.7;    7.0;    6.8;eor
       5705;20191008;   10;  10.8;   4.7;    3;  11.4;   6;    0.000;   0;   7.8;  12.6;  980.12;   11.7;   91.21;   13.5;    9.5;    9.2;eor
       5705;20191009;   10;  12.1;   5.1;    3;  11.3;   6;    2.650;   0;   7.0;  11.6;  979.67;   11.2;   87.38;   13.9;    8.3;    7.3;eor
       5705;20191010;   10;  15.4;   5.8;    3;   1.2;   6;    4.917;   0;   4.9;  10.3;  983.92;   10.6;   81.21;   14.7;    7.8;    6.5;eor
       5705;20191011;   10;  12.3;   4.1;    3;   0.0;   6;    3.267;   0;   7.8;  11.3;  986.16;   11.8;   82.04;   18.1;    7.2;    6.0;eor
       5705;20191012;   10;  12.7;   3.8;    3;   0.1;   6;    7.517;   0;   3.1;  12.7;  983.42;   15.3;   74.00;   22.3;    8.9;    7.3;eor
       5705;20191013;   10;  10.8;   3.1;    3;   0.0;   0;   10.000;   0;   2.5;  15.0;  983.11;   18.5;   72.38;   26.9;   12.3;   11.1;eor
       5705;20191014;   10;   7.9;   1.9;    3;   0.0;   0;   10.200;   0;   0.0;  13.9;  982.43;   17.3;   73.33;   25.1;   11.1;    9.8;eor
       5705;20191015;   10;  12.2;   2.1;    3;   4.0;   6;    6.000;   0;   6.4;  14.0;  976.80;   14.8;   83.54;   21.1;    9.9;    8.4;eor
       5705;20191016;   10;  16.0;   4.9;    3;   0.0;   6;    1.900;   0;   6.8;  11.4;  982.17;   12.4;   79.04;   15.3;   10.1;    8.4;eor
       5705;20191017;   10;   8.2;   3.1;    3;   1.8;   6;    4.300;   0;   7.2;  12.4;  982.76;   13.7;   78.88;   19.0;    9.7;    8.0;eor
       5705;20191018;   10;  13.3;   3.7;    3;   5.6;   6;    2.650;   0;   7.5;  13.7;  980.70;   13.6;   88.17;   18.5;   10.1;    8.9;eor
       5705;20191019;   10;   9.5;   3.9;    3;   5.2;   6;    0.000;   0;   7.7;  12.9;  978.79;   12.7;   88.13;   15.2;   10.7;   10.1;eor
       5705;20191020;   10;   8.2;   2.7;    3;   0.0;   0;    5.800;   0;   7.5;  13.6;  978.08;   14.2;   84.92;   18.4;   11.4;   10.8;eor
       5705;20191021;   10;   6.0;   1.8;    3;   0.0;   6;    1.400;   0;   7.5;  13.5;  986.80;   14.0;   84.67;   18.4;   10.6;    8.8;eor
       5705;20191022;   10;   4.8;   1.4;    3;   0.0;   6;    7.700;   0;   6.5;  12.5;  991.63;   12.8;   85.00;   17.9;    8.5;    7.6;eor
       5705;20191023;   10;   9.4;   3.5;    3;   0.0;   6;    0.000;   0;   7.3;  13.0;  984.85;   12.4;   89.71;   15.0;    8.4;    7.0;eor
       5705;20191024;   10;   5.8;   1.9;    3;   0.0;   6;    2.933;   0;   7.3;  13.4;  980.82;   12.8;   90.46;   17.0;    9.9;    8.2;eor
       5705;20191025;   10;  10.1;   3.3;    3;   0.0;   0;    2.667;   0;   6.8;  12.2;  989.71;   13.0;   81.50;   16.5;    8.7;    6.9;eor
       5705;20191026;   10;   6.6;   2.5;    3;   0.0;   0;    8.733;   0;   7.0;  11.4;  988.09;   12.0;   81.75;   19.6;    6.6;    5.1;eor
       5705;20191027;   10;   9.2;   3.3;    3;   1.5;   6;    1.317;   0;   7.7;  11.1;  987.68;   11.8;   80.21;   16.8;    6.5;    6.4;eor
       5705;20191028;   10;   5.4;   1.6;    3;   0.0;   0;    3.800;   0;   7.3;   8.2;  990.48;    6.0;   88.08;   10.1;    3.7;    1.3;eor
       5705;20191029;   10;   9.5;   2.6;    3;   0.0;   0;    0.900;   0;   7.8;   7.5;  991.09;    5.7;   82.42;    9.5;    2.8;    1.4;eor
       5705;20191030;   10;   9.7;   3.7;    3;   0.0;   0;    6.667;   0;   5.6;   6.4;  994.10;    5.0;   73.96;    9.2;    0.5;   -1.9;eor
       5705;20191031;   10;   8.0;   3.1;    3;   0.0;   0;    9.233;   0;   0.3;   5.5;  990.98;    3.5;   71.42;    9.3;   -1.3;   -4.2;eor
       5705;20191101;   10;   8.6;   3.5;    3;   5.8;   6;    0.000;   0;   7.8;   8.4;  980.24;    5.5;   90.88;    9.9;    1.7;    1.5;eor
       5705;20191102;   10;  10.6;   4.3;    3;   2.4;   6;    0.417;   0;   8.0;  13.1;  965.38;   12.6;   89.17;   16.0;    9.9;    9.0;eor
       5705;20191103;   10;   9.0;   3.9;    3;   2.9;   6;    0.733;   0;   7.5;  12.0;  959.00;   11.4;   88.92;   14.4;    9.7;    9.1;eor
       5705;20191104;   10;  14.6;   4.9;    3;   2.3;   6;    0.717;   0;   7.2;  10.5;  961.83;    9.9;   86.17;   11.9;    7.7;    6.5;eor
       5705;20191105;   10;   9.1;   2.9;    3;   0.0;   6;    1.333;   0;   6.2;   8.9;  967.02;    8.1;   83.00;   11.5;    5.0;    3.5;eor
       5705;20191106;   10;   9.5;   3.0;    3;   0.4;   6;    0.033;   0;   7.9;   9.1;  971.34;    7.9;   85.92;    9.9;    5.9;    4.4;eor
       5705;20191107;   10;  16.8;   3.9;    3;   0.2;   6;    3.833;   0;   7.2;   8.8;  971.80;    8.0;   82.21;   11.4;    6.2;    4.7;eor
       5705;20191108;   10;   6.6;   2.0;    3;   9.1;   6;    0.000;   0;   7.7;   8.7;  973.60;    6.1;   92.00;    7.6;    4.6;    3.8;eor
       5705;20191109;   10;   9.3;   2.7;    3;   0.0;   6;    2.433;   0;   6.1;   7.4;  977.65;    4.8;   86.25;    9.7;    0.8;   -1.5;eor
       5705;20191110;   10;   5.6;   1.3;    3;   0.0;   0;    0.000;   0;   7.1;   6.3;  981.39;    1.2;   94.46;    3.0;   -1.2;   -2.5;eor
       5705;20191111;   10;   8.2;   3.7;    3;   0.2;   6;    0.000;   0;   8.0;   6.0;  979.39;    2.2;   83.88;    3.3;    1.3;    1.0;eor
       5705;20191112;   10;  12.3;   4.4;    3;   0.0;   6;    3.717;   0;   6.5;   6.7;  974.36;    5.2;   76.79;    9.3;    2.0;    1.8;eor
       5705;20191113;   10;   9.9;   2.8;    3;   0.0;   6;    3.450;   0;   7.9;   6.7;  972.42;    4.1;   81.54;    8.1;    1.3;   -0.5;eor
       5705;20191114;   10;  11.1;   3.9;    3;   0.0;   0;    5.650;   0;   6.1;   6.3;  972.37;    3.6;   79.92;    7.9;    0.5;   -1.6;eor
       5705;20191115;   10;   7.6;   2.4;    3;   4.1;   6;    0.100;   0;   7.8;   6.9;  969.25;    4.5;   81.13;    7.0;    1.9;    0.9;eor
       5705;20191116;   10;   4.7;   1.7;    3;   0.0;   6;    2.850;   0;   7.3;   7.5;  977.50;    4.4;   90.08;    6.3;    2.0;    0.2;eor
       5705;20191117;   10;   7.9;   2.2;    3;   0.2;   6;    0.000;   0;   7.8;   7.8;  974.93;    4.8;   90.50;    7.7;    1.4;    0.7;eor
       5705;20191118;   10;  15.2;   5.0;    3;   0.0;   6;    1.200;   0;   7.7;   7.0;  976.62;    4.6;   81.96;    6.0;    3.4;    2.1;eor
       5705;20191119;   10;  12.0;   2.8;    3;   0.2;   6;    0.000;   0;   6.9;   7.1;  984.78;    4.2;   85.92;    5.9;   -0.1;   -1.8;eor
       5705;20191120;   10;   5.1;   1.3;    3;   0.0;   0;    0.000;   0;   8.0;   6.3;  984.66;    1.1;   94.71;    2.8;   -1.1;   -0.7;eor
       5705;20191121;   10;   3.6;   1.0;    3;   0.0;   0;    0.000;   0;   7.9;   7.2;  978.52;    3.5;   91.04;    5.6;    1.1;   -0.7;eor
       5705;20191122;   10;   8.1;   3.7;    3;   0.0;   0;    0.000;   0;   7.6;   7.0;  976.98;    3.4;   89.54;    5.2;    0.0;   -0.3;eor
       5705;20191123;   10;   9.4;   4.0;    3;   0.0;   0;    5.417;   0;   7.8;   7.7;  969.71;    6.3;   81.21;   11.3;    1.4;   -0.7;eor
       5705;20191124;   10;   5.2;   1.4;    3;   0.0;   0;    0.817;   0;   7.8;   7.6;  975.12;    4.7;   88.88;    8.5;    1.3;    0.4;eor
       5705;20191125;   10;   3.9;   1.1;    3;   0.1;   6;    0.000;   0;   8.0;   7.8;  978.98;    3.7;   97.50;    5.2;    1.3;    1.4;eor
       5705;20191126;   10;   7.6;   2.7;    3;   0.0;   6;    0.550;   0;   7.9;   9.2;  976.34;    7.4;   89.75;   11.1;    5.0;    4.7;eor
       5705;20191127;   10;  11.9;   4.2;    3;   1.3;   6;    0.167;   0;   7.8;   9.3;  966.30;    8.1;   85.58;   11.3;    5.2;    4.0;eor
       5705;20191128;   10;  16.1;   7.2;    3;   5.2;   6;    0.517;   0;   7.2;   9.5;  966.15;    9.1;   82.46;   10.1;    8.1;    7.0;eor
       5705;20191129;   10;  12.9;   4.0;    3;   2.8;   6;    0.000;   0;   6.7;   7.9;  977.15;    6.0;   82.96;    8.5;    2.7;    0.5;eor
       5705;20191130;   10;   8.0;   2.0;    3;   0.0;   0;    1.350;   0;   5.2;   6.3;  990.48;    3.0;   82.88;    6.2;   -1.5;   -4.0;eor
       5705;20191201;   10;  10.1;   3.2;    3;   0.0;   0;    0.000;   0;   8.0;   5.2;  986.79;    0.5;   81.50;    2.0;   -2.1;   -4.1;eor
       5705;20191202;   10;   6.6;   2.6;    3;   0.0;   0;    3.750;   0;   7.1;   5.5;  992.06;    2.3;   77.00;    5.1;   -0.4;   -2.2;eor
       5705;20191203;   10;   3.7;   1.6;    3;   0.0;   6;    0.967;   0;   7.7;   6.5;  995.97;    2.9;   86.33;    6.3;    0.5;   -1.7;eor
       5705;20191204;   10;   6.1;   1.9;    3;   0.0;   0;    7.650;   0;   1.5;   5.6;  991.13;    0.9;   86.25;    4.4;   -1.9;   -4.9;eor
       5705;20191205;   10;   3.8;   1.1;    3;   0.0;   0;    7.300;   0;   1.8;   4.7;  989.78;   -1.8;   88.50;    3.0;   -4.9;   -6.9;eor
       5705;20191206;   10;  15.4;   4.1;    3;   4.2;   6;    2.517;   0;   6.5;   5.7;  984.78;    1.1;   85.17;    6.2;   -4.8;   -5.6;eor
       5705;20191207;   10;  15.4;   5.4;    3;   0.5;   6;    0.567;   0;   7.6;   8.7;  982.80;    7.2;   85.17;    9.2;    5.8;    4.4;eor
       5705;20191208;   10;  17.7;   7.7;    3;   1.7;   6;    0.050;   0;   7.9;   8.9;  977.28;    8.8;   78.58;   11.0;    6.8;    5.7;eor
       5705;20191209;   10;  17.4;   6.5;    3;   4.7;   6;    2.750;   0;   7.0;   8.0;  973.37;    6.5;   82.42;    8.1;    4.7;    3.0;eor
       5705;20191210;   10;   9.1;   3.1;    3;   0.0;   0;    6.217;   0;   3.1;   5.9;  992.00;    2.7;   79.75;    5.8;   -0.4;   -2.2;eor
       5705;20191211;   10;   5.9;   2.6;    3;   5.0;   8;    0.083;   0;   7.3;   5.2;  980.58;    0.5;   83.29;    2.1;   -1.0;   -3.0;eor
       5705;20191212;   10;   8.3;   3.1;    3;   0.0;   8;    0.033;   0;   5.7;   6.3;  971.04;    1.5;   93.04;    3.7;   -1.2;   -2.8;eor
       5705;20191213;   10;  13.1;   5.7;    3;  10.4;   8;    0.000;   1;   6.8;   6.2;  952.73;    1.8;   88.67;    4.8;   -1.1;   -3.5;eor
       5705;20191214;   10;  23.3;   8.1;    3;   5.7;   8;    1.350;   0;   7.3;   7.0;  963.63;    6.0;   75.42;    8.6;    2.8;    1.5;eor
       5705;20191215;   10;  16.8;   5.0;    3;  12.2;   6;    0.000;   0;   7.7;   9.2;  973.70;    7.3;   89.58;   10.9;    4.7;    3.3;eor
       5705;20191216;   10;   8.0;   2.8;    3;   0.0;   6;    5.150;   0;   7.8;   9.2;  977.46;    8.3;   84.17;   13.5;    4.9;    3.0;eor
       5705;20191217;   10;   7.8;   1.8;    3;   0.0;   6;    4.967;   0;   7.4;   8.0;  976.29;    6.8;   81.13;   10.9;    3.8;    2.2;eor
       5705;20191218;   10;   7.6;   2.7;    3;   0.0;   6;    0.233;   0;   6.3;   9.5;  985.23;    8.4;   86.13;   11.4;    4.6;    1.9;eor
       5705;20191219;   10;   5.4;   1.3;    3;   0.0;   0;    4.600;   0;   4.7;   7.7;  981.90;    4.2;   93.42;    9.1;    1.1;   -0.9;eor
       5705;20191220;   10;  10.6;   2.5;    3;   0.7;   6;    1.467;   0;   6.0;   7.6;  964.93;    4.0;   92.46;    8.1;   -0.5;   -2.4;eor
       5705;20191221;   10;   6.4;   2.3;    3;   0.5;   6;    4.817;   0;   3.9;   7.6;  962.91;    4.3;   91.38;    7.5;    1.1;   -1.2;eor
       5705;20191222;   10;  16.0;   4.0;    3;   1.1;   6;    0.267;   0;   7.7;   8.0;  958.38;    5.5;   88.63;    8.4;    2.2;    1.8;eor
       5705;20191223;   10;  13.6;   5.8;    3;   0.8;   6;    0.983;   0;   6.5;   7.9;  975.55;    6.9;   79.54;    8.6;    5.9;    4.2;eor
       5705;20191224;   10;  17.9;   5.0;    3;   4.1;   6;    0.017;   0;   6.8;   8.0;  981.84;    6.1;   85.33;    7.6;    4.5;    3.0;eor
       5705;20191225;   10;  12.8;   4.4;    3;   2.1;   6;    0.983;   0;   6.7;   8.3;  985.96;    6.4;   86.21;    8.3;    4.0;    0.5;eor
       5705;20191226;   10;   3.9;   1.5;    3;   0.3;   6;    2.183;   0;   7.3;   7.3;  992.44;    4.1;   89.25;    6.5;    2.7;    0.3;eor
       5705;20191227;   10;   7.2;   2.5;    3;   0.2;   6;    0.250;   0;   5.4;   6.7;  995.30;    3.0;   87.38;    6.1;   -1.1;   -4.3;eor
       5705;20191228;   10;   6.7;   2.3;    3;   0.0;   0;    6.083;   0;   7.0;   4.8; 1007.23;    0.2;   78.83;    3.9;   -2.9;   -4.9;eor
       5705;20191229;   10;   5.3;   1.5;    3;   0.0;   0;    7.817;   0;   5.7;   4.3; 1006.65;   -1.9;   80.75;    2.0;   -5.0;   -7.8;eor
       5705;20191230;   10;   4.1;   1.1;    3;   0.0;   0;    6.933;   0;   5.3;   4.7; 1001.76;   -0.9;   81.54;    3.4;   -4.6;   -6.8;eor
       5705;20191231;   10;   3.8;   1.2;    3;   0.0;   0;    0.800;   0;   5.0;   5.2; 1000.38;    0.3;   82.63;    4.0;   -3.5;   -5.8;eor
       5705;20200101;   10;   3.8;   1.0;    3;   0.1;   8;    0.000;   0;   6.6;   4.9; 1001.54;   -2.3;   94.33;    0.5;   -4.8;   -6.3;eor
       5705;20200102;   10;   5.3;   1.4;    3;   0.0;   8;    0.000;   1;   7.7;   5.1;  996.95;   -2.2;   95.75;    1.5;   -5.7;   -7.4;eor
       5705;20200103;   10;  14.9;   5.7;    3;   1.0;   6;    0.150;   1;   7.9;   7.5;  991.04;    4.6;   87.88;    7.5;    0.5;   -0.2;eor
       5705;20200104;   10;  14.9;   5.9;    3;   0.1;   6;    0.000;   1;   7.4;   6.8;  996.31;    4.6;   80.33;    7.7;    2.5;    1.2;eor
       5705;20200105;   10;   6.2;   1.6;    3;   0.5;   6;    0.283;   1;   7.7;   7.5; 1002.32;    4.1;   91.63;    5.4;    2.8;    1.1;eor
       5705;20200106;   10;   5.2;   1.8;    3;   0.0;   8;    2.117;   0;   7.3;   5.9;  996.51;   -0.1;   97.17;    3.5;   -2.6;   -2.3;eor
       5705;20200107;   10;   4.5;   1.9;    3;   0.4;   6;    0.000;   0;   7.0;   6.7;  995.89;    2.0;   94.38;    4.7;   -2.9;   -3.8;eor
       5705;20200108;   10;   5.8;   2.8;    3;   3.6;   6;    0.000;   0;   7.5;   7.4;  995.57;    3.8;   91.75;    6.2;    0.6;   -1.0;eor
       5705;20200109;   10;   9.6;   3.2;    3;   1.4;   6;    0.000;   0;   7.9;  10.4;  987.67;    8.8;   91.67;   10.8;    6.1;    5.9;eor
       5705;20200110;   10;  12.0;   4.5;    3;   1.6;   6;    0.483;   0;   7.8;   8.8;  988.12;    7.8;   82.92;    9.8;    5.6;    4.6;eor
       5705;20200111;   10;   6.8;   2.3;    3;   0.0;   0;    3.100;   0;   7.4;   5.9;  999.85;    3.6;   75.42;    6.5;   -1.2;   -2.9;eor
       5705;20200112;   10;  12.4;   3.4;    3;   0.0;   6;    0.000;   0;   6.9;   5.7;  994.81;    0.9;   86.75;    3.7;   -2.7;   -4.7;eor
       5705;20200113;   10;   6.9;   2.8;    3;   0.2;   6;    0.000;   0;   7.7;   7.7;  989.63;    4.4;   91.79;    6.2;    2.8;    0.8;eor
       5705;20200114;   10;   9.5;   4.1;    3;   0.0;   6;    1.500;   0;   7.5;   6.7;  983.45;    6.5;   70.88;   10.9;    2.4;    0.1;eor
       5705;20200115;   10;  10.7;   4.2;    3;   0.0;   6;    7.250;   0;   6.2;   7.0;  987.00;    8.3;   63.50;   12.7;    5.4;    3.1;eor
       5705;20200116;   10;   5.4;   2.6;    3;   0.0;   0;    6.800;   0;   3.6;   8.3;  994.84;    8.5;   74.75;   13.1;    3.2;   -0.1;eor
       5705;20200117;   10;  10.6;   2.4;    3;   0.0;   6;    5.350;   0;   5.0;   7.0;  988.47;    4.0;   85.63;    8.9;   -1.8;   -3.4;eor
       5705;20200118;   10;  11.8;   3.7;    3;   0.6;   8;    1.550;   0;   7.5;   6.5;  993.30;    4.4;   77.46;    7.1;    1.6;   -0.7;eor
       5705;20200119;   10;   5.8;   2.1;    3;   0.3;   8;    1.567;   0;   7.5;   6.1; 1002.77;    2.6;   82.88;    5.6;    0.6;   -1.4;eor
       5705;20200120;   10;   7.4;   2.7;    3;   0.0;   0;    5.600;   0;   2.8;   5.5; 1012.26;    2.0;   78.67;    6.4;   -1.7;   -5.7;eor
       5705;20200121;   10;   6.1;   1.6;    3;   0.0;   6;    8.283;   0;   0.0;   4.7; 1008.55;   -1.2;   84.08;    3.9;   -4.3;   -7.5;eor
       5705;20200122;   10;   4.7;   1.5;    3;   0.1;   8;    0.000;   0;   8.0;   4.9; 1003.27;   -2.4;   94.88;   -1.5;   -3.4;   -3.1;eor
       5705;20200123;   10;   8.4;   2.4;    3;   0.0;   0;    0.000;   1;   7.0;   5.2;  999.23;   -0.5;   88.92;    0.8;   -2.4;   -5.4;eor
       5705;20200124;   10;   4.9;   1.7;    3;   0.0;   0;    0.000;   0;   8.0;   5.2;  992.30;   -0.2;   86.92;    1.2;   -1.4;   -1.6;eor
       5705;20200125;   10;   4.4;   1.6;    3;   0.0;   0;    0.000;   0;   8.0;   5.6;  990.22;   -0.6;   95.63;    0.5;   -1.3;   -1.1;eor
       5705;20200126;   10;   3.5;   1.3;    3;   0.0;   6;    0.000;   0;   8.0;   6.0;  987.56;    0.3;   96.00;    1.6;   -0.9;   -0.7;eor
       5705;20200127;   10;  11.0;   3.1;    3;   3.5;   6;    1.400;   0;   7.7;   7.3;  980.25;    3.7;   90.25;    9.2;   -1.7;   -1.7;eor
       5705;20200128;   10;  29.7;   8.2;    3;   7.8;   8;    1.650;   0;   6.8;   6.9;  968.59;    4.4;   81.88;    6.8;    1.3;   -0.3;eor
       5705;20200129;   10;  15.6;   6.2;    3;   0.9;   8;    1.433;   1;   6.8;   6.1;  977.19;    3.0;   80.58;    5.1;    0.7;    0.1;eor
       5705;20200130;   10;  12.8;   5.1;    3;   1.1;   6;    4.517;   0;   7.2;   7.4;  981.04;    5.8;   79.75;    9.1;    2.7;    1.7;eor
       5705;20200131;   10;  16.2;   7.0;    3;   0.0;   6;    0.150;   0;   7.8;  11.2;  979.30;   11.5;   82.54;   13.6;    8.6;    7.8;eor
       5705;20200201;    3;  24.0;   6.9;    3;  10.7;   6;    0.683;   0;   7.4;  10.8;  977.18;   11.0;   81.83;   14.6;    6.4;    5.4;eor
       5705;20200202;    3;  17.5;   6.8;    3;   4.3;   6;    0.000;   0;   6.5;   9.4;  979.51;    9.2;   79.83;   13.5;    3.4;    1.4;eor
       5705;20200203;    3;  15.7;   6.9;    3;  17.9;   6;    0.133;   0;   7.6;   9.2;  981.21;    9.0;   80.96;   11.8;    6.6;    6.5;eor
       5705;20200204;    3;  15.4;   6.0;    3;   0.6;   6;    3.083;   0;   7.3;   6.8;  980.04;    4.2;   82.04;    7.0;    2.7;    0.6;eor
       5705;20200205;    3;   8.9;   2.6;    3;   0.0;   0;    8.100;   0;   3.1;   5.1;  998.98;    3.5;   66.08;    7.0;   -1.1;   -3.9;eor
       5705;20200206;    3;   6.8;   1.7;    3;   0.0;   0;    6.233;   0;   4.9;   5.1;  999.70;    1.1;   78.17;    5.6;   -1.6;   -4.5;eor
       5705;20200207;    3;   9.3;   2.7;    3;   0.0;   0;    8.200;   0;   1.1;   5.1;  996.44;    0.6;   80.58;    5.4;   -3.5;   -6.1;eor
       5705;20200208;    3;   4.0;   1.2;    3;   0.0;   0;    6.050;   0;   3.7;   5.4;  992.43;    1.3;   80.13;    6.2;   -3.4;   -6.5;eor
       5705;20200209;    3;  23.1;   5.9;    3;  12.3;   6;    5.517;   0;   6.6;   6.8;  983.08;    7.0;   69.63;   13.5;   -1.6;   -3.0;eor
       5705;20200210;    3;  32.1;  12.8;    3;   6.5;   6;    1.683;   0;   7.0;   7.8;  968.95;    8.5;   69.50;   14.1;    4.9;    3.6;eor
       5705;20200211;    3;  25.1;  11.3;    3;   0.9;   8;    3.617;   0;   5.8;   5.4;  974.90;    4.8;   63.58;    7.2;    1.0;    0.1;eor
       5705;20200212;    3;  20.1;   8.4;    3;   0.4;   8;    2.883;   0;   4.5;   5.8;  984.11;    2.9;   77.13;    5.6;    0.8;   -0.7;eor
       5705;20200213;    3;  16.8;   4.2;    3;   9.2;   8;    0.067;   0;   7.0;   6.6;  978.74;    2.6;   88.88;    5.4;   -0.1;   -1.6;eor
       5705;20200214;    3;  13.5;   4.6;    3;   0.0;   6;    0.750;   0;   7.7;   7.4;  986.96;    5.8;   80.63;    8.1;    3.9;    2.8;eor
       5705;20200215;    3;   9.4;   3.3;    3;   0.0;   0;    8.400;   0;   7.4;   7.4;  990.84;    6.2;   78.83;   11.3;    2.5;    0.6;eor
       5705;20200216;    3;  17.0;   5.2;    3;   3.6;   6;    1.850;   0;   7.9;   7.4;  982.25;   10.8;   58.42;   16.6;    6.1;    4.8;eor
       5705;20200217;    3;  20.9;   6.3;    3;   3.7;   6;    0.000;   0;   7.4;   9.2;  985.13;    8.7;   82.54;   16.1;    6.8;    5.4;eor
       5705;20200218;    3;  17.3;   7.8;    3;   0.0;   6;    1.700;   0;   6.7;   6.5;  991.80;    6.3;   68.38;    7.8;    4.9;    3.4;eor
       5705;20200219;    3;  17.6;   6.7;    3;   2.9;   8;    3.283;   0;   5.4;   6.2;  987.90;    4.9;   71.00;    7.6;    2.7;    0.0;eor
       5705;20200220;    3;  20.5;   5.6;    3;   1.8;   6;    0.133;   0;   7.8;   6.8;  987.54;    6.1;   72.33;    8.6;    2.6;    2.1;eor
       5705;20200221;    3;  20.2;   7.0;    3;   0.0;   0;    6.817;   0;   6.8;   5.9;  993.97;    5.5;   65.42;    8.5;    2.6;    0.5;eor
       5705;20200222;    3;  19.2;   6.6;    3;   0.5;   6;    6.467;   0;   5.7;   6.2;  992.98;    7.5;   60.17;   11.5;    2.7;    0.2;eor
       5705;20200223;    3;  26.0;  10.6;    3;   2.6;   6;    0.050;   0;   7.7;   9.6;  986.03;   10.0;   78.58;   13.2;    6.7;    5.4;eor
       5705;20200224;    3;  18.7;   4.6;    3;   2.5;   6;    0.000;   0;   7.9;   7.9;  985.93;    7.1;   77.67;   11.7;    4.0;    2.5;eor
       5705;20200225;    3;  20.4;   7.6;    3;   4.5;   8;    1.117;   0;   6.0;   8.6;  970.88;    7.4;   83.33;   10.6;    4.4;    3.1;eor
       5705;20200226;    3;  19.7;   8.3;    3;   1.0;   8;    1.450;   0;   7.0;   6.1;  968.50;    3.0;   80.33;    5.2;    1.5;    0.2;eor
       5705;20200227;    3;  13.0;   5.0;    3;  16.0;   8;    0.150;   0;   6.8;   5.9;  970.23;    1.9;   84.13;    5.0;   -0.1;   -0.7;eor
       5705;20200228;    3;  14.2;   4.9;    3;   1.0;   8;    3.067;   8;   6.6;   5.5;  983.53;    2.2;   77.33;    5.0;    0.2;   -0.6;eor
       5705;20200229;    3;  23.6;   4.7;    3;   3.6;   6;    1.950;   0;   7.7;   7.8;  969.57;    6.9;   78.63;   14.4;    2.3;    1.1;eor
       5705;20200301;    3;  22.3;   6.9;    3;   0.7;   6;    6.550;   0;   7.2;   7.3;  966.90;    7.8;   69.71;   11.0;    4.5;    3.4;eor
       5705;20200302;    3;  22.1;   5.2;    3;   4.0;   6;    6.117;   0;   6.8;   6.8;  961.90;    6.4;   71.83;   11.0;    1.5;   -0.6;eor
       5705;20200303;    3;  14.2;   5.2;    3;   0.0;   6;    5.117;   0;   5.3;   6.6;  970.82;    4.5;   77.88;    7.7;    0.9;   -2.3;eor
       5705;20200304;    3;  10.3;   3.4;    3;   0.1;   8;    2.350;   0;   6.0;   6.2;  980.06;    3.3;   80.92;    8.6;   -0.3;   -2.6;eor
       5705;20200305;    3;  13.8;   4.0;    3;   9.4;   6;    0.950;   0;   7.7;   7.2;  967.49;    4.3;   86.17;    7.6;    0.1;   -1.7;eor
       5705;20200306;    3;  18.1;   7.9;    3;   2.4;   8;    0.217;   0;   7.5;   7.5;  964.09;    5.6;   81.92;    7.7;    4.1;    3.0;eor
       5705;20200307;    3;  12.1;   4.7;    3;   0.0;   6;    1.467;   0;   7.2;   6.2;  984.78;    4.6;   73.46;    8.0;    2.2;   -0.2;eor
       5705;20200308;    3;  10.8;   4.3;    3;   0.8;   6;    2.217;-999;   7.8;   6.6;  985.57;    6.0;   70.42;   10.7;    1.9;   -0.3;eor
       5705;20200309;    3;  14.5;   4.6;    3;   0.8;   6;    4.800;   0;   5.7;   7.8;  982.08;    6.9;   79.79;   11.2;    3.3;    1.0;eor
       5705;20200310;    3;  17.8;   7.3;    3;   7.2;   6;    0.000;   0;   7.2;   8.6;  980.06;    6.4;   87.29;   10.6;    3.4;    1.3;eor
       5705;20200311;    3;  19.5;   8.4;    3;   0.0;   6;    0.367;   0;   7.7;  11.3;  981.93;   12.7;   76.96;   15.1;   10.2;    9.5;eor
       5705;20200312;    3;  18.0;   7.7;    3;   1.2;   6;    1.517;   0;   6.7;   9.2;  980.85;   11.0;   70.17;   14.1;    6.1;    4.3;eor
       5705;20200313;    3;  19.3;   7.2;    3;   0.0;   0;    5.583;   0;   3.9;   5.9;  986.50;    6.7;   60.04;   10.3;    3.2;   -0.6;eor
       5705;20200314;    3;  10.1;   1.8;    3;   0.0;   6;    4.433;   0;   6.6;   6.4;  990.08;    4.7;   75.79;   10.4;   -0.2;   -2.1;eor
       5705;20200315;    3;   9.7;   2.9;    3;   0.0;   0;   11.183;   0;   4.6;   6.1;  987.06;    6.6;   65.38;   13.6;   -0.2;   -3.2;eor
       5705;20200316;    3;   9.9;   2.1;    3;   0.0;   6;   10.333;   0;   6.8;   7.1;  988.33;    9.8;   60.58;   17.8;    1.0;   -1.9;eor
       5705;20200317;    3;   8.4;   2.3;    3;   0.0;   6;    3.717;   0;   5.5;   9.3;  996.37;   11.8;   67.75;   16.5;    6.1;    3.1;eor
       5705;20200318;    3;   6.1;   1.7;    3;   0.0;   0;    6.667;   0;   3.9;   9.1;  995.93;   10.5;   73.79;   17.7;    3.6;    1.0;eor
       5705;20200319;    3;   5.5;   1.6;    3;   0.0;   6;    7.600;   0;   3.8;   9.3;  992.25;   12.0;   68.33;   17.9;    6.8;    5.0;eor
       5705;20200320;    3;  11.5;   3.4;    3;   0.1;   6;    4.217;   0;   6.7;   9.3;  989.43;   11.1;   70.29;   16.5;    5.9;    5.7;eor
       5705;20200321;    3;  16.0;   7.5;    3;   0.3;   6;    0.000;   0;   7.1;   5.9;  992.03;    4.6;   68.42;    6.4;    0.4;   -1.6;eor
       5705;20200322;    3;  14.0;   7.2;    3;   0.0;   0;   11.850;   0;   0.0;   3.4;  997.88;    2.8;   46.92;    8.6;   -1.6;   -3.7;eor
       5705;20200323;    3;  13.6;   6.9;    3;   0.0;   0;   11.817;   0;   0.0;   2.8; 1001.60;    1.9;   41.42;    6.9;   -2.9;   -4.3;eor
       5705;20200324;    3;  14.6;   5.4;    3;   0.0;   0;   12.050;   0;   0.0;   2.6;  999.48;    2.7;   36.75;    8.6;   -3.3;   -6.5;eor
       5705;20200325;    3;  17.2;   6.6;    3;   0.0;   0;   11.900;   0;   0.0;   2.8;  993.29;    3.3;   38.04;    9.6;   -2.9;   -6.3;eor
       5705;20200326;    3;  13.9;   6.5;    3;   0.0;   0;    8.267;   0;   3.1;   4.3;  987.73;    4.5;   51.21;   10.2;   -1.0;   -2.8;eor
       5705;20200327;    3;  10.4;   4.8;    3;   0.0;   0;   11.167;   0;   1.0;   5.9;  984.52;   10.4;   46.88;   17.7;    2.8;    0.9;eor
       5705;20200328;    3;   9.2;   3.2;    3;   0.0;   0;   11.483;   0;   0.3;   6.2;  985.66;   11.1;   48.54;   18.3;    4.3;    0.1;eor
       5705;20200329;    1;  16.0;   4.0;    1;   0.0;   8;    0.050;   0;   7.1;   5.5;  989.92;    4.6;   65.29;    7.6;    0.3;   -1.0;eor
       5705;20200330;    1;  12.9;   3.1;    1;   0.0;   0;   12.400;   0;   2.2;   3.1;  994.50;    2.7;   43.08;    7.9;   -2.9;   -4.8;eor
       5705;20200331;    1;  11.5;   3.6;    1;   0.0;   0;    6.583;   0;   4.5;   4.0;  994.56;    3.5;   51.88;    7.5;   -1.9;   -5.7;eor
       5705;20200401;    1;   5.8;   1.4;    1;   0.0;   0;   12.533;   0;   0.0;   3.2;  988.63;    2.9;   45.00;    9.7;   -4.3;   -8.5;eor
       5705;20200402;    1;   9.0;   2.1;    1;   0.0;   0;   12.383;   0;   0.4;   3.9;  980.76;    5.9;   44.54;   14.4;   -3.7;   -6.9;eor
       5705;20200403;    1;  12.8;   3.0;    1;   0.0;   6;    1.400;   0;   6.1;   5.8;  984.00;    7.2;   57.79;   12.5;    2.1;   -1.5;eor
       5705;20200404;    1;  10.8;   2.1;    1;   0.0;   0;   12.267;   0;   0.5;   6.0;  991.64;    8.6;   55.21;   14.8;    0.7;   -2.8;eor
       5705;20200405;    1;  13.5;   4.1;    1;   0.0;   0;   12.567;   0;   0.0;   5.8;  991.83;   10.9;   47.54;   18.4;    2.4;   -1.9;eor
       5705;20200406;    1;   6.3;   1.6;    1;   0.0;   0;   12.500;   0;   0.0;   6.3;  991.20;   13.0;   44.54;   22.5;    2.9;   -1.3;eor
       5705;20200407;    1;  10.0;   2.3;    1;   0.0;   0;   12.583;   0;   0.0;   7.3;  996.56;   14.8;   47.33;   23.3;    4.3;    1.0;eor
       5705;20200408;    1;   6.2;   2.0;    1;   0.0;   0;   12.333;   0;   0.0;   7.4;  993.22;   15.5;   46.79;   22.8;    7.9;    4.2;eor
       5705;20200409;    1;   7.2;   1.8;    1;   0.0;   0;   10.333;   0;   2.3;   7.3;  991.32;   15.2;   46.54;   24.1;    5.0;    2.1;eor
       5705;20200410;    1;   8.6;   2.5;    1;   0.0;   0;   12.750;   0;   3.2;   8.1;  992.18;   15.9;   47.00;   22.7;    9.2;    6.9;eor
       5705;20200411;    1;   6.5;   2.0;    1;   0.0;   0;   12.750;   0;   5.1;   5.9;  991.81;   13.4;   40.92;   21.0;    5.9;    3.1;eor
       5705;20200412;    1;   7.5;   1.5;    1;   0.0;   0;    6.567;   0;   3.6;   7.2;  984.92;   14.2;   47.00;   23.8;    4.1;    0.5;eor
       5705;20200413;    1;  11.0;   2.5;    1;   3.6;   6;    4.517;   0;   5.1;   7.6;  984.09;    9.5;   62.75;   17.3;    2.2;   -2.6;eor
       5705;20200414;    1;   8.1;   2.2;    1;   0.0;   0;    9.767;   0;   2.5;   4.4;  991.97;    4.9;   52.17;   10.4;   -0.3;   -3.7;eor
       5705;20200415;    1;   5.4;   1.4;    1;   0.0;   0;   11.667;   0;   5.5;   5.2;  992.06;    8.0;   52.96;   16.8;   -0.9;   -3.3;eor
       5705;20200416;    1;  10.5;   2.0;    1;   0.0;   0;   12.667;   0;   4.1;   7.0;  985.90;   13.9;   48.92;   24.6;    2.7;   -0.9;eor
       5705;20200417;    1;   7.0;   1.9;    1;   0.0;   0;   10.783;   0;   3.7;   8.9;  983.46;   16.8;   49.71;   24.9;    7.8;    4.4;eor
       5705;20200418;    1;   8.6;   1.7;    1;   0.1;   6;    5.183;   0;   6.7;  10.7;  983.20;   16.0;   60.42;   24.0;    9.8;    6.2;eor
       5705;20200419;    1;  13.7;   4.3;    1;   0.0;   0;    4.700;   0;   4.3;   9.8;  984.75;   13.2;   64.67;   17.9;    8.2;    6.4;eor
       5705;20200420;    1;  17.6;   8.4;    1;   0.0;   0;   13.267;   0;   0.3;   5.1;  985.34;   12.3;   37.08;   18.9;    6.0;    4.1;eor
       5705;20200421;    1;  18.1;   8.3;    1;   0.0;   0;   13.350;   0;   0.0;   5.3;  984.55;   13.8;   35.13;   20.9;    6.5;    4.3;eor
       5705;20200422;    1;  15.8;   6.7;    1;   0.0;   0;   13.367;   0;   0.0;   5.8;  986.64;   14.9;   35.54;   22.3;    7.4;    4.1;eor
       5705;20200423;    1;   9.0;   2.4;    1;   0.0;   0;   13.350;   0;   0.6;   6.5;  987.36;   14.4;   41.75;   21.7;    5.8;    1.1;eor
       5705;20200424;    1;  15.2;   2.9;    1;   0.0;   0;   11.500;   0;   7.1;   7.5;  980.16;   14.7;   48.75;   23.0;    5.1;    1.1;eor
       5705;20200425;    1;   7.7;   2.6;    1;   0.0;   0;   13.617;   0;   0.2;   6.8;  979.38;   12.5;   48.21;   17.5;    7.4;    3.5;eor
       5705;20200426;    1;   5.8;   1.8;    1;   0.0;   0;   13.633;   0;   0.9;   6.5;  979.10;   12.4;   48.71;   19.8;    3.9;    0.1;eor
       5705;20200427;    1;  13.1;   2.8;    1;   0.0;   0;   12.600;   0;   2.2;   7.5;  977.22;   14.4;   49.42;   23.3;    3.9;    0.8;eor
       5705;20200428;    1;  13.0;   2.5;    1;   3.9;   6;    2.267;   0;   7.4;  10.8;  974.48;   12.3;   74.13;   19.4;    6.7;    4.7;eor
       5705;20200429;    1;  11.6;   3.7;    1;   1.4;   6;    4.367;   0;   6.5;  10.6;  975.95;   13.2;   70.75;   17.4;   10.2;    8.7;eor
       5705;20200430;    1;  15.8;   5.7;    1;   2.0;   6;    2.033;   0;   7.2;  10.4;  974.18;   12.2;   73.46;   16.3;    9.5;    7.9;eor
       5705;20200501;    1;  16.6;   5.5;    1;  10.0;   6;    5.317;-999;   6.3;   9.7;  973.14;    9.9;   79.88;   13.2;    7.2;    5.7;eor
       5705;20200502;    1;  18.1;   5.4;    1;   0.5;   6;    9.150;-999;   4.3;   8.4;  978.26;    9.1;   73.71;   14.7;    6.2;    4.1;eor
       5705;20200503;    1;   7.8;   2.0;    1;   0.0;   0;    7.800;-999;   6.5;   8.1;  986.09;   11.5;   61.83;   17.0;    5.9;    4.2;eor
       5705;20200504;    1;  10.8;   2.4;    1;   2.5;   6;    2.167;-999;   7.6;  10.6;  984.80;   12.1;   75.13;   18.6;    7.3;    5.5;eor
       5705;20200505;    1;   8.2;   2.4;    1;   0.0;   0;   12.750;-999;   4.8;   6.7;  987.04;   10.1;   57.50;   16.8;    4.4;    2.0;eor
       5705;20200506;    1;   8.2;   2.2;    1;   0.0;   0;   13.850;-999;   1.3;   6.2;  991.75;   10.1;   52.63;   16.3;    2.2;   -0.7;eor
       5705;20200507;    1;   7.6;   1.6;    1;   0.0;   0;   13.833;-999;   1.7;   7.1;  991.21;   13.2;   51.88;   21.8;    3.4;    1.1;eor
       5705;20200508;    1;   5.6;   1.4;    1;   0.0;   0;   10.717;-999;   6.8;   8.8;  985.50;   16.9;   49.13;   24.9;    8.2;    5.8;eor
       5705;20200509;    1;   5.1;   1.9;    1;   0.1;   6;    0.450;-999;   7.8;  10.8;  981.14;   15.4;   61.46;   18.5;   11.8;    9.0;eor
       5705;20200510;    1;  12.3;   2.5;    1;   0.4;   6;    6.200;-999;   7.0;  13.6;  974.49;   17.4;   71.96;   24.6;   11.3;    9.3;eor
       5705;20200511;    1;  12.6;   3.6;    1;  23.6;   6;    0.000;-999;   6.6;   9.6;  974.10;    7.5;   89.50;   14.1;    2.1;   -0.1;eor
       5705;20200512;    1;   7.0;   1.8;    1;   0.0;   0;   11.250;-999;   4.1;   5.9;  985.20;    6.6;   64.63;   12.6;    0.0;   -1.6;eor
       5705;20200513;    1;   7.5;   2.3;    1;   0.0;   0;    6.967;-999;   7.2;   7.4;  979.75;    9.2;   65.54;   14.4;    2.4;    0.7;eor
       5705;20200514;    1;  10.1;   3.5;    1;   0.0;   0;    6.967;-999;   5.5;   7.4;  983.17;   10.8;   58.00;   15.5;    5.6;    3.9;eor
       5705;20200515;    1;   8.6;   2.7;    1;   0.0;   0;    8.317;-999;   4.8;   6.9;  985.97;   12.4;   49.63;   17.7;    7.6;    5.5;eor
       5705;20200516;    1;   6.5;   1.8;    1;   0.0;   0;   13.650;-999;   1.0;   7.0;  989.50;   12.8;   49.75;   19.7;    4.6;    2.1;eor
       5705;20200517;    1;  10.0;   2.4;    1;   0.0;   0;   12.900;-999;   1.6;   7.7;  990.39;   13.7;   50.96;   19.9;    7.0;    4.0;eor
       5705;20200518;    1;   9.3;   2.0;    1;   0.0;   0;   14.367;-999;   2.3;   9.0;  991.22;   15.7;   52.96;   23.9;    5.7;    3.2;eor
       5705;20200519;    1;   8.6;   2.2;    1;   0.0;   0;   13.333;-999;   3.8;  10.3;  988.87;   18.5;   51.58;   25.7;    9.4;    7.5;eor
       5705;20200520;    1;   7.3;   2.1;    1;   0.0;   6;    4.700;-999;   7.0;  12.3;  989.24;   18.0;   60.38;   22.8;   12.7;   10.5;eor
       5705;20200521;    1;   7.0;   1.8;    1;   0.0;   0;   13.933;-999;   2.1;  11.6;  990.32;   17.6;   60.13;   24.3;   10.1;    7.8;eor
       5705;20200522;    1;  10.1;   2.7;    1;   1.0;   6;    3.083;-999;   7.7;  13.9;  989.02;   18.9;   65.13;   25.2;   10.7;    8.5;eor
       5705;20200523;    1;  10.0;   3.3;    1;   2.9;   6;    0.183;-999;   7.2;  12.5;  992.27;   13.2;   81.04;   17.5;    9.3;    7.7;eor
       5705;20200524;    1;  13.6;   5.7;    1;   0.0;   6;    7.817;-999;   4.7;   9.3;  997.18;   13.3;   63.13;   18.2;    7.3;    5.9;eor
       5705;20200525;    1;  12.0;   3.8;    1;   0.0;   6;    5.500;-999;   5.1;  10.4;  998.92;   15.1;   62.08;   20.6;   10.3;    6.9;eor
       5705;20200526;    1;   8.1;   2.2;    1;   0.0;   0;    6.717;-999;   4.3;   9.3; 1001.94;   13.6;   61.54;   19.2;    6.9;    4.5;eor
       5705;20200527;    1;   6.8;   1.6;    1;   0.1;   6;   12.033;-999;   3.5;   9.1; 1000.31;   15.8;   54.92;   23.2;    6.9;    4.7;eor
       5705;20200528;    1;  11.3;   3.5;    1;   0.0;   0;   10.650;-999;   3.1;   9.0;  996.89;   16.4;   49.75;   21.3;   10.2;    6.6;eor
       5705;20200529;    1;  10.5;   3.6;    1;   0.0;   0;   12.350;-999;   1.3;   7.7;  994.00;   15.3;   46.50;   21.7;    7.8;    5.1;eor
       5705;20200530;    1;  11.6;   3.6;    1;   0.0;   0;    8.717;-999;   7.2;   7.7;  990.51;   14.7;   47.21;   19.5;    9.1;    6.8;eor
       5705;20200531;    1;   9.3;   3.6;    1;   0.0;   0;   12.850;-999;   6.3;   8.3;  989.40;   15.0;   50.63;   20.5;    8.1;    6.5;eor
       5705;20200601;    1;  10.1;   3.3;    1;   0.0;   0;   14.317;-999;   0.3;   9.7;  989.01;   18.6;   47.96;   26.0;    9.0;    6.7;eor
       5705;20200602;    1;   7.4;   2.1;    1;   0.0;   0;   14.267;-999;   2.9;   9.7;  984.80;   19.9;   44.79;   26.6;   11.7;    9.3;eor
       5705;20200603;    1;  13.9;   2.1;    1;   0.6;   6;    8.050;-999;   7.5;  11.4;  973.97;   18.8;   56.46;   27.7;   11.2;    9.0;eor
       5705;20200604;    1;   9.3;   2.9;    1;   2.5;   6;    0.300;-999;   7.8;  14.8;  965.34;   15.0;   86.54;   19.0;   11.7;   10.9;eor
       5705;20200605;    1;  21.9;   5.9;    1;  10.6;   6;    2.367;-999;   7.4;  10.7;  967.64;   11.8;   77.71;   15.5;    9.6;    8.4;eor
       5705;20200606;    1;  12.7;   4.7;    1;   1.3;   6;    3.333;-999;   7.6;  11.7;  972.73;   12.5;   81.58;   16.8;    9.4;    8.3;eor
       5705;20200607;    1;   9.3;   3.3;    1;   0.0;   0;    3.267;-999;   7.1;  10.8;  977.43;   14.1;   68.67;   17.6;   10.2;    9.1;eor
       5705;20200608;    1;   7.9;   1.9;    1;   0.0;   6;    4.683;-999;   7.3;  10.6;  981.96;   14.3;   67.25;   19.8;    9.0;    7.5;eor
       5705;20200609;    1;   9.2;   2.5;    1;   1.3;   6;    0.000;-999;   7.6;  12.0;  983.40;   13.9;   75.71;   17.5;   10.5;    9.4;eor
