STATIONS_ID;MESS_DATUM;QN_3;  FX;  FM;QN_4; RSK;RSKF; SDK;SHK_TAG;  NM; VPM;  PM; TMK; UPM; TXK; TNK; TGK;eor
        896;20181208;-999;-999;-999;    3;   4.1;   4;-999;   0;  -999;   7.7;    -999;    6.9;   76.83;    8.7;    5.0;    2.9;eor
        896;20181209;-999;-999;-999;    3;   2.1;   4;-999;   0;  -999;   8.1;    -999;    7.0;   80.04;    9.7;    4.3;    2.5;eor
        896;20181210;-999;-999;-999;    3;   1.8;   4;-999;   0;  -999;   6.6;    -999;    3.7;   82.50;    5.9;    2.3;    0.2;eor
        896;20181211;-999;-999;-999;    3;   0.0;   4;-999;   0;  -999;   6.6;    -999;    4.0;   80.92;    5.3;    2.9;    0.7;eor
        896;20181212;-999;-999;-999;    3;   2.1;   4;-999;   0;  -999;   6.5;    -999;    2.5;   89.29;    3.8;    1.2;    0.5;eor
        896;20181213;-999;-999;-999;    3;   0.0;   4;-999;   0;  -999;   5.5;    -999;    0.0;   90.46;    1.2;   -0.7;   -2.2;eor
        896;20181214;-999;-999;-999;    3;   0.0;   0;-999;   0;  -999;   5.1;    -999;    0.1;   82.63;    0.7;   -0.5;   -1.5;eor
        896;20181215;-999;-999;-999;    3;   0.0;   0;-999;   0;  -999;   5.0;    -999;   -0.8;   87.04;   -0.2;   -2.3;   -2.2;eor
        896;20181216;-999;-999;-999;    3;   0.3;   4;-999;   0;  -999;   4.8;    -999;   -1.7;   88.08;    0.4;   -4.1;   -6.3;eor
        896;20181217;-999;-999;-999;    3;   0.0;   4;-999;   0;  -999;   6.4;    -999;    2.6;   87.13;    5.3;    0.2;   -1.8;eor
        896;20181218;-999;-999;-999;    3;   0.0;   0;-999;   0;  -999;   6.6;    -999;    3.4;   85.29;    7.3;   -2.5;   -5.7;eor
        896;20181219;-999;-999;-999;    3;   0.2;   4;-999;   0;  -999;   5.9;    -999;    0.8;   90.79;    5.4;   -3.9;   -6.6;eor
        896;20181220;-999;-999;-999;    3;   1.0;   4;-999;   0;  -999;   7.1;    -999;    3.9;   87.67;    7.2;   -0.7;   -2.2;eor
        896;20181221;-999;-999;-999;    3;   6.0;   4;-999;   0;  -999;   8.9;    -999;    8.6;   80.08;   12.1;    6.0;    4.4;eor
        896;20181222;-999;-999;-999;    3;   2.9;   4;-999;   0;  -999;   8.9;    -999;    8.9;   78.46;   10.9;    6.5;    4.1;eor
        896;20181223;-999;-999;-999;    3;  14.7;   4;-999;   0;  -999;   8.5;    -999;    6.7;   86.75;    8.8;    4.2;    2.6;eor
        896;20181224;-999;-999;-999;    3;   0.3;   4;-999;   0;  -999;   6.6;    -999;    3.0;   86.67;    4.9;    0.5;   -2.0;eor
        896;20181225;-999;-999;-999;    3;   0.0;   0;-999;   0;  -999;   6.2;    -999;    3.5;   79.38;    4.8;    0.8;   -1.8;eor
        896;20181226;-999;-999;-999;    3;   0.1;   4;-999;   0;  -999;   6.5;    -999;    3.5;   82.25;    4.4;    2.5;    1.4;eor
        896;20181227;-999;-999;-999;    3;   0.0;   0;-999;   0;  -999;   6.8;    -999;    4.1;   82.96;    7.2;    1.4;   -1.2;eor
        896;20181228;-999;-999;-999;    3;   0.1;   4;-999;   0;  -999;   6.4;    -999;    2.7;   86.25;    5.1;   -1.5;   -3.9;eor
        896;20181229;-999;-999;-999;    3;   2.8;   4;-999;   0;  -999;   7.0;    -999;    4.0;   86.42;    5.7;    2.4;    2.0;eor
        896;20181230;-999;-999;-999;    3;   0.0;   0;-999;   0;  -999;   7.8;    -999;    6.6;   80.33;    7.6;    5.5;    4.6;eor
        896;20181231;-999;-999;-999;    3;   0.1;   4;-999;   0;  -999;   9.1;    -999;    7.2;   89.67;    9.2;    5.6;    3.9;eor
        896;20190101;-999;-999;-999;    3;   2.0;   4;-999;   0;  -999;   7.9;    -999;    6.5;   81.29;    8.4;    0.9;   -0.2;eor
        896;20190102;-999;-999;-999;    3;   0.0;   0;-999;   0;  -999;   5.0;    -999;    2.2;   69.75;    4.0;   -0.8;   -2.6;eor
        896;20190103;-999;-999;-999;    3;   0.0;   0;-999;   0;  -999;   4.7;    -999;   -0.3;   78.63;    2.4;   -3.0;   -6.5;eor
        896;20190104;-999;-999;-999;    3;   0.5;   4;-999;   0;  -999;   6.0;    -999;    2.0;   84.54;    4.4;    0.4;   -0.9;eor
        896;20190105;-999;-999;-999;    3;   0.9;   4;-999;   0;  -999;   8.5;    -999;    6.5;   87.71;    8.5;    4.4;    3.7;eor
        896;20190106;-999;-999;-999;    3;   0.1;   4;-999;   0;  -999;   8.2;    -999;    5.3;   91.67;    6.7;    3.8;    3.6;eor
        896;20190107;-999;-999;-999;    3;   0.8;   4;-999;   0;  -999;   7.6;    -999;    5.1;   85.71;    6.0;    4.3;    3.3;eor
        896;20190108;-999;-999;-999;    3;   1.9;   4;-999;   0;  -999;   7.3;    -999;    5.1;   82.96;    7.2;    2.5;    1.5;eor
        896;20190109;-999;-999;-999;    3;   0.3;   4;-999;   0;  -999;   5.7;    -999;    1.6;   82.96;    2.9;    0.9;    0.1;eor
        896;20190110;-999;-999;-999;    3;   0.5;   4;-999;   0;  -999;   5.0;    -999;    0.3;   80.17;    1.4;   -1.2;   -2.0;eor
        896;20190111;-999;-999;-999;    3;   1.0;   4;-999;   1;  -999;   6.1;    -999;    1.7;   87.46;    5.2;   -0.8;   -1.1;eor
        896;20190112;-999;-999;-999;    3;   4.0;   4;-999;   0;  -999;   7.4;    -999;    4.9;   85.75;    5.9;    4.0;    2.4;eor
        896;20190113;-999;-999;-999;    3;   3.5;   4;-999;   0;  -999;   8.2;    -999;    6.3;   85.08;    8.6;    4.5;    2.4;eor
        896;20190114;-999;-999;-999;    3;   0.1;   4;-999;   0;  -999;   5.8;    -999;    3.1;   76.17;    6.1;    0.1;   -2.0;eor
        896;20190115;-999;-999;-999;    3;   0.0;   0;-999;   0;  -999;   6.2;    -999;    3.9;   75.67;    5.8;    1.6;    0.1;eor
        896;20190116;-999;-999;-999;    3;   0.0;   0;-999;   0;  -999;   6.6;    -999;    4.7;   76.75;    6.1;    1.4;   -1.7;eor
        896;20190117;-999;-999;-999;    3;   2.2;   4;-999;   0;  -999;   6.5;    -999;    4.5;   77.63;    7.2;    0.9;   -1.0;eor
        896;20190118;-999;-999;-999;    3;   0.0;   0;-999;   0;  -999;   4.4;    -999;   -1.0;   78.08;    2.3;   -6.8;   -8.8;eor
        896;20190119;-999;-999;-999;    3;   0.0;   0;-999;   0;  -999;   3.5;    -999;   -5.6;   87.67;   -0.7;   -9.6;  -12.0;eor
        896;20190120;-999;-999;-999;    3;   0.0;   0;-999;   0;  -999;   3.1;    -999;   -7.2;   86.79;   -1.3;  -10.6;  -13.3;eor
        896;20190121;-999;-999;-999;    3;   0.0;   0;-999;   0;  -999;   3.1;    -999;   -7.6;   88.67;   -1.5;  -11.5;  -13.9;eor
        896;20190122;-999;-999;-999;    3;   0.0;   0;-999;   0;  -999;   2.9;    -999;   -8.3;   87.04;   -1.9;  -12.6;  -14.9;eor
        896;20190123;-999;-999;-999;    3;   0.0;   0;-999;   0;  -999;   2.9;    -999;   -8.8;   88.63;   -3.7;  -13.9;  -16.1;eor
        896;20190124;-999;-999;-999;    3;   0.2;   4;-999;   0;  -999;   3.9;    -999;   -4.7;   89.75;   -3.4;   -6.9;   -6.8;eor
        896;20190125;-999;-999;-999;    3;   1.6;   4;-999;   1;  -999;   4.0;    -999;   -3.4;   84.08;   -0.5;   -4.9;   -7.0;eor
        896;20190126;-999;-999;-999;    3;   0.8;   4;-999;   1;  -999;   6.8;    -999;    3.4;   86.67;    5.2;   -1.1;   -1.6;eor
        896;20190127;-999;-999;-999;    3;   1.1;   4;-999;   0;  -999;   7.1;    -999;    5.0;   81.50;    7.6;    2.4;   -0.1;eor
        896;20190128;-999;-999;-999;    3;   0.3;   4;-999;   0;  -999;   6.1;    -999;    2.5;   82.75;    4.5;    0.8;   -0.3;eor
        896;20190129;-999;-999;-999;    3;   0.0;   0;-999;   0;  -999;   5.3;    -999;    0.8;   81.54;    3.7;   -2.7;   -5.5;eor
        896;20190130;-999;-999;-999;    3;   0.0;   0;-999;   0;  -999;   4.7;    -999;   -0.9;   82.17;    2.7;   -6.6;   -8.4;eor
        896;20190131;-999;-999;-999;    3;   0.0;   0;-999;   0;  -999;   4.5;    -999;    0.4;   72.42;    4.9;   -4.5;   -7.0;eor
        896;20190201;-999;-999;-999;    3;   1.8;   4;-999;   0;  -999;   5.3;    -999;   -0.2;   87.25;    2.5;   -5.1;   -7.5;eor
        896;20190202;-999;-999;-999;    3;   0.2;   4;-999;   1;  -999;   6.2;    -999;    0.6;   96.83;    1.6;   -0.2;   -0.5;eor
        896;20190203;-999;-999;-999;    3;   0.0;   0;-999;   0;  -999;   5.6;    -999;    0.9;   85.58;    1.8;   -1.2;   -4.4;eor
        896;20190204;-999;-999;-999;    3;   0.0;   0;-999;   0;  -999;   4.8;    -999;    1.2;   73.92;    5.8;   -4.2;   -6.6;eor
        896;20190205;-999;-999;-999;    3;   0.0;   0;-999;   0;  -999;   5.1;    -999;    1.0;   77.46;    4.4;   -4.5;   -6.0;eor
        896;20190206;-999;-999;-999;    3;   0.0;   0;-999;   0;  -999;   4.9;    -999;   -0.7;   84.29;    7.4;   -5.7;   -7.0;eor
        896;20190207;-999;-999;-999;    3;   0.1;   4;-999;   0;  -999;   5.4;    -999;    0.5;   84.54;    4.4;   -4.3;   -5.9;eor
        896;20190208;-999;-999;-999;    3;   0.1;   4;-999;   0;  -999;   6.7;    -999;    5.8;   72.92;    8.5;    2.4;   -2.2;eor
        896;20190209;-999;-999;-999;    3;   0.6;   4;-999;   0;  -999;   6.9;    -999;    7.9;   64.67;   10.3;    5.5;    3.3;eor
        896;20190210;-999;-999;-999;    3;   5.0;   4;-999;   0;  -999;   7.8;    -999;    7.4;   75.71;    9.7;    3.0;   -0.6;eor
        896;20190211;-999;-999;-999;    3;   0.3;   4;-999;   0;  -999;   6.4;    -999;    4.0;   79.17;    6.9;    2.1;   -1.1;eor
        896;20190212;-999;-999;-999;    3;   0.3;   4;-999;   0;  -999;   6.0;    -999;    3.6;   76.25;    5.4;    2.0;    0.5;eor
        896;20190213;-999;-999;-999;    3;   0.0;   0;-999;   0;  -999;   6.5;    -999;    4.6;   76.71;    8.8;   -1.0;   -2.8;eor
        896;20190214;-999;-999;-999;    3;   0.0;   0;-999;   0;  -999;   5.5;    -999;    2.0;   80.50;   11.1;   -2.9;   -4.5;eor
        896;20190215;-999;-999;-999;    3;   0.0;   0;-999;   0;  -999;   5.8;    -999;    1.8;   83.79;   12.4;   -4.4;   -6.1;eor
        896;20190216;-999;-999;-999;    3;   0.0;   0;-999;   0;  -999;   5.6;    -999;    3.1;   76.00;   15.7;   -5.3;   -7.0;eor
        896;20190217;-999;-999;-999;    3;   0.0;   0;-999;   0;  -999;   5.9;    -999;    2.9;   78.63;   12.1;   -4.4;   -5.9;eor
        896;20190218;-999;-999;-999;    3;   0.0;   0;-999;   0;  -999;   5.9;    -999;    4.0;   73.79;   13.6;   -3.3;   -5.9;eor
        896;20190219;-999;-999;-999;    3;   0.1;   4;-999;   0;  -999;   6.7;    -999;    6.0;   72.00;   10.0;   -0.6;   -3.4;eor
        896;20190220;-999;-999;-999;    3;   0.0;   0;-999;   0;  -999;   6.7;    -999;    6.5;   69.67;   10.0;    3.3;   -1.6;eor
        896;20190221;-999;-999;-999;    3;   0.0;   4;-999;   0;  -999;   7.9;    -999;    7.5;   76.21;   11.5;    2.3;    0.3;eor
        896;20190222;-999;-999;-999;    3;   0.5;   4;-999;   0;  -999;   8.2;    -999;    5.8;   87.25;    9.0;   -1.9;   -3.7;eor
        896;20190223;-999;-999;-999;    3;   0.0;   0;-999;   0;  -999;   4.6;    -999;   -0.6;   80.04;    6.2;   -5.6;   -7.1;eor
        896;20190224;-999;-999;-999;    3;   0.0;   0;-999;   0;  -999;   4.2;    -999;    1.6;   66.54;   11.8;   -5.9;   -7.3;eor
        896;20190225;-999;-999;-999;    3;   0.0;   0;-999;   0;  -999;   5.1;    -999;    4.2;   66.17;   16.5;   -3.9;   -6.0;eor
        896;20190226;-999;-999;-999;    3;   0.0;   0;-999;   0;  -999;   4.7;    -999;    5.1;   61.33;   17.3;   -3.0;   -5.2;eor
        896;20190227;-999;-999;-999;    3;   0.0;   0;-999;   0;  -999;   4.4;    -999;    4.9;   57.75;   18.0;   -3.9;   -6.3;eor
        896;20190228;-999;-999;-999;    3;   1.8;   4;-999;   0;  -999;   6.9;    -999;    9.6;   57.08;   16.0;    0.4;   -3.6;eor
        896;20190301;-999;-999;-999;    3;   0.4;   4;-999;   0;  -999;   9.1;    -999;    8.2;   83.17;   11.4;    3.7;    3.2;eor
        896;20190302;-999;-999;-999;    3;   0.0;   0;-999;   0;  -999;   7.6;    -999;    5.8;   81.96;    9.3;    3.5;    2.4;eor
        896;20190303;-999;-999;-999;    3;   0.0;   0;-999;   0;  -999;   8.9;    -999;   10.6;   69.71;   12.4;    9.0;    7.1;eor
        896;20190304;-999;-999;-999;    3;   3.2;   4;-999;   0;  -999;   7.9;    -999;    9.6;   66.50;   14.7;    4.9;    2.9;eor
        896;20190305;-999;-999;-999;    3;   0.7;   4;-999;   0;  -999;   6.9;    -999;    5.7;   75.08;    8.3;    3.6;   -0.6;eor
        896;20190306;-999;-999;-999;    3;   0.0;   0;-999;   0;  -999;   7.6;    -999;    7.6;   73.29;   12.6;    0.3;   -2.7;eor
        896;20190307;-999;-999;-999;    3;   0.1;   4;-999;   0;  -999;   7.5;    -999;   11.3;   56.29;   14.5;    8.2;    6.0;eor
        896;20190308;-999;-999;-999;    3;   1.7;   4;-999;   0;  -999;   6.7;    -999;    8.1;   62.33;   11.0;    5.4;    0.8;eor
        896;20190309;-999;-999;-999;    3;   4.5;   4;-999;   0;  -999;   7.8;    -999;    8.4;   70.50;   12.9;    5.4;    2.6;eor
        896;20190310;-999;-999;-999;    3;   7.4;   4;-999;   0;  -999;   7.7;    -999;    6.9;   77.21;   12.0;    2.8;    1.1;eor
        896;20190311;-999;-999;-999;    3;   2.0;   4;-999;   0;  -999;   6.3;    -999;    3.8;   78.88;    6.3;    2.5;    1.0;eor
        896;20190312;-999;-999;-999;    3;   0.1;   4;-999;   0;  -999;   5.6;    -999;    6.2;   60.96;    9.3;    2.3;    0.0;eor
        896;20190313;-999;-999;-999;    3;   0.4;   4;-999;   0;  -999;   6.2;    -999;    6.5;   65.25;    9.3;    3.6;    1.0;eor
        896;20190314;-999;-999;-999;    3;   4.1;   4;-999;   0;  -999;   7.3;    -999;    6.0;   77.75;    7.5;    4.7;    3.2;eor
        896;20190315;-999;-999;-999;    3;   9.8;   4;-999;   0;  -999;   8.6;    -999;    8.1;   78.21;   12.2;    5.8;    4.2;eor
        896;20190316;-999;-999;-999;    3;   0.8;   4;-999;   0;  -999;   8.5;    -999;    8.8;   74.33;   13.2;    6.2;    5.0;eor
        896;20190317;-999;-999;-999;    3;   2.0;   4;-999;   0;  -999;   7.7;    -999;    8.0;   71.96;   12.1;    2.2;    1.5;eor
        896;20190318;-999;-999;-999;    3;   0.2;   4;-999;   0;  -999;   6.2;    -999;    4.7;   72.38;    9.0;    0.1;   -3.1;eor
        896;20190319;-999;-999;-999;    3;   0.0;   0;-999;   0;  -999;   5.4;    -999;    3.9;   67.92;    8.9;   -0.5;   -3.6;eor
        896;20190320;-999;-999;-999;    3;   0.0;   0;-999;   0;  -999;   5.6;    -999;    4.5;   68.92;   13.0;   -4.2;   -6.1;eor
        896;20190321;-999;-999;-999;    3;   0.0;   0;-999;   0;  -999;   7.0;    -999;    7.4;   70.96;   16.2;   -0.8;   -2.6;eor
        896;20190322;-999;-999;-999;    3;   0.0;   0;-999;   0;  -999;   8.6;    -999;    8.6;   78.00;   18.7;    0.3;   -1.6;eor
        896;20190323;-999;-999;-999;    3;   0.0;   0;-999;   0;  -999;   8.1;    -999;    9.0;   73.46;   18.9;    0.1;   -2.0;eor
        896;20190324;-999;-999;-999;    3;   0.0;   4;-999;   0;  -999;   8.0;    -999;    6.6;   81.54;    8.9;   -0.4;   -3.4;eor
        896;20190325;-999;-999;-999;    3;   0.9;   4;-999;   0;  -999;   6.5;    -999;    4.5;   76.96;    8.6;   -0.1;   -3.5;eor
        896;20190326;-999;-999;-999;    3;   0.0;   0;-999;   0;  -999;   6.8;    -999;    5.3;   76.29;    8.9;    0.6;   -2.7;eor
        896;20190327;-999;-999;-999;    3;   0.5;   4;-999;   0;  -999;   7.1;    -999;    7.7;   68.75;   11.8;    2.0;   -2.1;eor
        896;20190328;-999;-999;-999;    3;   0.4;   4;-999;   0;  -999;   9.1;    -999;    9.4;   77.50;   12.9;    6.9;    5.8;eor
        896;20190329;-999;-999;-999;    3;   0.0;   0;-999;   0;  -999;   8.6;    -999;    8.8;   77.63;   14.2;    0.4;   -2.2;eor
        896;20190330;-999;-999;-999;    3;   0.0;   0;-999;   0;  -999;   7.2;    -999;    9.0;   67.63;   19.7;   -1.8;   -3.5;eor
        896;20190331;-999;-999;-999;    3;   0.1;   4;-999;   0;  -999;   7.5;    -999;    6.4;   78.67;   11.8;   -1.1;   -3.5;eor
        896;20190401;-999;-999;-999;    3;   0.0;   0;-999;   0;  -999;   5.4;    -999;    4.3;   68.67;   12.6;   -3.2;   -6.2;eor
        896;20190402;-999;-999;-999;    3;   0.0;   0;-999;   0;  -999;   6.7;    -999;    8.8;   61.38;   19.3;   -3.2;   -6.0;eor
        896;20190403;-999;-999;-999;    3;   3.6;   4;-999;   0;  -999;   9.8;    -999;   10.7;   76.25;   15.4;    4.8;    2.3;eor
        896;20190404;-999;-999;-999;    3;   0.0;   0;-999;   0;  -999;   8.8;    -999;    7.8;   83.63;   12.5;    3.3;    0.9;eor
        896;20190405;-999;-999;-999;    3;   0.0;   0;-999;   0;  -999;   9.3;    -999;    7.6;   88.21;   11.5;    2.3;   -0.1;eor
        896;20190406;-999;-999;-999;    3;   0.0;   0;-999;   0;  -999;   9.6;    -999;   10.3;   79.71;   18.8;    3.2;    0.9;eor
        896;20190407;-999;-999;-999;    3;   0.0;   0;-999;   0;  -999;   8.9;    -999;   10.8;   71.71;   18.8;    1.0;   -1.3;eor
        896;20190408;-999;-999;-999;    3;   0.0;   0;-999;   0;  -999;   8.8;    -999;   12.0;   65.63;   19.1;    4.5;    1.7;eor
        896;20190409;-999;-999;-999;    3;   0.0;   0;-999;   0;  -999;   7.6;    -999;    6.7;   77.50;   10.3;    2.9;   -0.7;eor
        896;20190410;-999;-999;-999;    3;   0.0;   0;-999;   0;  -999;   5.4;    -999;    4.4;   67.83;   11.4;   -2.0;   -5.1;eor
        896;20190411;-999;-999;-999;    3;   0.0;   0;-999;   0;  -999;   4.3;    -999;    3.0;   59.46;    9.0;   -4.3;   -7.5;eor
        896;20190412;-999;-999;-999;    3;   0.5;   4;-999;   0;  -999;   5.2;    -999;    2.1;   72.71;    3.6;    0.6;   -0.1;eor
        896;20190413;-999;-999;-999;    3;   0.0;   0;-999;   0;  -999;   5.8;    -999;    1.4;   85.29;    4.9;   -2.4;   -5.1;eor
        896;20190414;-999;-999;-999;    3;   1.7;   4;-999;   0;  -999;   6.3;    -999;    1.5;   92.33;    3.9;   -4.0;   -6.6;eor
        896;20190415;-999;-999;-999;    3;   0.0;   0;-999;   0;  -999;   6.2;    -999;    5.5;   73.71;   14.1;   -1.4;   -3.9;eor
        896;20190416;-999;-999;-999;    3;   0.0;   0;-999;   0;  -999;   5.7;    -999;    6.8;   63.46;   17.1;   -3.1;   -5.7;eor
        896;20190417;-999;-999;-999;    3;   0.0;   0;-999;   0;  -999;   5.8;    -999;    8.3;   59.75;   18.7;   -2.1;   -5.0;eor
        896;20190418;-999;-999;-999;    3;   0.0;   0;-999;   0;  -999;   6.8;    -999;   10.4;   60.33;   20.7;    0.2;   -2.5;eor
        896;20190419;-999;-999;-999;    3;   0.0;   0;-999;   0;  -999;   7.4;    -999;   11.6;   60.00;   22.6;    0.8;   -2.2;eor
        896;20190420;-999;-999;-999;    3;   0.0;   0;-999;   0;  -999;   7.3;    -999;   11.7;   58.13;   22.2;    1.4;   -1.7;eor
        896;20190421;-999;-999;-999;    3;   0.0;   0;-999;   0;  -999;   7.2;    -999;   11.6;   58.63;   22.0;    1.3;   -1.7;eor
        896;20190422;-999;-999;-999;    3;   0.0;   0;-999;   0;  -999;   6.6;    -999;   11.4;   54.04;   21.2;    0.9;   -1.8;eor
        896;20190423;-999;-999;-999;    3;   0.0;   4;-999;   0;  -999;   8.8;    -999;   12.6;   62.13;   21.3;    0.6;   -1.7;eor
        896;20190424;-999;-999;-999;    3;   0.1;   4;-999;   0;  -999;  10.5;    -999;   17.1;   58.00;   26.8;    6.3;    3.3;eor
        896;20190425;-999;-999;-999;    3;   0.0;   0;-999;   0;  -999;   9.0;    -999;   15.3;   58.33;   25.9;    3.3;    0.3;eor
        896;20190426;-999;-999;-999;    3;   4.3;   4;-999;   0;  -999;  10.3;    -999;   12.4;   73.13;   18.0;    8.7;    6.1;eor
        896;20190427;-999;-999;-999;    3;   4.7;   4;-999;   0;  -999;  10.1;    -999;   10.8;   78.58;   18.6;    6.3;    3.6;eor
        896;20190428;-999;-999;-999;    3;   0.6;   4;-999;   0;  -999;   8.8;    -999;    8.6;   79.25;   13.0;    3.4;    1.2;eor
        896;20190429;-999;-999;-999;    3;   4.9;   4;-999;   0;  -999;   9.4;    -999;    7.9;   87.88;   11.3;    4.3;    1.1;eor
        896;20190430;-999;-999;-999;    3;   0.1;   4;-999;   0;  -999;   8.2;    -999;   10.8;   66.38;   17.9;    2.1;   -1.3;eor
        896;20190501;-999;-999;-999;    3;   0.0;   0;-999;-999;  -999;   9.8;    -999;   13.3;   66.38;   19.8;    6.6;    3.6;eor
        896;20190502;-999;-999;-999;    3;   0.0;   0;-999;-999;  -999;   9.4;    -999;   11.9;   70.21;   19.0;    5.4;    1.2;eor
        896;20190503;-999;-999;-999;    3;   5.1;   4;-999;-999;  -999;   7.1;    -999;    8.7;   63.50;   12.2;    4.7;    3.1;eor
        896;20190504;-999;-999;-999;    3;   4.1;   4;-999;-999;  -999;   6.9;    -999;    4.8;   80.21;    9.3;    1.1;   -1.0;eor
        896;20190505;-999;-999;-999;    3;   0.0;   0;-999;-999;  -999;   5.9;    -999;    6.3;   63.96;   13.0;    1.4;    0.1;eor
        896;20190506;-999;-999;-999;    3;   0.0;   4;-999;-999;  -999;   6.3;    -999;    6.9;   64.54;   12.1;    1.8;   -0.9;eor
        896;20190507;-999;-999;-999;    3;   0.0;   0;-999;-999;  -999;   7.0;    -999;    8.4;   64.08;   12.8;    4.3;    0.6;eor
        896;20190508;-999;-999;-999;    3;   4.4;   4;-999;-999;  -999;   9.5;    -999;    9.2;   80.79;   13.8;    1.5;   -0.7;eor
        896;20190509;-999;-999;-999;    3;   0.0;   4;-999;-999;  -999;   9.9;    -999;   12.7;   68.50;   17.7;    8.0;    4.1;eor
        896;20190510;-999;-999;-999;    3;   2.0;   4;-999;-999;  -999;   9.6;    -999;   12.0;   69.96;   17.7;    6.4;    4.4;eor
        896;20190511;-999;-999;-999;    3;  15.1;   4;-999;-999;  -999;  10.3;    -999;    8.6;   92.29;   10.9;    6.7;    5.8;eor
        896;20190512;-999;-999;-999;    3;   0.0;   0;-999;-999;  -999;   7.4;    -999;    9.3;   65.67;   15.0;    3.9;    1.0;eor
        896;20190513;-999;-999;-999;    3;   0.0;   0;-999;-999;  -999;   6.1;    -999;    8.8;   57.38;   15.5;    1.4;   -1.6;eor
        896;20190514;-999;-999;-999;    3;   0.0;   0;-999;-999;  -999;   6.6;    -999;    8.0;   63.46;   14.2;    0.1;   -2.0;eor
        896;20190515;-999;-999;-999;    3;   0.0;   0;-999;-999;  -999;   5.8;    -999;    6.9;   60.92;   11.8;   -1.7;   -4.0;eor
        896;20190516;-999;-999;-999;    3;   1.1;   4;-999;-999;  -999;   8.7;    -999;    7.8;   82.42;    8.6;    7.1;    6.8;eor
        896;20190517;-999;-999;-999;    3;   0.0;   0;-999;-999;  -999;  10.3;    -999;   10.7;   81.00;   17.3;    4.5;    1.8;eor
        896;20190518;-999;-999;-999;    3;   0.0;   0;-999;-999;  -999;  10.7;    -999;   13.4;   71.58;   21.7;    2.7;    0.1;eor
        896;20190519;-999;-999;-999;    3;   0.0;   0;-999;-999;  -999;  12.4;    -999;   15.5;   72.08;   23.5;    6.9;    4.5;eor
        896;20190520;-999;-999;-999;    3;  31.6;   4;-999;-999;  -999;  14.5;    -999;   15.2;   84.33;   23.5;    9.1;    7.0;eor
        896;20190521;-999;-999;-999;    3;   0.1;   4;-999;-999;  -999;  14.8;    -999;   15.6;   83.71;   20.5;   13.6;   13.5;eor
        896;20190522;-999;-999;-999;    3;   0.0;   0;-999;-999;  -999;  11.7;    -999;   12.5;   80.63;   15.4;    5.3;    3.3;eor
        896;20190523;-999;-999;-999;    3;   0.0;   0;-999;-999;  -999;  10.3;    -999;   13.4;   70.25;   21.3;    3.6;    1.8;eor
        896;20190524;-999;-999;-999;    3;   0.0;   0;-999;-999;  -999;  11.1;    -999;   15.5;   66.58;   22.5;    7.2;    5.3;eor
        896;20190525;-999;-999;-999;    3;   0.0;   0;-999;-999;  -999;  11.5;    -999;   14.4;   71.13;   19.6;    6.6;    4.4;eor
        896;20190526;-999;-999;-999;    3;   0.0;   0;-999;-999;  -999;  10.6;    -999;   15.6;   63.21;   23.2;    4.7;    2.9;eor
        896;20190527;-999;-999;-999;    3;   1.0;   4;-999;-999;  -999;  13.6;    -999;   16.3;   73.75;   20.9;   13.1;   12.6;eor
        896;20190528;-999;-999;-999;    3;   4.2;   4;-999;-999;  -999;  12.6;    -999;   13.5;   82.42;   18.1;   10.5;   10.1;eor
        896;20190529;-999;-999;-999;    3;   0.0;   0;-999;-999;  -999;   9.6;    -999;   11.6;   72.29;   17.3;    5.0;    2.0;eor
        896;20190530;-999;-999;-999;    3;   0.0;   0;-999;-999;  -999;  10.4;    -999;   14.6;   65.83;   22.7;    2.8;    0.4;eor
        896;20190531;-999;-999;-999;    3;   0.0;   0;-999;-999;  -999;  14.4;    -999;   19.0;   67.54;   25.3;   12.7;    9.4;eor
        896;20190601;-999;-999;-999;    3;   0.0;   0;-999;-999;  -999;  14.5;    -999;   19.7;   67.54;   27.9;    9.9;    8.0;eor
        896;20190602;-999;-999;-999;    3;   0.0;   0;-999;-999;  -999;  14.2;    -999;   21.7;   60.58;   30.8;   11.3;    9.5;eor
        896;20190603;-999;-999;-999;    3;   0.0;   0;-999;-999;  -999;  14.8;    -999;   22.1;   61.08;   32.8;   13.5;   10.4;eor
        896;20190604;-999;-999;-999;    3;   0.0;   0;-999;-999;  -999;  16.3;    -999;   21.3;   68.00;   29.8;   12.4;   10.3;eor
        896;20190605;-999;-999;-999;    3;   0.1;   4;-999;-999;  -999;  15.6;    -999;   23.5;   59.63;   33.4;   13.5;   10.9;eor
        896;20190606;-999;-999;-999;    3;   2.7;   4;-999;-999;  -999;  14.5;    -999;   16.6;   77.29;   24.2;    9.9;    8.2;eor
        896;20190607;-999;-999;-999;    3;   3.1;   4;-999;-999;  -999;  14.6;    -999;   16.8;   77.04;   24.7;    8.3;    6.3;eor
        896;20190608;-999;-999;-999;    3;   0.0;   0;-999;-999;  -999;  10.1;    -999;   16.2;   57.46;   21.6;   10.0;    6.1;eor
        896;20190609;-999;-999;-999;    3;   0.1;   4;-999;-999;  -999;  10.9;    -999;   17.2;   59.17;   25.5;    6.7;    4.6;eor
        896;20190610;-999;-999;-999;    3;   4.3;   4;-999;-999;  -999;  15.7;    -999;   19.0;   74.04;   27.4;   13.6;   12.6;eor
        896;20190611;-999;-999;-999;    3;   3.9;   4;-999;-999;  -999;  16.6;    -999;   19.0;   77.08;   24.0;   14.5;   13.3;eor
        896;20190612;-999;-999;-999;    3;   0.3;   4;-999;-999;  -999;  15.7;    -999;   15.8;   87.38;   22.7;   11.7;    9.8;eor
        896;20190613;-999;-999;-999;    3;   1.6;   4;-999;-999;  -999;  13.2;    -999;   17.5;   69.46;   25.5;   10.0;    8.2;eor
        896;20190614;-999;-999;-999;    3;   0.0;   0;-999;-999;  -999;  13.9;    -999;   19.8;   65.25;   29.1;    7.7;    6.3;eor
        896;20190615;-999;-999;-999;    3;   0.0;   0;-999;-999;  -999;  16.1;    -999;   21.5;   65.21;   27.9;   12.8;   10.7;eor
        896;20190616;-999;-999;-999;    3;   2.1;   4;-999;-999;  -999;  15.7;    -999;   16.2;   84.92;   22.6;   12.0;   10.4;eor
        896;20190617;-999;-999;-999;    3;   0.0;   0;-999;-999;  -999;  14.3;    -999;   19.2;   68.54;   26.8;   10.8;    9.2;eor
        896;20190618;-999;-999;-999;    3;   0.0;   0;-999;-999;  -999;  14.7;    -999;   21.3;   62.88;   29.7;   11.0;    9.4;eor
        896;20190619;-999;-999;-999;    3;   3.9;   4;-999;-999;  -999;  16.0;    -999;   23.5;   60.46;   32.6;   14.6;   13.3;eor
        896;20190620;-999;-999;-999;    3;   0.0;   0;-999;-999;  -999;  16.8;    -999;   21.0;   69.08;   26.6;   15.4;   13.7;eor
        896;20190621;-999;-999;-999;    3;   0.0;   0;-999;-999;  -999;  14.7;    -999;   19.7;   66.04;   25.2;   14.2;   13.1;eor
        896;20190622;-999;-999;-999;    3;   0.0;   0;-999;-999;  -999;  14.6;    -999;   19.7;   65.75;   26.3;   13.3;   11.5;eor
        896;20190623;-999;-999;-999;    3;   0.0;   0;-999;-999;  -999;  13.4;    -999;   21.3;   58.08;   28.8;   11.6;    9.7;eor
        896;20190624;-999;-999;-999;    3;   0.0;   0;-999;-999;  -999;  13.4;    -999;   22.2;   55.79;   30.5;   12.6;   10.9;eor
        896;20190625;-999;-999;-999;    3;   0.0;   0;-999;-999;  -999;  15.4;    -999;   24.9;   54.79;   35.2;   12.7;   11.0;eor
        896;20190626;-999;-999;-999;    3;   0.0;   0;-999;-999;  -999;  19.6;    -999;   27.3;   57.67;   35.4;   16.7;   15.5;eor
        896;20190627;-999;-999;-999;    3;   0.0;   0;-999;-999;  -999;  12.6;    -999;   21.1;   53.46;   27.3;   12.7;   10.2;eor
        896;20190628;-999;-999;-999;    3;   0.0;   0;-999;-999;  -999;  11.2;    -999;   18.1;   57.29;   26.2;   11.2;    9.3;eor
        896;20190629;-999;-999;-999;    3;   0.0;   0;-999;-999;  -999;  10.7;    -999;   21.3;   50.50;   32.3;    9.4;    7.4;eor
        896;20190630;-999;-999;-999;    3;   0.0;   0;-999;-999;  -999;  14.5;    -999;   26.7;   48.00;   37.4;   11.2;    9.8;eor
        896;20190701;-999;-999;-999;    3;   0.0;   0;-999;-999;  -999;  14.1;    -999;   23.1;   51.04;   29.0;   15.0;   11.7;eor
        896;20190702;-999;-999;-999;    3;   0.0;   0;-999;-999;  -999;  10.6;    -999;   16.9;   56.96;   24.8;    8.4;    6.1;eor
        896;20190703;-999;-999;-999;    3;   0.0;   0;-999;-999;  -999;   9.0;    -999;   14.9;   56.75;   22.2;    6.7;    4.8;eor
        896;20190704;-999;-999;-999;    3;   0.0;   0;-999;-999;  -999;   8.7;    -999;   16.1;   52.67;   24.8;    6.3;    4.0;eor
        896;20190705;-999;-999;-999;    3;   0.0;   0;-999;-999;  -999;  10.9;    -999;   19.8;   49.58;   27.7;   13.2;   10.6;eor
        896;20190706;-999;-999;-999;    3;   0.1;   4;-999;-999;  -999;  11.8;    -999;   20.6;   53.42;   29.0;   10.2;    8.1;eor
        896;20190707;-999;-999;-999;    3;   0.0;   0;-999;-999;  -999;  10.0;    -999;   15.7;   57.04;   20.7;    8.5;    5.7;eor
        896;20190708;-999;-999;-999;    3;   0.0;   0;-999;-999;  -999;   9.7;    -999;   14.3;   60.17;   18.0;    8.5;    5.7;eor
        896;20190709;-999;-999;-999;    3;   0.0;   0;-999;-999;  -999;  10.1;    -999;   14.2;   63.08;   19.3;   10.3;    7.6;eor
        896;20190710;-999;-999;-999;    3;   0.2;   4;-999;-999;  -999;  10.1;    -999;   16.7;   56.42;   22.8;    9.5;    6.9;eor
        896;20190711;-999;-999;-999;    3;   5.4;   4;-999;-999;  -999;  14.9;    -999;   16.9;   78.54;   22.1;   13.7;   13.2;eor
        896;20190712;-999;-999;-999;    3;  18.2;   4;-999;-999;  -999;  15.8;    -999;   17.3;   82.50;   26.1;   13.4;   12.2;eor
        896;20190713;-999;-999;-999;    3;   0.1;   4;-999;-999;  -999;  15.4;    -999;   17.0;   79.83;   20.7;   14.0;   13.4;eor
        896;20190714;-999;-999;-999;    3;   0.0;   0;-999;-999;  -999;  13.3;    -999;   16.2;   72.83;   19.8;   13.6;   13.5;eor
        896;20190715;-999;-999;-999;    3;   0.0;   0;-999;-999;  -999;  12.4;    -999;   15.6;   70.54;   19.3;    9.8;    8.0;eor
        896;20190716;-999;-999;-999;    3;   0.0;   0;-999;-999;  -999;  12.4;    -999;   14.8;   74.13;   20.3;    9.9;    9.3;eor
        896;20190717;-999;-999;-999;    3;   0.0;   0;-999;-999;  -999;  13.1;    -999;   16.2;   72.25;   21.9;   10.1;    8.7;eor
        896;20190718;-999;-999;-999;    3;   0.3;   4;-999;-999;  -999;  12.4;    -999;   18.9;   62.13;   27.1;    8.5;    6.9;eor
        896;20190719;-999;-999;-999;    3;   1.2;   4;-999;-999;  -999;  16.4;    -999;   19.3;   73.92;   23.6;   13.4;   11.9;eor
        896;20190720;-999;-999;-999;    3;   5.3;   4;-999;-999;  -999;  15.8;    -999;   21.3;   68.04;   31.7;   11.4;   10.3;eor
        896;20190721;-999;-999;-999;    3;   0.0;   0;-999;-999;  -999;  15.7;    -999;   20.9;   66.88;   27.6;   13.6;   12.5;eor
        896;20190722;-999;-999;-999;    3;   0.0;   0;-999;-999;  -999;  14.5;    -999;   20.3;   64.96;   28.2;   11.5;   10.4;eor
        896;20190723;-999;-999;-999;    3;   0.0;   0;-999;-999;  -999;  15.3;    -999;   23.8;   57.58;   33.3;   13.8;   12.3;eor
        896;20190724;-999;-999;-999;    3;   0.0;   0;-999;-999;  -999;  14.5;    -999;   26.0;   50.29;   36.6;   14.6;   13.2;eor
        896;20190725;-999;-999;-999;    3;   0.0;   0;-999;-999;  -999;  14.1;    -999;   26.9;   46.83;   37.3;   15.7;   14.2;eor
        896;20190726;-999;-999;-999;    3;   0.0;   0;-999;-999;  -999;  14.5;    -999;   25.2;   49.58;   33.6;   16.1;   14.4;eor
        896;20190727;-999;-999;-999;    3;   0.0;   0;-999;-999;  -999;  12.8;    -999;   23.3;   49.21;   31.2;   13.1;   11.5;eor
        896;20190728;-999;-999;-999;    3;   3.5;   4;-999;-999;  -999;  16.2;    -999;   23.1;   59.63;   30.5;   15.5;   14.5;eor
        896;20190729;-999;-999;-999;    3;   0.0;   0;-999;-999;  -999;  19.8;    -999;   21.4;   78.42;   26.6;   17.1;   15.7;eor
        896;20190730;-999;-999;-999;    3;   0.0;   0;-999;-999;  -999;  17.0;    -999;   23.3;   62.88;   30.5;   16.4;   15.5;eor
        896;20190731;-999;-999;-999;    3;   4.4;   4;-999;-999;  -999;  15.6;    -999;   20.8;   64.63;   25.6;   16.0;   14.0;eor
        896;20190801;-999;-999;-999;    3;   0.0;   0;-999;-999;  -999;  13.0;    -999;   19.7;   59.42;   25.7;   13.1;   11.3;eor
        896;20190802;-999;-999;-999;    3;   3.2;   4;-999;-999;  -999;  14.8;    -999;   19.5;   66.79;   27.5;   15.5;   14.8;eor
        896;20190803;-999;-999;-999;    3;   1.0;   4;-999;-999;  -999;  16.1;    -999;   18.7;   75.38;   24.0;   15.8;   14.8;eor
        896;20190804;-999;-999;-999;    3;   0.0;   0;-999;-999;  -999;  14.5;    -999;   19.5;   67.13;   27.2;   12.2;   10.5;eor
        896;20190805;-999;-999;-999;    3;   1.0;   4;-999;-999;  -999;  16.1;    -999;   19.2;   74.00;   27.2;   13.7;   12.7;eor
        896;20190806;-999;-999;-999;    3;   1.1;   4;-999;-999;  -999;  16.5;    -999;   20.1;   72.42;   28.1;   13.4;   11.2;eor
        896;20190807;-999;-999;-999;    3;   4.5;   4;-999;-999;  -999;  17.9;    -999;   19.0;   81.63;   22.2;   16.0;   14.2;eor
        896;20190808;-999;-999;-999;    3;   0.0;   0;-999;-999;  -999;  14.4;    -999;   20.2;   63.92;   27.3;   13.7;   11.6;eor
        896;20190809;-999;-999;-999;    3;  12.8;   4;-999;-999;  -999;  16.4;    -999;   21.7;   67.21;   30.1;   13.3;   11.9;eor
        896;20190810;-999;-999;-999;    3;   0.0;   0;-999;-999;  -999;  17.0;    -999;   21.5;   67.38;   26.0;   15.9;   12.2;eor
        896;20190811;-999;-999;-999;    3;   0.5;   4;-999;-999;  -999;  12.6;    -999;   21.5;   51.88;   28.7;   14.1;   10.8;eor
        896;20190812;-999;-999;-999;    3;   1.8;   4;-999;-999;  -999;  12.8;    -999;   18.7;   61.75;   23.8;   14.0;   12.0;eor
        896;20190813;-999;-999;-999;    3;   0.3;   4;-999;-999;  -999;  11.8;    -999;   16.6;   64.83;   22.0;   11.9;    9.4;eor
        896;20190814;-999;-999;-999;    3;   0.1;   4;-999;-999;  -999;  10.2;    -999;   16.1;   58.71;   23.2;   10.4;    8.2;eor
        896;20190815;-999;-999;-999;    3;   1.7;   4;-999;-999;  -999;  13.5;    -999;   16.7;   70.96;   21.4;   11.4;    9.6;eor
        896;20190816;-999;-999;-999;    3;   0.0;   0;-999;-999;  -999;  13.5;    -999;   18.2;   67.00;   24.1;   13.6;   10.4;eor
        896;20190817;-999;-999;-999;    3;   1.4;   4;-999;-999;  -999;  14.3;    -999;   19.3;   64.42;   23.4;   13.5;   11.4;eor
        896;20190818;-999;-999;-999;    3;   1.1;   4;-999;-999;  -999;  18.3;    -999;   21.6;   73.63;   29.9;   16.8;   16.4;eor
        896;20190819;-999;-999;-999;    3;   0.0;   0;-999;-999;  -999;  13.2;    -999;   19.1;   62.58;   25.6;   12.7;   11.0;eor
        896;20190820;-999;-999;-999;    3;   0.0;   0;-999;-999;  -999;  11.7;    -999;   17.1;   62.13;   22.4;   10.7;    8.6;eor
        896;20190821;-999;-999;-999;    3;   0.0;   0;-999;-999;  -999;  10.2;    -999;   16.7;   57.67;   24.1;    9.4;    6.8;eor
        896;20190822;-999;-999;-999;    3;   0.0;   0;-999;-999;  -999;  10.0;    -999;   16.9;   57.25;   26.7;    7.5;    5.2;eor
        896;20190823;-999;-999;-999;    3;   0.0;   0;-999;-999;  -999;  10.1;    -999;   18.6;   53.38;   29.1;    8.5;    5.8;eor
        896;20190824;-999;-999;-999;    3;   0.0;   0;-999;-999;  -999;  13.5;    -999;   19.8;   60.46;   29.4;    8.8;    6.5;eor
        896;20190825;-999;-999;-999;    3;   0.0;   0;-999;-999;  -999;  16.6;    -999;   22.7;   63.88;   32.4;   14.1;   12.5;eor
        896;20190826;-999;-999;-999;    3;   0.0;   0;-999;-999;  -999;  16.5;    -999;   23.4;   61.29;   32.3;   15.1;   12.4;eor
        896;20190827;-999;-999;-999;    3;   0.0;   0;-999;-999;  -999;  17.7;    -999;   22.6;   66.54;   31.2;   15.8;   14.2;eor
        896;20190828;-999;-999;-999;    3;   0.0;   0;-999;-999;  -999;  17.2;    -999;   22.8;   65.17;   33.0;   15.5;   13.7;eor
        896;20190829;-999;-999;-999;    3;   6.6;   4;-999;-999;  -999;  18.0;    -999;   21.0;   75.00;   30.0;   15.2;   13.5;eor
        896;20190830;-999;-999;-999;    3;   0.0;   0;-999;-999;  -999;  19.2;    -999;   21.6;   76.63;   29.6;   15.3;   14.0;eor
        896;20190831;-999;-999;-999;    3;   0.0;   0;-999;-999;  -999;  17.5;    -999;   23.3;   65.17;   32.5;   14.6;   13.2;eor
        896;20190901;-999;-999;-999;    3;   0.0;   0;-999;-999;  -999;  15.2;    -999;   20.1;   64.71;   24.7;   14.3;   11.3;eor
        896;20190902;-999;-999;-999;    3;   0.0;   0;-999;-999;  -999;   9.8;    -999;   15.2;   60.08;   21.2;    7.6;    5.3;eor
        896;20190903;-999;-999;-999;    3;   0.0;   0;-999;-999;  -999;   9.6;    -999;   15.6;   59.04;   25.3;    5.8;    3.7;eor
        896;20190904;-999;-999;-999;    3;   0.5;   4;-999;-999;  -999;  11.1;    -999;   17.9;   58.71;   27.4;    7.4;    5.6;eor
        896;20190905;-999;-999;-999;    3;   0.0;   0;-999;-999;  -999;  11.4;    -999;   16.7;   61.79;   21.7;    8.8;    6.2;eor
        896;20190906;-999;-999;-999;    3;   0.0;   0;-999;-999;  -999;   8.6;    -999;   12.9;   61.58;   20.3;    5.3;    3.0;eor
        896;20190907;-999;-999;-999;    3;   0.0;   0;-999;-999;  -999;   9.5;    -999;   12.4;   67.50;   19.5;    5.5;    3.4;eor
        896;20190908;-999;-999;-999;    3;   8.9;   4;-999;-999;  -999;  10.9;    -999;   13.4;   72.79;   19.1;    7.2;    5.1;eor
        896;20190909;-999;-999;-999;    3;   3.1;   4;-999;-999;  -999;  12.9;    -999;   12.9;   86.46;   16.0;   10.0;    7.3;eor
        896;20190910;-999;-999;-999;    3;   0.0;   0;-999;-999;  -999;  10.4;    -999;   13.9;   68.71;   21.2;    8.1;    5.6;eor
        896;20190911;-999;-999;-999;    3;   0.0;   4;-999;-999;  -999;   9.9;    -999;   14.9;   62.38;   23.3;    5.1;    3.2;eor
        896;20190912;-999;-999;-999;    3;   0.0;   0;-999;-999;  -999;  14.1;    -999;   18.3;   68.58;   24.9;   14.0;   10.4;eor
        896;20190913;-999;-999;-999;    3;   0.0;   0;-999;-999;  -999;  14.6;    -999;   18.0;   71.08;   22.8;   13.4;    9.8;eor
        896;20190914;-999;-999;-999;    3;   0.0;   0;-999;-999;  -999;  10.3;    -999;   14.2;   65.25;   20.3;    7.5;    5.4;eor
        896;20190915;-999;-999;-999;    3;   0.0;   0;-999;-999;  -999;   9.9;    -999;   15.9;   60.33;   26.9;    6.0;    4.1;eor
        896;20190916;-999;-999;-999;    3;   1.1;   4;-999;-999;  -999;  13.4;    -999;   14.8;   79.08;   17.3;   11.8;   10.2;eor
        896;20190917;-999;-999;-999;    3;   0.0;   0;-999;-999;  -999;  10.3;    -999;   12.4;   72.58;   18.1;    8.0;    4.4;eor
        896;20190918;-999;-999;-999;    3;   0.0;   0;-999;-999;  -999;   8.1;    -999;   11.1;   63.67;   17.9;    6.6;    2.5;eor
        896;20190919;-999;-999;-999;    3;   0.0;   0;-999;-999;  -999;   7.5;    -999;    9.7;   64.58;   15.3;    4.2;    1.3;eor
        896;20190920;-999;-999;-999;    3;   0.0;   0;-999;-999;  -999;   7.2;    -999;    9.1;   65.25;   17.7;    1.7;   -0.4;eor
        896;20190921;-999;-999;-999;    3;   0.0;   0;-999;-999;  -999;   8.1;    -999;   11.5;   64.04;   22.2;    2.1;   -0.4;eor
        896;20190922;-999;-999;-999;    3;   0.0;   0;-999;-999;  -999;   9.4;    -999;   13.9;   63.96;   25.9;    3.7;    1.3;eor
        896;20190923;-999;-999;-999;    3;   0.2;   4;-999;-999;  -999;  12.7;    -999;   14.2;   78.21;   18.9;    7.5;    5.0;eor
        896;20190924;-999;-999;-999;    3;   1.4;   4;-999;-999;  -999;  12.9;    -999;   16.0;   72.79;   21.7;   10.9;    7.6;eor
        896;20190925;-999;-999;-999;    3;   0.6;   4;-999;-999;  -999;  13.3;    -999;   15.3;   76.83;   20.1;   10.8;    8.4;eor
        896;20190926;-999;-999;-999;    3;   1.1;   4;-999;-999;  -999;  14.3;    -999;   15.9;   79.67;   21.1;   10.9;    9.0;eor
        896;20190927;-999;-999;-999;    3;   2.6;   4;-999;-999;  -999;  14.4;    -999;   15.7;   80.42;   18.1;   13.0;   10.7;eor
        896;20190928;-999;-999;-999;    3;   0.1;   4;-999;-999;  -999;  12.4;    -999;   15.7;   70.42;   19.6;   11.2;    8.3;eor
        896;20190929;-999;-999;-999;    3;   1.5;   4;-999;-999;  -999;  12.4;    -999;   16.4;   66.83;   20.0;   13.7;   12.2;eor
        896;20190930;-999;-999;-999;    3;   0.6;   4;-999;-999;  -999;  12.2;    -999;   14.9;   72.04;   17.8;   10.9;    7.5;eor
        896;20191001;-999;-999;-999;    3;   2.2;   4;-999;   0;  -999;  13.2;    -999;   15.9;   73.17;   20.5;   11.8;   10.1;eor
        896;20191002;-999;-999;-999;    3;   6.9;   4;-999;   0;  -999;  10.5;    -999;   11.2;   77.21;   15.5;    6.6;    3.5;eor
        896;20191003;-999;-999;-999;    3;   0.4;   4;-999;   0;  -999;  10.1;    -999;   10.5;   79.13;   15.5;    8.4;    5.5;eor
        896;20191004;-999;-999;-999;    3;  11.7;   4;-999;   0;  -999;  10.2;    -999;    9.7;   84.67;   12.0;    8.0;    5.9;eor
        896;20191005;-999;-999;-999;    3;   0.0;   0;-999;   0;  -999;   9.2;    -999;    8.7;   81.38;   11.8;    2.8;    0.8;eor
        896;20191006;-999;-999;-999;    3;   0.0;   0;-999;   0;  -999;   8.1;    -999;    6.5;   84.21;   10.4;    1.3;   -0.5;eor
        896;20191007;-999;-999;-999;    3;   0.1;   4;-999;   0;  -999;   7.9;    -999;    6.9;   79.75;   12.4;    0.7;   -1.5;eor
        896;20191008;-999;-999;-999;    3;   5.0;   4;-999;   0;  -999;  12.0;    -999;   12.3;   83.25;   15.5;    9.8;    9.0;eor
        896;20191009;-999;-999;-999;    3;   2.3;   4;-999;   0;  -999;  10.8;    -999;   12.4;   74.88;   16.3;    9.2;    6.3;eor
        896;20191010;-999;-999;-999;    3;   0.2;   4;-999;   0;  -999;   9.9;    -999;   11.2;   74.75;   13.9;    9.0;    6.7;eor
        896;20191011;-999;-999;-999;    3;   0.0;   0;-999;   0;  -999;  11.2;    -999;   13.3;   73.67;   16.5;    9.0;    5.6;eor
        896;20191012;-999;-999;-999;    3;   0.0;   0;-999;   0;  -999;  12.6;    -999;   17.7;   63.13;   22.5;   13.3;    9.9;eor
        896;20191013;-999;-999;-999;    3;   0.0;   0;-999;   0;  -999;  14.9;    -999;   20.2;   63.63;   24.7;   13.7;   10.4;eor
        896;20191014;-999;-999;-999;    3;   0.0;   0;-999;   0;  -999;  14.1;    -999;   17.4;   72.33;   25.2;    9.6;    7.7;eor
        896;20191015;-999;-999;-999;    3;   4.6;   4;-999;   0;  -999;  13.4;    -999;   14.7;   80.96;   22.8;    8.3;    5.8;eor
        896;20191016;-999;-999;-999;    3;   0.7;   4;-999;   0;  -999;  11.8;    -999;   13.7;   76.21;   16.3;   11.1;   10.4;eor
        896;20191017;-999;-999;-999;    3;   3.2;   4;-999;   0;  -999;  12.1;    -999;   14.8;   72.08;   19.1;   12.7;   11.0;eor
        896;20191018;-999;-999;-999;    3;   2.4;   4;-999;   0;  -999;  12.4;    -999;   13.5;   80.88;   19.6;    8.4;    5.7;eor
        896;20191019;-999;-999;-999;    3;   0.0;   0;-999;   0;  -999;  11.5;    -999;   13.1;   76.46;   16.9;    9.5;    7.9;eor
        896;20191020;-999;-999;-999;    3;   0.0;   0;-999;   0;  -999;  13.9;    -999;   14.5;   84.08;   18.7;   11.9;    9.7;eor
        896;20191021;-999;-999;-999;    3;   0.0;   0;-999;   0;  -999;  13.6;    -999;   13.6;   87.46;   17.9;    8.9;    7.0;eor
        896;20191022;-999;-999;-999;    3;   0.0;   0;-999;   0;  -999;  11.7;    -999;   12.7;   80.96;   18.0;    8.0;    6.3;eor
        896;20191023;-999;-999;-999;    3;   0.0;   4;-999;   0;  -999;  12.2;    -999;   10.8;   93.50;   12.5;    9.0;    7.2;eor
        896;20191024;-999;-999;-999;    3;   0.0;   0;-999;   0;  -999;  12.7;    -999;   12.0;   90.46;   17.1;    9.8;    7.8;eor
        896;20191025;-999;-999;-999;    3;   0.0;   0;-999;   0;  -999;  11.6;    -999;   13.7;   74.67;   17.3;    8.1;    5.0;eor
        896;20191026;-999;-999;-999;    3;   0.0;   0;-999;   0;  -999;  11.4;    -999;   15.3;   66.25;   19.7;   10.6;    6.2;eor
        896;20191027;-999;-999;-999;    3;   1.2;   4;-999;   0;  -999;   9.9;    -999;   11.1;   75.00;   16.9;    3.3;   -0.5;eor
        896;20191028;-999;-999;-999;    3;   0.0;   4;-999;   0;  -999;   7.6;    -999;    5.1;   86.79;   10.9;    1.1;   -1.9;eor
        896;20191029;-999;-999;-999;    3;   0.0;   0;-999;   0;  -999;   7.1;    -999;    4.4;   84.79;   10.0;   -1.1;   -3.1;eor
        896;20191030;-999;-999;-999;    3;   0.0;   0;-999;   0;  -999;   6.4;    -999;    2.4;   87.88;    7.9;   -1.6;   -3.8;eor
        896;20191031;-999;-999;-999;    3;   0.0;   0;-999;   0;  -999;   5.7;    -999;    0.4;   89.79;    4.2;   -4.3;   -6.2;eor
        896;20191101;-999;-999;-999;    3;   0.1;   4;-999;   0;  -999;   6.0;    -999;    0.4;   94.13;    5.9;   -3.0;   -2.8;eor
        896;20191102;-999;-999;-999;    3;   0.8;   4;-999;   0;  -999;  11.6;    -999;   13.4;   75.83;   17.2;    5.9;    5.8;eor
        896;20191103;-999;-999;-999;    3;   4.6;   4;-999;   0;  -999;  11.2;    -999;   12.3;   78.54;   15.7;    9.9;    8.0;eor
        896;20191104;-999;-999;-999;    3;   1.0;   4;-999;   0;  -999;  10.7;    -999;   10.5;   84.25;   13.9;    5.7;    2.8;eor
        896;20191105;-999;-999;-999;    3;   1.7;   4;-999;   0;  -999;   9.2;    -999;    8.7;   81.67;   12.2;    4.1;    1.7;eor
        896;20191106;-999;-999;-999;    3;   0.8;   4;-999;   0;  -999;   9.1;    -999;    8.2;   84.17;   11.5;    4.9;    0.9;eor
        896;20191107;-999;-999;-999;    3;   0.0;   0;-999;   0;  -999;   8.9;    -999;    9.2;   77.38;   12.3;    5.9;    2.9;eor
        896;20191108;-999;-999;-999;    3;  11.0;   4;-999;   0;  -999;   8.4;    -999;    5.9;   90.08;    7.2;    3.8;    1.2;eor
        896;20191109;-999;-999;-999;    3;   1.7;   4;-999;   0;  -999;   7.8;    -999;    5.8;   84.75;    8.2;    0.1;   -2.0;eor
        896;20191110;-999;-999;-999;    3;   0.0;   0;-999;   0;  -999;   6.5;    -999;    2.3;   89.54;    7.8;   -1.3;   -3.6;eor
        896;20191111;-999;-999;-999;    3;   0.0;   0;-999;   0;  -999;   5.5;    -999;    0.6;   86.13;    5.2;   -4.1;   -6.3;eor
        896;20191112;-999;-999;-999;    3;   0.0;   4;-999;   0;  -999;   6.5;    -999;    5.2;   73.54;    9.5;    1.5;   -2.0;eor
        896;20191113;-999;-999;-999;    3;   0.0;   0;-999;   0;  -999;   6.5;    -999;    4.3;   78.29;    7.1;    0.5;   -1.7;eor
        896;20191114;-999;-999;-999;    3;   0.0;   0;-999;   0;  -999;   6.2;    -999;    2.8;   82.96;    8.5;   -1.7;   -3.3;eor
        896;20191115;-999;-999;-999;    3;   7.0;   4;-999;   0;  -999;   7.1;    -999;    3.3;   90.92;    6.3;   -0.4;   -2.2;eor
        896;20191116;-999;-999;-999;    3;   0.0;   4;-999;   0;  -999;   7.0;    -999;    3.7;   88.29;    8.0;   -1.2;   -3.4;eor
        896;20191117;-999;-999;-999;    3;   2.5;   4;-999;   0;  -999;   6.7;    -999;    1.8;   95.67;    4.5;   -1.3;   -3.7;eor
        896;20191118;-999;-999;-999;    3;   1.7;   4;-999;   0;  -999;   7.6;    -999;    5.2;   85.96;    7.2;    4.3;    3.6;eor
        896;20191119;-999;-999;-999;    3;   0.1;   4;-999;   0;  -999;   7.0;    -999;    5.3;   78.75;    8.0;    3.3;    0.5;eor
        896;20191120;-999;-999;-999;    3;   1.1;   4;-999;   0;  -999;   6.9;    -999;    3.1;   89.75;    4.8;    0.9;   -0.9;eor
        896;20191121;-999;-999;-999;    3;   0.3;   4;-999;   0;  -999;   8.3;    -999;    4.7;   97.21;    5.4;    3.7;    3.0;eor
        896;20191122;-999;-999;-999;    3;   0.0;   0;-999;   0;  -999;   7.3;    -999;    2.8;   97.13;    4.0;    0.9;    1.0;eor
        896;20191123;-999;-999;-999;    3;   0.0;   0;-999;   0;  -999;   6.6;    -999;    1.4;   97.54;    4.9;   -0.6;   -1.7;eor
        896;20191124;-999;-999;-999;    3;   0.0;   0;-999;   0;  -999;   6.6;    -999;    1.3;   97.71;    2.4;   -0.7;   -1.9;eor
        896;20191125;-999;-999;-999;    3;   0.0;   0;-999;   0;  -999;   7.0;    -999;    2.2;   97.50;    3.0;    1.3;    1.4;eor
        896;20191126;-999;-999;-999;    3;   0.1;   4;-999;   0;  -999;   8.3;    -999;    5.8;   90.25;   10.1;    1.2;   -0.7;eor
        896;20191127;-999;-999;-999;    3;   0.0;   4;-999;   0;  -999;   8.8;    -999;    7.7;   83.58;   11.2;    3.5;    1.9;eor
        896;20191128;-999;-999;-999;    3;   1.0;   4;-999;   0;  -999;   9.0;    -999;   10.2;   72.33;   12.3;    8.6;    6.9;eor
        896;20191129;-999;-999;-999;    3;   0.6;   4;-999;   0;  -999;   7.0;    -999;    5.7;   76.17;    9.4;    2.3;   -0.3;eor
        896;20191130;-999;-999;-999;    3;   0.0;   0;-999;   0;  -999;   6.2;    -999;    3.1;   81.96;    6.9;   -2.5;   -4.3;eor
        896;20191201;-999;-999;-999;    3;   0.0;   0;-999;   0;  -999;   5.1;    -999;   -1.9;   95.25;   -0.1;   -4.4;   -5.9;eor
        896;20191202;-999;-999;-999;    3;   0.5;   4;-999;   0;  -999;   6.1;    -999;    2.5;   83.67;    5.2;   -1.0;   -1.5;eor
        896;20191203;-999;-999;-999;    3;   0.0;   0;-999;   0;  -999;   7.0;    -999;    4.2;   84.75;    6.3;    2.1;   -1.3;eor
        896;20191204;-999;-999;-999;    3;   0.0;   0;-999;   0;  -999;   5.6;    -999;    0.8;   86.29;    4.6;   -2.9;   -5.1;eor
        896;20191205;-999;-999;-999;    3;   0.0;   0;-999;   0;  -999;   4.7;    -999;   -1.6;   86.79;    4.6;   -5.1;   -8.2;eor
        896;20191206;-999;-999;-999;    3;   0.8;   4;-999;   0;  -999;   5.5;    -999;    2.3;   74.79;    6.4;   -3.5;   -7.2;eor
        896;20191207;-999;-999;-999;    3;   0.0;   0;-999;   0;  -999;   8.1;    -999;    8.0;   75.38;    9.6;    6.0;    4.5;eor
        896;20191208;-999;-999;-999;    3;   0.6;   4;-999;   0;  -999;   8.3;    -999;    9.6;   69.25;   11.7;    7.7;    5.4;eor
        896;20191209;-999;-999;-999;    3;   0.9;   4;-999;   0;  -999;   7.5;    -999;    6.6;   76.67;    8.8;    4.0;    1.1;eor
        896;20191210;-999;-999;-999;    3;   0.0;   4;-999;   0;  -999;   5.7;    -999;    2.8;   76.63;    5.4;   -0.7;   -4.1;eor
        896;20191211;-999;-999;-999;    3;   4.6;   4;-999;   0;  -999;   4.9;    -999;    3.3;   63.88;    4.8;    0.2;    0.0;eor
        896;20191212;-999;-999;-999;    3;   0.0;   0;-999;   0;  -999;   6.3;    -999;    2.3;   86.79;    5.7;    0.1;   -3.0;eor
        896;20191213;-999;-999;-999;    3;   1.5;   4;-999;   0;  -999;   5.9;    -999;    1.7;   84.96;    4.7;   -1.6;   -4.2;eor
        896;20191214;-999;-999;-999;    3;   3.5;   4;-999;   0;  -999;   6.7;    -999;    5.3;   75.79;    7.3;    4.0;    2.2;eor
        896;20191215;-999;-999;-999;    3;   0.4;   4;-999;   0;  -999;   7.4;    -999;    7.3;   71.79;   11.4;    3.3;    1.7;eor
        896;20191216;-999;-999;-999;    3;   0.1;   4;-999;   0;  -999;   8.6;    -999;    7.6;   82.08;   11.8;    2.6;   -0.3;eor
        896;20191217;-999;-999;-999;    3;   0.0;   0;-999;   0;  -999;   8.0;    -999;    9.8;   68.21;   16.5;    2.5;    0.2;eor
        896;20191218;-999;-999;-999;    3;   0.2;   4;-999;   0;  -999;   8.6;    -999;    7.5;   82.88;   14.0;   -0.3;   -1.9;eor
        896;20191219;-999;-999;-999;    3;   0.0;   0;-999;   0;  -999;   6.5;    -999;    1.1;   97.21;    3.3;   -1.1;   -1.8;eor
        896;20191220;-999;-999;-999;    3;   0.3;   4;-999;   0;  -999;   6.5;    -999;    1.8;   92.13;    9.9;   -2.3;   -2.6;eor
        896;20191221;-999;-999;-999;    3;   0.0;   0;-999;   0;  -999;   7.3;    -999;    6.0;   77.83;   10.0;   -0.9;   -2.9;eor
        896;20191222;-999;-999;-999;    3;   0.5;   4;-999;   0;  -999;   7.6;    -999;    5.4;   84.46;    8.8;   -0.5;   -2.9;eor
        896;20191223;-999;-999;-999;    3;   0.1;   4;-999;   0;  -999;   7.7;    -999;    6.9;   77.75;    9.0;    5.4;    1.3;eor
        896;20191224;-999;-999;-999;    3;   7.5;   4;-999;   0;  -999;   7.7;    -999;    6.5;   79.75;    7.8;    4.8;    1.0;eor
        896;20191225;-999;-999;-999;    3;   2.3;   4;-999;   0;  -999;   8.0;    -999;    5.7;   87.13;    7.2;    3.2;   -0.5;eor
        896;20191226;-999;-999;-999;    3;   0.0;   0;-999;   0;  -999;   6.7;    -999;    4.2;   80.83;    6.5;    2.4;   -0.4;eor
        896;20191227;-999;-999;-999;    3;   0.0;   0;-999;   0;  -999;   5.7;    -999;    1.8;   82.79;    4.9;   -2.2;   -3.8;eor
        896;20191228;-999;-999;-999;    3;   0.0;   0;-999;   0;  -999;   5.0;    -999;   -0.4;   83.67;    1.7;   -5.0;   -6.7;eor
        896;20191229;-999;-999;-999;    3;   0.0;   0;-999;   0;  -999;   4.3;    -999;   -2.7;   85.96;    1.4;   -7.0;   -8.5;eor
        896;20191230;-999;-999;-999;    3;   0.0;   0;-999;   0;  -999;   4.8;    -999;    1.5;   71.00;    6.7;   -2.6;   -5.4;eor
        896;20191231;-999;-999;-999;    3;   0.0;   0;-999;   0;  -999;   5.6;    -999;    3.4;   71.38;    5.7;   -1.5;   -4.0;eor
        896;20200101;-999;-999;-999;    3;   0.0;   0;-999;   0;  -999;   4.5;    -999;   -3.0;   90.38;    2.2;   -7.2;   -9.1;eor
        896;20200102;-999;-999;-999;    3;   0.0;   0;-999;   0;  -999;   4.7;    -999;   -1.6;   84.17;    4.0;   -8.3;  -10.0;eor
        896;20200103;-999;-999;-999;    3;   0.7;   4;-999;   0;  -999;   7.6;    -999;    6.1;   79.71;    8.8;    3.0;    0.5;eor
        896;20200104;-999;-999;-999;    3;   1.3;   4;-999;   0;  -999;   6.6;    -999;    3.9;   81.58;    5.7;    0.4;   -2.9;eor
        896;20200105;-999;-999;-999;    3;   0.0;   0;-999;   0;  -999;   6.2;    -999;    2.6;   83.75;    5.0;   -1.9;   -4.2;eor
        896;20200106;-999;-999;-999;    3;   0.0;   0;-999;   0;  -999;   6.1;    -999;    2.7;   82.17;    6.5;   -3.7;   -5.2;eor
        896;20200107;-999;-999;-999;    3;   0.0;   0;-999;   0;  -999;   6.4;    -999;    2.9;   83.88;    5.8;   -3.4;   -5.6;eor
        896;20200108;-999;-999;-999;    3;   9.3;   4;-999;   0;  -999;   7.8;    -999;    6.5;   80.46;    8.3;    4.7;    3.2;eor
        896;20200109;-999;-999;-999;    3;   7.4;   4;-999;   0;  -999;  10.3;    -999;    8.9;   89.75;   11.2;    6.0;    5.6;eor
        896;20200110;-999;-999;-999;    3;   0.3;   4;-999;   0;  -999;   8.7;    -999;    8.8;   76.42;   10.6;    4.8;    2.5;eor
        896;20200111;-999;-999;-999;    3;   0.0;   0;-999;   0;  -999;   5.9;    -999;    3.9;   73.58;    6.6;   -0.2;   -2.8;eor
        896;20200112;-999;-999;-999;    3;   0.0;   0;-999;   0;  -999;   5.8;    -999;    2.9;   76.63;    6.0;   -2.2;   -4.5;eor
        896;20200113;-999;-999;-999;    3;   0.0;   0;-999;   0;  -999;   7.2;    -999;    5.2;   81.33;    7.3;    1.5;   -1.7;eor
        896;20200114;-999;-999;-999;    3;   0.0;   0;-999;   0;  -999;   7.1;    -999;    8.4;   64.71;   10.3;    2.3;   -0.5;eor
        896;20200115;-999;-999;-999;    3;   0.2;   4;-999;   0;  -999;   7.3;    -999;   10.7;   57.08;   13.2;    7.4;    2.1;eor
        896;20200116;-999;-999;-999;    3;   0.0;   0;-999;   0;  -999;   8.0;    -999;    6.2;   83.92;   11.8;    0.4;   -1.8;eor
        896;20200117;-999;-999;-999;    3;   0.1;   4;-999;   0;  -999;   6.7;    -999;    3.7;   84.00;    8.8;   -2.4;   -4.2;eor
        896;20200118;-999;-999;-999;    3;   0.0;   0;-999;   0;  -999;   6.4;    -999;    4.8;   74.92;    6.9;    1.8;   -1.3;eor
        896;20200119;-999;-999;-999;    3;   0.0;   0;-999;   0;  -999;   6.3;    -999;    3.2;   82.54;    5.9;    1.4;   -1.6;eor
        896;20200120;-999;-999;-999;    3;   0.0;   0;-999;   0;  -999;   5.3;    -999;    0.7;   82.67;    5.7;   -5.5;   -7.2;eor
        896;20200121;-999;-999;-999;    3;   0.0;   0;-999;   0;  -999;   4.2;    -999;   -2.6;   83.38;    4.8;   -7.2;   -9.3;eor
        896;20200122;-999;-999;-999;    3;   0.0;   0;-999;   0;  -999;   5.3;    -999;   -0.1;   86.63;    3.1;   -6.6;   -9.2;eor
        896;20200123;-999;-999;-999;    3;   0.0;   0;-999;   0;  -999;   5.6;    -999;    0.5;   87.67;    5.3;   -5.1;   -7.0;eor
        896;20200124;-999;-999;-999;    3;   0.0;   0;-999;   0;  -999;   4.4;    -999;   -2.6;   85.58;    3.0;   -6.6;   -8.5;eor
        896;20200125;-999;-999;-999;    3;   0.0;   0;-999;   0;  -999;   4.8;    -999;   -1.5;   86.83;    0.9;   -4.3;   -6.0;eor
        896;20200126;-999;-999;-999;    3;   0.0;   4;-999;   0;  -999;   5.6;    -999;   -0.1;   92.92;    2.6;   -2.5;   -3.9;eor
        896;20200127;-999;-999;-999;    3;   1.9;   4;-999;   0;  -999;   7.1;    -999;    4.8;   81.71;    9.2;   -1.4;   -2.5;eor
        896;20200128;-999;-999;-999;    3;   3.5;   4;-999;   0;  -999;   6.6;    -999;    4.9;   75.42;    6.8;    2.8;    0.7;eor
        896;20200129;-999;-999;-999;    3;   0.0;   0;-999;   0;  -999;   5.8;    -999;    3.9;   71.50;    6.2;    2.4;    0.3;eor
        896;20200130;-999;-999;-999;    3;   0.0;   0;-999;   0;  -999;   6.8;    -999;    6.5;   70.21;    9.9;    3.6;   -0.1;eor
        896;20200131;-999;-999;-999;    3;   0.0;   0;-999;   0;  -999;  10.0;    -999;   12.0;   71.38;   14.1;    9.9;    8.0;eor
        896;20200201;-999;-999;-999;    3;   4.9;   4;-999;   0;  -999;  10.3;    -999;   11.3;   76.79;   12.9;    6.5;    4.0;eor
        896;20200202;-999;-999;-999;    3;   6.9;   4;-999;   0;  -999;   8.4;    -999;    7.9;   79.38;   11.3;    6.0;    4.8;eor
        896;20200203;-999;-999;-999;    3;  10.4;   4;-999;   0;  -999;   8.7;    -999;    9.5;   73.46;   12.3;    6.4;    5.8;eor
        896;20200204;-999;-999;-999;    3;   0.3;   4;-999;   0;  -999;   6.7;    -999;    4.4;   79.88;    6.7;    2.4;   -0.3;eor
        896;20200205;-999;-999;-999;    3;   0.0;   0;-999;   0;  -999;   5.0;    -999;    2.1;   71.25;    5.5;   -1.1;   -4.0;eor
        896;20200206;-999;-999;-999;    3;   0.0;   0;-999;   0;  -999;   5.8;    -999;    3.5;   74.13;    5.0;    1.0;   -2.9;eor
        896;20200207;-999;-999;-999;    3;   0.0;   0;-999;   0;  -999;   6.1;    -999;    3.7;   76.46;    5.8;   -2.5;   -4.2;eor
        896;20200208;-999;-999;-999;    3;   0.0;   0;-999;   0;  -999;   5.8;    -999;    2.4;   79.13;    8.6;   -4.5;   -6.2;eor
        896;20200209;-999;-999;-999;    3;   4.2;   4;-999;   0;  -999;   7.4;    -999;    9.4;   62.33;   13.5;    4.3;    0.0;eor
        896;20200210;-999;-999;-999;    3;   7.7;   4;-999;   0;  -999;   7.6;    -999;    7.5;   72.54;   13.7;    3.3;    2.5;eor
        896;20200211;-999;-999;-999;    3;   0.0;   0;-999;   0;  -999;   5.5;    -999;    4.3;   66.71;    7.2;    2.1;    0.3;eor
        896;20200212;-999;-999;-999;    3;   0.0;   0;-999;   0;  -999;   5.2;    -999;    4.0;   64.71;    6.8;    2.1;    0.4;eor
        896;20200213;-999;-999;-999;    3;   0.2;   4;-999;   0;  -999;   6.0;    -999;    3.5;   75.96;    6.4;   -1.0;   -4.0;eor
        896;20200214;-999;-999;-999;    3;   0.7;   4;-999;   0;  -999;   7.4;    -999;    5.6;   81.21;    8.3;    2.4;    0.2;eor
        896;20200215;-999;-999;-999;    3;   0.0;   0;-999;   0;  -999;   6.8;    -999;    6.4;   71.71;   10.9;   -0.1;   -1.6;eor
        896;20200216;-999;-999;-999;    3;   0.8;   4;-999;   0;  -999;   7.5;    -999;   13.6;   48.54;   16.9;    9.4;    7.3;eor
        896;20200217;-999;-999;-999;    3;   0.7;   4;-999;   0;  -999;   7.5;    -999;    8.7;   66.96;   11.3;    6.2;    3.6;eor
        896;20200218;-999;-999;-999;    3;   0.4;   4;-999;   0;  -999;   6.6;    -999;    6.9;   66.08;    9.3;    5.2;    2.9;eor
        896;20200219;-999;-999;-999;    3;   2.9;   4;-999;   0;  -999;   6.3;    -999;    5.3;   70.63;    7.4;    2.0;   -1.0;eor
        896;20200220;-999;-999;-999;    3;   4.2;   4;-999;   0;  -999;   6.8;    -999;    5.8;   73.67;    8.4;    0.8;   -2.8;eor
        896;20200221;-999;-999;-999;    3;   0.0;   0;-999;   0;  -999;   6.1;    -999;    5.8;   66.83;    8.5;    2.3;    0.7;eor
        896;20200222;-999;-999;-999;    3;   1.1;   4;-999;   0;  -999;   6.3;    -999;    9.0;   55.50;   13.9;    4.5;    0.6;eor
        896;20200223;-999;-999;-999;    3;   9.4;   4;-999;   0;  -999;   9.4;    -999;    9.3;   78.75;   12.2;    5.1;    2.8;eor
        896;20200224;-999;-999;-999;    3;   0.5;   4;-999;   0;  -999;   6.8;    -999;    6.1;   71.04;   10.8;    3.0;    0.0;eor
        896;20200225;-999;-999;-999;    3;   6.3;   4;-999;   0;  -999;   7.8;    -999;    8.5;   70.04;   11.2;    3.5;    1.8;eor
        896;20200226;-999;-999;-999;    3;   1.0;   4;-999;   0;  -999;   6.2;    -999;    2.9;   81.92;    4.8;    0.9;   -0.4;eor
        896;20200227;-999;-999;-999;    3;   1.9;   4;-999;   0;  -999;   5.8;    -999;    2.6;   80.08;    6.1;    0.5;   -1.1;eor
        896;20200228;-999;-999;-999;    3;   1.6;   4;-999;   0;  -999;   5.8;    -999;    3.6;   73.54;    6.9;    1.0;   -0.3;eor
        896;20200229;-999;-999;-999;    3;   2.4;   4;-999;   0;  -999;   7.5;    -999;    7.3;   72.96;   11.8;    1.7;    1.4;eor
        896;20200301;-999;-999;-999;    3;   3.0;   4;-999;   0;  -999;   7.0;    -999;    6.9;   70.13;   10.4;    3.3;    0.4;eor
        896;20200302;-999;-999;-999;    3;   1.4;   4;-999;   0;  -999;   6.9;    -999;    6.8;   70.75;   10.6;    3.1;    1.1;eor
        896;20200303;-999;-999;-999;    3;   0.7;   4;-999;   0;  -999;   6.7;    -999;    4.8;   78.63;    8.9;   -0.5;   -2.9;eor
        896;20200304;-999;-999;-999;    3;   0.3;   4;-999;   0;  -999;   6.2;    -999;    3.5;   79.21;    6.8;   -0.4;   -3.0;eor
        896;20200305;-999;-999;-999;    3;  -999;-999;-999;   0;  -999;   6.5;    -999;    4.5;   78.17;   11.2;   -1.2;   -3.5;eor
        896;20200306;-999;-999;-999;    3;   4.6;   4;-999;   0;  -999;   7.8;    -999;    5.6;   85.54;    8.6;    3.6;    3.2;eor
        896;20200307;-999;-999;-999;    3;   0.5;   4;-999;   0;  -999;   6.5;    -999;    4.6;   77.00;    6.6;    2.1;   -1.8;eor
        896;20200308;-999;-999;-999;    3;   0.0;   0;-999;   0;  -999;   7.0;    -999;    6.9;   70.04;   11.1;    1.8;   -1.2;eor
        896;20200309;-999;-999;-999;    3;   0.1;   4;-999;   0;  -999;   7.5;    -999;    7.8;   71.58;   12.0;    1.8;   -1.8;eor
        896;20200310;-999;-999;-999;    3;   5.6;   4;-999;   0;  -999;   8.4;    -999;    7.8;   78.08;   12.4;    4.4;    2.1;eor
        896;20200311;-999;-999;-999;    3;   1.0;   4;-999;   0;  -999;  11.1;    -999;   11.1;   83.71;   13.2;    8.0;    7.2;eor
        896;20200312;-999;-999;-999;    3;   0.4;   4;-999;   0;  -999;   8.0;    -999;   10.8;   60.71;   14.8;    4.8;   -0.8;eor
        896;20200313;-999;-999;-999;    3;   1.4;   4;-999;   0;  -999;   6.3;    -999;    6.8;   64.54;   11.3;    3.2;   -0.1;eor
        896;20200314;-999;-999;-999;    3;   0.0;   0;-999;   0;  -999;   6.0;    -999;    4.5;   72.42;    9.3;    0.2;   -2.8;eor
        896;20200315;-999;-999;-999;    3;   0.0;   0;-999;   0;  -999;   5.3;    -999;    6.3;   59.21;   13.9;   -1.9;   -4.2;eor
        896;20200316;-999;-999;-999;    3;   0.0;   0;-999;   0;  -999;   7.0;    -999;    7.3;   69.54;   17.2;   -1.8;   -4.0;eor
        896;20200317;-999;-999;-999;    3;   0.0;   0;-999;   0;  -999;   8.4;    -999;    8.5;   76.58;   15.4;    1.7;   -1.6;eor
        896;20200318;-999;-999;-999;    3;   0.0;   0;-999;   0;  -999;   7.9;    -999;    8.7;   72.08;   18.3;   -0.7;   -2.8;eor
        896;20200319;-999;-999;-999;    3;   0.0;   0;-999;   0;  -999;   8.7;    -999;    9.8;   73.88;   17.3;    2.2;   -0.9;eor
        896;20200320;-999;-999;-999;    3;   0.0;   0;-999;   0;  -999;   8.3;    -999;    6.8;   83.13;    8.0;    3.7;    3.1;eor
        896;20200321;-999;-999;-999;    3;   0.0;   0;-999;   0;  -999;   5.4;    -999;    3.6;   68.25;    7.7;   -2.4;   -6.2;eor
        896;20200322;-999;-999;-999;    3;   0.0;   0;-999;   0;  -999;   3.6;    -999;   -0.5;   63.96;    6.3;   -7.1;   -9.2;eor
        896;20200323;-999;-999;-999;    3;   0.0;   0;-999;   0;  -999;   2.9;    -999;   -1.4;   58.00;    6.4;   -9.5;  -11.4;eor
        896;20200324;-999;-999;-999;    3;   0.0;   0;-999;   0;  -999;   2.9;    -999;   -1.0;   56.83;    7.9;   -9.5;  -11.4;eor
        896;20200325;-999;-999;-999;    3;   0.0;   0;-999;   0;  -999;   2.9;    -999;    0.1;   52.33;    9.1;   -9.7;  -11.8;eor
        896;20200326;-999;-999;-999;    3;   0.0;   0;-999;   0;  -999;   4.1;    -999;    2.5;   57.75;   11.6;   -7.6;   -9.8;eor
        896;20200327;-999;-999;-999;    3;   0.0;   0;-999;   0;  -999;   5.3;    -999;    6.0;   59.96;   17.1;   -3.9;   -6.5;eor
        896;20200328;-999;-999;-999;    3;   0.0;   0;-999;   0;  -999;   5.4;    -999;    6.4;   60.54;   15.2;   -2.1;   -5.1;eor
        896;20200329;-999;-999;-999;    1;   0.6;   4;-999;   0;  -999;   5.9;    -999;    3.2;   75.50;    6.8;   -3.2;   -7.2;eor
        896;20200330;-999;-999;-999;    1;   0.2;   4;-999;   0;  -999;   4.2;    -999;    0.4;   67.83;    7.5;   -6.9;  -10.1;eor
        896;20200331;-999;-999;-999;    1;   0.0;   0;-999;   0;  -999;   4.2;    -999;    1.2;   64.63;    5.9;   -6.7;   -9.2;eor
        896;20200401;-999;-999;-999;    1;   0.0;   0;-999;   0;  -999;   3.4;    -999;    1.1;   55.96;   10.5;   -8.4;  -10.6;eor
        896;20200402;-999;-999;-999;    1;   0.0;   0;-999;   0;  -999;   4.6;    -999;    4.4;   57.83;   13.3;   -5.6;   -8.4;eor
        896;20200403;-999;-999;-999;    1;   0.1;   4;-999;   0;  -999;   6.6;    -999;    6.8;   67.00;   10.2;    3.3;   -2.0;eor
        896;20200404;-999;-999;-999;    1;   0.0;   0;-999;   0;  -999;   6.0;    -999;    6.4;   64.21;   12.1;   -2.1;   -4.7;eor
        896;20200405;-999;-999;-999;    1;   0.0;   0;-999;   0;  -999;   5.5;    -999;    6.7;   60.17;   17.9;   -3.9;   -6.6;eor
        896;20200406;-999;-999;-999;    1;   0.0;   0;-999;   0;  -999;   6.1;    -999;    9.9;   55.54;   22.8;   -1.7;   -5.3;eor
        896;20200407;-999;-999;-999;    1;   0.0;   0;-999;   0;  -999;   9.0;    -999;   11.7;   65.29;   20.2;    2.8;   -1.2;eor
        896;20200408;-999;-999;-999;    1;   0.0;   0;-999;   0;  -999;   7.4;    -999;   11.0;   61.63;   21.4;    1.2;   -1.8;eor
        896;20200409;-999;-999;-999;    1;   0.0;   0;-999;   0;  -999;   8.1;    -999;   11.2;   62.71;   19.9;    1.6;   -1.1;eor
        896;20200410;-999;-999;-999;    1;   0.0;   0;-999;   0;  -999;   6.9;    -999;    9.4;   62.42;   18.9;    0.9;   -2.6;eor
        896;20200411;-999;-999;-999;    1;   0.0;   0;-999;   0;  -999;   5.2;    -999;    7.6;   54.92;   16.9;   -1.3;   -4.3;eor
        896;20200412;-999;-999;-999;    1;   0.0;   4;-999;   0;  -999;   6.9;    -999;   11.6;   54.29;   24.5;   -0.8;   -3.6;eor
        896;20200413;-999;-999;-999;    1;   0.0;   0;-999;   0;  -999;   6.0;    -999;    7.9;   54.75;   11.5;    2.2;   -1.5;eor
        896;20200414;-999;-999;-999;    1;   0.0;   0;-999;   0;  -999;   4.4;    -999;    5.0;   52.67;   10.6;   -0.4;   -3.8;eor
        896;20200415;-999;-999;-999;    1;   0.0;   0;-999;   0;  -999;   5.7;    -999;    7.8;   57.04;   17.3;    0.0;   -3.0;eor
        896;20200416;-999;-999;-999;    1;   0.0;   0;-999;   0;  -999;   6.6;    -999;   12.0;   52.96;   23.7;   -0.5;   -3.3;eor
        896;20200417;-999;-999;-999;    1;   0.0;   0;-999;   0;  -999;   8.4;    -999;   11.4;   64.54;   19.4;    2.9;   -0.5;eor
        896;20200418;-999;-999;-999;    1;   6.6;   4;-999;   0;  -999;   8.9;    -999;   12.0;   66.00;   21.0;    2.2;   -0.6;eor
        896;20200419;-999;-999;-999;    1;   0.0;   0;-999;   0;  -999;   6.7;    -999;    9.5;   59.13;   15.5;    0.2;   -2.3;eor
        896;20200420;-999;-999;-999;    1;   0.0;   0;-999;   0;  -999;   5.3;    -999;    7.9;   54.38;   15.6;   -1.4;   -4.3;eor
        896;20200421;-999;-999;-999;    1;   0.0;   0;-999;   0;  -999;   6.0;    -999;   10.0;   52.04;   17.5;    1.0;   -2.8;eor
        896;20200422;-999;-999;-999;    1;   0.0;   0;-999;   0;  -999;   6.1;    -999;   10.0;   54.04;   19.0;   -0.9;   -3.9;eor
        896;20200423;-999;-999;-999;    1;   0.0;   0;-999;   0;  -999;   6.8;    -999;   10.5;   58.13;   20.1;    0.0;   -3.0;eor
        896;20200424;-999;-999;-999;    1;   0.0;   0;-999;   0;  -999;   7.4;    -999;   12.9;   54.83;   22.9;    2.6;   -0.1;eor
        896;20200425;-999;-999;-999;    1;   0.0;   0;-999;   0;  -999;   7.3;    -999;    9.6;   62.21;   14.8;    3.4;   -0.2;eor
        896;20200426;-999;-999;-999;    1;   0.0;   0;-999;   0;  -999;   6.5;    -999;    9.8;   58.67;   18.8;   -0.3;   -3.2;eor
        896;20200427;-999;-999;-999;    1;   0.0;   0;-999;   0;  -999;   7.0;    -999;   12.7;   53.79;   23.6;    0.9;   -2.0;eor
        896;20200428;-999;-999;-999;    1;   0.3;   4;-999;   0;  -999;  10.0;    -999;   13.3;   65.63;   20.9;    3.4;    0.5;eor
        896;20200429;-999;-999;-999;    1;   0.0;   0;-999;   0;  -999;  10.2;    -999;   14.8;   62.92;   21.7;    7.0;    3.5;eor
        896;20200430;-999;-999;-999;    1;   2.1;   4;-999;   0;  -999;   9.9;    -999;   13.3;   65.67;   19.5;    7.3;    3.1;eor
        896;20200501;-999;-999;-999;    1;   2.8;   4;-999;-999;  -999;   9.4;    -999;   11.0;   72.58;   15.1;    6.2;    2.9;eor
        896;20200502;-999;-999;-999;    1;   9.1;   4;-999;-999;  -999;   9.0;    -999;    8.7;   79.63;   12.6;    5.6;    2.2;eor
        896;20200503;-999;-999;-999;    1;   0.0;   4;-999;-999;  -999;   8.9;    -999;   10.9;   70.75;   17.0;    5.1;    1.6;eor
        896;20200504;-999;-999;-999;    1;   2.0;   4;-999;-999;  -999;   9.6;    -999;    8.7;   85.29;   12.7;    3.8;    1.1;eor
        896;20200505;-999;-999;-999;    1;   0.0;   0;-999;-999;  -999;   6.3;    -999;    7.6;   63.67;   13.6;    1.1;   -1.5;eor
        896;20200506;-999;-999;-999;    1;   0.0;   0;-999;-999;  -999;   6.3;    -999;    9.5;   56.46;   17.0;    1.1;   -1.6;eor
        896;20200507;-999;-999;-999;    1;   0.0;   0;-999;-999;  -999;   6.2;    -999;   12.4;   49.58;   21.1;    3.4;   -0.6;eor
        896;20200508;-999;-999;-999;    1;   0.0;   0;-999;-999;  -999;   8.1;    -999;   14.2;   54.50;   23.1;    5.3;    3.1;eor
        896;20200509;-999;-999;-999;    1;   0.0;   0;-999;-999;  -999;   9.0;    -999;   14.5;   58.46;   23.1;    5.3;    2.5;eor
        896;20200510;-999;-999;-999;    1;   6.1;   4;-999;-999;  -999;  12.6;    -999;   15.1;   73.33;   23.2;    7.9;    5.7;eor
        896;20200511;-999;-999;-999;    1;   8.8;   4;-999;-999;  -999;   8.0;    -999;    6.0;   84.25;   13.3;   -0.1;   -2.4;eor
        896;20200512;-999;-999;-999;    1;   0.0;   0;-999;-999;  -999;   5.9;    -999;    6.4;   63.25;   12.1;   -0.2;   -2.5;eor
        896;20200513;-999;-999;-999;    1;   0.0;   0;-999;-999;  -999;   6.8;    -999;    9.2;   60.33;   13.8;    2.7;    0.2;eor
        896;20200514;-999;-999;-999;    1;   0.0;   0;-999;-999;  -999;   7.9;    -999;    8.5;   72.17;   13.6;    1.8;   -0.5;eor
        896;20200515;-999;-999;-999;    1;   0.0;   0;-999;-999;  -999;   6.2;    -999;    8.5;   60.13;   17.2;   -0.4;   -2.6;eor
        896;20200516;-999;-999;-999;    1;   0.0;   0;-999;-999;  -999;   7.1;    -999;   10.3;   60.50;   18.3;    0.3;   -2.1;eor
        896;20200517;-999;-999;-999;    1;   0.0;   0;-999;-999;  -999;   8.0;    -999;   12.5;   58.50;   18.8;    5.6;    2.8;eor
        896;20200518;-999;-999;-999;    1;   0.0;   0;-999;-999;  -999;   9.4;    -999;   15.3;   57.79;   24.2;    3.9;    1.5;eor
        896;20200519;-999;-999;-999;    1;   0.0;   0;-999;-999;  -999;  11.0;    -999;   16.8;   59.67;   23.8;    8.2;    4.4;eor
        896;20200520;-999;-999;-999;    1;   0.0;   0;-999;-999;  -999;  12.7;    -999;   14.6;   76.54;   17.6;    7.8;    4.5;eor
        896;20200521;-999;-999;-999;    1;   0.0;   0;-999;-999;  -999;   9.7;    -999;   14.9;   61.92;   22.8;    5.5;    2.3;eor
        896;20200522;-999;-999;-999;    1;   8.4;   4;-999;-999;  -999;  14.1;    -999;   16.5;   74.83;   25.8;    7.2;    4.7;eor
        896;20200523;-999;-999;-999;    1;   4.2;   4;-999;-999;  -999;  12.1;    -999;   14.2;   74.71;   16.6;    9.0;    8.5;eor
        896;20200524;-999;-999;-999;    1;   2.2;   4;-999;-999;  -999;  10.6;    -999;   12.8;   72.88;   18.5;    8.4;    6.0;eor
        896;20200525;-999;-999;-999;    1;   0.0;   0;-999;-999;  -999;  10.4;    -999;   13.1;   70.79;   17.6;    5.4;    2.9;eor
        896;20200526;-999;-999;-999;    1;   0.0;   0;-999;-999;  -999;  10.0;    -999;   12.6;   70.50;   18.8;    5.0;    2.4;eor
        896;20200527;-999;-999;-999;    1;   1.8;   4;-999;-999;  -999;  10.4;    -999;   16.1;   61.08;   23.6;    5.9;    3.3;eor
        896;20200528;-999;-999;-999;    1;   0.0;   0;-999;-999;  -999;   9.3;    -999;   14.7;   57.88;   20.2;    7.6;    4.5;eor
        896;20200529;-999;-999;-999;    1;   0.0;   0;-999;-999;  -999;   8.5;    -999;   13.1;   59.96;   20.4;    4.7;    2.1;eor
        896;20200530;-999;-999;-999;    1;   0.1;   4;-999;-999;  -999;   8.8;    -999;   13.1;   60.96;   19.3;    6.1;    3.6;eor
        896;20200531;-999;-999;-999;    1;   0.0;   0;-999;-999;  -999;   9.2;    -999;   13.1;   63.83;   20.6;    4.6;    2.7;eor
        896;20200601;-999;-999;-999;    1;   0.0;   0;-999;-999;  -999;   9.7;    -999;   15.6;   58.54;   24.3;    5.1;    2.3;eor
        896;20200602;-999;-999;-999;    1;   0.0;   0;-999;-999;  -999;  10.2;    -999;   16.8;   57.75;   25.8;    6.5;    3.9;eor
        896;20200603;-999;-999;-999;    1;   0.0;   0;-999;-999;  -999;  11.9;    -999;   17.3;   63.04;   26.7;    8.4;    5.8;eor
        896;20200604;-999;-999;-999;    1;   2.8;   4;-999;-999;  -999;  13.9;    -999;   14.1;   85.50;   17.8;    9.3;    7.4;eor
        896;20200605;-999;-999;-999;    1;   4.3;   4;-999;-999;  -999;  10.3;    -999;   12.5;   72.29;   17.5;    9.2;    7.2;eor
        896;20200606;-999;-999;-999;    1;   1.7;   4;-999;-999;  -999;  10.0;    -999;   12.1;   71.54;   19.5;    6.9;    4.2;eor
        896;20200607;-999;-999;-999;    1;   0.0;   0;-999;-999;  -999;  10.5;    -999;   14.3;   66.79;   19.5;    8.0;    5.5;eor
        896;20200608;-999;-999;-999;    1;   0.0;   0;-999;-999;  -999;   9.6;    -999;   14.7;   61.54;   21.5;    7.4;    4.6;eor
        896;20200609;-999;-999;-999;    1;   5.0;   4;-999;-999;  -999;  11.8;    -999;   15.0;   71.71;   21.3;    8.7;    7.0;eor
