STATIONS_ID;MESS_DATUM;QN_3;  FX;  FM;QN_4; RSK;RSKF; SDK;SHK_TAG;  NM; VPM;  PM; TMK; UPM; TXK; TNK; TGK;eor
        294;20181208;-999;-999;-999;    3;   7.5;   4;-999;-999;  -999;   8.4;    -999;    7.2;   82.25;    8.9;    5.8;    4.6;eor
        294;20181209;-999;-999;-999;    3;   7.1;   4;-999;-999;  -999;   8.6;    -999;    6.6;   87.79;    8.7;    4.6;    3.4;eor
        294;20181210;-999;-999;-999;    3;   2.4;   4;-999;-999;  -999;   6.9;    -999;    4.1;   83.83;    5.0;    3.2;    2.1;eor
        294;20181211;-999;-999;-999;    3;   0.0;   0;-999;-999;  -999;   6.9;    -999;    4.0;   85.08;    5.2;    3.0;    1.8;eor
        294;20181212;-999;-999;-999;    3;   0.3;   4;-999;-999;  -999;   6.8;    -999;    2.7;   91.79;    3.8;    0.6;   -1.6;eor
        294;20181213;-999;-999;-999;    3;   0.6;   4;-999;-999;  -999;   6.3;    -999;    1.4;   93.54;    2.4;   -0.4;   -2.2;eor
        294;20181214;-999;-999;-999;    3;   0.0;   0;-999;-999;  -999;   5.5;    -999;    0.4;   88.13;    1.3;   -0.6;   -1.3;eor
        294;20181215;-999;-999;-999;    3;   0.0;   0;-999;-999;  -999;   5.0;    -999;   -0.4;   83.13;    0.1;   -1.5;   -2.9;eor
        294;20181216;-999;-999;-999;    3;   0.0;   4;-999;-999;  -999;   4.7;    -999;   -0.5;   80.00;    1.7;   -1.6;   -2.9;eor
        294;20181217;-999;-999;-999;    3;   0.9;   4;-999;-999;  -999;   7.1;    -999;    3.4;   90.88;    6.0;    1.0;    0.6;eor
        294;20181218;-999;-999;-999;    3;   0.0;   0;-999;-999;  -999;   7.5;    -999;    5.1;   84.88;    6.8;    1.9;   -0.5;eor
        294;20181219;-999;-999;-999;    3;   0.3;   4;-999;-999;  -999;   6.8;    -999;    4.8;   78.58;    6.8;    3.7;    0.5;eor
        294;20181220;-999;-999;-999;    3;   4.2;   4;-999;-999;  -999;   8.5;    -999;    6.4;   87.92;    7.8;    5.4;    4.5;eor
        294;20181221;-999;-999;-999;    3;  10.9;   4;-999;-999;  -999;   9.7;    -999;    8.3;   88.25;   12.3;    5.9;    5.1;eor
        294;20181222;-999;-999;-999;    3;  11.2;   4;-999;-999;  -999;   9.3;    -999;    7.2;   91.25;    8.2;    6.2;    5.8;eor
        294;20181223;-999;-999;-999;    3;  11.1;   4;-999;-999;  -999;   8.9;    -999;    6.7;   90.21;    7.9;    4.6;    4.4;eor
        294;20181224;-999;-999;-999;    3;   0.1;   4;-999;-999;  -999;   7.0;    -999;    3.2;   89.50;    5.2;    1.3;    0.5;eor
        294;20181225;-999;-999;-999;    3;   0.0;   0;-999;-999;  -999;   7.0;    -999;    5.0;   79.54;    6.0;    4.0;    3.1;eor
        294;20181226;-999;-999;-999;    3;   0.9;   4;-999;-999;  -999;   7.5;    -999;    4.0;   91.75;    4.7;    3.0;    2.6;eor
        294;20181227;-999;-999;-999;    3;   0.0;   0;-999;-999;  -999;   6.0;    -999;    4.5;   71.29;    5.8;    3.3;    2.1;eor
        294;20181228;-999;-999;-999;    3;   0.4;   4;-999;-999;  -999;   7.7;    -999;    5.0;   88.71;    5.9;    3.6;    3.3;eor
        294;20181229;-999;-999;-999;    3;   5.3;   4;-999;-999;  -999;   8.6;    -999;    5.9;   92.33;    8.0;    4.1;    3.7;eor
        294;20181230;-999;-999;-999;    3;   0.3;   4;-999;-999;  -999;   8.7;    -999;    6.9;   87.75;    7.6;    6.1;    5.4;eor
        294;20181231;-999;-999;-999;    3;   1.0;   4;-999;-999;  -999;  10.2;    -999;    7.9;   95.21;    8.7;    6.6;    6.0;eor
        294;20190101;-999;-999;-999;    3;   2.7;   4;-999;-999;  -999;   8.0;    -999;    6.1;   83.83;    7.9;    2.6;    1.8;eor
        294;20190102;-999;-999;-999;    3;   0.0;   0;-999;-999;  -999;   5.2;    -999;    2.4;   70.83;    3.9;   -0.3;   -2.1;eor
        294;20190103;-999;-999;-999;    3;   0.0;   0;-999;-999;  -999;   5.8;    -999;    1.3;   85.88;    3.0;    0.0;   -2.1;eor
        294;20190104;-999;-999;-999;    3;   5.7;   4;-999;-999;  -999;   7.2;    -999;    3.0;   94.46;    5.7;    0.6;   -0.8;eor
        294;20190105;-999;-999;-999;    3;   4.0;   4;-999;-999;  -999;   9.6;    -999;    6.7;   97.58;    7.4;    5.7;    5.3;eor
        294;20190106;-999;-999;-999;    3;   1.0;   4;-999;-999;  -999;   9.3;    -999;    6.1;   98.33;    6.6;    5.4;    5.0;eor
        294;20190107;-999;-999;-999;    3;   7.4;   4;-999;-999;  -999;   8.5;    -999;    5.5;   94.38;    7.5;    4.5;    3.9;eor
        294;20190108;-999;-999;-999;    3;   3.0;   4;-999;-999;  -999;   7.8;    -999;    5.3;   87.54;    7.5;    2.9;    2.3;eor
        294;20190109;-999;-999;-999;    3;   0.0;   4;-999;-999;  -999;   5.5;    -999;    2.2;   77.63;    3.1;    1.4;    0.5;eor
        294;20190110;-999;-999;-999;    3;   1.3;   4;-999;-999;  -999;   5.6;    -999;    0.4;   88.38;    1.5;   -0.9;   -2.6;eor
        294;20190111;-999;-999;-999;    3;   1.5;   4;-999;-999;  -999;   7.9;    -999;    4.0;   95.25;    6.4;    0.8;    0.3;eor
        294;20190112;-999;-999;-999;    3;   4.2;   4;-999;-999;  -999;   8.4;    -999;    5.6;   91.83;    6.2;    4.7;    4.2;eor
        294;20190113;-999;-999;-999;    3;   8.9;   4;-999;-999;  -999;   9.2;    -999;    6.9;   92.17;    8.2;    5.3;    4.2;eor
        294;20190114;-999;-999;-999;    3;   0.4;   4;-999;-999;  -999;   6.1;    -999;    2.8;   81.88;    5.9;    0.9;    0.2;eor
        294;20190115;-999;-999;-999;    3;   0.2;   4;-999;-999;  -999;   7.3;    -999;    4.8;   84.04;    6.6;    1.9;    0.9;eor
        294;20190116;-999;-999;-999;    3;   0.8;   4;-999;-999;  -999;   7.5;    -999;    5.8;   81.38;    6.6;    4.7;    3.9;eor
        294;20190117;-999;-999;-999;    3;   5.0;   4;-999;-999;  -999;   6.8;    -999;    3.3;   87.29;    5.8;   -0.4;   -0.2;eor
        294;20190118;-999;-999;-999;    3;   0.0;   0;-999;-999;  -999;   5.2;    -999;    0.4;   83.08;    2.7;   -1.7;   -4.8;eor
        294;20190119;-999;-999;-999;    3;   0.0;   0;-999;-999;  -999;   4.5;    -999;   -2.0;   85.71;    1.6;   -4.8;   -7.6;eor
        294;20190120;-999;-999;-999;    3;   0.0;   0;-999;-999;  -999;   4.0;    -999;   -5.3;   95.83;   -3.7;   -8.1;  -10.4;eor
        294;20190121;-999;-999;-999;    3;   0.1;   4;-999;-999;  -999;   3.5;    -999;   -3.7;   77.71;    0.3;   -9.2;  -11.0;eor
        294;20190122;-999;-999;-999;    3;   0.0;   0;-999;-999;  -999;   3.6;    -999;   -2.6;   71.50;    0.4;   -5.8;   -8.7;eor
        294;20190123;-999;-999;-999;    3;   0.0;   0;-999;-999;  -999;   3.5;    -999;   -5.2;   84.83;   -3.7;   -8.5;  -10.9;eor
        294;20190124;-999;-999;-999;    3;   0.0;   0;-999;-999;  -999;   3.5;    -999;   -4.7;   82.00;   -3.0;   -6.8;   -7.9;eor
        294;20190125;-999;-999;-999;    3;   7.3;   4;-999;-999;  -999;   4.1;    -999;   -3.1;   83.71;    1.6;   -4.8;   -4.7;eor
        294;20190126;-999;-999;-999;    3;  10.2;   4;-999;-999;  -999;   8.3;    -999;    5.0;   93.96;    6.4;    1.6;    0.9;eor
        294;20190127;-999;-999;-999;    3;   1.6;   4;-999;-999;  -999;   7.7;    -999;    4.9;   88.63;    6.9;    3.0;    1.4;eor
        294;20190128;-999;-999;-999;    3;   3.8;   4;-999;-999;  -999;   6.5;    -999;    2.0;   91.88;    3.3;    0.1;   -0.9;eor
        294;20190129;-999;-999;-999;    3;   0.7;   4;-999;-999;  -999;   5.8;    -999;    0.5;   92.00;    2.2;   -2.7;   -4.7;eor
        294;20190130;-999;-999;-999;    3;   0.3;   4;-999;-999;  -999;   5.1;    -999;   -1.0;   90.25;    0.8;   -3.8;   -5.4;eor
        294;20190131;-999;-999;-999;    3;   0.0;   0;-999;-999;  -999;   5.0;    -999;    0.0;   82.04;    3.3;   -2.5;   -5.7;eor
        294;20190201;-999;-999;-999;    3;   0.5;   4;-999;-999;  -999;   5.2;    -999;   -1.0;   92.04;    2.7;   -3.6;   -6.6;eor
        294;20190202;-999;-999;-999;    3;   0.7;   4;-999;-999;  -999;   5.7;    -999;   -0.5;   96.92;    0.4;   -1.7;   -2.9;eor
        294;20190203;-999;-999;-999;    3;   0.0;   0;-999;-999;  -999;   5.9;    -999;    1.0;   90.83;    3.3;   -1.0;   -2.6;eor
        294;20190204;-999;-999;-999;    3;   0.1;   4;-999;-999;  -999;   5.4;    -999;    2.4;   74.67;    4.1;    0.5;   -1.5;eor
        294;20190205;-999;-999;-999;    3;   0.0;   0;-999;-999;  -999;   6.4;    -999;    2.7;   86.96;    3.7;    1.7;    0.7;eor
        294;20190206;-999;-999;-999;    3;   0.1;   4;-999;-999;  -999;   6.1;    -999;    4.7;   72.29;    7.7;    0.4;   -1.4;eor
        294;20190207;-999;-999;-999;    3;   0.1;   4;-999;-999;  -999;   6.5;    -999;    5.5;   70.83;    7.7;    4.2;    2.5;eor
        294;20190208;-999;-999;-999;    3;   1.2;   4;-999;-999;  -999;   7.6;    -999;    6.9;   75.75;    8.2;    5.3;    4.0;eor
        294;20190209;-999;-999;-999;    3;   0.9;   4;-999;-999;  -999;   7.6;    -999;    7.8;   72.46;    9.9;    6.0;    5.0;eor
        294;20190210;-999;-999;-999;    3;   7.4;   4;-999;-999;  -999;   8.4;    -999;    6.7;   84.96;    8.9;    3.3;    2.9;eor
        294;20190211;-999;-999;-999;    3;   0.5;   4;-999;-999;  -999;   6.6;    -999;    4.8;   77.42;    7.2;    3.0;    2.3;eor
        294;20190212;-999;-999;-999;    3;   0.1;   4;-999;-999;  -999;   6.7;    -999;    4.3;   80.88;    6.4;    2.2;    1.5;eor
        294;20190213;-999;-999;-999;    3;   0.0;   0;-999;-999;  -999;   7.9;    -999;    6.2;   83.29;    7.8;    4.7;    3.8;eor
        294;20190214;-999;-999;-999;    3;   0.0;   0;-999;-999;  -999;   5.9;    -999;    6.8;   60.92;   12.1;    2.7;   -0.7;eor
        294;20190215;-999;-999;-999;    3;   0.0;   0;-999;-999;  -999;   5.2;    -999;    8.5;   48.92;   16.0;    0.7;   -2.1;eor
        294;20190216;-999;-999;-999;    3;   0.0;   0;-999;-999;  -999;   5.6;    -999;   11.1;   43.08;   15.9;    5.8;    1.5;eor
        294;20190217;-999;-999;-999;    3;   0.0;   0;-999;-999;  -999;   6.4;    -999;    9.5;   56.08;   15.3;    2.6;   -0.5;eor
        294;20190218;-999;-999;-999;    3;   0.0;   0;-999;-999;  -999;   5.8;    -999;   11.7;   43.17;   16.5;    7.2;    2.5;eor
        294;20190219;-999;-999;-999;    3;   0.8;   4;-999;-999;  -999;   7.6;    -999;    8.0;   71.38;    9.9;    5.9;    5.1;eor
        294;20190220;-999;-999;-999;    3;   0.0;   0;-999;-999;  -999;   7.4;    -999;    7.6;   71.38;   10.0;    5.5;    4.5;eor
        294;20190221;-999;-999;-999;    3;   0.6;   4;-999;-999;  -999;   9.1;    -999;    8.9;   79.29;   11.0;    7.7;    6.4;eor
        294;20190222;-999;-999;-999;    3;   0.0;   0;-999;-999;  -999;   8.7;    -999;    6.0;   91.38;    8.4;    0.9;   -0.9;eor
        294;20190223;-999;-999;-999;    3;   0.0;   0;-999;-999;  -999;   5.3;    -999;    2.7;   74.25;    9.0;   -2.4;   -3.7;eor
        294;20190224;-999;-999;-999;    3;   0.0;   0;-999;-999;  -999;   4.9;    -999;    5.5;   55.83;   14.7;   -0.5;   -2.6;eor
        294;20190225;-999;-999;-999;    3;   0.0;   0;-999;-999;  -999;   4.9;    -999;    8.2;   45.83;   16.3;    2.3;   -0.9;eor
        294;20190226;-999;-999;-999;    3;   0.0;   0;-999;-999;  -999;   4.8;    -999;    9.1;   43.21;   16.2;    2.6;   -0.8;eor
        294;20190227;-999;-999;-999;    3;   0.0;   0;-999;-999;  -999;   5.1;    -999;   10.4;   40.25;   18.6;    2.2;   -0.2;eor
        294;20190228;-999;-999;-999;    3;   1.8;   4;-999;-999;  -999;   8.4;    -999;    9.7;   70.33;   12.5;    7.6;    5.6;eor
        294;20190301;-999;-999;-999;    3;   0.1;   4;-999;-999;  -999;   8.6;    -999;    6.4;   88.63;    9.0;    4.3;    3.7;eor
        294;20190302;-999;-999;-999;    3;   0.0;   0;-999;-999;  -999;   7.2;    -999;    5.9;   76.21;    9.3;    3.5;    3.0;eor
        294;20190303;-999;-999;-999;    3;   1.4;   4;-999;-999;  -999;  10.2;    -999;   10.2;   81.75;   11.8;    9.2;    8.3;eor
        294;20190304;-999;-999;-999;    3;   4.5;   4;-999;-999;  -999;   8.2;    -999;    9.2;   70.00;   13.3;    5.3;    4.7;eor
        294;20190305;-999;-999;-999;    3;   0.2;   4;-999;-999;  -999;   6.9;    -999;    6.2;   73.13;    8.9;    4.7;    3.6;eor
        294;20190306;-999;-999;-999;    3;   0.2;   4;-999;-999;  -999;   7.9;    -999;    9.0;   69.33;   13.1;    4.4;    3.1;eor
        294;20190307;-999;-999;-999;    3;   2.1;   4;-999;-999;  -999;   8.4;    -999;   10.0;   68.58;   13.7;    6.5;    5.0;eor
        294;20190308;-999;-999;-999;    3;   2.7;   4;-999;-999;  -999;   7.3;    -999;    7.1;   73.04;    9.2;    5.3;    3.5;eor
        294;20190309;-999;-999;-999;    3;   4.0;   4;-999;-999;  -999;   7.9;    -999;    7.2;   77.92;   11.7;    4.7;    3.4;eor
        294;20190310;-999;-999;-999;    3;  21.6;   4;-999;-999;  -999;   7.2;    -999;    3.9;   89.17;    6.3;    0.1;    0.0;eor
        294;20190311;-999;-999;-999;    3;   9.2;   4;-999;-999;  -999;   6.7;    -999;    3.0;   88.42;    4.9;    0.9;    0.1;eor
        294;20190312;-999;-999;-999;    3;   0.3;   4;-999;-999;  -999;   6.4;    -999;    5.9;   70.29;    8.5;    2.3;    1.2;eor
        294;20190313;-999;-999;-999;    3;   6.0;   4;-999;-999;  -999;   7.3;    -999;    5.6;   80.08;    6.8;    4.3;    2.8;eor
        294;20190314;-999;-999;-999;    3;   9.6;   4;-999;-999;  -999;   8.2;    -999;    5.9;   87.88;    7.2;    4.7;    3.7;eor
        294;20190315;-999;-999;-999;    3;   0.6;   4;-999;-999;  -999;   8.3;    -999;    7.7;   78.08;   11.7;    5.9;    4.8;eor
        294;20190316;-999;-999;-999;    3;   4.9;   4;-999;-999;  -999;   8.3;    -999;    7.8;   77.50;   10.5;    3.9;    3.6;eor
        294;20190317;-999;-999;-999;    3;   3.0;   4;-999;-999;  -999;   7.8;    -999;    7.6;   74.38;   10.3;    3.7;    2.4;eor
        294;20190318;-999;-999;-999;    3;   7.9;   4;-999;-999;  -999;   6.8;    -999;    4.3;   81.33;    7.6;    2.4;    0.8;eor
        294;20190319;-999;-999;-999;    3;   0.0;   0;-999;-999;  -999;   6.2;    -999;    4.9;   72.63;    9.1;    2.2;    0.1;eor
        294;20190320;-999;-999;-999;    3;   0.0;   0;-999;-999;  -999;   7.5;    -999;    8.6;   66.33;   11.8;    4.6;    2.8;eor
        294;20190321;-999;-999;-999;    3;   0.0;   0;-999;-999;  -999;  10.1;    -999;   11.0;   77.83;   16.0;    6.7;    4.7;eor
        294;20190322;-999;-999;-999;    3;   0.0;   0;-999;-999;  -999;  10.7;    -999;   12.0;   77.63;   19.0;    6.0;    3.6;eor
        294;20190323;-999;-999;-999;    3;   0.1;   4;-999;-999;  -999;   9.2;    -999;    8.8;   81.79;   14.2;    2.3;    0.9;eor
        294;20190324;-999;-999;-999;    3;   0.8;   4;-999;-999;  -999;   6.6;    -999;    5.8;   74.17;   10.5;    2.3;    1.0;eor
        294;20190325;-999;-999;-999;    3;   4.3;   4;-999;-999;  -999;   7.5;    -999;    4.9;   86.63;    8.3;    3.2;    2.4;eor
        294;20190326;-999;-999;-999;    3;   1.2;   4;-999;-999;  -999;   7.8;    -999;    5.6;   85.88;    7.6;    3.8;    3.6;eor
        294;20190327;-999;-999;-999;    3;   0.2;   4;-999;-999;  -999;   8.3;    -999;    7.8;   79.50;   11.7;    4.6;    3.3;eor
        294;20190328;-999;-999;-999;    3;   0.0;   4;-999;-999;  -999;   9.6;    -999;    9.8;   79.71;   13.8;    7.2;    6.7;eor
        294;20190329;-999;-999;-999;    3;   0.0;   0;-999;-999;  -999;   9.3;    -999;   11.2;   71.54;   17.5;    6.1;    3.7;eor
        294;20190330;-999;-999;-999;    3;   0.0;   0;-999;-999;  -999;   8.5;    -999;   13.0;   58.17;   19.2;    6.8;    4.2;eor
        294;20190331;-999;-999;-999;    3;   0.0;   0;-999;-999;  -999;   7.2;    -999;    7.1;   72.25;   11.6;    0.3;   -2.2;eor
        294;20190401;-999;-999;-999;    3;   0.0;   0;-999;-999;  -999;   4.8;    -999;    5.2;   57.50;   11.8;   -0.5;   -3.0;eor
        294;20190402;-999;-999;-999;    3;   0.9;   4;-999;-999;  -999;   7.7;    -999;    9.4;   65.21;   17.7;    0.4;   -1.8;eor
        294;20190403;-999;-999;-999;    3;  18.1;   4;-999;-999;  -999;   9.8;    -999;    9.6;   82.21;   14.1;    5.4;    4.5;eor
        294;20190404;-999;-999;-999;    3;   0.0;   0;-999;-999;  -999;   9.1;    -999;    6.5;   94.00;    8.2;    4.0;    3.3;eor
        294;20190405;-999;-999;-999;    3;   0.0;   0;-999;-999;  -999;   9.4;    -999;    6.8;   94.88;    8.1;    5.8;    4.6;eor
        294;20190406;-999;-999;-999;    3;   0.0;   0;-999;-999;  -999;  10.6;    -999;   11.4;   79.79;   18.0;    6.4;    5.3;eor
        294;20190407;-999;-999;-999;    3;   0.0;   0;-999;-999;  -999;   8.9;    -999;   13.3;   60.13;   20.1;    6.7;    4.2;eor
        294;20190408;-999;-999;-999;    3;   0.0;   0;-999;-999;  -999;   7.7;    -999;   12.5;   56.38;   20.7;    5.2;    2.7;eor
        294;20190409;-999;-999;-999;    3;   0.0;   0;-999;-999;  -999;   6.7;    -999;    7.0;   68.96;   14.1;    1.8;   -0.4;eor
        294;20190410;-999;-999;-999;    3;   0.0;   0;-999;-999;  -999;   5.1;    -999;    4.6;   63.25;   11.4;   -1.4;   -3.1;eor
        294;20190411;-999;-999;-999;    3;   0.0;   0;-999;-999;  -999;   5.0;    -999;    4.3;   62.04;    9.1;   -0.5;   -2.5;eor
        294;20190412;-999;-999;-999;    3;   1.1;   4;-999;-999;  -999;   5.7;    -999;    3.0;   75.58;    5.7;    1.5;    1.4;eor
        294;20190413;-999;-999;-999;    3;   0.9;   4;-999;-999;  -999;   6.3;    -999;    2.6;   86.46;    6.6;    0.4;    0.0;eor
        294;20190414;-999;-999;-999;    3;   1.3;   4;-999;-999;  -999;   6.9;    -999;    3.1;   89.38;    7.3;   -2.0;   -3.4;eor
        294;20190415;-999;-999;-999;    3;   0.0;   0;-999;-999;  -999;   6.9;    -999;    8.1;   66.83;   14.7;    3.4;    1.5;eor
        294;20190416;-999;-999;-999;    3;   0.0;   0;-999;-999;  -999;   6.3;    -999;    8.9;   57.96;   16.5;    1.3;   -1.1;eor
        294;20190417;-999;-999;-999;    3;   0.0;   0;-999;-999;  -999;   6.2;    -999;   11.2;   49.04;   19.0;    4.2;    1.3;eor
        294;20190418;-999;-999;-999;    3;   0.0;   0;-999;-999;  -999;   7.3;    -999;   13.2;   51.75;   20.7;    4.9;    2.3;eor
        294;20190419;-999;-999;-999;    3;   0.0;   0;-999;-999;  -999;   7.9;    -999;   14.7;   48.88;   22.9;    6.7;    3.9;eor
        294;20190420;-999;-999;-999;    3;   0.0;   0;-999;-999;  -999;   6.6;    -999;   14.2;   43.63;   23.3;    7.0;    3.9;eor
        294;20190421;-999;-999;-999;    3;   0.0;   0;-999;-999;  -999;   7.4;    -999;   14.1;   49.04;   22.5;    4.6;    2.2;eor
        294;20190422;-999;-999;-999;    3;   0.0;   0;-999;-999;  -999;   7.1;    -999;   14.1;   46.38;   20.9;    7.4;    4.0;eor
        294;20190423;-999;-999;-999;    3;   0.1;   4;-999;-999;  -999;   9.1;    -999;   14.1;   58.00;   20.2;    8.1;    6.6;eor
        294;20190424;-999;-999;-999;    3;   2.1;   4;-999;-999;  -999;  12.4;    -999;   17.0;   65.83;   25.1;   10.3;    9.4;eor
        294;20190425;-999;-999;-999;    3;   0.0;   0;-999;-999;  -999;  10.3;    -999;   15.9;   59.83;   23.3;    8.7;    6.9;eor
        294;20190426;-999;-999;-999;    3;   6.9;   4;-999;-999;  -999;  11.5;    -999;   11.5;   85.17;   13.7;   10.0;    9.2;eor
        294;20190427;-999;-999;-999;    3;   7.5;   4;-999;-999;  -999;  10.4;    -999;   10.1;   83.83;   16.7;    7.5;    6.6;eor
        294;20190428;-999;-999;-999;    3;   4.4;   4;-999;-999;  -999;   9.3;    -999;    8.4;   84.83;   13.5;    4.9;    3.8;eor
        294;20190429;-999;-999;-999;    3;   2.8;   4;-999;-999;  -999;  10.2;    -999;    8.3;   92.71;    9.7;    5.5;    4.0;eor
        294;20190430;-999;-999;-999;    3;   0.0;   0;-999;-999;  -999;  10.5;    -999;   11.3;   79.50;   17.9;    6.4;    6.0;eor
        294;20190501;-999;-999;-999;    3;   0.0;   0;-999;-999;  -999;  10.7;    -999;   11.4;   80.17;   17.8;    7.2;    6.3;eor
        294;20190502;-999;-999;-999;    3;   0.7;   4;-999;-999;  -999;  10.0;    -999;    9.5;   84.54;   14.0;    6.7;    6.1;eor
        294;20190503;-999;-999;-999;    3;   1.7;   4;-999;-999;  -999;   7.1;    -999;    7.6;   68.58;   11.2;    3.7;    3.5;eor
        294;20190504;-999;-999;-999;    3;   1.4;   4;-999;-999;  -999;   6.9;    -999;    4.9;   80.04;   10.1;    1.8;    0.7;eor
        294;20190505;-999;-999;-999;    3;   0.0;   0;-999;-999;  -999;   6.5;    -999;    6.1;   70.04;   12.5;    2.0;    0.6;eor
        294;20190506;-999;-999;-999;    3;   3.5;   4;-999;-999;  -999;   7.6;    -999;    6.8;   77.75;   12.9;    3.5;    2.0;eor
        294;20190507;-999;-999;-999;    3;   0.0;   0;-999;-999;  -999;   7.4;    -999;    7.7;   71.83;   13.1;    3.0;    1.9;eor
        294;20190508;-999;-999;-999;    3;   7.2;   4;-999;-999;  -999;   9.4;    -999;    9.9;   76.29;   13.6;    3.8;    2.8;eor
        294;20190509;-999;-999;-999;    3;   1.6;   4;-999;-999;  -999;  10.5;    -999;   12.9;   72.08;   18.2;    9.3;    8.9;eor
        294;20190510;-999;-999;-999;    3;   0.4;   4;-999;-999;  -999;  10.8;    -999;   10.6;   84.17;   14.0;    7.9;    7.0;eor
        294;20190511;-999;-999;-999;    3;   0.2;   4;-999;-999;  -999;   9.4;    -999;    8.9;   82.88;   13.7;    5.3;    4.2;eor
        294;20190512;-999;-999;-999;    3;   0.0;   0;-999;-999;  -999;   7.4;    -999;    8.6;   67.71;   14.7;    4.2;    2.9;eor
        294;20190513;-999;-999;-999;    3;   0.0;   0;-999;-999;  -999;   6.9;    -999;    9.3;   63.21;   16.4;    3.9;    2.3;eor
        294;20190514;-999;-999;-999;    3;   0.0;   0;-999;-999;  -999;   6.8;    -999;    9.7;   61.29;   17.3;    2.9;    2.0;eor
        294;20190515;-999;-999;-999;    3;   0.0;   0;-999;-999;  -999;   6.1;    -999;    9.9;   52.92;   17.0;    0.7;   -0.4;eor
        294;20190516;-999;-999;-999;    3;   4.1;   4;-999;-999;  -999;   9.5;    -999;    8.4;   86.00;    9.6;    6.4;    5.8;eor
        294;20190517;-999;-999;-999;    3;   0.0;   0;-999;-999;  -999;  11.4;    -999;   11.4;   85.00;   15.0;    8.5;    7.1;eor
        294;20190518;-999;-999;-999;    3;   0.0;   0;-999;-999;  -999;  11.7;    -999;   15.2;   71.29;   22.9;    7.6;    5.8;eor
        294;20190519;-999;-999;-999;    3;   0.0;   0;-999;-999;  -999;  12.7;    -999;   17.9;   65.04;   25.4;   10.0;    8.5;eor
        294;20190520;-999;-999;-999;    3;  12.6;   4;-999;-999;  -999;  16.2;    -999;   16.6;   85.88;   23.6;   10.6;   10.0;eor
        294;20190521;-999;-999;-999;    3;   4.1;   4;-999;-999;  -999;  15.0;    -999;   13.6;   96.21;   14.7;   11.8;   11.4;eor
        294;20190522;-999;-999;-999;    3;   0.0;   4;-999;-999;  -999;  11.6;    -999;   12.0;   83.54;   17.2;    8.2;    7.3;eor
        294;20190523;-999;-999;-999;    3;   0.0;   0;-999;-999;  -999;   9.7;    -999;   14.9;   60.13;   21.3;    6.3;    5.0;eor
        294;20190524;-999;-999;-999;    3;   0.0;   0;-999;-999;  -999;  11.6;    -999;   16.9;   61.50;   22.9;    9.9;    8.9;eor
        294;20190525;-999;-999;-999;    3;   0.0;   0;-999;-999;  -999;  10.6;    -999;   11.7;   78.25;   15.8;    7.6;    6.5;eor
        294;20190526;-999;-999;-999;    3;   0.7;   4;-999;-999;  -999;  12.0;    -999;   16.2;   66.21;   21.6;    7.8;    6.5;eor
        294;20190527;-999;-999;-999;    3;   0.0;   0;-999;-999;  -999;  12.2;    -999;   15.7;   69.71;   20.3;   10.7;    9.7;eor
        294;20190528;-999;-999;-999;    3;   0.2;   4;-999;-999;  -999;  10.6;    -999;   13.0;   70.88;   17.5;    8.6;    8.0;eor
        294;20190529;-999;-999;-999;    3;   0.0;   0;-999;-999;  -999;   8.6;    -999;   12.0;   62.75;   18.9;    4.7;    3.7;eor
        294;20190530;-999;-999;-999;    3;   1.6;   4;-999;-999;  -999;  12.3;    -999;   15.5;   68.88;   19.3;   11.1;   10.0;eor
        294;20190531;-999;-999;-999;    3;   2.4;   4;-999;-999;  -999;  16.0;    -999;   18.8;   74.42;   23.7;   14.9;   14.3;eor
        294;20190601;-999;-999;-999;    3;   0.0;   0;-999;-999;  -999;  14.8;    -999;   19.9;   65.63;   26.0;   14.2;   12.4;eor
        294;20190602;-999;-999;-999;    3;   0.0;   0;-999;-999;  -999;  15.2;    -999;   23.4;   57.17;   31.0;   13.7;   12.1;eor
        294;20190603;-999;-999;-999;    3;   6.1;   4;-999;-999;  -999;  17.3;    -999;   20.6;   72.75;   25.3;   15.2;   14.2;eor
        294;20190604;-999;-999;-999;    3;   0.0;   0;-999;-999;  -999;  19.0;    -999;   19.8;   83.54;   25.9;   15.6;   15.4;eor
        294;20190605;-999;-999;-999;    3;   0.0;   0;-999;-999;  -999;  19.5;    -999;   22.5;   71.75;   27.9;   18.4;   16.0;eor
        294;20190606;-999;-999;-999;    3;   0.1;   4;-999;-999;  -999;  14.3;    -999;   16.1;   78.00;   21.5;   11.6;   10.5;eor
        294;20190607;-999;-999;-999;    3;   8.5;   4;-999;-999;  -999;  13.8;    -999;   17.1;   72.79;   24.6;    9.6;    8.4;eor
        294;20190608;-999;-999;-999;    3;   0.0;   0;-999;-999;  -999;  10.9;    -999;   15.3;   64.42;   20.3;   11.3;   10.2;eor
        294;20190609;-999;-999;-999;    3;   0.0;   0;-999;-999;  -999;  11.4;    -999;   17.1;   59.71;   23.7;   11.7;   10.1;eor
        294;20190610;-999;-999;-999;    3;   2.2;   4;-999;-999;  -999;  15.4;    -999;   20.1;   65.00;   25.3;   15.0;   14.2;eor
        294;20190611;-999;-999;-999;    3;   4.4;   4;-999;-999;  -999;  16.9;    -999;   17.6;   84.25;   22.0;   15.1;   13.9;eor
        294;20190612;-999;-999;-999;    3;   3.2;   4;-999;-999;  -999;  17.2;    -999;   16.2;   92.75;   18.8;   12.7;   11.1;eor
        294;20190613;-999;-999;-999;    3;   0.0;   0;-999;-999;  -999;  12.7;    -999;   18.0;   62.75;   24.1;   12.8;   10.6;eor
        294;20190614;-999;-999;-999;    3;   1.8;   4;-999;-999;  -999;  14.4;    -999;   21.0;   59.50;   29.2;   11.4;    9.4;eor
        294;20190615;-999;-999;-999;    3;   0.0;   0;-999;-999;  -999;  17.6;    -999;   19.3;   78.75;   23.7;   13.0;   12.0;eor
        294;20190616;-999;-999;-999;    3;   0.0;   0;-999;-999;  -999;  15.5;    -999;   17.7;   77.79;   23.7;   12.2;   11.2;eor
        294;20190617;-999;-999;-999;    3;   0.0;   0;-999;-999;  -999;  15.7;    -999;   20.1;   68.58;   26.6;   12.5;   11.1;eor
        294;20190618;-999;-999;-999;    3;   0.0;   0;-999;-999;  -999;  15.9;    -999;   23.3;   57.71;   30.7;   16.4;   14.1;eor
        294;20190619;-999;-999;-999;    3;   0.5;   4;-999;-999;  -999;  17.2;    -999;   24.4;   57.46;   32.0;   16.3;   15.4;eor
        294;20190620;-999;-999;-999;    3;   0.2;   4;-999;-999;  -999;  16.6;    -999;   19.4;   74.67;   25.0;   14.9;   13.9;eor
        294;20190621;-999;-999;-999;    3;   0.0;   0;-999;-999;  -999;  13.3;    -999;   17.7;   68.21;   23.7;   11.3;   10.4;eor
        294;20190622;-999;-999;-999;    3;   0.0;   0;-999;-999;  -999;  13.4;    -999;   18.3;   66.13;   25.1;   10.3;    9.1;eor
        294;20190623;-999;-999;-999;    3;   0.0;   0;-999;-999;  -999;  13.8;    -999;   20.9;   59.08;   28.5;   13.0;   11.7;eor
        294;20190624;-999;-999;-999;    3;   0.0;   0;-999;-999;  -999;  14.7;    -999;   23.0;   54.54;   30.3;   15.7;   13.9;eor
        294;20190625;-999;-999;-999;    3;   0.0;   0;-999;-999;  -999;  17.4;    -999;   26.2;   52.38;   34.0;   16.3;   15.2;eor
        294;20190626;-999;-999;-999;    3;   0.0;   0;-999;-999;  -999;  20.0;    -999;   26.4;   58.79;   32.3;   14.9;   14.7;eor
        294;20190627;-999;-999;-999;    3;   0.0;   0;-999;-999;  -999;  12.8;    -999;   16.7;   68.25;   23.1;   12.3;   12.0;eor
        294;20190628;-999;-999;-999;    3;   0.0;   0;-999;-999;  -999;  12.8;    -999;   17.8;   64.71;   25.6;   13.2;   12.3;eor
        294;20190629;-999;-999;-999;    3;   0.0;   0;-999;-999;  -999;  13.2;    -999;   22.6;   54.21;   33.0;   11.2;   10.4;eor
        294;20190630;-999;-999;-999;    3;   0.0;   0;-999;-999;  -999;  14.6;    -999;   27.1;   41.21;   36.1;   16.5;   15.8;eor
        294;20190701;-999;-999;-999;    3;   0.0;   0;-999;-999;  -999;  13.6;    -999;   20.2;   59.21;   26.3;   15.2;   14.4;eor
        294;20190702;-999;-999;-999;    3;   0.0;   0;-999;-999;  -999;  11.0;    -999;   16.7;   59.58;   22.4;   10.1;    9.2;eor
        294;20190703;-999;-999;-999;    3;   0.0;   0;-999;-999;  -999;  10.1;    -999;   14.5;   63.88;   21.8;    8.1;    6.8;eor
        294;20190704;-999;-999;-999;    3;   0.0;   0;-999;-999;  -999;  10.6;    -999;   16.3;   59.83;   22.9;    7.7;    6.5;eor
        294;20190705;-999;-999;-999;    3;   0.0;   0;-999;-999;  -999;  13.1;    -999;   18.8;   61.46;   24.0;   13.9;   12.9;eor
        294;20190706;-999;-999;-999;    3;   4.5;   4;-999;-999;  -999;  14.5;    -999;   16.9;   76.96;   23.8;   11.9;   11.0;eor
        294;20190707;-999;-999;-999;    3;   0.0;   0;-999;-999;  -999;  10.8;    -999;   13.9;   68.79;   18.6;   10.6;    9.5;eor
        294;20190708;-999;-999;-999;    3;   0.1;   4;-999;-999;  -999;  10.9;    -999;   13.2;   71.79;   16.4;    9.8;    8.8;eor
        294;20190709;-999;-999;-999;    3;   2.9;   4;-999;-999;  -999;  11.9;    -999;   13.2;   78.04;   17.8;   10.1;    8.5;eor
        294;20190710;-999;-999;-999;    3;   1.2;   4;-999;-999;  -999;  11.6;    -999;   15.1;   68.58;   20.1;    9.9;    8.8;eor
        294;20190711;-999;-999;-999;    3;   0.1;   4;-999;-999;  -999;  15.8;    -999;   16.8;   82.75;   21.3;   12.5;   12.2;eor
        294;20190712;-999;-999;-999;    3;   7.7;   4;-999;-999;  -999;  16.1;    -999;   17.7;   80.58;   24.2;   14.4;   13.6;eor
        294;20190713;-999;-999;-999;    3;   2.0;   4;-999;-999;  -999;  16.1;    -999;   15.2;   92.50;   18.0;   13.6;   13.0;eor
        294;20190714;-999;-999;-999;    3;   0.1;   4;-999;-999;  -999;  13.4;    -999;   14.4;   81.75;   16.9;   12.4;   12.3;eor
        294;20190715;-999;-999;-999;    3;   0.1;   4;-999;-999;  -999;  12.5;    -999;   14.1;   77.96;   16.8;   12.2;   11.1;eor
        294;20190716;-999;-999;-999;    3;   0.2;   4;-999;-999;  -999;  14.2;    -999;   14.6;   85.17;   17.0;   12.0;   11.7;eor
        294;20190717;-999;-999;-999;    3;   0.0;   0;-999;-999;  -999;  14.0;    -999;   17.3;   73.17;   23.8;   13.7;   12.1;eor
        294;20190718;-999;-999;-999;    3;   0.3;   4;-999;-999;  -999;  13.8;    -999;   20.4;   60.46;   27.1;   13.8;   11.9;eor
        294;20190719;-999;-999;-999;    3;   0.0;   0;-999;-999;  -999;  15.5;    -999;   20.5;   65.33;   25.6;   17.2;   15.5;eor
        294;20190720;-999;-999;-999;    3;  12.0;   4;-999;-999;  -999;  17.0;    -999;   20.8;   72.17;   31.0;   15.8;   15.0;eor
        294;20190721;-999;-999;-999;    3;   0.0;   0;-999;-999;  -999;  16.0;    -999;   20.0;   70.21;   25.3;   14.6;   13.0;eor
        294;20190722;-999;-999;-999;    3;   0.0;   0;-999;-999;  -999;  15.7;    -999;   21.1;   64.42;   27.6;   13.9;   12.1;eor
        294;20190723;-999;-999;-999;    3;   0.0;   0;-999;-999;  -999;  17.7;    -999;   24.8;   60.42;   33.6;   17.5;   15.3;eor
        294;20190724;-999;-999;-999;    3;   0.0;   0;-999;-999;  -999;  16.8;    -999;   27.6;   50.25;   37.3;   17.4;   15.2;eor
        294;20190725;-999;-999;-999;    3;   0.0;   0;-999;-999;  -999;  16.7;    -999;   29.2;   44.75;   38.4;   20.0;   18.1;eor
        294;20190726;-999;-999;-999;    3;   0.0;   0;-999;-999;  -999;  15.6;    -999;   26.3;   47.54;   34.4;   19.9;   18.0;eor
        294;20190727;-999;-999;-999;    3;   0.0;   0;-999;-999;  -999;  14.8;    -999;   23.9;   52.71;   31.4;   17.2;   16.0;eor
        294;20190728;-999;-999;-999;    3;   0.0;   0;-999;-999;  -999;  17.3;    -999;   23.5;   61.79;   31.2;   16.2;   14.2;eor
        294;20190729;-999;-999;-999;    3;   0.5;   4;-999;-999;  -999;  19.4;    -999;   20.9;   78.71;   25.2;   18.6;   18.5;eor
        294;20190730;-999;-999;-999;    3;   3.9;   4;-999;-999;  -999;  15.4;    -999;   23.5;   56.08;   30.8;   17.2;   16.3;eor
        294;20190731;-999;-999;-999;    3;   0.1;   4;-999;-999;  -999;  15.1;    -999;   20.6;   64.54;   27.2;   16.2;   15.3;eor
        294;20190801;-999;-999;-999;    3;   0.0;   0;-999;-999;  -999;  13.8;    -999;   19.8;   61.25;   25.4;   14.8;   13.1;eor
        294;20190802;-999;-999;-999;    3;   6.0;   4;-999;-999;  -999;  16.0;    -999;   19.7;   71.58;   26.8;   14.0;   13.1;eor
        294;20190803;-999;-999;-999;    3;   1.7;   4;-999;-999;  -999;  16.8;    -999;   18.8;   79.00;   25.5;   13.8;   13.2;eor
        294;20190804;-999;-999;-999;    3;   0.3;   4;-999;-999;  -999;  14.6;    -999;   19.3;   67.50;   26.3;   14.3;   13.2;eor
        294;20190805;-999;-999;-999;    3;   0.5;   4;-999;-999;  -999;  17.3;    -999;   20.6;   72.33;   28.3;   15.4;   14.7;eor
        294;20190806;-999;-999;-999;    3;   4.6;   4;-999;-999;  -999;  15.3;    -999;   20.4;   64.92;   25.6;   16.0;   14.4;eor
        294;20190807;-999;-999;-999;    3;   0.0;   4;-999;-999;  -999;  14.7;    -999;   20.0;   64.08;   25.3;   15.7;   14.4;eor
        294;20190808;-999;-999;-999;    3;   0.0;   0;-999;-999;  -999;  13.4;    -999;   19.9;   59.42;   25.6;   15.1;   13.5;eor
        294;20190809;-999;-999;-999;    3;   0.3;   4;-999;-999;  -999;  17.1;    -999;   20.7;   70.96;   28.4;   13.2;   11.0;eor
        294;20190810;-999;-999;-999;    3;   0.0;   0;-999;-999;  -999;  14.9;    -999;   22.6;   55.08;   26.9;   19.7;   18.0;eor
        294;20190811;-999;-999;-999;    3;   0.0;   0;-999;-999;  -999;  11.7;    -999;   20.7;   48.88;   25.8;   16.9;   14.7;eor
        294;20190812;-999;-999;-999;    3;   0.3;   4;-999;-999;  -999;  12.6;    -999;   19.2;   59.04;   26.0;   13.5;   12.5;eor
        294;20190813;-999;-999;-999;    3;   0.1;   4;-999;-999;  -999;  11.9;    -999;   15.1;   70.67;   20.5;   11.9;   10.9;eor
        294;20190814;-999;-999;-999;    3;   0.7;   4;-999;-999;  -999;  10.4;    -999;   16.7;   58.63;   23.2;   11.1;   10.0;eor
        294;20190815;-999;-999;-999;    3;  10.1;   4;-999;-999;  -999;  15.3;    -999;   17.0;   79.29;   22.5;   14.2;   12.9;eor
        294;20190816;-999;-999;-999;    3;   0.1;   4;-999;-999;  -999;  13.4;    -999;   17.9;   67.38;   23.3;   13.8;   12.6;eor
        294;20190817;-999;-999;-999;    3;   0.4;   4;-999;-999;  -999;  15.7;    -999;   19.9;   67.79;   23.8;   16.9;   15.0;eor
        294;20190818;-999;-999;-999;    3;   4.8;   4;-999;-999;  -999;  17.8;    -999;   17.3;   90.42;   18.8;   15.4;   14.2;eor
        294;20190819;-999;-999;-999;    3;   0.0;   0;-999;-999;  -999;  13.3;    -999;   17.7;   67.04;   22.5;   14.3;   11.9;eor
        294;20190820;-999;-999;-999;    3;   0.3;   4;-999;-999;  -999;  12.2;    -999;   17.7;   61.88;   22.2;   13.5;   11.7;eor
        294;20190821;-999;-999;-999;    3;   0.0;   0;-999;-999;  -999;  11.3;    -999;   17.0;   61.29;   23.5;   12.0;    9.3;eor
        294;20190822;-999;-999;-999;    3;   0.0;   0;-999;-999;  -999;  10.7;    -999;   19.5;   51.08;   27.9;    9.8;    7.6;eor
        294;20190823;-999;-999;-999;    3;   0.0;   0;-999;-999;  -999;  12.7;    -999;   21.3;   53.83;   30.5;   13.5;   10.8;eor
        294;20190824;-999;-999;-999;    3;   0.0;   0;-999;-999;  -999;  13.5;    -999;   22.3;   53.71;   31.1;   13.3;   10.8;eor
        294;20190825;-999;-999;-999;    3;   0.0;   0;-999;-999;  -999;  17.1;    -999;   24.0;   60.00;   33.2;   16.0;   13.7;eor
        294;20190826;-999;-999;-999;    3;   0.0;   0;-999;-999;  -999;  17.1;    -999;   25.9;   55.83;   35.1;   17.9;   16.0;eor
        294;20190827;-999;-999;-999;    3;   0.0;   0;-999;-999;  -999;  17.9;    -999;   25.2;   59.04;   35.0;   17.8;   15.5;eor
        294;20190828;-999;-999;-999;    3;   8.5;   4;-999;-999;  -999;  17.9;    -999;   24.1;   62.33;   34.2;   17.5;   16.7;eor
        294;20190829;-999;-999;-999;    3;   3.0;   4;-999;-999;  -999;  18.9;    -999;   20.1;   81.21;   25.6;   16.8;   15.0;eor
        294;20190830;-999;-999;-999;    3;   0.0;   0;-999;-999;  -999;  17.2;    -999;   19.9;   75.54;   27.2;   15.2;   13.6;eor
        294;20190831;-999;-999;-999;    3;   0.0;   0;-999;-999;  -999;  17.6;    -999;   24.2;   62.63;   32.8;   15.1;   13.2;eor
        294;20190901;-999;-999;-999;    3;   0.0;   0;-999;-999;  -999;  15.1;    -999;   18.6;   70.17;   23.7;   13.0;   10.9;eor
        294;20190902;-999;-999;-999;    3;   0.0;   0;-999;-999;  -999;  10.7;    -999;   15.4;   62.92;   20.9;   11.6;    9.0;eor
        294;20190903;-999;-999;-999;    3;   0.0;   0;-999;-999;  -999;  12.5;    -999;   16.3;   66.58;   20.8;   14.0;   13.0;eor
        294;20190904;-999;-999;-999;    3;   0.5;   4;-999;-999;  -999;  13.6;    -999;   17.8;   68.50;   23.9;   13.9;   12.6;eor
        294;20190905;-999;-999;-999;    3;   0.4;   4;-999;-999;  -999;  12.1;    -999;   14.4;   74.42;   20.4;   10.7;    9.4;eor
        294;20190906;-999;-999;-999;    3;   0.9;   4;-999;-999;  -999;   9.8;    -999;   14.3;   62.29;   20.4;    8.9;    7.8;eor
        294;20190907;-999;-999;-999;    3;  13.6;   4;-999;-999;  -999;  12.1;    -999;   13.9;   76.71;   17.9;   10.1;    9.5;eor
        294;20190908;-999;-999;-999;    3;   4.6;   4;-999;-999;  -999;  13.4;    -999;   13.8;   85.42;   19.6;    9.6;    8.6;eor
        294;20190909;-999;-999;-999;    3;   0.1;   4;-999;-999;  -999;  13.1;    -999;   13.9;   83.29;   17.5;   11.4;   10.2;eor
        294;20190910;-999;-999;-999;    3;   0.0;   0;-999;-999;  -999;  10.8;    -999;   14.5;   67.33;   19.3;   11.1;    9.1;eor
        294;20190911;-999;-999;-999;    3;   3.3;   4;-999;-999;  -999;  11.8;    -999;   15.4;   68.96;   21.8;    9.0;    6.9;eor
        294;20190912;-999;-999;-999;    3;   0.0;   0;-999;-999;  -999;  16.1;    -999;   18.1;   78.29;   22.9;   14.5;   13.5;eor
        294;20190913;-999;-999;-999;    3;   0.2;   4;-999;-999;  -999;  14.3;    -999;   16.8;   74.08;   21.4;    8.7;    7.1;eor
        294;20190914;-999;-999;-999;    3;   0.0;   0;-999;-999;  -999;  10.0;    -999;   13.1;   69.46;   20.4;    7.9;    5.9;eor
        294;20190915;-999;-999;-999;    3;   2.8;   4;-999;-999;  -999;  11.1;    -999;   16.8;   60.42;   23.9;    9.1;    6.8;eor
        294;20190916;-999;-999;-999;    3;   1.3;   4;-999;-999;  -999;  13.1;    -999;   12.5;   90.25;   14.2;   10.3;    9.6;eor
        294;20190917;-999;-999;-999;    3;   1.7;   4;-999;-999;  -999;  10.6;    -999;   12.0;   75.88;   15.7;    9.2;    7.7;eor
        294;20190918;-999;-999;-999;    3;   0.0;   0;-999;-999;  -999;   9.6;    -999;   11.5;   71.75;   16.5;    8.6;    7.2;eor
        294;20190919;-999;-999;-999;    3;   0.0;   0;-999;-999;  -999;   8.7;    -999;   11.0;   67.58;   16.7;    6.9;    5.4;eor
        294;20190920;-999;-999;-999;    3;   0.0;   0;-999;-999;  -999;   9.6;    -999;   12.0;   70.92;   20.0;    6.5;    4.3;eor
        294;20190921;-999;-999;-999;    3;   0.0;   0;-999;-999;  -999;   9.7;    -999;   14.6;   63.08;   24.4;    6.7;    4.7;eor
        294;20190922;-999;-999;-999;    3;   0.0;   0;-999;-999;  -999;  10.5;    -999;   16.8;   59.83;   27.7;    8.2;    5.9;eor
        294;20190923;-999;-999;-999;    3;   0.7;   4;-999;-999;  -999;  15.2;    -999;   15.8;   83.83;   18.1;   12.5;   10.6;eor
        294;20190924;-999;-999;-999;    3;   3.1;   4;-999;-999;  -999;  13.4;    -999;   16.3;   73.83;   21.6;   11.6;    9.0;eor
        294;20190925;-999;-999;-999;    3;   3.4;   4;-999;-999;  -999;  14.8;    -999;   14.7;   88.92;   19.2;   12.8;   11.2;eor
        294;20190926;-999;-999;-999;    3;   7.5;   4;-999;-999;  -999;  15.9;    -999;   16.0;   87.63;   19.3;   13.6;   12.4;eor
        294;20190927;-999;-999;-999;    3;   0.7;   4;-999;-999;  -999;  14.4;    -999;   15.8;   80.21;   19.3;   13.6;   13.0;eor
        294;20190928;-999;-999;-999;    3;   4.0;   4;-999;-999;  -999;  13.7;    -999;   14.7;   82.00;   17.2;   13.7;   12.4;eor
        294;20190929;-999;-999;-999;    3;  19.2;   4;-999;-999;  -999;  14.4;    -999;   14.4;   87.63;   16.5;   12.5;   11.7;eor
        294;20190930;-999;-999;-999;    3;  11.8;   4;-999;-999;  -999;  13.2;    -999;   13.8;   83.75;   15.8;   11.8;   11.3;eor
        294;20191001;-999;-999;-999;    3;  29.9;   4;-999;-999;  -999;  14.4;    -999;   14.1;   89.21;   17.1;    9.4;    9.5;eor
        294;20191002;-999;-999;-999;    3;   2.3;   4;-999;-999;  -999;   9.9;    -999;    9.5;   84.25;   13.6;    6.8;    7.0;eor
        294;20191003;-999;-999;-999;    3;   1.6;   4;-999;-999;  -999;  11.7;    -999;   10.5;   91.96;   13.8;    9.1;    8.1;eor
        294;20191004;-999;-999;-999;    3;  18.7;   4;-999;-999;  -999;  10.9;    -999;    9.1;   94.13;   10.6;    7.6;    7.7;eor
        294;20191005;-999;-999;-999;    3;   0.0;   0;-999;-999;  -999;   9.7;    -999;    8.7;   86.96;   14.3;    5.2;    3.7;eor
        294;20191006;-999;-999;-999;    3;   0.0;   0;-999;-999;  -999;   9.0;    -999;    6.8;   90.63;    9.8;    3.9;    1.9;eor
        294;20191007;-999;-999;-999;    3;   3.1;   4;-999;-999;  -999;   8.5;    -999;    7.4;   82.88;   13.8;    1.0;   -0.6;eor
        294;20191008;-999;-999;-999;    3;   2.0;   4;-999;-999;  -999;  12.8;    -999;   12.2;   89.75;   13.9;   10.3;    9.5;eor
        294;20191009;-999;-999;-999;    3;   3.9;   4;-999;-999;  -999;  11.5;    -999;   11.9;   82.83;   15.7;    9.3;    8.1;eor
        294;20191010;-999;-999;-999;    3;   0.2;   4;-999;-999;  -999;  10.5;    -999;   10.9;   80.95;   14.1;    8.9;    7.7;eor
        294;20191011;-999;-999;-999;    3;   0.7;   4;-999;-999;  -999;  11.7;    -999;   14.3;   71.75;   16.5;   12.0;   11.0;eor
        294;20191012;-999;-999;-999;    3;   0.0;   0;-999;-999;  -999;  13.3;    -999;   16.1;   73.04;   17.8;   12.2;   11.5;eor
        294;20191013;-999;-999;-999;    3;   3.0;   4;-999;-999;  -999;  16.0;    -999;   18.2;   77.00;   21.5;   12.0;   10.9;eor
        294;20191014;-999;-999;-999;    3;   0.0;   0;-999;-999;  -999;  15.2;    -999;   16.2;   82.46;   20.0;   13.1;   11.4;eor
        294;20191015;-999;-999;-999;    3;  29.8;   4;-999;-999;  -999;  15.3;    -999;   17.5;   76.92;   22.3;   13.3;   11.5;eor
        294;20191016;-999;-999;-999;    3;   1.5;   4;-999;-999;  -999;  12.9;    -999;   13.3;   85.00;   16.0;   11.5;   11.1;eor
        294;20191017;-999;-999;-999;    3;   0.7;   4;-999;-999;  -999;  14.0;    -999;   14.3;   85.83;   17.0;   13.2;   12.2;eor
        294;20191018;-999;-999;-999;    3;   3.5;   4;-999;-999;  -999;  11.9;    -999;   13.3;   76.71;   18.6;   10.4;    8.7;eor
        294;20191019;-999;-999;-999;    3;   2.0;   4;-999;-999;  -999;  11.4;    -999;   12.6;   78.29;   16.7;    9.5;    7.8;eor
        294;20191020;-999;-999;-999;    3;   6.6;   4;-999;-999;  -999;  13.7;    -999;   12.3;   95.21;   13.4;   11.1;   10.3;eor
        294;20191021;-999;-999;-999;    3;   0.1;   4;-999;-999;  -999;  14.0;    -999;   14.4;   85.46;   19.5;   11.4;    9.5;eor
        294;20191022;-999;-999;-999;    3;   0.0;   0;-999;-999;  -999;  10.7;    -999;   11.7;   77.92;   13.3;    9.1;    7.6;eor
        294;20191023;-999;-999;-999;    3;   0.0;   0;-999;-999;  -999;  12.3;    -999;   11.7;   89.33;   16.2;    8.1;    6.9;eor
        294;20191024;-999;-999;-999;    3;   0.3;   4;-999;-999;  -999;  12.9;    -999;   13.7;   82.96;   18.6;    8.5;    6.7;eor
        294;20191025;-999;-999;-999;    3;   0.0;   0;-999;-999;  -999;  11.2;    -999;   14.3;   68.67;   16.0;   12.6;   10.7;eor
        294;20191026;-999;-999;-999;    3;   3.1;   4;-999;-999;  -999;  11.9;    -999;   15.9;   66.13;   19.0;   13.5;   11.7;eor
        294;20191027;-999;-999;-999;    3;   1.1;   4;-999;-999;  -999;   9.9;    -999;   10.7;   76.38;   17.6;    7.5;    6.3;eor
        294;20191028;-999;-999;-999;    3;   0.0;   0;-999;-999;  -999;   8.7;    -999;    8.3;   79.21;   11.8;    5.7;    4.0;eor
        294;20191029;-999;-999;-999;    3;   0.0;   0;-999;-999;  -999;   7.9;    -999;    6.1;   83.88;   10.4;    2.6;    0.9;eor
        294;20191030;-999;-999;-999;    3;   0.0;   0;-999;-999;  -999;   6.4;    -999;    3.1;   84.33;    8.8;   -0.6;   -2.4;eor
        294;20191031;-999;-999;-999;    3;   0.0;   0;-999;-999;  -999;   5.8;    -999;    1.7;   84.88;    7.3;   -2.1;   -3.9;eor
        294;20191101;-999;-999;-999;    3;   5.2;   4;-999;-999;  -999;   7.1;    -999;    3.4;   88.75;    9.4;   -2.6;   -3.9;eor
        294;20191102;-999;-999;-999;    3;   2.1;   4;-999;-999;  -999;  12.0;    -999;   12.5;   82.92;   15.3;    9.4;    8.6;eor
        294;20191103;-999;-999;-999;    3;   1.1;   4;-999;-999;  -999;  11.0;    -999;   12.0;   78.25;   14.7;   10.2;    8.8;eor
        294;20191104;-999;-999;-999;    3;   0.1;   4;-999;-999;  -999;  11.1;    -999;   10.9;   85.00;   13.3;    8.9;    7.8;eor
        294;20191105;-999;-999;-999;    3;   4.5;   4;-999;-999;  -999;  10.1;    -999;    9.1;   86.92;   10.3;    8.1;    7.4;eor
        294;20191106;-999;-999;-999;    3;   1.8;   4;-999;-999;  -999;   9.3;    -999;    7.3;   90.50;    8.8;    4.9;    3.5;eor
        294;20191107;-999;-999;-999;    3;   1.0;   4;-999;-999;  -999;   8.8;    -999;    6.9;   87.79;   11.9;    2.8;    1.1;eor
        294;20191108;-999;-999;-999;    3;   1.3;   4;-999;-999;  -999;   8.2;    -999;    6.5;   84.54;    9.3;    3.9;    2.0;eor
        294;20191109;-999;-999;-999;    3;   0.0;   0;-999;-999;  -999;   7.8;    -999;    5.6;   86.17;    8.0;    2.0;   -0.3;eor
        294;20191110;-999;-999;-999;    3;   0.0;   0;-999;-999;  -999;   6.5;    -999;    3.7;   82.42;    8.4;    0.0;   -2.0;eor
        294;20191111;-999;-999;-999;    3;   0.0;   0;-999;-999;  -999;   6.2;    -999;    3.0;   82.38;    4.6;   -0.6;   -2.0;eor
        294;20191112;-999;-999;-999;    3;   0.2;   4;-999;-999;  -999;   6.7;    -999;    5.0;   77.50;    8.3;    2.6;    0.0;eor
        294;20191113;-999;-999;-999;    3;   0.0;   0;-999;-999;  -999;   6.8;    -999;    4.5;   80.21;    5.9;    2.5;    0.3;eor
        294;20191114;-999;-999;-999;    3;   0.0;   0;-999;-999;  -999;   6.9;    -999;    4.9;   80.50;    9.1;    1.9;   -1.0;eor
        294;20191115;-999;-999;-999;    3;   5.6;   4;-999;-999;  -999;   7.5;    -999;    4.3;   90.71;    6.3;    2.4;    1.6;eor
        294;20191116;-999;-999;-999;    3;   2.2;   4;-999;-999;  -999;   7.2;    -999;    4.7;   84.33;    5.9;    3.5;    1.8;eor
        294;20191117;-999;-999;-999;    3;   3.1;   4;-999;-999;  -999;   7.0;    -999;    3.1;   90.79;    5.2;    0.1;   -1.6;eor
        294;20191118;-999;-999;-999;    3;   9.2;   4;-999;-999;  -999;   8.1;    -999;    5.0;   92.71;    5.7;    3.6;    3.0;eor
        294;20191119;-999;-999;-999;    3;   0.8;   4;-999;-999;  -999;   7.7;    -999;    4.8;   89.04;    6.3;    3.2;    2.5;eor
        294;20191120;-999;-999;-999;    3;   0.0;   0;-999;-999;  -999;   7.0;    -999;    2.6;   95.92;    4.5;    0.6;   -1.2;eor
        294;20191121;-999;-999;-999;    3;   0.4;   4;-999;-999;  -999;   7.8;    -999;    3.8;   96.67;    5.2;    2.0;    0.7;eor
        294;20191122;-999;-999;-999;    3;   0.0;   0;-999;-999;  -999;   7.8;    -999;    5.2;   88.17;    7.9;    3.0;    0.8;eor
        294;20191123;-999;-999;-999;    3;   0.0;   0;-999;-999;  -999;   8.2;    -999;    5.2;   92.25;    8.2;    3.1;    2.8;eor
        294;20191124;-999;-999;-999;    3;   0.0;   0;-999;-999;  -999;   7.9;    -999;    4.2;   94.92;    4.7;    3.5;    2.6;eor
        294;20191125;-999;-999;-999;    3;   0.1;   4;-999;-999;  -999;   7.8;    -999;    4.0;   95.17;    4.7;    3.3;    2.9;eor
        294;20191126;-999;-999;-999;    3;   0.0;   0;-999;-999;  -999;   9.1;    -999;    7.7;   86.42;   10.1;    4.1;    3.4;eor
        294;20191127;-999;-999;-999;    3;   1.0;   4;-999;-999;  -999;   9.9;    -999;    9.3;   84.04;   10.9;    6.9;    5.4;eor
        294;20191128;-999;-999;-999;    3;   2.8;   4;-999;-999;  -999;  10.0;    -999;    9.5;   83.92;   10.5;    6.9;    6.4;eor
        294;20191129;-999;-999;-999;    3;   0.5;   4;-999;-999;  -999;   7.0;    -999;    5.0;   79.42;    7.0;    3.1;    2.0;eor
        294;20191130;-999;-999;-999;    3;   0.0;   0;-999;-999;  -999;   6.5;    -999;    3.5;   83.58;    5.3;   -0.2;   -2.1;eor
        294;20191201;-999;-999;-999;    3;   0.0;   0;-999;-999;  -999;   6.0;    -999;    0.4;   94.75;    2.7;   -1.9;   -3.2;eor
        294;20191202;-999;-999;-999;    3;   0.3;   4;-999;-999;  -999;   7.0;    -999;    3.8;   86.88;    5.1;    2.0;    0.6;eor
        294;20191203;-999;-999;-999;    3;   0.0;   0;-999;-999;  -999;   8.0;    -999;    5.6;   87.83;    6.7;    4.6;    3.5;eor
        294;20191204;-999;-999;-999;    3;   0.0;   0;-999;-999;  -999;   6.4;    -999;    2.9;   84.46;    6.0;   -1.5;   -2.9;eor
        294;20191205;-999;-999;-999;    3;   0.0;   0;-999;-999;  -999;   5.5;    -999;    1.9;   79.13;    4.6;   -1.7;   -3.3;eor
        294;20191206;-999;-999;-999;    3;   4.2;   4;-999;-999;  -999;   7.4;    -999;    4.8;   84.92;    7.6;    2.5;    0.9;eor
        294;20191207;-999;-999;-999;    3;   2.0;   4;-999;-999;  -999;   9.3;    -999;    8.2;   84.96;    8.9;    7.5;    6.6;eor
        294;20191208;-999;-999;-999;    3;   1.6;   4;-999;-999;  -999;   8.5;    -999;    8.8;   74.67;   10.7;    7.5;    6.3;eor
        294;20191209;-999;-999;-999;    3;   4.7;   4;-999;-999;  -999;   7.6;    -999;    6.1;   80.75;    7.7;    3.4;    2.2;eor
        294;20191210;-999;-999;-999;    3;   0.6;   4;-999;-999;  -999;   5.9;    -999;    3.7;   74.63;    5.0;    2.7;    1.2;eor
        294;20191211;-999;-999;-999;    3;   5.0;   4;-999;-999;  -999;   6.7;    -999;    3.5;   85.58;    6.0;    2.3;    1.9;eor
        294;20191212;-999;-999;-999;    3;   0.0;   0;-999;-999;  -999;   6.7;    -999;    3.6;   84.92;    4.8;    1.5;   -1.3;eor
        294;20191213;-999;-999;-999;    3;   3.3;   4;-999;-999;  -999;   5.9;    -999;    2.0;   83.17;    4.4;    0.8;   -0.5;eor
        294;20191214;-999;-999;-999;    3;   3.9;   4;-999;-999;  -999;   7.1;    -999;    4.7;   82.96;    6.0;    2.0;    1.3;eor
        294;20191215;-999;-999;-999;    3;   3.2;   4;-999;-999;  -999;   7.0;    -999;    6.8;   70.92;    8.7;    3.7;    1.7;eor
        294;20191216;-999;-999;-999;    3;   0.0;   0;-999;-999;  -999;   8.5;    -999;    7.9;   78.71;   10.1;    5.1;    3.5;eor
        294;20191217;-999;-999;-999;    3;   3.0;   4;-999;-999;  -999;   9.3;    -999;   12.2;   66.00;   14.0;    7.4;    4.9;eor
        294;20191218;-999;-999;-999;    3;   0.0;   0;-999;-999;  -999;   8.4;    -999;    6.7;   85.13;   11.3;    3.0;    0.5;eor
        294;20191219;-999;-999;-999;    3;   0.0;   0;-999;-999;  -999;   8.8;    -999;   10.4;   70.67;   14.3;    2.9;    0.8;eor
        294;20191220;-999;-999;-999;    3;   0.8;   4;-999;-999;  -999;   8.3;    -999;   10.1;   68.63;   14.6;    3.8;    1.6;eor
        294;20191221;-999;-999;-999;    3;   0.1;   4;-999;-999;  -999;   7.9;    -999;    7.9;   74.13;    9.5;    4.2;    2.5;eor
        294;20191222;-999;-999;-999;    3;   3.7;   4;-999;-999;  -999;   8.2;    -999;    6.9;   82.38;    8.9;    3.4;    1.4;eor
        294;20191223;-999;-999;-999;    3;   0.5;   4;-999;-999;  -999;   8.4;    -999;    7.2;   82.58;    8.0;    6.2;    4.7;eor
        294;20191224;-999;-999;-999;    3;   7.8;   4;-999;-999;  -999;   8.5;    -999;    6.7;   86.83;    7.9;    5.2;    4.4;eor
        294;20191225;-999;-999;-999;    3;   1.2;   4;-999;-999;  -999;   8.6;    -999;    6.2;   90.25;    7.4;    4.4;    2.6;eor
        294;20191226;-999;-999;-999;    3;   0.0;   0;-999;-999;  -999;   7.3;    -999;    5.1;   83.54;    6.7;    2.5;    0.8;eor
        294;20191227;-999;-999;-999;    3;   0.0;   0;-999;-999;  -999;   6.0;    -999;    1.7;   86.75;    3.9;   -0.1;   -2.3;eor
        294;20191228;-999;-999;-999;    3;   0.0;   0;-999;-999;  -999;   5.5;    -999;   -0.5;   93.33;    1.4;   -2.3;   -3.7;eor
        294;20191229;-999;-999;-999;    3;   0.0;   0;-999;-999;  -999;   4.2;    -999;    1.6;   65.25;    8.3;   -3.5;   -5.0;eor
        294;20191230;-999;-999;-999;    3;   0.5;   4;-999;-999;  -999;   2.5;    -999;    8.9;   22.38;   10.8;    6.8;    5.0;eor
        294;20191231;-999;-999;-999;    3;   0.0;   0;-999;-999;  -999;   7.3;    -999;    5.4;   81.92;    7.1;    1.3;   -1.3;eor
        294;20200101;-999;-999;-999;    3;   0.0;   0;-999;-999;  -999;   5.5;    -999;    0.7;   85.71;    5.0;   -2.3;   -4.5;eor
        294;20200102;-999;-999;-999;    3;   0.0;   0;-999;-999;  -999;   5.4;    -999;    0.9;   81.42;    4.4;   -2.3;   -5.1;eor
        294;20200103;-999;-999;-999;    3;   2.9;   4;-999;-999;  -999;   8.2;    -999;    6.3;   85.13;    8.8;    3.6;    2.7;eor
        294;20200104;-999;-999;-999;    3;   4.9;   4;-999;-999;  -999;   7.3;    -999;    4.6;   85.88;    6.4;    2.6;    1.5;eor
        294;20200105;-999;-999;-999;    3;   0.0;   0;-999;-999;  -999;   7.0;    -999;    4.6;   82.67;    6.1;    1.7;   -0.1;eor
        294;20200106;-999;-999;-999;    3;   0.0;   4;-999;-999;  -999;   6.5;    -999;    4.9;   75.58;    5.9;    1.5;   -1.7;eor
        294;20200107;-999;-999;-999;    3;   0.1;   4;-999;-999;  -999;   7.5;    -999;    5.7;   81.17;    7.1;    3.6;    2.9;eor
        294;20200108;-999;-999;-999;    3;   2.5;   4;-999;-999;  -999;   9.9;    -999;    9.0;   85.04;   10.5;    6.6;    5.5;eor
        294;20200109;-999;-999;-999;    3;   0.7;   4;-999;-999;  -999;  11.0;    -999;   10.5;   87.08;   12.1;    8.2;    7.5;eor
        294;20200110;-999;-999;-999;    3;   0.7;   4;-999;-999;  -999;   9.1;    -999;    7.9;   84.42;   11.4;    3.7;    2.6;eor
        294;20200111;-999;-999;-999;    3;   0.0;   0;-999;-999;  -999;   6.5;    -999;    4.3;   79.21;    5.9;    2.4;    1.1;eor
        294;20200112;-999;-999;-999;    3;   0.4;   4;-999;-999;  -999;   7.3;    -999;    5.8;   77.79;    8.4;    4.4;    2.8;eor
        294;20200113;-999;-999;-999;    3;   0.4;   4;-999;-999;  -999;   8.0;    -999;    6.4;   83.29;    7.1;    5.0;    1.5;eor
        294;20200114;-999;-999;-999;    3;   0.1;   4;-999;-999;  -999;   8.7;    -999;    9.1;   75.63;   11.7;    6.6;    5.2;eor
        294;20200115;-999;-999;-999;    3;   0.0;   0;-999;-999;  -999;   8.7;    -999;   11.2;   65.29;   12.4;    7.2;    5.1;eor
        294;20200116;-999;-999;-999;    3;   0.0;   0;-999;-999;  -999;   8.0;    -999;    7.3;   78.33;   10.2;    4.9;    1.0;eor
        294;20200117;-999;-999;-999;    3;   0.2;   4;-999;-999;  -999;   8.3;    -999;    8.5;   74.58;   11.1;    5.0;    2.4;eor
        294;20200118;-999;-999;-999;    3;   0.0;   0;-999;-999;  -999;   6.7;    -999;    4.7;   77.92;    6.9;    3.0;    2.2;eor
        294;20200119;-999;-999;-999;    3;   0.0;   4;-999;-999;  -999;   6.7;    -999;    3.6;   84.79;    5.5;    2.2;    0.7;eor
        294;20200120;-999;-999;-999;    3;   0.0;   0;-999;-999;  -999;   7.3;    -999;    4.4;   87.38;    6.6;    2.4;    0.6;eor
        294;20200121;-999;-999;-999;    3;   0.0;   0;-999;-999;  -999;   5.7;    -999;    3.3;   74.38;    5.5;    1.5;    0.2;eor
        294;20200122;-999;-999;-999;    3;   0.0;   0;-999;-999;  -999;   7.2;    -999;    3.6;   90.67;    4.8;    2.5;    1.8;eor
        294;20200123;-999;-999;-999;    3;   0.0;   0;-999;-999;  -999;   6.6;    -999;    3.1;   85.63;    5.5;   -1.7;   -2.8;eor
        294;20200124;-999;-999;-999;    3;   0.0;   0;-999;-999;  -999;   5.3;    -999;   -0.7;   91.42;    0.3;   -2.6;   -4.0;eor
        294;20200125;-999;-999;-999;    3;   0.0;   0;-999;-999;  -999;   5.6;    -999;    0.3;   88.92;    1.7;   -1.0;   -0.9;eor
        294;20200126;-999;-999;-999;    3;   0.0;   0;-999;-999;  -999;   6.5;    -999;    2.6;   88.83;    6.2;   -0.2;   -2.0;eor
        294;20200127;-999;-999;-999;    3;   4.6;   4;-999;-999;  -999;   7.7;    -999;    6.2;   81.50;    8.1;    3.8;    1.9;eor
        294;20200128;-999;-999;-999;    3;   4.0;   4;-999;-999;  -999;   7.1;    -999;    4.8;   81.75;    6.7;    1.3;    0.2;eor
        294;20200129;-999;-999;-999;    3;   3.3;   4;-999;-999;  -999;   6.5;    -999;    4.1;   79.00;    5.3;    3.4;    1.7;eor
        294;20200130;-999;-999;-999;    3;   0.2;   4;-999;-999;  -999;   7.8;    -999;    7.2;   76.79;   10.5;    4.1;    3.3;eor
        294;20200131;-999;-999;-999;    3;   0.0;   0;-999;-999;  -999;  10.3;    -999;   11.1;   77.67;   12.5;    9.4;    8.3;eor
        294;20200201;-999;-999;-999;    3;   6.0;   4;-999;-999;  -999;  10.1;    -999;   10.5;   78.88;   12.3;    7.9;    6.4;eor
        294;20200202;-999;-999;-999;    3;  12.9;   4;-999;-999;  -999;   8.7;    -999;    7.4;   84.83;    8.7;    5.6;    5.5;eor
        294;20200203;-999;-999;-999;    3;   4.7;   4;-999;-999;  -999;   9.3;    -999;    8.1;   85.67;    9.4;    5.3;    4.6;eor
        294;20200204;-999;-999;-999;    3;   0.5;   4;-999;-999;  -999;   6.9;    -999;    4.3;   83.17;    5.9;    3.3;    2.3;eor
        294;20200205;-999;-999;-999;    3;   0.0;   0;-999;-999;  -999;   5.5;    -999;    2.8;   74.00;    4.8;   -0.4;   -1.6;eor
        294;20200206;-999;-999;-999;    3;   0.0;   0;-999;-999;  -999;   6.7;    -999;    4.5;   78.71;    5.5;    3.5;    2.2;eor
        294;20200207;-999;-999;-999;    3;   0.0;   0;-999;-999;  -999;   6.4;    -999;    4.7;   74.75;    7.4;    1.0;   -1.4;eor
        294;20200208;-999;-999;-999;    3;   0.0;   0;-999;-999;  -999;   6.2;    -999;    5.6;   67.96;    8.4;    2.5;    0.0;eor
        294;20200209;-999;-999;-999;    3;  27.3;   4;-999;-999;  -999;   8.2;    -999;    9.7;   67.46;   13.2;    6.1;    4.5;eor
        294;20200210;-999;-999;-999;    3;  18.1;   4;-999;-999;  -999;   7.5;    -999;    6.2;   78.42;   10.4;    0.7;    0.1;eor
        294;20200211;-999;-999;-999;    3;   2.1;   4;-999;-999;  -999;   5.8;    -999;    3.7;   73.13;    6.1;    1.4;    0.5;eor
        294;20200212;-999;-999;-999;    3;   0.0;   4;-999;-999;  -999;   5.4;    -999;    4.1;   66.54;    6.6;    2.3;    1.3;eor
        294;20200213;-999;-999;-999;    3;   9.4;   4;-999;-999;  -999;   6.4;    -999;    3.2;   82.63;    5.2;    2.0;    0.7;eor
        294;20200214;-999;-999;-999;    3;   0.6;   4;-999;-999;  -999;   8.0;    -999;    6.2;   84.79;    7.5;    4.9;    2.9;eor
        294;20200215;-999;-999;-999;    3;   0.0;   0;-999;-999;  -999;   7.5;    -999;    8.3;   68.88;   11.6;    4.9;    2.2;eor
        294;20200216;-999;-999;-999;    3;   5.6;   4;-999;-999;  -999;   9.4;    -999;   13.3;   62.83;   17.6;    7.5;    6.5;eor
        294;20200217;-999;-999;-999;    3;   6.6;   4;-999;-999;  -999;   7.3;    -999;    7.8;   69.33;   10.3;    4.6;    3.5;eor
        294;20200218;-999;-999;-999;    3;   5.4;   4;-999;-999;  -999;   7.1;    -999;    6.4;   73.83;    8.3;    4.0;    3.2;eor
        294;20200219;-999;-999;-999;    3;   0.7;   4;-999;-999;  -999;   6.6;    -999;    5.1;   75.58;    6.8;    3.3;    1.8;eor
        294;20200220;-999;-999;-999;    3;   4.9;   4;-999;-999;  -999;   7.7;    -999;    6.3;   80.17;    9.0;    3.4;    2.1;eor
        294;20200221;-999;-999;-999;    3;   0.0;   0;-999;-999;  -999;   6.7;    -999;    6.0;   71.17;    8.0;    3.6;    2.6;eor
        294;20200222;-999;-999;-999;    3;  12.3;   4;-999;-999;  -999;   7.1;    -999;    8.3;   65.58;   10.8;    6.4;    5.0;eor
        294;20200223;-999;-999;-999;    3;  13.6;   4;-999;-999;  -999;   8.7;    -999;    7.4;   83.67;   12.0;    3.8;    2.9;eor
        294;20200224;-999;-999;-999;    3;   7.1;   4;-999;-999;  -999;   7.6;    -999;    5.9;   80.54;   10.0;    3.9;    2.7;eor
        294;20200225;-999;-999;-999;    3;   5.9;   4;-999;-999;  -999;   7.2;    -999;    6.9;   72.46;   10.3;    2.8;    1.8;eor
        294;20200226;-999;-999;-999;    3;   8.4;   4;-999;-999;  -999;   6.6;    -999;    2.5;   89.58;    5.0;    0.6;    0.0;eor
        294;20200227;-999;-999;-999;    3;   1.4;   4;-999;-999;  -999;   6.2;    -999;    2.8;   83.33;    5.5;    0.9;    0.7;eor
        294;20200228;-999;-999;-999;    3;   9.3;   4;-999;-999;  -999;   6.1;    -999;    3.9;   76.25;    7.4;    1.0;    0.2;eor
        294;20200229;-999;-999;-999;    3;   1.6;   4;-999;-999;  -999;   7.9;    -999;    7.9;   74.58;   13.8;    2.5;    1.9;eor
        294;20200301;-999;-999;-999;    3;   5.6;   4;-999;-999;  -999;   6.3;    -999;    6.8;   63.67;    9.6;    4.7;    2.7;eor
        294;20200302;-999;-999;-999;    3;   4.0;   4;-999;-999;  -999;   7.3;    -999;    6.5;   75.67;   10.0;    3.9;    2.3;eor
        294;20200303;-999;-999;-999;    3;   0.8;   4;-999;-999;  -999;   7.1;    -999;    5.4;   79.79;    8.2;    2.7;    1.0;eor
        294;20200304;-999;-999;-999;    3;   1.7;   4;-999;-999;  -999;   6.7;    -999;    4.1;   82.13;    7.8;    2.6;    0.0;eor
        294;20200305;-999;-999;-999;    3;   2.2;   4;-999;-999;  -999;   6.8;    -999;    5.7;   74.29;    8.5;    1.7;   -0.6;eor
        294;20200306;-999;-999;-999;    3;  10.5;   4;-999;-999;  -999;   7.7;    -999;    3.9;   95.38;    5.0;    2.7;    2.7;eor
        294;20200307;-999;-999;-999;    3;   0.0;   0;-999;-999;  -999;   6.7;    -999;    5.1;   76.25;    8.3;    3.7;    1.1;eor
        294;20200308;-999;-999;-999;    3;   0.1;   4;-999;-999;  -999;   7.7;    -999;    8.6;   68.00;   11.5;    6.0;    4.7;eor
        294;20200309;-999;-999;-999;    3;   7.3;   4;-999;-999;  -999;   8.1;    -999;    7.8;   76.17;   10.6;    5.8;    4.3;eor
        294;20200310;-999;-999;-999;    3;   8.0;   4;-999;-999;  -999;   9.8;    -999;    8.5;   86.42;   12.2;    4.6;    3.9;eor
        294;20200311;-999;-999;-999;    3;   5.4;   4;-999;-999;  -999;   9.7;    -999;   10.4;   77.13;   13.5;    8.3;    7.6;eor
        294;20200312;-999;-999;-999;    3;   1.3;   4;-999;-999;  -999;   7.7;    -999;    9.0;   65.83;   12.4;    4.9;    3.3;eor
        294;20200313;-999;-999;-999;    3;   3.5;   4;-999;-999;  -999;   7.1;    -999;    5.8;   76.92;    8.5;    1.5;    0.1;eor
        294;20200314;-999;-999;-999;    3;   0.0;   0;-999;-999;  -999;   5.8;    -999;    4.7;   68.67;   10.6;   -1.1;   -2.9;eor
        294;20200315;-999;-999;-999;    3;   0.0;   0;-999;-999;  -999;   6.5;    -999;   10.0;   54.00;   14.8;    5.8;    3.9;eor
        294;20200316;-999;-999;-999;    3;   0.0;   0;-999;-999;  -999;   8.1;    -999;   10.9;   62.21;   15.7;    7.1;    5.7;eor
        294;20200317;-999;-999;-999;    3;   0.0;   0;-999;-999;  -999;   7.3;    -999;   10.9;   57.08;   14.4;    7.7;    5.9;eor
        294;20200318;-999;-999;-999;    3;   0.0;   0;-999;-999;  -999;   8.1;    -999;   12.3;   55.71;   16.2;    8.9;    6.9;eor
        294;20200319;-999;-999;-999;    3;   0.5;   4;-999;-999;  -999;   9.8;    -999;   10.6;   76.58;   13.0;    7.7;    7.6;eor
        294;20200320;-999;-999;-999;    3;   0.0;   4;-999;-999;  -999;   7.9;    -999;    7.0;   79.08;    9.1;    3.9;    3.0;eor
        294;20200321;-999;-999;-999;    3;   0.0;   0;-999;-999;  -999;   5.0;    -999;    3.0;   67.25;    7.7;   -1.4;   -3.2;eor
        294;20200322;-999;-999;-999;    3;   0.0;   0;-999;-999;  -999;   3.9;    -999;    1.6;   59.63;    6.9;   -2.9;   -4.9;eor
        294;20200323;-999;-999;-999;    3;   0.0;   0;-999;-999;  -999;   3.4;    -999;    1.2;   53.13;    7.9;   -5.2;   -7.4;eor
        294;20200324;-999;-999;-999;    3;   0.0;   0;-999;-999;  -999;   3.4;    -999;    2.5;   47.92;    9.8;   -3.6;   -6.5;eor
        294;20200325;-999;-999;-999;    3;   0.0;   0;-999;-999;  -999;   3.3;    -999;    2.7;   46.75;   10.0;   -4.0;   -6.5;eor
        294;20200326;-999;-999;-999;    3;   0.0;   0;-999;-999;  -999;   3.9;    -999;    3.9;   49.54;   10.7;   -2.9;   -5.5;eor
        294;20200327;-999;-999;-999;    3;   0.0;   0;-999;-999;  -999;   5.4;    -999;    7.7;   53.13;   16.5;   -0.1;   -2.9;eor
        294;20200328;-999;-999;-999;    3;   0.0;   0;-999;-999;  -999;   6.0;    -999;    6.3;   65.04;   13.9;   -0.4;   -2.8;eor
        294;20200329;-999;-999;-999;    1;   1.5;   4;-999;-999;  -999;   5.0;    -999;    2.2;   69.33;    4.4;   -3.4;   -4.8;eor
        294;20200330;-999;-999;-999;    1;   0.9;   4;-999;-999;  -999;   5.0;    -999;    1.0;   73.04;    4.0;   -3.7;   -5.4;eor
        294;20200331;-999;-999;-999;    1;   0.0;   0;-999;-999;  -999;   4.5;    -999;    1.7;   68.08;    8.2;   -3.8;   -5.0;eor
        294;20200401;-999;-999;-999;    1;   0.0;   0;-999;-999;  -999;   5.1;    -999;    5.0;   57.29;    9.3;    1.1;   -1.3;eor
        294;20200402;-999;-999;-999;    1;   0.9;   4;-999;-999;  -999;   6.2;    -999;    6.7;   63.42;    8.7;    4.1;    3.3;eor
        294;20200403;-999;-999;-999;    1;   0.0;   0;-999;-999;  -999;   6.3;    -999;    7.1;   63.21;   10.8;    4.4;    3.7;eor
        294;20200404;-999;-999;-999;    1;   0.0;   0;-999;-999;  -999;   5.6;    -999;    7.5;   56.21;   13.8;    0.9;   -0.7;eor
        294;20200405;-999;-999;-999;    1;   0.0;   0;-999;-999;  -999;   6.4;    -999;   10.2;   53.71;   18.8;    1.1;   -1.9;eor
        294;20200406;-999;-999;-999;    1;   0.0;   0;-999;-999;  -999;   6.5;    -999;   14.6;   41.63;   24.1;    2.8;   -0.1;eor
        294;20200407;-999;-999;-999;    1;   0.0;   0;-999;-999;  -999;   9.5;    -999;   14.1;   60.67;   19.9;    9.7;    6.4;eor
        294;20200408;-999;-999;-999;    1;   0.0;   0;-999;-999;  -999;   8.9;    -999;   14.9;   55.04;   24.3;    6.6;    4.2;eor
        294;20200409;-999;-999;-999;    1;   0.0;   0;-999;-999;  -999;   8.7;    -999;   13.0;   60.58;   20.2;    5.3;    3.6;eor
        294;20200410;-999;-999;-999;    1;   0.0;   0;-999;-999;  -999;   6.2;    -999;    7.6;   63.79;   15.7;    1.0;    0.1;eor
        294;20200411;-999;-999;-999;    1;   0.0;   0;-999;-999;  -999;   6.7;    -999;   10.3;   57.54;   18.6;    1.4;    0.2;eor
        294;20200412;-999;-999;-999;    1;   0.0;   0;-999;-999;  -999;   7.2;    -999;   16.7;   39.08;   22.8;    8.4;    5.4;eor
        294;20200413;-999;-999;-999;    1;   0.0;   0;-999;-999;  -999;   5.7;    -999;    7.3;   55.17;   13.5;    3.7;    3.4;eor
        294;20200414;-999;-999;-999;    1;   0.0;   0;-999;-999;  -999;   5.6;    -999;    5.7;   63.21;   10.3;    1.5;    0.4;eor
        294;20200415;-999;-999;-999;    1;   0.0;   0;-999;-999;  -999;   6.2;    -999;    8.6;   57.25;   16.3;    3.3;    2.3;eor
        294;20200416;-999;-999;-999;    1;   0.0;   0;-999;-999;  -999;   7.5;    -999;   11.7;   57.17;   20.5;    4.1;    2.2;eor
        294;20200417;-999;-999;-999;    1;   0.0;   0;-999;-999;  -999;   7.0;    -999;    9.4;   63.38;   18.3;    1.7;    0.8;eor
        294;20200418;-999;-999;-999;    1;   0.0;   0;-999;-999;  -999;   7.2;    -999;   12.4;   51.88;   20.9;    4.1;    1.5;eor
        294;20200419;-999;-999;-999;    1;   0.0;   0;-999;-999;  -999;   5.0;    -999;    9.7;   43.13;   16.6;    3.3;   -0.1;eor
        294;20200420;-999;-999;-999;    1;   0.0;   0;-999;-999;  -999;   5.6;    -999;    9.6;   49.83;   17.2;    0.4;   -2.0;eor
        294;20200421;-999;-999;-999;    1;   0.0;   0;-999;-999;  -999;   6.3;    -999;   11.4;   48.25;   17.9;    4.0;    1.8;eor
        294;20200422;-999;-999;-999;    1;   0.0;   0;-999;-999;  -999;   6.9;    -999;   12.6;   49.29;   20.5;    4.4;    1.7;eor
        294;20200423;-999;-999;-999;    1;   0.0;   0;-999;-999;  -999;   7.6;    -999;   13.6;   51.54;   22.0;    4.5;    1.8;eor
        294;20200424;-999;-999;-999;    1;   0.0;   0;-999;-999;  -999;   8.0;    -999;   13.8;   52.67;   20.4;    6.8;    6.3;eor
        294;20200425;-999;-999;-999;    1;   0.0;   0;-999;-999;  -999;   7.4;    -999;   10.0;   60.96;   16.2;    4.2;    3.3;eor
        294;20200426;-999;-999;-999;    1;   0.0;   0;-999;-999;  -999;   8.2;    -999;   10.2;   68.33;   18.1;    3.0;    2.2;eor
        294;20200427;-999;-999;-999;    1;   0.0;   0;-999;-999;  -999;   8.1;    -999;   13.6;   56.04;   22.2;    4.1;    2.8;eor
        294;20200428;-999;-999;-999;    1;   0.3;   4;-999;-999;  -999;  10.4;    -999;   12.8;   70.38;   20.5;    6.5;    5.7;eor
        294;20200429;-999;-999;-999;    1;   0.6;   4;-999;-999;  -999;  11.1;    -999;   13.1;   74.21;   16.3;    9.2;    6.7;eor
        294;20200430;-999;-999;-999;    1;   8.3;   4;-999;-999;  -999;  10.1;    -999;   12.2;   72.46;   17.1;    7.7;    6.8;eor
        294;20200501;-999;-999;-999;    1;   0.4;   4;-999;-999;  -999;   9.0;    -999;   10.3;   73.17;   15.8;    7.7;    6.7;eor
        294;20200502;-999;-999;-999;    1;   5.2;   4;-999;-999;  -999;   9.4;    -999;    9.1;   81.42;   12.9;    7.5;    6.4;eor
        294;20200503;-999;-999;-999;    1;   0.9;   4;-999;-999;  -999;   9.6;    -999;   11.2;   73.25;   15.9;    7.5;    6.5;eor
        294;20200504;-999;-999;-999;    1;   1.2;   4;-999;-999;  -999;   8.8;    -999;    9.7;   75.00;   16.0;    4.3;    2.8;eor
        294;20200505;-999;-999;-999;    1;   0.0;   0;-999;-999;  -999;   6.5;    -999;    8.3;   62.38;   15.5;    3.2;    1.8;eor
        294;20200506;-999;-999;-999;    1;   0.0;   0;-999;-999;  -999;   7.0;    -999;   10.3;   59.96;   18.1;    2.3;    0.7;eor
        294;20200507;-999;-999;-999;    1;   0.0;   0;-999;-999;  -999;   7.5;    -999;   11.4;   59.25;   19.9;    4.7;    3.2;eor
        294;20200508;-999;-999;-999;    1;   0.0;   0;-999;-999;  -999;   7.5;    -999;   14.0;   48.42;   22.5;    5.9;    3.4;eor
        294;20200509;-999;-999;-999;    1;   0.0;   0;-999;-999;  -999;   8.4;    -999;   16.6;   46.71;   24.8;    6.8;    4.6;eor
        294;20200510;-999;-999;-999;    1;   0.0;   4;-999;-999;  -999;  10.1;    -999;   14.9;   60.63;   24.9;    6.3;    5.8;eor
        294;20200511;-999;-999;-999;    1;   0.0;   0;-999;-999;  -999;   6.0;    -999;    7.1;   60.63;   12.7;    3.4;    2.5;eor
        294;20200512;-999;-999;-999;    1;   0.0;   0;-999;-999;  -999;   6.3;    -999;    7.4;   62.25;   12.8;    2.5;    1.5;eor
        294;20200513;-999;-999;-999;    1;   0.0;   4;-999;-999;  -999;   7.3;    -999;    8.9;   64.79;   15.6;    6.1;    4.5;eor
        294;20200514;-999;-999;-999;    1;   0.0;   0;-999;-999;  -999;   6.4;    -999;    8.5;   60.63;   16.1;    2.8;    1.5;eor
        294;20200515;-999;-999;-999;    1;   0.0;   0;-999;-999;  -999;   6.7;    -999;    8.4;   62.63;   14.9;    1.0;   -0.2;eor
        294;20200516;-999;-999;-999;    1;   0.0;   0;-999;-999;  -999;   7.5;    -999;   12.0;   55.08;   17.2;    6.1;    4.5;eor
        294;20200517;-999;-999;-999;    1;   0.0;   0;-999;-999;  -999;   8.4;    -999;   13.1;   57.50;   19.3;    7.1;    5.6;eor
        294;20200518;-999;-999;-999;    1;   0.0;   0;-999;-999;  -999;   9.4;    -999;   16.4;   51.13;   22.3;    9.3;    6.9;eor
        294;20200519;-999;-999;-999;    1;   0.1;   4;-999;-999;  -999;  11.4;    -999;   15.5;   64.75;   21.3;   11.6;   10.3;eor
        294;20200520;-999;-999;-999;    1;   0.0;   0;-999;-999;  -999;  11.9;    -999;   15.1;   70.75;   20.9;   10.1;    8.3;eor
        294;20200521;-999;-999;-999;    1;   0.0;   0;-999;-999;  -999;  10.9;    -999;   17.2;   59.38;   25.7;    8.0;    6.6;eor
        294;20200522;-999;-999;-999;    1;   2.2;   4;-999;-999;  -999;  14.3;    -999;   17.4;   71.67;   23.2;   10.4;    8.7;eor
        294;20200523;-999;-999;-999;    1;   1.5;   4;-999;-999;  -999;  10.4;    -999;   14.8;   62.38;   17.8;   10.2;    8.0;eor
        294;20200524;-999;-999;-999;    1;   3.3;   4;-999;-999;  -999;  11.0;    -999;   12.8;   74.50;   16.2;   10.9;    9.9;eor
        294;20200525;-999;-999;-999;    1;   0.0;   0;-999;-999;  -999;  10.7;    -999;   12.6;   74.21;   18.2;    5.9;    5.0;eor
        294;20200526;-999;-999;-999;    1;   0.0;   0;-999;-999;  -999;  10.6;    -999;   13.5;   70.79;   22.2;    5.5;    4.6;eor
        294;20200527;-999;-999;-999;    1;   0.0;   0;-999;-999;  -999;  10.7;    -999;   16.4;   60.08;   25.0;    9.9;    7.7;eor
        294;20200528;-999;-999;-999;    1;   0.0;   0;-999;-999;  -999;   9.1;    -999;   14.1;   59.38;   21.8;    7.6;    6.0;eor
        294;20200529;-999;-999;-999;    1;   0.0;   0;-999;-999;  -999;   9.0;    -999;   14.6;   58.75;   23.0;    5.9;    4.8;eor
        294;20200530;-999;-999;-999;    1;   0.0;   0;-999;-999;  -999;   8.4;    -999;   15.4;   50.38;   23.6;    8.2;    6.6;eor
        294;20200531;-999;-999;-999;    1;   0.0;   0;-999;-999;  -999;   9.5;    -999;   14.9;   58.00;   24.0;    6.7;    5.5;eor
        294;20200601;-999;-999;-999;    1;   0.0;   0;-999;-999;  -999;   9.8;    -999;   16.8;   53.83;   26.5;    6.4;    4.8;eor
        294;20200602;-999;-999;-999;    1;   0.0;   0;-999;-999;  -999;  11.4;    -999;   19.8;   50.96;   27.8;   11.0;    8.8;eor
        294;20200603;-999;-999;-999;    1;   0.0;   0;-999;-999;  -999;  12.6;    -999;   20.2;   55.38;   28.3;   12.8;   11.3;eor
        294;20200604;-999;-999;-999;    1;  16.7;   4;-999;-999;  -999;  13.5;    -999;   14.9;   80.21;   18.7;   10.0;   10.1;eor
        294;20200605;-999;-999;-999;    1;   4.8;   4;-999;-999;  -999;  10.0;    -999;   10.9;   78.71;   17.0;    7.6;    6.8;eor
        294;20200606;-999;-999;-999;    1;   1.2;   4;-999;-999;  -999;   9.3;    -999;   11.7;   69.04;   17.1;    7.5;    6.4;eor
        294;20200607;-999;-999;-999;    1;   0.0;   0;-999;-999;  -999;   9.5;    -999;   14.0;   59.92;   18.3;    9.8;    7.8;eor
        294;20200608;-999;-999;-999;    1;   0.0;   0;-999;-999;  -999;  11.3;    -999;   14.5;   69.08;   19.8;    9.1;    7.8;eor
        294;20200609;-999;-999;-999;    1;   0.8;   4;-999;-999;  -999;  12.8;    -999;   15.2;   75.38;   23.1;   10.2;    9.0;eor
