STATIONS_ID;MESS_DATUM;QN_3;  FX;  FM;QN_4; RSK;RSKF; SDK;SHK_TAG;  NM; VPM;  PM; TMK; UPM; TXK; TNK; TGK;eor
       2559;20181208;   10;  15.7;   4.6;    3;  14.8;   6;    1.717;   0;   6.6;   6.1;  932.64;    4.2;   73.88;    6.2;    1.4;    0.7;eor
       2559;20181209;   10;  22.3;   5.2;    3;  16.6;   6;    0.017;   0;   7.6;   7.3;  926.88;    4.7;   85.42;    7.6;    2.3;    1.5;eor
       2559;20181210;   10;  11.6;   3.5;    3;   2.7;   8;    0.283;   0;   7.4;   5.7;  938.22;    2.1;   80.71;    3.9;   -0.3;   -1.0;eor
       2559;20181211;   10;   8.3;   1.8;    3;   0.1;   8;    0.250;   1;   7.3;   4.9;  939.91;   -0.2;   82.04;    1.7;   -3.6;   -5.8;eor
       2559;20181212;   10;   6.7;   1.6;    3;   0.0;   8;    6.583;   0;   4.8;   4.2;  937.94;   -2.1;   79.96;    1.8;   -5.8;   -8.1;eor
       2559;20181213;   10;   6.0;   1.8;    3;   0.0;   0;    1.150;   0;   7.4;   3.7;  931.46;   -3.2;   76.17;   -0.6;   -6.8;   -7.4;eor
       2559;20181214;   10;   5.2;   1.5;    3;   0.0;   0;    2.333;   0;   7.0;   3.1;  934.70;   -5.7;   77.13;   -2.3;   -8.4;   -7.3;eor
       2559;20181215;   10;   5.6;   1.3;    3;   0.7;   7;    4.500;   0;   4.5;   3.0;  938.55;   -6.0;   76.96;   -2.5;   -9.9;  -11.3;eor
       2559;20181216;   10;   9.4;   1.8;    3;   2.7;   8;    0.850;   1;   6.7;   4.7;  931.95;   -2.5;   89.54;    3.8;   -9.2;   -8.9;eor
       2559;20181217;   10;   7.5;   1.6;    3;   0.9;   6;    0.200;   1;   8.0;   5.4;  939.63;   -0.4;   89.79;    3.3;   -6.1;   -8.7;eor
       2559;20181218;   10;   4.7;   1.6;    3;   0.0;   0;    6.833;   0;   4.6;   4.6;  941.17;   -0.4;   77.67;    5.8;   -4.5;   -6.6;eor
       2559;20181219;   10;   6.1;   1.6;    3;   0.8;   6;    0.117;   0;   7.6;   4.9;  935.03;    1.0;   74.88;    4.3;   -4.9;   -7.1;eor
       2559;20181220;   10;  10.2;   2.2;    3;   0.4;   6;    4.783;   0;   6.5;   6.2;  936.87;    3.4;   80.88;    6.2;    1.0;   -1.2;eor
       2559;20181221;   10;  13.1;   3.1;    3;  15.0;   6;    0.000;   0;   7.6;   7.0;  935.16;    5.2;   77.46;    8.4;    1.1;   -1.0;eor
       2559;20181222;   10;  20.5;   5.6;    3;   5.6;   6;    0.000;   0;   7.8;   8.8;  937.26;    8.4;   79.38;   10.3;    6.6;    4.9;eor
       2559;20181223;   10;  17.2;   3.7;    3;  32.9;   6;    0.000;   0;   7.6;   8.7;  940.34;    7.4;   83.92;    9.3;    5.5;    4.9;eor
       2559;20181224;   10;  17.1;   2.7;    3;   8.4;   8;    0.117;   0;   7.5;   7.4;  942.71;    3.7;   91.58;    9.6;   -0.9;   -3.0;eor
       2559;20181225;   10;   4.8;   1.1;    3;   0.0;   0;    1.483;   0;   6.1;   5.4;  950.21;   -0.5;   91.58;    2.5;   -3.7;   -5.2;eor
       2559;20181226;   10;   6.6;   1.4;    3;   0.0;   0;    7.233;   0;   2.3;   4.3;  947.90;   -1.6;   80.83;    5.9;   -5.6;   -6.8;eor
       2559;20181227;   10;   3.7;   1.3;    3;   0.0;   0;    3.600;   0;   7.0;   4.5;  943.80;   -1.7;   83.88;    5.3;   -6.2;   -7.4;eor
       2559;20181228;   10;   3.5;   1.0;    3;   0.0;   8;    6.317;   0;   5.5;   4.9;  944.45;   -0.4;   84.29;    8.2;   -5.1;   -6.1;eor
       2559;20181229;   10;  10.3;   1.4;    3;   0.7;   8;    0.000;   1;   8.0;   4.8;  948.25;   -2.3;   92.08;    0.4;   -4.9;   -4.4;eor
       2559;20181230;   10;  13.9;   3.0;    3;   2.6;   8;    0.000;   0;   7.7;   6.1;  949.26;    1.6;   89.17;    2.9;    0.2;   -0.3;eor
       2559;20181231;   10;   5.7;   1.6;    3;   3.9;   8;    0.000;   0;   7.8;   6.7;  949.98;    2.0;   94.50;    3.6;   -0.1;   -0.8;eor
       2559;20190101;   10;  12.6;   2.8;    3;   1.9;   8;    0.283;   0;   7.7;   6.2;  946.65;    1.2;   93.46;    2.9;   -0.7;   -1.3;eor
       2559;20190102;   10;  15.9;   3.2;    3;   1.8;   8;    0.100;   0;   7.4;   4.7;  946.63;   -0.8;   81.67;    2.2;   -5.9;  -12.4;eor
       2559;20190103;   10;   5.5;   1.6;    3;   0.3;   7;    0.967;   1;   7.4;   3.6;  951.16;   -3.9;   78.08;   -1.9;   -6.7;  -12.2;eor
       2559;20190104;   10;   7.5;   2.0;    3;   0.4;   8;    0.000;   2;   7.6;   4.1;  950.42;   -2.6;   80.71;   -0.9;   -4.8;   -5.7;eor
       2559;20190105;   10;  13.2;   3.7;    3;  17.9;   8;    0.000;   2;   7.5;   5.1;  946.00;   -0.9;   88.25;    0.3;   -2.1;   -1.4;eor
       2559;20190106;   10;  10.3;   2.3;    3;   8.8;   8;    0.000;  24;   7.8;   6.0;  946.55;    0.4;   94.88;    1.0;    0.0;   -0.1;eor
       2559;20190107;   10;  10.1;   1.6;    3;   2.2;   8;    0.083;  25;   7.7;   5.8;  947.71;    0.6;   91.25;    1.8;    0.1;    0.0;eor
       2559;20190108;   10;  16.9;   4.5;    3;   6.1;   8;    0.050;  21;   7.5;   5.8;  936.26;    1.0;   87.54;    2.2;   -0.3;    0.0;eor
       2559;20190109;   10;  13.3;   3.3;    3;  15.5;   8;    0.000;  19;   7.5;   4.8;  930.39;   -1.1;   85.92;    1.0;   -2.9;    0.0;eor
       2559;20190110;   10;   5.2;   1.4;    3;  12.4;   8;    0.000;  39;   7.5;   4.6;  936.81;   -2.6;   91.79;   -1.1;   -3.6;    0.0;eor
       2559;20190111;   10;   8.6;   2.1;    3;   0.6;   8;    0.667;  47;   7.0;   3.8;  940.91;   -4.3;   84.42;   -1.7;  -11.3;    0.0;eor
       2559;20190112;   10;  11.3;   3.5;    3;  13.2;   8;    0.000;  43;   7.6;   5.4;  939.32;    0.2;   87.04;    2.2;   -1.8;    0.1;eor
       2559;20190113;   10;  16.9;   4.6;    3;  20.9;   8;    0.000;  46;   7.7;   6.3;  929.02;    1.6;   92.08;    4.1;    0.3;    0.1;eor
       2559;20190114;   10;  13.8;   3.7;    3;   3.2;   8;    0.000;  31;   7.1;   5.8;  929.44;    1.6;   85.00;    3.8;   -1.0;    0.1;eor
       2559;20190115;   10;   8.5;   2.5;    3;   0.0;   0;    2.100;  29;   7.1;   4.6;  938.90;    0.4;   73.67;    3.5;   -3.9;    0.1;eor
       2559;20190116;   10;   5.6;   1.8;    3;   0.0;   0;    7.633;  26;   6.5;   4.3;  932.46;   -1.5;   78.75;    7.7;   -7.8;    0.1;eor
       2559;20190117;   10;  14.6;   3.4;    3;   3.5;   8;    1.950;  25;   6.2;   5.4;  927.99;    2.8;   72.13;    7.2;   -1.3;    0.2;eor
       2559;20190118;   10;   8.9;   1.9;    3;   0.0;   0;    5.667;  26;   7.0;   3.7;  934.25;   -2.2;   71.96;    1.3;   -8.0;    0.3;eor
       2559;20190119;   10;   3.5;   1.5;    3;   0.0;   0;    7.333;  24;   5.0;   2.4;  931.49;   -9.1;   78.08;   -1.3;  -14.0;    0.2;eor
       2559;20190120;   10;   2.8;   0.9;    3;   0.0;   0;    0.000;  24;   7.0;   3.0;  930.93;   -6.5;   77.79;    2.2;  -13.7;    0.1;eor
       2559;20190121;   10;   3.4;   0.9;    3;   0.0;   0;    0.000;  23;   8.0;   4.0;  934.65;   -3.2;   83.96;    0.0;   -6.4;    0.3;eor
       2559;20190122;   10;   4.3;   1.2;    3;   0.0;   7;    4.333;  23;   4.0;   3.3;  926.74;   -6.2;   85.17;   -1.3;  -14.1;    0.3;eor
       2559;20190123;   10;   4.2;   1.2;    3;   0.0;   7;    7.217;  23;   7.7;   2.6;  915.63;   -8.7;   81.00;   -2.1;  -13.8;    0.2;eor
       2559;20190124;   10;   5.4;   1.6;    3;   0.0;   7;    1.017;  23;   7.7;   3.3;  924.31;   -5.4;   80.08;   -2.0;   -7.9;    0.2;eor
       2559;20190125;   10;   8.1;   2.1;    3;   0.1;   7;    5.067;  24;   7.4;   2.9;  932.51;   -5.5;   71.79;   -1.9;  -10.0;    0.3;eor
       2559;20190126;   10;  10.6;   3.0;    3;   0.7;   8;    0.000;  23;   7.6;   5.4;  930.01;    1.1;   79.13;    3.5;   -3.6;    0.3;eor
       2559;20190127;   10;  13.2;   2.0;    3;   5.3;   8;    0.667;  20;   7.5;   5.7;  915.41;    2.2;   79.25;    5.2;   -0.9;    0.2;eor
       2559;20190128;   10;  13.0;   4.0;    3;   3.3;   8;    0.367;  22;   7.2;   4.8;  918.75;   -0.6;   82.46;    0.9;   -1.9;    0.1;eor
       2559;20190129;   10;   7.1;   1.8;    3;   3.2;   7;    4.083;  27;   6.7;   4.0;  923.20;   -3.2;   81.67;    0.5;  -12.2;    0.1;eor
       2559;20190130;   10;  12.1;   2.4;    3;   0.0;   8;    1.200;  27;   7.8;   3.2;  915.70;   -4.3;   72.83;    2.9;  -13.2;    0.0;eor
       2559;20190131;   10;   5.5;   1.3;    3;   0.0;   0;    1.817;  25;   6.8;   3.2;  915.66;   -4.4;   73.13;    1.3;  -12.2;    0.0;eor
       2559;20190201;   10;   5.6;   1.0;    3;   1.5;   6;    0.017;  24;   7.7;   4.5;  910.13;   -0.1;   74.13;    3.8;   -3.5;    0.1;eor
       2559;20190202;   10;   4.2;   1.1;    3;  11.1;   8;    2.067;  22;   7.3;   6.6;  914.86;    2.2;   92.67;    6.7;    0.5;    0.2;eor
       2559;20190203;   10;   8.5;   1.5;    3;  12.4;   7;    0.000;  21;   7.7;   5.5;  930.66;   -0.7;   94.67;    1.4;   -2.5;    0.2;eor
       2559;20190204;   10;   5.1;   1.3;    3;   0.0;   0;    7.083;  34;   4.5;   3.9;  943.95;   -3.9;   85.46;    1.3;  -10.0;    0.1;eor
       2559;20190205;   10;   4.4;   1.5;    3;   0.0;   0;    8.550;  29;   3.3;   3.0;  944.45;   -6.9;   82.13;    2.7;  -12.8;    0.1;eor
       2559;20190206;   10;   3.8;   1.4;    3;   0.0;   0;    8.817;  27;   4.8;   3.0;  942.17;   -7.2;   80.83;    3.6;  -14.6;    0.1;eor
       2559;20190207;   10;   8.8;   2.0;    3;   2.3;   6;    0.000;  27;   7.8;   4.8;  935.46;   -1.6;   85.42;    6.4;  -12.5;    0.1;eor
       2559;20190208;   10;   7.8;   1.9;    3;   0.0;   0;    7.717;  24;   6.6;   5.0;  936.40;    1.5;   75.13;    7.1;   -3.1;    0.2;eor
       2559;20190209;   10;  14.9;   2.7;    3;   4.5;   6;    1.150;  22;   7.7;   5.9;  933.30;    3.5;   75.17;    7.5;   -2.2;    0.2;eor
       2559;20190210;   10;  18.0;   2.8;    3;   9.0;   8;    3.267;  19;   7.8;   5.7;  925.42;    4.5;   69.67;   12.8;    0.6;    0.1;eor
       2559;20190211;   10;  15.5;   4.0;    3;   0.8;   8;    0.050;  18;   7.7;   5.2;  935.94;    1.2;   77.79;    2.8;    0.1;    0.1;eor
       2559;20190212;   10;   8.3;   2.3;    3;   0.1;   8;    0.000;  18;   6.5;   4.8;  949.67;   -0.1;   78.63;    1.8;   -6.4;    0.1;eor
       2559;20190213;   10;   5.0;   1.8;    3;   0.0;   0;    9.167;  17;   3.5;   3.7;  952.52;   -1.5;   70.92;    7.0;   -7.4;    0.0;eor
       2559;20190214;   10;   4.2;   1.4;    3;   0.0;   0;    9.067;  17;   5.0;   4.5;  952.41;    0.7;   73.00;   11.4;   -6.6;   -0.1;eor
       2559;20190215;   10;   4.0;   1.5;    3;   0.0;   0;    9.333;  16;   0.5;   4.1;  949.33;    1.3;   65.33;   12.9;   -6.2;   -0.2;eor
       2559;20190216;   10;   4.5;   1.7;    3;   0.0;   0;    9.433;  13;   0.0;   3.8;  946.48;    2.0;   59.21;   13.8;   -5.2;   -0.2;eor
       2559;20190217;   10;   5.5;   2.1;    3;   0.0;   0;    9.483;  13;   2.0;   3.8;  943.50;    3.1;   53.38;   14.6;   -4.3;   -0.2;eor
       2559;20190218;   10;   4.8;   1.7;    3;   0.0;   0;    9.500;  12;   0.1;   3.8;  939.05;    1.8;   58.00;   12.9;   -6.1;   -0.2;eor
       2559;20190219;   10;   7.5;   2.1;    3;   0.0;   6;    5.333;  11;   6.1;   5.1;  939.05;    4.2;   62.83;   11.4;   -1.1;   -0.2;eor
       2559;20190220;   10;   4.1;   1.4;    3;   0.0;   0;    6.067;   8;   7.0;   5.8;  941.88;    3.7;   74.33;   10.3;   -1.1;    0.3;eor
       2559;20190221;   10;   6.7;   1.7;    3;   1.1;   6;    8.700;   6;   5.7;   5.5;  945.70;    5.4;   64.50;   12.8;   -1.3;   -0.2;eor
       2559;20190222;   10;   7.8;   1.3;    3;   1.5;   6;    0.300;   0;   6.7;   7.4;  950.15;    4.4;   88.67;    7.6;    0.6;   -0.6;eor
       2559;20190223;   10;   9.6;   2.6;    3;   0.0;   0;    6.200;   0;   5.0;   4.8;  952.00;    1.8;   69.38;    5.5;   -2.9;   -2.6;eor
       2559;20190224;   10;   5.9;   1.1;    3;   0.0;   0;    6.550;   0;   3.3;   3.9;  952.05;    0.3;   64.71;    8.1;   -6.7;   -5.2;eor
       2559;20190225;   10;   7.4;   1.5;    3;   0.0;   0;    9.967;   0;   2.6;   5.3;  952.21;    2.8;   71.83;   11.3;   -4.5;   -4.9;eor
       2559;20190226;   10;   4.8;   1.6;    3;   0.0;   0;    9.333;   0;   4.2;   5.4;  950.30;    4.3;   69.04;   15.2;   -3.5;   -4.7;eor
       2559;20190227;   10;   5.5;   2.0;    3;   0.0;   0;   10.067;   0;   1.1;   5.1;  944.87;    5.8;   59.79;   15.8;   -2.1;   -3.1;eor
       2559;20190228;   10;  11.9;   3.2;    3;   0.8;   6;    9.983;   0;   1.8;   5.8;  938.32;    9.2;   52.54;   16.0;    0.8;   -1.9;eor
       2559;20190301;   10;  12.2;   3.2;    3;   9.4;   6;    0.000;   0;   7.6;   7.4;  934.89;    5.2;   83.92;    7.5;    3.4;    3.4;eor
       2559;20190302;   10;   9.3;   2.7;    3;   0.0;   6;    0.250;   0;   7.8;   6.8;  936.60;    5.3;   77.21;    7.7;    3.6;    0.4;eor
       2559;20190303;   10;  10.3;   2.7;    3;   0.0;   0;    7.433;   0;   7.6;   6.4;  934.01;    8.1;   60.21;   12.5;    3.8;    0.3;eor
       2559;20190304;   10;  22.6;   5.0;    3;   5.4;   8;    3.600;   0;   6.4;   5.3;  924.60;    6.2;   57.21;   13.8;    1.9;   -1.4;eor
       2559;20190305;   10;  15.0;   3.7;    3;   0.0;   8;    3.967;   0;   6.5;   5.6;  930.72;    5.1;   64.29;    8.6;    1.4;   -0.3;eor
       2559;20190306;   10;   5.2;   1.7;    3;   0.0;   0;    5.217;   0;   7.3;   5.5;  926.88;    5.7;   62.88;   15.2;   -1.7;   -3.4;eor
       2559;20190307;   10;  17.2;   2.9;    3;   5.5;   6;    2.083;   0;   6.8;   6.6;  924.30;    7.0;   67.54;   13.1;    2.3;    0.2;eor
       2559;20190308;   10;  12.2;   3.1;    3;   2.8;   6;    1.483;   0;   6.6;   6.4;  934.97;    4.1;   78.54;    6.7;    1.1;   -1.3;eor
       2559;20190309;   10;  17.4;   4.4;    3;   6.0;   6;    1.550;   0;   7.8;   7.3;  937.60;    7.1;   72.54;   10.9;    3.5;    1.0;eor
       2559;20190310;   10;  23.0;   5.2;    3;  18.9;   8;    0.867;   0;   7.0;   8.6;  933.10;    8.2;   78.58;   11.6;    4.7;    3.0;eor
       2559;20190311;   10;  16.9;   4.4;    3;   4.7;   8;    0.350;   0;   6.2;   4.9;  938.93;    1.5;   72.63;    5.0;   -1.3;   -2.9;eor
       2559;20190312;   10;   9.9;   2.7;    3;   1.1;   6;    8.250;   1;   5.7;   4.2;  938.29;    3.5;   56.08;    9.1;    0.1;   -2.1;eor
       2559;20190313;   10;  17.4;   4.4;    3;   6.3;   8;    4.183;   0;   6.5;   5.5;  931.57;    3.6;   71.25;   10.3;    0.2;    0.0;eor
       2559;20190314;   10;  15.1;   4.9;    3;  10.4;   8;    0.000;   0;   6.6;   6.2;  929.75;    2.3;   86.54;    3.5;    1.0;    0.1;eor
       2559;20190315;   10;  19.2;   4.8;    3;  24.2;   6;    0.000;   0;   7.6;   8.0;  931.37;    5.4;   88.42;    8.3;    2.1;    2.1;eor
       2559;20190316;   10;  13.6;   3.9;    3;   0.0;   0;    7.233;   0;   4.7;   7.5;  933.11;    9.6;   63.96;   15.4;    4.6;    0.2;eor
       2559;20190317;   10;  15.8;   3.4;    3;  11.1;   8;    8.100;   0;   6.1;   5.3;  928.25;    7.4;   57.08;   17.5;    0.1;   -2.2;eor
       2559;20190318;   10;  10.4;   2.4;    3;   2.1;   8;    4.067;   0;   7.1;   5.7;  937.01;    1.8;   82.42;    5.7;   -0.1;   -2.2;eor
       2559;20190319;   10;   4.9;   1.5;    3;   0.0;   8;    2.183;   0;   5.5;   5.2;  943.52;    1.6;   77.38;    6.4;   -3.0;   -4.0;eor
       2559;20190320;   10;   6.9;   1.8;    3;   0.0;   0;   11.100;   0;   0.0;   4.4;  948.98;    1.7;   66.83;    8.5;   -4.4;   -5.6;eor
       2559;20190321;   10;   7.5;   1.9;    3;   0.0;   0;   11.167;   0;   2.3;   4.6;  947.93;    4.0;   60.79;   12.5;   -3.9;   -5.9;eor
       2559;20190322;   10;   5.0;   1.7;    3;   0.0;   0;   11.033;   0;   2.9;   5.6;  946.50;    6.2;   63.71;   16.5;   -2.8;   -4.6;eor
       2559;20190323;   10;   5.8;   1.8;    3;   0.0;   0;   11.217;   0;   1.2;   5.9;  944.77;    8.5;   57.38;   18.1;    0.0;   -2.4;eor
       2559;20190324;   10;   8.4;   2.1;    3;   0.0;   0;   11.067;   0;   1.5;   6.5;  940.78;    8.5;   63.13;   17.5;   -0.3;   -2.2;eor
       2559;20190325;   10;  12.4;   2.6;    3;   5.9;   8;    2.550;   0;   7.0;   6.2;  938.98;    4.5;   74.75;    8.7;   -0.4;   -1.7;eor
       2559;20190326;   10;   5.3;   1.3;    3;   0.0;   7;    4.517;   4;   6.1;   5.1;  944.88;    1.8;   74.42;    6.4;   -0.7;   -0.6;eor
       2559;20190327;   10;   7.1;   1.7;    3;   0.0;   0;    2.883;   0;   6.9;   5.6;  947.20;    3.8;   71.33;    8.3;    0.1;   -0.8;eor
       2559;20190328;   10;  12.0;   2.5;    3;   0.0;   0;   11.483;   0;   1.5;   5.7;  948.01;    6.1;   63.54;   12.0;   -1.5;   -3.5;eor
       2559;20190329;   10;   5.5;   1.4;    3;   0.0;   0;   11.650;   0;   0.0;   6.0;  945.63;    7.1;   63.88;   15.4;   -0.8;   -3.5;eor
       2559;20190330;   10;   6.0;   1.9;    3;   0.0;   0;   11.400;   0;   3.2;   6.0;  941.46;    7.9;   60.88;   17.1;   -1.1;   -3.1;eor
       2559;20190331;   10;   8.4;   2.2;    3;   0.0;   0;   11.683;   0;   0.5;   6.1;  937.57;    8.7;   60.00;   17.6;   -0.4;   -2.1;eor
       2559;20190401;   10;   6.4;   1.7;    3;   0.0;   0;   11.617;   0;   1.2;   7.3;  934.92;    8.1;   69.17;   16.1;    0.1;   -1.8;eor
       2559;20190402;   10;   9.2;   2.0;    3;   0.0;   0;    9.117;   0;   7.5;   5.8;  929.42;   11.5;   48.50;   19.9;    1.6;   -1.4;eor
       2559;20190403;   10;  11.9;   1.9;    3;   0.0;   0;    6.100;   0;   7.4;   6.9;  921.48;    9.8;   58.75;   17.1;    4.3;    2.8;eor
       2559;20190404;   10;   9.3;   2.3;    3;   0.1;   8;    0.000;   0;   7.8;   6.1;  918.22;    3.0;   80.75;    5.6;    0.9;    0.6;eor
       2559;20190405;   10;   5.0;   1.3;    3;   0.0;   0;    0.017;   0;   8.0;   6.2;  922.48;    4.4;   74.92;    7.5;    1.0;    0.3;eor
       2559;20190406;   10;   6.6;   1.8;    3;   0.0;   0;   11.767;   0;   2.9;   6.9;  921.91;    7.2;   70.38;   16.0;   -1.5;   -2.7;eor
       2559;20190407;   10;   7.6;   2.2;    3;   3.9;   6;    2.483;   0;   7.4;   8.3;  923.49;    8.3;   76.67;   14.1;    2.3;    1.1;eor
       2559;20190408;   10;   6.2;   1.7;    3;   1.0;   6;    0.000;   0;   7.8;   8.6;  928.80;    7.5;   82.92;    9.7;    5.9;    5.6;eor
       2559;20190409;   10;   5.6;   1.2;    3;  10.5;   6;    0.850;   0;   7.8;   9.2;  927.89;    8.2;   85.13;   10.9;    5.9;    5.3;eor
       2559;20190410;   10;   4.3;   1.2;    3;   5.7;   6;    0.000;   0;   7.8;   9.4;  927.89;    7.4;   91.63;    9.4;    6.2;    6.0;eor
       2559;20190411;   10;   6.1;   1.6;    3;   0.0;   6;    0.000;   0;   7.8;   7.8;  932.90;    5.6;   85.04;    7.0;    4.0;    2.4;eor
       2559;20190412;   10;   6.6;   1.6;    3;   0.0;   0;    1.633;   0;   7.9;   5.8;  935.20;    4.3;   69.67;    7.7;    1.4;   -1.6;eor
       2559;20190413;   10;   7.0;   1.5;    3;   2.1;   8;    1.667;   0;   7.6;   5.9;  934.42;    3.8;   74.46;    8.9;   -0.3;   -2.3;eor
       2559;20190414;   10;   5.4;   1.2;    3;   0.1;   8;    0.000;   0;   7.2;   6.3;  935.26;    3.1;   82.17;    5.2;    0.4;    0.2;eor
       2559;20190415;   10;   8.7;   2.2;    3;   0.0;   0;    9.650;   0;   2.0;   7.0;  937.47;    6.7;   71.92;   13.9;   -1.1;   -3.1;eor
       2559;20190416;   10;   8.8;   1.8;    3;   0.4;   6;    8.567;   0;   4.0;   6.7;  935.78;    9.3;   61.38;   16.8;    0.3;   -2.2;eor
       2559;20190417;   10;   7.9;   1.9;    3;   0.0;   0;   10.450;   0;   5.2;   7.3;  939.15;   10.7;   59.00;   17.2;    4.5;    1.7;eor
       2559;20190418;   10;   7.4;   1.8;    3;   0.0;   0;   11.850;   0;   1.3;   7.2;  940.23;   11.0;   58.08;   19.6;    0.9;   -0.8;eor
       2559;20190419;   10;   7.3;   2.0;    3;   0.0;   0;   12.217;   0;   0.3;   7.0;  944.08;   11.9;   55.38;   20.8;    2.1;    1.0;eor
       2559;20190420;   10;   7.3;   2.0;    3;   0.0;   0;   12.717;   0;   0.0;   7.1;  943.69;   12.1;   55.50;   21.4;    2.2;    1.0;eor
       2559;20190421;   10;   7.1;   1.9;    3;   0.0;   0;   10.667;   0;   4.5;   6.7;  936.99;   12.4;   52.50;   22.2;    1.7;    0.4;eor
       2559;20190422;   10;   8.1;   2.3;    3;   0.0;   6;   10.350;   0;   6.6;   7.5;  926.59;   13.2;   53.83;   22.5;    1.7;    1.2;eor
       2559;20190423;   10;   6.5;   1.6;    3;   0.0;   6;    2.767;   0;   6.8;   7.9;  919.42;   13.9;   53.29;   21.1;    6.0;    4.9;eor
       2559;20190424;   10;  13.0;   2.6;    3;   0.0;   0;    8.417;   0;   5.3;   7.5;  924.17;   15.1;   48.46;   23.8;    5.0;    3.7;eor
       2559;20190425;   10;  10.4;   2.0;    3;   0.0;   0;    6.967;   0;   5.2;   7.1;  928.67;   13.3;   53.83;   23.5;    3.0;    2.0;eor
       2559;20190426;   10;  10.2;   2.3;    3;   2.7;   6;    0.550;   0;   6.0;   7.4;  933.77;    5.3;   82.75;    7.6;    1.8;    0.7;eor
       2559;20190427;   10;  13.5;   3.0;    3;   6.5;   6;    2.700;   0;   7.4;   7.6;  936.33;    7.0;   76.71;   12.5;    2.9;    3.3;eor
       2559;20190428;   10;   9.7;   2.1;    3;   0.7;   6;    4.100;   0;   7.0;   6.3;  937.79;    4.4;   76.67;    9.4;    0.6;   -0.3;eor
       2559;20190429;   10;   7.8;   1.4;    3;   8.0;   6;    0.133;   0;   7.6;   7.4;  938.52;    4.5;   87.21;    8.3;    1.8;    1.2;eor
       2559;20190430;   10;   6.5;   2.1;    3;   2.0;   6;    0.467;   0;   7.6;   8.3;  937.21;    6.2;   87.67;    9.7;    3.7;    2.9;eor
       2559;20190501;   10;   6.5;   1.8;    3;   0.0;   0;   13.033;-999;   0.7;   6.7;  934.25;    8.6;   65.58;   16.7;    0.1;   -0.6;eor
       2559;20190502;   10;  11.5;   3.0;    3;   4.3;   6;   10.017;   0;   4.3;   7.8;  929.90;   10.5;   65.29;   18.5;    2.9;    1.4;eor
       2559;20190503;   10;   8.6;   2.1;    3;   0.8;   6;    0.050;   0;   7.7;   8.7;  929.73;    7.5;   84.50;    9.3;    4.4;    2.8;eor
       2559;20190504;   10;  10.9;   2.1;    3;  12.3;   8;    0.767;   0;   7.0;   7.4;  926.50;    4.4;   88.17;   11.3;    0.3;    0.0;eor
       2559;20190505;   10;   8.7;   1.4;    3;   3.1;   8;    0.683;   0;   7.7;   6.1;  933.20;    1.6;   89.54;    5.3;    0.2;   -0.2;eor
       2559;20190506;   10;   6.2;   1.2;    3;   0.8;   8;    1.950;   0;   7.8;   5.8;  937.41;    3.4;   75.79;    7.2;    0.0;   -0.7;eor
       2559;20190507;   10;   5.4;   1.7;    3;   0.0;   0;   11.400;   0;   6.2;   5.5;  935.20;    6.2;   62.38;   14.4;   -1.4;   -3.1;eor
       2559;20190508;   10;  11.0;   1.9;    3;   0.3;   6;    0.050;   0;   7.4;   8.0;  926.17;    9.4;   68.50;   16.0;    1.0;   -0.5;eor
       2559;20190509;   10;  17.1;   3.3;    3;   4.3;   6;    8.567;   0;   5.2;   8.3;  924.19;    9.7;   70.88;   15.2;    2.0;    0.3;eor
       2559;20190510;   10;   9.4;   2.7;    3;   0.5;   6;    5.433;   0;   7.2;   9.2;  930.99;   10.5;   73.88;   15.2;    7.2;    5.8;eor
       2559;20190511;   10;  13.8;   2.7;    3;  13.5;   6;    0.000;   0;   7.8;   9.6;  932.30;    8.9;   84.08;   12.0;    5.2;    4.9;eor
       2559;20190512;   10;   8.2;   1.6;    3;  10.8;   8;    0.000;   0;   7.6;   7.6;  944.98;    4.1;   92.04;    6.0;    1.5;    2.3;eor
       2559;20190513;   10;  10.0;   2.0;    3;   0.0;   6;    3.267;   0;   6.9;   7.1;  948.53;    6.3;   75.50;   10.3;    2.8;    0.2;eor
       2559;20190514;   10;   9.1;   1.9;    3;   2.6;   8;    6.250;   0;   4.5;   5.8;  943.94;    5.0;   68.21;   10.4;   -0.3;   -2.4;eor
       2559;20190515;   10;   7.2;   1.6;    3;   0.0;   6;    0.000;   0;   8.0;   6.6;  938.71;    4.8;   77.29;    8.3;    1.2;    0.0;eor
       2559;20190516;   10;   6.3;   1.5;    3;   0.0;   0;    1.183;   0;   5.6;   7.5;  931.73;    6.4;   78.96;   11.7;    0.6;   -1.4;eor
       2559;20190517;   10;   6.6;   1.5;    3;   0.0;   6;    8.050;-999;   4.3;   8.2;  925.51;    9.9;   71.08;   19.3;    0.2;   -1.0;eor
       2559;20190518;   10;   6.6;   1.6;    3;   0.0;   6;    6.150;-999;   7.2;   9.5;  924.17;   11.9;   70.50;   19.6;    3.4;    1.9;eor
       2559;20190519;   10;  10.4;   1.6;    3;  17.3;   6;    3.667;-999;   7.7;  11.1;  923.43;   11.9;   81.00;   19.6;    6.3;    5.0;eor
       2559;20190520;   10;  10.5;   2.2;    3;  59.3;   6;    0.000;-999;   7.7;  11.8;  924.15;   10.2;   94.58;   10.7;    9.5;    9.2;eor
       2559;20190521;   10;  11.8;   3.1;    3;  27.8;   6;    0.000;-999;   7.7;  11.0;  930.73;    9.5;   92.46;   10.2;    8.8;    8.3;eor
       2559;20190522;   10;   6.3;   1.8;    3;   1.8;   6;    0.283;-999;   7.9;  11.1;  937.13;   10.9;   85.71;   14.7;    8.7;    8.6;eor
       2559;20190523;   10;   5.1;   1.3;    3;   0.0;   0;    9.867;-999;   6.4;  10.3;  937.08;   12.9;   72.67;   19.0;    6.3;    4.7;eor
       2559;20190524;   10;   6.1;   1.7;    3;   0.0;   0;   11.900;-999;   5.1;   9.5;  934.05;   13.7;   64.83;   21.7;    4.2;    3.1;eor
       2559;20190525;   10;   9.9;   1.8;    3;   0.6;   6;    3.350;-999;   7.1;  10.9;  934.74;   13.0;   74.67;   19.2;    6.7;    5.0;eor
       2559;20190526;   10;   4.6;   1.4;    3;   0.0;   0;    3.483;-999;   5.8;  11.3;  935.07;   13.7;   74.17;   19.4;    8.9;    7.1;eor
       2559;20190527;   10;   5.8;   1.5;    3;  20.6;   6;    0.683;-999;   7.0;  11.8;  930.15;   13.4;   77.38;   17.9;    8.6;    6.5;eor
       2559;20190528;   10;   7.4;   2.1;    3;  18.0;   6;    0.000;-999;   7.8;  11.3;  928.68;   10.0;   92.04;   11.8;    7.8;    7.4;eor
       2559;20190529;   10;   6.2;   1.6;    3;   7.9;   6;    0.617;-999;   7.8;  10.0;  938.04;    8.8;   88.25;   13.5;    7.7;    7.4;eor
       2559;20190530;   10;   5.1;   1.5;    3;   0.0;   0;    9.183;-999;   4.0;   9.4;  944.22;   11.5;   72.21;   18.2;    4.5;    3.0;eor
       2559;20190531;   10;   6.0;   1.5;    3;   0.0;   0;    6.567;-999;   5.6;  10.6;  944.43;   14.3;   66.63;   21.2;    9.1;    7.5;eor
       2559;20190601;   10;   6.5;   1.8;    3;   0.0;   0;   13.900;-999;   3.1;  11.2;  941.45;   16.7;   64.17;   24.7;    6.7;    5.4;eor
       2559;20190602;   10;   5.5;   1.7;    3;   0.0;   0;   13.883;-999;   1.8;  12.1;  937.81;   18.6;   61.54;   27.2;    8.8;    7.2;eor
       2559;20190603;   10;  11.0;   2.0;    3;   0.1;   6;   11.683;-999;   2.8;  12.8;  936.03;   19.8;   59.00;   28.2;   11.5;    9.3;eor
       2559;20190604;   10;   6.3;   1.8;    3;   0.0;   0;   13.850;-999;   2.0;  13.6;  932.35;   20.4;   60.54;   28.5;   12.4;   10.8;eor
       2559;20190605;   10;   7.0;   2.0;    3;   0.0;   0;   13.100;-999;   1.4;  13.6;  927.55;   21.0;   58.13;   28.8;   11.7;    9.9;eor
       2559;20190606;   10;  11.5;   2.1;    3;   1.8;   6;    0.317;-999;   6.9;  12.2;  932.61;   14.0;   77.42;   20.0;   10.2;   10.4;eor
       2559;20190607;   10;  11.1;   2.0;    3;   0.0;   6;   13.967;-999;   1.3;  11.9;  932.15;   18.0;   62.92;   28.3;    7.7;    6.0;eor
       2559;20190608;   10;   9.0;   2.1;    3;   0.0;   0;    6.500;-999;   5.5;   8.4;  942.35;   14.7;   53.08;   21.1;    8.4;    6.8;eor
       2559;20190609;   10;   9.5;   1.5;    3;   2.7;   6;    6.233;-999;   6.8;  11.7;  940.27;   15.0;   70.88;   24.4;    6.5;    4.9;eor
       2559;20190610;   10;  14.6;   1.5;    3;  23.7;   8;    3.533;-999;   7.3;  15.0;  933.59;   15.2;   87.46;   20.9;   11.6;   10.9;eor
       2559;20190611;   10;   8.5;   1.9;    3;   0.1;   6;    5.167;-999;   6.4;  14.2;  930.29;   15.1;   83.21;   18.6;   10.2;    9.8;eor
       2559;20190612;   10;  13.5;   1.6;    3;   0.2;   6;    3.200;-999;   7.5;  13.3;  930.61;   14.4;   80.92;   17.5;   11.7;   12.5;eor
       2559;20190613;   10;   6.3;   1.3;    3;   0.0;   0;    8.417;-999;   4.8;  12.4;  934.70;   17.2;   66.04;   23.2;   10.8;    9.5;eor
       2559;20190614;   10;   6.0;   1.6;    3;   0.0;   0;    9.650;-999;   3.4;  14.5;  934.93;   19.3;   68.13;   27.4;    9.7;    8.3;eor
       2559;20190615;   10;  14.9;   2.3;    3;  13.1;   6;    7.533;-999;   6.3;  14.3;  934.88;   18.3;   70.25;   23.5;   12.4;   12.2;eor
       2559;20190616;   10;   7.9;   1.9;    3;   0.0;   0;    3.533;-999;   6.7;  13.3;  940.41;   15.6;   75.71;   19.0;   11.6;   10.1;eor
       2559;20190617;   10;   7.3;   1.8;    3;   0.0;   0;   10.467;-999;   4.0;  14.5;  938.05;   17.7;   73.96;   24.7;    9.5;    8.3;eor
       2559;20190618;   10;   8.8;   1.9;    3;   5.0;   6;   12.317;-999;   3.2;  14.4;  935.47;   19.9;   66.79;   27.8;   11.7;   10.5;eor
       2559;20190619;   10;  13.9;   1.9;    3;   3.1;   6;   12.850;-999;   4.1;  13.6;  932.63;   21.3;   59.58;   28.6;   13.8;   13.3;eor
       2559;20190620;   10;   6.8;   1.8;    3;   4.9;   6;    4.917;-999;   6.5;  15.6;  934.82;   17.0;   81.42;   22.0;   13.3;   12.0;eor
       2559;20190621;   10;   5.9;   1.3;    3;  19.5;   6;    3.000;-999;   7.8;  15.5;  937.20;   16.7;   82.71;   22.3;   12.2;   11.1;eor
       2559;20190622;   10;   6.9;   1.4;    3;  15.1;   6;    1.100;-999;   7.8;  15.8;  935.95;   15.9;   87.96;   22.1;   13.7;   13.3;eor
       2559;20190623;   10;   6.3;   1.6;    3;   1.1;   6;    8.683;-999;   5.2;  16.2;  937.53;   18.1;   79.46;   23.5;   14.2;   12.9;eor
       2559;20190624;   10;   6.7;   1.7;    3;   0.0;   0;   13.867;-999;   3.6;  16.2;  939.30;   21.2;   67.38;   28.4;   12.5;   11.4;eor
       2559;20190625;   10;   4.1;   1.5;    3;   0.0;   0;   13.833;-999;   1.2;  17.8;  940.75;   23.8;   64.63;   33.0;   14.2;   12.9;eor
       2559;20190626;   10;   4.6;   1.6;    3;   0.0;   4;   13.833;-999;   0.1;  17.6;  943.34;   25.5;   59.00;   34.6;   15.2;   13.8;eor
       2559;20190627;   10;   7.6;   1.9;    3;   0.0;   0;   13.750;-999;   0.5;  20.0;  942.61;   25.3;   63.50;   32.1;   17.1;   15.8;eor
       2559;20190628;   10;   5.7;   1.4;    3;   0.0;   0;   13.917;-999;   0.3;  13.3;  941.45;   21.8;   55.04;   28.3;   13.5;   12.2;eor
       2559;20190629;   10;   6.7;   1.8;    3;   0.0;   0;   13.900;-999;   0.0;  13.6;  939.03;   21.6;   58.42;   30.2;   11.5;   10.3;eor
       2559;20190630;   10;  11.5;   2.6;    3;   0.0;   0;   13.917;-999;   1.2;  15.2;  938.10;   24.5;   53.88;   33.0;   14.1;   12.4;eor
       2559;20190701;   10;  10.5;   2.4;    3;  18.5;   6;    9.617;-999;   6.5;  16.7;  937.93;   23.7;   58.75;   30.6;   16.8;   16.3;eor
       2559;20190702;   10;   6.9;   1.6;    3;   0.0;   0;    5.850;-999;   6.9;  17.8;  939.02;   19.9;   77.50;   24.5;   16.1;   13.7;eor
       2559;20190703;   10;   6.1;   1.5;    3;   0.0;   0;    8.233;-999;   6.0;  13.4;  939.44;   18.3;   65.21;   23.0;   12.3;   11.2;eor
       2559;20190704;   10;   6.3;   1.5;    3;   0.0;   0;   13.917;-999;   0.7;  12.3;  939.77;   18.8;   59.79;   25.4;   10.4;    9.0;eor
       2559;20190705;   10;  10.5;   2.5;    3;   0.0;   0;   12.767;-999;   1.9;  12.9;  937.51;   20.5;   57.92;   28.0;   12.4;   10.9;eor
       2559;20190706;   10;  17.5;   2.6;    3;   5.5;   6;    8.583;-999;   4.6;  13.5;  933.66;   20.3;   59.50;   28.3;   12.1;   10.2;eor
       2559;20190707;   10;  15.5;   2.2;    3;   9.8;   6;    3.767;-999;   7.2;  15.5;  933.00;   16.7;   82.79;   23.6;   14.0;   13.6;eor
       2559;20190708;   10;   4.4;   1.1;    3;   0.9;   6;    0.000;-999;   7.8;  14.8;  936.15;   14.8;   87.83;   17.4;   13.2;   12.7;eor
       2559;20190709;   10;   4.9;   1.3;    3;   0.0;   0;    4.100;-999;   6.6;  11.1;  936.63;   15.0;   66.17;   19.8;    9.3;    7.6;eor
       2559;20190710;   10;   5.6;   1.5;    3;   0.0;   0;   13.800;-999;   2.5;   9.6;  937.55;   13.7;   64.42;   20.5;    6.2;    5.0;eor
       2559;20190711;   10;   6.1;   1.6;    3;   4.6;   6;    0.783;-999;   7.1;  12.0;  935.51;   13.2;   79.38;   18.2;    8.7;    7.2;eor
       2559;20190712;   10;   8.6;   2.0;    3;  18.2;   6;    1.250;-999;   7.8;  14.2;  934.41;   14.0;   89.04;   18.6;   11.4;   10.4;eor
       2559;20190713;   10;   7.8;   1.8;    3;   2.6;   6;    1.800;-999;   7.5;  13.2;  936.55;   14.6;   80.38;   18.1;   11.9;   11.1;eor
       2559;20190714;   10;   7.2;   1.5;    3;   0.1;   6;    7.017;-999;   6.2;  13.1;  934.98;   15.8;   74.63;   21.6;   11.4;   10.5;eor
       2559;20190715;   10;   8.2;   1.8;    3;   0.0;   0;    8.367;-999;   5.2;  12.9;  934.61;   16.2;   72.00;   22.1;   11.0;    9.8;eor
       2559;20190716;   10;   7.0;   1.6;    3;   0.0;   0;   13.000;-999;   2.0;  12.7;  936.36;   16.7;   70.17;   24.1;    8.8;    7.7;eor
       2559;20190717;   10;   8.3;   2.0;    3;   0.0;   0;   12.767;-999;   5.3;  12.7;  933.88;   18.5;   63.42;   26.1;   10.3;    8.7;eor
       2559;20190718;   10;   9.6;   2.3;    3;   0.0;   0;   11.617;-999;   6.2;  11.6;  933.71;   18.5;   58.92;   25.7;   10.4;    9.1;eor
       2559;20190719;   10;   7.0;   2.0;    3;   0.0;   0;    8.817;-999;   7.1;  13.5;  935.90;   20.0;   59.71;   26.6;   13.3;   12.4;eor
       2559;20190720;   10;   9.1;   2.4;    3;   4.5;   6;   12.250;-999;   6.5;  14.6;  936.37;   21.3;   61.75;   29.6;   12.3;   11.4;eor
       2559;20190721;   10;   9.3;   1.9;    3;   1.8;   6;    4.433;-999;   6.9;  17.8;  941.70;   19.6;   79.00;   25.0;   15.7;   14.4;eor
       2559;20190722;   10;   6.4;   1.7;    3;   0.0;   0;   12.867;-999;   5.1;  15.8;  943.61;   21.0;   67.58;   28.7;   13.5;   12.5;eor
       2559;20190723;   10;   6.3;   1.7;    3;   0.0;   0;   13.600;-999;   1.2;  15.0;  940.83;   22.1;   61.79;   30.9;   12.4;   11.4;eor
       2559;20190724;   10;   7.8;   2.0;    3;   0.0;   0;   13.600;-999;   1.5;  16.0;  937.97;   24.2;   58.50;   33.1;   14.5;   13.1;eor
       2559;20190725;   10;   6.7;   2.0;    3;   0.0;   0;   13.167;-999;   4.9;  16.2;  936.64;   25.7;   52.65;   33.3;   16.6;   15.0;eor
       2559;20190726;   10;-999;-999;    3;  -999;-999;    9.200;-999;  -999;  -999;    -999;   24.6;-999;   33.0;   15.5;   13.0;eor
       2559;20190727;   10;-999;-999;    3;  -999;-999;    7.000;-999;  -999;  -999;    -999;   19.5;-999;   24.8;   16.1;   14.2;eor
       2559;20190728;   10;-999;-999;    3;  -999;-999;    0.000;-999;  -999;  -999;    -999;   15.8;-999;   20.2;   14.3;   13.3;eor
       2559;20190729;   10;-999;-999;    3;   0.0;   0;    3.483;-999;  -999;  -999;    -999;   16.2;-999;   22.4;   14.6;   13.6;eor
       2559;20190730;   10;   7.5;   1.6;    3;   5.9;   8;    9.833;-999;   5.0;  16.9;  934.23;   20.9;   71.46;   26.4;   15.9;   15.3;eor
       2559;20190731;   10;   6.5;   1.2;    3;   2.5;   6;    1.033;-999;   7.0;  15.8;  937.97;   16.5;   85.00;   20.4;   13.6;   12.1;eor
       2559;20190801;   10;   5.9;   1.4;    3;   0.0;   6;   11.633;-999;   4.3;  14.7;  937.10;   18.1;   72.79;   24.4;   11.7;   10.7;eor
       2559;20190802;   10;   9.1;   1.6;    3;  34.3;   8;    3.983;-999;   7.4;  15.4;  935.30;   16.0;   86.00;   22.5;   13.4;   12.5;eor
       2559;20190803;   10;  10.2;   2.1;    3;   1.0;   6;    6.500;-999;   5.7;  14.1;  936.17;   16.7;   75.42;   21.3;   11.8;   11.1;eor
       2559;20190804;   10;   6.0;   1.6;    3;   0.0;   0;   12.883;-999;   4.5;  13.0;  936.48;   17.2;   70.58;   24.6;   10.1;    9.1;eor
       2559;20190805;   10;   9.9;   2.1;    3;  21.8;   6;    5.033;-999;   7.5;  14.7;  934.84;   20.3;   64.04;   27.2;   13.1;   10.9;eor
       2559;20190806;   10;  10.6;   2.8;    3;   3.1;   6;    2.000;-999;   7.8;  17.2;  934.42;   17.8;   84.75;   22.4;   15.2;   14.0;eor
       2559;20190807;   10;  10.3;   1.9;    3;   9.2;   6;    1.467;-999;   7.8;  16.6;  932.27;   17.3;   84.54;   23.1;   14.7;   13.4;eor
       2559;20190808;   10;   7.8;   1.7;    3;   0.0;   0;   11.450;-999;   5.4;  15.5;  934.46;   18.5;   75.50;   24.8;   13.3;   11.8;eor
       2559;20190809;   10;   8.4;   1.9;    3;   0.7;   6;   12.300;-999;   4.0;  16.3;  933.44;   21.9;   65.88;   31.1;   11.4;   10.3;eor
       2559;20190810;   10;   9.6;   1.8;    3;   8.1;   6;    1.517;-999;   7.7;  17.6;  937.92;   18.6;   81.58;   21.5;   15.3;   14.5;eor
       2559;20190811;   10;  11.8;   2.0;    3;   6.7;   6;   12.233;-999;   3.4;  16.9;  936.11;   20.1;   73.96;   26.5;   12.5;   11.4;eor
       2559;20190812;   10;   6.0;   1.5;    3;  32.7;   6;    0.900;-999;   7.8;  16.1;  936.90;   15.0;   94.08;   18.1;   13.2;   12.9;eor
       2559;20190813;   10;   6.4;   1.8;    3;   2.1;   6;    1.517;-999;   7.5;  13.2;  938.64;   14.5;   80.88;   18.7;   11.0;   10.1;eor
       2559;20190814;   10;   5.3;   1.3;    3;   0.0;   0;   10.650;-999;   2.3;  11.3;  938.63;   14.1;   73.79;   20.0;    8.7;    7.3;eor
       2559;20190815;   10;   9.8;   2.2;    3;   4.2;   6;    3.417;-999;   6.0;  12.8;  936.62;   13.8;   81.25;   18.5;    8.5;    6.5;eor
       2559;20190816;   10;   5.9;   1.7;    3;   0.0;   0;    9.900;-999;   5.4;  12.9;  938.27;   15.7;   74.17;   21.4;   11.3;    9.8;eor
       2559;20190817;   10;   6.2;   1.7;    3;   0.0;   6;    1.700;-999;   7.8;  13.8;  935.10;   17.0;   72.75;   22.9;   10.8;    8.6;eor
       2559;20190818;   10;  13.8;-999;    3;  19.2;   4;   12.300;-999;  -999;  -999;  932.36;   20.6;-999;   30.3;   13.7;   11.4;eor
       2559;20190819;   10;-999;-999;    3;  15.0;   4;    1.200;-999;  -999;  -999;  938.10;   18.2;-999;   22.8;   15.3;   14.9;eor
       2559;20190820;   10;   7.5;   1.3;    3;  26.9;   6;    0.000;-999;   7.6;  16.6;  941.79;   15.0;   96.33;   18.1;   11.4;   11.3;eor
       2559;20190821;   10;-999;-999;    3;   0.0;   0;    1.500;-999;  -999;  -999;  945.52;   13.0;-999;   15.3;   11.2;   10.9;eor
       2559;20190822;   10;-999;-999;    3;   0.0;   0;    0.000;-999;  -999;  -999;    -999;   13.8;-999;   16.1;   11.8;   10.0;eor
       2559;20190823;   10;   6.7;   1.4;    3;   0.0;   0;    0.033;-999;   7.6;  15.2;  943.13;   16.0;   83.71;   20.0;    9.9;    9.0;eor
       2559;20190824;   10;   6.7;   1.2;    3;   0.0;   6;    8.733;-999;   3.4;  16.9;  940.00;   18.2;   82.46;   25.7;   12.1;   10.9;eor
       2559;20190825;   10;   6.8;   1.7;    3;   0.0;   0;   11.917;-999;   1.6;  16.2;  939.48;   19.2;   75.33;   26.7;   12.5;   11.0;eor
       2559;20190826;   10;   5.2;   1.6;    3;   0.0;   0;   11.783;-999;   0.3;  16.6;  938.83;   19.7;   74.75;   26.9;   13.2;   11.9;eor
       2559;20190827;   10;   6.6;   1.9;    3;   0.0;   0;   12.133;-999;   2.6;  15.3;  938.11;   20.2;   67.88;   28.2;   13.4;   11.5;eor
       2559;20190828;   10;   8.4;   1.7;    3;   0.9;   6;    7.367;-999;   7.0;  16.6;  937.91;   20.6;   69.92;   28.6;   14.9;   13.1;eor
       2559;20190829;   10;   6.3;   1.7;    3;  20.9;   6;    3.983;-999;   5.3;  17.7;  940.56;   18.1;   85.92;   24.3;   14.4;   13.1;eor
       2559;20190830;   10;   5.1;   1.5;    3;   0.0;   0;   12.350;-999;   0.0;  16.4;  941.52;   19.5;   75.08;   26.8;   12.3;   11.3;eor
       2559;20190831;   10;   6.4;   1.7;    3;   0.0;   0;   10.583;-999;   3.0;  17.0;  936.38;   19.6;   76.88;   28.1;   12.3;   11.2;eor
       2559;20190901;   10;   9.3;   2.1;    3;  32.4;   8;    5.217;-999;   6.2;  15.6;  935.14;   18.8;   72.96;   24.4;   13.4;   11.9;eor
       2559;20190902;   10;   4.9;   1.1;    3;   2.2;   6;    0.000;-999;   6.7;  13.6;  940.85;   12.9;   90.38;   14.6;    7.6;    6.7;eor
       2559;20190903;   10;   5.2;   1.4;    3;   0.0;   0;   10.167;-999;   3.6;  11.0;  943.35;   12.9;   78.04;   20.7;    7.2;    6.4;eor
       2559;20190904;   10;   5.7;   1.8;    3;   0.0;   0;   12.217;-999;   0.0;  11.9;  937.76;   15.1;   72.46;   23.7;    7.7;    6.7;eor
       2559;20190905;   10;   5.4;   1.2;    3;  13.7;   6;    0.000;-999;   7.0;  12.3;  938.82;   11.5;   90.33;   14.5;    9.3;    9.1;eor
       2559;20190906;   10;   5.6;   1.1;    3;  15.1;   6;    0.000;-999;   7.9;  11.6;  940.23;   10.9;   89.38;   13.4;    9.0;    8.9;eor
       2559;20190907;   10;   6.0;   1.4;    3;   3.7;   6;    0.383;-999;   7.5;  11.4;  938.28;   11.1;   87.29;   14.9;    7.8;    6.7;eor
       2559;20190908;   10;   5.6;   1.3;    3;  11.0;   6;    0.000;-999;   7.5;  10.2;  935.36;    8.1;   93.46;   10.2;    5.6;    4.0;eor
       2559;20190909;   10;   6.6;   2.0;    3;   4.4;   6;    3.500;-999;   6.3;  10.0;  934.71;    8.9;   88.50;   14.7;    6.0;    5.0;eor
       2559;20190910;   10;   5.7;   1.4;    3;   0.0;   0;   10.233;-999;   6.3;  10.8;  936.08;   12.1;   78.88;   19.5;    5.3;    4.3;eor
       2559;20190911;   10;   6.5;   1.3;    3;   0.0;   6;    8.783;-999;   5.0;  12.7;  942.73;   14.2;   79.50;   20.3;    8.4;    7.2;eor
       2559;20190912;   10;   5.2;   1.4;    3;   0.0;   0;    9.633;-999;   3.5;  13.1;  949.39;   16.1;   74.33;   22.7;   11.3;    9.3;eor
       2559;20190913;   10;   5.0;   1.4;    3;   0.0;   0;   11.733;-999;   2.3;  13.8;  950.09;   16.3;   76.54;   24.1;    9.7;    7.8;eor
       2559;20190914;   10;   6.6;   1.3;    3;   0.0;   0;   10.250;-999;   4.8;  14.7;  947.97;   15.6;   84.08;   23.6;    9.2;    7.9;eor
       2559;20190915;   10;   5.7;   1.7;    3;   0.0;   0;   11.617;-999;   0.3;  14.9;  943.72;   17.3;   78.17;   25.2;   10.5;    8.8;eor
       2559;20190916;   10;   9.0;   1.9;    3;   0.0;   0;   10.783;-999;   3.6;  15.2;  939.65;   18.3;   74.46;   25.7;   11.8;   10.0;eor
       2559;20190917;   10;   7.6;   1.6;    3;   0.0;   0;    7.933;-999;   6.2;  13.9;  938.27;   16.1;   77.04;   21.9;   10.6;    9.2;eor
       2559;20190918;   10;   6.3;   1.6;    3;   0.0;   0;    5.633;-999;   5.8;   9.5;  941.28;   11.6;   70.13;   16.7;    5.0;    2.8;eor
       2559;20190919;   10;   8.1;   1.5;    3;   0.0;   0;   10.617;-999;   2.0;   7.8;  943.80;    8.8;   70.46;   15.4;    3.0;    0.9;eor
       2559;20190920;   10;   6.7;   1.3;    3;   0.0;   0;   10.650;-999;   6.3;   7.7;  943.71;    8.3;   72.83;   15.9;    1.2;   -0.6;eor
       2559;20190921;   10;   5.2;   1.4;    3;   0.0;   0;   11.167;-999;   1.6;  10.2;  938.05;   11.1;   78.50;   21.4;    2.5;    1.1;eor
       2559;20190922;   10;   5.0;   1.5;    3;   6.0;   6;    4.800;-999;   7.3;  12.8;  931.82;   14.6;   78.96;   23.4;    8.3;    7.3;eor
       2559;20190923;   10;   8.3;   2.1;    3;   6.8;   6;    0.000;-999;   7.5;  12.6;  936.10;   11.9;   90.29;   15.9;    8.7;    6.9;eor
       2559;20190924;   10;   7.1;   1.4;    3;   2.3;   6;    4.283;-999;   6.0;  11.6;  933.39;   11.8;   84.50;   17.4;    5.6;    4.3;eor
       2559;20190925;   10;   8.8;   2.4;    3;   4.8;   6;    3.500;-999;   7.7;  12.4;  931.36;   13.0;   83.38;   16.2;   10.4;    9.3;eor
       2559;20190926;   10;   8.1;   1.9;    3;   0.1;   6;    0.000;-999;   7.7;  13.5;  934.89;   12.8;   91.08;   15.4;   10.3;    9.2;eor
       2559;20190927;   10;  11.1;   2.1;    3;  18.2;   6;    4.050;-999;   7.8;  13.7;  934.92;   15.2;   80.13;   20.7;   10.8;    9.4;eor
       2559;20190928;   10;  10.7;   2.2;    3;   0.1;   6;    5.500;-999;   7.3;  12.2;  937.69;   12.9;   82.96;   17.2;    9.6;    8.2;eor
       2559;20190929;   10;  11.0;   2.0;    3;   0.6;   6;    9.650;-999;   3.8;  11.3;  931.62;   14.8;   69.46;   22.0;    6.9;    5.2;eor
       2559;20190930;   10;  15.6;   3.4;    3;   0.0;   6;    5.817;-999;   5.8;  11.8;  933.29;   14.1;   74.42;   17.2;    8.1;    6.0;eor
       2559;20191001;   10;   9.2;   2.2;    3;   5.4;   6;    9.667;   0;   4.1;  11.0;  929.30;   14.5;   70.13;   21.7;    6.7;    5.1;eor
       2559;20191002;   10;  12.3;   2.7;    3;  10.2;   6;    2.167;   0;   7.2;  11.3;  929.36;   10.8;   86.79;   15.6;    5.0;    4.0;eor
       2559;20191003;   10;   6.5;   1.6;    3;   0.0;   0;    5.600;   0;   5.2;   7.7;  937.06;    6.5;   80.33;   12.6;    1.7;    0.8;eor
       2559;20191004;   10;  12.8;   2.6;    3;   8.2;   6;    0.367;   0;   7.5;   8.8;  931.00;    7.4;   85.04;   10.7;    1.8;    1.1;eor
       2559;20191005;   10;  12.5;   2.4;    3;  11.1;   6;    0.000;   0;   7.7;  10.4;  932.75;    9.0;   90.00;   11.2;    6.9;    6.7;eor
       2559;20191006;   10;  13.7;   1.2;    3;  19.7;   6;    0.000;   0;   7.8;  10.8;  933.13;    9.2;   91.96;   12.6;    6.2;    5.4;eor
       2559;20191007;   10;   8.6;   2.2;    3;   0.0;   6;    4.183;   0;   5.9;   9.2;  936.32;    8.3;   84.92;   12.9;    4.6;    2.6;eor
       2559;20191008;   10;  11.8;   2.3;    3;  20.4;   6;    1.900;   0;   7.8;   9.3;  933.81;   12.2;   67.83;   18.9;    4.6;    3.0;eor
       2559;20191009;   10;  12.7;   2.3;    3;  27.2;   6;    0.000;   0;   7.3;  11.3;  933.38;   10.0;   90.71;   14.9;    7.9;    6.6;eor
       2559;20191010;   10;  14.3;   3.1;    3;   0.1;   6;    3.183;   0;   5.5;   9.5;  937.73;    9.3;   82.17;   12.7;    4.4;    2.6;eor
       2559;20191011;   10;   5.8;   1.7;    3;   0.0;   0;    9.733;   0;   4.3;   9.0;  939.10;    9.7;   77.21;   18.8;    2.8;    1.1;eor
       2559;20191012;   10;   7.1;   1.9;    3;   0.0;   0;    9.850;   0;   4.0;   9.7;  937.42;   13.3;   66.00;   22.8;    5.1;    2.4;eor
       2559;20191013;   10;   4.5;   1.7;    3;   0.0;   0;    9.850;   0;   1.8;  11.6;  936.93;   14.1;   74.38;   23.3;    6.8;    5.2;eor
       2559;20191014;   10;   4.8;   1.6;    3;   0.0;   0;    7.950;   0;   1.0;  11.5;  934.71;   13.1;   78.04;   21.9;    6.0;    3.9;eor
       2559;20191015;   10;  14.7;   2.3;    3;   3.6;   6;    6.050;   0;   5.7;  10.7;  929.38;   12.6;   75.75;   23.9;    5.8;    3.8;eor
       2559;20191016;   10;   7.5;   2.1;    3;   0.0;   0;    9.300;   0;   2.0;   8.3;  935.37;    9.8;   72.08;   17.0;    5.1;    2.7;eor
       2559;20191017;   10;   4.6;   1.6;    3;   0.0;   6;    6.733;   0;   6.9;   9.2;  935.21;   11.0;   72.08;   18.9;    5.0;    2.9;eor
       2559;20191018;   10;   6.9;   1.4;    3;   0.0;   6;    2.583;   0;   7.8;  10.8;  933.56;   12.4;   77.00;   19.2;    8.0;    6.6;eor
       2559;20191019;   10;   6.7;   1.1;    3;   1.1;   6;    1.200;   0;   7.3;  11.1;  930.86;   10.2;   88.63;   14.0;    5.7;    3.9;eor
       2559;20191020;   10;   4.8;   1.6;    3;   0.0;   0;    4.050;   0;   6.3;  11.2;  929.08;   11.6;   81.88;   19.6;    4.6;    3.2;eor
       2559;20191021;   10;   4.8;   1.2;    3;   1.7;   6;    0.967;   0;   7.0;  12.9;  937.45;   12.5;   88.33;   16.1;    7.4;    5.5;eor
       2559;20191022;   10;   4.3;   1.3;    3;   0.0;   0;    0.150;   0;   7.7;  12.5;  941.02;   12.1;   88.83;   14.3;    9.5;    7.5;eor
       2559;20191023;   10;   4.2;   1.3;    3;   0.0;   0;    7.750;   0;   6.1;  12.0;  934.37;   12.1;   86.00;   20.4;    5.7;    6.0;eor
       2559;20191024;   10;   5.5;   1.4;    3;   0.5;   6;    1.233;   0;   7.9;  11.8;  932.28;   11.7;   86.00;   18.8;    7.6;    5.8;eor
       2559;20191025;   10;   5.1;   1.3;    3;   0.0;   0;    2.767;   0;   5.9;  11.3;  941.01;   11.8;   82.29;   15.9;    5.7;    4.0;eor
       2559;20191026;   10;   5.2;   1.5;    3;   0.0;   0;    9.250;   0;   0.1;   9.8;  940.40;   11.3;   76.25;   22.4;    4.1;    1.7;eor
       2559;20191027;   10;   9.1;   2.1;    3;   3.6;   6;    8.683;   0;   4.1;  10.3;  939.73;   13.0;   69.79;   20.0;    7.4;    4.3;eor
       2559;20191028;   10;   4.7;   1.3;    3;   6.1;   6;    0.000;   0;   7.9;  11.1;  937.85;    9.1;   95.54;   11.7;    6.1;    6.3;eor
       2559;20191029;   10;   5.4;   1.3;    3;  17.4;   6;    0.000;   0;   7.7;   8.7;  937.60;    6.0;   93.38;    7.5;    4.5;    4.5;eor
       2559;20191030;   10;   5.3;   1.4;    3;  15.6;   6;    0.000;   0;   7.8;   7.7;  940.32;    4.6;   90.29;    5.7;    3.8;    3.6;eor
       2559;20191031;   10;   4.9;   1.1;    3;   1.1;   6;    0.050;   0;   7.8;   8.2;  937.90;    5.1;   92.83;    8.0;    3.7;    3.8;eor
       2559;20191101;   10;   4.6;   1.2;    3;   1.6;   6;    0.050;   0;   7.7;  10.1;  931.26;    8.3;   92.38;   12.8;    4.3;    4.6;eor
       2559;20191102;   10;   7.7;   1.5;    3;   0.3;   6;    1.450;   0;   7.5;  11.2;  920.22;   11.0;   85.79;   16.4;    6.1;    4.8;eor
       2559;20191103;   10;  11.3;   1.6;    3;   6.3;   6;    0.000;   0;   7.0;  10.2;  912.04;    9.0;   88.75;   11.5;    6.3;    5.7;eor
       2559;20191104;   10;  10.8;   2.2;    3;   4.8;   6;    3.483;   0;   5.9;   8.8;  916.17;    9.2;   75.88;   13.1;    4.9;    1.6;eor
       2559;20191105;   10;   7.4;   1.7;    3;   0.9;   6;    0.050;   0;   7.1;   8.5;  919.24;    5.9;   90.79;    8.1;    1.8;    0.2;eor
       2559;20191106;   10;   8.4;   2.1;    3;   0.0;   6;    0.850;   0;   7.8;   7.7;  923.57;    5.5;   84.88;    8.5;    2.4;    0.8;eor
       2559;20191107;   10;   5.5;   1.4;    3;   1.4;   6;    3.850;   0;   5.1;   6.8;  923.47;    4.4;   82.46;    9.1;   -1.2;   -3.3;eor
       2559;20191108;   10;   8.5;   1.7;    3;   1.3;   6;    0.017;   0;   7.6;   7.3;  923.02;    3.7;   91.17;    4.7;    2.4;    0.9;eor
       2559;20191109;   10;   8.3;   1.7;    3;   0.5;   6;    1.733;   0;   5.1;   6.2;  928.44;    2.4;   85.13;    6.6;   -3.1;   -4.9;eor
       2559;20191110;   10;   5.2;   1.5;    3;   0.0;   6;    8.217;   0;   3.1;   5.3;  929.47;   -0.2;   88.54;    6.5;   -5.1;   -6.1;eor
       2559;20191111;   10;   7.6;   1.1;    3;   6.3;   6;    1.800;   0;   7.6;   5.7;  928.91;   -0.1;   93.79;    3.0;   -3.1;   -2.2;eor
       2559;20191112;   10;   7.3;   1.7;    3;   3.4;   8;    0.033;   0;   7.6;   6.4;  925.89;    2.7;   87.21;    4.9;    1.3;   -0.3;eor
       2559;20191113;   10;   7.3;   1.6;    3;   0.1;   6;    1.333;   0;   5.7;   6.0;  923.25;    1.4;   88.17;    5.5;   -2.7;   -4.2;eor
       2559;20191114;   10;   8.8;   1.6;    3;   0.0;   0;    2.400;   0;   5.6;   4.8;  920.31;    0.3;   78.58;    7.2;   -5.3;   -6.8;eor
       2559;20191115;   10;   8.9;   1.3;    3;   2.8;   6;    0.433;   0;   7.6;   6.2;  918.21;    2.6;   83.58;    7.0;   -1.1;   -2.9;eor
       2559;20191116;   10;   4.2;   1.1;    3;   0.6;   6;    1.100;   0;   7.6;   6.6;  926.80;    2.5;   91.29;    6.9;    0.1;   -1.1;eor
       2559;20191117;   10;   7.9;   1.3;    3;   0.0;   6;    0.000;   0;   7.5;   7.1;  923.32;    2.9;   94.25;    3.6;    2.4;    1.7;eor
       2559;20191118;   10;  10.0;   2.0;    3;   0.0;   0;    2.033;   0;   7.5;   6.0;  928.57;    3.4;   77.25;    6.8;    0.9;   -1.6;eor
       2559;20191119;   10;   4.7;   1.1;    3;   0.0;   0;    1.000;   0;   7.4;   5.9;  934.07;    1.5;   87.13;    4.2;   -2.4;   -3.8;eor
       2559;20191120;   10;   5.6;   1.1;    3;   0.0;   0;    0.000;   0;   8.0;   6.5;  931.77;    3.0;   85.04;    4.2;    2.3;    1.9;eor
       2559;20191121;   10;   3.8;   1.2;    3;   0.0;   0;    0.000;   0;   8.0;   6.6;  927.69;    2.2;   92.13;    3.8;    0.3;   -0.1;eor
       2559;20191122;   10;   3.6;   1.1;    3;   0.0;   0;    2.900;   0;   6.3;   5.9;  925.40;    0.3;   94.29;    6.2;   -2.4;   -4.1;eor
       2559;20191123;   10;   8.8;   1.4;    3;   0.0;   0;    1.067;   0;   7.7;   6.7;  918.34;    6.2;   72.75;   14.5;   -2.5;   -4.7;eor
       2559;20191124;   10;   3.6;   1.1;    3;   0.0;   0;    0.000;   0;   7.9;   7.5;  924.53;    5.5;   83.92;    9.6;    0.0;   -1.8;eor
       2559;20191125;   10;   4.0;   1.3;    3;   0.2;   6;    6.200;   0;   7.3;   7.0;  928.48;    2.9;   93.00;    9.2;   -1.7;   -3.3;eor
       2559;20191126;   10;   4.3;   1.1;    3;   0.0;   6;    2.083;   0;   7.8;   8.1;  927.31;    5.7;   88.88;   11.7;    1.0;   -1.1;eor
       2559;20191127;   10;  15.6;   2.3;    3;   0.4;   6;    1.400;   0;   7.0;   7.8;  919.93;    6.0;   83.17;   10.4;    1.3;   -0.6;eor
       2559;20191128;   10;  14.4;   2.9;    3;   4.4;   6;    1.033;   0;   6.6;   7.9;  921.96;    6.5;   81.75;    8.6;    3.8;    1.0;eor
       2559;20191129;   10;  11.7;   2.7;    3;  18.6;   8;    0.000;   0;   7.5;   7.4;  929.28;    4.1;   89.71;    6.5;    0.2;    0.0;eor
       2559;20191130;   10;   4.9;   1.1;    3;   0.0;   0;    4.417;   0;   5.5;   5.6;  938.65;    0.7;   87.88;    4.2;   -3.6;   -5.4;eor
       2559;20191201;   10;   5.1;   1.1;    3;   1.2;   8;    0.000;   0;   7.3;   5.4;  933.20;   -0.2;   89.13;    2.3;   -3.6;   -4.9;eor
       2559;20191202;   10;   4.8;   1.4;    3;   0.1;   8;    0.000;   0;   7.9;   5.3;  939.93;   -0.3;   87.21;    1.3;   -2.7;   -5.2;eor
       2559;20191203;   10;   6.7;   1.2;    3;   0.0;   0;    7.467;   0;   2.5;   4.1;  943.34;   -2.4;   81.50;    2.5;   -6.2;   -8.4;eor
       2559;20191204;   10;   4.1;   0.9;    3;   0.0;   8;    7.450;   0;   2.9;   4.2;  937.80;   -3.1;   86.04;    4.3;   -7.3;   -9.2;eor
       2559;20191205;   10;   3.9;   1.0;    3;   0.0;   0;    7.417;   1;   2.7;   4.8;  938.90;   -1.4;   87.21;    8.0;   -6.5;   -7.8;eor
       2559;20191206;   10;   6.5;   1.7;    3;   1.0;   6;    7.417;   0;   2.0;   4.3;  936.89;    1.9;   64.63;   10.3;   -6.2;   -8.4;eor
       2559;20191207;   10;  11.5;   2.9;    3;   2.6;   6;    0.067;   0;   7.3;   7.6;  936.44;    6.0;   80.96;    7.9;    4.5;    2.4;eor
       2559;20191208;   10;  11.0;   2.5;    3;   1.0;   6;    6.033;   0;   6.5;   6.4;  932.00;    5.8;   71.04;   10.0;   -0.1;   -2.2;eor
       2559;20191209;   10;  14.4;   3.6;    3;   7.6;   8;    4.917;   0;   5.5;   6.7;  926.86;    5.3;   76.17;    8.6;    1.7;    1.5;eor
       2559;20191210;   10;   7.7;   1.8;    3;   0.0;   7;    3.583;   0;   4.5;   5.2;  941.45;   -0.3;   86.04;    2.5;   -5.7;   -7.1;eor
       2559;20191211;   10;   8.5;   2.0;    3;   1.8;   8;    1.133;   0;   6.1;   4.7;  931.34;   -1.7;   85.67;    3.3;   -6.5;   -8.6;eor
       2559;20191212;   10;   7.9;   1.9;    3;   1.1;   8;    0.133;   0;   4.3;   5.4;  922.40;   -0.6;   91.21;    1.6;   -6.4;   -8.1;eor
       2559;20191213;   10;  13.0;   3.2;    3;   4.5;   8;    0.017;   0;   7.1;   5.2;  907.57;    0.0;   83.54;    3.7;   -6.1;   -7.1;eor
       2559;20191214;   10;  22.8;   4.2;    3;   5.1;   6;    0.317;   0;   6.8;   6.4;  919.56;    4.7;   74.46;    8.1;    1.2;   -1.0;eor
       2559;20191215;   10;   9.3;   2.2;    3;   0.0;   6;    1.317;   0;   6.7;   6.7;  927.61;    6.9;   68.25;   12.6;    2.0;   -0.6;eor
       2559;20191216;   10;   3.9;   1.7;    3;   0.0;   0;    2.583;   0;   7.9;   5.9;  928.92;    2.5;   81.58;   10.8;   -1.4;   -3.0;eor
       2559;20191217;   10;  10.2;   1.8;    3;   0.0;   0;    0.033;   0;   7.8;   6.6;  927.81;    7.5;   67.04;   16.3;    0.6;   -0.5;eor
       2559;20191218;   10;   4.5;   1.2;    3;   0.0;   0;    1.800;   0;   5.9;   7.4;  936.41;    5.8;   80.88;   12.7;    0.6;   -1.5;eor
       2559;20191219;   10;   4.4;   1.7;    3;   0.0;   0;    5.283;   0;   3.8;   6.0;  931.77;    3.4;   79.58;   13.4;   -0.9;   -2.8;eor
       2559;20191220;   10;  11.8;   2.1;    3;  10.4;   8;    0.433;   0;   6.3;   6.5;  916.62;    4.4;   77.25;   12.7;   -1.6;   -3.5;eor
       2559;20191221;   10;   7.1;   1.9;    3;   2.9;   6;    0.000;   0;   5.5;   6.7;  914.76;    1.9;   94.42;    5.3;   -1.9;   -3.8;eor
       2559;20191222;   10;  15.5;   3.0;    3;   7.1;   8;    0.000;   0;   7.5;   6.8;  912.33;    3.6;   86.21;    7.0;    0.2;   -0.6;eor
       2559;20191223;   10;  14.3;   3.4;    3;   4.6;   6;    0.050;   0;   7.5;   7.0;  929.00;    3.6;   87.88;    4.7;    2.4;    1.9;eor
       2559;20191224;   10;  14.3;   3.6;    3;   4.8;   6;    0.000;   0;   6.6;   7.1;  935.03;    4.5;   83.17;    7.2;    0.7;   -1.8;eor
       2559;20191225;   10;  15.8;   3.7;    3;   6.5;   6;    0.000;   0;   7.1;   7.0;  938.08;    4.4;   84.08;    5.6;    2.3;    1.4;eor
       2559;20191226;   10;  11.0;   1.5;    3;   1.3;   6;    5.767;   0;   5.8;   5.6;  941.54;    0.9;   86.00;    4.7;   -3.8;   -5.5;eor
       2559;20191227;   10;   7.6;   1.8;    3;   4.6;   8;    0.000;   0;   7.6;   7.3;  943.18;    3.4;   93.17;    4.4;    1.6;    1.4;eor
       2559;20191228;   10;   4.8;   1.3;    3;   0.0;   0;    0.000;   0;   7.0;   5.4;  952.80;    0.1;   87.67;    2.0;   -4.8;   -6.8;eor
       2559;20191229;   10;   3.7;   1.3;    3;   0.0;   0;    7.267;   0;   2.5;   4.1;  952.49;   -3.1;   83.67;    4.1;   -7.6;   -9.5;eor
       2559;20191230;   10;   3.6;   1.3;    3;   0.0;   0;    7.283;   0;   0.1;   4.4;  949.61;   -1.2;   80.17;    8.0;   -6.4;   -8.0;eor
       2559;20191231;   10;   5.2;   1.2;    3;   0.0;   0;    5.600;   0;   3.1;   5.0;  949.10;    0.6;   79.92;    8.9;   -4.3;   -6.0;eor
       2559;20200101;   10;   3.8;   1.4;    3;   0.0;   0;    7.283;   0;   0.0;   4.6;  948.04;   -1.4;   83.08;    7.1;   -6.2;   -8.2;eor
       2559;20200102;   10;   4.4;   1.1;    3;   0.0;   0;    7.300;   0;   0.0;   4.3;  945.58;   -2.1;   81.79;    5.7;   -7.3;   -9.3;eor
       2559;20200103;   10;  11.7;   2.6;    3;   3.2;   6;    2.333;   0;   7.5;   5.5;  943.72;    3.1;   72.88;    8.8;   -4.2;   -6.6;eor
       2559;20200104;   10;   9.2;   2.7;    3;   2.7;   6;    0.000;   0;   7.7;   7.0;  947.31;    3.5;   88.00;    5.0;    1.8;    0.5;eor
       2559;20200105;   10;   5.9;   1.3;    3;   0.0;   8;    4.700;   0;   4.4;   5.5;  950.92;    1.3;   82.42;    5.7;   -3.7;   -5.3;eor
       2559;20200106;   10;   4.7;   1.6;    3;   0.0;   0;    7.417;   0;   0.3;   4.3;  945.34;   -0.3;   73.63;    7.7;   -6.0;   -7.5;eor
       2559;20200107;   10;  11.2;   2.0;    3;   1.2;   6;    0.000;   0;   5.8;   6.0;  946.05;    2.4;   82.54;    6.3;   -2.3;   -4.6;eor
       2559;20200108;   10;   5.7;   1.6;    3;   0.0;   8;    0.183;   0;   5.6;   4.7;  946.30;    1.1;   72.17;    6.4;   -4.9;   -6.7;eor
       2559;20200109;   10;   5.9;   1.8;    3;   0.0;   0;    6.233;   0;   7.2;   4.5;  940.06;    4.0;   58.00;   11.9;   -1.6;   -4.1;eor
       2559;20200110;   10;  10.3;   2.3;    3;   1.4;   6;    3.750;   0;   6.2;   6.1;  940.45;    5.5;   67.63;   11.2;   -2.0;   -4.0;eor
       2559;20200111;   10;   3.4;   1.2;    3;   0.1;   6;    0.317;   0;   5.5;   6.4;  948.33;    2.0;   89.50;    5.4;   -3.8;   -5.4;eor
       2559;20200112;   10;   8.3;   1.8;    3;   0.0;   0;    6.917;   0;   4.3;   4.3;  944.47;    0.2;   71.71;    8.7;   -6.5;   -8.3;eor
       2559;20200113;   10;   4.1;   1.7;    3;   0.0;   0;    3.950;   0;   5.2;   4.0;  939.86;   -0.2;   67.96;    6.2;   -3.7;   -5.8;eor
       2559;20200114;   10;   8.7;   1.9;    3;   0.0;   0;    6.417;   0;   6.4;   4.4;  936.52;    2.0;   65.08;   11.1;   -4.3;   -6.4;eor
       2559;20200115;   10;   6.7;   2.1;    3;   0.0;   0;    7.650;   0;   3.5;   4.7;  939.39;    3.3;   62.46;   12.3;   -3.2;   -5.5;eor
       2559;20200116;   10;   5.9;   1.7;    3;   0.0;   0;    7.150;   0;   4.4;   5.7;  944.60;    4.8;   67.79;   11.4;   -2.0;   -3.8;eor
       2559;20200117;   10;   7.8;   2.0;    3;   3.6;   8;    5.683;   0;   4.2;   5.5;  939.48;    4.0;   69.00;   11.9;   -2.3;   -4.7;eor
       2559;20200118;   10;   6.5;   1.8;    3;   2.3;   8;    0.617;   0;   7.0;   6.0;  943.53;    1.5;   88.83;    4.1;   -0.9;   -2.9;eor
       2559;20200119;   10;   5.1;   1.0;    3;   0.6;   7;    1.217;   0;   6.6;   5.1;  949.87;   -0.8;   87.79;    1.5;   -5.9;   -9.6;eor
       2559;20200120;   10;   8.3;   1.8;    3;   0.0;   0;    4.850;   0;  -999;   4.0;  957.24;   -3.5;   84.96;    0.7;   -8.9;  -11.5;eor
       2559;20200121;   10;   3.3;   1.1;    3;   0.0;   0;    7.633;   0;   0.3;   3.6;  954.24;   -4.2;   81.42;    3.8;   -9.4;  -11.1;eor
       2559;20200122;   10;   4.4;   1.2;    3;   0.0;   8;    8.050;   0;   1.8;   4.1;  949.28;   -3.1;   84.04;    6.1;   -8.5;  -10.0;eor
       2559;20200123;   10;   5.5;   1.2;    3;   0.0;   8;    7.250;   0;   4.2;   3.9;  945.23;   -4.5;   88.33;   -0.2;   -8.2;   -9.7;eor
       2559;20200124;   10;   5.0;   1.5;    3;   0.0;   0;    7.133;   0;   1.9;   4.8;  940.95;    0.5;   77.54;   11.8;   -7.4;   -8.7;eor
       2559;20200125;   10;   3.5;   1.2;    3;   0.0;   0;    0.133;   0;   7.9;   5.6;  938.85;    1.4;   83.21;    6.2;   -2.7;   -4.0;eor
       2559;20200126;   10;   3.7;   1.1;    3;   0.1;   6;    3.217;   0;   7.2;   5.7;  936.79;    2.3;   80.79;    9.3;   -1.6;   -3.2;eor
       2559;20200127;   10;   6.4;   1.6;    3;   2.9;   6;    5.183;   0;   7.1;   6.4;  932.42;    4.3;   77.63;    9.5;    0.2;   -1.5;eor
       2559;20200128;   10;  18.8;   3.9;    3;  18.3;   8;    0.467;   0;   7.0;   6.2;  923.60;    2.4;   85.67;    4.8;   -0.3;   -1.5;eor
       2559;20200129;   10;  18.4;   4.2;    3;   0.2;   8;    0.000;   9;   7.8;   5.7;  930.19;    1.8;   81.67;    3.0;    0.0;   -0.7;eor
       2559;20200130;   10;   9.9;   2.2;    3;   1.2;   6;    6.400;   1;   6.3;   6.1;  934.08;    4.2;   74.83;    8.3;   -0.9;   -3.7;eor
       2559;20200131;   10;  12.3;   3.1;    3;   0.3;   6;    3.000;   0;   6.7;   9.3;  934.30;    8.5;   83.88;   12.6;    3.9;    2.4;eor
       2559;20200201;    3;  18.1;   3.4;    3;   4.8;   6;    5.350;   0;   5.6;   8.5;  932.08;    8.2;   78.50;   13.6;    2.3;   -0.5;eor
       2559;20200202;    3;  12.9;   3.7;    3;  28.6;   6;    0.000;   0;   7.5;  10.0;  934.38;    9.1;   85.92;   11.0;    6.5;    5.1;eor
       2559;20200203;    3;  19.5;   3.4;    3;  41.9;   6;    0.000;   0;   7.1;  10.1;  934.83;    8.8;   89.29;   11.8;    6.0;    5.9;eor
       2559;20200204;    3;  21.5;   4.9;    3;   6.6;   8;    0.067;   0;   7.0;   6.0;  931.79;    3.5;   76.58;   14.1;   -0.1;   -0.9;eor
       2559;20200205;    3;   9.8;   2.4;    3;   0.4;   8;    2.683;   1;   5.1;   4.7;  947.17;   -0.2;   78.46;    3.2;   -5.3;   -7.0;eor
       2559;20200206;    3;   4.3;   1.7;    3;   0.0;   0;    8.833;   0;   1.4;   3.5;  947.61;   -2.3;   71.29;    5.5;   -7.3;   -9.1;eor
       2559;20200207;    3;   4.9;   1.5;    3;   0.0;   0;    8.833;   0;   0.1;   4.0;  943.28;   -0.9;   71.71;    7.6;   -6.6;   -8.4;eor
       2559;20200208;    3;   4.5;   1.4;    3;   0.0;   0;    7.750;   0;   4.2;   4.5;  941.77;    1.0;   71.88;    9.9;   -5.4;   -7.5;eor
       2559;20200209;    3;   7.6;   2.1;    3;   0.2;   6;    7.950;   0;   4.4;   4.4;  937.83;    4.8;   53.33;   13.1;   -1.5;   -4.3;eor
       2559;20200210;    3;  31.2;   6.2;    3;  17.7;   8;    0.967;   0;   7.0;   7.0;  926.19;    8.9;   61.88;   13.4;    4.5;    3.5;eor
       2559;20200211;    3;  23.1;   6.0;    3;  11.3;   8;    0.433;   0;   6.8;   6.0;  930.24;    2.8;   80.33;    8.7;   -0.2;   -0.4;eor
       2559;20200212;    3;  14.5;   4.2;    3;   1.9;   8;    0.233;   3;   7.4;   5.1;  937.32;    1.9;   73.04;    3.2;    0.2;   -0.6;eor
       2559;20200213;    3;  21.1;   2.5;    3;  16.2;   8;    3.283;   1;   7.4;   4.9;  931.26;    2.2;   69.96;    9.3;   -4.2;   -5.9;eor
       2559;20200214;    3;  13.4;   3.2;    3;   0.5;   6;    1.067;   0;   6.7;   6.6;  939.20;    3.4;   84.83;    6.4;   -0.8;   -2.7;eor
       2559;20200215;    3;   6.4;   1.9;    3;   0.0;   0;    8.900;   0;   6.5;   5.5;  941.74;    3.5;   73.04;   12.2;   -2.1;   -4.1;eor
       2559;20200216;    3;   5.7;   2.1;    3;   0.0;   0;    1.133;   0;   8.0;   5.8;  937.42;    6.8;   58.96;   13.8;    0.8;   -1.4;eor
       2559;20200217;    3;  13.3;   2.8;    3;   2.5;   6;    4.117;   0;   7.3;   7.1;  937.90;    8.6;   64.71;   16.0;    4.1;    1.4;eor
       2559;20200218;    3;  13.5;   3.4;    3;   0.0;   8;    7.050;   0;   4.1;   5.5;  944.57;    4.3;   67.00;    7.6;    0.9;   -2.0;eor
       2559;20200219;    3;  14.4;   3.3;    3;   3.2;   8;    2.000;   0;   5.6;   5.3;  940.60;    2.6;   72.04;    4.7;    0.0;   -2.1;eor
       2559;20200220;    3;  10.1;   2.2;    3;   4.4;   8;    5.300;   0;   5.4;   5.3;  939.51;    4.8;   62.42;    9.9;    0.8;   -1.9;eor
       2559;20200221;    3;  15.4;   2.9;    3;   0.0;   0;    5.283;   0;   6.7;   5.4;  945.12;    3.7;   68.46;    7.5;    1.4;   -0.3;eor
       2559;20200222;    3;  10.8;   2.6;    3;   3.0;   6;    8.550;   0;   5.7;   4.9;  945.64;    7.9;   49.25;   15.3;   -1.4;   -3.7;eor
       2559;20200223;    3;  20.2;   5.1;    3;   1.7;   6;    0.117;   0;   7.6;   6.7;  941.78;   11.2;   50.67;   14.8;    4.9;    3.0;eor
       2559;20200224;    3;  12.6;   3.1;    3;   0.8;   6;    4.900;   0;   4.8;   9.3;  937.76;   10.4;   74.00;   14.8;    5.4;    3.5;eor
       2559;20200225;    3;  15.3;   3.3;    3;   7.6;   8;    0.933;   0;   6.5;   6.6;  925.29;    7.7;   64.71;   10.8;    1.1;    0.7;eor
       2559;20200226;    3;  19.3;   4.0;    3;  10.9;   8;    1.783;   0;   6.6;   5.3;  922.38;    0.1;   85.63;    3.9;   -1.9;   -5.2;eor
       2559;20200227;    3;  22.1;   3.7;    3;  11.9;   8;    2.233;   7;   7.0;   5.0;  922.59;    0.9;   77.38;    4.4;   -1.3;   -2.6;eor
       2559;20200228;    3;  14.2;   3.4;    3;   0.0;   8;    5.133;   7;   5.9;   4.4;  934.93;    1.0;   67.75;    5.8;   -1.9;   -5.2;eor
       2559;20200229;    3;  13.5;   2.1;    3;   5.5;   6;    2.083;   1;   7.5;   6.2;  923.50;    7.2;   62.00;   13.6;    2.8;    1.3;eor
       2559;20200301;    3;  20.3;   2.2;    3;   3.9;   8;    8.633;   0;   5.3;   6.7;  921.07;    5.7;   74.88;   12.2;    2.2;    0.7;eor
       2559;20200302;    3;  10.0;   2.0;    3;   6.8;   8;    0.583;   0;   6.5;   5.9;  913.12;    4.0;   73.96;    8.1;   -1.8;   -3.7;eor
       2559;20200303;    3;  11.6;   2.9;    3;   0.6;   8;    0.333;   0;   7.8;   5.5;  922.65;    1.8;   79.96;    3.7;   -1.2;   -3.2;eor
       2559;20200304;    3;   8.5;   2.3;    3;   0.1;   8;    3.633;   0;   6.5;   5.0;  930.95;    1.5;   74.42;    6.1;   -2.2;   -4.0;eor
       2559;20200305;    3;   9.5;   1.6;    3;   7.3;   6;    0.000;   0;   6.6;   6.9;  919.44;    3.3;   87.25;    6.4;   -0.9;   -1.8;eor
       2559;20200306;    3;  14.6;   4.2;    3;   4.0;   8;    0.133;   0;   6.9;   6.2;  919.14;    3.7;   78.13;    6.2;    0.5;    0.1;eor
       2559;20200307;    3;   8.3;   2.3;    3;   0.7;   8;    0.233;   0;   7.6;   5.8;  935.69;    1.6;   85.42;    3.9;   -1.8;   -3.8;eor
       2559;20200308;    3;   7.4;   1.9;    3;   0.4;   6;    9.017;   0;   4.3;   4.9;  936.89;    2.6;   69.04;    9.1;   -3.0;   -5.0;eor
       2559;20200309;    3;   9.3;   2.6;    3;   0.6;   8;    0.867;   0;   7.3;   6.5;  934.07;    3.9;   80.13;    6.2;    1.8;   -0.3;eor
       2559;20200310;    3;  12.7;   3.7;    3;   5.6;   8;    0.000;   0;   7.5;   7.0;  935.18;    4.0;   84.54;    9.0;    0.2;   -1.6;eor
       2559;20200311;    3;  11.4;   3.4;    3;   0.3;   6;    1.167;   0;   6.7;   9.6;  937.55;   10.5;   75.83;   14.2;    7.4;    4.4;eor
       2559;20200312;    3;  12.1;   3.1;    3;   5.2;   6;    1.133;   0;   5.8;   8.9;  934.69;   10.6;   69.67;   15.1;    5.7;    2.3;eor
       2559;20200313;    3;  10.0;   2.6;    3;   1.8;   6;    4.917;   0;   4.3;   6.6;  938.13;    4.8;   77.83;    8.9;   -1.6;   -3.6;eor
       2559;20200314;    3;   5.5;   1.4;    3;   0.0;   6;    4.300;   0;   6.3;   5.4;  938.60;    2.8;   74.42;    8.7;   -2.8;   -4.8;eor
       2559;20200315;    3;   4.4;   1.7;    3;   0.0;   0;   10.783;   0;   1.0;   5.4;  936.44;    5.2;   66.75;   14.7;   -2.9;   -4.1;eor
       2559;20200316;    3;   6.5;   1.9;    3;   0.0;   0;   10.800;   0;   2.3;   6.2;  938.89;    7.5;   63.42;   17.0;   -1.5;   -3.1;eor
       2559;20200317;    3;   6.8;   1.8;    3;   0.0;   6;    0.633;   0;   6.5;   7.4;  947.02;    8.5;   68.08;   14.3;    2.9;    1.0;eor
       2559;20200318;    3;   4.2;   1.7;    3;   0.0;   0;   10.900;   0;   0.0;   7.8;  945.47;    8.6;   72.71;   17.6;    0.6;   -1.0;eor
       2559;20200319;    3;   5.0;   1.7;    3;   0.0;   0;   11.000;   0;   0.3;   8.1;  941.60;   10.0;   69.67;   18.9;    2.1;    0.3;eor
       2559;20200320;    3;   8.6;   1.9;    3;   0.0;   6;    7.933;   0;   4.5;   8.1;  937.96;   10.1;   69.25;   18.5;    2.1;    0.2;eor
       2559;20200321;    3;   9.6;   2.4;    3;   0.0;   6;    0.000;   0;   7.9;   7.8;  936.49;    4.8;   90.04;    8.4;    0.9;    0.9;eor
       2559;20200322;    3;  12.5;   3.5;    3;   0.0;   0;    3.067;   0;   4.9;   4.5;  941.23;    0.4;   72.00;    4.7;   -3.3;   -5.2;eor
       2559;20200323;    3;  12.3;   3.5;    3;   0.0;   0;   11.300;   0;   0.0;   2.8;  945.40;   -1.2;   52.63;    4.4;   -6.2;   -8.2;eor
       2559;20200324;    3;  11.0;   3.1;    3;   0.0;   0;   11.283;   0;   0.0;   2.9;  943.62;   -0.6;   50.54;    4.8;   -5.9;   -8.9;eor
       2559;20200325;    3;  11.7;   3.2;    3;   0.0;   0;   11.150;   0;   0.9;   3.3;  936.99;   -0.1;   54.71;    4.6;   -4.4;   -5.8;eor
       2559;20200326;    3;   8.3;   1.6;    3;   0.0;   0;    3.917;   0;   4.7;   3.9;  932.48;   -0.8;   68.88;    5.0;   -7.1;   -9.6;eor
       2559;20200327;    3;   5.6;   1.5;    3;   0.0;   0;   10.917;   0;   3.8;   5.4;  931.90;    4.0;   67.88;   14.0;   -5.3;   -7.3;eor
       2559;20200328;    3;   6.1;   1.6;    3;   0.0;   0;   11.350;   0;   0.2;   6.2;  934.21;    5.9;   69.38;   15.2;   -1.4;   -4.0;eor
       2559;20200329;    1;   6.7;   1.5;    1;   8.6;   8;    0.000;   0;   7.0;   6.1;  935.67;    2.1;   85.25;    5.9;   -0.6;   -2.5;eor
       2559;20200330;    1;   8.8;   2.1;    1;   0.0;   8;    0.767;   0;   5.4;   4.5;  939.69;   -1.3;   80.75;    1.0;   -6.4;   -8.3;eor
       2559;20200331;    1;   7.4;   1.7;    1;   0.0;   0;   10.083;   0;   1.2;   3.4;  940.85;   -1.5;   64.96;    5.0;   -8.6;  -10.8;eor
       2559;20200401;    1;   5.6;   1.4;    1;   0.0;   0;   11.867;   0;   0.0;   3.6;  935.85;    0.9;   60.33;    9.4;   -6.9;   -9.4;eor
       2559;20200402;    1;  11.1;   2.3;    1;   0.0;   0;   11.850;   0;   0.2;   4.7;  930.47;    4.5;   59.50;   13.3;   -4.6;   -6.7;eor
       2559;20200403;    1;   8.7;   1.9;    1;   0.0;   0;   10.667;   0;   2.8;   5.0;  934.15;    4.7;   62.38;   12.5;   -2.0;   -3.9;eor
       2559;20200404;    1;   6.8;   1.8;    1;   0.0;   0;   11.933;   0;   0.3;   5.5;  939.70;    6.1;   61.83;   14.2;   -3.0;   -4.9;eor
       2559;20200405;    1;   6.1;   1.7;    1;   0.0;   0;   12.083;   0;   0.0;   5.8;  939.60;    7.6;   60.54;   17.0;   -2.3;   -4.8;eor
       2559;20200406;    1;   5.5;   2.0;    1;   0.0;   0;   12.100;   0;   0.0;   6.1;  941.56;   10.2;   54.08;   19.6;    0.3;   -2.5;eor
       2559;20200407;    1;   9.8;   2.3;    1;   0.0;   0;   12.100;   0;   0.0;   6.6;  945.70;   11.1;   55.58;   19.8;    1.0;   -0.7;eor
       2559;20200408;    1;   7.7;   2.3;    1;   0.0;   0;   12.200;   0;   0.0;   6.5;  942.94;   11.2;   55.54;   20.9;    0.8;   -1.7;eor
       2559;20200409;    1;   6.4;   1.7;    1;   0.0;   0;    7.683;   0;   1.8;   7.0;  941.83;   11.1;   57.54;   19.9;    3.8;    0.7;eor
       2559;20200410;    1;   6.0;   1.9;    1;   0.0;   0;   12.250;   0;   0.0;   6.9;  941.42;   11.0;   58.54;   21.2;    1.3;   -0.6;eor
       2559;20200411;    1;   6.0;   1.8;    1;   0.0;   0;   11.483;   0;   0.5;   7.7;  941.00;   11.4;   61.04;   20.3;    2.9;    0.3;eor
       2559;20200412;    1;   7.4;   2.2;    1;   0.0;   6;    9.917;   0;   3.7;   7.5;  936.26;   13.6;   54.04;   22.1;    3.9;    1.6;eor
       2559;20200413;    1;  10.6;   2.5;    1;   1.3;   6;    6.083;   0;   7.3;   7.8;  933.48;   12.8;   55.63;   19.5;    4.0;    2.5;eor
       2559;20200414;    1;   7.0;   1.6;    1;   0.0;   0;    8.033;   0;   3.9;   4.4;  939.51;    3.3;   58.00;    8.3;   -2.5;   -6.5;eor
       2559;20200415;    1;   5.8;   1.5;    1;   0.0;   0;   12.550;   0;   4.1;   4.9;  940.17;    7.1;   52.83;   18.8;   -3.8;   -7.3;eor
       2559;20200416;    1;   6.7;   1.8;    1;   0.0;   0;   12.200;   0;   4.0;   6.8;  937.22;   11.5;   55.58;   20.3;    0.5;   -2.2;eor
       2559;20200417;    1;   7.2;   2.0;    1;   0.0;   0;   11.900;   0;   4.6;   8.4;  934.96;   14.0;   56.42;   22.8;    4.6;    1.7;eor
       2559;20200418;    1;   8.8;   2.3;    1;   4.8;   6;   10.817;   0;   5.6;   9.4;  934.60;   16.0;   55.08;   23.4;    9.7;    5.8;eor
       2559;20200419;    1;   8.1;   1.9;    1;   0.0;   6;    9.033;   0;   6.3;  11.4;  933.15;   14.6;   70.79;   20.2;    8.9;    6.9;eor
       2559;20200420;    1;  10.6;   2.6;    1;   0.0;   0;    1.633;   0;   8.0;   8.5;  930.80;   10.9;   65.13;   16.0;    7.4;    4.6;eor
       2559;20200421;    1;  10.9;   2.3;    1;   0.0;   0;    8.967;   0;   5.4;   7.1;  930.24;   11.1;   54.79;   17.6;    5.7;    0.6;eor
       2559;20200422;    1;   7.7;   1.7;    1;   0.0;   0;   12.800;   0;   0.0;   6.4;  933.45;   11.1;   52.75;   20.7;    0.5;   -3.4;eor
       2559;20200423;    1;   6.6;   1.6;    1;   0.0;   0;   12.850;   0;   0.0;   7.2;  936.21;   10.6;   60.83;   19.9;    0.9;   -2.4;eor
       2559;20200424;    1;  12.5;   3.0;    1;   0.2;   6;   10.400;   0;   5.4;   7.3;  932.73;   13.5;   50.88;   20.2;    4.2;    0.2;eor
       2559;20200425;    1;   7.4;   1.5;    1;   0.0;   6;    3.950;   0;   6.4;   8.4;  929.17;   13.0;   58.79;   19.3;    4.9;    1.6;eor
       2559;20200426;    1;   6.4;   1.4;    1;   0.0;   6;   10.100;   0;   4.4;   7.7;  928.55;   12.3;   56.88;   19.3;    2.9;    0.6;eor
       2559;20200427;    1;   9.0;   2.4;    1;   0.0;   0;   10.750;   0;   4.7;   8.6;  929.16;   14.2;   56.67;   20.7;    7.7;    5.4;eor
       2559;20200428;    1;   7.9;   2.1;    1;  22.2;   6;    1.883;-999;   7.7;  10.2;  926.98;   12.9;   69.00;   16.2;    8.6;    6.2;eor
       2559;20200429;    1;   9.0;   2.4;    1;   1.6;   6;    2.800;   0;   6.2;   9.1;  929.52;    8.5;   83.00;   13.5;    4.5;    2.4;eor
       2559;20200430;    1;  10.0;   2.1;    1;   4.2;   6;    0.133;   0;   7.4;   8.9;  928.01;    8.5;   80.71;   13.2;    4.1;    1.8;eor
       2559;20200501;    1;   8.7;   2.5;    1;  12.1;   6;    2.117;-999;   7.3;   9.1;  926.54;    8.8;   80.83;   13.6;    6.2;    4.4;eor
       2559;20200502;    1;  13.4;   2.9;    1;   6.2;   6;    2.150;-999;   7.1;   8.7;  930.83;    7.1;   86.54;   14.3;    2.3;    0.3;eor
       2559;20200503;    1;   7.3;   1.8;    1;   2.1;   6;    8.400;-999;   6.0;   7.1;  936.70;    9.2;   64.96;   15.7;    1.8;   -0.3;eor
       2559;20200504;    1;  10.2;   1.6;    1;   0.9;   6;    5.350;-999;   6.8;  11.5;  935.50;   12.6;   79.38;   19.6;    7.5;    6.4;eor
       2559;20200505;    1;   4.4;   1.1;    1;   9.0;   6;    0.000;-999;   7.8;  10.1;  935.36;    8.6;   90.50;   11.3;    5.4;    3.8;eor
       2559;20200506;    1;   7.1;   1.7;    1;   0.0;   0;    9.083;-999;   3.1;   7.2;  939.76;    7.5;   72.88;   14.0;    1.2;   -0.2;eor
       2559;20200507;    1;   5.2;   1.6;    1;   0.0;   0;   13.317;-999;   1.0;   7.2;  941.08;   10.5;   62.54;   20.7;   -0.4;   -1.5;eor
       2559;20200508;    1;   8.0;   2.0;    1;   0.0;   6;   12.033;-999;   7.2;  10.3;  936.65;   15.6;   61.92;   24.0;    5.1;    3.4;eor
       2559;20200509;    1;  11.6;   1.6;    1;   8.0;   6;    9.183;-999;   6.4;  12.3;  931.64;   17.3;   65.63;   24.8;    9.3;    7.5;eor
       2559;20200510;    1;   4.8;   1.4;    1;   0.5;   6;    6.400;-999;   6.0;  13.9;  926.79;   16.0;   78.54;   22.6;   11.3;    9.8;eor
       2559;20200511;    1;  18.6;   2.0;    1;  10.8;   8;    1.567;-999;   7.8;  11.5;  921.51;   10.8;   87.50;   20.9;    0.6;    0.2;eor
       2559;20200512;    1;   7.1;   1.7;    1;   0.0;   6;    0.900;-999;   7.9;   6.8;  933.16;    4.9;   79.42;   10.0;    0.7;    0.5;eor
       2559;20200513;    1;   5.5;   1.3;    1;   2.1;   6;    0.017;-999;   7.9;   9.1;  928.30;    7.3;   89.08;   10.7;    4.1;    2.8;eor
       2559;20200514;    1;   6.8;   1.8;    1;   5.1;   6;    0.000;-999;   7.8;   9.3;  930.79;    7.3;   90.54;    8.8;    5.8;    5.5;eor
       2559;20200515;    1;   6.7;   1.6;    1;   3.0;   6;    0.000;-999;   7.8;   9.1;  934.21;    7.5;   88.00;    9.2;    4.7;    2.8;eor
       2559;20200516;    1;   6.9;   1.4;    1;   0.0;   0;    9.017;-999;   7.3;   8.8;  938.61;    9.6;   75.42;   16.6;    1.4;    0.3;eor
       2559;20200517;    1;   6.2;   1.5;    1;   0.0;   0;   13.567;-999;   0.7;   8.5;  939.76;   12.6;   63.21;   19.8;    3.4;    2.4;eor
       2559;20200518;    1;   5.9;   1.6;    1;   0.0;   0;   13.583;-999;   0.0;   9.3;  941.15;   13.9;   63.33;   21.9;    3.8;    2.0;eor
       2559;20200519;    1;   7.2;   1.7;    1;   0.0;   0;   10.817;-999;   2.8;  10.6;  938.95;   15.2;   64.75;   22.5;    5.5;    4.0;eor
       2559;20200520;    1;   5.9;   1.3;    1;   0.0;   0;    3.167;-999;   5.5;  11.3;  939.02;   15.2;   67.25;   20.1;    7.7;    6.3;eor
       2559;20200521;    1;   6.1;   1.7;    1;   0.0;   0;   12.700;-999;   0.8;  10.6;  940.38;   14.9;   66.83;   22.4;    6.5;    5.1;eor
       2559;20200522;    1;   8.6;   2.1;    1;   0.0;   6;    6.433;-999;   7.0;  10.6;  941.68;   18.2;   53.96;   23.8;    9.4;    7.3;eor
       2559;20200523;    1;  13.8;   2.0;    1;  15.5;   6;    2.833;-999;   7.3;  12.5;  943.15;   14.1;   78.42;   24.8;    6.3;    4.6;eor
       2559;20200524;    1;  11.9;   2.5;    1;   0.2;   6;    7.700;-999;   5.8;   8.5;  948.79;   11.4;   65.33;   17.1;    6.2;    4.6;eor
       2559;20200525;    1;   8.0;   1.4;    1;   0.2;   6;    2.833;-999;   6.6;  10.2;  949.49;   12.0;   73.83;   17.1;    7.2;    5.3;eor
       2559;20200526;    1;   8.8;   1.7;    1;   0.0;   0;   11.650;-999;   1.5;   8.9;  950.01;   11.7;   67.54;   17.7;    4.7;    3.2;eor
       2559;20200527;    1;   8.4;   1.9;    1;   0.0;   0;   13.833;-999;   1.5;   8.0;  948.96;   12.5;   59.92;   19.7;    3.3;    1.2;eor
       2559;20200528;    1;   7.6;   2.0;    1;   0.1;   6;    6.500;-999;   5.8;   9.1;  945.55;   12.7;   63.54;   19.0;    6.0;    4.2;eor
       2559;20200529;    1;   9.3;   2.3;    1;   0.0;   4;   11.300;-999;   1.2;   8.3;  942.01;   11.3;   63.42;   17.0;    4.2;    1.4;eor
       2559;20200530;    1;   9.7;   2.1;    1;   0.0;   0;   11.317;-999;   4.7;   8.1;  938.23;   11.3;   63.29;   17.6;    4.5;    2.2;eor
       2559;20200531;    1;   7.8;   1.9;    1;   0.0;   0;   13.600;-999;   3.8;   7.5;  937.60;   11.4;   59.71;   17.6;    2.9;    0.8;eor
       2559;20200601;    1;  10.0;   2.0;    1;   0.0;   0;   13.900;-999;   0.2;   9.2;  937.84;   14.8;   58.13;   22.1;    5.2;    2.6;eor
       2559;20200602;    1;   6.5;   1.7;    1;   0.0;   0;   13.883;-999;   1.4;   9.7;  935.20;   15.1;   61.21;   23.2;    5.0;    3.1;eor
       2559;20200603;    1;   9.3;   2.2;    1;   0.1;   6;   10.633;-999;   7.1;  10.1;  926.78;   17.1;   55.42;   24.5;    8.1;    5.9;eor
       2559;20200604;    1;   9.7;   2.4;    1;   7.2;   6;    0.000;-999;   7.8;  12.3;  919.35;   13.5;   79.21;   16.1;   10.1;    9.4;eor
       2559;20200605;    1;  12.8;   2.8;    1;   3.3;   6;    1.133;-999;   7.8;  10.7;  921.59;   11.6;   79.29;   15.4;    9.4;    9.1;eor
       2559;20200606;    1;  11.5;   2.2;    1;  14.0;   6;    1.850;-999;   7.7;  12.5;  925.37;   14.6;   76.13;   20.0;   11.2;    9.0;eor
       2559;20200607;    1;   6.1;   1.4;    1;  26.0;   6;    0.000;-999;   7.5;  11.2;  929.11;    9.4;   94.00;   12.1;    5.5;    4.6;eor
       2559;20200608;    1;   8.7;   1.9;    1;   1.3;   6;    5.233;-999;   8.0;  10.0;  931.35;   11.6;   74.96;   17.0;    5.7;    5.4;eor
       2559;20200609;    1;   5.9;   1.4;    1;   1.4;   6;    0.000;-999;   7.9;  12.2;  931.50;   11.7;   88.88;   14.3;    9.7;    9.5;eor
