STATIONS_ID;MESS_DATUM;QN_3;  FX;  FM;QN_4; RSK;RSKF; SDK;SHK_TAG;  NM; VPM;  PM; TMK; UPM; TXK; TNK; TGK;eor
       5097;20181208;-999;-999;-999;    3;  11.4;   4;    0.000;   0;  -999;   8.3;    -999;    7.0;   82.96;    8.2;    5.7;    3.6;eor
       5097;20181209;-999;-999;-999;    3;   2.1;   4;    0.150;   0;  -999;   8.5;    -999;    6.7;   86.38;    8.0;    4.5;    2.1;eor
       5097;20181210;-999;-999;-999;    3;   3.3;   4;    0.117;   0;  -999;   6.7;    -999;    5.4;   75.13;    6.3;    3.7;    1.9;eor
       5097;20181211;-999;-999;-999;    3;   2.6;   4;    0.000;   0;  -999;   7.0;    -999;    4.2;   84.50;    5.9;    1.2;   -2.3;eor
       5097;20181212;-999;-999;-999;    3;   0.3;   4;    0.283;   0;  -999;   7.1;    -999;    3.7;   89.42;    5.4;    1.2;   -0.7;eor
       5097;20181213;-999;-999;-999;    3;   0.5;   4;    0.067;   0;  -999;   6.2;    -999;    1.2;   93.42;    3.4;   -1.1;   -5.1;eor
       5097;20181214;-999;-999;-999;    3;   0.1;   4;    0.000;   0;  -999;   5.6;    -999;    0.3;   89.17;    1.0;   -0.4;   -1.1;eor
       5097;20181215;-999;-999;-999;    3;   0.0;   0;    0.000;   0;  -999;   5.2;    -999;   -0.4;   88.25;    0.5;   -2.3;   -6.1;eor
       5097;20181216;-999;-999;-999;    3;   0.0;   0;    0.000;   0;  -999;   4.8;    -999;   -0.8;   83.50;    0.1;   -2.1;   -5.6;eor
       5097;20181217;-999;-999;-999;    3;   2.8;   4;    0.000;   0;  -999;   5.1;    -999;   -1.1;   90.83;    0.2;   -2.9;   -6.8;eor
       5097;20181218;-999;-999;-999;    3;   0.1;   4;    0.000;   0;  -999;   6.8;    -999;    1.8;   97.54;    3.6;    0.2;    0.0;eor
       5097;20181219;-999;-999;-999;    3;   0.7;   4;    0.000;   0;  -999;   6.4;    -999;    2.0;   91.25;    2.8;    0.7;   -0.7;eor
       5097;20181220;-999;-999;-999;    3;   0.8;   4;    0.000;   0;  -999;   6.9;    -999;    2.2;   96.38;    3.8;    0.1;   -2.4;eor
       5097;20181221;-999;-999;-999;    3;   9.3;   4;    0.000;   0;  -999;   8.5;    -999;    5.3;   94.96;    8.7;    1.9;   -0.3;eor
       5097;20181222;-999;-999;-999;    3;   2.1;   4;    0.000;   0;  -999;   7.8;    -999;    4.3;   93.67;    8.3;    3.1;    2.8;eor
       5097;20181223;-999;-999;-999;    3;   2.3;   4;    0.017;   0;  -999;   8.2;    -999;    4.9;   93.88;    7.3;    2.0;    1.7;eor
       5097;20181224;-999;-999;-999;    3;   0.0;   0;    0.167;   0;  -999;   5.7;    -999;    1.8;   81.67;    5.0;    0.1;   -0.6;eor
       5097;20181225;-999;-999;-999;    3;   0.0;   0;    0.000;   0;  -999;   7.5;    -999;    6.1;   79.29;    6.7;    4.6;    2.9;eor
       5097;20181226;-999;-999;-999;    3;   0.0;   0;    0.017;   0;  -999;   8.9;    -999;    7.3;   86.04;    9.1;    6.3;    5.7;eor
       5097;20181227;-999;-999;-999;    3;   0.2;   4;    0.000;   0;  -999;   9.6;    -999;    7.3;   94.33;    8.1;    6.5;    6.2;eor
       5097;20181228;-999;-999;-999;    3;   1.3;   4;    0.000;   0;  -999;   8.7;    -999;    6.6;   88.92;    7.2;    4.8;    3.3;eor
       5097;20181229;-999;-999;-999;    3;   4.3;   4;    0.167;   0;  -999;   9.5;    -999;    7.3;   92.38;    8.5;    6.5;    6.1;eor
       5097;20181230;-999;-999;-999;    3;   0.0;   0;    0.583;   0;  -999;   7.8;    -999;    5.0;   88.21;    7.9;   -0.2;   -4.5;eor
       5097;20181231;-999;-999;-999;    3;   0.6;   4;    0.000;   0;  -999;   8.5;    -999;    5.3;   95.00;    8.4;    1.1;   -0.5;eor
       5097;20190101;-999;-999;-999;    3;   1.4;   4;    2.133;   0;  -999;   7.3;    -999;    6.5;   74.92;    8.3;    4.3;    2.2;eor
       5097;20190102;-999;-999;-999;    3;   0.0;   0;    4.017;   0;  -999;   4.1;    -999;    2.8;   55.08;    5.2;   -0.9;   -4.9;eor
       5097;20190103;-999;-999;-999;    3;   0.2;   4;    2.233;   0;  -999;   5.0;    -999;    0.9;   77.04;    4.4;   -2.4;   -6.9;eor
       5097;20190104;-999;-999;-999;    3;   0.4;   4;    0.000;   0;  -999;   7.4;    -999;    3.8;   91.13;    7.1;   -0.9;   -3.6;eor
       5097;20190105;-999;-999;-999;    3;   0.0;   0;    1.650;   0;  -999;   7.8;    -999;    4.6;   91.08;    7.3;   -2.0;   -6.5;eor
       5097;20190106;-999;-999;-999;    3;   1.1;   4;    4.817;   0;  -999;   5.6;    -999;    0.6;   87.88;    4.2;   -2.5;   -6.8;eor
       5097;20190107;-999;-999;-999;    3;   3.0;   4;    0.000;   0;  -999;   8.0;    -999;    4.3;   95.67;    6.7;    1.5;    1.2;eor
       5097;20190108;-999;-999;-999;    3;  11.9;   4;    0.000;   0;  -999;   7.7;    -999;    4.8;   88.88;    6.9;    2.2;    1.6;eor
       5097;20190109;-999;-999;-999;    3;   3.0;   4;    0.000;   0;  -999;   6.0;    -999;    1.6;   88.08;    2.5;    0.8;   -0.6;eor
       5097;20190110;-999;-999;-999;    3;   0.6;   4;    0.000;   0;  -999;   5.3;    -999;    0.7;   82.46;    1.9;   -0.8;   -1.9;eor
       5097;20190111;-999;-999;-999;    3;   0.4;   4;    0.000;   0;  -999;   7.3;    -999;    3.4;   92.42;    6.8;    0.2;   -1.2;eor
       5097;20190112;-999;-999;-999;    3;   4.1;   4;    0.033;   0;  -999;   7.7;    -999;    4.4;   91.46;    6.3;    0.7;   -2.0;eor
       5097;20190113;-999;-999;-999;    3;   5.9;   4;    0.000;   0;  -999;   8.5;    -999;    6.3;   88.17;    8.6;    4.8;    3.8;eor
       5097;20190114;-999;-999;-999;    3;   2.4;   4;    4.633;   0;  -999;   4.6;    -999;    2.4;   62.96;    5.2;    0.6;   -0.9;eor
       5097;20190115;-999;-999;-999;    3;   5.8;   4;    0.000;   0;  -999;   7.7;    -999;    5.0;   86.63;    7.6;    1.4;   -0.1;eor
       5097;20190116;-999;-999;-999;    3;   0.7;   4;    0.000;   0;  -999;   8.6;    -999;    6.6;   88.17;    7.6;    4.6;    3.7;eor
       5097;20190117;-999;-999;-999;    3;   0.1;   4;    0.717;   0;  -999;   6.7;    -999;    4.1;   81.83;    5.9;   -0.3;   -1.7;eor
       5097;20190118;-999;-999;-999;    3;   0.0;   0;    6.100;   0;  -999;   4.9;    -999;   -0.3;   81.42;    2.2;   -3.7;   -8.0;eor
       5097;20190119;-999;-999;-999;    3;   0.0;   0;    0.000;   0;  -999;   5.6;    -999;   -0.4;   93.79;    0.5;   -2.1;   -2.5;eor
       5097;20190120;-999;-999;-999;    3;   0.0;   0;    0.000;   0;  -999;   5.0;    -999;   -2.0;   95.46;   -1.5;   -2.7;   -2.4;eor
       5097;20190121;-999;-999;-999;    3;   0.1;   4;    0.000;   0;  -999;   4.6;    -999;   -2.4;   89.13;   -0.6;   -4.4;   -5.0;eor
       5097;20190122;-999;-999;-999;    3;   0.0;   0;    0.000;   0;  -999;   4.9;    -999;   -2.2;   93.46;   -0.8;   -6.5;  -10.5;eor
       5097;20190123;-999;-999;-999;    3;   0.0;   0;    5.967;   0;  -999;   3.4;    -999;   -5.1;   82.54;   -2.7;   -7.2;  -10.4;eor
       5097;20190124;-999;-999;-999;    3;   0.0;   0;    2.817;   0;  -999;   3.4;    -999;   -4.1;   75.29;   -1.9;   -5.4;   -6.1;eor
       5097;20190125;-999;-999;-999;    3;   1.5;   4;    0.000;   0;  -999;   3.4;    -999;   -4.0;   75.63;   -3.3;   -4.9;   -4.8;eor
       5097;20190126;-999;-999;-999;    3;   1.5;   4;    0.000;   0;  -999;   5.5;    -999;   -0.7;   93.96;    1.7;   -3.7;   -3.7;eor
       5097;20190127;-999;-999;-999;    3;   3.7;   4;    0.000;   0;  -999;   7.4;    -999;    3.4;   94.63;    4.3;    1.5;    1.2;eor
       5097;20190128;-999;-999;-999;    3;   0.5;   4;    0.800;   0;  -999;   6.8;    -999;    2.7;   91.71;    4.2;    0.4;   -0.2;eor
       5097;20190129;-999;-999;-999;    3;   0.0;   0;    3.950;   0;  -999;   5.6;    -999;    0.5;   88.21;    3.3;   -2.2;   -5.9;eor
       5097;20190130;-999;-999;-999;    3;   0.0;   0;    3.933;   0;  -999;   5.0;    -999;   -0.1;   83.21;    2.7;   -2.7;   -7.7;eor
       5097;20190131;-999;-999;-999;    3;   0.0;   0;    2.533;   0;  -999;   4.9;    -999;   -1.2;   87.29;    1.8;   -3.8;   -8.1;eor
       5097;20190201;-999;-999;-999;    3;   0.2;   4;    0.000;   0;  -999;   5.0;    -999;   -1.3;   89.71;    0.0;   -3.9;   -7.9;eor
       5097;20190202;-999;-999;-999;    3;   4.3;   4;    0.000;   0;  -999;   6.1;    -999;    0.7;   94.88;    1.4;   -0.3;   -1.3;eor
       5097;20190203;-999;-999;-999;    3;   0.0;   0;    0.000;   0;  -999;   6.0;    -999;    0.9;   91.38;    2.0;   -2.9;   -7.5;eor
       5097;20190204;-999;-999;-999;    3;   0.0;   0;    5.267;   0;  -999;   5.3;    -999;    0.8;   81.96;    3.6;   -3.1;   -8.2;eor
       5097;20190205;-999;-999;-999;    3;   0.0;   0;    0.300;   0;  -999;   6.4;    -999;    3.2;   82.92;    5.1;    1.5;    0.6;eor
       5097;20190206;-999;-999;-999;    3;   2.4;   4;    0.050;   0;  -999;   6.6;    -999;    3.5;   84.63;    4.9;    1.5;    0.2;eor
       5097;20190207;-999;-999;-999;    3;   0.7;   4;    0.000;   0;  -999;   6.7;    -999;    4.0;   82.58;    5.1;    3.0;    1.2;eor
       5097;20190208;-999;-999;-999;    3;   0.3;   4;    0.067;   0;  -999;   7.4;    -999;    6.2;   77.83;    7.6;    4.3;    2.6;eor
       5097;20190209;-999;-999;-999;    3;   0.3;   4;    2.217;   0;  -999;   7.4;    -999;    7.4;   71.63;   10.6;    5.7;    4.3;eor
       5097;20190210;-999;-999;-999;    3;   9.4;   4;    0.000;   0;  -999;   8.2;    -999;    6.3;   85.75;    7.8;    4.1;    3.1;eor
       5097;20190211;-999;-999;-999;    3;   0.6;   4;    1.783;   0;  -999;   6.2;    -999;    3.6;   78.92;    5.0;    0.6;   -0.5;eor
       5097;20190212;-999;-999;-999;    3;   0.1;   4;    8.100;   0;  -999;   5.4;    -999;    2.4;   74.79;    5.1;   -0.8;   -4.2;eor
       5097;20190213;-999;-999;-999;    3;   0.0;   0;    0.000;   0;  -999;   9.1;    -999;    7.3;   88.50;    9.4;    3.9;    2.7;eor
       5097;20190214;-999;-999;-999;    3;   0.0;   0;    5.783;   0;  -999;   8.1;    -999;    6.1;   86.17;    9.3;    0.8;   -4.3;eor
       5097;20190215;-999;-999;-999;    3;   0.0;   0;    8.367;   0;  -999;   6.6;    -999;    4.3;   80.63;   12.0;   -1.5;   -4.8;eor
       5097;20190216;-999;-999;-999;    3;   0.0;   0;    7.517;   0;  -999;   6.3;    -999;    6.0;   68.58;   13.4;   -0.3;   -5.2;eor
       5097;20190217;-999;-999;-999;    3;   0.0;   0;    1.550;   0;  -999;   8.4;    -999;    7.1;   83.63;   11.6;    1.9;   -3.4;eor
       5097;20190218;-999;-999;-999;    3;   0.0;   0;    8.933;   0;  -999;   7.0;    -999;    4.8;   82.00;   13.6;   -2.6;   -6.1;eor
       5097;20190219;-999;-999;-999;    3;   1.6;   4;    1.367;   0;  -999;   7.5;    -999;    5.1;   84.54;    9.4;   -0.4;   -4.3;eor
       5097;20190220;-999;-999;-999;    3;   1.3;   4;    2.583;   0;  -999;   8.3;    -999;    7.1;   82.75;   10.0;    5.1;    3.9;eor
       5097;20190221;-999;-999;-999;    3;   5.7;   4;    0.567;   0;  -999;   9.4;    -999;    7.4;   91.38;    9.1;    6.1;    5.6;eor
       5097;20190222;-999;-999;-999;    3;   0.0;   0;    6.700;   0;  -999;   5.4;    -999;    1.4;   78.58;    6.0;   -2.9;   -6.4;eor
       5097;20190223;-999;-999;-999;    3;   0.0;   0;    8.600;   0;  -999;   3.7;    -999;    0.6;   60.17;    5.3;   -4.0;   -7.0;eor
       5097;20190224;-999;-999;-999;    3;   0.0;   0;    9.467;   0;  -999;   5.2;    -999;    4.2;   63.46;   12.3;   -2.7;   -5.4;eor
       5097;20190225;-999;-999;-999;    3;   0.0;   0;    8.850;   0;  -999;   7.7;    -999;    5.9;   82.21;   12.7;   -1.0;   -6.1;eor
       5097;20190226;-999;-999;-999;    3;   0.0;   0;    4.067;   0;  -999;   8.0;    -999;    5.5;   87.58;   10.8;    0.7;   -2.5;eor
       5097;20190227;-999;-999;-999;    3;   0.0;   0;    9.350;   0;  -999;   6.2;    -999;    6.8;   66.71;   15.4;   -0.2;   -4.7;eor
       5097;20190228;-999;-999;-999;    3;   0.0;   0;    0.117;   0;  -999;   7.1;    -999;    4.2;   86.54;    6.4;    0.2;   -5.2;eor
       5097;20190301;-999;-999;-999;    3;   0.0;   0;    0.033;   0;  -999;   6.5;    -999;    2.6;   88.13;    5.7;   -1.2;   -5.6;eor
       5097;20190302;-999;-999;-999;    3;   0.0;   0;-999;   0;  -999;  -999;    -999;   -999;-999;   -999;   -999;-999;eor
       5097;20190303;-999;-999;-999;-999;-999;-999;-999;   0;  -999;  -999;    -999;   -999;-999;-999;-999;-999;eor
       5097;20190304;-999;-999;-999;-999;-999;-999;-999;   0;  -999;  -999;    -999;   -999;-999;-999;-999;-999;eor
       5097;20190305;-999;-999;-999;-999;-999;-999;-999;   0;  -999;  -999;    -999;   -999;-999;-999;-999;-999;eor
       5097;20190306;-999;-999;-999;-999;-999;-999;-999;   0;  -999;  -999;    -999;   -999;-999;-999;-999;-999;eor
       5097;20190307;-999;-999;-999;-999;-999;-999;-999;   0;  -999;  -999;    -999;   -999;-999;-999;-999;-999;eor
       5097;20190308;-999;-999;-999;-999;-999;-999;-999;   0;  -999;  -999;    -999;   -999;-999;-999;-999;-999;eor
       5097;20190309;-999;-999;-999;-999;-999;-999;-999;   0;  -999;  -999;    -999;   -999;-999;-999;-999;-999;eor
       5097;20190310;-999;-999;-999;-999;-999;-999;-999;   0;  -999;  -999;    -999;   -999;-999;-999;-999;-999;eor
       5097;20190311;-999;-999;-999;-999;-999;-999;-999;   0;  -999;  -999;    -999;   -999;-999;-999;-999;-999;eor
       5097;20190312;-999;-999;-999;-999;-999;-999;-999;   0;  -999;  -999;    -999;   -999;-999;-999;-999;-999;eor
       5097;20190313;-999;-999;-999;-999;-999;-999;-999;   0;  -999;  -999;    -999;   -999;-999;-999;-999;-999;eor
       5097;20190314;-999;-999;-999;    3;   6.0;   4;    0.800;   0;  -999;  -999;    -999;    5.0;-999;    7.6;    4.0;    3.0;eor
       5097;20190315;-999;-999;-999;    3;   3.3;   4;    0.500;   0;  -999;   7.8;    -999;    6.5;   80.04;    8.9;    4.9;    4.1;eor
       5097;20190316;-999;-999;-999;    3;   5.6;   4;    1.767;   0;  -999;   7.5;    -999;    6.3;   78.50;    8.9;    4.0;    3.6;eor
       5097;20190317;-999;-999;-999;    3;   0.4;   4;    0.650;   0;  -999;   8.0;    -999;    7.6;   75.83;   10.7;    3.6;    1.9;eor
       5097;20190318;-999;-999;-999;    3;   0.8;   4;    1.633;   0;  -999;   6.8;    -999;    5.6;   74.42;    8.2;    3.5;    2.0;eor
       5097;20190319;-999;-999;-999;    3;   0.0;   0;    5.017;   0;  -999;   6.1;    -999;    3.5;   77.83;    8.3;   -2.4;   -6.0;eor
       5097;20190320;-999;-999;-999;    3;   0.0;   0;    0.883;   0;  -999;   7.8;    -999;    5.8;   82.25;   10.0;   -1.6;   -5.9;eor
       5097;20190321;-999;-999;-999;    3;   0.0;   0;    0.550;   0;  -999;  10.3;    -999;   10.1;   83.67;   12.7;    8.1;    7.3;eor
       5097;20190322;-999;-999;-999;    3;   0.0;   0;    0.000;   0;  -999;  10.1;    -999;    8.9;   88.04;   10.4;    6.7;    6.6;eor
       5097;20190323;-999;-999;-999;    3;   0.0;   0;    3.350;   0;  -999;   8.4;    -999;    6.9;   84.46;   11.9;    1.6;   -0.4;eor
       5097;20190324;-999;-999;-999;    3;   1.4;   4;    4.183;   0;  -999;   6.6;    -999;    4.6;   78.88;    9.6;    0.8;   -3.0;eor
       5097;20190325;-999;-999;-999;    3;   0.6;   4;    3.067;   0;  -999;   6.7;    -999;    4.2;   82.13;    8.3;    0.2;   -4.2;eor
       5097;20190326;-999;-999;-999;    3;   0.0;   0;    2.650;   0;  -999;   6.2;    -999;    4.5;   74.38;    8.5;   -1.6;   -5.0;eor
       5097;20190327;-999;-999;-999;    3;   0.8;   4;    0.000;   0;  -999;   9.5;    -999;    7.0;   93.92;    8.8;    2.0;    0.3;eor
       5097;20190328;-999;-999;-999;    3;   0.0;   4;    0.000;   0;  -999;  10.1;    -999;    8.0;   94.08;    9.8;    4.9;    0.4;eor
       5097;20190329;-999;-999;-999;    3;   0.0;   0;    1.950;   0;  -999;   9.1;    -999;    7.7;   87.17;   13.7;    2.1;   -1.6;eor
       5097;20190330;-999;-999;-999;    3;   0.0;   0;    7.933;   0;  -999;   8.7;    -999;    8.8;   77.50;   17.3;   -0.8;   -2.5;eor
       5097;20190331;-999;-999;-999;    3;   0.0;   0;   10.783;   0;  -999;   6.3;    -999;    5.5;   69.71;    9.4;   -2.1;   -6.5;eor
       5097;20190401;-999;-999;-999;    3;   0.0;   0;   11.833;   0;  -999;   5.0;    -999;    2.9;   70.83;   10.2;   -4.3;   -8.3;eor
       5097;20190402;-999;-999;-999;    3;   0.0;   0;   10.133;   0;  -999;   5.6;    -999;    6.5;   59.21;   13.7;   -1.5;   -6.4;eor
       5097;20190403;-999;-999;-999;    3;   0.0;   0;    5.550;   0;  -999;   8.7;    -999;   10.7;   67.33;   17.8;    5.8;    3.2;eor
       5097;20190404;-999;-999;-999;    3;   0.0;   0;   11.300;   0;  -999;   9.0;    -999;   11.4;   67.88;   18.7;    4.8;    0.7;eor
       5097;20190405;-999;-999;-999;    3;   0.0;   0;   10.033;   0;  -999;   9.7;    -999;   11.2;   73.25;   18.9;    3.8;    1.4;eor
       5097;20190406;-999;-999;-999;    3;   0.0;   0;   10.483;   0;  -999;   9.6;    -999;   10.2;   78.13;   19.1;    2.9;   -0.1;eor
       5097;20190407;-999;-999;-999;    3;   0.0;   0;   11.950;   0;  -999;   8.5;    -999;   10.2;   71.96;   20.1;    2.1;   -1.8;eor
       5097;20190408;-999;-999;-999;    3;   0.0;   0;    7.317;   0;  -999;   7.4;    -999;    5.6;   81.71;   11.8;   -0.2;   -4.5;eor
       5097;20190409;-999;-999;-999;    3;   0.0;   0;    7.467;   0;  -999;   5.9;    -999;    3.8;   74.96;    9.4;   -2.4;   -7.3;eor
       5097;20190410;-999;-999;-999;    3;   0.8;   4;    4.400;   0;  -999;   5.2;    -999;    2.2;   74.88;    8.8;   -4.1;   -7.5;eor
       5097;20190411;-999;-999;-999;    3;   0.2;   4;    0.183;   0;  -999;   5.8;    -999;    2.0;   81.71;    5.7;   -3.5;   -7.7;eor
       5097;20190412;-999;-999;-999;    3;   4.9;   4;    4.033;   0;  -999;   5.6;    -999;    2.6;   77.04;    7.7;   -0.2;   -2.3;eor
       5097;20190413;-999;-999;-999;    3;   0.9;   4;    2.017;   0;  -999;   6.0;    -999;    2.5;   83.04;    7.2;    0.3;   -2.0;eor
       5097;20190414;-999;-999;-999;    3;   0.2;   4;    3.083;   0;  -999;   6.9;    -999;    5.6;   75.96;   10.4;    1.9;   -2.1;eor
       5097;20190415;-999;-999;-999;    3;   0.0;   0;   12.433;   0;  -999;   6.5;    -999;    4.8;   76.54;   11.3;   -2.1;   -5.6;eor
       5097;20190416;-999;-999;-999;    3;   0.0;   0;   12.367;   0;  -999;   6.7;    -999;    6.1;   72.75;   13.5;   -1.4;   -6.6;eor
       5097;20190417;-999;-999;-999;    3;   0.0;   0;   12.650;   0;  -999;   7.4;    -999;    7.7;   72.17;   15.8;    0.8;   -4.5;eor
       5097;20190418;-999;-999;-999;    3;   0.0;   0;   12.783;   0;  -999;   8.1;    -999;    8.7;   74.50;   17.3;    1.1;   -3.3;eor
       5097;20190419;-999;-999;-999;    3;   0.0;   0;   12.750;   0;  -999;   7.3;    -999;    9.2;   64.67;   17.2;   -0.4;   -5.2;eor
       5097;20190420;-999;-999;-999;    3;   0.0;   0;   12.900;   0;  -999;   6.4;    -999;    8.8;   60.63;   18.5;   -1.0;   -6.1;eor
       5097;20190421;-999;-999;-999;    3;   0.0;   0;   12.800;   0;  -999;   7.1;    -999;   10.3;   63.08;   20.3;   -1.0;   -4.7;eor
       5097;20190422;-999;-999;-999;    3;   0.0;   0;   12.883;   0;  -999;   8.1;    -999;    9.3;   71.08;   18.0;    0.3;   -3.3;eor
       5097;20190423;-999;-999;-999;    3;   1.7;   4;    9.550;   0;  -999;   9.0;    -999;   13.5;   59.83;   19.1;    8.6;    4.8;eor
       5097;20190424;-999;-999;-999;    3;   0.2;   4;    9.233;   0;  -999;  11.9;    -999;   14.8;   70.75;   21.1;    9.8;    6.0;eor
       5097;20190425;-999;-999;-999;    3;   0.0;   0;   11.933;   0;  -999;  12.0;    -999;   14.8;   74.50;   22.9;    8.2;    4.0;eor
       5097;20190426;-999;-999;-999;    3;  19.5;   4;    6.567;   0;  -999;  13.6;    -999;   14.2;   83.67;   23.3;    7.9;    2.5;eor
       5097;20190427;-999;-999;-999;    3;   0.4;   4;    3.733;   0;  -999;  11.2;    -999;   12.5;   78.71;   18.2;    9.0;    7.9;eor
       5097;20190428;-999;-999;-999;    3;   4.9;   4;    0.667;   0;  -999;  11.3;    -999;   10.7;   88.17;   14.3;    8.6;    6.5;eor
       5097;20190429;-999;-999;-999;    3;   0.0;   0;   11.633;   0;  -999;   9.2;    -999;   10.0;   74.88;   15.6;    2.7;   -0.9;eor
       5097;20190430;-999;-999;-999;    3;   0.1;   4;    9.583;   0;  -999;   8.6;    -999;   11.0;   67.63;   18.1;    1.3;   -1.7;eor
       5097;20190501;-999;-999;-999;    3;   0.0;   0;    0.067;-999;  -999;  10.2;    -999;   10.3;   81.13;   12.3;    8.4;    8.2;eor
       5097;20190502;-999;-999;-999;    3;   4.1;   4;    0.017;-999;  -999;   9.0;    -999;    8.8;   79.04;   10.9;    5.6;    3.0;eor
       5097;20190503;-999;-999;-999;    3;   1.3;   4;    5.667;-999;  -999;   6.9;    -999;    6.9;   70.50;   10.8;    2.6;    0.8;eor
       5097;20190504;-999;-999;-999;    3;   0.1;   4;    8.883;-999;  -999;   6.4;    -999;    5.0;   74.92;   10.0;   -0.3;   -3.5;eor
       5097;20190505;-999;-999;-999;    3;   0.0;   0;    9.583;-999;  -999;   6.1;    -999;    6.5;   67.13;   13.5;   -1.6;   -5.0;eor
       5097;20190506;-999;-999;-999;    3;   0.0;   0;    3.200;-999;  -999;   6.9;    -999;    6.5;   72.46;   12.1;    0.6;   -2.6;eor
       5097;20190507;-999;-999;-999;    3;   0.1;   4;    7.883;-999;  -999;   6.4;    -999;    6.2;   69.88;   12.4;   -0.3;   -3.2;eor
       5097;20190508;-999;-999;-999;    3;   0.6;   4;    6.633;-999;  -999;   7.3;    -999;    9.6;   63.08;   15.7;   -0.6;   -4.0;eor
       5097;20190509;-999;-999;-999;    3;   4.5;   4;    3.183;-999;  -999;  11.1;    -999;   12.2;   78.67;   17.9;    6.8;    2.5;eor
       5097;20190510;-999;-999;-999;    3;  12.0;   4;    1.150;-999;  -999;  10.7;    -999;    9.3;   90.83;   15.9;    3.3;    0.2;eor
       5097;20190511;-999;-999;-999;    3;   0.0;   0;   11.767;-999;  -999;   7.8;    -999;    8.2;   73.92;   13.1;    2.0;   -1.1;eor
       5097;20190512;-999;-999;-999;    3;   0.0;   0;   10.817;-999;  -999;   7.8;    -999;    8.4;   72.58;   13.7;    1.6;   -1.7;eor
       5097;20190513;-999;-999;-999;    3;   0.0;   4;   11.867;-999;  -999;   7.6;    -999;    8.4;   71.83;   14.5;    1.2;   -2.2;eor
       5097;20190514;-999;-999;-999;    3;   0.0;   0;   10.300;-999;  -999;   6.9;    -999;    8.0;   67.71;   14.7;    0.8;   -2.1;eor
       5097;20190515;-999;-999;-999;    3;   0.0;   4;   10.950;-999;  -999;   7.0;    -999;    8.8;   64.58;   15.0;   -0.3;   -2.9;eor
       5097;20190516;-999;-999;-999;    3;   1.6;   4;    0.300;-999;  -999;  10.0;    -999;   10.2;   79.88;   15.2;    6.9;    4.5;eor
       5097;20190517;-999;-999;-999;    3;   0.0;   0;    1.917;-999;  -999;  13.1;    -999;   12.4;   91.13;   17.5;    9.6;    9.6;eor
       5097;20190518;-999;-999;-999;    3;   0.0;   0;    9.750;-999;  -999;  14.1;    -999;   14.8;   84.71;   22.8;    9.8;    6.0;eor
       5097;20190519;-999;-999;-999;    3;   0.0;   0;    9.750;-999;  -999;  15.0;    -999;   15.4;   86.08;   23.9;    9.0;    5.7;eor
       5097;20190520;-999;-999;-999;    3;   4.2;   4;    3.883;-999;  -999;  15.5;    -999;   15.2;   90.08;   22.8;   11.4;   10.6;eor
       5097;20190521;-999;-999;-999;    3;   0.2;   4;    0.000;-999;  -999;  15.9;    -999;   14.8;   93.79;   17.8;   11.8;   10.3;eor
       5097;20190522;-999;-999;-999;    3;   0.0;   0;    0.000;-999;  -999;  12.9;    -999;   12.4;   89.33;   14.9;    9.2;    7.0;eor
       5097;20190523;-999;-999;-999;    3;   0.0;   0;   12.283;-999;  -999;  10.5;    -999;   13.2;   71.17;   19.3;    5.9;    1.9;eor
       5097;20190524;-999;-999;-999;    3;   0.0;   0;    9.900;-999;  -999;  11.1;    -999;   15.1;   66.42;   22.5;    6.7;    3.8;eor
       5097;20190525;-999;-999;-999;    3;   0.0;   0;    2.133;-999;  -999;  10.3;    -999;   12.2;   72.83;   15.9;    9.7;    7.2;eor
       5097;20190526;-999;-999;-999;    3;   9.3;   4;    0.033;-999;  -999;  12.6;    -999;   13.1;   82.29;   15.9;    7.9;    6.6;eor
       5097;20190527;-999;-999;-999;    3;   0.0;   0;    8.083;-999;  -999;  12.8;    -999;   15.1;   75.83;   18.6;   10.4;    8.1;eor
       5097;20190528;-999;-999;-999;    3;   0.0;   0;    6.517;-999;  -999;  10.4;    -999;   11.8;   75.79;   15.1;    5.1;    2.8;eor
       5097;20190529;-999;-999;-999;    3;   0.0;   0;   13.083;-999;  -999;   7.3;    -999;    9.7;   63.67;   15.0;    2.9;    0.5;eor
       5097;20190530;-999;-999;-999;    3;   1.0;   4;    6.533;-999;  -999;  10.9;    -999;   13.7;   69.79;   20.7;    2.6;    0.1;eor
       5097;20190531;-999;-999;-999;    3;   0.0;   4;    3.217;-999;  -999;  15.9;    -999;   16.6;   84.08;   21.4;   10.8;    9.0;eor
       5097;20190601;-999;-999;-999;    3;   0.0;   0;    8.100;-999;  -999;  14.9;    -999;   17.0;   78.46;   24.8;    9.8;    7.1;eor
       5097;20190602;-999;-999;-999;    3;   0.0;   0;   12.100;-999;  -999;  15.6;    -999;   18.4;   74.75;   27.6;    7.4;    5.7;eor
       5097;20190603;-999;-999;-999;    3;   0.3;   4;   10.200;-999;  -999;  17.5;    -999;   22.2;   67.75;   31.6;   16.2;   12.9;eor
       5097;20190604;-999;-999;-999;    3;   0.0;   0;   11.800;-999;  -999;  16.3;    -999;   18.9;   77.00;   25.2;   13.9;   11.6;eor
       5097;20190605;-999;-999;-999;    3;   0.0;   0;   14.067;-999;  -999;  18.1;    -999;   23.2;   68.08;   32.2;   13.6;   11.0;eor
       5097;20190606;-999;-999;-999;    3;  10.3;   4;    8.117;-999;  -999;  18.1;    -999;   19.9;   79.21;   30.0;   13.7;   13.2;eor
       5097;20190607;-999;-999;-999;    3;   0.7;   4;    7.350;-999;  -999;  14.6;    -999;   16.3;   80.04;   22.7;   12.2;   11.9;eor
       5097;20190608;-999;-999;-999;    3;   0.0;   4;    4.767;-999;  -999;  13.2;    -999;   16.9;   69.42;   21.0;   12.7;    9.8;eor
       5097;20190609;-999;-999;-999;    3;   0.1;   4;   12.400;-999;  -999;  11.5;    -999;   16.3;   63.75;   23.3;   10.9;    8.4;eor
       5097;20190610;-999;-999;-999;    3;   0.1;   4;    3.150;-999;  -999;  16.1;    -999;   17.4;   81.00;   22.8;   12.9;   12.0;eor
       5097;20190611;-999;-999;-999;    3;  21.7;   4;    5.550;-999;  -999;  20.0;    -999;   20.3;   84.38;   27.7;   14.6;   14.6;eor
       5097;20190612;-999;-999;-999;    3;  10.3;   4;    5.267;-999;  -999;  19.4;    -999;   19.0;   88.79;   23.6;   16.3;   16.3;eor
       5097;20190613;-999;-999;-999;    3;  36.0;   4;    9.283;-999;  -999;  16.0;    -999;   18.6;   76.42;   24.3;   13.1;   12.5;eor
       5097;20190614;-999;-999;-999;    3;   0.0;   4;   14.633;-999;  -999;  16.7;    -999;   19.7;   74.96;   27.0;   11.1;   10.1;eor
       5097;20190615;-999;-999;-999;    3;   0.4;   4;    3.000;-999;  -999;  19.3;    -999;   20.4;   80.71;   24.8;   16.0;   16.1;eor
       5097;20190616;-999;-999;-999;    3;   0.0;   0;    9.550;-999;  -999;  14.5;    -999;   17.3;   74.63;   22.1;   11.3;   10.3;eor
       5097;20190617;-999;-999;-999;    3;   0.0;   0;   12.850;-999;  -999;  14.7;    -999;   18.2;   73.13;   25.4;   10.3;   10.1;eor
       5097;20190618;-999;-999;-999;    3;   0.0;   0;   13.617;-999;  -999;  16.1;    -999;   20.6;   68.88;   27.7;   11.8;   10.1;eor
       5097;20190619;-999;-999;-999;    3;   0.0;   0;   13.550;-999;  -999;  17.9;    -999;   22.5;   67.83;   29.7;   14.5;   12.5;eor
       5097;20190620;-999;-999;-999;    3;   6.5;   4;    7.883;-999;  -999;  17.7;    -999;   19.4;   79.54;   24.6;   13.8;   13.1;eor
       5097;20190621;-999;-999;-999;    3;   0.0;   0;    7.650;-999;  -999;  15.4;    -999;   17.5;   78.54;   22.7;   11.3;   10.3;eor
       5097;20190622;-999;-999;-999;    3;   0.0;   0;   13.383;-999;  -999;  12.0;    -999;   15.5;   70.88;   22.1;    8.3;    7.1;eor
       5097;20190623;-999;-999;-999;    3;   0.0;   0;   15.433;-999;  -999;  12.5;    -999;   16.5;   69.88;   23.9;    6.8;    6.4;eor
       5097;20190624;-999;-999;-999;    3;   0.0;   0;   14.667;-999;  -999;  14.9;    -999;   18.7;   71.63;   27.9;    7.2;    5.6;eor
       5097;20190625;-999;-999;-999;    3;   0.0;   0;   13.617;-999;  -999;  17.1;    -999;   23.1;   65.29;   32.2;   12.4;   10.6;eor
       5097;20190626;-999;-999;-999;    3;   0.0;   0;   15.083;-999;  -999;  18.8;    -999;   23.6;   66.83;   33.7;   14.7;   12.8;eor
       5097;20190627;-999;-999;-999;    3;   0.0;   0;    6.033;-999;  -999;  13.2;    -999;   16.4;   71.42;   20.1;   12.1;    9.6;eor
       5097;20190628;-999;-999;-999;    3;   0.0;   0;   11.683;-999;  -999;  14.2;    -999;   17.2;   74.21;   22.5;   10.3;    7.9;eor
       5097;20190629;-999;-999;-999;    3;   0.0;   0;   15.033;-999;  -999;  13.1;    -999;   19.6;   63.13;   28.5;    9.6;    7.2;eor
       5097;20190630;-999;-999;-999;    3;   0.0;   0;   13.900;-999;  -999;  14.9;    -999;   23.7;   58.04;   36.7;   10.4;    8.2;eor
       5097;20190701;-999;-999;-999;    3;   0.2;   4;    8.817;-999;  -999;  13.8;    -999;   18.9;   65.38;   25.6;   13.3;   10.5;eor
       5097;20190702;-999;-999;-999;    3;   1.7;   4;    4.417;-999;  -999;  11.5;    -999;   15.0;   67.96;   19.3;   11.5;    8.7;eor
       5097;20190703;-999;-999;-999;    3;   1.5;   4;    7.467;-999;  -999;  10.1;    -999;   13.8;   65.58;   19.5;    6.9;    4.0;eor
       5097;20190704;-999;-999;-999;    3;   5.9;   4;    1.033;-999;  -999;  11.7;    -999;   14.6;   70.38;   18.4;    6.3;    4.4;eor
       5097;20190705;-999;-999;-999;    3;   0.5;   4;    2.383;-999;  -999;  14.7;    -999;   15.1;   86.13;   18.3;   13.1;   12.4;eor
       5097;20190706;-999;-999;-999;    3;   1.4;   4;    0.850;-999;  -999;  14.2;    -999;   15.2;   82.13;   17.9;   11.6;    9.9;eor
       5097;20190707;-999;-999;-999;    3;   1.1;   4;    0.567;-999;  -999;  11.8;    -999;   13.6;   76.29;   16.3;   11.2;   10.3;eor
       5097;20190708;-999;-999;-999;    3;   0.0;   0;    6.233;-999;  -999;  11.5;    -999;   14.1;   73.38;   19.5;   10.8;    9.2;eor
       5097;20190709;-999;-999;-999;    3;   0.0;   0;    9.217;-999;  -999;  11.7;    -999;   15.1;   69.29;   19.3;    8.1;    6.8;eor
       5097;20190710;-999;-999;-999;    3;   0.0;   0;   11.200;-999;  -999;  12.6;    -999;   16.7;   67.88;   22.0;   10.0;    6.9;eor
       5097;20190711;-999;-999;-999;    3;   0.0;   0;   13.600;-999;  -999;  12.3;    -999;   17.0;   67.33;   25.5;    9.2;    6.1;eor
       5097;20190712;-999;-999;-999;    3;   0.0;   0;    1.367;-999;  -999;  14.7;    -999;   18.4;   70.54;   23.7;   12.5;    9.5;eor
       5097;20190713;-999;-999;-999;    3;   0.0;   0;   12.983;-999;  -999;  14.3;    -999;   19.1;   68.25;   26.0;   10.0;    7.2;eor
       5097;20190714;-999;-999;-999;    3;   0.0;   0;    0.267;-999;  -999;  14.6;    -999;   16.9;   75.50;   19.8;   14.8;   13.0;eor
       5097;20190715;-999;-999;-999;    3;   0.1;   4;    0.383;-999;  -999;  12.5;    -999;   15.6;   71.25;   18.8;   13.3;   13.7;eor
       5097;20190716;-999;-999;-999;    3;   0.0;   4;    1.333;-999;  -999;  14.5;    -999;   16.0;   79.63;   19.1;   14.2;   11.0;eor
       5097;20190717;-999;-999;-999;    3;   0.0;   0;    9.500;-999;  -999;  13.7;    -999;   17.5;   71.25;   23.5;    9.5;    7.1;eor
       5097;20190718;-999;-999;-999;    3;   0.0;   0;    9.833;-999;  -999;  12.2;    -999;   18.7;   61.58;   27.8;    6.8;    5.3;eor
       5097;20190719;-999;-999;-999;    3;   5.9;   4;    4.283;-999;  -999;  16.3;    -999;   19.2;   75.58;   26.1;   12.9;   11.3;eor
       5097;20190720;-999;-999;-999;    3;   5.4;   4;   10.833;-999;  -999;  16.1;    -999;   20.2;   73.00;   29.5;   11.0;    9.7;eor
       5097;20190721;-999;-999;-999;    3;   0.0;   0;    7.433;-999;  -999;  16.6;    -999;   18.6;   79.04;   24.6;   12.9;   10.7;eor
       5097;20190722;-999;-999;-999;    3;   2.7;   4;    3.433;-999;  -999;  15.1;    -999;   16.6;   81.29;   21.4;   12.0;   10.1;eor
       5097;20190723;-999;-999;-999;    3;   0.0;   0;   11.267;-999;  -999;  18.6;    -999;   21.2;   76.29;   27.3;   14.7;   13.0;eor
       5097;20190724;-999;-999;-999;    3;   0.0;   0;   13.650;-999;  -999;  17.6;    -999;   22.0;   70.58;   32.0;   12.4;   10.9;eor
       5097;20190725;-999;-999;-999;    3;   0.0;   0;   14.000;-999;  -999;  16.9;    -999;   22.2;   68.13;   30.2;   14.4;   11.7;eor
       5097;20190726;-999;-999;-999;    3;   0.0;   0;   14.800;-999;  -999;  16.6;    -999;   22.2;   66.71;   30.4;   13.3;   11.2;eor
       5097;20190727;-999;-999;-999;    3;   0.0;   0;   11.300;-999;  -999;  18.5;    -999;   22.2;   71.58;   28.6;   16.8;   13.3;eor
       5097;20190728;-999;-999;-999;    3;   0.0;   0;   13.017;-999;  -999;  19.5;    -999;   23.6;   69.21;   29.7;   17.8;   14.8;eor
       5097;20190729;-999;-999;-999;    3;   0.0;   4;    7.400;-999;  -999;  21.8;    -999;   23.4;   78.50;   34.0;   16.6;   14.9;eor
       5097;20190730;-999;-999;-999;    3;  14.2;   4;    3.500;-999;  -999;  21.0;    -999;   20.7;   86.00;   26.2;   15.6;   15.2;eor
       5097;20190731;-999;-999;-999;    3;  15.1;   4;    1.433;-999;  -999;  18.1;    -999;   18.4;   85.79;   22.9;   15.0;   15.0;eor
       5097;20190801;-999;-999;-999;    3;   0.1;   4;    2.333;-999;  -999;  16.8;    -999;   17.8;   83.42;   22.8;   14.1;   13.0;eor
       5097;20190802;-999;-999;-999;    3;   2.0;   4;    1.917;-999;  -999;  16.1;    -999;   17.5;   81.46;   23.7;   13.8;   12.3;eor
       5097;20190803;-999;-999;-999;    3;   0.0;   0;   12.050;-999;  -999;  15.2;    -999;   19.1;   71.79;   25.5;   12.8;   11.2;eor
       5097;20190804;-999;-999;-999;    3;   0.0;   0;    5.850;-999;  -999;  15.4;    -999;   18.1;   75.83;   22.6;   12.8;   11.1;eor
       5097;20190805;-999;-999;-999;    3;   0.0;   0;    4.333;-999;  -999;  16.5;    -999;   19.9;   72.63;   25.6;   13.6;   11.7;eor
       5097;20190806;-999;-999;-999;    3;   0.9;   4;    5.517;-999;  -999;  17.3;    -999;   19.9;   75.67;   25.5;   15.3;   13.1;eor
       5097;20190807;-999;-999;-999;    3;   7.7;   4;    4.217;-999;  -999;  16.7;    -999;   17.9;   82.58;   23.5;   12.5;   11.0;eor
       5097;20190808;-999;-999;-999;    3;   3.0;   4;    9.767;-999;  -999;  15.7;    -999;   17.6;   79.46;   23.9;   12.7;   10.7;eor
       5097;20190809;-999;-999;-999;    3;   1.9;   4;    7.100;-999;  -999;  15.8;    -999;   18.7;   75.33;   24.5;   12.8;   10.7;eor
       5097;20190810;-999;-999;-999;    3;   0.3;   4;    7.617;-999;  -999;  17.2;    -999;   21.1;   69.83;   27.4;   15.3;   12.0;eor
       5097;20190811;-999;-999;-999;    3;   0.0;   0;    9.483;-999;  -999;  13.3;    -999;   20.3;   58.13;   26.5;   15.3;   11.0;eor
       5097;20190812;-999;-999;-999;    3;   1.0;   4;   12.000;-999;  -999;  13.6;    -999;   19.5;   63.46;   25.6;   12.8;   11.2;eor
       5097;20190813;-999;-999;-999;    3;   0.6;   4;    6.483;-999;  -999;  14.0;    -999;   15.6;   79.71;   21.6;   10.8;    6.8;eor
       5097;20190814;-999;-999;-999;    3;   0.0;   0;    8.650;-999;  -999;  11.7;    -999;   14.5;   72.79;   20.6;    9.4;    5.5;eor
       5097;20190815;-999;-999;-999;    3;   1.4;   4;    0.000;-999;  -999;  13.9;    -999;   16.0;   75.83;   19.1;   11.3;   10.0;eor
       5097;20190816;-999;-999;-999;    3;   0.0;   0;    2.450;-999;  -999;  15.5;    -999;   17.2;   80.08;   22.8;   13.6;    9.4;eor
       5097;20190817;-999;-999;-999;    3;   1.6;   4;    0.150;-999;  -999;  16.0;    -999;   18.2;   77.17;   24.2;   13.5;   10.9;eor
       5097;20190818;-999;-999;-999;    3;   4.8;   4;    0.000;-999;  -999;  19.0;    -999;   18.4;   89.33;   22.4;   14.0;   10.9;eor
       5097;20190819;-999;-999;-999;    3;   0.0;   0;    7.367;-999;  -999;  14.8;    -999;   17.5;   76.33;   23.1;   10.9;    7.4;eor
       5097;20190820;-999;-999;-999;    3;   0.0;   0;    7.150;-999;  -999;  12.9;    -999;   17.0;   69.96;   24.3;    9.5;    6.3;eor
       5097;20190821;-999;-999;-999;    3;   0.0;   0;    9.383;-999;  -999;  12.9;    -999;   15.9;   73.75;   22.4;    8.8;    5.5;eor
       5097;20190822;-999;-999;-999;    3;   0.0;   0;   12.050;-999;  -999;  11.4;    -999;   17.8;   62.17;   27.1;    7.3;    4.2;eor
       5097;20190823;-999;-999;-999;    3;   0.0;   0;   10.967;-999;  -999;  12.8;    -999;   19.0;   62.88;   28.3;   10.2;    5.9;eor
       5097;20190824;-999;-999;-999;    3;   0.0;   0;   12.150;-999;  -999;  14.5;    -999;   19.9;   67.54;   30.3;    9.9;    6.5;eor
       5097;20190825;-999;-999;-999;    3;   0.0;   0;   11.233;-999;  -999;  15.9;    -999;   22.2;   64.75;   31.3;   13.5;    7.8;eor
       5097;20190826;-999;-999;-999;    3;   4.6;   4;   10.383;-999;  -999;  16.7;    -999;   22.5;   65.46;   31.8;   13.8;    9.5;eor
       5097;20190827;-999;-999;-999;    3;  15.0;   4;    8.667;-999;  -999;  21.1;    -999;   23.4;   76.67;   33.9;   17.7;   14.6;eor
       5097;20190828;-999;-999;-999;    3;  32.2;   4;    8.167;-999;  -999;  22.1;    -999;   23.8;   77.63;   32.4;   17.0;   15.1;eor
       5097;20190829;-999;-999;-999;    3;   0.0;   0;    6.133;-999;  -999;  20.1;    -999;   20.8;   82.58;   26.9;   16.5;   12.2;eor
       5097;20190830;-999;-999;-999;    3;   0.0;   0;    9.083;-999;  -999;  18.4;    -999;   20.2;   79.67;   26.7;   13.6;   10.5;eor
       5097;20190831;-999;-999;-999;    3;   0.0;   0;   11.233;-999;  -999;  20.5;    -999;   23.6;   72.71;   31.7;   15.8;   13.0;eor
       5097;20190901;-999;-999;-999;    3;   0.3;   4;    5.550;-999;  -999;  17.4;    -999;   20.4;   72.25;   24.8;   13.9;   10.6;eor
       5097;20190902;-999;-999;-999;    3;   0.4;   4;    8.917;-999;  -999;  11.9;    -999;   14.6;   73.04;   19.9;   10.5;    5.9;eor
       5097;20190903;-999;-999;-999;    3;   1.7;   4;    0.517;-999;  -999;  14.1;    -999;   14.5;   84.42;   19.5;   11.0;    7.1;eor
       5097;20190904;-999;-999;-999;    3;   1.7;   4;    3.717;-999;  -999;  15.0;    -999;   16.5;   81.50;   21.3;   12.4;    8.2;eor
       5097;20190905;-999;-999;-999;    3;   0.9;   4;    7.033;-999;  -999;  13.1;    -999;   15.0;   77.21;   19.5;    9.7;    7.7;eor
       5097;20190906;-999;-999;-999;    3;   0.0;   0;    8.400;-999;  -999;  11.1;    -999;   14.1;   69.83;   20.3;    8.4;    6.0;eor
       5097;20190907;-999;-999;-999;    3;   0.0;   0;    2.100;-999;  -999;  11.6;    -999;   14.8;   68.46;   18.3;   12.0;    8.3;eor
       5097;20190908;-999;-999;-999;    3;   1.8;   4;    6.333;-999;  -999;  12.2;    -999;   14.1;   77.79;   20.8;    8.3;    5.3;eor
       5097;20190909;-999;-999;-999;    3;  10.1;   4;    0.000;-999;  -999;  14.7;    -999;   13.4;   94.50;   17.4;    8.4;    6.2;eor
       5097;20190910;-999;-999;-999;    3;   6.5;   4;    0.000;-999;  -999;  14.9;    -999;   14.5;   89.79;   16.3;   13.3;   12.2;eor
       5097;20190911;-999;-999;-999;    3;   0.7;   4;    7.350;-999;  -999;  13.2;    -999;   15.8;   74.96;   20.6;   10.5;    6.2;eor
       5097;20190912;-999;-999;-999;    3;   0.0;   0;    5.867;-999;  -999;  14.6;    -999;   15.9;   81.83;   20.0;   12.3;    8.2;eor
       5097;20190913;-999;-999;-999;    3;   1.9;   4;    4.533;-999;  -999;  13.2;    -999;   15.0;   76.88;   18.0;    9.0;    4.3;eor
       5097;20190914;-999;-999;-999;    3;   0.0;   0;    9.550;-999;  -999;  10.8;    -999;   12.1;   77.67;   17.7;    7.0;    3.0;eor
       5097;20190915;-999;-999;-999;    3;   0.7;   4;    2.000;-999;  -999;  11.8;    -999;   13.9;   73.46;   19.1;    9.4;    4.8;eor
       5097;20190916;-999;-999;-999;    3;   0.0;   0;    6.250;-999;  -999;  10.2;    -999;   12.8;   69.92;   16.2;    9.6;    5.8;eor
       5097;20190917;-999;-999;-999;    3;   6.9;   4;    3.267;-999;  -999;  10.1;    -999;   10.8;   77.88;   14.2;    9.0;    7.3;eor
       5097;20190918;-999;-999;-999;    3;   0.9;   4;    6.450;-999;  -999;   9.3;    -999;   10.2;   76.00;   14.9;    5.9;    1.3;eor
       5097;20190919;-999;-999;-999;    3;   0.0;   0;    8.217;-999;  -999;  10.1;    -999;   10.2;   82.71;   15.8;    5.6;    1.5;eor
       5097;20190920;-999;-999;-999;    3;   0.4;   4;    0.033;-999;  -999;  12.3;    -999;   11.6;   89.08;   14.4;    6.4;    2.8;eor
       5097;20190921;-999;-999;-999;    3;   0.0;   0;    5.033;-999;  -999;  13.1;    -999;   13.9;   83.04;   18.4;    7.0;    3.6;eor
       5097;20190922;-999;-999;-999;    3;   0.0;   4;   10.833;-999;  -999;  11.7;    -999;   14.0;   76.79;   24.0;    4.9;    2.7;eor
       5097;20190923;-999;-999;-999;    3;   0.0;   4;   10.167;-999;  -999;  14.0;    -999;   15.3;   82.54;   22.4;   10.9;    4.2;eor
       5097;20190924;-999;-999;-999;    3;   0.0;   0;    0.833;-999;  -999;  14.4;    -999;   13.8;   91.29;   17.5;   11.2;    6.5;eor
       5097;20190925;-999;-999;-999;    3;   4.7;   4;    0.517;-999;  -999;  14.8;    -999;   14.2;   91.58;   19.3;   10.1;    6.2;eor
       5097;20190926;-999;-999;-999;    3;   3.8;   4;    3.433;-999;  -999;  15.4;    -999;   15.2;   88.75;   18.9;   13.4;   12.8;eor
       5097;20190927;-999;-999;-999;    3;   0.8;   4;    1.667;-999;  -999;  15.4;    -999;   15.1;   89.54;   17.9;   12.8;   10.9;eor
       5097;20190928;-999;-999;-999;    3;   0.2;   4;    4.500;-999;  -999;  14.0;    -999;   14.9;   82.71;   18.7;   12.7;   10.8;eor
       5097;20190929;-999;-999;-999;    3;  11.0;   4;    0.000;-999;  -999;  14.5;    -999;   13.8;   91.42;   15.3;   12.2;   10.6;eor
       5097;20190930;-999;-999;-999;    3;  12.0;   4;    1.833;-999;  -999;  13.2;    -999;   13.5;   84.38;   15.7;    9.6;    8.1;eor
       5097;20191001;-999;-999;-999;    3;   9.1;   4;    0.000;   0;  -999;  11.9;    -999;   10.3;   94.63;   12.3;    7.1;    5.6;eor
       5097;20191002;-999;-999;-999;    3;   4.0;   4;    7.167;   0;  -999;   9.7;    -999;    9.6;   82.08;   13.3;    7.3;    5.7;eor
       5097;20191003;-999;-999;-999;    3;   0.2;   4;    1.300;   0;  -999;   9.8;    -999;    9.1;   85.38;   12.2;    6.8;    5.7;eor
       5097;20191004;-999;-999;-999;    3;   0.4;   4;    2.667;   0;  -999;   9.0;    -999;    8.7;   81.04;   12.2;    4.7;    3.4;eor
       5097;20191005;-999;-999;-999;    3;   2.6;   4;    3.083;   0;  -999;   9.2;    -999;    8.2;   84.33;   11.5;    3.1;    1.3;eor
       5097;20191006;-999;-999;-999;    3;   0.0;   0;    9.433;   0;  -999;   7.6;    -999;    5.8;   84.00;   12.2;    0.6;   -0.8;eor
       5097;20191007;-999;-999;-999;    3;   0.6;   4;    2.133;   0;  -999;   7.5;    -999;    4.8;   88.04;   10.4;    0.3;   -0.5;eor
       5097;20191008;-999;-999;-999;    3;   3.6;   4;    0.000;   0;  -999;  10.9;    -999;    9.4;   90.08;   13.5;    4.9;    3.9;eor
       5097;20191009;-999;-999;-999;    3;   1.1;   4;    4.267;   0;  -999;  11.6;    -999;   11.4;   86.17;   14.9;    8.8;    6.2;eor
       5097;20191010;-999;-999;-999;    3;   0.9;   4;    3.283;   0;  -999;  10.6;    -999;   10.5;   83.88;   13.6;    8.5;    7.0;eor
       5097;20191011;-999;-999;-999;    3;   3.9;   4;    0.000;   0;  -999;  12.4;    -999;   12.6;   85.04;   14.9;    8.8;    7.5;eor
       5097;20191012;-999;-999;-999;    3;   2.1;   4;    0.000;   0;  -999;  13.4;    -999;   12.9;   90.08;   15.8;   10.8;   10.4;eor
       5097;20191013;-999;-999;-999;    3;   0.8;   4;    1.617;   0;  -999;  15.1;    -999;   14.6;   89.71;   20.1;   10.7;   10.3;eor
       5097;20191014;-999;-999;-999;    3;   0.0;   0;    5.700;   0;  -999;  13.4;    -999;   14.8;   79.75;   19.9;   10.7;    8.6;eor
       5097;20191015;-999;-999;-999;    3;   0.0;   0;    7.700;   0;  -999;  13.8;    -999;   13.5;   89.21;   19.3;    9.4;    7.8;eor
       5097;20191016;-999;-999;-999;    3;  11.7;   4;    0.000;   0;  -999;  13.6;    -999;   12.0;   97.00;   13.7;    9.1;    6.2;eor
       5097;20191017;-999;-999;-999;    3;   3.6;   4;    0.083;   0;  -999;  13.9;    -999;   13.3;   90.21;   15.6;    9.0;    6.8;eor
       5097;20191018;-999;-999;-999;    3;   4.5;   4;    1.667;   0;  -999;  13.6;    -999;   13.2;   88.79;   17.0;    9.1;    6.7;eor
       5097;20191019;-999;-999;-999;    3;   0.0;   0;    4.400;   0;  -999;  11.4;    -999;   11.7;   82.08;   15.5;    8.4;    6.4;eor
       5097;20191020;-999;-999;-999;    3;   5.3;   4;    0.000;   0;  -999;  13.4;    -999;   12.2;   94.29;   13.4;   10.9;    9.6;eor
       5097;20191021;-999;-999;-999;    3;   0.0;   0;    0.000;   0;  -999;  13.6;    -999;   12.5;   93.42;   15.1;    8.4;    7.4;eor
       5097;20191022;-999;-999;-999;    3;   0.0;   0;    5.050;   0;  -999;  11.6;    -999;   11.1;   88.63;   15.3;    7.7;    4.6;eor
       5097;20191023;-999;-999;-999;    3;   0.0;   0;    1.917;   0;  -999;  11.2;    -999;    9.8;   92.50;   14.2;    5.2;    2.9;eor
       5097;20191024;-999;-999;-999;    3;   0.0;   4;    0.000;   0;  -999;  13.1;    -999;   11.7;   94.58;   14.1;    8.3;    5.5;eor
       5097;20191025;-999;-999;-999;    3;   0.0;   4;    0.733;   0;  -999;  12.2;    -999;   12.6;   83.25;   14.9;   10.9;    8.0;eor
       5097;20191026;-999;-999;-999;    3;   0.8;   4;    2.933;   0;  -999;  12.5;    -999;   14.9;   73.58;   17.8;   11.9;   10.5;eor
       5097;20191027;-999;-999;-999;    3;   1.2;   4;    2.233;   0;  -999;  10.2;    -999;   11.2;   76.13;   15.9;    6.2;    4.4;eor
       5097;20191028;-999;-999;-999;    3;   0.6;   4;    3.767;   0;  -999;   9.1;    -999;    7.8;   86.42;   12.3;    2.6;    0.2;eor
       5097;20191029;-999;-999;-999;    3;   0.0;   0;    8.417;   0;  -999;   6.9;    -999;    4.3;   84.50;    9.8;   -0.7;   -2.7;eor
       5097;20191030;-999;-999;-999;    3;   0.0;   0;    8.467;   0;  -999;   5.8;    -999;    1.5;   86.79;    9.1;   -3.1;   -4.5;eor
       5097;20191031;-999;-999;-999;    3;   0.0;   0;    7.183;   0;  -999;   5.8;    -999;    1.1;   87.42;    7.7;   -3.1;   -4.5;eor
       5097;20191101;-999;-999;-999;    3;   3.6;   4;    3.933;   0;  -999;   6.0;    -999;    1.8;   86.00;    6.6;   -3.7;   -5.3;eor
       5097;20191102;-999;-999;-999;    3;   6.5;   4;    0.000;   0;  -999;  11.6;    -999;    9.6;   95.71;   13.0;    4.4;    4.1;eor
       5097;20191103;-999;-999;-999;    3;   0.7;   4;    1.283;   0;  -999;  12.1;    -999;   10.8;   93.79;   13.6;    8.8;    5.6;eor
       5097;20191104;-999;-999;-999;    3;  26.7;   4;    0.000;   0;  -999;  11.9;    -999;    9.9;   97.46;   10.8;    9.5;    9.3;eor
       5097;20191105;-999;-999;-999;    3;  13.2;   4;    0.000;   0;  -999;  10.7;    -999;    8.4;   96.42;    9.5;    6.6;    6.3;eor
       5097;20191106;-999;-999;-999;    3;   0.8;   4;    0.000;   0;  -999;   9.2;    -999;    6.5;   95.13;    7.3;    5.8;    5.3;eor
       5097;20191107;-999;-999;-999;    3;   0.0;   0;    0.067;   0;  -999;   9.0;    -999;    6.3;   93.71;    7.6;    5.2;    4.0;eor
       5097;20191108;-999;-999;-999;    3;   0.2;   4;    0.617;   0;  -999;   8.9;    -999;    6.4;   92.08;    8.4;    4.1;    1.1;eor
       5097;20191109;-999;-999;-999;    3;   5.2;   4;    0.000;   0;  -999;   9.5;    -999;    7.1;   94.04;    8.5;    4.8;    3.9;eor
       5097;20191110;-999;-999;-999;    3;   0.0;   0;    5.900;   0;  -999;   7.5;    -999;    4.1;   91.75;    8.4;    0.8;   -1.9;eor
       5097;20191111;-999;-999;-999;    3;   0.0;   0;    0.000;   0;  -999;   6.9;    -999;    2.7;   93.04;    5.0;    0.6;   -2.0;eor
       5097;20191112;-999;-999;-999;    3;   0.0;   0;    4.017;   0;  -999;   6.8;    -999;    3.9;   84.00;    7.3;    1.5;    0.1;eor
       5097;20191113;-999;-999;-999;    3;   0.0;   0;    2.333;   0;  -999;   7.1;    -999;    4.0;   87.25;    5.7;    1.7;   -0.2;eor
       5097;20191114;-999;-999;-999;    3;   0.0;   0;    5.650;   0;  -999;   7.5;    -999;    4.6;   88.42;    8.8;    2.3;   -2.0;eor
       5097;20191115;-999;-999;-999;    3;   0.0;   0;    0.000;   0;  -999;   8.3;    -999;    6.1;   87.13;    8.7;    3.0;    2.6;eor
       5097;20191116;-999;-999;-999;    3;   3.3;   4;    0.000;   0;  -999;   9.3;    -999;    7.3;   89.42;    9.1;    3.0;    0.7;eor
       5097;20191117;-999;-999;-999;    3;   0.2;   4;    0.317;   0;  -999;   7.5;    -999;    4.0;   90.46;    8.1;   -0.3;   -2.8;eor
       5097;20191118;-999;-999;-999;    3;   0.1;   4;    1.050;   0;  -999;   9.6;    -999;    7.6;   91.58;    9.9;    5.0;    1.6;eor
       5097;20191119;-999;-999;-999;    3;   1.3;   4;    0.000;   0;  -999;   8.0;    -999;    6.2;   83.33;    8.6;    3.1;    1.1;eor
       5097;20191120;-999;-999;-999;    3;   2.6;   4;    0.000;   0;  -999;   8.4;    -999;    4.9;   96.71;    5.8;    3.4;    1.8;eor
       5097;20191121;-999;-999;-999;    3;   3.0;   4;    0.000;   0;  -999;  10.1;    -999;    7.5;   97.04;    9.1;    5.3;    5.2;eor
       5097;20191122;-999;-999;-999;    3;   0.3;   4;    0.000;   0;  -999;  10.7;    -999;    8.8;   94.33;    9.7;    7.3;    6.9;eor
       5097;20191123;-999;-999;-999;    3;   0.0;   0;    0.000;   0;  -999;   7.8;    -999;    5.0;   88.75;    7.2;    1.8;    0.1;eor
       5097;20191124;-999;-999;-999;    3;   0.0;   0;    0.000;   0;  -999;   7.1;    -999;    3.8;   88.88;    4.8;    2.0;    1.3;eor
       5097;20191125;-999;-999;-999;    3;   0.0;   0;    0.000;   0;  -999;   7.5;    -999;    3.5;   96.21;    3.9;    2.5;    2.8;eor
       5097;20191126;-999;-999;-999;    3;   0.0;   0;    0.000;   0;  -999;   8.2;    -999;    5.0;   94.54;    6.5;    3.7;    3.5;eor
       5097;20191127;-999;-999;-999;    3;   2.0;   4;    0.000;   0;  -999;   9.1;    -999;    6.7;   92.63;    7.9;    6.0;    4.9;eor
       5097;20191128;-999;-999;-999;    3;   2.4;   4;    0.017;   0;  -999;  10.2;    -999;    9.2;   87.50;   10.8;    7.4;    6.4;eor
       5097;20191129;-999;-999;-999;    3;   1.6;   4;    0.000;   0;  -999;   6.6;    -999;    4.1;   79.46;    7.6;   -0.4;   -2.8;eor
       5097;20191130;-999;-999;-999;    3;   1.8;   4;    5.067;   0;  -999;   6.1;    -999;    1.8;   87.54;    6.3;   -1.2;   -4.0;eor
       5097;20191201;-999;-999;-999;    3;   0.1;   4;    0.000;   0;  -999;   6.6;    -999;    1.4;   97.46;    2.4;    0.2;   -2.1;eor
       5097;20191202;-999;-999;-999;    3;   2.0;   4;    3.183;   0;  -999;   6.7;    -999;    3.1;   87.71;    6.4;   -1.8;   -4.3;eor
       5097;20191203;-999;-999;-999;    3;   0.4;   4;    2.417;   0;  -999;   6.6;    -999;    1.6;   94.25;    6.1;   -2.6;   -4.7;eor
       5097;20191204;-999;-999;-999;    3;   0.0;   0;    0.000;   0;  -999;   7.9;    -999;    5.4;   88.38;    6.3;    4.4;    3.7;eor
       5097;20191205;-999;-999;-999;    3;   0.2;   4;    5.733;   0;  -999;   6.6;    -999;    3.0;   86.50;    5.7;    0.5;   -1.9;eor
       5097;20191206;-999;-999;-999;    3;   1.3;   4;    0.000;   0;  -999;   7.3;    -999;    4.2;   88.25;    5.8;    1.0;   -0.1;eor
       5097;20191207;-999;-999;-999;    3;   2.9;   4;    1.500;   0;  -999;   9.2;    -999;    7.5;   88.79;    8.9;    5.8;    4.9;eor
       5097;20191208;-999;-999;-999;    3;   0.2;   4;    0.000;   0;  -999;   8.9;    -999;    7.9;   83.42;    9.5;    6.2;    4.7;eor
       5097;20191209;-999;-999;-999;    3;   0.5;   4;    3.883;   0;  -999;   7.6;    -999;    6.0;   80.96;    8.1;    3.3;    1.6;eor
       5097;20191210;-999;-999;-999;    3;   0.0;   4;    5.817;   0;  -999;   6.1;    -999;    3.0;   80.42;    5.4;    0.4;   -1.7;eor
       5097;20191211;-999;-999;-999;    3;  10.6;   4;    0.000;   0;  -999;   6.6;    -999;    2.7;   88.25;    3.5;    1.1;    0.7;eor
       5097;20191212;-999;-999;-999;    3;   0.0;   4;    0.083;   0;  -999;   6.8;    -999;    2.3;   94.29;    4.0;    0.4;    0.0;eor
       5097;20191213;-999;-999;-999;    3;   0.8;   4;    2.000;   0;  -999;   5.9;    -999;    0.9;   90.33;    2.9;   -0.6;   -3.1;eor
       5097;20191214;-999;-999;-999;    3;   1.0;   4;    0.000;   0;  -999;   6.8;    -999;    2.8;   90.71;    4.8;    0.6;    0.0;eor
       5097;20191215;-999;-999;-999;    3;   1.3;   4;    2.683;   0;  -999;   6.8;    -999;    5.4;   76.50;    8.7;    1.7;    0.2;eor
       5097;20191216;-999;-999;-999;    3;   0.0;   0;    0.033;   0;  -999;   7.6;    -999;    5.4;   84.46;    7.3;    3.3;    1.2;eor
       5097;20191217;-999;-999;-999;    3;   0.7;   4;    1.400;   0;  -999;   8.7;    -999;    7.5;   84.38;   11.9;    3.3;    0.9;eor
       5097;20191218;-999;-999;-999;    3;   0.0;   0;    2.117;   0;  -999;   8.4;    -999;    6.4;   86.50;   11.8;    0.1;   -2.5;eor
       5097;20191219;-999;-999;-999;    3;   0.0;   0;    2.333;   0;  -999;   7.4;    -999;    3.0;   96.08;    6.6;   -0.6;   -3.2;eor
       5097;20191220;-999;-999;-999;    3;   0.9;   4;    0.950;   0;  -999;   8.6;    -999;    5.3;   95.75;    7.7;    2.9;    0.8;eor
       5097;20191221;-999;-999;-999;    3;   0.0;   0;    0.933;   0;  -999;   8.8;    -999;    6.4;   91.08;    9.0;    0.4;   -2.5;eor
       5097;20191222;-999;-999;-999;    3;   0.2;   4;    0.000;   0;  -999;   6.8;    -999;    1.7;   97.33;    3.9;   -0.4;   -2.9;eor
       5097;20191223;-999;-999;-999;    3;   0.6;   4;    0.550;   0;  -999;   8.4;    -999;    5.9;   90.96;    8.1;    3.7;    3.1;eor
       5097;20191224;-999;-999;-999;    3;   0.5;   4;    0.267;   0;  -999;   8.3;    -999;    5.6;   90.67;    6.8;    3.6;    2.4;eor
       5097;20191225;-999;-999;-999;    3;   0.8;   4;    0.000;   0;  -999;   8.1;    -999;    4.7;   94.21;    6.3;    2.9;    0.1;eor
       5097;20191226;-999;-999;-999;    3;   0.5;   4;    0.000;   0;  -999;   7.6;    -999;    4.3;   91.13;    5.9;    1.8;   -0.3;eor
       5097;20191227;-999;-999;-999;    3;   0.0;   0;    1.600;   0;  -999;   5.9;    -999;    2.0;   84.33;    4.5;   -1.4;   -3.8;eor
       5097;20191228;-999;-999;-999;    3;   0.0;   0;    3.250;   0;  -999;   4.7;    -999;    0.0;   77.46;    1.9;   -2.8;   -4.4;eor
       5097;20191229;-999;-999;-999;    3;   0.0;   0;    0.317;   0;  -999;   4.8;    -999;    0.2;   76.92;    2.8;   -1.9;   -3.4;eor
       5097;20191230;-999;-999;-999;    3;   0.0;   0;    1.900;   0;  -999;   4.5;    -999;    4.9;   51.79;    7.5;    2.6;    1.8;eor
       5097;20191231;-999;-999;-999;    3;   0.0;   0;    4.450;   0;  -999;   7.3;    -999;    4.9;   84.29;    7.6;   -0.7;   -3.8;eor
       5097;20200101;-999;-999;-999;    3;   0.0;   0;    0.067;   0;  -999;   6.0;    -999;    1.1;   90.83;    4.0;   -2.9;   -5.5;eor
       5097;20200102;-999;-999;-999;    3;   0.0;   0;    5.517;   0;  -999;   5.3;    -999;   -0.1;   86.58;    3.4;   -2.8;   -4.7;eor
       5097;20200103;-999;-999;-999;    3;   5.8;   4;    0.000;   0;  -999;   7.8;    -999;    4.5;   92.08;    6.7;    1.7;    1.2;eor
       5097;20200104;-999;-999;-999;    3;   3.1;   4;    1.467;   0;  -999;   6.7;    -999;    4.2;   80.58;    6.4;    0.8;   -1.3;eor
       5097;20200105;-999;-999;-999;    3;   0.0;   4;    0.867;   0;  -999;   6.3;    -999;    1.8;   89.46;    4.9;   -1.8;   -4.4;eor
       5097;20200106;-999;-999;-999;    3;   0.3;   4;    0.000;   0;  -999;   8.0;    -999;    4.9;   92.67;    5.8;    4.2;    3.6;eor
       5097;20200107;-999;-999;-999;    3;   0.1;   4;    0.000;   0;  -999;   7.3;    -999;    3.6;   91.08;    6.2;    0.2;   -1.0;eor
       5097;20200108;-999;-999;-999;    3;   0.1;   4;    0.000;   0;  -999;   9.2;    -999;    7.2;   89.54;    9.3;    4.8;    1.0;eor
       5097;20200109;-999;-999;-999;    3;   1.9;   4;    0.000;   0;  -999;  10.0;    -999;    7.3;   96.04;   10.3;    1.2;   -0.1;eor
       5097;20200110;-999;-999;-999;    3;   3.5;   4;    0.383;   0;  -999;  10.3;    -999;    8.7;   90.42;   10.6;    5.0;    4.4;eor
       5097;20200111;-999;-999;-999;    3;   0.0;   0;    1.733;   0;  -999;   7.4;    -999;    4.8;   86.13;    6.1;    3.5;    2.6;eor
       5097;20200112;-999;-999;-999;    3;   1.7;   4;    0.000;   0;  -999;   7.7;    -999;    5.6;   84.54;    7.7;    4.6;    4.1;eor
       5097;20200113;-999;-999;-999;    3;   0.0;   0;    1.067;   0;  -999;   8.4;    -999;    5.7;   91.50;    7.6;    1.9;   -0.3;eor
       5097;20200114;-999;-999;-999;    3;   1.3;   4;    0.033;   0;  -999;   8.4;    -999;    7.2;   81.92;   10.8;    2.9;    1.4;eor
       5097;20200115;-999;-999;-999;    3;   0.2;   4;    5.233;   0;  -999;   9.2;    -999;   11.5;   68.13;   13.8;    6.4;    5.1;eor
       5097;20200116;-999;-999;-999;    3;   0.0;   0;    5.050;   0;  -999;   7.6;    -999;    5.2;   85.92;    8.4;    1.4;   -1.2;eor
       5097;20200117;-999;-999;-999;    3;   0.3;   4;    6.483;   0;  -999;   7.2;    -999;    4.5;   85.38;    8.0;    0.9;   -1.3;eor
       5097;20200118;-999;-999;-999;    3;   0.0;   0;    3.000;   0;  -999;   7.3;    -999;    5.5;   81.00;    7.2;    3.5;    2.2;eor
       5097;20200119;-999;-999;-999;    3;   0.0;   0;    2.283;   0;  -999;   6.4;    -999;    1.7;   92.92;    5.5;   -1.6;   -4.5;eor
       5097;20200120;-999;-999;-999;    3;   0.0;   0;    0.000;   0;  -999;   7.2;    -999;    3.1;   93.79;    5.8;   -1.4;   -3.8;eor
       5097;20200121;-999;-999;-999;    3;   0.2;   4;    0.000;   0;  -999;   7.4;    -999;    4.6;   87.25;    5.8;    3.0;    2.0;eor
       5097;20200122;-999;-999;-999;    3;   0.0;   0;    0.000;   0;  -999;   7.7;    -999;    4.6;   90.54;    6.5;    0.0;   -3.3;eor
       5097;20200123;-999;-999;-999;    3;   0.0;   0;    0.000;   0;  -999;   7.3;    -999;    4.0;   90.21;    5.3;    1.9;    1.7;eor
       5097;20200124;-999;-999;-999;    3;   0.0;   0;    0.000;   0;  -999;   6.8;    -999;    2.8;   90.58;    4.3;    1.9;    1.4;eor
       5097;20200125;-999;-999;-999;    3;   0.0;   0;    0.000;   0;  -999;   7.3;    -999;    3.4;   93.92;    4.5;    2.6;    2.4;eor
       5097;20200126;-999;-999;-999;    3;   0.0;   0;    0.000;   0;  -999;   6.2;    -999;    1.5;   91.13;    3.2;    0.3;   -0.3;eor
       5097;20200127;-999;-999;-999;    3;   4.4;   4;    0.000;   0;  -999;   7.6;    -999;    4.1;   91.42;    6.7;    0.9;    0.0;eor
       5097;20200128;-999;-999;-999;    3;   3.8;   4;    0.183;   0;  -999;   8.0;    -999;    5.1;   89.88;    7.3;    1.5;    1.0;eor
       5097;20200129;-999;-999;-999;    3;   3.4;   4;    0.000;   0;  -999;   7.0;    -999;    3.6;   87.75;    4.9;    0.5;    0.0;eor
       5097;20200130;-999;-999;-999;    3;   3.7;   4;    0.000;   0;  -999;   8.4;    -999;    5.7;   90.67;    7.4;    2.7;    2.2;eor
       5097;20200131;-999;-999;-999;    3;   1.7;   4;    0.000;   0;  -999;   9.5;    -999;    8.6;   84.25;    9.9;    6.2;    5.7;eor
       5097;20200201;-999;-999;-999;    3;   2.0;   4;    0.000;   0;  -999;  10.9;    -999;   10.1;   86.96;   11.9;    7.6;    6.4;eor
       5097;20200202;-999;-999;-999;    3;   0.0;   0;    1.317;   0;  -999;   7.4;    -999;    5.5;   81.46;    8.2;    2.5;    0.1;eor
       5097;20200203;-999;-999;-999;    3;   2.7;   4;    0.017;   0;  -999;   8.2;    -999;    5.8;   88.83;    8.9;    3.6;    2.7;eor
       5097;20200204;-999;-999;-999;    3;   1.4;   4;    3.517;   0;  -999;   7.0;    -999;    4.3;   83.92;    6.3;    2.7;    1.3;eor
       5097;20200205;-999;-999;-999;    3;   0.0;   0;    6.767;   0;  -999;   5.9;    -999;    3.5;   75.50;    5.6;    0.1;   -2.3;eor
       5097;20200206;-999;-999;-999;    3;   0.0;   0;    0.000;   0;  -999;   7.8;    -999;    6.0;   82.88;    7.2;    3.8;    3.0;eor
       5097;20200207;-999;-999;-999;    3;   0.0;   0;    0.000;   0;  -999;   8.0;    -999;    5.7;   87.46;    6.7;    2.8;    0.0;eor
       5097;20200208;-999;-999;-999;    3;   0.0;   0;    6.117;   0;  -999;   6.7;    -999;    5.4;   75.67;    7.7;    2.0;    0.2;eor
       5097;20200209;-999;-999;-999;    3;   6.0;   4;    2.117;   0;  -999;   8.0;    -999;    9.0;   70.13;   13.3;    5.3;    3.5;eor
       5097;20200210;-999;-999;-999;    3;   5.4;   4;    1.000;   0;  -999;   7.8;    -999;    6.0;   82.67;    8.4;    3.1;    1.6;eor
       5097;20200211;-999;-999;-999;    3;  10.8;   4;    0.017;   0;  -999;   6.7;    -999;    3.1;   87.33;    4.8;    1.3;    0.4;eor
       5097;20200212;-999;-999;-999;    3;   3.5;   4;    0.117;   0;  -999;   6.4;    -999;    3.1;   84.50;    5.1;    0.6;    0.1;eor
       5097;20200213;-999;-999;-999;    3;   2.3;   4;    4.267;   0;  -999;   6.3;    -999;    3.2;   81.92;    5.4;    0.4;   -0.9;eor
       5097;20200214;-999;-999;-999;    3;   0.0;   0;    0.167;   0;  -999;   6.7;    -999;    2.7;   90.75;    5.5;   -1.0;   -3.0;eor
       5097;20200215;-999;-999;-999;    3;   0.0;   0;    4.633;   0;  -999;   7.7;    -999;    6.4;   79.67;    9.7;    3.6;    2.1;eor
       5097;20200216;-999;-999;-999;    3;   3.5;   4;    0.000;   0;  -999;   9.4;    -999;   11.0;   71.92;   16.0;    7.3;    6.6;eor
       5097;20200217;-999;-999;-999;    3;   0.6;   4;    5.800;   0;  -999;   7.3;    -999;    8.2;   67.58;   10.3;    5.5;    4.1;eor
       5097;20200218;-999;-999;-999;    3;   0.4;   4;    1.533;   0;  -999;   7.3;    -999;    5.9;   78.42;    7.5;    4.4;    3.0;eor
       5097;20200219;-999;-999;-999;    3;   0.8;   4;    2.583;   0;  -999;   7.1;    -999;    5.3;   80.17;    7.8;    2.1;    0.5;eor
       5097;20200220;-999;-999;-999;    3;   4.8;   4;    0.000;   0;  -999;   7.4;    -999;    4.5;   87.88;    7.3;    0.8;   -1.3;eor
       5097;20200221;-999;-999;-999;    3;   0.0;   4;    3.833;   0;  -999;   7.3;    -999;    5.9;   78.21;    8.0;    3.5;    2.4;eor
       5097;20200222;-999;-999;-999;    3;   0.2;   4;    0.000;   0;  -999;   7.7;    -999;    7.6;   73.46;    9.3;    6.0;    5.4;eor
       5097;20200223;-999;-999;-999;    3;   5.2;   4;    0.000;   0;  -999;   7.1;    -999;    5.3;   79.92;    7.1;    3.3;    2.2;eor
       5097;20200224;-999;-999;-999;    3;   7.0;   4;    1.467;   0;  -999;   7.1;    -999;    5.2;   80.04;    6.9;    2.1;    1.8;eor
       5097;20200225;-999;-999;-999;    3;   0.1;   4;    3.267;   0;  -999;   7.1;    -999;    5.8;   76.54;    8.8;    3.1;    1.9;eor
       5097;20200226;-999;-999;-999;    3;   0.4;   4;    2.550;   0;  -999;   6.3;    -999;    3.4;   80.88;    6.4;    0.8;   -0.6;eor
       5097;20200227;-999;-999;-999;    3;   1.0;   4;    1.750;   0;  -999;   6.1;    -999;    1.9;   86.63;    5.6;   -1.0;   -2.9;eor
       5097;20200228;-999;-999;-999;    3;   0.0;   0;    4.433;   0;  -999;   6.1;    -999;    3.3;   79.67;    8.1;   -0.6;   -3.1;eor
       5097;20200229;-999;-999;-999;    3;   2.5;   4;    0.967;   0;  -999;   7.6;    -999;    5.9;   81.46;   10.3;    2.2;    1.8;eor
       5097;20200301;-999;-999;-999;    3;   1.2;   4;    4.083;   0;  -999;   6.6;    -999;    5.9;   71.25;    9.6;    2.2;   -0.9;eor
       5097;20200302;-999;-999;-999;    3;   4.3;   4;    3.433;   0;  -999;   7.3;    -999;    4.7;   85.63;    9.8;    2.1;    0.1;eor
       5097;20200303;-999;-999;-999;    3;   1.5;   4;    0.000;   0;  -999;   7.4;    -999;    3.9;   91.33;    7.0;    1.4;   -0.3;eor
       5097;20200304;-999;-999;-999;    3;   0.0;   0;    1.850;   0;  -999;   6.7;    -999;    3.2;   87.92;    6.5;   -0.2;   -2.3;eor
       5097;20200305;-999;-999;-999;    3;   0.0;   0;    2.817;   0;  -999;   6.9;    -999;    3.0;   91.29;    8.5;   -1.6;   -4.3;eor
       5097;20200306;-999;-999;-999;    3;   4.6;   4;    0.000;   0;  -999;   7.0;    -999;    3.7;   87.08;    4.7;    2.5;   -0.3;eor
       5097;20200307;-999;-999;-999;    3;   0.1;   4;    0.267;   0;  -999;   7.2;    -999;    3.8;   89.25;    6.6;   -0.3;   -3.8;eor
       5097;20200308;-999;-999;-999;    3;   0.0;   4;    1.183;   0;  -999;   7.3;    -999;    6.0;   77.29;   10.2;    0.7;   -2.4;eor
       5097;20200309;-999;-999;-999;    3;   1.2;   4;    0.350;   0;  -999;   8.8;    -999;    7.2;   86.00;   10.1;    3.1;    0.3;eor
       5097;20200310;-999;-999;-999;    3;  11.6;   4;    0.000;   0;  -999;   8.7;    -999;    6.3;   90.04;   10.5;    2.6;    0.6;eor
       5097;20200311;-999;-999;-999;    3;   0.5;   4;    7.750;   0;  -999;   7.8;    -999;    8.2;   72.21;   11.0;    4.9;   -0.1;eor
       5097;20200312;-999;-999;-999;    3;   0.2;   4;    4.867;   0;  -999;   7.6;    -999;    7.2;   72.83;   11.0;    2.8;   -0.3;eor
       5097;20200313;-999;-999;-999;    3;   1.2;   4;    0.617;   0;  -999;   6.7;    -999;    4.6;   79.17;    7.6;   -0.1;   -2.4;eor
       5097;20200314;-999;-999;-999;    3;   0.0;   0;   10.733;   0;  -999;   4.5;    -999;    1.8;   66.71;    7.2;   -3.5;   -5.8;eor
       5097;20200315;-999;-999;-999;    3;   0.0;   0;    7.200;   0;  -999;   5.4;    -999;    6.4;   55.58;   11.8;    0.5;   -1.9;eor
       5097;20200316;-999;-999;-999;    3;   0.0;   0;    5.783;   0;  -999;   7.0;    -999;    6.9;   70.58;   13.1;    0.2;   -2.8;eor
       5097;20200317;-999;-999;-999;    3;   0.0;   4;    6.050;   0;  -999;   7.5;    -999;    7.1;   76.17;   12.9;   -0.9;   -3.1;eor
       5097;20200318;-999;-999;-999;    3;   0.4;   4;    1.700;   0;  -999;   8.8;    -999;   10.0;   70.79;   13.4;    6.6;    4.2;eor
       5097;20200319;-999;-999;-999;    3;   0.0;   4;    5.750;   0;  -999;   7.7;    -999;    6.5;   79.88;   10.5;    0.7;   -2.2;eor
       5097;20200320;-999;-999;-999;    3;   0.0;   0;    1.517;   0;  -999;   7.0;    -999;    4.9;   81.04;    8.6;    1.2;   -0.2;eor
       5097;20200321;-999;-999;-999;    3;   0.0;   0;   10.233;   0;  -999;   5.0;    -999;    3.0;   67.92;    7.2;   -2.5;   -5.2;eor
       5097;20200322;-999;-999;-999;    3;   0.0;   0;    7.500;   0;  -999;   4.4;    -999;    1.4;   66.42;    7.0;   -3.1;   -7.0;eor
       5097;20200323;-999;-999;-999;    3;   0.0;   0;   11.250;   0;  -999;   3.6;    -999;    0.1;   62.38;    6.3;   -5.6;   -8.9;eor
       5097;20200324;-999;-999;-999;    3;   0.0;   0;   10.950;   0;  -999;   3.7;    -999;    1.4;   59.21;    8.0;   -4.7;   -7.6;eor
       5097;20200325;-999;-999;-999;    3;   0.0;   0;   11.233;   0;  -999;   4.0;    -999;    2.7;   56.58;    9.8;   -4.0;   -7.3;eor
       5097;20200326;-999;-999;-999;    3;   0.0;   0;   11.433;   0;  -999;   4.6;    -999;    3.2;   63.17;   11.1;   -3.5;   -7.9;eor
       5097;20200327;-999;-999;-999;    3;   0.0;   0;   10.750;   0;  -999;   6.0;    -999;    5.1;   72.38;   13.2;   -3.1;   -5.9;eor
       5097;20200328;-999;-999;-999;    3;   1.3;   4;   11.417;   0;  -999;   6.6;    -999;    5.6;   75.25;   12.6;   -0.8;   -3.6;eor
       5097;20200329;-999;-999;-999;    1;   1.7;   4;    3.967;   0;  -999;   5.2;    -999;    2.5;   71.33;    5.5;   -3.8;   -6.8;eor
       5097;20200330;-999;-999;-999;    1;   1.0;   4;    3.033;   0;  -999;   5.4;    -999;    1.0;   82.38;    7.5;   -3.7;   -7.0;eor
       5097;20200331;-999;-999;-999;    1;   0.0;   0;    8.133;   0;  -999;   4.3;    -999;    1.3;   66.46;    6.3;   -3.4;   -5.8;eor
       5097;20200401;-999;-999;-999;    1;   0.0;   0;    0.567;   0;  -999;   6.5;    -999;    4.6;   75.21;    8.2;   -0.6;   -1.4;eor
       5097;20200402;-999;-999;-999;    1;   1.8;   4;    3.533;   0;  -999;   6.9;    -999;    7.4;   67.96;   11.1;    4.4;    3.1;eor
       5097;20200403;-999;-999;-999;    1;   1.2;   4;    6.817;   0;  -999;   5.7;    -999;    4.8;   67.25;    9.2;   -0.3;   -4.2;eor
       5097;20200404;-999;-999;-999;    1;   0.0;   0;    7.183;   0;  -999;   6.3;    -999;    5.4;   72.25;   11.5;   -2.0;   -5.8;eor
       5097;20200405;-999;-999;-999;    1;   0.0;   0;   11.917;   0;  -999;   6.0;    -999;    7.4;   62.46;   15.3;   -0.8;   -4.0;eor
       5097;20200406;-999;-999;-999;    1;   0.0;   0;   11.983;   0;  -999;   6.5;    -999;   11.1;   52.88;   20.2;    1.1;   -3.1;eor
       5097;20200407;-999;-999;-999;    1;   0.0;   0;   11.717;   0;  -999;   8.0;    -999;    9.7;   69.00;   15.8;    1.6;   -1.8;eor
       5097;20200408;-999;-999;-999;    1;   0.0;   0;   11.933;   0;  -999;   8.5;    -999;   10.9;   67.71;   20.1;   -1.0;   -3.8;eor
       5097;20200409;-999;-999;-999;    1;   0.0;   0;   11.617;   0;  -999;   7.7;    -999;    8.5;   70.13;   13.4;    1.0;   -2.9;eor
       5097;20200410;-999;-999;-999;    1;   0.0;   0;   11.650;   0;  -999;   6.7;    -999;    5.2;   77.17;   10.9;   -0.8;   -4.8;eor
       5097;20200411;-999;-999;-999;    1;   0.0;   0;   11.783;   0;  -999;   6.7;    -999;    7.3;   68.50;   14.5;   -2.1;   -5.0;eor
       5097;20200412;-999;-999;-999;    1;   0.0;   0;   10.833;   0;  -999;   7.8;    -999;   12.0;   58.25;   21.5;    2.0;   -1.3;eor
       5097;20200413;-999;-999;-999;    1;   0.0;   4;    8.817;   0;  -999;   5.5;    -999;    5.9;   60.38;    8.9;   -1.5;   -5.1;eor
       5097;20200414;-999;-999;-999;    1;   0.0;   0;   11.300;   0;  -999;   5.3;    -999;    5.0;   62.92;    9.5;   -2.5;   -6.5;eor
       5097;20200415;-999;-999;-999;    1;   0.0;   0;    7.083;   0;  -999;   7.4;    -999;    9.1;   64.42;   15.3;    4.3;   -0.9;eor
       5097;20200416;-999;-999;-999;    1;   0.0;   0;    6.583;   0;  -999;   7.9;    -999;    8.0;   74.92;   13.7;    1.2;   -3.2;eor
       5097;20200417;-999;-999;-999;    1;   0.0;   0;   12.550;   0;  -999;   6.5;    -999;    6.6;   70.63;   14.5;   -1.3;   -5.0;eor
       5097;20200418;-999;-999;-999;    1;   0.0;   0;   10.433;   0;  -999;   5.9;    -999;    6.2;   67.21;   15.6;   -2.8;   -6.9;eor
       5097;20200419;-999;-999;-999;    1;   0.0;   0;   13.533;   0;  -999;   5.4;    -999;    6.0;   62.00;   12.9;   -1.3;   -5.6;eor
       5097;20200420;-999;-999;-999;    1;   0.0;   0;   13.700;   0;  -999;   6.2;    -999;    7.5;   63.38;   16.1;   -1.8;   -5.7;eor
       5097;20200421;-999;-999;-999;    1;   0.0;   0;   13.633;   0;  -999;   7.5;    -999;    9.1;   68.13;   15.5;    2.5;   -3.1;eor
       5097;20200422;-999;-999;-999;    1;   0.0;   0;   13.550;   0;  -999;   7.9;    -999;    8.5;   74.46;   16.3;    1.1;   -3.7;eor
       5097;20200423;-999;-999;-999;    1;   0.0;   0;   13.500;   0;  -999;   7.9;    -999;   10.8;   66.71;   21.2;   -0.3;   -3.1;eor
       5097;20200424;-999;-999;-999;    1;   0.0;   0;   11.500;   0;  -999;   8.2;    -999;   10.8;   66.92;   18.1;    2.9;   -0.2;eor
       5097;20200425;-999;-999;-999;    1;   0.0;   0;    7.833;   0;  -999;   7.7;    -999;    9.2;   67.75;   15.1;    1.2;   -2.5;eor
       5097;20200426;-999;-999;-999;    1;   0.0;   0;    9.517;   0;  -999;   7.5;    -999;    7.9;   71.71;   13.9;   -0.1;   -3.4;eor
       5097;20200427;-999;-999;-999;    1;   0.0;   0;   10.833;   0;  -999;   8.2;    -999;    9.8;   70.50;   18.9;   -1.3;   -4.4;eor
       5097;20200428;-999;-999;-999;    1;   0.1;   4;    4.917;   0;  -999;   9.0;    -999;   10.8;   70.46;   15.3;    6.8;    3.2;eor
       5097;20200429;-999;-999;-999;    1;   3.0;   4;    0.000;   0;  -999;  10.1;    -999;    9.2;   85.92;   10.8;    7.8;    6.7;eor
       5097;20200430;-999;-999;-999;    1;   4.7;   4;    2.083;   0;  -999;  11.7;    -999;   11.2;   88.21;   16.5;    8.1;    5.2;eor
       5097;20200501;-999;-999;-999;    1;   0.3;   4;    4.333;-999;  -999;   9.9;    -999;   10.1;   80.79;   15.7;    3.5;    1.8;eor
       5097;20200502;-999;-999;-999;    1;   0.1;   4;    5.150;-999;  -999;   9.1;    -999;    9.4;   78.50;   14.0;    4.1;    0.9;eor
       5097;20200503;-999;-999;-999;    1;   0.0;   0;    8.183;-999;  -999;   9.1;    -999;   10.6;   73.08;   15.6;    5.2;    2.2;eor
       5097;20200504;-999;-999;-999;    1;   0.0;   0;    8.650;-999;  -999;   7.8;    -999;    8.3;   73.67;   13.6;    2.0;   -1.6;eor
       5097;20200505;-999;-999;-999;    1;   0.3;   4;    7.767;-999;  -999;   7.0;    -999;    6.6;   74.17;   12.1;    0.3;   -3.0;eor
       5097;20200506;-999;-999;-999;    1;   0.0;   0;   13.000;-999;  -999;   7.3;    -999;    9.2;   65.58;   14.2;    0.9;   -2.6;eor
       5097;20200507;-999;-999;-999;    1;   0.0;   0;    6.817;-999;  -999;   8.9;    -999;   10.0;   73.08;   15.1;    4.4;   -0.4;eor
       5097;20200508;-999;-999;-999;    1;   0.0;   0;   11.267;-999;  -999;   8.2;    -999;   10.4;   69.50;   17.9;    1.1;   -2.9;eor
       5097;20200509;-999;-999;-999;    1;   0.0;   0;    8.250;-999;  -999;  10.2;    -999;   12.6;   72.54;   20.3;    3.4;    0.7;eor
       5097;20200510;-999;-999;-999;    1;   2.1;   4;    7.567;-999;  -999;  10.5;    -999;   15.5;   63.92;   24.4;    6.6;    2.9;eor
       5097;20200511;-999;-999;-999;    1;   0.9;   4;    4.350;-999;  -999;   6.3;    -999;    6.3;   66.33;   10.3;   -1.7;   -5.9;eor
       5097;20200512;-999;-999;-999;    1;   2.7;   4;    4.300;-999;  -999;   6.8;    -999;    5.5;   75.04;   12.0;   -2.2;   -6.3;eor
       5097;20200513;-999;-999;-999;    1;   4.6;   4;    3.117;-999;  -999;   8.5;    -999;    6.8;   86.88;   10.0;    3.7;    1.5;eor
       5097;20200514;-999;-999;-999;    1;   0.0;   4;   11.550;-999;  -999;   6.8;    -999;    6.7;   72.00;   11.5;    0.5;   -2.3;eor
       5097;20200515;-999;-999;-999;    1;   0.1;   4;    5.733;-999;  -999;   7.7;    -999;    7.9;   73.08;   14.4;   -0.2;   -3.2;eor
       5097;20200516;-999;-999;-999;    1;   0.0;   0;    4.800;-999;  -999;   8.5;    -999;   10.3;   69.79;   15.1;    5.2;    3.7;eor
       5097;20200517;-999;-999;-999;    1;   0.0;   0;    6.300;-999;  -999;   8.9;    -999;   12.4;   63.38;   17.8;    5.6;    3.2;eor
       5097;20200518;-999;-999;-999;    1;   0.8;   4;    0.000;-999;  -999;  11.5;    -999;   12.6;   78.92;   14.2;   10.9;   10.4;eor
       5097;20200519;-999;-999;-999;    1;   0.2;   4;    5.917;-999;  -999;  11.0;    -999;   12.5;   76.83;   18.1;    3.5;   -0.5;eor
       5097;20200520;-999;-999;-999;    1;   0.0;   0;   13.133;-999;  -999;   8.8;    -999;   10.4;   73.29;   17.0;    1.7;   -1.7;eor
       5097;20200521;-999;-999;-999;    1;   0.0;   0;   13.133;-999;  -999;   8.9;    -999;   12.1;   67.75;   20.9;    0.7;   -2.2;eor
       5097;20200522;-999;-999;-999;    1;   2.8;   4;    6.250;-999;  -999;   9.6;    -999;   14.2;   62.25;   21.3;    5.0;    0.7;eor
       5097;20200523;-999;-999;-999;    1;   1.2;   4;    1.267;-999;  -999;  12.5;    -999;   13.1;   82.67;   17.3;    7.8;    4.1;eor
       5097;20200524;-999;-999;-999;    1;   2.6;   4;    3.300;-999;  -999;  10.4;    -999;   12.4;   73.08;   16.4;    7.4;    3.9;eor
       5097;20200525;-999;-999;-999;    1;   0.2;   4;    1.567;-999;  -999;  11.5;    -999;   11.5;   84.67;   15.7;    6.5;    2.9;eor
       5097;20200526;-999;-999;-999;    1;   0.0;   0;   10.717;-999;  -999;  10.8;    -999;   13.1;   74.29;   20.9;    5.3;    2.2;eor
       5097;20200527;-999;-999;-999;    1;   0.0;   0;    8.683;-999;  -999;  11.0;    -999;   13.5;   73.00;   21.0;    4.0;    1.1;eor
       5097;20200528;-999;-999;-999;    1;   0.0;   0;   13.700;-999;  -999;  10.0;    -999;   13.4;   67.33;   19.5;    5.2;    0.7;eor
       5097;20200529;-999;-999;-999;    1;   0.0;   0;   13.717;-999;  -999;   9.0;    -999;   13.0;   64.92;   20.8;    2.6;   -0.4;eor
       5097;20200530;-999;-999;-999;    1;   0.0;   0;   10.550;-999;  -999;   9.5;    -999;   13.9;   62.92;   20.0;    8.1;    4.5;eor
       5097;20200531;-999;-999;-999;    1;   0.0;   0;   11.300;-999;  -999;   9.8;    -999;   14.8;   60.54;   22.0;    8.0;    2.5;eor
       5097;20200601;-999;-999;-999;    1;   0.0;   0;   14.033;-999;  -999;  10.0;    -999;   15.9;   59.50;   23.8;    7.3;    2.2;eor
       5097;20200602;-999;-999;-999;    1;   0.0;   0;   14.000;-999;  -999;  11.3;    -999;   17.1;   62.79;   25.3;    6.7;    3.5;eor
       5097;20200603;-999;-999;-999;    1;   0.0;   0;   13.200;-999;  -999;  10.1;    -999;   14.9;   64.25;   23.8;    6.1;    3.1;eor
       5097;20200604;-999;-999;-999;    1;  16.7;   4;    1.017;-999;  -999;  12.3;    -999;   15.0;   74.54;   22.3;    6.7;    4.2;eor
       5097;20200605;-999;-999;-999;    1;   3.4;   4;    5.283;-999;  -999;  11.2;    -999;   13.5;   73.58;   17.8;    9.7;    9.3;eor
       5097;20200606;-999;-999;-999;    1;   0.2;   4;    8.617;-999;  -999;   9.5;    -999;   12.1;   69.00;   18.4;    7.9;    5.1;eor
       5097;20200607;-999;-999;-999;    1;   0.0;   0;    5.317;-999;  -999;  10.9;    -999;   14.1;   70.83;   20.8;    6.7;    4.1;eor
       5097;20200608;-999;-999;-999;    1;   0.0;   0;    6.950;-999;  -999;  10.7;    -999;   12.9;   74.29;   19.5;    5.0;    2.3;eor
       5097;20200609;-999;-999;-999;    1;   0.0;   0;    9.717;-999;  -999;  11.1;    -999;   14.0;   72.78;   21.4;    4.6;    2.6;eor
