STATIONS_ID;MESS_DATUM;QN_3;  FX;  FM;QN_4; RSK;RSKF; SDK;SHK_TAG;  NM; VPM;  PM; TMK; UPM; TXK; TNK; TGK;eor
       1224;20181208;-999;-999;-999;    3;   5.6;   4;-999;   0;  -999;   8.5;    -999;    7.9;   79.25;   10.2;    6.4;    5.3;eor
       1224;20181209;-999;-999;-999;    3;   3.6;   4;-999;   0;  -999;   9.1;    -999;    8.1;   84.71;   10.7;    4.7;    3.2;eor
       1224;20181210;-999;-999;-999;    3;   0.1;   4;-999;   0;  -999;   7.6;    -999;    5.5;   84.25;    8.2;    2.9;    1.3;eor
       1224;20181211;-999;-999;-999;    3;   0.0;   0;-999;   0;  -999;   6.2;    -999;    2.4;   86.29;    6.6;   -2.4;   -3.9;eor
       1224;20181212;-999;-999;-999;    3;   0.0;   0;-999;   0;  -999;   5.1;    -999;   -0.9;   90.50;    5.7;   -4.9;   -6.2;eor
       1224;20181213;-999;-999;-999;    3;   0.0;   0;-999;   0;  -999;   5.1;    -999;    1.1;   77.38;    3.8;   -3.9;   -5.1;eor
       1224;20181214;-999;-999;-999;    3;   0.0;   0;-999;   0;  -999;   4.4;    -999;   -0.7;   77.25;    3.8;   -5.7;   -7.4;eor
       1224;20181215;-999;-999;-999;    3;   3.8;   4;-999;   0;  -999;   4.5;    -999;   -0.6;   77.88;    2.7;   -3.7;   -6.0;eor
       1224;20181216;-999;-999;-999;    3;   0.0;   4;-999;   0;  -999;   6.2;    -999;    0.9;   94.21;    7.5;   -1.7;   -3.1;eor
       1224;20181217;-999;-999;-999;    3;   0.2;   4;-999;   0;  -999;   7.7;    -999;    4.0;   94.08;    7.2;    0.5;   -1.6;eor
       1224;20181218;-999;-999;-999;    3;   0.0;   0;-999;   0;  -999;   5.9;    -999;    0.4;   94.38;    6.9;   -2.9;   -5.1;eor
       1224;20181219;-999;-999;-999;    3;   2.1;   4;-999;   0;  -999;   8.0;    -999;    5.2;   89.58;    9.5;   -0.5;   -1.0;eor
       1224;20181220;-999;-999;-999;    3;   0.0;   0;-999;   0;  -999;   8.0;    -999;    7.8;   75.92;   10.1;    6.7;    4.6;eor
       1224;20181221;-999;-999;-999;    3;   4.2;   4;-999;   0;  -999;  10.0;    -999;   10.4;   78.33;   12.6;    8.2;    6.4;eor
       1224;20181222;-999;-999;-999;    3;   6.7;   4;-999;   0;  -999;  11.2;    -999;   11.7;   81.04;   13.3;    8.4;    7.7;eor
       1224;20181223;-999;-999;-999;    3;  11.8;   4;-999;   0;  -999;  11.2;    -999;   10.0;   91.33;   13.1;    5.9;    4.4;eor
       1224;20181224;-999;-999;-999;    3;   1.3;   4;-999;   0;  -999;   8.8;    -999;    6.6;   88.17;   13.1;   -0.6;   -2.7;eor
       1224;20181225;-999;-999;-999;    3;   0.0;   0;-999;   0;  -999;   5.8;    -999;   -0.7;   99.79;    0.1;   -2.4;   -4.2;eor
       1224;20181226;-999;-999;-999;    3;   0.0;   0;-999;   0;  -999;   5.4;    -999;   -1.3;   96.79;   -0.3;   -2.2;   -1.9;eor
       1224;20181227;-999;-999;-999;    3;   0.0;   0;-999;   0;  -999;   5.2;    -999;   -1.8;   97.67;   -0.1;   -2.9;   -3.4;eor
       1224;20181228;-999;-999;-999;    3;   0.0;   0;-999;   0;  -999;   5.8;    -999;    0.0;   95.42;    1.7;   -2.4;   -3.3;eor
       1224;20181229;-999;-999;-999;    3;   0.0;   0;-999;   0;  -999;   5.8;    -999;    1.5;   85.67;    2.6;    0.9;   -0.2;eor
       1224;20181230;-999;-999;-999;    3;   0.5;   4;-999;   0;  -999;   6.9;    -999;    3.5;   87.54;    5.2;    2.0;    1.7;eor
       1224;20181231;-999;-999;-999;    3;   1.0;   4;-999;   0;  -999;   8.6;    -999;    5.2;   96.29;    7.0;    3.8;    3.2;eor
       1224;20190101;-999;-999;-999;    3;   1.9;   4;-999;   0;  -999;   8.8;    -999;    5.7;   95.88;    6.4;    4.8;    4.3;eor
       1224;20190102;-999;-999;-999;    3;   0.0;   0;-999;   0;  -999;   6.2;    -999;    2.7;   83.67;    6.1;   -2.4;   -4.3;eor
       1224;20190103;-999;-999;-999;    3;   0.3;   4;-999;   0;  -999;   5.0;    -999;   -0.9;   88.42;    2.0;   -5.0;   -6.6;eor
       1224;20190104;-999;-999;-999;    3;   0.1;   4;-999;   0;  -999;   5.8;    -999;    0.8;   89.04;    4.1;   -2.1;   -4.1;eor
       1224;20190105;-999;-999;-999;    3;  12.5;   4;-999;   0;  -999;   6.4;    -999;    1.3;   94.63;    2.1;    0.4;    0.0;eor
       1224;20190106;-999;-999;-999;    3;   2.1;   4;-999;   0;  -999;   7.5;    -999;    3.1;   97.92;    4.4;    1.9;    1.4;eor
       1224;20190107;-999;-999;-999;    3;   0.4;   4;-999;   0;  -999;   7.2;    -999;    3.0;   94.50;    4.4;    1.9;    0.9;eor
       1224;20190108;-999;-999;-999;    3;   0.9;   4;-999;   0;  -999;   6.9;    -999;    4.7;   80.79;    7.7;    2.2;    1.4;eor
       1224;20190109;-999;-999;-999;    3;   3.1;   4;-999;   0;  -999;   6.4;    -999;    2.3;   88.96;    4.4;    0.1;   -1.2;eor
       1224;20190110;-999;-999;-999;    3;   0.0;   0;-999;   1;  -999;   5.8;    -999;    0.7;   91.08;    1.5;   -1.4;   -3.1;eor
       1224;20190111;-999;-999;-999;    3;   3.9;   4;-999;   0;  -999;   5.5;    -999;   -0.7;   94.04;    0.5;   -2.0;   -3.6;eor
       1224;20190112;-999;-999;-999;    3;   2.2;   4;-999;   1;  -999;   6.7;    -999;    2.4;   92.67;    4.4;    0.4;    0.0;eor
       1224;20190113;-999;-999;-999;    3;  13.1;   4;-999;   0;  -999;   8.8;    -999;    6.2;   92.29;    8.1;    4.1;    3.5;eor
       1224;20190114;-999;-999;-999;    3;   3.1;   4;-999;   0;  -999;   7.9;    -999;    5.0;   90.75;    7.6;    0.3;   -1.3;eor
       1224;20190115;-999;-999;-999;    3;   0.0;   0;-999;   0;  -999;   6.8;    -999;    3.6;   86.83;    7.8;   -0.2;   -3.0;eor
       1224;20190116;-999;-999;-999;    3;   0.0;   0;-999;   0;  -999;   5.8;    -999;    3.1;   79.04;    8.8;   -2.1;   -3.6;eor
       1224;20190117;-999;-999;-999;    3;   1.9;   4;-999;   0;  -999;   7.4;    -999;    6.4;   76.75;    8.4;   -0.2;   -1.4;eor
       1224;20190118;-999;-999;-999;    3;   0.0;   0;-999;   0;  -999;   5.4;    -999;    0.3;   86.83;    3.8;   -3.3;   -5.4;eor
       1224;20190119;-999;-999;-999;    3;   0.0;   0;-999;   0;  -999;   4.4;    -999;   -2.6;   87.21;    2.5;   -6.0;   -7.4;eor
       1224;20190120;-999;-999;-999;    3;   0.0;   0;-999;   0;  -999;   5.1;    -999;   -1.4;   91.88;    1.1;   -4.1;   -5.2;eor
       1224;20190121;-999;-999;-999;    3;   0.0;   0;-999;   0;  -999;   4.8;    -999;   -1.6;   88.83;   -0.8;   -2.6;   -2.1;eor
       1224;20190122;-999;-999;-999;    3;   0.1;   4;-999;   0;  -999;   4.8;    -999;   -1.3;   86.58;    2.7;   -5.1;   -6.5;eor
       1224;20190123;-999;-999;-999;    3;   0.1;   4;-999;   1;  -999;   4.9;    -999;   -1.7;   90.54;    0.7;   -5.1;   -6.6;eor
       1224;20190124;-999;-999;-999;    3;   0.0;   0;-999;   0;  -999;   4.3;    -999;   -1.8;   80.83;   -1.2;   -2.5;   -2.8;eor
       1224;20190125;-999;-999;-999;    3;   0.4;   4;-999;   0;  -999;   4.2;    -999;   -1.3;   75.17;    2.2;   -4.2;   -6.2;eor
       1224;20190126;-999;-999;-999;    3;   0.0;   0;-999;   0;  -999;   6.5;    -999;    3.9;   79.25;    6.9;    0.8;    0.2;eor
       1224;20190127;-999;-999;-999;    3;   0.7;   4;-999;   0;  -999;   7.3;    -999;    6.9;   72.96;    9.6;    2.6;    1.9;eor
       1224;20190128;-999;-999;-999;    3;   0.3;   4;-999;   0;  -999;   6.4;    -999;    2.6;   86.04;    4.0;    1.8;    1.0;eor
       1224;20190129;-999;-999;-999;    3;   0.0;   0;-999;   0;  -999;   5.5;    -999;    1.9;   78.79;    5.1;   -1.1;   -3.6;eor
       1224;20190130;-999;-999;-999;    3;   0.2;   4;-999;   0;  -999;   5.3;    -999;    1.7;   76.08;    4.4;   -1.3;   -4.4;eor
       1224;20190131;-999;-999;-999;    3;   2.0;   4;-999;   0;  -999;   5.4;    -999;    2.1;   76.79;    6.1;   -0.6;   -3.0;eor
       1224;20190201;-999;-999;-999;    3;   6.5;   4;-999;   0;  -999;   8.0;    -999;    4.1;   96.88;    6.0;    1.2;    0.9;eor
       1224;20190202;-999;-999;-999;    3;   0.9;   4;-999;   0;  -999;   7.8;    -999;    5.7;   85.83;   10.4;    2.4;    1.4;eor
       1224;20190203;-999;-999;-999;    3;   2.1;   4;-999;   0;  -999;   6.5;    -999;    2.1;   91.00;    4.9;   -0.8;   -2.5;eor
       1224;20190204;-999;-999;-999;    3;   0.0;   0;-999;   0;  -999;   5.5;    -999;    0.7;   86.04;    5.6;   -3.4;   -5.6;eor
       1224;20190205;-999;-999;-999;    3;   0.0;   0;-999;   0;  -999;   5.1;    -999;    0.2;   84.00;    7.1;   -4.4;   -6.1;eor
       1224;20190206;-999;-999;-999;    3;   0.0;   0;-999;   0;  -999;   4.9;    -999;   -0.6;   85.21;    7.3;   -5.4;   -7.2;eor
       1224;20190207;-999;-999;-999;    3;   0.4;   4;-999;   0;  -999;   6.4;    -999;    2.6;   85.38;    7.0;   -2.7;   -4.3;eor
       1224;20190208;-999;-999;-999;    3;   0.1;   4;-999;   0;  -999;   7.0;    -999;    6.2;   74.75;   10.5;    1.5;   -1.1;eor
       1224;20190209;-999;-999;-999;    3;   0.5;   4;-999;   0;  -999;   7.5;    -999;    8.5;   68.54;   12.3;    3.8;    1.6;eor
       1224;20190210;-999;-999;-999;    3;   8.4;   4;-999;   0;  -999;   7.8;    -999;    8.9;   69.42;   14.9;    5.3;    4.1;eor
       1224;20190211;-999;-999;-999;    3;   2.7;   4;-999;   0;  -999;   7.2;    -999;    3.9;   88.75;    6.6;    0.7;   -1.6;eor
       1224;20190212;-999;-999;-999;    3;   0.0;   0;-999;   0;  -999;   6.4;    -999;    2.3;   89.08;    6.8;   -1.9;   -3.8;eor
       1224;20190213;-999;-999;-999;    3;   0.0;   0;-999;   0;  -999;   5.4;    -999;    1.2;   83.29;    9.2;   -3.6;   -5.1;eor
       1224;20190214;-999;-999;-999;    3;   0.0;   0;-999;   0;  -999;   5.9;    -999;    2.6;   82.58;   12.0;   -3.1;   -4.9;eor
       1224;20190215;-999;-999;-999;    3;   0.0;   0;-999;   0;  -999;   6.2;    -999;    2.8;   84.75;   12.6;   -3.2;   -5.0;eor
       1224;20190216;-999;-999;-999;    3;   0.0;   0;-999;   0;  -999;   6.0;    -999;    4.1;   78.50;   18.0;   -3.2;   -5.2;eor
       1224;20190217;-999;-999;-999;    3;   0.0;   0;-999;   0;  -999;   5.9;    -999;    5.0;   74.63;   20.3;   -2.6;   -4.9;eor
       1224;20190218;-999;-999;-999;    3;   0.0;   0;-999;   0;  -999;   6.2;    -999;    5.3;   73.71;   16.8;   -2.0;   -4.0;eor
       1224;20190219;-999;-999;-999;    3;   0.0;   0;-999;   0;  -999;   7.5;    -999;    7.2;   75.00;   13.3;    0.3;   -2.6;eor
       1224;20190220;-999;-999;-999;    3;   0.0;   0;-999;   0;  -999;   7.9;    -999;    6.6;   82.88;   14.0;    0.8;   -1.6;eor
       1224;20190221;-999;-999;-999;    3;   0.0;   0;-999;   0;  -999;   7.4;    -999;    6.5;   79.71;   17.3;   -0.9;   -2.7;eor
       1224;20190222;-999;-999;-999;    3;   0.0;   0;-999;   0;  -999;   8.7;    -999;    7.8;   82.67;   13.5;    2.0;   -1.1;eor
       1224;20190223;-999;-999;-999;    3;   0.0;   0;-999;   0;  -999;   5.2;    -999;    6.4;   60.46;   14.3;   -1.5;   -3.8;eor
       1224;20190224;-999;-999;-999;    3;   0.0;   0;-999;   0;  -999;   4.4;    -999;    2.9;   62.79;   11.7;   -3.6;   -5.6;eor
       1224;20190225;-999;-999;-999;    3;   0.0;   0;-999;   0;  -999;   5.5;    -999;    4.4;   70.00;   15.5;   -2.7;   -4.9;eor
       1224;20190226;-999;-999;-999;    3;   0.0;   0;-999;   0;  -999;   7.1;    -999;    6.1;   77.38;   17.2;   -2.0;   -4.3;eor
       1224;20190227;-999;-999;-999;    3;   0.0;   0;-999;   0;  -999;   7.1;    -999;    6.4;   77.83;   18.4;   -1.7;   -4.1;eor
       1224;20190228;-999;-999;-999;    3;   0.4;   4;-999;   0;  -999;   7.6;    -999;   10.3;   65.00;   20.0;   -0.7;   -3.0;eor
       1224;20190301;-999;-999;-999;    3;   2.6;   4;-999;   0;  -999;  10.0;    -999;    8.7;   88.71;   10.7;    6.4;    5.7;eor
       1224;20190302;-999;-999;-999;    3;   0.0;   0;-999;   0;  -999;   8.8;    -999;    9.0;   77.08;   12.8;    6.0;    5.2;eor
       1224;20190303;-999;-999;-999;    3;   0.0;   0;-999;   0;  -999;   8.8;    -999;   10.9;   67.83;   13.8;    8.6;    5.4;eor
       1224;20190304;-999;-999;-999;    3;   5.8;   4;-999;   0;  -999;   7.4;    -999;    9.8;   63.08;   15.0;    5.1;    3.8;eor
       1224;20190305;-999;-999;-999;    3;   0.5;   4;-999;   0;  -999;   7.9;    -999;    7.6;   76.33;   11.5;    4.3;    0.5;eor
       1224;20190306;-999;-999;-999;    3;   0.5;   4;-999;   0;  -999;   7.1;    -999;    8.3;   68.67;   16.6;   -0.7;   -2.7;eor
       1224;20190307;-999;-999;-999;    3;   0.0;   4;-999;   0;  -999;   8.3;    -999;   10.1;   67.42;   13.4;    6.2;    2.7;eor
       1224;20190308;-999;-999;-999;    3;   0.0;   0;-999;   0;  -999;   7.5;    -999;    9.1;   66.25;   13.9;    5.8;    3.3;eor
       1224;20190309;-999;-999;-999;    3;   1.5;   4;-999;   0;  -999;   9.5;    -999;   10.4;   74.88;   12.1;    8.4;    7.8;eor
       1224;20190310;-999;-999;-999;    3;   3.9;   4;-999;   0;  -999;   9.9;    -999;   12.0;   70.17;   16.4;    3.5;    0.5;eor
       1224;20190311;-999;-999;-999;    3;   4.5;   4;-999;   0;  -999;   6.1;    -999;    3.9;   77.13;    7.0;   -0.2;   -2.4;eor
       1224;20190312;-999;-999;-999;    3;   0.5;   4;-999;   0;  -999;   5.0;    -999;    7.4;   53.67;   13.8;   -0.4;   -2.9;eor
       1224;20190313;-999;-999;-999;    3;   2.5;   4;-999;   0;  -999;   7.3;    -999;    6.8;   74.08;   10.2;    4.8;    3.6;eor
       1224;20190314;-999;-999;-999;    3;  13.2;   4;-999;   0;  -999;   8.0;    -999;    5.8;   86.63;    7.2;    5.2;    4.1;eor
       1224;20190315;-999;-999;-999;    3;   5.0;   4;-999;   0;  -999;  10.9;    -999;    9.4;   91.67;   11.9;    5.6;    5.0;eor
       1224;20190316;-999;-999;-999;    3;   0.0;   0;-999;   0;  -999;  10.0;    -999;   12.0;   71.96;   14.6;    6.0;    2.4;eor
       1224;20190317;-999;-999;-999;    3;   4.9;   4;-999;   0;  -999;   7.4;    -999;    9.2;   67.46;   17.5;    1.0;   -1.3;eor
       1224;20190318;-999;-999;-999;    3;   2.2;   4;-999;   0;  -999;   6.9;    -999;    3.8;   86.71;    9.1;   -0.8;   -2.8;eor
       1224;20190319;-999;-999;-999;    3;   0.0;   0;-999;   0;  -999;   6.2;    -999;    4.2;   77.75;   11.5;   -1.5;   -3.6;eor
       1224;20190320;-999;-999;-999;    3;   0.0;   0;-999;   0;  -999;   5.9;    -999;    4.5;   72.75;   13.1;   -2.6;   -4.8;eor
       1224;20190321;-999;-999;-999;    3;   0.0;   0;-999;   0;  -999;   5.3;    -999;    7.4;   56.96;   16.3;   -1.1;   -3.3;eor
       1224;20190322;-999;-999;-999;    3;   0.0;   0;-999;   0;  -999;   6.3;    -999;    7.4;   66.50;   19.0;   -1.7;   -3.9;eor
       1224;20190323;-999;-999;-999;    3;   0.0;   0;-999;   0;  -999;   7.0;    -999;    8.6;   68.63;   19.4;   -1.1;   -2.7;eor
       1224;20190324;-999;-999;-999;    3;   0.0;   0;-999;   0;  -999;   8.0;    -999;    7.9;   76.75;   17.0;   -0.6;   -2.5;eor
       1224;20190325;-999;-999;-999;    3;   4.6;   4;-999;   0;  -999;   6.4;    -999;    7.1;   65.54;   11.9;    1.4;   -1.2;eor
       1224;20190326;-999;-999;-999;    3;   0.0;   0;-999;   0;  -999;   6.8;    -999;    5.6;   76.21;   10.7;    0.2;   -2.1;eor
       1224;20190327;-999;-999;-999;    3;   0.0;   0;-999;   0;  -999;   6.5;    -999;    5.6;   73.46;   11.6;   -1.5;   -3.5;eor
       1224;20190328;-999;-999;-999;    3;   0.0;   0;-999;   0;  -999;   6.6;    -999;    8.0;   66.50;   16.7;   -1.4;   -3.8;eor
       1224;20190329;-999;-999;-999;    3;   0.0;   0;-999;   0;  -999;   8.2;    -999;   10.1;   70.75;   18.9;    2.0;   -1.1;eor
       1224;20190330;-999;-999;-999;    3;   0.0;   0;-999;   0;  -999;   7.1;    -999;    9.9;   65.83;   21.2;    0.1;   -2.1;eor
       1224;20190331;-999;-999;-999;    3;   0.0;   0;-999;   0;  -999;   7.3;    -999;   10.9;   61.71;   21.1;    0.2;   -1.9;eor
       1224;20190401;-999;-999;-999;    3;   0.0;   0;-999;   0;  -999;   9.2;    -999;   11.2;   70.71;   18.7;    3.9;    1.8;eor
       1224;20190402;-999;-999;-999;    3;   3.2;   4;-999;   0;  -999;   7.4;    -999;   13.6;   55.21;   21.8;    2.2;    0.2;eor
       1224;20190403;-999;-999;-999;    3;  19.1;   4;-999;   0;  -999;   9.2;    -999;    7.5;   88.08;   11.7;    4.1;    3.8;eor
       1224;20190404;-999;-999;-999;    3;   8.7;   4;-999;   0;  -999;   7.2;    -999;    3.0;   95.08;    4.2;    1.0;    0.3;eor
       1224;20190405;-999;-999;-999;    3;   0.0;   0;-999;   0;  -999;   7.6;    -999;    4.4;   90.50;    9.0;   -0.1;   -2.5;eor
       1224;20190406;-999;-999;-999;    3;   0.0;   0;-999;   0;  -999;   8.3;    -999;    6.4;   85.67;   13.9;   -1.2;   -3.2;eor
       1224;20190407;-999;-999;-999;    3;   6.8;   4;-999;   0;  -999;  10.1;    -999;    9.1;   87.63;   12.4;    4.9;    4.4;eor
       1224;20190408;-999;-999;-999;    3;   0.7;   4;-999;   0;  -999;  10.5;    -999;   10.4;   83.75;   14.0;    8.1;    7.4;eor
       1224;20190409;-999;-999;-999;    3;   7.7;   4;-999;   0;  -999;  10.8;    -999;    8.9;   94.88;   11.0;    4.8;    3.1;eor
       1224;20190410;-999;-999;-999;    3;   7.2;   4;-999;   0;  -999;  10.8;    -999;    8.5;   97.25;   10.3;    5.6;    4.7;eor
       1224;20190411;-999;-999;-999;    3;   0.0;   0;-999;   0;  -999;   7.6;    -999;    8.0;   72.29;   13.3;    2.0;   -0.9;eor
       1224;20190412;-999;-999;-999;    3;   0.0;   0;-999;   0;  -999;   6.2;    -999;    6.3;   65.83;   11.8;    0.9;   -1.2;eor
       1224;20190413;-999;-999;-999;    3;   0.1;   4;-999;   0;  -999;   6.3;    -999;    4.5;   75.08;    8.1;    2.5;    1.4;eor
       1224;20190414;-999;-999;-999;    3;   0.0;   0;-999;   0;  -999;   7.1;    -999;    3.9;   87.67;    6.9;    0.4;   -1.9;eor
       1224;20190415;-999;-999;-999;    3;   0.0;   0;-999;   0;  -999;   7.8;    -999;    7.9;   75.63;   18.1;   -0.9;   -2.9;eor
       1224;20190416;-999;-999;-999;    3;   1.9;   4;-999;   0;  -999;   9.3;    -999;   10.4;   76.21;   18.3;    1.9;    0.1;eor
       1224;20190417;-999;-999;-999;    3;   0.1;   4;-999;   0;  -999;  11.9;    -999;   13.1;   80.25;   18.1;    7.1;    5.1;eor
       1224;20190418;-999;-999;-999;    3;   0.0;   0;-999;   0;  -999;   8.9;    -999;   14.3;   58.17;   23.7;    2.8;    1.0;eor
       1224;20190419;-999;-999;-999;    3;   0.0;   0;-999;   0;  -999;  10.0;    -999;   14.4;   65.08;   23.5;    4.4;    2.8;eor
       1224;20190420;-999;-999;-999;    3;   0.0;   0;-999;   0;  -999;   9.2;    -999;   14.8;   60.88;   25.5;    4.5;    2.2;eor
       1224;20190421;-999;-999;-999;    3;   0.0;   0;-999;   0;  -999;   9.8;    -999;   13.3;   67.50;   23.9;    4.7;    2.6;eor
       1224;20190422;-999;-999;-999;    3;   0.0;   0;-999;   0;  -999;   9.2;    -999;   15.3;   58.88;   25.8;    4.3;    2.3;eor
       1224;20190423;-999;-999;-999;    3;   0.0;   0;-999;   0;  -999;  10.4;    -999;   15.2;   62.83;   23.1;    7.9;    6.3;eor
       1224;20190424;-999;-999;-999;    3;   3.7;   4;-999;   0;  -999;  11.6;    -999;   13.5;   77.25;   25.5;    5.4;    3.9;eor
       1224;20190425;-999;-999;-999;    3;   6.5;   4;-999;   0;  -999;  11.0;    -999;   12.5;   76.33;   20.9;    3.8;    2.2;eor
       1224;20190426;-999;-999;-999;    3;   3.2;   4;-999;   0;  -999;   9.8;    -999;    9.3;   84.17;   12.7;    5.3;    3.8;eor
       1224;20190427;-999;-999;-999;    3;   5.0;   4;-999;   0;  -999;   9.7;    -999;    9.1;   83.79;   13.3;    4.7;    3.6;eor
       1224;20190428;-999;-999;-999;    3;   3.1;   4;-999;   0;  -999;   8.6;    -999;    7.2;   85.29;   11.4;    5.1;    4.7;eor
       1224;20190429;-999;-999;-999;    3;   0.0;   4;-999;   0;  -999;   8.8;    -999;    8.9;   78.42;   13.7;    2.7;    0.8;eor
       1224;20190430;-999;-999;-999;    3;   0.0;   4;-999;   0;  -999;  10.2;    -999;    9.9;   84.63;   15.6;    3.9;    1.7;eor
       1224;20190501;-999;-999;-999;    3;   0.0;   0;-999;-999;  -999;   9.2;    -999;   11.1;   73.67;   19.8;    1.6;   -0.4;eor
       1224;20190502;-999;-999;-999;    3;  12.5;   4;-999;-999;  -999;  10.3;    -999;   11.6;   77.96;   20.4;    4.3;    2.4;eor
       1224;20190503;-999;-999;-999;    3;   1.2;   4;-999;-999;  -999;  10.6;    -999;   10.8;   82.88;   16.2;    6.5;    4.7;eor
       1224;20190504;-999;-999;-999;    3;   7.8;   4;-999;-999;  -999;   8.2;    -999;    4.9;   94.33;   10.6;    1.9;    2.1;eor
       1224;20190505;-999;-999;-999;    3;   0.0;   4;-999;-999;  -999;   6.7;    -999;    5.6;   75.38;   10.5;    0.5;   -1.3;eor
       1224;20190506;-999;-999;-999;    3;   0.0;   0;-999;-999;  -999;   7.0;    -999;    7.0;   72.50;   13.4;    0.0;   -1.9;eor
       1224;20190507;-999;-999;-999;    3;   0.9;   4;-999;-999;  -999;   7.7;    -999;    9.9;   66.33;   16.0;    1.7;    0.0;eor
       1224;20190508;-999;-999;-999;    3;   5.8;   4;-999;-999;  -999;  11.5;    -999;   11.2;   85.83;   14.2;    8.0;    6.9;eor
       1224;20190509;-999;-999;-999;    3;   4.6;   4;-999;-999;  -999;  10.8;    -999;   11.4;   80.92;   16.7;    5.8;    3.6;eor
       1224;20190510;-999;-999;-999;    3;   0.4;   4;-999;-999;  -999;  11.5;    -999;   13.4;   76.54;   19.0;    8.5;    7.2;eor
       1224;20190511;-999;-999;-999;    3;   7.7;   4;-999;-999;  -999;  11.4;    -999;   13.3;   76.21;   18.7;    6.6;    4.5;eor
       1224;20190512;-999;-999;-999;    3;   0.0;   0;-999;-999;  -999;   8.8;    -999;    9.5;   75.67;   13.8;    4.2;    1.1;eor
       1224;20190513;-999;-999;-999;    3;   0.0;   0;-999;-999;  -999;   6.7;    -999;   10.5;   57.50;   17.1;    2.4;   -0.4;eor
       1224;20190514;-999;-999;-999;    3;   0.0;   0;-999;-999;  -999;   5.5;    -999;   11.7;   41.25;   16.4;    5.9;    2.4;eor
       1224;20190515;-999;-999;-999;    3;   0.0;   0;-999;-999;  -999;   6.5;    -999;   10.8;   52.08;   16.3;    2.3;   -0.1;eor
       1224;20190516;-999;-999;-999;    3;   0.0;   0;-999;-999;  -999;   8.4;    -999;   11.3;   63.13;   16.1;    2.8;    0.7;eor
       1224;20190517;-999;-999;-999;    3;   0.1;   4;-999;-999;  -999;  10.1;    -999;   13.2;   69.79;   20.3;    4.3;    1.9;eor
       1224;20190518;-999;-999;-999;    3;   3.2;   4;-999;-999;  -999;  12.9;    -999;   14.3;   79.79;   20.1;    9.9;    8.4;eor
       1224;20190519;-999;-999;-999;    3;  47.8;   4;-999;-999;  -999;  14.1;    -999;   14.1;   88.08;   18.9;   10.1;    9.2;eor
       1224;20190520;-999;-999;-999;    3;  27.6;   4;-999;-999;  -999;  14.8;    -999;   13.6;   94.46;   16.9;   12.0;   11.7;eor
       1224;20190521;-999;-999;-999;    3;  24.7;   4;-999;-999;  -999;  13.7;    -999;   12.3;   95.46;   13.6;   11.3;   10.8;eor
       1224;20190522;-999;-999;-999;    3;   0.0;   0;-999;-999;  -999;  11.1;    -999;   13.9;   73.58;   20.3;    7.8;    5.2;eor
       1224;20190523;-999;-999;-999;    3;   0.0;   0;-999;-999;  -999;  11.2;    -999;   14.3;   72.21;   21.7;    5.9;    3.6;eor
       1224;20190524;-999;-999;-999;    3;   0.0;   0;-999;-999;  -999;  12.3;    -999;   16.1;   71.04;   23.5;    8.6;    7.0;eor
       1224;20190525;-999;-999;-999;    3;   0.0;   4;-999;-999;  -999;  13.8;    -999;   16.3;   76.21;   22.3;   10.3;    8.7;eor
       1224;20190526;-999;-999;-999;    3;   0.0;   0;-999;-999;  -999;  13.0;    -999;   16.2;   73.42;   23.6;    8.4;    6.4;eor
       1224;20190527;-999;-999;-999;    3;   3.0;   4;-999;-999;  -999;  13.5;    -999;   15.8;   76.75;   21.3;    9.5;    7.5;eor
       1224;20190528;-999;-999;-999;    3;  17.4;   4;-999;-999;  -999;  12.6;    -999;   12.9;   85.13;   17.1;    8.4;    6.7;eor
       1224;20190529;-999;-999;-999;    3;   0.0;   0;-999;-999;  -999;  11.4;    -999;   13.0;   78.04;   18.6;    8.4;    6.2;eor
       1224;20190530;-999;-999;-999;    3;   0.0;   0;-999;-999;  -999;  11.0;    -999;   15.4;   66.83;   22.6;    6.2;    4.0;eor
       1224;20190531;-999;-999;-999;    3;   0.0;   0;-999;-999;  -999;  14.6;    -999;   18.8;   69.79;   25.2;   12.8;   10.6;eor
       1224;20190601;-999;-999;-999;    3;   0.0;   0;-999;-999;  -999;  15.3;    -999;   19.9;   69.83;   28.0;   10.5;    8.6;eor
       1224;20190602;-999;-999;-999;    3;   0.0;   0;-999;-999;  -999;  14.4;    -999;   22.1;   61.63;   31.6;   11.9;    9.8;eor
       1224;20190603;-999;-999;-999;    3;   0.0;   0;-999;-999;  -999;  16.1;    -999;   20.7;   69.75;   30.8;   12.7;   10.6;eor
       1224;20190604;-999;-999;-999;    3;   0.0;   0;-999;-999;  -999;  17.6;    -999;   22.1;   69.17;   33.3;   12.9;   11.0;eor
       1224;20190605;-999;-999;-999;    3;   0.1;   4;-999;-999;  -999;  15.0;    -999;   23.1;   55.92;   29.9;   15.7;   13.4;eor
       1224;20190606;-999;-999;-999;    3;   2.5;   4;-999;-999;  -999;  12.3;    -999;   12.8;   83.04;   17.5;    8.6;    7.0;eor
       1224;20190607;-999;-999;-999;    3;   1.5;   4;-999;-999;  -999;  13.3;    -999;   16.0;   75.00;   26.1;    7.2;    5.6;eor
       1224;20190608;-999;-999;-999;    3;   0.0;   0;-999;-999;  -999;   9.1;    -999;   17.1;   50.08;   23.4;    9.8;    7.1;eor
       1224;20190609;-999;-999;-999;    3;   3.6;   4;-999;-999;  -999;  13.5;    -999;   15.7;   76.58;   21.0;    7.8;    5.9;eor
       1224;20190610;-999;-999;-999;    3;  16.1;   4;-999;-999;  -999;  17.0;    -999;   16.1;   92.67;   19.3;   14.2;   13.7;eor
       1224;20190611;-999;-999;-999;    3;   5.0;   4;-999;-999;  -999;  15.3;    -999;   15.3;   88.50;   17.7;   13.0;   12.9;eor
       1224;20190612;-999;-999;-999;    3;   4.9;   4;-999;-999;  -999;  13.8;    -999;   16.3;   76.96;   21.7;   12.4;   12.1;eor
       1224;20190613;-999;-999;-999;    3;   0.0;   0;-999;-999;  -999;  12.7;    -999;   18.0;   66.71;   25.5;   10.7;    8.6;eor
       1224;20190614;-999;-999;-999;    3;   0.4;   4;-999;-999;  -999;  15.4;    -999;   17.6;   76.75;   24.2;    9.2;    7.4;eor
       1224;20190615;-999;-999;-999;    3;  26.3;   4;-999;-999;  -999;  16.9;    -999;   18.9;   78.63;   24.2;   15.3;   13.9;eor
       1224;20190616;-999;-999;-999;    3;   0.0;   0;-999;-999;  -999;  15.5;    -999;   18.3;   75.92;   23.6;   14.1;   11.9;eor
       1224;20190617;-999;-999;-999;    3;   0.0;   0;-999;-999;  -999;  16.0;    -999;   19.8;   72.33;   26.4;   10.9;    9.0;eor
       1224;20190618;-999;-999;-999;    3;   0.0;   0;-999;-999;  -999;  16.5;    -999;   21.7;   68.42;   30.0;   12.6;   10.8;eor
       1224;20190619;-999;-999;-999;    3;   4.2;   4;-999;-999;  -999;  16.5;    -999;   22.8;   65.04;   31.2;   13.7;   11.8;eor
       1224;20190620;-999;-999;-999;    3;   4.5;   4;-999;-999;  -999;  18.1;    -999;   19.8;   79.83;   25.6;   16.3;   14.9;eor
       1224;20190621;-999;-999;-999;    3;   2.4;   4;-999;-999;  -999;  16.3;    -999;   20.3;   70.54;   25.3;   14.5;   13.5;eor
       1224;20190622;-999;-999;-999;    3;   0.6;   4;-999;-999;  -999;  17.9;    -999;   17.6;   88.88;   20.2;   15.1;   14.6;eor
       1224;20190623;-999;-999;-999;    3;   0.0;   0;-999;-999;  -999;  19.2;    -999;   20.8;   79.75;   27.8;   15.9;   14.9;eor
       1224;20190624;-999;-999;-999;    3;   0.0;   0;-999;-999;  -999;  21.0;    -999;   23.3;   75.75;   31.0;   14.4;   12.9;eor
       1224;20190625;-999;-999;-999;    3;   0.0;   0;-999;-999;  -999;  21.4;    -999;   25.4;   71.04;   35.3;   16.2;   14.4;eor
       1224;20190626;-999;-999;-999;    3;   0.0;   0;-999;-999;  -999;  24.3;    -999;   26.8;   72.79;   35.0;   18.3;   17.0;eor
       1224;20190627;-999;-999;-999;    3;   0.0;   0;-999;-999;  -999;  23.8;    -999;   25.8;   73.58;   32.0;   19.3;   18.2;eor
       1224;20190628;-999;-999;-999;    3;   0.0;   0;-999;-999;  -999;  16.9;    -999;   22.5;   65.50;   29.5;   14.5;   13.4;eor
       1224;20190629;-999;-999;-999;    3;   0.0;   0;-999;-999;  -999;  18.8;    -999;   23.2;   69.79;   32.9;   13.2;   11.8;eor
       1224;20190630;-999;-999;-999;    3;   0.0;   0;-999;-999;  -999;  20.8;    -999;   26.7;   64.63;   37.1;   14.9;   13.9;eor
       1224;20190701;-999;-999;-999;    3;   0.0;   0;-999;-999;  -999;  20.3;    -999;   25.4;   62.83;   31.9;   20.9;   20.3;eor
       1224;20190702;-999;-999;-999;    3;   0.0;   0;-999;-999;  -999;  14.9;    -999;   22.3;   56.33;   26.8;   17.6;   15.8;eor
       1224;20190703;-999;-999;-999;    3;   0.0;   4;-999;-999;  -999;  14.0;    -999;   20.8;   58.46;   26.8;   13.6;   12.8;eor
       1224;20190704;-999;-999;-999;    3;   0.0;   0;-999;-999;  -999;  14.0;    -999;   20.6;   60.58;   27.8;   12.7;   11.4;eor
       1224;20190705;-999;-999;-999;    3;   0.0;   0;-999;-999;  -999;  13.8;    -999;   21.7;   59.92;   31.0;   11.8;   10.2;eor
       1224;20190706;-999;-999;-999;    3;   0.0;   0;-999;-999;  -999;  16.5;    -999;   21.5;   67.42;   30.0;   12.4;   11.0;eor
       1224;20190707;-999;-999;-999;    3;   0.0;   0;-999;-999;  -999;  16.8;    -999;   21.3;   67.63;   26.1;   15.8;   14.9;eor
       1224;20190708;-999;-999;-999;    3;   1.3;   4;-999;-999;  -999;  15.3;    -999;   16.8;   80.38;   22.6;   10.4;    8.4;eor
       1224;20190709;-999;-999;-999;    3;   0.0;   0;-999;-999;  -999;  10.9;    -999;   16.3;   62.29;   22.3;    7.8;    6.2;eor
       1224;20190710;-999;-999;-999;    3;   0.0;   0;-999;-999;  -999;  10.3;    -999;   17.6;   55.00;   24.6;    8.1;    6.4;eor
       1224;20190711;-999;-999;-999;    3;   7.4;   4;-999;-999;  -999;  13.8;    -999;   17.3;   71.75;   23.6;   11.5;   10.5;eor
       1224;20190712;-999;-999;-999;    3;   5.4;   4;-999;-999;  -999;  15.9;    -999;   19.7;   72.54;   27.0;   12.4;   11.0;eor
       1224;20190713;-999;-999;-999;    3;   0.0;   0;-999;-999;  -999;  14.8;    -999;   17.0;   78.25;   23.2;   11.4;   10.4;eor
       1224;20190714;-999;-999;-999;    3;   3.3;   4;-999;-999;  -999;  15.6;    -999;   16.0;   86.17;   21.2;   10.1;    9.0;eor
       1224;20190715;-999;-999;-999;    3;   0.0;   0;-999;-999;  -999;  15.1;    -999;   17.3;   77.79;   23.4;   12.3;   10.9;eor
       1224;20190716;-999;-999;-999;    3;   0.0;   0;-999;-999;  -999;  13.9;    -999;   18.2;   71.42;   27.4;    9.7;    8.6;eor
       1224;20190717;-999;-999;-999;    3;   0.0;   0;-999;-999;  -999;  14.2;    -999;   19.5;   68.04;   28.7;   10.6;    9.2;eor
       1224;20190718;-999;-999;-999;    3;   0.0;   0;-999;-999;  -999;  14.2;    -999;   21.0;   62.38;   29.0;   11.6;   10.3;eor
       1224;20190719;-999;-999;-999;    3;   0.0;   0;-999;-999;  -999;  16.4;    -999;   21.6;   66.88;   27.8;   15.0;   13.4;eor
       1224;20190720;-999;-999;-999;    3;   1.4;   4;-999;-999;  -999;  16.0;    -999;   23.3;   62.42;   33.1;   13.0;   11.7;eor
       1224;20190721;-999;-999;-999;    3;   0.0;   0;-999;-999;  -999;  19.7;    -999;   23.0;   72.92;   29.8;   16.8;   15.1;eor
       1224;20190722;-999;-999;-999;    3;   0.0;   0;-999;-999;  -999;  17.5;    -999;   22.2;   69.63;   30.8;   14.1;   12.8;eor
       1224;20190723;-999;-999;-999;    3;   0.0;   0;-999;-999;  -999;  18.0;    -999;   24.4;   64.25;   35.0;   13.6;   12.2;eor
       1224;20190724;-999;-999;-999;    3;   0.0;   0;-999;-999;  -999;  17.6;    -999;   26.0;   59.92;   37.3;   15.6;   14.3;eor
       1224;20190725;-999;-999;-999;    3;   0.0;   0;-999;-999;  -999;  19.0;    -999;   26.5;   59.88;   37.2;   15.1;   13.8;eor
       1224;20190726;-999;-999;-999;    3;   0.2;   4;-999;-999;  -999;  18.8;    -999;   27.1;   56.71;   35.3;   18.9;   17.7;eor
       1224;20190727;-999;-999;-999;    3;   0.1;   4;-999;-999;  -999;  19.9;    -999;   23.1;   71.96;   29.2;   19.8;   19.2;eor
       1224;20190728;-999;-999;-999;    3;   5.5;   4;-999;-999;  -999;  19.5;    -999;   18.7;   90.33;   20.6;   15.6;   14.5;eor
       1224;20190729;-999;-999;-999;    3;   0.0;   0;-999;-999;  -999;  16.3;    -999;   19.9;   73.33;   27.0;   13.0;   11.6;eor
       1224;20190730;-999;-999;-999;    3;   0.2;   4;-999;-999;  -999;  17.3;    -999;   22.7;   66.00;   30.8;   17.1;   16.0;eor
       1224;20190731;-999;-999;-999;    3;   0.0;   0;-999;-999;  -999;  14.9;    -999;   19.4;   69.00;   25.9;   11.7;   10.3;eor
       1224;20190801;-999;-999;-999;    3;   0.0;   0;-999;-999;  -999;  12.7;    -999;   18.7;   63.63;   27.1;    9.2;    7.7;eor
       1224;20190802;-999;-999;-999;    3;   0.0;   0;-999;-999;  -999;  14.3;    -999;   20.1;   64.96;   28.0;   13.4;   12.3;eor
       1224;20190803;-999;-999;-999;    3;   0.0;   0;-999;-999;  -999;  14.4;    -999;   19.1;   68.46;   26.4;   11.3;    9.6;eor
       1224;20190804;-999;-999;-999;    3;   0.9;   4;-999;-999;  -999;  14.3;    -999;   20.6;   64.75;   30.0;   11.4;   10.1;eor
       1224;20190805;-999;-999;-999;    3;   0.0;   0;-999;-999;  -999;  16.4;    -999;   23.4;   61.25;   31.7;   15.7;   15.4;eor
       1224;20190806;-999;-999;-999;    3;  44.5;   4;-999;-999;  -999;  19.0;    -999;   23.2;   70.38;   30.3;   16.7;   15.5;eor
       1224;20190807;-999;-999;-999;    3;  21.4;   4;-999;-999;  -999;  20.8;    -999;   19.0;   94.50;   21.4;   16.3;   15.0;eor
       1224;20190808;-999;-999;-999;    3;   0.0;   0;-999;-999;  -999;  18.0;    -999;   21.0;   75.63;   28.9;   14.5;   13.3;eor
       1224;20190809;-999;-999;-999;    3;  14.1;   4;-999;-999;  -999;  20.5;    -999;   23.2;   76.00;   34.4;   14.0;   13.1;eor
       1224;20190810;-999;-999;-999;    3;   0.2;   4;-999;-999;  -999;  18.6;    -999;   21.8;   73.63;   27.7;   15.4;   13.8;eor
       1224;20190811;-999;-999;-999;    3;  13.4;   4;-999;-999;  -999;  16.9;    -999;   18.5;   81.67;   26.8;   13.1;   12.1;eor
       1224;20190812;-999;-999;-999;    3;   0.1;   4;-999;-999;  -999;  16.3;    -999;   16.9;   85.25;   22.0;   12.0;   10.3;eor
       1224;20190813;-999;-999;-999;    3;   0.0;   0;-999;-999;  -999;  13.0;    -999;   15.5;   76.63;   21.9;   10.0;    8.7;eor
       1224;20190814;-999;-999;-999;    3;   0.2;   4;-999;-999;  -999;  12.2;    -999;   16.2;   70.96;   24.6;    8.2;    6.7;eor
       1224;20190815;-999;-999;-999;    3;   4.7;   4;-999;-999;  -999;  16.1;    -999;   16.3;   86.92;   22.9;   10.5;    9.2;eor
       1224;20190816;-999;-999;-999;    3;   0.0;   0;-999;-999;  -999;  15.1;    -999;   18.2;   75.96;   25.9;   10.6;    9.4;eor
       1224;20190817;-999;-999;-999;    3;   0.0;   0;-999;-999;  -999;  17.2;    -999;   19.2;   79.17;   24.2;   13.0;   11.9;eor
       1224;20190818;-999;-999;-999;    3;   6.2;   4;-999;-999;  -999;  19.0;    -999;   23.1;   71.96;   32.2;   15.1;   14.0;eor
       1224;20190819;-999;-999;-999;    3;  16.8;   4;-999;-999;  -999;  19.6;    -999;   19.2;   88.67;   23.0;   15.4;   14.3;eor
       1224;20190820;-999;-999;-999;    3;   7.9;   4;-999;-999;  -999;  16.6;    -999;   15.5;   94.04;   18.1;   12.6;   11.5;eor
       1224;20190821;-999;-999;-999;    3;   0.0;   0;-999;-999;  -999;  14.0;    -999;   15.9;   81.00;   23.5;    8.8;    7.3;eor
       1224;20190822;-999;-999;-999;    3;   0.0;   0;-999;-999;  -999;  14.9;    -999;   17.6;   76.79;   25.5;    9.1;    7.6;eor
       1224;20190823;-999;-999;-999;    3;   0.0;   0;-999;-999;  -999;  15.9;    -999;   19.1;   75.50;   27.1;   10.0;    8.3;eor
       1224;20190824;-999;-999;-999;    3;   0.0;   0;-999;-999;  -999;  18.1;    -999;   19.7;   80.50;   28.1;   11.3;    9.9;eor
       1224;20190825;-999;-999;-999;    3;   0.0;   0;-999;-999;  -999;  17.9;    -999;   20.9;   76.29;   30.4;   13.1;   11.8;eor
       1224;20190826;-999;-999;-999;    3;   0.0;   0;-999;-999;  -999;  18.9;    -999;   21.7;   76.04;   30.9;   12.7;   11.2;eor
       1224;20190827;-999;-999;-999;    3;   0.2;   4;-999;-999;  -999;  18.9;    -999;   22.7;   73.63;   31.8;   15.1;   13.6;eor
       1224;20190828;-999;-999;-999;    3;   0.0;   4;-999;-999;  -999;  20.1;    -999;   23.3;   73.92;   32.0;   17.6;   16.4;eor
       1224;20190829;-999;-999;-999;    3;   0.0;   0;-999;-999;  -999;  20.8;    -999;   22.9;   77.00;   30.1;   17.0;   16.0;eor
       1224;20190830;-999;-999;-999;    3;   0.0;   0;-999;-999;  -999;  19.7;    -999;   21.9;   77.88;   29.3;   15.3;   13.9;eor
       1224;20190831;-999;-999;-999;    3;   0.1;   4;-999;-999;  -999;  19.0;    -999;   22.6;   73.67;   32.0;   14.4;   13.0;eor
       1224;20190901;-999;-999;-999;    3;   0.0;   0;-999;-999;  -999;  16.8;    -999;   21.2;   67.79;   24.7;   17.0;   16.0;eor
       1224;20190902;-999;-999;-999;    3;   0.0;   0;-999;-999;  -999;  13.0;    -999;   17.2;   68.29;   23.1;    9.4;    7.5;eor
       1224;20190903;-999;-999;-999;    3;   0.0;   0;-999;-999;  -999;  11.4;    -999;   15.6;   70.63;   25.6;    7.7;    5.8;eor
       1224;20190904;-999;-999;-999;    3;   0.8;   4;-999;-999;  -999;  11.7;    -999;   17.1;   66.67;   27.4;    7.5;    5.7;eor
       1224;20190905;-999;-999;-999;    3;   0.0;   0;-999;-999;  -999;  12.7;    -999;   15.0;   75.63;   19.9;   10.9;    9.5;eor
       1224;20190906;-999;-999;-999;    3;   0.0;   0;-999;-999;  -999;  12.3;    -999;   14.5;   76.08;   20.0;    8.9;    7.0;eor
       1224;20190907;-999;-999;-999;    3;   3.0;   4;-999;-999;  -999;  11.8;    -999;   13.6;   79.04;   20.5;    8.1;    6.3;eor
       1224;20190908;-999;-999;-999;    3;  15.7;   4;-999;-999;  -999;  13.5;    -999;   12.1;   95.58;   14.9;   11.0;   10.7;eor
       1224;20190909;-999;-999;-999;    3;   0.0;   0;-999;-999;  -999;  11.8;    -999;   13.1;   80.29;   19.3;    8.3;    6.9;eor
       1224;20190910;-999;-999;-999;    3;   0.0;   0;-999;-999;  -999;  12.0;    -999;   13.7;   79.46;   21.1;    6.6;    5.4;eor
       1224;20190911;-999;-999;-999;    3;   0.0;   4;-999;-999;  -999;  13.0;    -999;   14.4;   81.42;   22.1;    7.0;    5.4;eor
       1224;20190912;-999;-999;-999;    3;   0.0;   0;-999;-999;  -999;  13.2;    -999;   17.0;   73.04;   26.8;    8.8;    7.5;eor
       1224;20190913;-999;-999;-999;    3;   0.0;   0;-999;-999;  -999;  15.5;    -999;   17.4;   79.83;   24.9;    9.3;    8.3;eor
       1224;20190914;-999;-999;-999;    3;   0.0;   0;-999;-999;  -999;  17.0;    -999;   17.4;   86.63;   24.8;   10.7;    9.5;eor
       1224;20190915;-999;-999;-999;    3;   0.0;   0;-999;-999;  -999;  17.3;    -999;   19.1;   81.17;   29.3;   11.0;    9.7;eor
       1224;20190916;-999;-999;-999;    3;   0.0;   0;-999;-999;  -999;  17.2;    -999;   19.5;   78.50;   28.8;   12.2;   11.0;eor
       1224;20190917;-999;-999;-999;    3;   0.0;   0;-999;-999;  -999;  13.9;    -999;   15.2;   81.33;   20.6;    9.7;    7.3;eor
       1224;20190918;-999;-999;-999;    3;   0.0;   0;-999;-999;  -999;   9.8;    -999;   13.9;   64.04;   20.2;    6.5;    4.1;eor
       1224;20190919;-999;-999;-999;    3;   0.0;   0;-999;-999;  -999;   8.0;    -999;   11.9;   62.38;   19.8;    3.5;    1.7;eor
       1224;20190920;-999;-999;-999;    3;   0.0;   0;-999;-999;  -999;   8.2;    -999;   12.6;   61.13;   22.0;    2.6;    0.7;eor
       1224;20190921;-999;-999;-999;    3;   0.0;   0;-999;-999;  -999;  10.2;    -999;   13.2;   71.46;   24.1;    3.4;    1.7;eor
       1224;20190922;-999;-999;-999;    3;  20.7;   4;-999;-999;  -999;  14.5;    -999;   17.1;   77.25;   27.5;    8.2;    6.7;eor
       1224;20190923;-999;-999;-999;    3;   0.6;   4;-999;-999;  -999;  15.0;    -999;   15.7;   85.79;   21.4;   10.3;    8.3;eor
       1224;20190924;-999;-999;-999;    3;   2.0;   4;-999;-999;  -999;  13.8;    -999;   13.1;   90.88;   17.1;    7.5;    5.2;eor
       1224;20190925;-999;-999;-999;    3;   0.8;   4;-999;-999;  -999;  14.7;    -999;   15.9;   81.46;   18.3;   13.8;   12.7;eor
       1224;20190926;-999;-999;-999;    3;   0.3;   4;-999;-999;  -999;  16.2;    -999;   17.2;   82.50;   19.5;   14.9;   14.0;eor
       1224;20190927;-999;-999;-999;    3;   6.9;   4;-999;-999;  -999;  15.8;    -999;   17.1;   81.13;   19.6;   14.3;   12.7;eor
       1224;20190928;-999;-999;-999;    3;   0.1;   4;-999;-999;  -999;  13.7;    -999;   15.7;   78.96;   20.8;    9.2;    7.4;eor
       1224;20190929;-999;-999;-999;    3;   4.8;   4;-999;-999;  -999;  12.6;    -999;   16.1;   72.17;   24.2;    7.4;    5.7;eor
       1224;20190930;-999;-999;-999;    3;   0.0;   0;-999;-999;  -999;  12.7;    -999;   15.4;   74.58;   20.4;    8.3;    6.8;eor
       1224;20191001;-999;-999;-999;    3;   0.2;   4;-999;   0;  -999;  14.0;    -999;   15.8;   78.17;   22.1;    7.9;    6.4;eor
       1224;20191002;-999;-999;-999;    3;  10.3;   4;-999;   0;  -999;  13.4;    -999;   12.7;   90.75;   17.0;    6.8;    4.8;eor
       1224;20191003;-999;-999;-999;    3;   0.0;   0;-999;   0;  -999;   9.6;    -999;    9.6;   82.29;   15.4;    4.8;    3.4;eor
       1224;20191004;-999;-999;-999;    3;   1.4;   4;-999;   0;  -999;  11.7;    -999;   11.3;   86.92;   15.5;    6.6;    5.4;eor
       1224;20191005;-999;-999;-999;    3;   2.4;   4;-999;   0;  -999;  13.0;    -999;   12.6;   88.75;   15.1;    9.7;    9.4;eor
       1224;20191006;-999;-999;-999;    3;   8.4;   4;-999;   0;  -999;  13.3;    -999;   12.1;   93.96;   14.9;    9.7;    8.9;eor
       1224;20191007;-999;-999;-999;    3;   0.0;   0;-999;   0;  -999;  11.9;    -999;   11.8;   86.75;   15.9;    6.8;    4.7;eor
       1224;20191008;-999;-999;-999;    3;   0.3;   4;-999;   0;  -999;  13.0;    -999;   14.7;   77.00;   18.1;   10.2;    8.1;eor
       1224;20191009;-999;-999;-999;    3;   4.6;   4;-999;   0;  -999;  12.7;    -999;   12.5;   87.83;   14.2;   10.5;    9.3;eor
       1224;20191010;-999;-999;-999;    3;   3.2;   4;-999;   0;  -999;  12.3;    -999;   11.9;   87.88;   15.4;    7.2;    4.8;eor
       1224;20191011;-999;-999;-999;    3;   0.0;   0;-999;   0;  -999;  11.6;    -999;   12.6;   81.67;   20.8;    5.8;    3.9;eor
       1224;20191012;-999;-999;-999;    3;   0.0;   0;-999;   0;  -999;  13.7;    -999;   15.9;   77.67;   24.7;    7.5;    5.4;eor
       1224;20191013;-999;-999;-999;    3;   0.0;   0;-999;   0;  -999;  15.1;    -999;   18.4;   75.42;   27.3;   11.6;    9.7;eor
       1224;20191014;-999;-999;-999;    3;   0.0;   0;-999;   0;  -999;  14.9;    -999;   16.4;   82.46;   26.8;    9.2;    7.4;eor
       1224;20191015;-999;-999;-999;    3;   6.2;   4;-999;   0;  -999;  13.5;    -999;   12.8;   91.50;   17.7;    9.5;    7.2;eor
       1224;20191016;-999;-999;-999;    3;   0.9;   4;-999;   0;  -999;  10.8;    -999;   12.8;   75.50;   19.3;    7.8;    5.9;eor
       1224;20191017;-999;-999;-999;    3;   2.3;   4;-999;   0;  -999;  13.3;    -999;   15.3;   77.46;   21.4;    9.4;    8.8;eor
       1224;20191018;-999;-999;-999;    3;   8.8;   4;-999;   0;  -999;  14.5;    -999;   14.8;   86.29;   20.1;   11.6;    9.6;eor
       1224;20191019;-999;-999;-999;    3;  18.7;   4;-999;   0;  -999;  14.3;    -999;   13.3;   93.21;   16.2;   12.1;   11.5;eor
       1224;20191020;-999;-999;-999;    3;   0.7;   4;-999;   0;  -999;  15.0;    -999;   14.2;   92.88;   20.0;   10.3;    9.6;eor
       1224;20191021;-999;-999;-999;    3;   3.8;   4;-999;   0;  -999;  14.7;    -999;   14.1;   91.42;   15.9;   12.6;   12.0;eor
       1224;20191022;-999;-999;-999;    3;   0.0;   0;-999;   0;  -999;  14.0;    -999;   12.8;   94.33;   15.3;   10.3;    9.2;eor
       1224;20191023;-999;-999;-999;    3;   0.0;   0;-999;   0;  -999;  13.6;    -999;   12.1;   96.13;   13.3;   11.4;   11.5;eor
       1224;20191024;-999;-999;-999;    3;   0.0;   0;-999;   0;  -999;  13.7;    -999;   14.2;   85.17;   19.5;   10.6;    8.7;eor
       1224;20191025;-999;-999;-999;    3;   0.0;   0;-999;   0;  -999;  12.0;    -999;   12.8;   83.50;   19.5;    6.4;    4.7;eor
       1224;20191026;-999;-999;-999;    3;   0.0;   0;-999;   0;  -999;  11.1;    -999;   11.4;   84.33;   21.7;    4.5;    2.6;eor
       1224;20191027;-999;-999;-999;    3;   4.0;   4;-999;   0;  -999;  13.4;    -999;   14.7;   81.33;   21.1;    8.0;    6.5;eor
       1224;20191028;-999;-999;-999;    3;   3.3;   4;-999;   0;  -999;  10.7;    -999;    8.6;   95.71;    9.6;    7.5;    7.4;eor
       1224;20191029;-999;-999;-999;    3;   1.6;   4;-999;   0;  -999;  10.0;    -999;    7.7;   95.13;    8.7;    6.9;    7.1;eor
       1224;20191030;-999;-999;-999;    3;   6.3;   4;-999;   0;  -999;  10.2;    -999;    8.0;   94.71;    9.4;    7.3;    7.0;eor
       1224;20191031;-999;-999;-999;    3;   0.0;   4;-999;   0;  -999;  10.1;    -999;    7.9;   94.79;    8.8;    6.6;    5.8;eor
       1224;20191101;-999;-999;-999;    3;   6.4;   4;-999;   0;  -999;  12.1;    -999;   10.9;   92.13;   13.4;    6.5;    5.8;eor
       1224;20191102;-999;-999;-999;    3;   7.0;   4;-999;   0;  -999;  14.2;    -999;   14.8;   84.21;   18.3;   11.7;   11.0;eor
       1224;20191103;-999;-999;-999;    3;   2.9;   4;-999;   0;  -999;  11.8;    -999;   12.3;   82.58;   15.7;   10.2;    9.5;eor
       1224;20191104;-999;-999;-999;    3;   0.6;   4;-999;   0;  -999;  10.9;    -999;   11.7;   79.21;   13.1;    9.3;    6.7;eor
       1224;20191105;-999;-999;-999;    3;   2.8;   4;-999;   0;  -999;   9.4;    -999;    8.9;   83.75;   14.6;    3.8;    1.8;eor
       1224;20191106;-999;-999;-999;    3;   0.5;   4;-999;   0;  -999;  10.0;    -999;    9.2;   85.92;   11.4;    7.6;    7.1;eor
       1224;20191107;-999;-999;-999;    3;   0.7;   4;-999;   0;  -999;   8.5;    -999;    8.1;   79.71;   12.2;    2.8;    1.4;eor
       1224;20191108;-999;-999;-999;    3;   2.6;   4;-999;   0;  -999;   8.4;    -999;    5.8;   90.67;    7.9;    3.8;    3.0;eor
       1224;20191109;-999;-999;-999;    3;   0.0;   0;-999;   0;  -999;   7.5;    -999;    4.3;   91.33;   10.5;   -0.7;   -2.5;eor
       1224;20191110;-999;-999;-999;    3;   0.0;   0;-999;   0;  -999;   6.4;    -999;    1.6;   93.67;    7.5;   -2.7;   -4.2;eor
       1224;20191111;-999;-999;-999;    3;   0.6;   4;-999;   0;  -999;   7.1;    -999;    3.5;   91.00;    6.6;    0.4;    0.8;eor
       1224;20191112;-999;-999;-999;    3;   0.0;   0;-999;   0;  -999;   7.4;    -999;    6.2;   78.50;    9.6;    3.7;    1.9;eor
       1224;20191113;-999;-999;-999;    3;   0.0;   0;-999;   0;  -999;   7.1;    -999;    4.7;   83.25;    7.0;    0.1;   -2.1;eor
       1224;20191114;-999;-999;-999;    3;   0.0;   0;-999;   0;  -999;   6.7;    -999;    3.7;   84.83;    9.2;   -1.4;   -3.0;eor
       1224;20191115;-999;-999;-999;    3;   0.0;   0;-999;   0;  -999;   7.0;    -999;    3.8;   88.08;    8.4;   -0.2;   -1.8;eor
       1224;20191116;-999;-999;-999;    3;   0.0;   0;-999;   0;  -999;   6.8;    -999;    2.6;   92.08;    9.4;   -1.4;   -3.0;eor
       1224;20191117;-999;-999;-999;    3;   4.5;   4;-999;   0;  -999;   6.9;    -999;    2.0;   97.79;    3.8;   -0.9;   -1.7;eor
       1224;20191118;-999;-999;-999;    3;   1.0;   4;-999;   0;  -999;   7.1;    -999;    4.3;   86.25;    5.9;    1.4;   -0.8;eor
       1224;20191119;-999;-999;-999;    3;   0.2;   4;-999;   0;  -999;   7.3;    -999;    3.7;   90.88;    6.9;   -0.5;   -2.4;eor
       1224;20191120;-999;-999;-999;    3;   0.0;   0;-999;   0;  -999;   6.2;    -999;    0.1;   99.83;    1.7;   -2.1;   -2.1;eor
       1224;20191121;-999;-999;-999;    3;   0.0;   0;-999;   0;  -999;   7.0;    -999;    2.5;   94.96;    8.4;    0.0;   -1.1;eor
       1224;20191122;-999;-999;-999;    3;   0.0;   0;-999;   0;  -999;   7.8;    -999;    4.5;   93.21;   10.8;    0.8;   -0.4;eor
       1224;20191123;-999;-999;-999;    3;   0.0;   0;-999;   0;  -999;   7.3;    -999;    3.0;   96.17;    4.8;    0.8;    0.1;eor
       1224;20191124;-999;-999;-999;    3;   0.0;   0;-999;   0;  -999;   7.2;    -999;    3.0;   94.33;    9.0;   -0.7;   -2.3;eor
       1224;20191125;-999;-999;-999;    3;   0.0;   0;-999;   0;  -999;   8.9;    -999;    6.2;   93.75;   11.3;    2.3;    0.9;eor
       1224;20191126;-999;-999;-999;    3;   0.8;   4;-999;   0;  -999;   9.2;    -999;    7.7;   87.83;   14.4;    2.9;    1.5;eor
       1224;20191127;-999;-999;-999;    3;   0.7;   4;-999;   0;  -999;   9.5;    -999;   10.9;   74.04;   14.9;    4.3;    3.7;eor
       1224;20191128;-999;-999;-999;    3;   9.0;   4;-999;   0;  -999;  10.0;    -999;   10.5;   78.54;   12.0;    8.6;    7.7;eor
       1224;20191129;-999;-999;-999;    3;  10.2;   4;-999;   0;  -999;   9.6;    -999;    7.1;   94.08;    9.3;    0.5;   -1.3;eor
       1224;20191130;-999;-999;-999;    3;   0.6;   4;-999;   0;  -999;   5.8;    -999;    2.7;   80.54;    8.2;   -2.0;   -3.8;eor
       1224;20191201;-999;-999;-999;    3;   2.3;   4;-999;   0;  -999;   6.7;    -999;    2.1;   94.13;    3.9;   -0.2;   -1.1;eor
       1224;20191202;-999;-999;-999;    3;   0.0;   0;-999;   0;  -999;   5.8;    -999;    1.3;   87.04;    4.5;   -3.3;   -5.1;eor
       1224;20191203;-999;-999;-999;    3;   0.0;   0;-999;   0;  -999;   5.1;    -999;   -0.9;   90.08;    7.7;   -4.8;   -6.6;eor
       1224;20191204;-999;-999;-999;    3;   0.0;   0;-999;   0;  -999;   4.7;    -999;   -2.8;   94.00;    2.9;   -5.9;   -7.5;eor
       1224;20191205;-999;-999;-999;    3;   0.0;   0;-999;   0;  -999;   4.8;    -999;   -2.6;   94.50;    5.2;   -6.4;   -7.7;eor
       1224;20191206;-999;-999;-999;    3;   0.5;   4;-999;   0;  -999;   6.1;    -999;    4.0;   76.79;   10.8;   -4.8;   -6.6;eor
       1224;20191207;-999;-999;-999;    3;   0.0;   4;-999;   0;  -999;   9.2;    -999;    9.0;   79.83;   10.2;    7.4;    6.3;eor
       1224;20191208;-999;-999;-999;    3;   3.2;   4;-999;   0;  -999;   9.5;    -999;   10.7;   73.71;   13.8;    8.5;    6.5;eor
       1224;20191209;-999;-999;-999;    3;   5.0;   4;-999;   0;  -999;   8.4;    -999;    7.5;   80.88;    9.2;    5.1;    4.4;eor
       1224;20191210;-999;-999;-999;    3;   0.0;   0;-999;   0;  -999;   6.1;    -999;    2.0;   86.92;    7.2;   -3.5;   -5.3;eor
       1224;20191211;-999;-999;-999;    3;   5.0;   4;-999;   0;  -999;   6.3;    -999;    1.2;   93.38;    5.3;   -3.9;   -5.6;eor
       1224;20191212;-999;-999;-999;    3;   0.4;   4;-999;   0;  -999;   6.5;    -999;    2.4;   89.00;    5.8;   -2.5;   -4.7;eor
       1224;20191213;-999;-999;-999;    3;   6.4;   4;-999;   0;  -999;   7.5;    -999;    5.5;   83.04;    7.8;    0.4;   -0.1;eor
       1224;20191214;-999;-999;-999;    3;   4.6;   4;-999;   0;  -999;   7.8;    -999;    9.2;   66.75;   11.6;    5.8;    4.2;eor
       1224;20191215;-999;-999;-999;    3;   0.2;   4;-999;   0;  -999;  10.9;    -999;   11.4;   81.54;   13.9;    6.9;    6.0;eor
       1224;20191216;-999;-999;-999;    3;   0.0;   0;-999;   0;  -999;   9.5;    -999;    7.6;   91.38;   14.1;    2.3;    0.8;eor
       1224;20191217;-999;-999;-999;    3;   2.5;   4;-999;   0;  -999;   8.8;    -999;    6.5;   90.71;   15.2;    1.7;    0.1;eor
       1224;20191218;-999;-999;-999;    3;   0.6;   4;-999;   0;  -999;  10.6;    -999;    8.2;   96.33;   15.3;    2.1;    0.8;eor
       1224;20191219;-999;-999;-999;    3;   0.0;   0;-999;   0;  -999;   8.3;    -999;    4.5;   97.21;   10.5;    0.4;   -0.6;eor
       1224;20191220;-999;-999;-999;    3;  14.4;   4;-999;   0;  -999;   8.7;    -999;    5.1;   96.63;   11.6;    0.6;   -0.3;eor
       1224;20191221;-999;-999;-999;    3;   2.0;   4;-999;   0;  -999;   7.6;    -999;    4.0;   92.75;    9.4;   -0.6;   -1.8;eor
       1224;20191222;-999;-999;-999;    3;   2.1;   4;-999;   0;  -999;   9.0;    -999;    8.1;   83.54;   10.1;    4.2;    2.2;eor
       1224;20191223;-999;-999;-999;    3;   1.8;   4;-999;   0;  -999;   8.9;    -999;    6.6;   90.63;    8.1;    5.1;    3.0;eor
       1224;20191224;-999;-999;-999;    3;   0.6;   4;-999;   0;  -999;   8.7;    -999;    7.9;   81.58;   11.0;    5.2;    3.2;eor
       1224;20191225;-999;-999;-999;    3;   0.8;   4;-999;   0;  -999;   8.4;    -999;    6.8;   85.25;    9.6;   -0.3;   -2.3;eor
       1224;20191226;-999;-999;-999;    3;   3.1;   4;-999;   0;  -999;   6.6;    -999;    1.9;   93.88;    7.0;   -2.9;   -4.7;eor
       1224;20191227;-999;-999;-999;    3;   2.7;   4;-999;   0;  -999;   9.8;    -999;    7.5;   94.46;    9.9;    5.4;    5.2;eor
       1224;20191228;-999;-999;-999;    3;   0.0;   0;-999;   0;  -999;   7.0;    -999;    2.4;   96.00;    5.4;   -2.0;   -3.6;eor
       1224;20191229;-999;-999;-999;    3;   0.0;   0;-999;   0;  -999;   5.3;    -999;   -2.0;   99.79;   -1.1;   -2.9;   -2.4;eor
       1224;20191230;-999;-999;-999;    3;   0.0;   0;-999;   0;  -999;   5.4;    -999;   -1.7;   99.67;    0.5;   -2.9;   -4.3;eor
       1224;20191231;-999;-999;-999;    3;   0.0;   0;-999;   0;  -999;   5.4;    -999;   -0.8;   94.33;    5.0;   -4.2;   -5.9;eor
       1224;20200101;-999;-999;-999;    3;   0.0;   4;-999;   0;  -999;   5.2;    -999;   -2.3;  100.00;   -1.2;   -3.5;   -2.9;eor
       1224;20200102;-999;-999;-999;    3;   0.0;   0;-999;   0;  -999;   5.6;    -999;   -1.2;  100.00;    3.0;   -3.0;   -3.5;eor
       1224;20200103;-999;-999;-999;    3;   2.5;   4;-999;   0;  -999;   8.1;    -999;    5.6;   88.54;    9.8;   -0.4;   -1.9;eor
       1224;20200104;-999;-999;-999;    3;   0.0;   0;-999;   0;  -999;   7.7;    -999;    6.2;   81.33;    8.6;    2.0;   -0.5;eor
       1224;20200105;-999;-999;-999;    3;   0.0;   0;-999;   0;  -999;   6.2;    -999;    1.9;   89.67;    8.2;   -2.8;   -4.4;eor
       1224;20200106;-999;-999;-999;    3;   0.0;   0;-999;   0;  -999;   5.6;    -999;   -0.2;   92.79;    6.7;   -4.1;   -5.7;eor
       1224;20200107;-999;-999;-999;    3;   0.0;   0;-999;   0;  -999;   6.8;    -999;    3.3;   88.08;    9.2;   -2.3;   -4.0;eor
       1224;20200108;-999;-999;-999;    3;   0.0;   0;-999;   0;  -999;   7.7;    -999;    4.5;   89.04;   11.0;   -3.1;   -4.9;eor
       1224;20200109;-999;-999;-999;    3;   1.0;   4;-999;   0;  -999;   9.3;    -999;   11.6;   69.29;   15.3;    8.6;    7.2;eor
       1224;20200110;-999;-999;-999;    3;   0.9;   4;-999;   0;  -999;   8.8;    -999;    9.0;   77.21;   11.8;    5.5;    4.8;eor
       1224;20200111;-999;-999;-999;    3;   0.0;   4;-999;   0;  -999;   7.2;    -999;    3.9;   89.71;    8.6;   -2.0;   -3.8;eor
       1224;20200112;-999;-999;-999;    3;   0.1;   4;-999;   0;  -999;   6.2;    -999;    1.9;   88.96;    5.5;   -2.8;   -4.7;eor
       1224;20200113;-999;-999;-999;    3;   0.0;   4;-999;   0;  -999;   7.5;    -999;    4.4;   89.58;    9.2;   -0.8;   -3.0;eor
       1224;20200114;-999;-999;-999;    3;   0.0;   0;-999;   0;  -999;   6.2;    -999;    6.8;   65.13;   12.8;   -1.2;   -2.6;eor
       1224;20200115;-999;-999;-999;    3;   0.0;   0;-999;   0;  -999;   6.9;    -999;   10.8;   53.46;   14.2;    3.7;   -0.8;eor
       1224;20200116;-999;-999;-999;    3;   0.0;   0;-999;   0;  -999;   8.1;    -999;    8.3;   75.29;   14.9;   -0.9;   -3.2;eor
       1224;20200117;-999;-999;-999;    3;   5.5;   4;-999;   0;  -999;   7.9;    -999;    5.3;   88.42;   11.3;   -1.3;   -3.0;eor
       1224;20200118;-999;-999;-999;    3;   0.0;   0;-999;   0;  -999;   7.4;    -999;    4.1;   90.08;    6.9;   -1.2;   -3.5;eor
       1224;20200119;-999;-999;-999;    3;   0.0;   0;-999;   0;  -999;   6.2;    -999;    1.9;   88.83;    4.6;   -2.0;   -3.9;eor
       1224;20200120;-999;-999;-999;    3;   0.0;   0;-999;   0;  -999;   5.4;    -999;    2.3;   75.38;    7.0;   -3.6;   -5.8;eor
       1224;20200121;-999;-999;-999;    3;   0.0;   0;-999;   0;  -999;   4.8;    -999;   -1.8;   90.25;    3.6;   -5.7;   -7.3;eor
       1224;20200122;-999;-999;-999;    3;   0.0;   0;-999;   0;  -999;   5.0;    -999;   -2.5;   98.50;   -1.1;   -5.2;   -6.9;eor
       1224;20200123;-999;-999;-999;    3;   0.0;   0;-999;   0;  -999;   4.9;    -999;   -1.9;   91.83;   -1.3;   -2.4;   -2.3;eor
       1224;20200124;-999;-999;-999;    3;   0.0;   0;-999;   0;  -999;   5.3;    -999;   -0.3;   88.38;    6.6;   -4.3;   -5.3;eor
       1224;20200125;-999;-999;-999;    3;   0.0;   0;-999;   0;  -999;   6.1;    -999;    1.0;   93.50;    7.9;   -2.3;   -3.7;eor
       1224;20200126;-999;-999;-999;    3;   0.0;   4;-999;   0;  -999;   6.9;    -999;    2.9;   91.08;   10.7;   -2.5;   -3.9;eor
       1224;20200127;-999;-999;-999;    3;   2.4;   4;-999;   0;  -999;   8.2;    -999;    8.6;   73.83;   11.4;    6.5;    4.9;eor
       1224;20200128;-999;-999;-999;    3;   2.8;   4;-999;   0;  -999;   7.5;    -999;    6.8;   76.21;    9.8;    2.9;    2.5;eor
       1224;20200129;-999;-999;-999;    3;   1.9;   4;-999;   0;  -999;   7.4;    -999;    4.5;   88.08;    7.5;    2.8;    1.0;eor
       1224;20200130;-999;-999;-999;    3;   1.0;   4;-999;   0;  -999;   8.1;    -999;    7.8;   77.21;   12.0;    0.3;   -2.0;eor
       1224;20200131;-999;-999;-999;    3;   0.0;   0;-999;   0;  -999;  12.2;    -999;   13.0;   80.92;   14.6;   11.7;   10.6;eor
       1224;20200201;-999;-999;-999;    3;   2.6;   4;-999;   0;  -999;  11.6;    -999;   12.8;   78.29;   14.5;   10.9;    9.8;eor
       1224;20200202;-999;-999;-999;    3;   6.0;   4;-999;   0;  -999;  12.6;    -999;   12.5;   86.67;   14.8;   10.2;    8.8;eor
       1224;20200203;-999;-999;-999;    3;  19.6;   4;-999;   0;  -999;  11.9;    -999;   11.8;   86.92;   15.3;    8.7;    8.5;eor
       1224;20200204;-999;-999;-999;    3;   9.5;   4;-999;   0;  -999;   7.7;    -999;    5.3;   85.54;   14.1;    1.2;    0.9;eor
       1224;20200205;-999;-999;-999;    3;   0.0;   0;-999;   0;  -999;   6.3;    -999;    2.7;   86.71;    8.1;   -3.1;   -4.9;eor
       1224;20200206;-999;-999;-999;    3;   0.0;   0;-999;   0;  -999;   5.3;    -999;    0.2;   87.00;    7.6;   -4.1;   -6.0;eor
       1224;20200207;-999;-999;-999;    3;   0.0;   0;-999;   0;  -999;   5.3;    -999;   -0.6;   91.33;    6.5;   -5.0;   -6.7;eor
       1224;20200208;-999;-999;-999;    3;   0.0;   0;-999;   0;  -999;   5.8;    -999;    1.6;   86.42;   13.2;   -4.1;   -5.3;eor
       1224;20200209;-999;-999;-999;    3;   2.1;   4;-999;   0;  -999;   6.8;    -999;    9.2;   62.46;   15.4;   -0.2;   -2.2;eor
       1224;20200210;-999;-999;-999;    3;  11.7;   4;-999;   0;  -999;   8.7;    -999;   11.9;   61.92;   15.4;    8.2;    6.2;eor
       1224;20200211;-999;-999;-999;    3;   4.1;   4;-999;   0;  -999;   7.1;    -999;    5.9;   77.25;    7.9;    2.8;    0.6;eor
       1224;20200212;-999;-999;-999;    3;   0.0;   0;-999;   0;  -999;   6.7;    -999;    4.8;   78.63;    9.2;    1.1;   -0.8;eor
       1224;20200213;-999;-999;-999;    3;   9.3;   4;-999;   0;  -999;   6.9;    -999;    5.1;   80.21;   11.4;   -0.9;   -2.9;eor
       1224;20200214;-999;-999;-999;    3;   0.7;   4;-999;   0;  -999;   8.0;    -999;    6.7;   82.38;   11.6;    0.5;   -1.5;eor
       1224;20200215;-999;-999;-999;    3;   0.0;   0;-999;   0;  -999;   7.0;    -999;    5.4;   80.71;   14.6;   -1.5;   -3.2;eor
       1224;20200216;-999;-999;-999;    3;   0.0;   0;-999;   0;  -999;   6.7;    -999;   14.4;   42.04;   19.0;    6.5;    3.5;eor
       1224;20200217;-999;-999;-999;    3;  10.5;   4;-999;   0;  -999;   9.8;    -999;   10.9;   76.58;   16.5;    6.8;    5.9;eor
       1224;20200218;-999;-999;-999;    3;   0.0;   0;-999;   0;  -999;   7.0;    -999;    7.4;   68.25;   10.6;    5.2;    3.8;eor
       1224;20200219;-999;-999;-999;    3;   1.0;   4;-999;   0;  -999;   6.6;    -999;    6.3;   70.00;    9.1;    1.8;   -0.5;eor
       1224;20200220;-999;-999;-999;    3;   1.0;   4;-999;   0;  -999;   7.5;    -999;    8.6;   67.33;   13.4;    3.6;    1.1;eor
       1224;20200221;-999;-999;-999;    3;   0.0;   0;-999;   0;  -999;   5.9;    -999;    5.0;   69.67;   10.7;   -0.6;   -2.6;eor
       1224;20200222;-999;-999;-999;    3;   2.2;   4;-999;   0;  -999;   5.1;    -999;    7.7;   55.04;   14.7;   -2.2;   -4.0;eor
       1224;20200223;-999;-999;-999;    3;   0.0;   0;-999;   0;  -999;   8.2;    -999;   12.3;   58.71;   15.8;    7.0;    6.3;eor
       1224;20200224;-999;-999;-999;    3;   0.0;   0;-999;   0;  -999;  10.7;    -999;   12.4;   74.67;   15.4;    4.9;    2.3;eor
       1224;20200225;-999;-999;-999;    3;   2.5;   4;-999;   0;  -999;   8.7;    -999;    8.6;   78.25;   11.3;    4.4;    1.5;eor
       1224;20200226;-999;-999;-999;    3;   3.5;   4;-999;   0;  -999;   6.5;    -999;    3.1;   85.75;    6.8;    0.7;    0.1;eor
       1224;20200227;-999;-999;-999;    3;   3.6;   4;-999;   0;  -999;   6.6;    -999;    4.3;   79.67;    8.7;    2.0;    1.2;eor
       1224;20200228;-999;-999;-999;    3;   0.3;   4;-999;   0;  -999;   5.1;    -999;    6.3;   56.83;   10.4;    0.1;   -2.3;eor
       1224;20200229;-999;-999;-999;    3;   2.1;   4;-999;   0;  -999;   8.2;    -999;   10.8;   65.79;   17.3;    5.6;    4.1;eor
       1224;20200301;-999;-999;-999;    3;   0.5;   4;-999;   0;  -999;   7.6;    -999;   10.0;   62.96;   14.4;    6.0;    4.8;eor
       1224;20200302;-999;-999;-999;    3;  10.1;   4;-999;   0;  -999;   8.0;    -999;    5.6;   87.29;    7.6;    0.8;   -1.6;eor
       1224;20200303;-999;-999;-999;    3;   0.2;   4;-999;   0;  -999;   6.7;    -999;    4.9;   78.21;    8.6;   -1.6;   -3.4;eor
       1224;20200304;-999;-999;-999;    3;   0.1;   4;-999;   0;  -999;   6.2;    -999;    4.1;   78.50;   11.0;   -2.2;   -3.8;eor
       1224;20200305;-999;-999;-999;    3;  12.2;   4;-999;   0;  -999;   9.3;    -999;    8.2;   84.42;   11.1;    3.7;    3.3;eor
       1224;20200306;-999;-999;-999;    3;   3.1;   4;-999;   0;  -999;   7.7;    -999;    6.1;   81.79;    8.2;    4.2;    3.8;eor
       1224;20200307;-999;-999;-999;    3;   0.0;   0;-999;   0;  -999;   6.8;    -999;    4.1;   84.13;    8.2;   -1.3;   -3.3;eor
       1224;20200308;-999;-999;-999;    3;   4.5;   4;-999;   0;  -999;   6.8;    -999;    5.8;   76.00;   12.1;   -2.2;   -3.7;eor
       1224;20200309;-999;-999;-999;    3;   1.9;   4;-999;   0;  -999;   8.3;    -999;    6.8;   84.17;   11.0;    2.1;   -0.3;eor
       1224;20200310;-999;-999;-999;    3;   7.6;   4;-999;   0;  -999;   9.0;    -999;    7.5;   85.71;   11.7;    1.7;   -0.9;eor
       1224;20200311;-999;-999;-999;    3;   0.0;   0;-999;   0;  -999;  11.8;    -999;   13.0;   79.21;   16.8;    7.5;    5.6;eor
       1224;20200312;-999;-999;-999;    3;   1.1;   4;-999;   0;  -999;  11.1;    -999;   12.8;   74.92;   16.8;    8.4;    7.2;eor
       1224;20200313;-999;-999;-999;    3;   0.0;   0;-999;   0;  -999;   6.3;    -999;    7.7;   63.08;   12.7;    0.3;   -1.7;eor
       1224;20200314;-999;-999;-999;    3;   0.0;   0;-999;   0;  -999;   6.2;    -999;    4.7;   76.33;   11.9;   -0.4;   -2.5;eor
       1224;20200315;-999;-999;-999;    3;   0.0;   0;-999;   0;  -999;   6.4;    -999;    6.0;   73.79;   16.1;   -2.3;   -4.0;eor
       1224;20200316;-999;-999;-999;    3;   0.0;   0;-999;   0;  -999;   7.9;    -999;    9.6;   71.21;   19.9;   -0.3;   -1.9;eor
       1224;20200317;-999;-999;-999;    3;   0.0;   0;-999;   0;  -999;   9.5;    -999;   10.9;   74.92;   17.6;    4.4;    2.4;eor
       1224;20200318;-999;-999;-999;    3;   0.0;   0;-999;   0;  -999;   9.5;    -999;   10.2;   79.13;   19.2;    1.9;    0.0;eor
       1224;20200319;-999;-999;-999;    3;   0.0;   0;-999;   0;  -999;   9.9;    -999;   10.3;   80.79;   20.1;    1.9;    0.2;eor
       1224;20200320;-999;-999;-999;    3;   0.0;   0;-999;   0;  -999;   9.9;    -999;   11.2;   76.71;   18.9;    2.9;    0.9;eor
       1224;20200321;-999;-999;-999;    3;   0.4;   4;-999;   0;  -999;   8.2;    -999;    6.9;   82.38;    9.6;    5.4;    4.1;eor
       1224;20200322;-999;-999;-999;    3;   0.0;   4;-999;   0;  -999;   5.5;    -999;    6.0;   59.79;   10.9;    0.0;   -2.0;eor
       1224;20200323;-999;-999;-999;    3;   0.0;   0;-999;   0;  -999;   2.9;    -999;    3.5;   42.33;   11.7;   -4.7;   -7.3;eor
       1224;20200324;-999;-999;-999;    3;   0.0;   0;-999;   0;  -999;   3.1;    -999;    3.6;   43.38;   11.8;   -4.7;   -7.4;eor
       1224;20200325;-999;-999;-999;    3;   0.0;   0;-999;   0;  -999;   3.5;    -999;    3.5;   48.50;   10.3;   -5.1;   -7.8;eor
       1224;20200326;-999;-999;-999;    3;   0.0;   0;-999;   0;  -999;   4.3;    -999;    4.1;   54.00;    9.9;   -1.6;   -4.0;eor
       1224;20200327;-999;-999;-999;    3;   0.0;   0;-999;   0;  -999;   5.9;    -999;    5.2;   69.29;   12.9;   -2.2;   -4.4;eor
       1224;20200328;-999;-999;-999;    3;   0.0;   0;-999;   0;  -999;   7.0;    -999;    7.8;   71.13;   17.2;   -1.1;   -2.9;eor
       1224;20200329;-999;-999;-999;    1;   4.5;   4;-999;   0;  -999;   6.7;    -999;    4.6;   79.92;    8.0;    2.1;    2.2;eor
       1224;20200330;-999;-999;-999;    1;   0.0;   0;-999;   0;  -999;   4.7;    -999;    2.9;   63.38;    7.7;   -4.0;   -6.3;eor
       1224;20200331;-999;-999;-999;    1;   0.0;   0;-999;   0;  -999;   3.8;    -999;    3.6;   52.63;   10.8;   -5.7;   -8.0;eor
       1224;20200401;-999;-999;-999;    1;   0.0;   0;-999;   0;  -999;   4.6;    -999;    4.4;   58.67;   12.3;   -4.1;   -6.3;eor
       1224;20200402;-999;-999;-999;    1;   0.0;   0;-999;   0;  -999;   4.9;    -999;    5.3;   61.83;   15.0;   -4.6;   -6.5;eor
       1224;20200403;-999;-999;-999;    1;   0.0;   0;-999;   0;  -999;   5.8;    -999;    5.6;   67.96;   14.7;   -3.0;   -5.0;eor
       1224;20200404;-999;-999;-999;    1;   0.0;   0;-999;   0;  -999;   6.6;    -999;    7.0;   70.46;   16.0;   -2.3;   -4.3;eor
       1224;20200405;-999;-999;-999;    1;   0.0;   0;-999;   0;  -999;   7.0;    -999;    9.6;   64.75;   20.4;   -1.5;   -3.5;eor
       1224;20200406;-999;-999;-999;    1;   0.0;   0;-999;   0;  -999;   7.1;    -999;   11.5;   60.63;   23.3;    0.3;   -1.7;eor
       1224;20200407;-999;-999;-999;    1;   0.0;   0;-999;   0;  -999;   7.5;    -999;   12.7;   58.67;   24.7;    1.0;   -0.9;eor
       1224;20200408;-999;-999;-999;    1;   0.0;   0;-999;   0;  -999;   7.6;    -999;   13.0;   58.38;   23.9;    1.5;   -0.4;eor
       1224;20200409;-999;-999;-999;    1;   0.0;   0;-999;   0;  -999;   7.9;    -999;   13.6;   57.88;   23.6;    2.2;    0.4;eor
       1224;20200410;-999;-999;-999;    1;   0.0;   0;-999;   0;  -999;   8.5;    -999;   13.5;   60.50;   23.0;    2.6;    0.8;eor
       1224;20200411;-999;-999;-999;    1;   0.0;   0;-999;   0;  -999;   9.5;    -999;   14.1;   63.88;   24.8;    3.9;    1.9;eor
       1224;20200412;-999;-999;-999;    1;   0.0;   0;-999;   0;  -999;   9.6;    -999;   15.5;   59.00;   25.3;    6.4;    4.4;eor
       1224;20200413;-999;-999;-999;    1;   0.0;   0;-999;   0;  -999;   8.5;    -999;   12.3;   63.38;   21.3;    3.4;    0.9;eor
       1224;20200414;-999;-999;-999;    1;   0.0;   0;-999;   0;  -999;   4.7;    -999;    6.5;   51.46;   11.9;   -0.2;   -2.8;eor
       1224;20200415;-999;-999;-999;    1;   0.0;   0;-999;   0;  -999;   5.8;    -999;    8.7;   56.08;   19.7;   -2.1;   -4.0;eor
       1224;20200416;-999;-999;-999;    1;   0.0;   0;-999;   0;  -999;   8.1;    -999;   13.0;   61.33;   25.2;    0.6;   -1.3;eor
       1224;20200417;-999;-999;-999;    1;   0.0;   0;-999;   0;  -999;   9.7;    -999;   15.4;   62.21;   25.7;    5.3;    4.3;eor
       1224;20200418;-999;-999;-999;    1;   0.0;   0;-999;   0;  -999;  11.1;    -999;   16.3;   64.00;   24.3;    7.7;    6.2;eor
       1224;20200419;-999;-999;-999;    1;   0.0;   0;-999;   0;  -999;  12.1;    -999;   16.3;   67.88;   23.1;    6.2;    4.7;eor
       1224;20200420;-999;-999;-999;    1;   0.0;   0;-999;   0;  -999;   9.3;    -999;   15.8;   52.71;   21.0;   10.0;    7.3;eor
       1224;20200421;-999;-999;-999;    1;   0.0;   0;-999;   0;  -999;   7.8;    -999;   14.7;   48.00;   21.9;    7.0;    5.3;eor
       1224;20200422;-999;-999;-999;    1;   0.0;   0;-999;   0;  -999;   7.0;    -999;   14.9;   45.21;   23.6;    4.5;    1.7;eor
       1224;20200423;-999;-999;-999;    1;   0.0;   0;-999;   0;  -999;   8.0;    -999;   12.8;   59.25;   23.5;    1.8;   -0.1;eor
       1224;20200424;-999;-999;-999;    1;   0.0;   0;-999;   0;  -999;   8.9;    -999;   14.5;   61.08;   24.5;    3.0;    1.3;eor
       1224;20200425;-999;-999;-999;    1;   0.0;   0;-999;   0;  -999;   8.8;    -999;   14.4;   57.63;   21.5;    4.1;    2.3;eor
       1224;20200426;-999;-999;-999;    1;   1.3;   4;-999;   0;  -999;   9.3;    -999;   12.3;   68.25;   20.0;    1.9;    0.2;eor
       1224;20200427;-999;-999;-999;    1;   0.2;   4;-999;   0;  -999;  11.0;    -999;   16.4;   64.58;   24.1;    9.8;    9.0;eor
       1224;20200428;-999;-999;-999;    1;   0.8;   4;-999;   0;  -999;  12.6;    -999;   15.3;   73.67;   19.6;   11.2;   10.6;eor
       1224;20200429;-999;-999;-999;    1;   1.4;   4;-999;   0;  -999;  11.0;    -999;   12.8;   75.83;   18.1;    8.2;    6.1;eor
       1224;20200430;-999;-999;-999;    1;   1.4;   4;-999;   0;  -999;  11.0;    -999;   12.6;   75.54;   15.1;   10.5;    9.4;eor
       1224;20200501;-999;-999;-999;    1;   2.6;   4;-999;-999;  -999;   9.9;    -999;   11.7;   72.67;   14.2;    6.2;    4.4;eor
       1224;20200502;-999;-999;-999;    1;   2.3;   4;-999;-999;  -999;  10.3;    -999;    8.6;   92.00;   12.4;    2.7;    1.2;eor
       1224;20200503;-999;-999;-999;    1;   0.0;   0;-999;-999;  -999;   8.5;    -999;   10.8;   70.71;   19.3;    0.9;   -0.6;eor
       1224;20200504;-999;-999;-999;    1;   0.1;   4;-999;-999;  -999;  12.2;    -999;   15.3;   72.79;   23.8;    6.7;    5.0;eor
       1224;20200505;-999;-999;-999;    1;   0.6;   4;-999;-999;  -999;  11.4;    -999;   11.9;   81.63;   14.8;    9.5;    9.1;eor
       1224;20200506;-999;-999;-999;    1;   0.0;   0;-999;-999;  -999;   7.7;    -999;   12.8;   55.25;   19.1;    3.5;    1.5;eor
       1224;20200507;-999;-999;-999;    1;   0.0;   0;-999;-999;  -999;   8.1;    -999;   12.7;   61.21;   23.4;    0.7;   -0.9;eor
       1224;20200508;-999;-999;-999;    1;   0.0;   0;-999;-999;  -999;  11.5;    -999;   17.3;   62.88;   27.4;    5.1;    3.7;eor
       1224;20200509;-999;-999;-999;    1;   0.3;   4;-999;-999;  -999;  12.6;    -999;   18.2;   64.92;   27.1;    8.7;    7.4;eor
       1224;20200510;-999;-999;-999;    1;   1.4;   4;-999;-999;  -999;  14.4;    -999;   19.9;   65.83;   26.6;   13.7;   13.3;eor
       1224;20200511;-999;-999;-999;    1;  11.3;   4;-999;-999;  -999;  11.1;    -999;    8.9;   92.88;   16.8;    4.4;    4.1;eor
       1224;20200512;-999;-999;-999;    1;   0.0;   0;-999;-999;  -999;   7.3;    -999;    8.5;   68.13;   15.1;    1.2;   -0.4;eor
       1224;20200513;-999;-999;-999;    1;  10.4;   4;-999;-999;  -999;  10.1;    -999;    8.7;   89.75;   10.4;    5.8;    5.0;eor
       1224;20200514;-999;-999;-999;    1;   0.0;   0;-999;-999;  -999;  10.1;    -999;   10.9;   78.46;   14.1;    8.3;    7.8;eor
       1224;20200515;-999;-999;-999;    1;   0.0;   0;-999;-999;  -999;   9.5;    -999;   12.2;   67.50;   17.9;    5.2;    3.0;eor
       1224;20200516;-999;-999;-999;    1;   0.0;   0;-999;-999;  -999;   9.1;    -999;   12.2;   67.71;   19.8;    2.4;    0.7;eor
       1224;20200517;-999;-999;-999;    1;   0.0;   0;-999;-999;  -999;   9.1;    -999;   13.2;   65.08;   20.9;    3.7;    2.0;eor
       1224;20200518;-999;-999;-999;    1;   0.0;   0;-999;-999;  -999;  10.2;    -999;   15.5;   63.38;   23.9;    4.8;    3.1;eor
       1224;20200519;-999;-999;-999;    1;   0.0;   0;-999;-999;  -999;  11.3;    -999;   17.7;   60.33;   25.0;    7.1;    5.6;eor
       1224;20200520;-999;-999;-999;    1;   0.0;   0;-999;-999;  -999;  12.5;    -999;   17.4;   65.67;   24.7;    8.2;    6.6;eor
       1224;20200521;-999;-999;-999;    1;   0.0;   0;-999;-999;  -999;  13.0;    -999;   18.1;   67.46;   26.8;    8.1;    6.5;eor
       1224;20200522;-999;-999;-999;    1;   3.8;   4;-999;-999;  -999;  14.6;    -999;   19.5;   68.25;   28.2;    8.7;    7.1;eor
       1224;20200523;-999;-999;-999;    1;  21.5;   4;-999;-999;  -999;  14.7;    -999;   13.6;   92.38;   19.1;    7.8;    6.5;eor
       1224;20200524;-999;-999;-999;    1;   0.0;   0;-999;-999;  -999;  10.6;    -999;   13.8;   70.71;   20.3;    7.1;    5.6;eor
       1224;20200525;-999;-999;-999;    1;   0.0;   0;-999;-999;  -999;  10.9;    -999;   13.6;   73.54;   20.2;    5.9;    4.3;eor
       1224;20200526;-999;-999;-999;    1;   0.0;   0;-999;-999;  -999;  -999;    -999;   14.9;-999;   21.1;    5.8;    3.6;eor
       1224;20200527;-999;-999;-999;    1;   0.0;   0;-999;-999;  -999;   9.2;    -999;   16.1;   55.83;   23.6;    5.7;    3.8;eor
       1224;20200528;-999;-999;-999;    1;   0.0;   0;-999;-999;  -999;  10.6;    -999;   15.5;   63.29;   23.5;    6.9;    4.8;eor
       1224;20200529;-999;-999;-999;    1;   0.0;   0;-999;-999;  -999;   8.5;    -999;   15.1;   53.33;   21.9;    6.6;    3.5;eor
       1224;20200530;-999;-999;-999;    1;   0.0;   0;-999;-999;  -999;   8.5;    -999;   14.9;   54.38;   21.8;    5.0;    3.1;eor
       1224;20200531;-999;-999;-999;    1;   0.0;   0;-999;-999;  -999;   8.4;    -999;   15.2;   53.58;   22.6;    5.3;    3.4;eor
       1224;20200601;-999;-999;-999;    1;   0.0;   0;-999;-999;  -999;  10.0;    -999;   18.5;   51.13;   27.0;    6.3;    4.5;eor
       1224;20200602;-999;-999;-999;    1;   0.0;   0;-999;-999;  -999;  11.5;    -999;   19.1;   55.83;   27.8;    7.8;    5.8;eor
       1224;20200603;-999;-999;-999;    1;   6.5;   4;-999;-999;  -999;  12.8;    -999;   18.6;   63.29;   27.9;   10.4;    8.9;eor
       1224;20200604;-999;-999;-999;    1;   9.4;   4;-999;-999;  -999;  14.6;    -999;   16.1;   80.29;   20.7;   11.7;   11.5;eor
       1224;20200605;-999;-999;-999;    1;   3.1;   4;-999;-999;  -999;  12.5;    -999;   13.6;   80.75;   16.9;   10.9;   10.8;eor
       1224;20200606;-999;-999;-999;    1;  14.0;   4;-999;-999;  -999;  13.9;    -999;   13.7;   88.63;   15.2;   11.3;   11.5;eor
       1224;20200607;-999;-999;-999;    1;   0.5;   4;-999;-999;  -999;  12.1;    -999;   14.3;   76.13;   19.7;    9.2;    7.2;eor
       1224;20200608;-999;-999;-999;    1;   0.0;   0;-999;-999;  -999;  11.7;    -999;   14.2;   74.58;   19.2;    7.6;    5.9;eor
       1224;20200609;-999;-999;-999;    1;   1.3;   4;-999;-999;  -999;  13.1;    -999;   13.3;   85.71;   15.4;   10.8;    9.7;eor
