STATIONS_ID;MESS_DATUM;QN_3;  FX;  FM;QN_4; RSK;RSKF; SDK;SHK_TAG;  NM; VPM;  PM; TMK; UPM; TXK; TNK; TGK;eor
        183;20181208;   10;  22.1;  13.0;    3;   3.8;   6;    0.000;   0;   7.6;   8.7;  986.53;    6.5;   89.29;    9.0;    4.4;    3.9;eor
        183;20181209;   10;  19.9;   9.8;    3;   0.1;   6;    0.050;   0;   7.3;   8.5;  982.67;    6.2;   88.96;    7.1;    4.8;    3.4;eor
        183;20181210;   10;  19.5;  10.6;    3;   1.6;   8;    1.200;   0;   6.4;   6.8;  997.37;    5.4;   76.29;    6.0;    4.0;    3.2;eor
        183;20181211;   10;  16.3;   6.8;    3;   0.5;   6;    0.000;   0;   7.4;   6.9; 1008.53;    4.5;   81.54;    5.3;    3.2;    2.7;eor
        183;20181212;   10;  18.6;  11.5;    3;   1.7;   8;    0.867;   0;   7.3;   7.2; 1020.82;    4.6;   85.17;    6.1;    2.5;    2.1;eor
        183;20181213;   10;  17.5;   8.3;    3;   0.9;   8;    0.200;   0;   7.4;   6.6; 1021.20;    3.4;   84.71;    4.3;    1.7;    0.2;eor
        183;20181214;   10;  13.1;   4.6;    3;   0.0;   8;    0.000;   0;   7.9;   5.4; 1023.11;    2.0;   77.13;    3.1;    1.3;    0.1;eor
        183;20181215;   10;  13.5;   4.3;    3;   0.0;   8;    0.000;   0;   7.8;   5.4; 1024.23;    1.4;   79.79;    2.8;    0.1;   -0.4;eor
        183;20181216;   10;  14.0;   6.9;    3;   0.0;   0;    0.067;   0;   6.9;   4.6; 1013.38;    0.9;   69.83;    2.2;   -0.3;   -0.6;eor
        183;20181217;   10;   7.4;   3.7;    3;   0.0;   6;    2.783;   0;   7.4;   4.9; 1015.55;    0.2;   78.50;    1.3;   -0.8;   -1.2;eor
        183;20181218;   10;  11.5;   5.5;    3;   0.0;   6;    0.000;   0;   8.0;   6.9; 1019.28;    2.4;   94.46;    3.4;    1.0;    0.7;eor
        183;20181219;   10;  16.3;   7.9;    3;   1.3;   8;    0.000;   0;   7.8;   6.7; 1012.31;    2.4;   91.75;    3.1;    1.5;    1.4;eor
        183;20181220;   10;   8.2;   4.3;    3;   0.3;   6;    0.000;   0;   8.0;   7.2; 1008.86;    3.0;   95.29;    3.9;    2.1;    1.9;eor
        183;20181221;   10;  14.6;   6.4;    3;  14.5;   8;    0.000;   0;   8.0;   8.2;  999.30;    4.3;   98.00;    5.0;    3.6;    3.0;eor
        183;20181222;   10;  16.3;   4.7;    3;   1.9;   6;    0.000;   0;   7.9;   7.3; 1000.19;    3.1;   94.42;    4.6;    2.4;    1.9;eor
        183;20181223;   10;  14.6;   6.3;    3;   1.3;   8;    0.000;   0;   7.8;   7.3; 1007.83;    3.2;   94.63;    6.0;    0.6;    0.3;eor
        183;20181224;   10;  12.5;   5.7;    3;   0.1;   8;    1.700;   0;   7.6;   5.4; 1017.02;    1.3;   79.25;    4.5;   -1.6;   -2.2;eor
        183;20181225;   10;  17.3;  11.8;    3;   0.0;   0;    2.117;   0;   7.5;   7.8; 1017.69;    5.4;   87.42;    6.1;    4.3;    3.6;eor
        183;20181226;   10;  17.3;   8.8;    3;   0.2;   6;    1.633;   0;   7.5;   8.2; 1017.61;    6.0;   87.63;    7.4;    5.3;    4.8;eor
        183;20181227;   10;  18.2;  12.6;    3;   0.3;   6;    0.000;   0;   7.3;   9.5; 1014.39;    6.4;   98.13;    6.9;    5.9;    5.5;eor
        183;20181228;   10;  14.7;   8.0;    3;   0.9;   6;    2.183;   0;   7.7;   8.6; 1016.48;    6.0;   92.17;    6.4;    5.2;    4.4;eor
        183;20181229;   10;  14.6;   8.9;    3;   5.1;   6;    0.017;   0;   7.8;   9.3; 1014.71;    6.4;   97.08;    6.9;    6.0;    5.7;eor
        183;20181230;   10;  19.1;   8.7;    3;   0.0;   0;    2.533;   0;   5.1;   8.1; 1015.19;    5.3;   90.58;    6.7;    4.0;    2.5;eor
        183;20181231;   10;  21.4;   6.9;    3;   0.7;   6;    0.000;   0;   7.9;   8.2; 1021.26;    5.2;   92.71;    7.1;    3.8;    2.4;eor
        183;20190101;   10;  28.1;  16.5;    3;   0.2;   6;    4.350;   0;   6.7;   7.4; 1004.11;    6.1;   78.46;    7.1;    4.7;    4.2;eor
        183;20190102;   10;  26.6;   8.2;    3;   0.0;   6;    6.350;   0;   2.3;   4.2; 1017.93;    2.9;   55.50;    5.7;    1.5;   -0.2;eor
        183;20190103;   10;  18.2;   5.6;    3;   0.0;   8;    3.067;   0;   5.9;   5.1; 1027.07;    2.8;   67.71;    4.0;    0.9;   -2.0;eor
        183;20190104;   10;  15.2;   8.4;    3;   0.0;   8;    1.300;   0;   7.2;   7.6; 1018.23;    4.3;   91.08;    5.8;    1.9;    0.8;eor
        183;20190105;   10;  13.6;   6.1;    3;   0.0;   0;    1.967;   0;   5.5;   7.5; 1015.02;    4.6;   88.33;    6.1;    2.2;    0.2;eor
        183;20190106;   10;   9.3;   3.6;    3;   0.0;   6;    5.983;   0;   6.7;   5.3; 1022.38;    2.0;   75.75;    4.2;   -0.3;   -2.4;eor
        183;20190107;   10;  16.0;   7.1;    3;   5.3;   6;    0.000;   0;   7.9;   7.6; 1015.73;    3.5;   96.83;    6.1;    1.2;    0.6;eor
        183;20190108;   10;  19.9;  10.1;    3;   5.1;   8;    0.000;   0;   7.4;   7.9;  990.49;    4.5;   93.63;    6.2;    2.3;    1.9;eor
        183;20190109;   10;  21.5;  10.4;    3;   0.3;   8;    0.000;   0;   7.4;   6.1; 1004.70;    2.0;   85.92;    2.6;    1.0;   -0.4;eor
        183;20190110;   10;  12.6;   4.1;    3;   0.3;   8;    0.000;   0;   7.9;   5.2; 1017.15;    0.3;   83.75;    1.3;   -0.8;   -1.5;eor
        183;20190111;   10;  16.0;   8.8;    3;   0.3;   8;    1.117;   0;   7.5;   7.7; 1007.13;    3.8;   94.79;    5.8;    0.6;    0.6;eor
        183;20190112;   10;  17.9;   9.2;    3;   4.7;   6;    0.000;   0;   7.8;   7.7;  999.73;    4.2;   93.67;    5.3;    1.4;    0.8;eor
        183;20190113;   10;  20.3;  11.7;    3;   6.1;   8;    0.000;   0;   7.8;   8.4;  984.07;    5.3;   94.33;    6.7;    4.4;    3.8;eor
        183;20190114;   10;  25.8;  13.5;    3;   0.6;   8;    4.450;   1;   3.4;   4.9;  991.25;    1.9;   69.25;    4.4;   -0.9;   -0.8;eor
        183;20190115;   10;  23.2;  12.6;    3;   6.3;   8;    0.383;   0;   7.0;   7.5;  997.65;    4.3;   89.08;    6.1;    1.9;    0.8;eor
        183;20190116;   10;  18.5;  11.3;    3;   1.6;   8;    0.000;   0;   7.7;   8.6;  995.11;    5.7;   93.67;    6.5;    4.1;    4.0;eor
        183;20190117;   10;  19.8;  10.8;    3;   0.2;   8;    0.733;   0;   7.5;   6.8;  989.16;    3.5;   85.71;    5.1;   -0.5;   -0.6;eor
        183;20190118;   10;  11.7;   6.1;    3;   0.0;   6;    5.100;   0;   4.0;   4.7; 1007.35;    0.9;   72.25;    2.8;   -0.9;   -2.0;eor
        183;20190119;   10;  12.2;   6.0;    3;   0.0;   0;    0.617;   0;   7.3;   6.0; 1013.62;    1.2;   89.79;    2.9;   -1.2;   -1.5;eor
        183;20190120;   10;   9.1;   5.2;    3;   0.0;   0;    0.200;   0;   7.8;   5.3; 1014.71;   -0.9;   92.96;    0.7;   -1.9;   -2.6;eor
        183;20190121;   10;  14.1;   8.6;    3;   4.1;   8;    0.150;   0;   7.8;   5.1; 1012.32;   -1.5;   92.63;    1.3;   -3.0;   -3.3;eor
        183;20190122;   10;  11.3;   6.5;    3;   0.0;   8;    0.000;   0;   7.3;   5.5; 1005.73;   -0.5;   93.17;    1.1;   -1.7;   -3.0;eor
        183;20190123;   10;  13.6;   7.2;    3;   0.0;   0;    5.883;   0;   3.9;   4.0; 1002.59;   -2.4;   78.71;   -0.9;   -3.5;   -4.6;eor
        183;20190124;   10;  11.7;   5.1;    3;   0.0;   7;    3.183;   0;   6.7;   3.8; 1008.97;   -3.3;   78.08;   -1.1;   -5.9;   -5.8;eor
        183;20190125;   10;  10.6;   4.5;    3;   0.1;   8;    0.000;   0;   8.0;   3.5; 1008.24;   -4.5;   79.33;   -3.2;   -5.5;   -5.4;eor
        183;20190126;   10;  10.6;   5.3;    3;   1.7;   8;    0.000;   1;   7.8;   5.1;  996.01;   -1.5;   91.83;    1.1;   -3.5;   -3.7;eor
        183;20190127;   10;  12.2;   7.3;    3;   1.6;   6;    0.000;   0;   8.0;   7.0;  983.02;    2.2;   98.38;    3.0;    1.1;    0.8;eor
        183;20190128;   10;  10.6;   5.1;    3;   0.0;   8;    0.433;   0;   8.0;   6.9;  984.95;    2.5;   94.71;    3.8;    1.2;    0.8;eor
        183;20190129;   10;  12.9;   7.0;    3;   0.0;   6;    2.917;   0;   7.3;   5.6;  994.76;    1.2;   84.38;    2.6;   -0.8;   -2.0;eor
        183;20190130;   10;  17.7;   7.0;    3;   0.0;   0;    1.917;   0;   7.5;   5.5;  997.40;    1.3;   81.83;    2.7;   -1.0;   -2.0;eor
        183;20190131;   10;  15.3;   7.1;    3;   0.0;   0;    0.000;   0;   7.8;   5.2;  996.40;    0.4;   83.25;    1.2;    0.0;   -0.7;eor
        183;20190201;   10;  14.0;   6.2;    3;   0.0;   4;    0.183;   0;   7.5;   5.5;  994.16;    0.9;   84.58;    1.5;    0.1;   -0.1;eor
        183;20190202;   10;  13.0;   6.6;    3;   6.1;   8;    0.000;   0;   7.8;   6.5;  993.20;    1.6;   94.88;    2.4;    0.6;    0.1;eor
        183;20190203;   10;  13.7;   7.4;    3;   0.1;   8;    0.000;   0;   7.2;   6.0; 1007.40;    1.8;   85.75;    2.2;    1.1;    0.1;eor
        183;20190204;   10;  16.5;   8.0;    3;   0.1;   8;    5.133;   0;   4.9;   5.6; 1017.68;    1.4;   83.92;    4.2;   -1.3;   -3.7;eor
        183;20190205;   10;  19.2;  11.7;    3;   0.0;   6;    1.050;   0;   7.5;   6.8; 1015.44;    2.9;   89.25;    4.5;    0.6;    0.1;eor
        183;20190206;   10;  15.1;   8.1;    3;   4.0;   8;    0.050;   0;   7.8;   6.9; 1016.05;    2.8;   92.58;    3.8;    1.8;    1.5;eor
        183;20190207;   10;  16.6;   7.6;    3;   0.9;   6;    0.000;   0;   7.7;   7.0; 1003.91;    3.4;   90.38;    4.3;    2.8;    1.9;eor
        183;20190208;   10;  15.3;   9.9;    3;   0.8;   6;    2.000;   0;   7.7;   7.5; 1002.61;    5.3;   83.71;    7.2;    4.0;    3.3;eor
        183;20190209;   10;  21.6;  11.2;    3;   1.3;   6;    1.217;   0;   7.5;   7.5;  993.36;    6.3;   78.58;    8.8;    4.6;    4.0;eor
        183;20190210;   10;  17.7;   8.0;    3;  11.0;   8;    0.000;   0;   6.8;   7.9;  988.65;    4.9;   91.21;    6.7;    3.4;    2.9;eor
        183;20190211;   10;  20.1;   9.7;    3;   0.0;   6;    0.733;   0;   5.4;   6.5;  997.68;    3.2;   84.21;    4.1;    2.2;    0.6;eor
        183;20190212;   10;  18.0;   8.3;    3;   0.6;   6;    8.100;   0;   5.1;   5.8; 1018.90;    2.6;   78.79;    4.2;    1.8;    0.8;eor
        183;20190213;   10;  20.2;  12.6;    3;   0.1;   6;    1.967;   0;   7.7;   8.6; 1021.38;    5.3;   96.21;    6.5;    3.8;    3.1;eor
        183;20190214;   10;  15.5;   8.6;    3;   0.0;   6;    0.000;   0;   8.0;   8.2; 1027.25;    4.7;   96.21;    5.9;    1.7;    0.5;eor
        183;20190215;   10;  10.6;   6.6;    3;   0.1;   4;    5.350;   0;   4.2;   7.1; 1026.23;    4.1;   87.50;    7.9;    1.6;    0.0;eor
        183;20190216;   10;  13.9;   8.8;    3;   0.0;   0;    8.900;   0;   3.1;   6.9; 1017.86;    6.5;   71.04;   11.1;    3.3;    0.7;eor
        183;20190217;   10;  13.3;   5.9;    3;   0.0;   0;    3.600;   0;   6.9;   9.2; 1017.80;    7.5;   88.54;   10.3;    4.9;    3.7;eor
        183;20190218;   10;   9.2;   5.2;    3;   0.0;   0;    9.050;   0;   4.3;   7.9; 1012.46;    6.5;   82.38;   11.1;    3.0;    1.5;eor
        183;20190219;   10;  19.8;  10.9;    3;   0.5;   6;    0.517;   0;   6.4;   7.7; 1005.19;    5.1;   87.71;    7.6;    2.7;    0.6;eor
        183;20190220;   10;  19.4;  10.8;    3;   8.9;   6;    4.383;   0;   6.5;   8.2; 1011.91;    5.5;   91.25;    7.2;    4.4;    3.7;eor
        183;20190221;   10;  18.8;  10.5;    3;   3.4;   8;    0.000;   0;   7.8;   8.8; 1014.81;    5.5;   97.54;    6.6;    2.2;    1.9;eor
        183;20190222;   10;  18.5;   6.8;    3;   0.0;   0;    7.250;   0;   5.1;   4.9; 1034.48;    1.4;   72.08;    3.5;   -0.1;   -1.6;eor
        183;20190223;   10;  10.2;   6.0;    3;   0.0;   0;    8.267;   0;   3.9;   4.2; 1037.37;    1.6;   62.08;    5.2;   -1.1;   -2.7;eor
        183;20190224;   10;  11.4;   7.2;    3;   0.0;   0;    8.883;   0;   3.5;   6.1; 1032.05;    4.3;   73.29;    8.5;    0.8;   -0.7;eor
        183;20190225;   10;  13.9;   7.9;    3;   0.0;   0;    4.750;   0;   7.1;   7.9; 1029.58;    4.4;   94.50;    7.7;    0.8;    1.5;eor
        183;20190226;   10;  11.1;   5.9;    3;   0.0;   4;    0.900;   0;   8.0;   7.9; 1026.68;    3.8;   97.83;    6.6;    1.2;    0.4;eor
        183;20190227;   10;  16.8;   9.1;    3;   0.0;   0;    9.667;   0;   2.0;   6.9; 1016.91;    6.1;   74.00;    9.9;    2.6;    1.0;eor
        183;20190228;   10;  14.9;   7.8;    3;   0.0;   0;    5.333;   0;   4.9;   7.5; 1004.05;    5.0;   86.42;    7.1;    1.5;    0.4;eor
        183;20190301;   10;   8.5;   3.3;    3;   0.0;   7;    1.250;   0;   7.5;   6.7; 1007.03;    2.0;   94.38;    3.1;    0.8;   -0.3;eor
        183;20190302;   10;  10.7;   6.1;    3;   0.1;   6;    0.283;   0;   6.6;   6.3; 1007.47;    2.1;   88.17;    4.9;   -1.1;   -0.9;eor
        183;20190303;   10;  16.6;   8.9;    3;   5.0;   6;    0.783;   0;   7.7;   8.8;  995.32;    6.2;   92.04;    9.1;    2.7;    1.6;eor
        183;20190304;   10;  31.6;  12.3;    3;   5.3;   8;    0.917;   0;   7.7;   9.2;  980.88;    7.5;   88.38;   10.8;    4.6;    4.4;eor
        183;20190305;   10;  28.1;  15.8;    3;   1.0;   6;    1.267;   0;   7.5;   7.6;  989.83;    5.5;   84.17;    6.5;    3.7;    3.5;eor
        183;20190306;   10;  13.9;   6.7;    3;   3.6;   6;    0.967;   0;   6.3;   7.5; 1000.45;    4.9;   86.08;    7.6;    1.5;   -0.5;eor
        183;20190307;   10;  20.4;   9.2;    3;   0.7;   6;    1.333;   0;   6.4;   8.7;  987.93;    7.3;   85.00;   12.7;    5.6;    4.6;eor
        183;20190308;   10;  23.9;  14.1;    3;   1.5;   6;    5.383;   0;   4.4;   7.2;  993.11;    5.8;   77.75;    7.3;    3.1;    1.9;eor
        183;20190309;   10;  24.9;  12.5;    3;   6.5;   8;    4.750;   0;   6.8;   7.1;  994.03;    4.6;   83.96;    7.3;    2.8;    2.1;eor
        183;20190310;   10;  28.0;  11.8;    3;   1.7;   8;    5.700;   0;   6.5;   6.8;  993.53;    4.6;   80.17;    7.1;    2.2;    0.6;eor
        183;20190311;   10;  13.0;   5.0;    3;   0.0;   0;    4.300;   0;   5.0;   5.9; 1002.77;    2.6;   79.75;    4.9;   -0.6;   -2.4;eor
        183;20190312;   10;  18.7;   7.5;    3;   2.6;   6;    4.017;   0;   4.8;   6.6; 1006.48;    3.8;   81.54;    6.4;   -0.7;   -3.3;eor
        183;20190313;   10;  20.5;  12.1;    3;   2.7;   8;    2.800;   0;   7.0;   7.3;  989.91;    5.7;   80.04;    8.8;    3.7;    2.2;eor
        183;20190314;   10;  17.8;   9.8;    3;   2.1;   8;    1.517;   0;   7.4;   8.1;  987.65;    5.2;   91.25;    8.4;    4.2;    3.4;eor
        183;20190315;   10;  30.3;  12.2;    3;   6.1;   8;    1.300;   0;   7.3;   8.1;  985.84;    5.4;   89.88;    8.7;    3.8;    3.5;eor
        183;20190316;   10;  20.9;  11.1;    3;   5.8;   8;    4.200;   0;   7.2;   7.8;  993.96;    5.4;   87.29;    7.3;    3.6;    3.3;eor
        183;20190317;   10;  21.1;  11.5;    3;   0.2;   6;    2.933;   0;   5.3;   8.1;  989.91;    6.9;   80.83;   10.2;    3.7;    2.5;eor
        183;20190318;   10;  24.9;  12.3;    3;   1.9;   8;    1.767;   0;   7.2;   7.0;  998.50;    4.6;   82.88;    6.6;    2.1;    0.4;eor
        183;20190319;   10;   9.8;   5.3;    3;   0.0;   0;    9.717;   0;   2.4;   6.5; 1017.77;    3.8;   81.71;    6.2;    0.5;   -2.7;eor
        183;20190320;   10;  16.6;   8.8;    3;   0.5;   6;    0.433;   0;   6.4;   8.1; 1023.74;    5.0;   91.38;    8.6;    0.3;   -1.8;eor
        183;20190321;   10;  19.6;  10.8;    3;   0.1;   6;    0.033;   0;   7.9;  10.0; 1025.23;    7.8;   95.08;    9.6;    5.9;    5.5;eor
        183;20190322;   10;  13.1;   4.6;    3;   0.0;   6;    0.233;   0;   7.9;   9.4; 1026.38;    6.8;   95.42;    8.5;    5.5;    5.1;eor
        183;20190323;   10;  13.5;   8.1;    3;   0.0;   0;    3.717;   0;   6.8;   9.0; 1020.73;    6.8;   90.58;    9.1;    4.5;    3.1;eor
        183;20190324;   10;  12.8;   7.1;    3;   1.9;   8;    5.333;   0;   6.6;   7.3; 1018.62;    4.7;   84.83;    7.1;    3.2;    1.6;eor
        183;20190325;   10;  12.8;   6.3;    3;   3.8;   8;    2.717;   0;   4.7;   7.2; 1008.60;    4.0;   89.00;    5.8;    0.3;    0.1;eor
        183;20190326;   10;  17.2;   7.9;    3;   0.0;   6;    6.883;   0;   5.6;   6.7; 1015.68;    4.9;   77.92;    7.1;    3.4;    2.0;eor
        183;20190327;   10;  17.0;   9.6;    3;   0.0;   6;    0.217;   0;   7.2;   8.9; 1020.70;    6.1;   93.04;    8.5;    1.1;   -1.6;eor
        183;20190328;   10;  10.1;   5.8;    3;   0.1;   6;    0.083;   0;   6.7;   9.6; 1025.64;    6.9;   95.92;    8.6;    5.2;    3.9;eor
        183;20190329;   10;  17.2;   8.3;    3;   0.0;   0;    5.417;   0;   5.8;   8.7; 1024.15;    7.4;   85.50;   10.9;    5.0;    2.9;eor
        183;20190330;   10;  14.6;   6.1;    3;   0.0;   0;   10.933;   0;   3.7;   9.2; 1015.35;    9.3;   79.88;   16.1;    2.6;    0.7;eor
        183;20190331;   10;  15.1;   6.6;    3;   0.0;   0;   11.667;   0;   1.8;   6.6; 1017.36;    5.5;   72.46;    7.4;    2.5;   -1.4;eor
        183;20190401;   10;  12.7;   2.7;    3;   0.0;   0;   12.683;   0;   0.0;   5.9; 1022.75;    4.6;   69.04;    7.2;    1.8;   -2.6;eor
        183;20190402;   10;  14.0;   7.4;    3;   0.0;   6;   11.417;   0;   2.1;   6.4; 1010.28;    6.3;   66.58;    9.4;    4.3;    3.1;eor
        183;20190403;   10;  14.1;   5.9;    3;   0.0;   0;    8.717;   0;   7.5;   7.7; 1000.70;    7.8;   72.79;   10.7;    6.1;    4.8;eor
        183;20190404;   10;  12.5;   6.3;    3;   0.0;   0;   11.650;   0;   4.1;   8.1;  997.26;    7.7;   77.00;    9.3;    5.9;    4.6;eor
        183;20190405;   10;  12.3;   6.0;    3;   0.0;   0;   10.467;   0;   2.8;   8.3; 1002.23;    7.3;   81.71;    8.9;    6.0;    5.2;eor
        183;20190406;   10;  10.3;   5.6;    3;   0.0;   0;   11.083;   0;   5.8;   8.6; 1005.66;    7.2;   84.38;    9.0;    5.8;    4.5;eor
        183;20190407;   10;   6.3;   3.7;    3;   0.0;   6;   12.217;   0;   1.5;   8.3; 1005.44;    7.3;   80.92;    9.8;    5.5;    4.1;eor
        183;20190408;   10;  14.1;   6.3;    3;   0.0;   0;   10.850;   0;   2.7;   7.7; 1008.88;    6.1;   82.00;    8.8;    3.6;    2.0;eor
        183;20190409;   10;   9.2;   3.4;    3;   0.0;   6;    8.567;   0;   3.8;   6.4; 1012.87;    4.2;   77.75;    6.8;    2.3;   -0.9;eor
        183;20190410;   10;  12.1;   4.2;    3;   0.1;   8;   12.200;   0;   1.8;   5.8; 1015.91;    4.0;   71.21;    7.3;    1.5;   -2.6;eor
        183;20190411;   10;  13.5;   6.2;    3;   0.0;   8;    2.383;   0;   7.0;   5.7; 1022.14;    3.1;   74.46;    5.4;    1.1;    0.6;eor
        183;20190412;   10;  16.3;   9.8;    3;   0.2;   8;    5.817;   0;   6.3;   5.5; 1024.05;    3.3;   70.83;    5.7;    2.0;    0.2;eor
        183;20190413;   10;  21.8;  12.7;    3;   0.0;   8;    0.700;   0;   7.8;   5.7; 1023.04;    3.4;   72.50;    6.2;    1.7;    1.3;eor
        183;20190414;   10;  19.2;  13.4;    3;   0.0;   0;    6.550;   0;   5.5;   7.0; 1024.55;    5.0;   79.54;    6.6;    3.7;    2.5;eor
        183;20190415;   10;  18.3;  10.5;    3;   0.0;   0;   13.567;   0;   0.6;   6.7; 1026.20;    5.3;   75.00;    8.2;    3.3;    1.5;eor
        183;20190416;   10;  17.1;   6.9;    3;   0.0;   0;   12.383;   0;   1.5;   7.1; 1022.36;    5.9;   75.92;    8.5;    3.4;    1.7;eor
        183;20190417;   10;  12.2;   5.3;    3;   0.0;   0;   13.283;   0;   0.7;   8.1; 1025.94;    6.6;   82.92;    8.7;    4.8;    2.9;eor
        183;20190418;   10;  11.0;   6.0;    3;   0.0;   0;   13.617;   0;   0.0;   8.6; 1029.17;    7.0;   85.58;    9.0;    5.1;    2.8;eor
        183;20190419;   10;   9.9;   5.0;    3;   0.0;   0;   13.800;   0;   0.0;   7.9; 1031.08;    7.2;   78.42;    9.3;    4.4;    0.7;eor
        183;20190420;   10;   5.6;   2.6;    3;   0.0;   0;   13.217;   0;   3.9;   6.5; 1027.90;    8.8;   59.13;   11.9;    4.1;    0.0;eor
        183;20190421;   10;   5.9;   3.0;    3;   0.0;   0;   14.050;   0;   2.2;   5.2; 1019.89;   12.2;   36.21;   16.0;    7.4;    3.1;eor
        183;20190422;   10;  14.8;   5.7;    3;   0.0;   0;   13.883;   0;   0.0;   8.9; 1015.80;    8.6;   79.83;   11.2;    7.0;    5.4;eor
        183;20190423;   10;  20.6;   9.1;    3;   0.7;   6;   12.083;   0;   2.4;   8.8; 1010.12;    9.3;   75.00;   10.9;    7.8;    6.7;eor
        183;20190424;   10;  15.0;   5.3;    3;   1.9;   6;    9.133;   0;   5.3;   9.5; 1004.41;    9.7;   79.46;   11.7;    8.2;    7.2;eor
        183;20190425;   10;  11.5;   5.2;    3;   0.0;   0;   12.017;   0;   2.3;  11.7; 1006.45;   11.7;   85.38;   16.3;    8.8;    7.5;eor
        183;20190426;   10;  14.1;   5.7;    3;  10.0;   8;    6.600;   0;   6.7;  10.9; 1004.87;    9.8;   90.29;   15.8;    7.8;    6.8;eor
        183;20190427;   10;  15.3;   6.5;    3;   0.6;   6;    2.700;   0;   7.7;  10.7; 1005.39;    9.7;   88.83;   12.7;    8.0;    6.6;eor
        183;20190428;   10;  10.9;   3.8;    3;   0.1;   6;    9.867;   0;   7.8;  10.6; 1010.94;   10.5;   83.63;   12.9;    8.5;    6.9;eor
        183;20190429;   10;  13.9;   8.2;    3;   0.0;   0;   13.700;   0;   2.0;   8.9; 1015.82;    8.4;   80.58;   10.2;    5.8;    2.5;eor
        183;20190430;   10;   7.0;   3.3;    3;   0.4;   6;   10.233;   0;   4.5;   7.9; 1013.58;    9.8;   66.17;   13.2;    5.4;    2.3;eor
        183;20190501;   10;  20.4;  10.0;    3;   0.0;   6;    3.867;-999;   7.4;  10.5; 1004.65;    9.6;   88.00;   11.2;    8.6;    7.4;eor
        183;20190502;   10;  22.4;  13.3;    3;   0.2;   6;    1.833;-999;   6.9;   8.9;  995.38;    8.9;   77.38;   10.5;    6.7;    5.7;eor
        183;20190503;   10;  21.5;   9.1;    3;   2.5;   8;    8.050;-999;   4.5;   7.2;  998.66;    6.8;   72.96;    9.8;    1.8;    0.6;eor
        183;20190504;   10;  20.0;   6.6;    3;   0.1;   8;    9.050;-999;   3.4;   6.5;  999.92;    5.6;   71.79;    8.6;    1.1;    0.2;eor
        183;20190505;   10;  11.9;   5.8;    3;   0.0;   6;   12.967;-999;   3.1;   6.6; 1009.27;    7.7;   62.42;   11.4;    4.9;    2.5;eor
        183;20190506;   10;  16.5;   9.6;    3;   0.1;   6;    9.717;-999;   4.0;   7.4; 1008.71;    7.5;   71.33;   10.8;    5.0;    3.7;eor
        183;20190507;   10;  16.4;   9.3;    3;   0.0;   0;   12.117;-999;   2.2;   6.7; 1009.93;    7.0;   67.42;   10.4;    3.5;    0.6;eor
        183;20190508;   10;  15.1;   5.4;    3;   1.5;   6;    8.750;-999;   6.8;   8.6; 1003.25;    9.6;   72.13;   12.6;    5.7;    3.6;eor
        183;20190509;   10;  14.4;   5.5;    3;   0.9;   6;    4.133;-999;   7.9;  11.1;  994.92;   10.5;   87.50;   13.1;    9.2;    6.1;eor
        183;20190510;   10;  12.1;   4.4;    3;   0.0;   6;    6.500;-999;   5.2;  10.8; 1001.28;   10.5;   84.75;   13.7;    7.6;    4.1;eor
        183;20190511;   10;   9.0;   4.5;    3;   0.0;   0;   14.817;-999;   3.0;   8.3; 1009.98;    8.6;   74.75;   10.8;    5.5;    3.9;eor
        183;20190512;   10;  12.7;   5.9;    3;   0.0;   0;   14.100;-999;   2.3;   8.6; 1022.28;    9.0;   74.58;   11.7;    6.2;    3.7;eor
        183;20190513;   10;  12.4;   4.6;    3;   0.0;   0;   14.817;-999;   1.3;   8.9; 1029.62;    9.3;   75.83;   12.9;    6.2;    3.6;eor
        183;20190514;   10;   9.9;   4.0;    3;   0.0;   0;   14.567;-999;   3.0;   7.5; 1029.64;    9.0;   65.63;   12.8;    6.6;    2.2;eor
        183;20190515;   10;  15.9;   6.6;    3;   0.6;   6;   12.517;-999;   3.2;   7.7; 1023.53;    9.6;   64.17;   12.3;    7.1;    2.2;eor
        183;20190516;   10;  22.4;  14.8;    3;   4.3;   6;    0.600;-999;   7.8;   9.6; 1014.63;    9.4;   81.96;   11.0;    8.0;    7.2;eor
        183;20190517;   10;  14.3;   5.8;    3;   7.0;   6;    0.000;-999;   8.0;  11.8; 1008.04;    9.6;   98.88;   11.4;    8.8;    8.8;eor
        183;20190518;   10;  10.3;   5.2;    3;   0.0;   0;    3.383;-999;   7.3;  12.2; 1006.17;   10.2;   97.46;   12.7;    8.7;    8.9;eor
        183;20190519;   10;   9.7;   5.4;    3;   0.0;   0;    0.000;-999;   8.0;  12.4; 1004.10;   10.2;   99.04;   11.3;    9.6;    9.8;eor
        183;20190520;   10;  10.1;   5.5;    3;   5.6;   6;    0.233;-999;   8.0;  12.5; 1001.17;   10.5;   98.08;   12.2;    9.6;    9.9;eor
        183;20190521;   10;   7.7;   2.8;    3;   0.1;   6;    0.183;-999;   7.9;  13.2; 1001.34;   11.6;   96.54;   15.8;    9.7;    9.3;eor
        183;20190522;   10;  13.1;   5.9;    3;   0.0;   6;    0.000;-999;   7.6;  13.2; 1006.53;   11.6;   96.50;   14.1;   10.0;    9.1;eor
        183;20190523;   10;  11.7;   6.1;    3;   0.0;   0;   13.533;-999;   6.5;  10.8; 1011.81;   12.0;   77.88;   16.2;    9.1;    8.1;eor
        183;20190524;   10;  14.6;   7.6;    3;   0.0;   0;   11.117;-999;   6.3;  11.0; 1007.10;   14.6;   67.67;   20.4;   10.1;    9.2;eor
        183;20190525;   10;  16.1;   8.7;    3;   0.0;   6;    6.933;-999;   6.1;  10.6; 1007.59;   11.8;   76.71;   14.8;   10.1;    9.3;eor
        183;20190526;   10;  18.1;   8.6;    3;  13.0;   6;    0.117;-999;   7.8;  13.0; 1002.98;   12.1;   91.13;   14.2;   10.1;    9.7;eor
        183;20190527;   10;  18.8;   9.1;    3;   0.0;   6;    9.967;-999;   5.5;  12.4; 1000.13;   13.6;   79.83;   16.4;   10.1;    8.7;eor
        183;20190528;   10;  13.2;   4.7;    3;   0.0;   0;   10.967;-999;   6.4;  10.5; 1002.83;   11.7;   76.42;   13.1;   10.1;    8.8;eor
        183;20190529;   10;  14.3;   6.5;    3;   0.0;   0;   14.300;-999;   2.6;   7.9; 1015.10;    9.9;   64.96;   12.6;    7.2;    4.7;eor
        183;20190530;   10;  13.1;   7.2;    3;   3.2;   6;    7.967;-999;   7.5;  11.5; 1016.45;   13.4;   73.88;   18.8;    7.7;    6.0;eor
        183;20190531;   10;  15.2;   6.9;    3;   0.0;   6;    1.650;-999;   7.8;  15.4; 1015.47;   14.6;   92.25;   16.4;   12.9;   12.3;eor
        183;20190601;   10;  16.6;   6.8;    3;   0.0;   6;    8.117;-999;   4.8;  14.5; 1014.94;   15.8;   81.00;   20.2;   12.2;   10.5;eor
        183;20190602;   10;  11.0;   3.7;    3;   0.0;   0;   13.300;-999;   5.7;  13.5; 1012.70;   13.8;   85.46;   18.6;    9.5;    8.1;eor
        183;20190603;   10;  14.2;   5.7;    3;   2.7;   6;   11.750;-999;   4.1;  16.5; 1007.85;   20.2;   70.25;   26.2;   14.4;   14.3;eor
        183;20190604;   10;   8.0;   3.6;    3;   0.0;   0;   12.217;-999;   3.9;  15.1; 1008.95;   15.4;   86.54;   18.2;   13.5;   13.3;eor
        183;20190605;   10;  10.4;   5.8;    3;   0.0;   0;   15.183;-999;   2.2;  16.9; 1005.28;   18.5;   79.63;   25.0;   14.3;   13.7;eor
        183;20190606;   10;  14.5;   6.5;    3;  11.8;   6;   10.817;-999;   3.7;  16.7; 1004.50;   16.9;   86.67;   19.1;   13.7;   13.7;eor
        183;20190607;   10;  11.5;   4.4;    3;   0.0;   0;    4.417;-999;   7.5;  15.2; 1009.38;   13.9;   95.54;   16.3;   12.8;   13.1;eor
        183;20190608;   10;  14.1;   6.1;    3;   0.6;   6;    5.750;-999;   5.6;  14.3; 1011.74;   16.8;   75.54;   20.4;   13.9;   12.6;eor
        183;20190609;   10;  12.2;   5.2;    3;   0.0;   6;   15.233;-999;   3.0;  12.5; 1018.52;   15.2;   72.92;   19.2;   11.6;   10.3;eor
        183;20190610;   10;  13.9;   8.6;    3;   0.3;   6;    3.333;-999;   6.9;  14.9; 1011.85;   14.9;   87.38;   16.3;   14.1;   12.6;eor
        183;20190611;   10;  17.3;   5.9;    3;   5.6;   8;   11.617;-999;   5.3;  16.8; 1006.69;   15.9;   92.96;   18.6;   14.2;   14.1;eor
        183;20190612;   10;  22.9;   7.2;    3;  14.2;   6;    0.000;-999;   7.9;  16.4; 1004.96;   14.7;   97.42;   17.9;   13.8;   14.1;eor
        183;20190613;   10;  13.1;   4.7;    3;   4.9;   6;   11.683;-999;   4.3;  15.9; 1009.39;   16.9;   82.71;   20.1;   14.0;   13.6;eor
        183;20190614;   10;  11.6;   4.8;    3;   0.0;   6;   14.600;-999;   2.0;  16.3; 1013.66;   17.7;   80.71;   21.9;   13.8;   12.1;eor
        183;20190615;   10;  22.5;   7.2;    3;   0.2;   6;    2.400;-999;   7.5;  16.9; 1007.88;   17.4;   85.33;   19.0;   15.7;   15.5;eor
        183;20190616;   10;  14.1;   7.4;    3;   0.0;   0;   10.283;-999;   4.7;  14.9; 1013.14;   16.0;   82.29;   19.1;   12.9;   11.4;eor
        183;20190617;   10;   7.7;   3.0;    3;   0.0;   0;   15.067;-999;   0.6;  14.7; 1017.01;   17.3;   75.33;   21.2;   12.9;   11.5;eor
        183;20190618;   10;  11.0;   4.8;    3;   0.0;   0;   16.017;-999;   3.5;  17.1; 1012.93;   19.2;   76.38;   21.8;   16.1;   13.7;eor
        183;20190619;   10;   9.7;   4.6;    3;   0.0;   0;   15.500;-999;   4.3;  18.4; 1005.57;   20.1;   77.88;   22.9;   17.8;   16.9;eor
        183;20190620;   10;  13.2;   6.1;    3;   0.5;   6;   10.517;-999;   4.7;  17.6; 1004.46;   18.4;   83.25;   22.3;   14.5;   13.6;eor
        183;20190621;   10;   9.9;   4.7;    3;   0.0;   6;    8.483;-999;   4.6;  15.7; 1011.82;   16.7;   82.46;   18.8;   14.7;   13.8;eor
        183;20190622;   10;   8.7;   3.0;    3;   0.0;   0;   16.417;-999;   1.1;  11.8; 1019.32;   15.8;   65.75;   17.6;   14.0;   10.9;eor
        183;20190623;   10;   7.2;   3.5;    3;   0.0;   0;   16.233;-999;   2.4;  13.5; 1020.48;   16.6;   71.13;   19.3;   13.4;   10.2;eor
        183;20190624;   10;  12.7;   3.4;    3;   0.0;   0;   14.983;-999;   4.2;  15.8; 1021.62;   17.7;   77.71;   20.8;   14.0;   10.1;eor
        183;20190625;   10;   9.8;   4.9;    3;   0.0;   0;   14.233;-999;   5.1;  19.1; 1018.19;   20.2;   80.75;   23.2;   17.0;   14.9;eor
        183;20190626;   10;  16.7;   6.7;    3;   0.0;   0;   14.583;-999;   3.7;  19.2; 1013.69;   23.3;   67.96;   30.0;   16.3;   16.4;eor
        183;20190627;   10;  14.6;   8.8;    3;   0.0;   0;    6.633;-999;   5.1;  14.1; 1016.92;   16.0;   77.33;   18.2;   13.6;   13.9;eor
        183;20190628;   10;   9.8;   5.1;    3;   0.0;   0;   16.067;-999;   2.5;  15.8; 1018.25;   17.7;   78.63;   20.6;   14.0;   13.1;eor
        183;20190629;   10;  14.3;   6.7;    3;   0.0;   0;   15.533;-999;   1.5;  15.6; 1014.57;   18.5;   74.50;   23.1;   13.9;   12.6;eor
        183;20190630;   10;  18.6;   8.3;    3;   0.0;   0;   14.650;-999;   2.0;  16.3; 1006.05;   23.3;   61.17;   33.5;   15.2;   13.4;eor
        183;20190701;   10;  20.6;  10.9;    3;   0.4;   6;   13.033;-999;   2.4;  15.0; 1006.76;   18.3;   71.50;   22.7;   15.4;   14.6;eor
        183;20190702;   10;  19.7;  11.5;    3;   0.0;   6;    6.500;-999;   5.9;  10.9; 1010.31;   15.3;   62.63;   17.1;   13.3;   12.5;eor
        183;20190703;   10;  15.9;   8.5;    3;   0.3;   6;   10.117;-999;   5.4;  10.3; 1014.55;   14.5;   62.38;   17.1;   12.7;   11.8;eor
        183;20190704;   10;  22.0;  11.7;    3;   7.0;   6;    2.267;-999;   6.7;  13.1; 1012.17;   14.3;   79.96;   16.2;   12.6;   11.0;eor
        183;20190705;   10;  19.1;   8.4;    3;   0.0;   6;   14.117;-999;   3.2;  13.0; 1006.10;   15.7;   73.33;   18.7;   12.9;   12.6;eor
        183;20190706;   10;  18.9;   8.0;    3;   2.8;   6;    1.917;-999;   6.6;  13.9; 1000.92;   14.7;   82.67;   17.5;   13.1;   12.6;eor
        183;20190707;   10;  19.5;  10.9;    3;   0.0;   6;    5.450;-999;   7.1;  12.4; 1001.82;   14.7;   73.79;   16.9;   13.1;   12.8;eor
        183;20190708;   10;  13.7;   7.8;    3;   0.0;   6;    4.950;-999;   5.8;  12.8; 1006.80;   14.5;   77.63;   17.1;   12.7;   12.0;eor
        183;20190709;   10;  14.6;   7.9;    3;   0.0;   0;    9.233;-999;   5.0;  13.4; 1009.48;   14.9;   78.83;   17.7;   12.7;   12.0;eor
        183;20190710;   10;  15.4;   6.7;    3;   0.0;   0;   14.967;-999;   5.7;  14.3; 1010.20;   16.3;   77.79;   19.2;   14.2;   13.4;eor
        183;20190711;   10;   7.7;   3.9;    3;   0.0;   0;   15.617;-999;   1.6;  13.8; 1008.07;   16.5;   74.00;   19.0;   14.5;   12.3;eor
        183;20190712;   10;   5.5;   2.5;    3;   0.0;   0;   12.367;-999;   5.8;  15.9; 1005.87;   17.5;   79.79;   21.0;   14.4;   12.9;eor
        183;20190713;   10;   7.8;   2.9;    3;   0.0;   0;   14.550;-999;   5.8;  16.8; 1007.88;   18.2;   81.17;   21.1;   14.7;   12.2;eor
        183;20190714;   10;  10.3;   5.0;    3;   0.2;   6;    5.083;-999;   7.0;  15.9; 1010.91;   16.5;   84.71;   18.1;   14.7;   14.7;eor
        183;20190715;   10;  14.5;   7.0;    3;   0.1;   6;    0.150;-999;   7.9;  13.6; 1009.13;   15.2;   78.96;   16.6;   14.0;   13.7;eor
        183;20190716;   10;  12.7;   7.2;    3;   0.0;   6;    9.567;-999;   4.1;  14.7; 1006.95;   16.2;   79.42;   18.4;   14.8;   14.1;eor
        183;20190717;   10;   9.0;   3.9;    3;   0.0;   0;   13.950;-999;   5.8;  14.9; 1008.94;   17.3;   76.25;   19.8;   14.9;   13.7;eor
        183;20190718;   10;   8.3;   3.6;    3;   0.0;   0;   14.750;-999;   2.8;  15.9; 1008.47;   17.7;   79.33;   21.4;   13.3;   11.6;eor
        183;20190719;   10;   7.8;   3.5;    3;   0.0;   0;    6.717;-999;   7.4;  17.4; 1007.97;   19.4;   77.42;   22.5;   15.6;   14.8;eor
        183;20190720;   10;  16.1;   3.5;    3;   1.0;   6;   12.100;-999;   6.9;  18.1; 1009.12;   18.9;   83.17;   23.5;   15.2;   13.6;eor
        183;20190721;   10;  17.9;   8.0;    3;   0.0;   6;    8.033;-999;   4.8;  17.2; 1011.25;   18.6;   80.38;   22.3;   15.8;   14.9;eor
        183;20190722;   10;  11.8;   5.9;    3;   2.4;   6;    3.717;-999;   6.9;  15.7; 1016.37;   16.4;   84.33;   19.1;   14.7;   14.4;eor
        183;20190723;   10;  12.8;   6.6;    3;   0.0;   0;    9.250;-999;   3.1;  19.0; 1015.11;   20.0;   82.33;   25.2;   17.0;   16.5;eor
        183;20190724;   10;   6.7;   2.2;    3;   0.0;   0;   15.233;-999;   1.9;  20.2; 1014.75;   20.9;   81.88;   23.6;   18.7;   15.3;eor
        183;20190725;   10;   7.1;   2.9;    3;   0.0;   0;   15.100;-999;   1.2;  20.3; 1015.53;   19.8;   87.88;   22.6;   17.9;   15.7;eor
        183;20190726;   10;  15.6;   6.4;    3;   0.0;   0;   15.200;-999;   0.3;  19.8; 1012.41;   20.4;   83.04;   22.9;   18.0;   15.5;eor
        183;20190727;   10;  17.9;   9.5;    3;   0.8;   6;   12.867;-999;   4.7;  20.3; 1006.31;   20.0;   87.04;   21.7;   18.4;   17.2;eor
        183;20190728;   10;  15.2;   7.5;    3;   0.0;   6;   11.533;-999;   5.4;  21.1; 1001.50;   19.9;   90.67;   21.3;   18.6;   17.5;eor
        183;20190729;   10;   6.7;   3.6;    3;   0.0;   0;    8.467;-999;   7.5;  22.1; 1004.17;   21.2;   87.88;   24.5;   19.2;   17.8;eor
        183;20190730;   10;  13.0;   3.4;    3;   3.6;   6;    0.883;-999;   7.9;  20.5; 1006.77;   20.1;   86.63;   22.5;   18.4;   17.6;eor
        183;20190731;   10;  13.0;   4.0;    3;   4.8;   6;    2.567;-999;   7.8;  17.0; 1010.86;   18.1;   82.13;   20.2;   16.8;   15.9;eor
        183;20190801;   10;   7.4;   1.8;    3;   2.2;   6;    0.000;-999;   7.6;  16.1; 1012.05;   16.2;   87.17;   18.1;   14.7;   12.3;eor
        183;20190802;   10;   4.8;   1.9;    3;   0.0;   0;   11.233;-999;   3.6;  15.3; 1010.65;   18.0;   74.21;   20.5;   14.6;   11.1;eor
        183;20190803;   10;   8.1;   4.1;    3;   0.0;   0;   14.267;-999;   1.6;  18.1; 1009.61;   19.5;   80.25;   22.4;   16.8;   15.5;eor
        183;20190804;   10;  12.1;   5.1;    3;   0.0;   0;   11.617;-999;   4.2;  17.4; 1009.53;   18.6;   81.63;   21.2;   16.1;   15.0;eor
        183;20190805;   10;   6.7;   3.4;    3;   0.2;   6;    6.317;-999;   6.7;  16.9; 1006.38;   18.8;   78.13;   21.6;   15.0;   13.4;eor
        183;20190806;   10;  15.7;   6.3;    3;   0.1;   6;   10.583;-999;   6.4;  16.5; 1002.94;   20.0;   71.42;   23.5;   17.0;   15.9;eor
        183;20190807;   10;   9.4;   3.0;    3;   0.0;   6;    6.433;-999;   6.0;  17.0; 1001.15;   18.6;   79.54;   22.9;   14.9;   13.7;eor
        183;20190808;   10;  15.9;   7.8;    3;   0.1;   6;   10.350;-999;   2.8;  16.3; 1002.60;   19.0;   74.63;   23.8;   15.6;   14.5;eor
        183;20190809;   10;  13.6;   6.2;    3;   3.6;   6;    8.683;-999;   4.9;  16.4; 1006.30;   18.9;   75.67;   21.4;   16.9;   16.1;eor
        183;20190810;   10;  18.0;   8.0;    3;   0.0;   6;    6.517;-999;   5.8;  18.2; 1003.51;   20.8;   74.46;   25.9;   16.8;   15.5;eor
        183;20190811;   10;  16.9;   7.4;    3;   0.0;   0;   13.000;-999;   3.4;  13.9; 1007.60;   19.9;   60.67;   24.8;   16.5;   15.0;eor
        183;20190812;   10;  14.1;   6.3;    3;   7.9;   6;   11.967;-999;   4.0;  15.5; 1007.43;   19.4;   69.71;   22.7;   15.1;   13.3;eor
        183;20190813;   10;  16.4;   6.6;    3;   7.5;   6;    3.350;-999;   6.1;  14.5; 1007.48;   15.7;   81.33;   19.2;   12.8;   12.0;eor
        183;20190814;   10;  14.1;   6.9;    3;  10.0;   8;    8.700;-999;   4.4;  13.4; 1010.00;   14.9;   79.63;   18.6;   11.2;   10.9;eor
        183;20190815;   10;  14.4;   6.4;    3;   2.0;   6;    0.250;-999;   7.7;  14.1; 1006.30;   16.9;   73.42;   18.9;   14.6;   13.9;eor
        183;20190816;   10;  13.2;   6.7;    3;   0.3;   6;    6.600;-999;   6.3;  16.2; 1008.02;   17.2;   82.88;   20.8;   14.6;   13.2;eor
        183;20190817;   10;  12.8;   5.2;    3;   4.5;   6;    0.483;-999;   7.7;  17.0; 1004.62;   18.1;   81.38;   20.7;   16.9;   15.7;eor
        183;20190818;   10;  12.8;   5.0;    3;   3.9;   6;    0.050;-999;   7.7;  18.8; 1001.10;   17.8;   91.79;   19.9;   16.0;   15.2;eor
        183;20190819;   10;  13.0;   6.2;    3;   0.0;   0;    9.100;-999;   3.9;  15.6; 1008.61;   17.6;   78.58;   22.6;   14.2;   12.4;eor
        183;20190820;   10;  11.9;   5.0;    3;   0.0;   6;   10.183;-999;   4.7;  14.8; 1015.93;   17.4;   76.33;   21.7;   12.7;   11.1;eor
        183;20190821;   10;  13.8;   5.8;    3;   0.0;   0;   10.867;-999;   2.5;  14.1; 1021.46;   16.9;   74.04;   19.9;   13.3;   11.2;eor
        183;20190822;   10;  10.4;   4.5;    3;   0.0;   0;   13.283;-999;   3.8;  15.5; 1022.21;   18.2;   74.63;   22.9;   12.3;    9.8;eor
        183;20190823;   10;   8.7;   4.6;    3;   0.0;   0;   13.467;-999;   5.0;  14.5; 1020.99;   19.2;   65.58;   24.4;   14.3;   12.7;eor
        183;20190824;   10;   8.4;   3.4;    3;   0.0;   0;   13.467;-999;   2.6;  19.1; 1021.04;   19.8;   82.67;   22.0;   17.3;   13.9;eor
        183;20190825;   10;   9.5;   3.4;    3;   0.0;   0;   13.183;-999;   0.0;  20.4; 1018.88;   20.5;   85.13;   23.4;   18.2;   15.3;eor
        183;20190826;   10;  10.4;   4.3;    3;   0.0;   0;   10.433;-999;   1.8;  20.7; 1017.32;   20.8;   84.54;   22.6;   19.0;   15.8;eor
        183;20190827;   10;  13.9;   3.8;    3;   2.9;   6;   11.000;-999;   3.5;  22.1; 1014.43;   21.7;   85.46;   23.9;   19.5;   18.2;eor
        183;20190828;   10;  12.4;   4.4;    3;   1.2;   6;    9.117;-999;   5.2;  22.0; 1009.73;   22.8;   78.83;   26.2;   20.6;   19.4;eor
        183;20190829;   10;  11.6;   6.2;    3;   0.0;   6;    8.450;-999;   3.9;  19.7; 1011.68;   21.1;   78.71;   24.3;   18.5;   17.2;eor
        183;20190830;   10;   7.0;   2.7;    3;   0.0;   0;    9.433;-999;   3.7;  19.1; 1017.52;   20.1;   81.25;   23.1;   17.0;   14.7;eor
        183;20190831;   10;  11.1;   3.3;    3;   0.0;   0;   10.783;-999;   1.2;  21.9; 1011.22;   22.6;   80.46;   26.0;   19.5;   17.1;eor
        183;20190901;   10;  14.0;   6.5;    3;   0.4;   6;    6.550;-999;   4.4;  18.7; 1004.88;   21.0;   74.50;   24.1;   17.3;   16.3;eor
        183;20190902;   10;  14.8;   8.1;    3;   1.4;   6;    7.800;-999;   3.7;  12.3; 1013.24;   16.6;   65.33;   19.1;   13.6;   12.2;eor
        183;20190903;   10;  17.3;   8.4;    3;   2.2;   6;    2.200;-999;   5.6;  14.9; 1013.59;   15.3;   85.08;   18.5;   13.1;   12.4;eor
        183;20190904;   10;  13.0;   6.3;    3;   2.0;   6;    3.733;-999;   7.2;  15.2; 1009.34;   17.2;   78.75;   20.5;   13.9;   13.5;eor
        183;20190905;   10;  19.3;   9.9;    3;   4.1;   6;    6.850;-999;   4.9;  13.6; 1006.65;   15.6;   77.00;   20.1;   12.9;   11.1;eor
        183;20190906;   10;  17.2;   8.3;    3;   0.4;   6;    4.883;-999;   6.6;  11.6; 1014.75;   15.3;   67.21;   18.9;   11.1;   10.6;eor
        183;20190907;   10;  11.2;   4.7;    3;   0.3;   6;    4.017;-999;   7.6;  11.8; 1012.62;   15.7;   66.08;   18.2;   13.0;   12.0;eor
        183;20190908;   10;   8.2;   2.8;    3;  13.6;   6;    1.883;-999;   7.8;  13.7; 1013.47;   15.2;   79.29;   17.7;   13.0;   12.2;eor
        183;20190909;   10;  11.6;   4.3;    3;   2.3;   6;    0.000;-999;   7.8;  16.4; 1007.11;   15.7;   91.75;   17.1;   14.0;   13.7;eor
        183;20190910;   10;  19.9;   9.6;    3;  22.5;   6;    0.000;-999;   7.7;  16.6; 1004.05;   15.3;   95.17;   16.2;   14.3;   13.9;eor
        183;20190911;   10;  17.3;   8.8;    3;   2.9;   6;    7.267;-999;   5.0;  14.0; 1013.42;   16.1;   77.04;   19.5;   13.4;   12.7;eor
        183;20190912;   10;  14.4;   8.1;    3;   2.3;   6;    7.483;-999;   4.9;  15.4; 1018.02;   16.3;   83.33;   19.2;   14.3;   13.2;eor
        183;20190913;   10;  17.0;   8.4;    3;   0.3;   6;    7.433;-999;   5.4;  13.0; 1021.05;   15.9;   71.79;   17.6;   13.8;   12.5;eor
        183;20190914;   10;  13.4;   7.2;    3;   0.0;   0;   10.583;-999;   3.5;  11.1; 1025.60;   14.0;   69.71;   16.8;   11.7;   10.3;eor
        183;20190915;   10;  22.2;  11.8;    3;   0.0;   6;    2.633;-999;   7.0;  11.9; 1011.05;   14.6;   71.08;   17.5;   11.5;   10.6;eor
        183;20190916;   10;  20.4;  11.2;    3;   0.1;   6;    7.950;-999;   5.1;  10.0; 1009.59;   14.0;   62.71;   15.5;   12.7;   11.3;eor
        183;20190917;   10;  24.6;  12.8;    3;   3.6;   8;    4.300;-999;   5.2;   9.5; 1004.30;   12.0;   67.50;   13.6;    7.8;    5.9;eor
        183;20190918;   10;  14.7;   7.6;    3;   0.2;   6;    5.900;-999;   3.3;  10.1; 1012.83;   12.7;   69.25;   14.6;   11.4;   10.0;eor
        183;20190919;   10;  12.5;   5.3;    3;   0.0;   6;    9.450;-999;   5.8;  10.3; 1020.18;   13.4;   66.54;   15.1;   12.0;    9.6;eor
        183;20190920;   10;  13.5;   7.3;    3;   0.2;   6;    0.917;-999;   7.4;  12.6; 1019.83;   13.3;   82.04;   15.0;    9.8;    8.5;eor
        183;20190921;   10;  11.5;   5.4;    3;   0.0;   0;    2.600;-999;   5.4;  13.3; 1015.96;   13.3;   86.58;   16.1;   10.4;    8.4;eor
        183;20190922;   10;  14.5;   3.3;    3;   0.0;   0;   11.783;-999;   2.6;  14.5; 1010.93;   14.4;   88.83;   18.9;   10.0;    8.0;eor
        183;20190923;   10;  17.5;   4.7;    3;   0.0;   0;    1.967;-999;   7.0;  14.9; 1011.03;   14.3;   90.88;   16.0;   13.4;   12.6;eor
        183;20190924;   10;   9.4;   3.7;    3;   0.0;   6;    0.050;-999;   7.6;  14.9; 1007.79;   14.1;   91.96;   15.2;   13.3;   12.3;eor
        183;20190925;   10;  10.0;   3.6;    3;   0.0;   6;    0.050;-999;   7.8;  15.5; 1002.44;   14.6;   93.63;   15.6;   13.2;   11.2;eor
        183;20190926;   10;  10.6;   3.8;    3;   0.2;   6;    1.633;-999;   6.4;  15.6; 1005.37;   15.2;   90.00;   17.2;   14.0;   13.2;eor
        183;20190927;   10;  12.2;   5.7;    3;   2.0;   6;    1.667;-999;   7.3;  15.5; 1002.95;   14.9;   90.79;   16.8;   13.0;   11.5;eor
        183;20190928;   10;  14.5;   7.4;    3;   2.9;   6;    5.583;-999;   6.3;  14.0; 1001.84;   14.4;   85.58;   17.8;   12.7;   11.9;eor
        183;20190929;   10;  14.8;   8.2;    3;  14.6;   6;    1.850;-999;   6.5;  14.4;  993.84;   13.4;   93.58;   15.0;   12.2;   11.4;eor
        183;20190930;   10;  22.8;  10.2;    3;  18.1;   6;    2.817;-999;   6.1;  13.1;  989.43;   13.6;   83.83;   15.1;   11.1;   10.2;eor
        183;20191001;   10;  13.5;   4.9;    3;   9.2;   6;    0.000;-999;   7.0;  10.3;  994.80;   10.3;   82.54;   11.6;    9.0;    8.4;eor
        183;20191002;   10;  14.8;   6.9;    3;   5.3;   6;    6.717;   0;   5.0;   9.3;  997.36;   10.5;   73.38;   12.8;    7.3;    5.3;eor
        183;20191003;   10;  10.2;   3.0;    3;   0.0;   0;    1.300;   0;   6.9;   9.3; 1006.52;    9.3;   79.17;   10.8;    7.2;    4.5;eor
        183;20191004;   10;  15.8;   3.3;    3;   7.3;   6;    1.967;   0;   7.5;   9.5; 1006.53;    9.8;   78.25;   12.3;    7.9;    6.7;eor
        183;20191005;   10;  19.0;   9.0;    3;   2.2;   6;    3.050;   0;   6.8;   9.2; 1012.42;    9.1;   80.08;   11.1;    7.5;    5.7;eor
        183;20191006;   10;  12.3;   4.6;    3;   1.4;   6;    4.800;   0;   5.7;   8.5; 1016.86;    8.7;   75.88;   11.0;    6.6;    3.8;eor
        183;20191007;   10;   8.0;   3.4;    3;   0.1;   6;    4.300;   0;   6.8;   6.8; 1014.59;    6.5;   70.21;    8.5;    4.7;    3.0;eor
        183;20191008;   10;  15.7;   8.1;    3;   3.3;   6;    0.150;   0;   6.5;  10.9;  999.04;    9.5;   90.13;   13.0;    6.9;    6.3;eor
        183;20191009;   10;  13.1;   7.0;    3;   0.6;   6;    3.417;   0;   6.7;  11.9;  997.87;   11.3;   89.13;   14.3;    9.2;    8.3;eor
        183;20191010;   10;  16.8;   9.0;    3;   0.4;   6;    1.667;   0;   7.3;  11.2; 1000.17;   10.8;   86.96;   12.8;    9.3;    8.7;eor
        183;20191011;   10;  20.0;  11.8;    3;   3.2;   6;    0.000;   0;   7.8;  12.7; 1000.75;   12.1;   89.54;   14.1;    9.4;    8.8;eor
        183;20191012;   10;  17.1;   8.8;    3;   1.4;   6;    0.500;   0;   7.9;  13.0; 1001.33;   12.4;   90.00;   13.9;   10.9;   10.1;eor
        183;20191013;   10;  21.5;   5.8;    3;   5.2;   6;    0.000;   0;   7.8;  13.9; 1005.25;   12.8;   93.21;   18.6;   10.3;   10.0;eor
        183;20191014;   10;  19.4;   8.5;    3;   0.0;   6;    5.433;   0;   6.7;  13.1; 1007.90;   13.6;   83.88;   18.4;   10.7;    8.3;eor
        183;20191015;   10;  13.4;   4.3;    3;   0.0;   0;    7.967;   0;   6.3;  13.8; 1003.75;   12.9;   92.75;   14.6;   11.5;   10.3;eor
        183;20191016;   10;  12.9;   5.5;    3;   6.4;   6;    0.000;   0;   7.9;  13.9; 1000.60;   11.9;   99.17;   12.7;   11.0;    9.9;eor
        183;20191017;   10;  10.1;   5.8;    3;   4.4;   6;    0.017;   0;   6.4;  14.0; 1005.43;   12.5;   95.83;   14.7;    9.4;    8.6;eor
        183;20191018;   10;  24.9;   6.0;    3;   3.2;   6;    2.033;   0;   6.7;  13.8; 1003.06;   12.6;   93.83;   14.7;    9.5;    8.4;eor
        183;20191019;   10;  12.9;   7.6;    3;   0.0;   6;    4.150;   0;   7.2;  11.5; 1003.31;   11.5;   84.42;   13.8;    8.9;    7.9;eor
        183;20191020;   10;   9.4;   3.4;    3;   4.2;   6;    0.083;   0;   8.0;  13.4; 1006.50;   12.0;   95.46;   13.3;   10.9;   10.4;eor
        183;20191021;   10;  12.8;   6.3;    3;   0.0;   6;    0.383;   0;   7.3;  13.6; 1012.87;   12.2;   95.33;   13.7;   10.3;    9.6;eor
        183;20191022;   10;  14.3;   6.8;    3;   0.0;   0;    5.550;   0;   5.3;  12.6; 1016.44;   11.9;   90.33;   14.6;   10.0;    8.8;eor
        183;20191023;   10;   9.6;   4.7;    3;   0.0;   6;    4.000;   0;   6.0;  12.6; 1015.03;   11.3;   94.08;   13.6;    9.5;    8.3;eor
        183;20191024;   10;  10.6;   5.8;    3;   0.0;   6;    0.000;   0;   6.9;  13.6; 1005.94;   11.9;   97.63;   13.0;   10.5;    9.7;eor
        183;20191025;   10;  16.5;   8.4;    3;   0.9;   6;    0.800;   0;   6.2;  12.4; 1009.50;   12.2;   87.63;   13.4;   11.2;   10.0;eor
        183;20191026;   10;  19.4;  11.0;    3;   1.5;   6;    0.833;   0;   7.7;  12.8; 1004.87;   14.0;   79.79;   16.2;   11.8;   11.1;eor
        183;20191027;   10;  22.2;  12.3;    3;   0.9;   6;    4.250;   0;   6.4;  10.3; 1005.19;   11.3;   76.17;   14.8;    8.6;    7.5;eor
        183;20191028;   10;  20.1;   7.2;    3;   5.1;   6;    3.950;   0;   5.7;   9.3; 1011.00;    9.1;   80.33;   11.2;    6.8;    4.4;eor
        183;20191029;   10;  10.7;   4.1;    3;   0.0;   0;    8.683;   0;   1.5;   7.3; 1019.90;    7.3;   71.33;    8.9;    4.8;    1.6;eor
        183;20191030;   10;   7.4;   3.0;    3;   0.0;   0;    9.017;   0;   1.2;   6.2; 1025.15;    5.4;   69.38;    9.0;    2.6;   -0.6;eor
        183;20191031;   10;  10.9;   6.3;    3;   0.0;   0;    0.550;   0;   7.5;   7.7; 1021.10;    5.6;   84.54;    8.7;    2.5;    1.2;eor
        183;20191101;   10;  14.6;   7.0;    3;   3.5;   6;    3.700;   0;   6.9;   6.7; 1008.07;    4.5;   79.83;    7.1;    1.2;   -0.9;eor
        183;20191102;   10;  11.2;   7.3;    3;   5.1;   6;    0.000;   0;   7.8;  11.1;  986.91;    8.5;   98.54;   11.5;    4.5;    4.3;eor
        183;20191103;   10;   9.0;   4.2;    3;   2.1;   6;    1.050;   0;   7.4;  12.5;  985.07;   10.7;   96.88;   11.9;   10.0;    7.9;eor
        183;20191104;   10;  17.0;   8.9;    3;  14.5;   6;    0.000;   0;   7.9;  11.9;  985.28;   10.0;   96.88;   10.9;    8.7;    8.5;eor
        183;20191105;   10;  15.3;  10.0;    3;  12.9;   6;    0.000;   0;   7.7;   9.9;  990.40;    7.6;   94.54;    8.9;    6.3;    5.7;eor
        183;20191106;   10;  12.2;   3.8;    3;   1.6;   6;    0.000;   0;   7.8;   8.7;  994.62;    6.3;   90.92;    7.0;    5.4;    5.3;eor
        183;20191107;   10;   8.4;   3.8;    3;   0.0;   6;    2.000;   0;   7.5;   9.1;  998.63;    6.6;   92.25;    9.5;    4.4;    3.0;eor
        183;20191108;   10;  10.5;   4.2;    3;   1.0;   6;    0.933;   0;   7.3;   9.7; 1002.57;    7.8;   91.71;    9.5;    5.7;    4.6;eor
        183;20191109;   10;  11.7;   4.8;    3;   7.4;   6;    0.000;   0;   7.6;  10.2; 1000.32;    8.5;   91.83;    9.2;    7.1;    6.1;eor
        183;20191110;   10;   9.3;   5.0;    3;   0.3;   6;    0.500;   0;   5.9;   8.6; 1007.07;    6.1;   90.79;    8.1;    2.8;    1.7;eor
        183;20191111;   10;  16.3;   8.5;    3;   0.0;   0;    0.083;   0;   6.5;   7.4; 1005.21;    4.2;   90.38;    5.9;    1.9;    1.7;eor
        183;20191112;   10;  14.5;   8.7;    3;   0.0;   6;    4.767;   0;   5.3;   7.2;  999.30;    4.9;   83.29;    6.3;    3.2;    2.9;eor
        183;20191113;   10;  11.0;   6.3;    3;   0.0;   6;    3.900;   0;   7.8;   7.5;  997.15;    5.1;   85.58;    6.5;    3.6;    2.3;eor
        183;20191114;   10;  12.9;   5.0;    3;   0.0;   0;    5.783;   0;   4.1;   8.2; 1004.37;    6.0;   87.83;    7.8;    3.9;    3.0;eor
        183;20191115;   10;  24.2;   6.4;    3;   0.0;   0;    0.000;   0;   7.4;   9.5; 1005.67;    7.7;   89.46;    9.4;    5.6;    4.7;eor
        183;20191116;   10;  17.7;   8.7;    3;   2.2;   6;    0.000;   0;   7.3;   9.9; 1000.52;    7.9;   91.54;    9.4;    4.0;    3.1;eor
        183;20191117;   10;  18.4;   8.0;    3;   0.1;   6;    1.750;   0;   5.5;   8.3; 1009.39;    6.4;   85.13;    9.3;    3.0;    1.7;eor
        183;20191118;   10;  15.5;   6.6;    3;   0.0;   6;    0.700;   0;   6.9;  10.5; 1001.62;    9.0;   91.25;   10.4;    6.1;    5.3;eor
        183;20191119;   10;  17.5;  10.6;    3;   2.2;   6;    0.000;   0;   5.8;   8.2; 1007.02;    6.3;   85.67;    8.2;    4.7;    3.4;eor
        183;20191120;   10;  11.4;   4.8;    3;   1.2;   6;    0.000;   0;   7.8;   9.3; 1013.77;    6.7;   93.92;    8.4;    4.5;    3.0;eor
        183;20191121;   10;  15.4;   5.2;    3;   1.3;   6;    0.000;   0;   7.8;  10.5; 1009.25;    8.4;   94.92;    9.3;    7.2;    7.1;eor
        183;20191122;   10;  14.4;   6.9;    3;   0.7;   6;    0.000;   0;   7.9;  10.7; 1006.65;    8.6;   95.67;    9.3;    7.3;    7.3;eor
        183;20191123;   10;  14.3;   5.2;    3;   0.0;   0;    0.000;   0;   7.8;   8.6; 1007.57;    6.2;   90.71;    7.4;    5.1;    4.9;eor
        183;20191124;   10;  13.8;   4.0;    3;   0.0;   0;    0.000;   0;   7.9;   8.2; 1008.76;    5.6;   90.92;    6.6;    4.5;    4.6;eor
        183;20191125;   10;  10.4;   4.8;    3;   0.0;   0;    0.000;   0;   8.0;   8.2; 1008.70;    4.5;   97.46;    5.1;    3.6;    3.8;eor
        183;20191126;   10;   9.4;   5.5;    3;   0.0;   6;    0.000;   0;   7.7;   8.4; 1002.10;    5.1;   94.63;    5.9;    4.5;    4.6;eor
        183;20191127;   10;  13.1;   6.9;    3;   3.9;   6;    0.000;   0;   7.8;   9.3;  991.73;    6.9;   93.50;    7.6;    5.9;    5.8;eor
        183;20191128;   10;  15.3;   8.8;    3;   4.9;   6;    0.000;   0;   7.9;  10.3;  981.87;    8.2;   93.83;    9.8;    7.3;    6.8;eor
        183;20191129;   10;  22.8;  12.4;    3;   1.4;   8;    0.000;   0;   5.6;   6.7;  992.40;    4.9;   76.46;    8.0;    2.7;    2.4;eor
        183;20191130;   10;  13.3;   6.1;    3;   0.0;   6;    3.733;   0;   3.3;   5.8; 1012.31;    4.6;   68.71;    5.7;    1.8;   -0.8;eor
        183;20191201;   10;  11.6;   5.7;    3;   0.6;   6;    2.333;   0;   6.8;   6.3; 1014.51;    3.7;   80.33;    5.5;    1.3;   -0.4;eor
        183;20191202;   10;  15.5;   6.9;    3;   1.0;   8;    3.450;   0;   4.5;   6.5; 1011.74;    4.5;   76.54;    6.1;    2.7;   -0.7;eor
        183;20191203;   10;  18.2;   7.2;    3;   1.6;   6;    3.100;   0;   6.9;   7.0; 1016.87;    3.6;   87.21;    6.8;   -0.2;   -2.3;eor
        183;20191204;   10;  17.9;   9.0;    3;   0.0;   0;    0.000;   0;   7.7;   8.6; 1014.20;    5.9;   92.71;    7.1;    3.6;    2.4;eor
        183;20191205;   10;  18.0;   8.2;    3;   0.0;   8;    4.500;   0;   6.3;   7.3; 1009.91;    3.9;   89.92;    5.8;    2.1;    1.4;eor
        183;20191206;   10;  19.4;  12.6;    3;   1.7;   6;    0.000;   0;   7.9;   7.7;  997.30;    4.0;   94.13;    5.2;    1.9;    1.6;eor
        183;20191207;   10;  19.3;  11.7;    3;   1.1;   6;    3.583;   0;   6.4;   8.9;  995.19;    6.9;   89.83;    8.1;    5.2;    5.2;eor
        183;20191208;   10;  23.3;  11.7;    3;   3.3;   6;    0.000;   0;   6.8;   9.1;  990.29;    7.0;   89.79;    8.6;    5.5;    4.5;eor
        183;20191209;   10;  21.0;  10.5;    3;   0.8;   6;    2.867;   0;   5.5;   7.7;  990.07;    5.6;   84.13;    6.9;    4.3;    3.1;eor
        183;20191210;   10;  22.6;   8.8;    3;   0.2;   8;    6.483;   0;   2.5;   5.9; 1011.37;    3.9;   74.04;    5.4;    2.1;    0.5;eor
        183;20191211;   10;  18.2;   9.4;    3;   8.0;   8;    0.000;   0;   7.7;   6.7; 1003.05;    2.7;   91.17;    3.2;    1.6;    1.5;eor
        183;20191212;   10;  12.0;   6.7;    3;   0.2;   8;    0.000;   0;   7.9;   6.9;  994.55;    2.2;   96.67;    3.6;    0.4;    0.3;eor
        183;20191213;   10;  15.1;   8.7;    3;   0.0;   6;    3.067;   0;   6.0;   6.6;  982.58;    3.2;   85.17;    3.8;    2.5;    1.5;eor
        183;20191214;   10;  18.8;   8.3;    3;   1.3;   8;    0.000;   0;   7.2;   6.9;  980.05;    2.9;   92.13;    5.1;    1.1;    0.7;eor
        183;20191215;   10;  27.3;  13.1;    3;   2.2;   8;    2.233;   0;   3.6;   7.0;  989.46;    4.9;   80.54;    7.3;    2.1;    1.0;eor
        183;20191216;   10;  13.7;   7.8;    3;   0.0;   6;    0.017;   0;   6.6;   7.7; 1001.13;    4.9;   89.33;    5.8;    3.5;    2.0;eor
        183;20191217;   10;  12.2;   6.5;    3;   2.3;   6;    2.050;   0;   7.9;   8.9;  998.55;    7.0;   88.75;   10.4;    5.0;    4.0;eor
        183;20191218;   10;  24.1;  10.1;    3;   0.0;   0;    4.400;   0;   4.3;   8.5; 1006.84;    6.1;   90.08;   10.8;    2.4;    0.4;eor
        183;20191219;   10;  12.5;   6.2;    3;   0.0;   0;    4.883;   0;   6.5;   8.3; 1011.08;    5.4;   92.79;    6.8;    2.2;    0.1;eor
        183;20191220;   10;  10.0;   5.3;    3;   3.0;   6;    0.000;   0;   8.0;   8.6;  991.71;    5.1;   98.33;    7.5;    3.9;    3.9;eor
        183;20191221;   10;  10.8;   5.9;    3;   0.0;   0;    0.067;   0;   5.5;   8.9;  986.33;    6.0;   95.17;    7.5;    3.8;    1.5;eor
        183;20191222;   10;  12.5;   6.0;    3;   0.0;   6;    0.417;   0;   6.8;   8.1;  985.61;    4.3;   97.67;    5.5;    2.7;    2.1;eor
        183;20191223;   10;  13.3;   7.2;    3;   1.2;   6;    0.000;   0;   8.0;   8.7;  993.90;    5.6;   95.88;    6.6;    4.5;    4.3;eor
        183;20191224;   10;  13.0;   6.2;    3;   0.1;   6;    1.150;   0;   7.6;   8.5; 1002.39;    5.3;   94.63;    6.9;    4.2;    2.9;eor
        183;20191225;   10;  12.7;   3.9;    3;   1.0;   6;    0.000;   0;   7.8;   8.2; 1008.09;    4.9;   94.29;    5.5;    4.1;    3.6;eor
        183;20191226;   10;  12.1;   5.6;    3;   0.0;   6;    0.000;   0;   7.8;   7.2; 1015.39;    4.6;   84.38;    5.7;    1.1;    1.3;eor
        183;20191227;   10;  11.6;   5.1;    3;   0.0;   8;    1.333;   0;   6.9;   5.9; 1025.51;    2.6;   80.13;    3.9;    1.3;   -0.4;eor
        183;20191228;   10;   9.6;   3.8;    3;   0.0;   0;    0.050;   0;   7.8;   4.8; 1036.55;    0.2;   77.13;    1.4;   -1.8;   -3.5;eor
        183;20191229;   10;  15.0;   8.7;    3;   0.0;   0;    0.000;   0;   7.9;   5.0; 1029.89;    0.4;   79.21;    2.4;   -1.3;   -1.9;eor
        183;20191230;   10;  21.2;  12.4;    3;   0.0;   6;    2.383;   0;   5.6;   5.5; 1016.18;    5.1;   62.21;    6.7;    2.1;    1.3;eor
        183;20191231;   10;  19.6;   9.8;    3;   0.0;   0;    4.850;   0;   1.8;   7.9; 1018.50;    5.6;   85.88;    6.6;    3.9;    2.4;eor
        183;20200101;   10;  16.8;   9.8;    3;   0.0;   0;    0.117;   0;   5.5;   6.9; 1024.25;    3.7;   87.13;    4.5;    1.9;    0.6;eor
        183;20200102;   10;  15.8;   7.7;    3;   0.0;   6;    1.767;   0;   6.9;   6.2; 1017.62;    0.9;   94.83;    1.9;   -0.1;   -1.5;eor
        183;20200103;   10;  16.1;   9.6;    3;   7.2;   6;    0.000;   0;   7.6;   7.7; 1007.25;    4.0;   94.71;    6.0;    1.3;    1.3;eor
        183;20200104;   10;  25.9;  12.6;    3;   3.5;   8;    2.183;   0;   3.3;   6.9; 1009.45;    4.8;   80.54;    5.7;    1.6;    1.3;eor
        183;20200105;   10;  12.8;   7.0;    3;   0.1;   6;    4.050;   0;   4.9;   6.7; 1023.80;    3.4;   84.92;    5.0;    2.3;    0.6;eor
        183;20200106;   10;  13.8;   7.9;    3;   1.7;   6;    0.000;   0;   7.8;   8.3; 1018.16;    4.5;   97.83;    5.0;    4.1;    3.9;eor
        183;20200107;   10;  14.6;   7.3;    3;   0.3;   6;    0.000;   0;   6.8;   7.5; 1015.61;    3.6;   94.75;    5.8;    0.5;   -0.4;eor
        183;20200108;   10;  16.6;  11.1;    3;   0.2;   6;    0.000;   0;   7.9;   8.9; 1012.07;    6.4;   92.38;    8.0;    4.7;    4.0;eor
        183;20200109;   10;  11.7;   6.2;    3;   5.5;   6;    0.000;   0;   7.1;   9.3; 1008.40;    5.8;   99.58;    8.6;    2.0;   -0.2;eor
        183;20200110;   10;  15.3;   7.3;    3;  12.4;   8;    0.017;   0;   7.8;  10.1; 1005.62;    7.2;   98.58;    9.7;    4.6;    4.6;eor
        183;20200111;   10;  17.8;   7.2;    3;   0.4;   6;    0.733;   0;   7.9;   7.7; 1019.38;    4.4;   91.71;    4.9;    3.8;    3.2;eor
        183;20200112;   10;  18.9;  11.2;    3;   8.0;   6;    0.000;   0;   7.7;   8.1; 1009.26;    5.0;   92.38;    6.5;    4.4;    4.3;eor
        183;20200113;   10;  14.1;   7.2;    3;   0.0;   6;    1.783;   0;   6.8;   8.4; 1010.91;    5.3;   93.88;    6.9;    3.8;    3.0;eor
        183;20200114;   10;  17.1;  10.1;    3;   3.7;   6;    0.100;   0;   8.0;   8.5; 1001.12;    6.1;   90.29;    9.0;    3.4;    3.0;eor
        183;20200115;   10;  20.0;  11.7;    3;   0.0;   6;    5.500;   0;   7.5;   9.3; 1003.04;   10.1;   75.42;   12.1;    5.7;    5.0;eor
        183;20200116;   10;  15.0;   8.4;    3;   0.0;   0;    3.033;   0;   3.3;   8.0; 1018.77;    5.4;   89.33;    7.0;    4.0;    2.3;eor
        183;20200117;   10;  12.5;   7.9;    3;   1.1;   6;    7.317;   0;   3.5;   7.6; 1012.94;    5.1;   86.33;    6.7;    3.9;    3.2;eor
        183;20200118;   10;  18.8;  10.2;    3;   0.0;   6;    3.850;   0;   6.7;   7.5; 1012.15;    5.2;   85.08;    6.5;    4.1;    3.2;eor
        183;20200119;   10;  12.6;   6.1;    3;   0.0;   0;    2.333;   0;   2.0;   7.5; 1026.43;    4.2;   91.04;    5.3;    2.4;    0.6;eor
        183;20200120;   10;  17.1;   8.7;    3;   0.0;   0;    0.000;   0;   6.6;   7.7; 1036.10;    4.3;   92.13;    5.5;    1.4;   -0.1;eor
        183;20200121;   10;  20.0;  13.2;    3;   0.3;   6;    0.367;   0;   7.9;   8.0; 1028.52;    5.2;   89.50;    6.0;    4.5;    4.4;eor
        183;20200122;   10;  17.7;   8.0;    3;   0.1;   4;    4.383;   0;   3.9;   8.0; 1023.94;    5.3;   89.88;    6.4;    3.7;    1.0;eor
        183;20200123;   10;  15.7;   8.3;    3;   0.5;   8;    0.000;   0;   7.5;   7.7; 1023.94;    4.0;   95.17;    5.0;    0.3;   -1.4;eor
        183;20200124;   10;  16.4;  10.3;    3;   0.1;   8;    0.000;   0;   7.9;   7.9; 1013.83;    3.9;   98.21;    4.3;    3.1;    3.2;eor
        183;20200125;   10;  15.3;   8.9;    3;   1.0;   8;    0.000;   0;   8.0;   8.2; 1012.99;    4.3;   98.29;    4.7;    3.5;    3.5;eor
        183;20200126;   10;  12.5;   7.0;    3;   0.1;   6;    0.000;   0;   7.9;   6.8; 1011.52;    2.1;   95.33;    3.5;    1.0;    0.5;eor
        183;20200127;   10;  11.9;   7.3;    3;   2.2;   6;    0.000;   0;   7.9;   7.6; 1002.22;    3.3;   96.67;    5.3;    0.8;    0.8;eor
        183;20200128;   10;  14.4;   6.6;    3;   2.3;   8;    0.117;   0;   7.8;   8.3;  985.34;    4.9;   95.67;    6.2;    3.5;    3.5;eor
        183;20200129;   10;  16.9;  10.8;    3;   3.5;   6;    0.000;   0;   7.0;   7.6;  990.33;    4.3;   91.38;    5.4;    3.3;    2.5;eor
        183;20200130;   10;  19.7;  11.9;    3;   5.4;   8;    0.000;   0;   7.7;   8.4;  994.34;    5.0;   95.67;    6.1;    2.6;    2.2;eor
        183;20200131;   10;  21.1;  12.2;    3;   2.5;   6;    0.167;   0;   7.8;   9.3;  992.36;    6.9;   93.17;    8.4;    5.2;    5.2;eor
        183;20200201;    3;  22.7;  10.7;    3;   0.4;   6;    0.000;   0;   7.8;  10.5;  991.32;    8.8;   91.96;   10.2;    6.8;    5.9;eor
        183;20200202;    3;  23.9;  12.1;    3;   0.0;   0;    4.667;   0;   6.2;   7.6;  995.16;    5.3;   85.00;    7.0;    3.9;    2.7;eor
        183;20200203;    3;  16.2;   7.0;    3;   2.9;   6;    0.117;   0;   6.8;   8.1;  998.18;    4.8;   94.08;    6.4;    3.6;    2.4;eor
        183;20200204;    3;  18.9;   9.9;    3;   1.9;   6;    3.633;   0;   6.3;   7.2;  998.35;    4.2;   87.29;    5.2;    2.9;    2.5;eor
        183;20200205;    3;  17.1;   8.1;    3;   0.0;   0;    7.733;   0;   4.7;   6.2; 1021.64;    3.4;   79.50;    4.8;    1.0;   -1.2;eor
        183;20200206;    3;  20.0;  10.4;    3;   0.0;   6;    0.000;   0;   7.5;   8.2; 1018.75;    5.4;   90.71;    6.1;    4.4;    3.7;eor
        183;20200207;    3;   9.4;   3.5;    3;   0.0;   0;    0.033;   0;   7.7;   7.8; 1023.80;    4.7;   90.63;    5.8;    3.9;    2.7;eor
        183;20200208;    3;  12.4;   7.2;    3;   0.0;   0;    6.917;   0;   4.5;   7.0; 1016.11;    5.0;   80.67;    7.1;    3.9;    2.9;eor
        183;20200209;    3;  27.0;  12.9;    3;   5.3;   6;    2.500;   0;   7.0;   8.0;  996.46;    7.6;   76.67;   11.3;    4.6;    3.3;eor
        183;20200210;    3;  28.1;  14.5;    3;   3.3;   8;    0.533;   0;   6.8;   7.9;  976.65;    5.5;   86.54;    7.8;    2.8;    1.7;eor
        183;20200211;    3;  25.3;  15.0;    3;   3.9;   8;    0.200;   0;   7.0;   6.9;  982.15;    3.3;   88.67;    4.4;    0.3;    0.1;eor
        183;20200212;    3;  25.2;  15.6;    3;   4.8;   8;    0.017;   0;   7.4;   6.8;  992.76;    3.2;   88.79;    4.5;    0.6;    0.4;eor
        183;20200213;    3;  20.7;   9.4;    3;   1.0;   6;    4.500;   0;   5.1;   6.7; 1001.59;    3.8;   83.00;    5.1;    2.2;    1.9;eor
        183;20200214;    3;  11.4;   3.7;    3;   0.0;   0;    6.233;   0;   6.3;   7.1; 1010.55;    3.7;   89.71;    6.4;    1.4;   -0.1;eor
        183;20200215;    3;  14.8;   9.0;    3;   0.0;   6;    4.483;   0;   7.6;   7.7; 1011.27;    5.5;   85.17;    8.6;    2.2;    1.2;eor
        183;20200216;    3;  26.9;  13.7;    3;   6.4;   6;    0.000;   0;   7.7;   9.4;  994.22;    9.5;   78.92;   14.2;    6.4;    6.1;eor
        183;20200217;    3;  27.6;  12.7;    3;   0.4;   6;    6.833;   0;   5.6;   7.5;  999.48;    7.4;   73.33;    9.3;    5.6;    4.5;eor
        183;20200218;    3;  22.5;  12.2;    3;   0.2;   8;    4.467;   0;   6.0;   7.6; 1005.24;    5.4;   84.21;    6.3;    4.5;    3.5;eor
        183;20200219;    3;  18.1;  10.7;    3;   1.0;   6;    2.917;   0;   6.1;   7.5; 1003.46;    5.0;   86.08;    6.4;    3.3;    2.1;eor
        183;20200220;    3;  17.2;   9.4;    3;   3.5;   6;    2.017;   0;   7.2;   7.6; 1006.74;    4.5;   89.96;    6.5;    1.5;    0.4;eor
        183;20200221;    3;  20.9;  12.5;    3;   0.1;   6;    6.783;   0;   5.1;   7.5; 1007.55;    5.6;   82.79;    6.9;    4.4;    3.6;eor
        183;20200222;    3;  28.0;  15.6;    3;   1.7;   8;    0.033;   0;   7.0;   8.0; 1001.58;    6.3;   83.75;    8.2;    2.6;    2.3;eor
        183;20200223;    3;  26.7;  12.3;    3;   3.0;   6;    0.000;   0;   5.7;   7.1;  998.44;    4.7;   83.54;    5.9;    3.5;    2.7;eor
        183;20200224;    3;  17.5;   8.9;    3;   3.8;   6;    4.150;   0;   6.5;   7.2; 1004.07;    4.6;   84.79;    5.4;    2.9;    2.6;eor
        183;20200225;    3;  26.1;  12.8;    3;   0.2;   8;    3.383;   0;   6.7;   7.1;  985.05;    5.1;   81.00;    7.8;    2.9;    2.8;eor
        183;20200226;    3;  19.6;   9.0;    3;   4.2;   8;    2.700;   0;   6.6;   6.0;  985.98;    2.8;   80.67;    4.8;    1.0;    0.8;eor
        183;20200227;    3;  11.4;   5.0;    3;   1.9;   8;    1.517;   0;   6.8;   5.9;  994.08;    2.2;   82.75;    4.2;    0.5;   -0.8;eor
        183;20200228;    3;  17.7;   8.9;    3;   0.5;   6;    4.950;   0;   5.5;   6.8; 1001.66;    3.7;   84.50;    6.2;    2.0;    0.2;eor
        183;20200229;    3;  24.2;   8.9;    3;   0.9;   6;    0.000;   0;   7.7;   7.5;  989.48;    4.6;   88.13;    8.7;    2.4;    2.3;eor
        183;20200301;    3;  17.3;   9.2;    3;   0.0;   6;    3.350;   0;   4.7;   6.8;  987.18;    5.2;   76.71;    8.3;    3.3;    1.6;eor
        183;20200302;    3;   8.7;   3.1;    3;   2.4;   6;    4.000;   0;   6.8;   7.5;  988.95;    4.6;   88.79;    6.6;    3.8;    1.7;eor
        183;20200303;    3;  11.1;   3.2;    3;   3.4;   6;    0.000;   0;   7.9;   8.2;  994.05;    4.6;   96.13;    5.6;    3.8;    2.1;eor
        183;20200304;    3;  13.1;   7.7;    3;   0.0;   6;    4.500;   0;   6.3;   7.3; 1001.22;    4.1;   89.38;    6.4;    2.3;    0.6;eor
        183;20200305;    3;   9.9;   3.6;    3;   0.0;   0;    1.183;   0;   6.6;   7.5;  998.71;    3.6;   94.75;    4.9;    1.9;    0.4;eor
        183;20200306;    3;  18.5;   8.3;    3;   4.6;   6;    0.000;   0;   7.5;   7.5;  992.23;    4.3;   90.46;    5.1;    3.5;    2.4;eor
        183;20200307;    3;  10.7;   5.0;    3;   0.0;   6;    0.900;   0;   6.0;   7.6; 1004.63;    4.1;   92.71;    5.5;    1.1;   -0.8;eor
        183;20200308;    3;  13.9;   7.7;    3;   0.0;   6;    2.017;   0;   6.5;   7.4; 1007.29;    5.2;   83.71;    8.4;    0.8;   -1.4;eor
        183;20200309;    3;  11.0;   6.2;    3;   0.0;   6;    1.183;   0;   6.6;   8.8; 1003.90;    6.3;   91.92;    8.8;    3.2;    1.4;eor
        183;20200310;    3;  21.3;   9.0;    3;  10.9;   6;    0.533;   0;   6.9;   8.5;  995.44;    5.5;   92.96;    8.9;    3.1;    1.6;eor
        183;20200311;    3;  20.5;  12.2;    3;   0.4;   6;   10.183;   0;   4.3;   8.1;  997.32;    6.7;   82.25;    8.2;    5.0;    2.9;eor
        183;20200312;    3;  31.0;  14.2;    3;   1.5;   8;    5.617;   0;   5.3;   7.8;  993.61;    6.5;   79.50;   10.3;    2.9;    2.6;eor
        183;20200313;    3;  21.0;  10.9;    3;   0.2;   6;    1.983;   0;   5.8;   6.7; 1000.54;    4.5;   78.92;    7.3;    2.6;    0.9;eor
        183;20200314;    3;  12.5;   4.2;    3;   0.0;   0;   11.400;   0;   1.1;   4.2; 1018.45;    3.3;   53.58;    5.5;    1.3;   -1.7;eor
        183;20200315;    3;  15.7;  10.7;    3;   0.0;   6;    6.783;   0;   5.7;   5.8; 1011.99;    6.3;   60.29;   10.6;    2.9;    1.8;eor
        183;20200316;    3;  14.2;   7.6;    3;   0.0;   6;    2.917;   0;   7.0;   7.4; 1012.26;    7.0;   73.54;   10.4;    3.4;    0.2;eor
        183;20200317;    3;  14.4;   6.9;    3;   0.0;   6;    4.500;   0;   7.3;   8.0; 1020.07;    7.2;   79.33;   10.7;    3.3;    1.2;eor
        183;20200318;    3;  17.5;   9.9;    3;   1.2;   6;    0.217;   0;   7.9;   8.8; 1016.57;    8.3;   80.46;   10.5;    6.6;    5.2;eor
        183;20200319;    3;   9.4;   5.1;    3;   0.0;   0;    9.033;   0;   6.7;   8.2; 1019.83;    6.0;   87.42;    7.9;    3.4;    1.4;eor
        183;20200320;    3;  18.1;   4.9;    3;   0.0;   6;    4.083;   0;   7.0;   7.5; 1021.96;    5.1;   85.00;    7.0;    2.5;    1.7;eor
        183;20200321;    3;  15.9;   7.6;    3;   0.0;   0;   11.417;   0;   1.9;   5.1; 1029.18;    3.7;   63.92;    5.8;    2.1;   -1.8;eor
        183;20200322;    3;  16.0;   6.1;    3;   0.0;   8;    9.700;   0;   3.2;   4.6; 1034.32;    2.9;   60.75;    5.3;    1.5;   -0.4;eor
        183;20200323;    3;  10.8;   4.7;    3;   0.0;   0;   12.033;   0;   1.3;   4.0; 1035.69;    2.2;   55.67;    4.0;    0.3;   -1.6;eor
        183;20200324;    3;   9.3;   5.2;    3;   0.0;   0;   11.483;   0;   2.1;   4.5; 1032.62;    3.4;   59.08;    6.4;   -1.2;   -4.1;eor
        183;20200325;    3;   9.9;   4.6;    3;   0.0;   0;   10.250;-999;   3.7;   4.9; 1029.41;    4.0;   59.88;    6.7;    1.4;   -0.6;eor
        183;20200326;    3;  11.8;   5.9;    3;   0.0;   0;   11.983;   0;   0.0;   6.1; 1026.07;    5.1;   69.54;    6.7;    3.7;    0.8;eor
        183;20200327;    3;  12.4;   6.6;    3;   0.0;   0;   11.717;   0;   0.1;   7.7; 1021.59;    5.6;   84.54;    7.6;    3.8;    1.1;eor
        183;20200328;    3;  10.2;   4.3;    3;   1.5;   8;   11.667;   0;   1.4;   7.5; 1015.67;    5.6;   82.54;    8.2;    3.5;    1.0;eor
        183;20200329;    1;  27.3;  11.9;    1;   0.4;   8;    8.000;   0;   3.9;   5.2; 1020.84;    3.2;   68.42;    5.2;    1.2;   -0.4;eor
        183;20200330;    1;  14.7;   5.9;    1;   0.4;   8;    5.350;   0;   5.3;   5.7; 1020.35;    3.2;   74.42;    6.5;    1.0;   -0.1;eor
        183;20200331;    1;  14.8;   5.8;    1;   0.0;   6;   11.817;   0;   1.6;   4.6; 1023.38;    2.7;   63.17;    5.2;   -0.6;   -4.1;eor
        183;20200401;    1;  19.8;  12.2;    1;   0.2;   6;    0.967;   0;   7.7;   7.4; 1009.74;    5.3;   83.04;    6.8;    3.8;    2.9;eor
        183;20200402;    1;  22.3;  13.3;    1;   0.4;   6;    3.783;   0;   7.1;   7.3;  999.61;    6.8;   74.96;   10.6;    4.4;    3.6;eor
        183;20200403;    1;  23.9;  12.7;    1;   0.0;   6;   10.683;   0;   2.4;   6.1; 1003.06;    5.5;   67.50;    7.7;    3.8;    2.7;eor
        183;20200404;    1;  11.8;   6.7;    1;   0.0;   6;    5.383;   0;   4.0;   7.0; 1019.06;    5.6;   76.79;    9.7;    2.9;    1.4;eor
        183;20200405;    1;  11.2;   5.6;    1;   0.0;   0;   12.783;   0;   1.0;   7.2; 1025.13;    6.9;   71.88;   11.4;    2.8;    0.4;eor
        183;20200406;    1;  10.9;   5.9;    1;   0.0;   0;   12.783;   0;   0.0;   7.5; 1019.11;    9.8;   62.88;   15.6;    5.7;    3.6;eor
        183;20200407;    1;  13.5;   6.1;    1;   0.0;   0;   11.933;   0;   3.2;   8.4; 1024.57;   10.0;   69.04;   13.1;    7.4;    2.6;eor
        183;20200408;    1;  13.6;   4.2;    1;   0.0;   0;   12.267;   0;   6.8;   8.3; 1022.29;    9.0;   71.79;   11.7;    6.4;    1.5;eor
        183;20200409;    1;  12.8;   6.2;    1;   0.0;   6;   10.600;   0;   2.8;   8.1; 1017.70;    8.0;   75.04;   10.2;    4.7;    2.2;eor
        183;20200410;    1;  10.2;   4.7;    1;   0.0;   0;   12.400;   0;   4.5;   7.6; 1021.10;    6.3;   79.92;    8.3;    4.3;    1.8;eor
        183;20200411;    1;  10.2;   3.0;    1;   0.0;   6;   10.700;   0;   4.6;   7.8; 1020.99;    7.0;   77.38;    9.6;    4.2;    0.0;eor
        183;20200412;    1;  14.3;   8.2;    1;   0.0;   0;   12.283;   0;   4.5;   8.0; 1008.42;   11.9;   58.83;   18.0;    6.6;    5.2;eor
        183;20200413;    1;  19.3;   9.3;    1;   0.0;   8;   10.900;   0;   3.5;   5.6; 1007.53;    5.7;   61.25;    7.7;    3.5;    2.3;eor
        183;20200414;    1;  16.9;   8.4;    1;   0.0;   6;   12.750;   0;   3.9;   5.6; 1013.72;    6.0;   59.83;    7.8;    3.7;    2.5;eor
        183;20200415;    1;  22.2;  12.8;    1;   0.0;   0;    9.000;   0;   3.5;   8.2; 1011.66;    8.2;   75.08;   11.3;    6.0;    5.6;eor
        183;20200416;    1;  18.5;   8.0;    1;   0.0;   0;   11.000;   0;   3.0;   7.9; 1009.73;    8.3;   72.04;   11.5;    6.1;    4.4;eor
        183;20200417;    1;   7.0;   2.8;    1;   0.0;   0;   13.683;   0;   3.0;   7.7; 1014.29;    7.3;   75.63;    9.8;    5.3;    1.4;eor
        183;20200418;    1;   8.2;   2.4;    1;   0.0;   0;   10.400;   0;   4.3;   7.9; 1016.11;    7.3;   77.42;   10.4;    4.6;    0.6;eor
        183;20200419;    1;   8.8;   2.8;    1;   0.0;   0;   14.083;   0;   0.4;   6.9; 1020.96;    7.3;   68.42;    9.7;    5.0;    0.3;eor
        183;20200420;    1;  11.0;   2.8;    1;   0.0;   0;   14.167;   0;   0.8;   6.9; 1024.31;    8.3;   64.00;   12.1;    4.7;   -0.3;eor
        183;20200421;    1;  13.5;   7.4;    1;   0.0;   0;   14.267;   0;   0.0;   8.7; 1025.53;    8.0;   80.96;    9.8;    5.6;    2.9;eor
        183;20200422;    1;  11.2;   5.6;    1;   0.0;   0;   14.350;   0;   0.0;   8.8; 1024.46;    8.0;   81.92;   10.4;    6.0;    2.6;eor
        183;20200423;    1;   9.0;   4.2;    1;   0.0;   0;   13.550;   0;   2.9;   8.0; 1017.66;   11.0;   62.63;   16.4;    6.4;    2.6;eor
        183;20200424;    1;  15.8;   6.9;    1;   0.0;   6;   11.417;   0;   5.4;   9.0; 1002.61;   10.7;   71.38;   14.6;    7.1;    6.0;eor
        183;20200425;    1;  14.4;   6.0;    1;   0.0;   6;   11.067;   0;   3.3;   8.5; 1004.91;    8.7;   76.00;   11.7;    6.4;    4.8;eor
        183;20200426;    1;  12.9;   4.6;    1;   0.0;   0;   11.667;   0;   2.7;   8.1; 1005.93;    8.2;   74.96;   12.3;    4.2;    2.1;eor
        183;20200427;    1;   8.0;   3.4;    1;   0.0;   0;   12.967;   0;   4.2;   9.0; 1003.43;    9.1;   78.38;   12.3;    5.0;    3.3;eor
        183;20200428;    1;  11.0;   4.5;    1;   0.2;   6;    8.367;   0;   6.3;   9.5; 1000.02;    9.8;   78.38;   11.7;    8.3;    7.9;eor
        183;20200429;    1;  17.6;   4.8;    1;   0.6;   6;    0.000;   0;   8.0;   9.1; 1001.41;    7.5;   87.50;    8.9;    6.6;    6.2;eor
        183;20200430;    1;  18.1;   4.9;    1;   2.9;   6;    1.867;   0;   7.4;  10.7;  998.34;    9.0;   93.13;   13.1;    6.9;    5.3;eor
        183;20200501;    1;  14.3;   4.2;    1;   1.8;   6;    6.283;-999;   6.3;  10.3;  994.83;    9.8;   85.38;   14.3;    7.6;    6.5;eor
        183;20200502;    1;  12.9;   6.3;    1;   0.0;   6;    8.233;-999;   5.5;   9.9;  998.27;    9.3;   84.71;   12.3;    6.8;    5.1;eor
        183;20200503;    1;  14.1;   7.8;    1;   0.0;   0;   11.783;-999;   3.9;  10.0; 1008.32;    9.6;   84.42;   13.4;    6.7;    4.8;eor
        183;20200504;    1;  11.8;   5.5;    1;   0.0;   6;   10.767;-999;   4.8;   8.7; 1011.41;    8.8;   76.83;   11.5;    6.1;    4.9;eor
        183;20200505;    1;  13.1;   4.0;    1;   0.0;   6;    8.550;-999;   5.0;   7.8; 1013.29;    8.0;   72.58;   11.0;    6.6;    4.9;eor
        183;20200506;    1;  14.8;   7.9;    1;   0.0;   0;   14.567;-999;   2.5;   8.7; 1015.45;    9.5;   73.63;   11.2;    7.6;    6.0;eor
        183;20200507;    1;  14.2;   7.7;    1;   0.0;   0;   11.033;-999;   5.0;   9.8; 1014.81;    9.9;   79.96;   13.3;    8.1;    7.2;eor
        183;20200508;    1;  12.1;   7.4;    1;   0.0;   0;   10.433;-999;   3.5;   9.7; 1012.06;   10.7;   75.63;   15.0;    7.9;    6.9;eor
        183;20200509;    1;   8.4;   3.4;    1;   0.0;   6;   10.033;-999;   4.1;  11.1; 1010.43;   12.4;   77.75;   16.3;    8.7;    7.5;eor
        183;20200510;    1;  13.3;   5.0;    1;   0.8;   6;    9.200;-999;   5.0;  11.4; 1002.22;   13.7;   73.25;   20.9;    8.5;    8.3;eor
        183;20200511;    1;  14.3;   5.5;    1;   0.0;   6;    4.700;-999;   5.5;   6.7; 1003.53;    7.6;   64.21;    9.5;    6.5;    5.1;eor
        183;20200512;    1;  19.3;   7.8;    1;   4.9;   6;    8.033;-999;   5.0;   6.8; 1006.67;    7.2;   66.96;   11.2;    4.7;    3.7;eor
        183;20200513;    1;   9.6;   3.0;    1;   0.1;   6;    6.967;-999;   7.5;   6.8; 1007.54;    7.0;   68.79;   10.3;    4.5;    3.3;eor
        183;20200514;    1;  13.7;   5.6;    1;   0.0;   0;   14.817;-999;   0.7;   6.6; 1011.93;    8.2;   61.13;   10.1;    5.4;    3.6;eor
        183;20200515;    1;  17.5;   9.5;    1;   0.1;   6;    4.783;-999;   4.4;   8.8; 1011.07;    8.8;   77.71;   11.5;    5.0;    2.7;eor
        183;20200516;    1;  23.8;  12.6;    1;   0.0;   6;    8.567;-999;   4.9;   9.2; 1011.18;   10.3;   73.54;   13.3;    7.9;    7.1;eor
        183;20200517;    1;  21.9;  12.6;    1;   0.7;   6;    7.917;-999;   6.5;  10.0; 1011.80;   11.2;   75.67;   15.0;    8.5;    7.8;eor
        183;20200518;    1;  17.1;   9.9;    1;   2.9;   6;    0.000;-999;   7.8;  12.2; 1012.52;   10.9;   93.50;   11.6;    9.9;    9.5;eor
        183;20200519;    1;  16.0;   7.6;    1;   1.0;   6;    7.517;-999;   3.9;  11.3; 1012.58;   11.2;   85.00;   14.1;    7.5;    5.4;eor
        183;20200520;    1;   6.3;   2.9;    1;   0.0;   0;   15.483;-999;   3.8;  10.4; 1018.00;   10.3;   83.04;   12.8;    7.7;    5.4;eor
        183;20200521;    1;   7.8;   3.3;    1;   0.0;   0;   13.917;-999;   4.5;  10.9; 1020.07;   11.8;   78.75;   15.7;    7.7;    4.9;eor
        183;20200522;    1;  16.8;   7.6;    1;   0.8;   6;    8.083;-999;   6.0;   9.8; 1016.97;   13.1;   65.21;   15.8;   11.3;    9.8;eor
        183;20200523;    1;  16.3;   7.7;    1;   0.1;   6;    1.700;-999;   6.5;  12.1; 1012.53;   12.4;   83.67;   17.8;    9.1;    7.6;eor
        183;20200524;    1;  18.9;   9.6;    1;   1.6;   6;    4.333;-999;   6.9;  11.1; 1014.72;   11.5;   81.58;   14.7;    8.5;    7.3;eor
        183;20200525;    1;  13.3;   4.8;    1;   0.0;   6;    8.050;-999;   4.9;  11.9; 1021.59;   11.6;   87.38;   14.6;    9.3;    9.0;eor
        183;20200526;    1;   6.2;   2.4;    1;   0.0;   0;   13.817;-999;   5.5;  11.5; 1029.81;   10.9;   87.96;   13.2;    9.3;    7.5;eor
        183;20200527;    1;  14.4;   6.0;    1;   0.0;   0;    9.267;-999;   5.4;  11.7; 1026.46;   13.0;   78.13;   17.6;    8.4;    6.8;eor
        183;20200528;    1;  12.1;   3.8;    1;   0.0;   0;   15.067;-999;   2.5;  11.2; 1025.89;   12.5;   77.63;   16.2;   10.0;    8.0;eor
        183;20200529;    1;   7.3;   2.7;    1;   0.0;   0;   15.617;-999;   1.6;  11.1; 1024.83;   13.2;   73.96;   16.5;    9.8;    7.9;eor
        183;20200530;    1;  11.1;   4.1;    1;   0.0;   0;   10.450;-999;   6.2;  11.5; 1022.09;   13.2;   76.00;   15.3;   11.5;    9.9;eor
        183;20200531;    1;  16.8;  10.5;    1;   0.0;   0;   15.617;-999;   3.7;  11.2; 1020.51;   13.6;   72.04;   15.9;   11.9;    9.5;eor
        183;20200601;    1;  12.1;   5.1;    1;   0.0;   0;   16.050;-999;   0.0;  10.9; 1021.24;   14.9;   65.63;   18.5;   11.7;    9.7;eor
        183;20200602;    1;  10.7;   4.6;    1;   0.0;   0;   14.150;-999;   2.8;  13.1; 1012.37;   15.7;   74.29;   20.0;   12.1;   11.2;eor
        183;20200603;    1;  12.4;   3.6;    1;   0.0;   0;   15.917;-999;   1.6;  11.3; 1003.28;   13.2;   74.13;   15.6;   11.3;    9.8;eor
        183;20200604;    1;  14.5;   4.1;    1;   6.8;   6;   10.000;-999;   7.6;  13.2;  991.83;   14.1;   81.88;   16.4;   12.0;    9.9;eor
        183;20200605;    1;  15.5;   6.5;    1;   5.9;   6;    8.383;-999;   6.5;  11.8;  987.55;   13.0;   78.79;   15.1;    9.6;    9.5;eor
        183;20200606;    1;  20.1;   8.6;    1;   0.0;   6;    9.267;-999;   4.8;   9.8;  993.21;   11.9;   71.63;   16.8;    8.9;    7.4;eor
        183;20200607;    1;   8.8;   4.4;    1;   0.0;   0;    6.933;-999;   5.0;  11.5; 1001.75;   14.4;   71.13;   18.8;    8.9;    7.0;eor
        183;20200608;    1;   8.6;   4.4;    1;   0.0;   0;   14.433;-999;   1.5;  12.0; 1008.40;   13.2;   79.54;   16.4;    9.4;    7.8;eor
        183;20200609;    1;   7.5;   2.8;    1;   0.0;   6;   16.317;-999;   1.6;  13.3; 1013.01;   14.9;   78.46;   18.6;   10.7;    9.1;eor
