STATIONS_ID;MESS_DATUM;QN_3;  FX;  FM;QN_4; RSK;RSKF; SDK;SHK_TAG;  NM; VPM;  PM; TMK; UPM; TXK; TNK; TGK;eor
       1443;20181208;   10;  19.8;   8.4;    3;   3.6;   6;    0.100;   0;   7.8;   7.9;  987.31;    7.9;   73.71;   10.5;    6.2;    5.3;eor
       1443;20181209;   10;  17.1;   6.8;    3;   5.6;   6;    0.000;   0;   7.5;   8.8;  982.62;    8.1;   81.13;   10.7;    5.9;    4.8;eor
       1443;20181210;   10;   6.6;   2.5;    3;   0.2;   6;    1.067;   0;   7.7;   7.2;  995.57;    5.9;   77.92;    8.7;    4.3;    3.1;eor
       1443;20181211;   10;   3.8;   0.9;    3;   0.0;   0;    3.267;   0;   4.5;   6.0;  996.41;    2.3;   83.50;    6.4;   -2.7;   -5.1;eor
       1443;20181212;   10;   6.5;   1.4;    3;   0.0;   8;    5.700;   0;   4.0;   5.0;  993.77;   -1.2;   89.83;    4.9;   -4.8;   -6.7;eor
       1443;20181213;   10;   7.7;   2.0;    3;   0.0;   0;    1.617;   0;   6.1;   4.8;  986.62;    0.2;   78.42;    3.3;   -3.1;   -5.0;eor
       1443;20181214;   10;   5.7;   1.4;    3;   0.0;   0;    4.000;   0;   3.5;   4.3;  990.32;   -0.6;   73.33;    2.1;   -4.9;   -7.3;eor
       1443;20181215;   10;   4.5;   1.2;    3;   2.9;   8;    4.317;   0;   6.8;   4.2;  993.97;   -0.9;   73.33;    1.8;   -4.2;   -5.4;eor
       1443;20181216;   10;   8.4;   2.0;    3;   0.1;   6;    3.133;   0;   6.0;   6.3;  985.95;    1.6;   90.71;    7.8;   -2.3;   -3.1;eor
       1443;20181217;   10;  11.2;   3.0;    3;   0.2;   6;    0.250;   0;   8.0;   7.2;  994.71;    4.4;   86.54;    7.8;   -0.8;   -1.9;eor
       1443;20181218;   10;   3.4;   1.1;    3;   0.0;   6;    6.267;   0;   6.1;   5.9;  995.04;    1.1;   89.96;    6.4;   -2.6;   -4.7;eor
       1443;20181219;   10;   9.9;   2.6;    3;   3.4;   6;    0.000;   0;   8.0;   7.6;  988.22;    6.4;   79.33;   10.6;   -0.6;   -0.9;eor
       1443;20181220;   10;  14.2;   6.0;    3;   0.0;   6;    0.633;   0;   7.6;   7.5;  990.66;    7.9;   70.29;    9.2;    6.9;    5.3;eor
       1443;20181221;   10;  17.9;   8.3;    3;   2.1;   6;    0.000;   0;   7.7;   9.4;  988.24;   10.7;   72.38;   13.0;    8.3;    6.8;eor
       1443;20181222;   10;  17.4;   7.8;    3;   2.4;   6;    0.050;   0;   7.9;  10.5;  992.43;   11.8;   75.71;   13.2;    9.5;    8.4;eor
       1443;20181223;   10;  16.9;   6.5;    3;  14.3;   6;    0.000;   0;   7.9;  10.6;  995.03;   10.9;   81.04;   13.0;    9.0;    7.2;eor
       1443;20181224;   10;  15.2;   3.7;    3;   1.9;   6;    0.667;   0;   5.7;   8.4;  999.25;    6.3;   85.42;   13.0;   -1.7;   -4.1;eor
       1443;20181225;   10;   3.6;   1.1;    3;   0.0;   7;    0.000;   0;   6.6;   5.4; 1006.82;   -1.2;   97.46;   -0.1;   -2.8;   -5.0;eor
       1443;20181226;   10;   3.6;   1.3;    3;   0.0;   8;    0.000;   0;   8.0;   4.9; 1004.37;   -1.6;   91.38;   -1.0;   -2.6;   -1.8;eor
       1443;20181227;   10;   3.2;   1.0;    3;   0.0;   8;    0.633;   0;   8.0;   4.9;  999.64;   -1.9;   92.54;    0.4;   -3.0;   -3.5;eor
       1443;20181228;   10;   3.2;   1.2;    3;   0.0;   0;    0.667;   0;   7.9;   5.5; 1001.28;   -0.3;   92.71;    1.3;   -2.5;   -3.7;eor
       1443;20181229;   10;   8.2;   2.0;    3;   0.0;   6;    0.000;   0;   8.0;   5.5; 1005.84;    1.0;   83.96;    2.0;    0.3;   -0.6;eor
       1443;20181230;   10;   6.5;   1.8;    3;   0.2;   6;    0.000;   0;   8.0;   6.6; 1006.75;    3.6;   83.25;    5.1;    1.9;    1.6;eor
       1443;20181231;   10;   2.5;   0.9;    3;   0.9;   6;    0.000;   0;   7.9;   8.3; 1006.09;    5.1;   94.67;    6.7;    3.5;    3.1;eor
       1443;20190101;   10;   7.8;   2.3;    3;   3.4;   8;    0.000;   0;   7.9;   8.3; 1003.49;    5.6;   91.17;    6.3;    4.1;    2.3;eor
       1443;20190102;   10;  11.0;   1.8;    3;   0.0;   8;    0.500;   0;   6.9;   5.9; 1005.72;    2.8;   78.75;    5.7;   -2.6;   -4.9;eor
       1443;20190103;   10;   2.6;   0.7;    3;   0.1;   7;    2.683;   0;   4.8;   4.6; 1009.11;   -1.0;   82.63;    2.2;   -5.3;   -7.6;eor
       1443;20190104;   10;   6.1;   1.2;    3;   0.0;   6;    4.117;   0;   7.8;   5.4; 1007.99;    0.5;   85.29;    3.3;   -3.2;   -4.7;eor
       1443;20190105;   10;   8.3;   2.6;    3;   6.2;   8;    0.000;   0;   7.6;   6.3; 1004.45;    1.9;   89.83;    3.4;    0.5;    0.1;eor
       1443;20190106;   10;   3.8;   1.1;    3;   1.7;   6;    0.000;   0;   7.7;   7.3; 1004.57;    3.3;   94.08;    4.4;    2.6;    2.4;eor
       1443;20190107;   10;  11.9;   1.7;    3;   0.3;   8;    0.000;   0;   8.0;   6.7; 1004.89;    3.1;   87.25;    4.3;    1.8;    0.7;eor
       1443;20190108;   10;  17.1;   6.1;    3;   0.4;   6;    0.800;   0;   7.2;   6.7;  993.95;    4.3;   79.79;    6.4;    2.2;    1.2;eor
       1443;20190109;   10;  10.8;   2.5;    3;   2.8;   8;    0.217;   0;   7.7;   6.0;  988.93;    2.1;   85.25;    4.2;    0.1;   -1.0;eor
       1443;20190110;   10;   4.6;   1.8;    3;   0.2;   8;    0.000;   0;   7.8;   5.5;  994.81;    0.0;   90.54;    1.0;   -2.1;   -3.2;eor
       1443;20190111;   10;   6.8;   2.0;    3;   1.9;   8;    0.050;   0;   7.8;   5.1;  998.27;   -0.8;   88.79;    0.7;   -2.6;   -3.9;eor
       1443;20190112;   10;  14.9;   3.8;    3;   4.0;   6;    0.000;   0;   7.8;   6.4;  996.19;    2.2;   88.75;    4.4;    0.1;   -0.1;eor
       1443;20190113;   10;  16.6;   7.6;    3;  13.6;   8;    0.000;   0;   7.8;   8.4;  985.36;    6.5;   86.17;    8.4;    4.3;    3.8;eor
       1443;20190114;   10;  14.2;   2.7;    3;   3.1;   6;    0.017;   0;   7.8;   7.6;  986.95;    5.1;   85.88;    7.8;    1.3;   -0.5;eor
       1443;20190115;   10;   7.3;   2.2;    3;   0.0;   0;    4.950;   0;   7.5;   6.2;  994.84;    3.8;   78.46;    7.1;   -0.1;   -1.8;eor
       1443;20190116;   10;  17.1;   2.8;    3;   0.0;   6;    5.283;   0;   7.5;   5.4;  986.40;    4.2;   69.04;   10.1;   -2.5;   -4.0;eor
       1443;20190117;   10;  15.5;   6.4;    3;   2.6;   8;    0.483;   0;   7.2;   7.0;  982.68;    6.5;   71.71;    9.0;    0.9;   -0.6;eor
       1443;20190118;   10;   4.6;   1.3;    3;   0.0;   0;    2.117;   0;   6.8;   5.1;  990.30;    0.4;   80.88;    3.9;   -3.8;   -6.0;eor
       1443;20190119;   10;   3.9;   0.9;    3;   0.0;   0;    6.883;   0;   4.4;   4.0;  986.79;   -2.9;   82.50;    1.9;   -6.6;   -8.2;eor
       1443;20190120;   10;   3.9;   1.3;    3;   0.0;   0;    0.083;   0;   8.0;   4.6;  986.38;   -1.9;   86.79;    0.5;   -4.9;   -6.0;eor
       1443;20190121;   10;   3.8;   1.7;    3;   0.0;   0;    0.000;   0;   8.0;   4.6;  991.60;   -1.9;   86.21;   -1.3;   -2.6;   -1.7;eor
       1443;20190122;   10;   3.8;   1.0;    3;   0.2;   7;    2.067;   0;   5.0;   4.5;  981.82;   -1.6;   83.17;    2.0;   -6.2;   -7.7;eor
       1443;20190123;   10;   4.6;   1.6;    3;   0.0;   8;    0.000;   1;   7.8;   4.6;  970.20;   -1.9;   86.42;    0.3;   -5.6;   -6.9;eor
       1443;20190124;   10;   4.5;   1.6;    3;   0.0;   8;    0.000;   0;   8.0;   4.1;  981.28;   -2.0;   77.04;   -1.3;   -2.8;   -2.6;eor
       1443;20190125;   10;  11.9;   2.0;    3;   0.0;   8;    0.350;   0;   7.8;   3.9;  989.17;   -1.1;   69.29;    2.6;   -3.5;   -5.0;eor
       1443;20190126;   10;  15.0;   7.1;    3;   0.0;   6;    0.050;   0;   7.9;   6.3;  985.10;    4.6;   73.79;    7.2;    0.9;    0.4;eor
       1443;20190127;   10;  16.7;   7.3;    3;   2.5;   8;    0.117;   0;   7.6;   6.9;  968.32;    6.8;   69.46;    8.9;    2.4;    1.7;eor
       1443;20190128;   10;  13.7;   6.4;    3;   1.3;   8;    0.000;   0;   7.8;   5.9;  974.39;    2.4;   81.21;    3.5;    0.8;    0.1;eor
       1443;20190129;   10;  10.7;   2.4;    3;   0.0;   8;    3.583;   0;   7.4;   5.1;  977.47;    2.2;   71.33;    4.7;    0.0;   -2.2;eor
       1443;20190130;   10;  20.1;   5.9;    3;   0.0;   8;    1.150;   0;   7.3;   4.8;  968.78;    2.0;   68.42;    5.1;   -0.7;   -3.2;eor
       1443;20190131;   10;   9.5;   2.6;    3;   1.4;   8;    2.883;   0;   7.8;   5.1;  968.20;    2.1;   72.13;    5.3;   -0.2;   -2.6;eor
       1443;20190201;   10;   4.1;   1.3;    3;   6.4;   6;    0.000;   0;   7.8;   7.8;  962.35;    4.1;   94.71;    6.8;    0.9;    0.9;eor
       1443;20190202;   10;   7.1;   1.7;    3;   0.6;   6;    3.533;   0;   7.8;   7.4;  968.82;    5.4;   83.21;    8.8;    2.3;    0.7;eor
       1443;20190203;   10;   9.6;   2.7;    3;   0.6;   8;    0.000;   0;   7.7;   6.2;  988.41;    2.0;   87.71;    4.8;   -1.2;   -3.0;eor
       1443;20190204;   10;   4.8;   1.3;    3;   0.0;   0;    7.283;   0;   6.7;   5.1;  999.87;    0.9;   78.83;    5.4;   -3.8;   -5.8;eor
       1443;20190205;   10;   4.7;   1.1;    3;   0.0;   0;    8.050;   0;   2.2;   4.6; 1000.01;    0.0;   77.79;    6.7;   -4.6;   -6.6;eor
       1443;20190206;   10;   3.4;   1.0;    3;   0.0;   0;    7.983;   0;   5.4;   4.6;  997.33;   -0.9;   82.21;    6.8;   -6.0;   -7.8;eor
       1443;20190207;   10;  13.1;   3.2;    3;   0.4;   6;    0.000;   0;   7.8;   6.2;  989.73;    3.1;   79.92;    7.5;   -4.1;   -5.7;eor
       1443;20190208;   10;  10.4;   4.0;    3;   0.0;   6;    5.450;   0;   7.9;   6.6;  989.72;    6.8;   67.08;   10.6;    2.0;   -1.8;eor
       1443;20190209;   10;  14.9;   5.5;    3;   0.0;   6;    1.233;   0;   8.0;   7.2;  986.68;    9.2;   61.67;   11.9;    2.7;   -1.8;eor
       1443;20190210;   10;  24.8;   6.9;    3;   9.6;   8;    1.017;   0;   7.9;   7.3;  978.35;    9.8;   61.88;   15.0;    4.9;    3.4;eor
       1443;20190211;   10;  10.7;   3.4;    3;   3.2;   8;    1.167;   0;   7.1;   6.7;  993.31;    3.6;   85.13;    6.7;    0.9;   -1.0;eor
       1443;20190212;   10;   3.9;   1.2;    3;   0.0;   0;    1.133;   0;   7.4;   6.0; 1006.72;    1.9;   86.17;    6.2;   -2.6;   -4.4;eor
       1443;20190213;   10;   3.8;   0.9;    3;   0.0;   0;    8.517;   0;   5.1;   5.1; 1007.97;    1.2;   78.04;    8.8;   -4.2;   -6.1;eor
       1443;20190214;   10;   3.5;   0.9;    3;   0.0;   0;    8.583;   0;   4.2;   5.4; 1007.01;    3.0;   74.50;   11.9;   -3.4;   -5.5;eor
       1443;20190215;   10;   3.0;   0.8;    3;   0.0;   0;    8.633;   0;   0.0;   5.9; 1003.45;    3.5;   77.38;   12.9;   -3.2;   -5.5;eor
       1443;20190216;   10;   3.2;   0.7;    3;   0.0;   0;    8.700;   0;   0.2;   5.7;  999.80;    5.1;   69.33;   18.2;   -3.1;   -5.7;eor
       1443;20190217;   10;   3.1;   0.8;    3;   0.0;   0;    8.750;   0;   4.3;   5.3;  996.07;    6.7;   60.17;   19.7;   -2.3;   -5.4;eor
       1443;20190218;   10;   7.1;   1.4;    3;   0.0;   0;    8.767;   0;   1.6;   5.7;  992.51;    7.1;   59.38;   16.3;   -1.5;   -4.5;eor
       1443;20190219;   10;  10.3;   3.7;    3;   0.0;   0;    1.883;   0;   6.5;   7.2;  993.27;    9.7;   60.58;   13.2;    3.1;   -0.5;eor
       1443;20190220;   10;   3.8;   0.8;    3;   0.0;   0;    6.350;   0;   6.7;   7.4;  996.34;    6.4;   78.46;   13.7;    0.5;   -2.2;eor
       1443;20190221;   10;   4.7;   0.9;    3;   0.0;   6;    8.467;   0;   3.8;   7.0; 1000.27;    7.1;   73.08;   16.7;   -0.4;   -3.2;eor
       1443;20190222;   10;   6.1;   1.6;    3;   0.0;   0;    1.417;   0;   6.8;   8.2; 1005.16;    8.7;   73.08;   14.0;    4.3;    0.5;eor
       1443;20190223;   10;   7.7;   2.5;    3;   0.0;   0;    8.900;   0;   5.8;   5.5; 1005.61;    7.7;   55.21;   15.8;    0.1;   -3.1;eor
       1443;20190224;   10;   5.1;   1.4;    3;   0.0;   0;    9.217;   0;   2.3;   3.9; 1006.85;    4.0;   50.42;   11.6;   -3.5;   -6.6;eor
       1443;20190225;   10;   4.2;   1.0;    3;   0.0;   0;    9.250;   0;   4.0;   5.0; 1006.57;    5.3;   58.25;   14.8;   -2.4;   -5.2;eor
       1443;20190226;   10;   4.1;   1.0;    3;   0.0;   0;    9.167;   0;  -999;   6.8; 1004.41;    7.1;   70.17;   16.2;   -0.9;   -4.7;eor
       1443;20190227;   10;   4.1;   0.9;    3;   0.0;   0;    9.350;   0;   0.3;   6.8;  998.48;    7.7;   69.00;   18.0;   -0.4;   -4.5;eor
       1443;20190228;   10;  14.1;   4.7;    3;   1.7;   6;    9.400;   0;   3.1;   7.3;  992.80;   10.5;   60.75;   19.0;    0.1;   -3.6;eor
       1443;20190301;   10;  13.3;   4.6;    3;   4.0;   6;    0.000;   0;   7.8;   9.3;  989.83;    8.7;   82.25;   10.9;    7.2;    5.9;eor
       1443;20190302;   10;  11.6;   4.9;    3;   0.0;   0;    1.383;   0;   7.9;   8.1;  991.18;    9.0;   70.63;   12.3;    6.8;    5.5;eor
       1443;20190303;   10;  15.2;   5.3;    3;   0.0;   0;    2.800;   0;   7.8;   8.3;  987.47;   10.9;   63.92;   13.7;    6.2;    1.7;eor
       1443;20190304;   10;  24.3;   6.7;    3;   5.9;   6;    1.000;   0;   7.5;   7.1;  978.05;    8.9;   63.29;   15.1;    5.6;    1.1;eor
       1443;20190305;   10;  15.4;   5.8;    3;   0.3;   6;    0.050;   0;   8.0;   7.0;  984.78;    8.2;   64.75;   11.4;    4.3;    0.1;eor
       1443;20190306;   10;   9.9;   1.6;    3;   1.0;   6;    3.600;   0;   8.0;   6.1;  977.92;    9.1;   57.83;   17.6;   -0.3;   -2.9;eor
       1443;20190307;   10;  17.9;   6.3;    3;   0.9;   6;    2.567;   0;   7.1;   7.7;  977.11;   10.3;   61.54;   14.4;    8.4;    5.7;eor
       1443;20190308;   10;  14.4;   6.5;    3;   0.0;   6;    4.033;   0;   6.9;   7.1;  989.11;    9.4;   61.08;   12.8;    7.1;    6.2;eor
       1443;20190309;   10;  17.1;   8.5;    3;   0.5;   6;    0.000;   0;   7.9;   9.0;  992.50;   10.3;   71.21;   12.4;    7.9;    7.8;eor
       1443;20190310;   10;  21.3;   8.0;    3;   1.4;   6;    2.617;   0;   6.9;   9.4;  988.14;   12.1;   65.63;   16.0;    7.1;    4.1;eor
       1443;20190311;   10;  18.9;   4.4;    3;   4.0;   8;    1.917;   0;   6.3;   5.8;  996.04;    4.5;   69.88;    7.6;    0.2;   -2.2;eor
       1443;20190312;   10;  18.9;   3.5;    3;   1.2;   6;    5.250;   0;   7.5;   4.5;  992.05;    7.9;   47.58;   14.4;    0.1;   -2.5;eor
       1443;20190313;   10;  17.6;   7.0;    3;   4.6;   6;    1.600;   0;   7.4;   6.8;  986.99;    6.4;   71.38;    9.2;    4.3;    3.0;eor
       1443;20190314;   10;  19.7;   8.1;    3;  12.9;   6;    0.000;   0;   7.5;   7.5;  985.25;    5.9;   81.00;    7.5;    5.2;    4.3;eor
       1443;20190315;   10;  15.7;   7.0;    3;   7.9;   6;    0.000;   0;   7.8;  10.3;  986.72;    9.9;   84.46;   11.8;    6.3;    5.5;eor
       1443;20190316;   10;  16.6;   7.0;    3;   0.0;   6;    6.150;   0;   6.2;   9.4;  987.52;   11.8;   68.79;   14.3;   10.0;    5.5;eor
       1443;20190317;   10;  19.4;   7.2;    3;  12.5;   8;    5.050;   0;   7.1;   6.7;  982.19;   10.9;   55.08;   16.7;    3.4;    1.0;eor
       1443;20190318;   10;  10.5;   3.4;    3;   0.0;   6;    3.000;   0;   5.1;   6.3;  992.54;    4.8;   73.92;    9.6;    0.3;   -2.7;eor
       1443;20190319;   10;   7.2;   1.6;    3;   0.0;   0;    7.117;   0;   3.0;   5.8;  998.95;    4.3;   72.21;   10.6;   -1.7;   -4.0;eor
       1443;20190320;   10;  10.0;   2.3;    3;   0.0;   0;   10.667;   0;   1.2;   5.2; 1004.05;    5.4;   61.92;   13.4;   -2.7;   -5.9;eor
       1443;20190321;   10;  10.1;   2.7;    3;   0.0;   0;   10.750;   0;   4.4;   5.2; 1002.47;    8.3;   51.42;   17.2;   -1.0;   -4.5;eor
       1443;20190322;   10;   5.7;   1.0;    3;   0.0;   0;   10.767;   0;   3.9;   6.0; 1000.63;    8.8;   56.50;   18.4;   -0.7;   -4.4;eor
       1443;20190323;   10;   6.4;   1.3;    3;   0.0;   0;   10.867;   0;   0.5;   6.7;  998.89;   10.0;   60.17;   19.3;    0.8;   -3.4;eor
       1443;20190324;   10;   6.6;   1.5;    3;   0.0;   0;    9.633;   0;   1.2;   7.8;  996.00;    9.6;   67.38;   17.2;    2.0;   -2.4;eor
       1443;20190325;   10;  11.2;   2.8;    3;   3.3;   6;    5.133;   0;   6.3;   6.2;  995.87;    7.7;   60.00;   11.9;    2.9;   -0.5;eor
       1443;20190326;   10;   7.0;   1.7;    3;   0.0;   0;    3.917;   0;   5.1;   6.2; 1001.24;    5.3;   71.96;   10.0;    0.7;   -2.6;eor
       1443;20190327;   10;   7.1;   1.8;    3;   0.0;   0;    1.217;   0;   6.0;   6.0; 1002.62;    5.7;   67.13;   11.4;   -1.4;   -4.5;eor
       1443;20190328;   10;  11.4;   2.3;    3;   0.0;   0;   10.933;   0;   0.4;   6.3; 1002.60;    8.3;   61.88;   17.0;   -1.1;   -4.8;eor
       1443;20190329;   10;   6.4;   1.6;    3;   0.0;   0;   11.167;   0;   0.4;   7.5;  999.46;   10.7;   61.33;   18.5;    2.9;   -0.8;eor
       1443;20190330;   10;   5.9;   1.1;    3;   0.0;   0;   11.233;   0;   0.2;   6.8;  994.85;   11.2;   57.00;   20.8;    1.6;   -2.2;eor
       1443;20190331;   10;   9.4;   1.8;    3;   0.0;   0;   11.217;   0;   2.2;   6.9;  990.66;   12.1;   53.25;   21.5;    2.4;   -1.8;eor
       1443;20190401;   10;   7.3;   2.2;    3;   0.0;   0;   10.867;   0;   3.4;   8.9;  988.06;   11.4;   67.54;   18.7;    4.3;   -1.1;eor
       1443;20190402;   10;  12.4;   3.3;    3;   2.5;   6;   10.300;   0;   7.7;   7.5;  981.68;   14.0;   52.33;   21.3;    4.3;    0.2;eor
       1443;20190403;   10;  11.3;   3.2;    3;  21.0;   8;    0.000;   0;   7.8;   8.5;  976.11;    7.6;   81.17;   12.0;    3.8;    3.4;eor
       1443;20190404;   10;   5.5;   1.5;    3;   7.9;   8;    0.000;   0;   7.5;   6.7;  973.82;    2.7;   90.75;    4.0;    0.7;   -0.8;eor
       1443;20190405;   10;   4.4;   1.1;    3;   0.0;   0;    0.300;   0;   7.0;   7.1;  976.76;    4.2;   86.33;    8.3;    0.1;   -2.6;eor
       1443;20190406;   10;   5.8;   1.5;    3;   0.0;   0;    6.950;   0;   5.8;   8.0;  975.34;    6.8;   80.83;   13.7;   -1.4;   -3.4;eor
       1443;20190407;   10;   5.4;   1.3;    3;   7.4;   6;    0.000;   0;   7.9;   9.6;  978.11;    8.9;   84.79;   11.4;    5.0;    2.3;eor
       1443;20190408;   10;   7.7;   2.4;    3;   0.5;   6;    1.767;   0;   8.0;   9.8;  982.53;   10.6;   76.92;   14.6;    8.1;    6.9;eor
       1443;20190409;   10;   3.7;   1.2;    3;   8.4;   6;    0.000;   0;   6.9;  10.4;  982.15;    8.8;   91.54;   10.5;    4.6;    2.5;eor
       1443;20190410;   10;   4.7;   1.5;    3;  11.1;   6;    0.000;   0;   7.5;  10.2;  982.63;    8.0;   94.83;    9.7;    3.9;    2.1;eor
       1443;20190411;   10;  10.6;   2.7;    3;   0.0;   0;    7.833;   0;   7.0;   7.5;  987.88;    8.1;   71.04;   14.1;    2.5;   -0.9;eor
       1443;20190412;   10;   9.3;   3.1;    3;   0.0;   0;    7.983;   0;   4.0;   5.9;  990.52;    6.0;   64.29;   11.9;    0.3;   -2.3;eor
       1443;20190413;   10;   8.3;   2.6;    3;   0.0;   6;    0.450;   0;   7.8;   6.0;  991.07;    4.3;   71.88;    7.4;    2.5;   -0.1;eor
       1443;20190414;   10;   6.9;   2.5;    3;   0.4;   6;    0.000;   0;   7.1;   6.9;  992.08;    3.9;   85.04;    6.4;    1.4;   -1.3;eor
       1443;20190415;   10;   7.4;   1.6;    3;   0.0;   0;   11.683;   0;   0.3;   7.6;  991.37;    7.8;   72.71;   16.9;   -1.5;   -3.7;eor
       1443;20190416;   10;   9.7;   2.3;    3;   1.9;   6;    5.817;   0;   7.1;   9.1;  989.78;   10.9;   71.63;   17.5;    3.0;   -0.3;eor
       1443;20190417;   10;   8.4;   1.7;    3;   0.0;   6;    4.150;   0;   5.8;  11.4;  992.31;   13.0;   76.92;   18.0;    8.2;    5.0;eor
       1443;20190418;   10;  10.1;   2.3;    3;   0.0;   0;   12.300;   0;   2.3;   8.7;  992.74;   14.8;   54.04;   22.2;    4.3;    0.7;eor
       1443;20190419;   10;   7.2;   1.9;    3;   0.0;   6;   12.133;   0;   0.5;   9.6;  996.78;   16.0;   54.88;   23.2;    6.6;    2.5;eor
       1443;20190420;   10;  10.5;   2.1;    3;   0.0;   0;   12.400;   0;   0.6;   8.4;  995.95;   16.2;   50.67;   25.6;    6.2;    2.4;eor
       1443;20190421;   10;   5.5;   1.4;    3;   0.0;   0;    6.200;   0;   6.2;   8.7;  989.01;   14.9;   52.71;   21.7;    7.5;    4.4;eor
       1443;20190422;   10;   9.2;   1.9;    3;   0.0;   0;   10.417;   0;   5.8;   8.3;  977.50;   16.9;   48.83;   26.2;    6.0;    2.0;eor
       1443;20190423;   10;   5.3;   1.4;    3;   0.0;   0;    6.000;   0;   6.1;   9.5;  970.16;   16.3;   53.21;   23.2;    9.5;    5.9;eor
       1443;20190424;   10;  24.9;   3.0;    3;   3.3;   6;    6.533;   0;   7.0;  10.8;  975.92;   13.5;   72.50;   24.8;    5.3;    3.3;eor
       1443;20190425;   10;  10.8;   2.2;    3;   6.1;   6;    8.533;   0;   6.0;  10.2;  980.78;   12.4;   71.54;   21.2;    3.9;    1.6;eor
       1443;20190426;   10;  11.4;   3.5;    3;   2.9;   6;    0.333;   0;   7.6;   8.9;  988.18;    9.7;   74.00;   12.7;    5.5;    2.4;eor
       1443;20190427;   10;  13.2;   5.4;    3;   7.5;   6;    0.483;   0;   7.7;   9.1;  990.49;    9.5;   76.21;   13.2;    6.3;    4.5;eor
       1443;20190428;   10;   9.5;   3.4;    3;   5.9;   6;    3.550;   0;   7.3;   7.7;  992.83;    7.5;   74.54;   10.9;    5.1;    4.6;eor
       1443;20190429;   10;   7.9;   1.5;    3;   0.2;   6;    3.333;   0;   7.3;   8.4;  994.15;    9.0;   74.92;   13.0;    2.7;    0.6;eor
       1443;20190430;   10;   5.8;   1.3;    3;   0.0;   6;    3.233;   0;   5.2;   9.7;  991.85;    9.8;   80.58;   14.6;    3.9;    0.8;eor
       1443;20190501;   10;   7.1;   1.6;    3;   0.0;   0;   12.917;-999;   0.0;   8.8;  987.49;   11.4;   68.96;   19.4;    2.0;   -1.0;eor
       1443;20190502;   10;  16.1;   2.4;    3;   9.8;   6;    5.917;-999;   7.1;   9.9;  983.53;   12.1;   72.42;   19.8;    5.0;    1.8;eor
       1443;20190503;   10;  10.4;   2.1;    3;   0.7;   6;    1.700;-999;   7.6;   9.9;  983.99;   10.7;   78.38;   14.9;    8.0;    6.5;eor
       1443;20190504;   10;  14.6;   2.3;    3;  10.4;   8;    0.717;-999;   6.8;   8.1;  982.15;    5.2;   90.04;   10.7;    0.8;    0.6;eor
       1443;20190505;   10;   9.2;   2.2;    3;   2.0;   8;    3.367;-999;   7.3;   6.5;  989.75;    5.0;   75.83;   10.1;    0.4;   -2.0;eor
       1443;20190506;   10;   7.3;   1.4;    3;   0.0;   6;    3.167;-999;   7.0;   6.6;  992.76;    6.6;   70.25;   12.0;   -0.4;   -2.6;eor
       1443;20190507;   10;   6.5;   1.4;    3;   0.3;   6;   10.667;-999;   7.5;   7.5;  988.82;    9.5;   65.58;   15.3;    1.2;   -1.4;eor
       1443;20190508;   10;  12.6;   3.1;    3;   7.0;   6;    0.000;-999;   7.8;  10.6;  977.97;   11.6;   76.67;   15.0;    8.3;    6.9;eor
       1443;20190509;   10;  16.1;   5.3;    3;   1.9;   6;    1.000;-999;   7.0;   9.9;  976.27;   12.4;   68.29;   15.4;    7.0;    4.3;eor
       1443;20190510;   10;   9.4;   3.9;    3;   1.0;   6;    3.833;-999;   7.2;  10.6;  983.48;   14.0;   67.42;   17.9;   10.6;    9.8;eor
       1443;20190511;   10;  24.7;   6.6;    3;   5.3;   6;    5.367;-999;   7.5;  10.7;  985.75;   13.2;   71.46;   18.5;    8.2;    6.8;eor
       1443;20190512;   10;  11.8;   3.3;    3;   0.0;   0;    9.800;-999;   3.5;   8.4; 1000.77;    9.7;   72.00;   14.1;    4.5;    1.4;eor
       1443;20190513;   10;  13.3;   3.2;    3;   0.0;   0;    9.817;-999;   2.2;   6.3; 1003.20;   10.9;   51.75;   16.7;    1.9;   -0.9;eor
       1443;20190514;   10;  10.9;   3.4;    3;   0.0;   0;   12.850;-999;   1.5;   5.0;  998.45;   11.8;   37.50;   16.5;    4.1;    1.5;eor
       1443;20190515;   10;  10.6;   3.0;    3;   0.0;   0;   10.017;-999;   2.2;   6.0;  992.85;   11.0;   47.42;   16.1;    4.4;    0.4;eor
       1443;20190516;   10;   8.8;   2.3;    3;   0.0;   0;    6.150;-999;   5.4;   8.1;  985.30;   10.8;   63.04;   16.4;    2.7;   -0.9;eor
       1443;20190517;   10;   7.5;   1.9;    3;   0.1;   6;    7.833;-999;   5.8;   9.6;  978.28;   13.3;   64.21;   20.3;    4.3;    1.2;eor
       1443;20190518;   10;   7.4;   1.7;    3;   3.0;   6;    1.750;-999;   7.9;  12.4;  977.55;   14.0;   78.21;   19.2;    9.9;    8.1;eor
       1443;20190519;   10;   5.9;   1.6;    3;  33.7;   6;    2.200;-999;   7.7;  13.2;  977.32;   14.2;   82.42;   18.5;   10.7;    9.9;eor
       1443;20190520;   10;   7.0;   2.1;    3;  21.9;   6;    0.117;-999;   7.9;  14.0;  979.10;   13.7;   89.46;   18.2;   12.0;   11.6;eor
       1443;20190521;   10;   9.3;   3.0;    3;  14.7;   6;    0.000;-999;   7.8;  12.9;  986.20;   12.3;   89.54;   13.4;   11.6;   10.9;eor
       1443;20190522;   10;   7.6;   1.7;    3;   0.0;   0;   13.083;-999;   4.6;  10.4;  991.15;   14.0;   68.29;   19.5;    7.4;    4.5;eor
       1443;20190523;   10;   9.1;   2.1;    3;   0.0;   0;   13.750;-999;   5.7;  10.5;  990.05;   14.4;   67.13;   21.0;    5.2;    3.0;eor
       1443;20190524;   10;   7.4;   1.6;    3;   0.0;   0;   10.500;-999;   7.5;  11.5;  986.79;   16.3;   65.58;   23.2;    8.7;    6.6;eor
       1443;20190525;   10;   9.7;   2.0;    3;   0.0;   6;    7.567;-999;   5.7;  12.7;  987.65;   16.6;   68.92;   22.1;   10.4;    8.9;eor
       1443;20190526;   10;   5.5;   1.3;    3;   0.0;   0;   12.150;-999;   5.0;  12.0;  988.04;   16.4;   66.88;   22.5;    8.5;    6.0;eor
       1443;20190527;   10;   6.7;   1.7;    3;   9.4;   6;    3.633;-999;   7.9;  12.9;  983.10;   16.1;   71.50;   20.7;    9.1;    7.1;eor
       1443;20190528;   10;  10.1;   2.3;    3;   8.9;   6;    2.350;-999;   7.5;  12.1;  982.84;   12.9;   81.38;   16.9;    8.9;    7.6;eor
       1443;20190529;   10;   8.1;   1.9;    3;   0.0;   6;    5.500;-999;   5.3;  10.9;  992.38;   12.9;   75.08;   18.1;    9.0;    6.7;eor
       1443;20190530;   10;   6.8;   1.5;    3;   0.0;   0;   10.433;-999;   3.4;  10.4;  997.50;   15.6;   61.75;   22.4;    5.5;    3.4;eor
       1443;20190531;   10;   6.3;   1.5;    3;   0.0;   0;    6.417;-999;   5.8;  13.3;  996.97;   18.6;   63.92;   24.5;   13.7;   11.3;eor
       1443;20190601;   10;   7.5;   2.0;    3;   0.0;   0;   14.000;-999;   2.6;  14.6;  993.32;   20.7;   61.79;   27.4;   10.8;    8.4;eor
       1443;20190602;   10;   8.1;   2.0;    3;   0.0;   0;   14.033;-999;   1.8;  14.0;  988.73;   22.6;   55.63;   30.2;   12.6;    9.7;eor
       1443;20190603;   10;  15.1;   2.3;    3;   0.1;   6;   10.200;-999;   4.8;  15.4;  987.28;   21.2;   63.54;   29.4;   13.5;   10.2;eor
       1443;20190604;   10;   7.4;   1.8;    3;   0.0;   0;   12.200;-999;   3.8;  15.2;  982.14;   23.6;   57.25;   32.6;   13.4;   10.5;eor
       1443;20190605;   10;  20.9;   3.6;    3;   0.0;   6;   12.083;-999;   4.8;  12.9;  978.33;   24.3;   42.88;   29.6;   16.5;   14.1;eor
       1443;20190606;   10;  16.7;   3.2;    3;   3.8;   6;    1.800;-999;   6.4;  11.6;  986.94;   12.5;   80.42;   16.5;    8.3;    6.5;eor
       1443;20190607;   10;  11.9;   2.3;    3;   1.5;   6;    9.517;-999;   4.5;  12.3;  985.22;   15.7;   70.54;   25.4;    7.0;    4.6;eor
       1443;20190608;   10;  13.9;   4.5;    3;   0.0;   0;   13.683;-999;   4.7;   8.7;  995.37;   16.7;   47.79;   22.5;    9.7;    6.1;eor
       1443;20190609;   10;   4.8;   1.5;    3;   4.8;   6;    4.300;-999;   7.6;  12.4;  992.83;   15.6;   70.21;   20.2;    7.7;    4.8;eor
       1443;20190610;   10;   7.5;   2.1;    3;  17.5;   6;    0.483;-999;   7.7;  16.2;  986.75;   15.8;   89.75;   18.2;   14.0;   13.4;eor
       1443;20190611;   10;   5.2;   1.7;    3;   4.1;   6;    0.200;-999;   7.8;  14.6;  983.96;   14.6;   87.71;   17.2;   12.5;   12.4;eor
       1443;20190612;   10;  11.3;   3.2;    3;   4.3;   6;    7.800;-999;   5.5;  13.0;  983.98;   16.2;   72.17;   20.9;   12.2;   11.8;eor
       1443;20190613;   10;   8.8;   2.2;    3;   0.0;   0;   11.833;-999;   1.9;  12.6;  986.95;   18.0;   64.67;   24.3;   11.1;    8.0;eor
       1443;20190614;   10;   5.9;   1.6;    3;   0.1;   6;    3.633;-999;   6.9;  15.0;  986.35;   17.7;   74.25;   23.8;    9.9;    7.2;eor
       1443;20190615;   10;  12.2;   3.8;    3;  24.0;   6;    4.483;-999;   7.6;  15.9;  987.94;   18.9;   73.96;   23.3;   15.1;   13.5;eor
       1443;20190616;   10;   5.4;   1.6;    3;   0.0;   0;    7.800;-999;   4.3;  14.7;  993.51;   18.0;   73.50;   23.0;   13.0;   11.5;eor
       1443;20190617;   10;   9.5;   2.6;    3;   0.0;   0;   14.083;-999;   0.8;  15.5;  990.08;   20.0;   68.29;   26.4;   11.3;    8.8;eor
       1443;20190618;   10;   8.3;   1.7;    3;   0.0;   0;   11.117;-999;   5.3;  15.5;  986.50;   22.4;   61.29;   29.6;   13.3;   10.3;eor
       1443;20190619;   10;   9.9;   2.8;    3;  16.3;   8;   12.250;-999;   5.0;  14.9;  983.15;   23.8;   54.00;   30.1;   14.6;   11.3;eor
       1443;20190620;   10;  15.3;   3.1;    3;   0.0;   6;    4.483;-999;   6.5;  16.4;  986.57;   20.4;   69.17;   24.8;   16.0;   14.7;eor
       1443;20190621;   10;   9.2;   2.4;    3;   1.1;   6;   11.333;-999;   7.3;  15.9;  989.62;   20.1;   69.25;   25.0;   14.5;   12.6;eor
       1443;20190622;   10;   4.2;   1.6;    3;   0.9;   6;    0.067;-999;   7.9;  17.3;  989.27;   17.2;   87.92;   19.4;   14.5;   14.3;eor
       1443;20190623;   10;   8.1;   1.9;    3;   0.0;   0;    6.850;-999;   7.2;  18.4;  989.27;   20.8;   76.83;   26.8;   15.7;   14.7;eor
       1443;20190624;   10;   5.3;   1.6;    3;   0.0;   0;   13.667;-999;   3.0;  20.0;  989.90;   23.3;   71.42;   29.9;   15.0;   12.6;eor
       1443;20190625;   10;   4.6;   1.4;    3;   0.0;   0;   13.533;-999;   2.2;  21.7;  991.17;   25.8;   68.13;   33.9;   16.8;   14.4;eor
       1443;20190626;   10;   5.1;   1.4;    3;   0.0;   0;   13.800;-999;   0.3;  23.3;  993.99;   27.2;   67.17;   34.2;   19.5;   16.9;eor
       1443;20190627;   10;   8.9;   2.3;    3;   0.0;   0;   14.083;-999;   0.0;  23.1;  994.09;   26.0;   69.38;   31.9;   20.3;   17.2;eor
       1443;20190628;   10;   7.8;   2.5;    3;   0.0;   0;   14.233;-999;   0.0;  16.1;  992.92;   23.1;   57.83;   29.5;   15.7;   12.8;eor
       1443;20190629;   10;   7.0;   1.7;    3;   0.0;   0;   14.217;-999;   0.0;  17.7;  989.62;   24.0;   61.29;   32.0;   14.6;   11.1;eor
       1443;20190630;   10;   9.2;   2.7;    3;   0.0;   0;   14.150;-999;   2.1;  19.2;  988.18;   27.9;   54.33;   36.1;   16.1;   13.6;eor
       1443;20190701;   10;   9.6;   2.3;    3;   1.3;   6;    9.550;-999;   5.8;  20.0;  989.27;   25.8;   60.46;   31.9;   20.6;   17.7;eor
       1443;20190702;   10;   8.2;   2.8;    3;   0.0;   0;   12.733;-999;   3.9;  14.2;  991.21;   22.1;   54.04;   26.8;   17.7;   15.1;eor
       1443;20190703;   10;  10.9;   3.0;    3;   0.0;   0;   10.533;-999;   6.2;  13.4;  991.40;   20.9;   55.08;   27.0;   14.7;   12.8;eor
       1443;20190704;   10;   7.7;   2.4;    3;   0.0;   0;   14.133;-999;   1.2;  13.2;  991.99;   21.0;   54.75;   27.8;   13.6;   10.6;eor
       1443;20190705;   10;   6.1;   1.4;    3;   0.0;   0;   14.117;-999;   0.5;  13.7;  989.33;   22.7;   54.58;   30.9;   13.4;   10.1;eor
       1443;20190706;   10;  15.0;   2.8;    3;   0.2;   6;    6.717;-999;   5.4;  15.7;  984.70;   22.3;   59.88;   30.0;   13.6;   10.6;eor
       1443;20190707;   10;  17.7;   3.0;    3;   0.0;   0;    8.767;-999;   6.8;  16.0;  984.83;   21.6;   62.92;   26.3;   15.4;   13.1;eor
       1443;20190708;   10;   5.3;   1.6;    3;   2.2;   6;    0.717;-999;   7.0;  15.3;  989.15;   16.4;   82.17;   20.7;   11.1;    7.9;eor
       1443;20190709;   10;  10.1;   3.1;    3;   0.0;   0;   13.967;-999;   4.2;  10.8;  989.80;   16.2;   61.38;   22.7;    8.6;    5.8;eor
       1443;20190710;   10;   9.4;   2.3;    3;   0.0;   0;   14.033;-999;   4.7;  10.0;  990.25;   17.5;   53.33;   24.7;    9.3;    6.3;eor
       1443;20190711;   10;   4.6;   1.4;    3;   1.7;   6;    2.833;-999;   6.8;  12.3;  987.50;   17.8;   61.50;   22.8;   12.2;   10.2;eor
       1443;20190712;   10;  12.1;   2.5;    3;   9.0;   6;    4.667;-999;   7.1;  15.2;  985.73;   19.8;   67.67;   26.5;   12.9;    9.9;eor
       1443;20190713;   10;   6.1;   1.4;    3;   0.0;   0;    8.467;-999;   3.8;  14.1;  989.92;   17.7;   71.96;   22.6;   12.1;    9.6;eor
       1443;20190714;   10;   8.4;   2.0;    3;   7.2;   6;    5.567;-999;   4.6;  14.5;  988.40;   16.0;   80.75;   21.8;   10.2;    7.9;eor
       1443;20190715;   10;   9.7;   2.7;    3;   0.0;   0;    9.100;-999;   4.3;  14.6;  988.45;   17.4;   75.38;   23.6;   12.3;   10.9;eor
       1443;20190716;   10;   5.9;   1.5;    3;   0.0;   0;   13.033;-999;   2.3;  13.6;  989.09;   18.6;   66.92;   27.0;   10.8;    7.8;eor
       1443;20190717;   10;   5.8;   1.4;    3;   0.0;   0;   12.667;-999;   6.0;  14.2;  985.95;   20.3;   62.71;   27.8;   12.0;    9.0;eor
       1443;20190718;   10;  10.1;   1.5;    3;   0.0;   0;    9.833;-999;   6.9;  13.3;  985.38;   21.8;   55.00;   29.1;   12.7;   10.1;eor
       1443;20190719;   10;   9.3;   2.3;    3;   0.0;   0;    9.317;-999;   7.5;  15.5;  987.51;   22.4;   59.08;   28.7;   16.4;   13.7;eor
       1443;20190720;   10;  12.5;   2.9;    3;   2.3;   6;    9.750;-999;   7.1;  14.7;  986.94;   24.4;   52.83;   33.2;   14.3;   11.7;eor
       1443;20190721;   10;  11.7;   1.9;    3;   0.1;   6;    9.067;-999;   7.2;  19.0;  993.20;   23.3;   68.42;   29.0;   18.0;   15.2;eor
       1443;20190722;   10;   6.6;   1.6;    3;   0.0;   0;   11.750;-999;  -999;  16.8;  995.23;   23.3;   62.08;   30.8;   15.3;   12.6;eor
       1443;20190723;   10;   6.6;   1.6;    3;   0.0;   0;   13.667;-999;   2.7;  17.5;  991.38;   25.3;   58.13;   34.1;   15.2;   12.2;eor
       1443;20190724;   10;   8.2;   1.4;    3;   0.0;   0;   13.567;-999;   1.8;  16.5;  988.07;   27.7;   49.71;   37.0;   17.5;   14.5;eor
       1443;20190725;   10;   6.8;   1.9;    3;   0.0;   0;   12.650;-999;   7.0;  17.3;  986.33;   28.5;   47.08;   37.4;   17.5;   14.2;eor
       1443;20190726;   10;  21.7;   2.7;    3;   0.8;   6;   10.800;-999;   6.6;  17.1;  982.09;   28.2;   47.63;   35.2;   20.0;   18.7;eor
       1443;20190727;   10;  10.8;   3.3;    3;  37.5;   6;    6.817;-999;   7.2;  18.3;  976.46;   22.8;   67.17;   28.5;   19.1;   18.9;eor
       1443;20190728;   10;   8.0;   2.0;    3;   7.9;   6;    0.000;-999;   7.9;  19.1;  977.54;   18.2;   91.08;   19.8;   16.1;   15.8;eor
       1443;20190729;   10;   6.7;   1.7;    3;   0.0;   0;   12.467;-999;   3.3;  15.8;  984.00;   20.6;   67.88;   26.6;   13.9;   12.6;eor
       1443;20190730;   10;  12.5;   2.4;    3;   0.8;   6;    8.933;-999;   5.1;  16.5;  986.45;   22.9;   61.21;   29.2;   18.3;   16.2;eor
       1443;20190731;   10;   9.4;   2.7;    3;   0.0;   0;    7.117;-999;   4.0;  13.8;  990.36;   20.3;   59.58;   25.0;   14.4;   11.7;eor
       1443;20190801;   10;   6.9;   1.8;    3;   0.0;   0;    9.967;-999;   5.6;  12.3;  989.68;   19.2;   58.63;   26.2;   10.9;    8.4;eor
       1443;20190802;   10;   5.2;   1.7;    3;   0.0;   6;    6.100;-999;   5.9;  13.8;  987.38;   21.3;   56.92;   27.3;   14.2;   12.2;eor
       1443;20190803;   10;   6.6;   1.7;    3;   0.0;   0;   11.733;-999;   3.4;  14.0;  988.69;   20.0;   62.04;   26.2;   13.0;   10.7;eor
       1443;20190804;   10;   7.8;   1.4;    3;   0.0;   6;   11.950;-999;   4.6;  14.1;  987.75;   21.3;   58.96;   29.0;   12.9;   11.0;eor
       1443;20190805;   10;  10.1;   2.4;    3;   2.6;   6;    5.583;-999;   7.9;  15.7;  985.37;   24.5;   53.46;   31.2;   17.1;   16.0;eor
       1443;20190806;   10;  15.4;   2.6;    3;  25.0;   8;    4.933;-999;   7.3;  19.3;  984.50;   23.0;   70.88;   29.1;   18.4;   17.6;eor
       1443;20190807;   10;   9.8;   2.4;    3;  21.2;   8;    0.067;-999;   7.5;  19.9;  983.28;   19.3;   88.67;   21.8;   17.1;   15.4;eor
       1443;20190808;   10;   5.6;   1.4;    3;   0.0;   0;   12.467;-999;   5.5;  16.7;  985.77;   21.1;   69.71;   27.8;   14.7;   13.1;eor
       1443;20190809;   10;  13.4;   2.1;    3;   6.5;   6;    7.500;-999;   6.4;  19.0;  983.21;   24.4;   65.33;   34.0;   14.1;   12.9;eor
       1443;20190810;   10;  12.3;   4.1;    3;   0.2;   6;    8.150;-999;   5.4;  17.2;  989.29;   22.3;   64.71;   26.8;   16.0;   13.8;eor
       1443;20190811;   10;  11.7;   2.3;    3;  15.8;   6;    8.367;-999;   4.9;  16.2;  988.91;   18.6;   77.50;   26.8;   13.6;   11.6;eor
       1443;20190812;   10;   7.3;   2.0;    3;   0.3;   6;    2.750;-999;   6.7;  15.6;  990.14;   16.9;   81.79;   21.5;   11.8;    9.8;eor
       1443;20190813;   10;   6.8;   1.6;    3;   0.0;   0;    6.333;-999;   5.5;  12.3;  992.00;   15.7;   71.42;   21.2;   10.1;    8.0;eor
       1443;20190814;   10;   6.6;   1.7;    3;   0.2;   6;   12.833;-999;   0.0;  11.6;  991.17;   16.9;   63.71;   23.5;    8.2;    6.2;eor
       1443;20190815;   10;  13.3;   3.6;    3;   3.1;   6;    1.667;-999;   7.3;  14.6;  988.80;   17.3;   73.96;   23.1;   11.3;    8.9;eor
       1443;20190816;   10;   8.3;   1.9;    3;   0.0;   0;   12.150;-999;   6.0;  14.0;  990.20;   19.3;   65.46;   25.5;   11.6;    9.5;eor
       1443;20190817;   10;  11.0;   2.9;    3;   0.0;   6;    0.250;-999;   7.9;  15.7;  985.81;   20.2;   67.46;   24.1;   13.4;   11.5;eor
       1443;20190818;   10;  13.3;   3.1;    3;  23.7;   8;    9.767;-999;   4.8;  18.1;  983.14;   23.6;   66.00;   31.5;   15.9;   14.3;eor
       1443;20190819;   10;   8.0;   2.1;    3;   0.3;   6;    1.167;-999;   7.8;  18.4;  990.11;   19.4;   82.38;   22.4;   15.5;   14.4;eor
       1443;20190820;   10;   5.2;   1.4;    3;  11.0;   6;    0.000;-999;   7.9;  15.9;  995.98;   15.3;   91.42;   17.4;   12.1;   10.2;eor
       1443;20190821;   10;   6.4;   1.7;    3;   0.0;   0;    7.917;-999;   4.0;  13.0;  998.41;   16.2;   74.13;   23.9;    8.5;    6.2;eor
       1443;20190822;   10;   6.2;   1.7;    3;   0.0;   0;   12.433;-999;   0.7;  14.5;  996.15;   17.6;   73.58;   24.8;    9.3;    6.8;eor
       1443;20190823;   10;   7.0;   1.7;    3;   0.0;   0;   12.267;-999;   1.1;  15.5;  995.09;   19.6;   70.58;   27.0;   11.2;    7.8;eor
       1443;20190824;   10;   5.1;   1.3;    3;   0.0;   0;   12.067;-999;   0.1;  17.6;  992.01;   20.2;   75.75;   27.2;   12.1;    9.3;eor
       1443;20190825;   10;   5.3;   1.1;    3;   0.0;   0;   12.283;-999;   0.1;  17.6;  990.90;   21.6;   71.92;   29.1;   14.1;   11.6;eor
       1443;20190826;   10;   5.3;   1.2;    3;   0.0;   0;   12.200;-999;   0.0;  18.6;  990.04;   22.3;   71.46;   29.8;   14.1;   11.3;eor
       1443;20190827;   10;   7.0;   1.9;    3;   0.3;   6;   11.750;-999;   4.5;  17.8;  988.77;   23.7;   64.08;   30.8;   16.3;   13.5;eor
       1443;20190828;   10;   7.7;   1.9;    3;   0.0;   0;    7.400;-999;   6.7;  18.4;  988.70;   24.8;   60.33;   31.0;   18.8;   16.0;eor
       1443;20190829;   10;   9.2;   1.8;    3;   0.0;   0;    8.217;-999;   3.9;  19.4;  991.38;   23.1;   70.38;   29.4;   17.5;   15.7;eor
       1443;20190830;   10;   7.5;   1.5;    3;   0.0;   0;   11.700;-999;   0.0;  19.6;  993.18;   22.2;   75.25;   28.8;   16.3;   13.6;eor
       1443;20190831;   10;   9.7;   2.0;    3;   1.8;   6;   11.967;-999;   0.6;  18.3;  986.99;   23.7;   65.63;   31.1;   15.2;   12.4;eor
       1443;20190901;   10;   8.9;   2.6;    3;   0.0;   0;    4.500;-999;   7.9;  16.2;  987.46;   21.4;   63.33;   24.7;   18.0;   16.6;eor
       1443;20190902;   10;   8.3;   2.0;    3;   0.0;   0;    5.033;-999;   5.4;  12.5;  994.00;   17.5;   63.92;   22.2;   10.7;    7.5;eor
       1443;20190903;   10;   5.7;   1.3;    3;   0.0;   0;   11.800;-999;   2.5;  11.0;  996.13;   16.0;   65.50;   24.3;    8.5;    5.5;eor
       1443;20190904;   10;   7.9;   1.9;    3;   1.3;   6;   11.767;-999;   0.6;  11.0;  990.08;   18.2;   57.17;   26.5;    8.7;    5.3;eor
       1443;20190905;   10;   5.5;   1.6;    3;   0.6;   6;    0.167;-999;   7.5;  12.2;  992.74;   14.6;   74.63;   18.2;    9.7;    8.0;eor
       1443;20190906;   10;   6.9;   1.7;    3;   0.0;   0;    0.967;-999;   7.4;  11.9;  994.32;   14.3;   74.46;   19.3;    9.5;    6.0;eor
       1443;20190907;   10;  10.2;   1.6;    3;   3.3;   6;    3.200;-999;   7.2;  11.4;  991.63;   13.8;   74.63;   20.5;    8.4;    5.5;eor
       1443;20190908;   10;   5.0;   1.5;    3;   7.8;   6;    0.000;-999;   7.8;  12.8;  989.81;   11.9;   91.46;   13.2;   10.9;   10.6;eor
       1443;20190909;   10;   5.1;   1.7;    3;   0.0;   6;    5.983;-999;   7.5;  10.8;  988.46;   13.2;   73.21;   18.1;    8.4;    6.8;eor
       1443;20190910;   10;   6.5;   1.7;    3;   0.0;   0;    9.800;-999;   7.7;  11.5;  989.03;   13.8;   74.63;   20.6;    6.6;    4.1;eor
       1443;20190911;   10;   7.1;   1.3;    3;   0.1;   6;    6.000;-999;   4.6;  12.2;  996.48;   15.0;   73.83;   20.6;    7.4;    4.6;eor
       1443;20190912;   10;   4.9;   1.2;    3;   0.0;   0;   11.217;-999;   1.8;  12.4; 1002.28;   17.5;   65.38;   25.7;    9.6;    6.8;eor
       1443;20190913;   10;   7.1;   1.6;    3;   0.0;   0;   11.267;-999;   1.5;  15.0; 1003.09;   17.8;   75.42;   25.0;   10.2;    7.0;eor
       1443;20190914;   10;   5.3;   1.4;    3;   0.0;   0;    7.250;-999;   6.3;  17.1; 1000.72;   18.0;   83.38;   24.4;   12.4;    9.3;eor
       1443;20190915;   10;   5.1;   1.2;    3;   0.0;   0;   11.050;-999;   0.3;  17.2;  995.67;   19.8;   77.13;   28.3;   12.3;    9.1;eor
       1443;20190916;   10;   5.8;   1.4;    3;   0.0;   0;    9.867;-999;   4.7;  17.0;  991.60;   20.2;   74.29;   28.5;   13.3;   10.3;eor
       1443;20190917;   10;   8.8;   2.1;    3;   0.0;   0;    9.833;-999;   3.4;  13.6;  991.84;   16.0;   76.13;   21.1;   10.1;    6.9;eor
       1443;20190918;   10;   9.2;   2.5;    3;   0.0;   0;   10.950;-999;   0.8;   9.6;  994.42;   13.2;   67.00;   21.0;    6.3;    1.8;eor
       1443;20190919;   10;   9.6;   2.4;    3;   0.0;   0;   10.867;-999;   2.2;   7.7;  997.30;   12.3;   58.71;   20.0;    4.2;    0.3;eor
       1443;20190920;   10;   9.3;   2.5;    3;   0.0;   0;   10.833;-999;   3.1;   7.6;  996.43;   14.0;   49.25;   21.2;    3.7;    0.1;eor
       1443;20190921;   10;   4.8;   1.2;    3;   0.0;   0;   10.817;-999;   0.0;   9.9;  990.17;   13.9;   65.00;   23.9;    4.3;    1.0;eor
       1443;20190922;   10;  10.8;   1.3;    3;  27.6;   6;    5.383;-999;   7.5;  14.0;  983.58;   17.7;   71.67;   26.4;    9.4;    5.9;eor
       1443;20190923;   10;   8.8;   3.0;    3;   0.5;   6;    1.867;-999;   6.9;  13.8;  989.33;   15.7;   78.42;   20.8;   11.0;    8.3;eor
       1443;20190924;   10;  12.1;   1.9;    3;   1.1;   6;    1.633;-999;   6.8;  13.2;  985.43;   13.8;   83.71;   17.2;    7.7;    5.0;eor
       1443;20190925;   10;  11.4;   5.3;    3;   1.3;   6;    1.383;-999;   7.5;  13.5;  983.64;   16.2;   73.46;   18.3;   14.2;   12.9;eor
       1443;20190926;   10;  11.4;   5.4;    3;   0.6;   6;    0.000;-999;   8.0;  15.2;  986.68;   17.4;   76.83;   19.2;   14.8;   13.8;eor
       1443;20190927;   10;  14.6;   5.2;    3;  13.5;   6;    0.717;-999;   7.8;  14.8;  987.09;   17.7;   73.58;   20.9;   15.2;   14.3;eor
       1443;20190928;   10;  11.9;   5.2;    3;   0.0;   6;    4.650;-999;   7.2;  12.7;  990.46;   16.4;   68.42;   20.0;   12.7;    9.8;eor
       1443;20190929;   10;  19.0;   4.7;    3;   1.5;   6;    7.183;-999;   4.0;  11.9;  983.35;   17.1;   63.50;   24.0;    7.5;    4.9;eor
       1443;20190930;   10;  17.6;   4.3;    3;   0.0;   0;    4.933;-999;   6.3;  12.4;  986.83;   16.1;   67.92;   19.8;   10.1;    6.4;eor
       1443;20191001;   10;  13.6;   4.6;    3;   1.3;   6;    1.183;-999;   6.6;  13.1;  980.82;   16.4;   70.79;   22.0;    8.0;    4.6;eor
       1443;20191002;   10;  23.2;   4.2;    3;   6.9;   6;    0.317;   0;   7.0;  12.8;  983.30;   12.9;   85.58;   16.9;    7.0;    3.8;eor
       1443;20191003;   10;   4.8;   1.2;    3;   0.0;   0;    9.500;   0;   4.2;   9.2;  991.28;    9.3;   80.25;   14.6;    4.2;    1.6;eor
       1443;20191004;   10;  13.0;   4.7;    3;   1.3;   6;    0.100;   0;   7.9;  10.9;  984.07;   11.6;   79.88;   14.3;    6.7;    4.5;eor
       1443;20191005;   10;  10.8;   3.2;    3;   7.2;   6;    0.000;   0;   7.9;  12.4;  986.59;   12.5;   85.13;   14.6;    9.2;    8.6;eor
       1443;20191006;   10;  11.6;   2.7;    3;   6.8;   6;    0.017;   0;   8.0;  12.5;  986.38;   12.0;   89.29;   14.8;    8.9;    7.2;eor
       1443;20191007;   10;   8.0;   2.6;    3;   0.0;   6;    1.117;   0;   6.7;  11.0;  990.01;   11.7;   81.29;   15.4;    5.8;    3.4;eor
       1443;20191008;   10;  14.9;   5.3;    3;   1.6;   6;    0.017;   0;   7.6;  12.4;  986.40;   15.4;   69.88;   19.9;   11.2;    9.6;eor
       1443;20191009;   10;  17.9;   4.7;    3;   4.5;   6;    0.133;   0;   7.3;  11.9;  986.56;   12.7;   80.88;   13.9;   11.4;    9.8;eor
       1443;20191010;   10;  13.6;   5.2;    3;   4.0;   6;    1.167;   0;   5.8;  11.2;  991.14;   12.6;   77.04;   15.0;    9.1;    6.3;eor
       1443;20191011;   10;   9.7;   3.2;    3;   0.0;   0;    8.783;   0;   2.6;  11.2;  991.08;   14.2;   70.29;   20.4;    8.5;    4.9;eor
       1443;20191012;   10;  12.3;   3.3;    3;   0.0;   6;    6.517;   0;   5.0;  13.3;  988.23;   17.7;   66.00;   24.2;   11.0;    6.3;eor
       1443;20191013;   10;   7.7;   1.9;    3;   0.0;   0;    8.750;   0;   2.5;  14.6;  987.13;   19.2;   68.29;   26.6;   12.5;    9.1;eor
       1443;20191014;   10;   6.5;   1.6;    3;   0.0;   0;    9.467;   0;   1.5;  14.6;  985.45;   17.9;   72.50;   25.2;   11.1;    8.1;eor
       1443;20191015;   10;  11.6;   3.3;    3;   8.7;   6;    0.200;   0;   7.3;  12.7;  982.06;   13.1;   84.04;   18.1;    9.7;    6.8;eor
       1443;20191016;   10;  11.3;   4.1;    3;   0.3;   6;    7.550;   0;   4.5;  10.1;  987.45;   13.9;   64.92;   18.8;    9.0;    6.6;eor
       1443;20191017;   10;  11.0;   3.1;    3;   2.6;   6;    2.717;   0;   7.9;  12.2;  987.06;   16.1;   67.42;   20.9;   10.0;    9.0;eor
       1443;20191018;   10;  17.9;   3.7;    3;  19.6;   8;    2.717;   0;   7.5;  13.3;  985.07;   15.6;   75.21;   20.8;   12.8;   10.0;eor
       1443;20191019;   10;  11.2;   2.4;    3;  14.8;   6;    0.000;   0;   7.8;  13.6;  982.12;   13.6;   87.46;   16.6;   11.9;   10.8;eor
       1443;20191020;   10;   7.2;   1.4;    3;   1.0;   6;    5.583;   0;   7.7;  14.3;  980.55;   14.3;   88.25;   18.9;   10.4;    9.0;eor
       1443;20191021;   10;   6.6;   2.0;    3;   5.1;   6;    0.000;   0;   7.9;  14.0;  991.02;   14.6;   84.17;   16.5;   12.6;   12.1;eor
       1443;20191022;   10;   4.5;   1.4;    3;   0.0;   6;    0.167;   0;   7.9;  13.9;  994.48;   12.8;   94.04;   14.2;   10.9;    9.7;eor
       1443;20191023;   10;   6.4;   1.5;    3;   0.0;   0;    0.000;   0;   8.0;  13.4;  986.33;   12.3;   93.50;   13.2;   11.0;    9.5;eor
       1443;20191024;   10;   8.0;   2.2;    3;   0.0;   0;    3.150;   0;   7.8;  12.5;  985.09;   14.5;   77.46;   19.5;   10.5;    8.8;eor
       1443;20191025;   10;   8.8;   2.3;    3;   0.0;   0;    7.600;   0;   7.2;  11.7;  994.10;   13.8;   75.04;   18.9;    6.9;    3.7;eor
       1443;20191026;   10;   9.2;   1.9;    3;   0.0;   0;    8.583;   0;   3.7;  10.4;  992.59;   12.7;   74.29;   21.8;    5.3;    2.1;eor
       1443;20191027;   10;   8.7;   2.9;    3;   3.7;   6;    4.583;   0;   7.1;  13.1;  992.25;   17.0;   68.42;   20.8;    8.8;    7.3;eor
       1443;20191028;   10;   4.5;   2.1;    3;   3.4;   6;    0.000;   0;   7.9;  10.5;  992.20;    8.3;   95.92;    9.1;    7.2;    7.6;eor
       1443;20191029;   10;   5.5;   2.0;    3;   2.7;   6;    0.000;   0;   7.9;   9.7;  992.25;    7.5;   93.25;    9.2;    6.7;    7.1;eor
       1443;20191030;   10;   4.2;   1.4;    3;   6.2;   6;    0.000;   0;   7.8;   9.8;  994.29;    7.7;   93.38;    9.2;    6.7;    6.8;eor
       1443;20191031;   10;   3.4;   1.4;    3;   0.0;   6;    0.000;   0;   8.0;   9.9;  991.68;    7.8;   93.71;    9.0;    6.5;    6.4;eor
       1443;20191101;   10;  10.6;   2.2;    3;   8.4;   6;    0.033;   0;   7.7;  11.8;  983.40;   11.1;   89.17;   13.5;    7.8;    7.7;eor
       1443;20191102;   10;  13.4;   4.5;    3;   8.9;   6;    1.350;   0;   7.7;  13.4;  970.97;   14.9;   78.92;   18.3;   11.7;   10.6;eor
       1443;20191103;   10;  17.8;   5.0;    3;   4.5;   6;    0.017;   0;   7.8;  11.0;  963.06;   12.6;   75.38;   15.8;   10.3;    8.9;eor
       1443;20191104;   10;  16.9;   6.0;    3;   2.9;   6;    0.150;   0;   7.3;  10.4;  967.76;   12.0;   73.92;   13.9;   10.5;    8.5;eor
       1443;20191105;   10;   9.8;   3.1;    3;   2.2;   6;    4.117;   0;   6.0;   9.0;  971.42;    9.8;   74.75;   13.8;    5.5;    3.0;eor
       1443;20191106;   10;  10.3;   4.0;    3;   0.3;   6;    0.350;   0;   7.9;   9.3;  976.96;    9.4;   78.42;   11.3;    8.1;    7.1;eor
       1443;20191107;   10;  14.5;   3.9;    3;   0.3;   6;    0.367;   0;   7.2;   8.0;  975.78;    9.0;   69.21;   11.5;    3.5;    1.4;eor
       1443;20191108;   10;   4.7;   1.3;    3;   2.3;   6;    0.000;   0;   7.7;   8.0;  978.03;    5.9;   86.29;    7.5;    3.8;    2.3;eor
       1443;20191109;   10;   6.1;   1.4;    3;   0.0;   6;    2.067;   0;   5.1;   7.1;  982.53;    4.6;   84.88;   10.1;   -1.1;   -3.8;eor
       1443;20191110;   10;   3.4;   1.1;    3;   0.0;   0;    3.633;   0;   5.2;   6.2;  983.98;    1.9;   89.71;    7.6;   -3.1;   -5.4;eor
       1443;20191111;   10;  10.8;   2.3;    3;   0.8;   6;    0.267;   0;   7.9;   6.8;  983.11;    3.9;   84.46;    7.5;    0.6;    1.2;eor
       1443;20191112;   10;  12.8;   4.4;    3;   0.0;   6;    1.100;   0;   6.8;   6.9;  979.40;    6.6;   70.58;    8.9;    3.9;    0.6;eor
       1443;20191113;   10;   9.7;   3.5;    3;   0.0;   6;    2.450;   0;   6.4;   6.7;  977.34;    4.9;   77.21;    6.7;    1.4;   -1.5;eor
       1443;20191114;   10;   6.0;   1.6;    3;   0.0;   0;    2.867;   0;   7.5;   6.4;  972.77;    3.9;   79.67;    8.3;   -0.9;   -3.2;eor
       1443;20191115;   10;  10.8;   2.1;    3;   0.0;   6;    1.617;   0;   8.0;   6.8;  971.95;    4.0;   84.46;    8.0;    0.1;   -2.6;eor
       1443;20191116;   10;   3.6;   1.0;    3;   0.0;   0;    4.817;   0;   5.5;   6.5;  980.92;    2.7;   88.00;    9.4;   -1.2;   -4.0;eor
       1443;20191117;   10;   7.4;   1.6;    3;   6.4;   8;    0.000;   0;   8.0;   6.6;  978.88;    1.8;   95.04;    3.9;   -1.0;   -2.2;eor
       1443;20191118;   10;  13.8;   5.8;    3;   1.5;   8;    0.000;   0;   7.5;   6.7;  982.79;    4.5;   79.46;    6.3;    1.7;    1.3;eor
       1443;20191119;   10;   6.2;   1.3;    3;   0.2;   6;    0.050;   0;   7.7;   7.0;  989.18;    3.9;   86.58;    6.6;    0.2;   -2.4;eor
       1443;20191120;   10;   4.1;   1.3;    3;   0.0;   0;    0.000;   0;   7.9;   6.2;  986.95;    0.4;   98.50;    1.6;   -1.1;   -1.2;eor
       1443;20191121;   10;   3.4;   1.0;    3;   0.0;   0;    1.283;   0;   7.9;   6.8;  981.78;    2.5;   92.71;    7.7;    0.1;   -1.6;eor
       1443;20191122;   10;   3.9;   1.2;    3;   0.0;   6;    5.200;   0;   7.9;   7.7;  977.74;    4.8;   90.50;   10.8;    2.0;   -0.3;eor
       1443;20191123;   10;   3.8;   1.3;    3;   0.0;   0;    0.000;   0;   8.0;   7.0;  970.00;    2.7;   94.75;    4.1;    0.8;   -0.8;eor
       1443;20191124;   10;   3.3;   0.7;    3;   0.0;   0;    2.683;   0;   8.0;   7.2;  979.02;    3.5;   91.33;    9.3;   -0.5;   -2.6;eor
       1443;20191125;   10;   3.3;   0.8;    3;   0.0;   6;    1.317;   0;   7.8;   8.8;  982.41;    6.5;   91.17;   10.7;    2.9;    0.4;eor
       1443;20191126;   10;   6.7;   2.0;    3;   0.6;   6;    2.683;   0;   8.0;   9.2;  979.47;    9.0;   81.33;   14.3;    3.4;    1.3;eor
       1443;20191127;   10;  16.1;   5.3;    3;   0.5;   6;    2.167;   0;   7.5;   9.0;  971.39;   11.4;   67.63;   14.8;    5.2;    2.7;eor
       1443;20191128;   10;  15.0;   7.3;    3;  11.6;   6;    0.400;   0;   7.9;   9.4;  974.46;   10.7;   72.96;   12.1;    9.2;    7.8;eor
       1443;20191129;   10;  12.4;   4.2;    3;   7.4;   6;    0.000;   0;   7.7;   9.2;  983.94;    7.5;   88.33;   10.1;    3.8;    1.8;eor
       1443;20191130;   10;   4.0;   1.2;    3;   0.5;   6;    7.083;   0;   3.0;   5.9;  993.05;    2.8;   80.42;    8.9;   -1.9;   -4.7;eor
       1443;20191201;   10;   6.0;   1.5;    3;   2.5;   6;    0.000;   0;   7.7;   6.6;  988.29;    2.0;   92.54;    3.3;   -0.3;   -1.3;eor
       1443;20191202;   10;   7.3;   2.0;    3;   0.0;   0;    1.883;   0;   5.4;   5.6;  996.38;    1.3;   83.67;    4.5;   -3.3;   -6.0;eor
       1443;20191203;   10;   4.5;   1.2;    3;   0.0;   0;    7.017;   0;   2.0;   5.0;  998.63;   -0.7;   85.42;    5.7;   -4.6;   -7.5;eor
       1443;20191204;   10;   3.2;   0.8;    3;   0.0;   0;    6.933;   0;   1.5;   4.5;  993.10;   -2.5;   88.92;    3.2;   -5.8;   -8.4;eor
       1443;20191205;   10;   3.2;   0.7;    3;   0.0;   0;    6.817;   0;   0.8;   4.6;  994.16;   -2.1;   87.96;    4.3;   -6.3;   -8.7;eor
       1443;20191206;   10;  15.6;   4.1;    3;   1.1;   6;    6.500;   0;   4.9;   5.8;  991.10;    4.5;   70.54;   11.5;   -5.3;   -8.1;eor
       1443;20191207;   10;  13.6;   6.2;    3;   0.0;   6;    0.133;   0;   7.8;   8.7;  990.76;    9.2;   75.25;   10.6;    7.5;    6.3;eor
       1443;20191208;   10;  16.9;   7.1;    3;   1.1;   6;    0.667;   0;   7.8;   9.0;  985.51;   11.0;   68.88;   13.3;    8.9;    6.9;eor
       1443;20191209;   10;  17.1;   6.6;    3;   3.4;   6;    0.133;   0;   7.6;   7.9;  981.42;    7.7;   74.71;    9.7;    5.3;    4.1;eor
       1443;20191210;   10;   7.5;   1.7;    3;   0.0;   0;    4.767;   0;   4.1;   5.9;  997.42;    2.9;   78.46;    7.0;   -3.2;   -6.0;eor
       1443;20191211;   10;  13.3;   2.7;    3;   7.4;   6;    0.000;   0;   7.8;   6.0;  985.03;    1.6;   86.33;    5.6;   -4.1;   -6.6;eor
       1443;20191212;   10;  12.4;   4.2;    3;   0.9;   6;    1.283;   0;   6.3;   6.0;  975.47;    3.1;   78.54;    5.9;   -2.4;   -5.3;eor
       1443;20191213;   10;  14.2;   6.5;    3;   8.7;   6;    0.000;   0;   7.5;   7.1;  960.02;    6.1;   75.08;    8.8;    0.6;    0.1;eor
       1443;20191214;   10;  16.8;   6.8;    3;   3.3;   6;    1.317;   0;   7.4;   7.7;  972.95;    9.4;   65.04;   12.1;    5.6;    3.9;eor
       1443;20191215;   10;  16.9;   5.2;    3;   0.8;   6;    0.000;   0;   7.9;  10.4;  979.81;   11.8;   76.25;   14.4;    7.2;    5.6;eor
       1443;20191216;   10;   5.4;   1.2;    3;   0.0;   0;    3.167;   0;   8.0;   9.4;  980.42;    8.5;   85.67;   13.1;    3.5;    0.5;eor
       1443;20191217;   10;   7.2;   1.2;    3;   1.8;   6;    3.300;   0;   6.9;   8.5;  979.60;    7.2;   84.54;   15.5;    2.7;   -0.2;eor
       1443;20191218;   10;  10.6;   2.4;    3;   0.8;   6;    2.300;   0;   7.0;  10.7;  988.81;   11.1;   81.71;   15.5;    3.2;    0.0;eor
       1443;20191219;   10;   3.9;   1.1;    3;   0.0;   0;    3.767;   0;   6.4;   8.2;  984.26;    5.1;   93.29;   11.1;    1.1;   -1.9;eor
       1443;20191220;   10;  13.0;   3.0;    3;  16.0;   6;    0.000;   0;   7.1;   8.1;  968.26;    5.5;   89.00;   11.9;   -0.2;   -1.8;eor
       1443;20191221;   10;  12.6;   2.4;    3;   2.0;   6;    2.700;   0;   6.0;   7.5;  966.38;    5.3;   84.71;    9.4;    1.0;   -1.6;eor
       1443;20191222;   10;  15.8;   6.1;    3;   2.7;   6;    0.000;   0;   7.7;   8.4;  964.70;    9.1;   73.00;   11.4;    6.6;    5.3;eor
       1443;20191223;   10;  13.3;   5.7;    3;   2.7;   6;    0.017;   0;   7.5;   8.3;  984.50;    7.1;   82.58;    8.1;    6.2;    4.2;eor
       1443;20191224;   10;  14.4;   4.8;    3;   0.6;   6;    0.300;   0;   6.6;   8.5;  989.36;    8.8;   74.42;   11.6;    6.6;    4.7;eor
       1443;20191225;   10;  13.7;   4.3;    3;   1.5;   6;    0.233;   0;   6.5;   8.3;  994.01;    7.2;   81.46;    9.4;    0.0;   -3.4;eor
       1443;20191226;   10;  11.4;   1.9;    3;   4.6;   6;    1.200;   0;   5.4;   6.6;  996.65;    2.4;   90.50;    7.9;   -3.0;   -5.0;eor
       1443;20191227;   10;  13.5;   3.0;    3;   2.9;   6;    0.883;   0;   7.8;   9.5;  997.80;    7.8;   89.33;    9.7;    5.3;    5.4;eor
       1443;20191228;   10;   5.5;   1.7;    3;   0.0;   8;    0.033;   0;   7.9;   7.1; 1008.51;    2.8;   94.13;    5.3;   -2.3;   -4.0;eor
       1443;20191229;   10;   3.1;   1.4;    3;   0.0;   8;    0.000;   0;   8.0;   5.3; 1008.81;   -1.5;   96.54;   -0.8;   -2.1;   -1.6;eor
       1443;20191230;   10;   3.1;   1.1;    3;   0.0;   0;    3.850;   0;   5.0;   5.2; 1005.59;   -1.0;   92.29;    2.8;   -2.7;   -4.6;eor
       1443;20191231;   10;   3.1;   0.9;    3;   0.0;   0;    5.683;   0;   4.8;   5.3; 1004.59;   -0.3;   88.42;    5.4;   -4.4;   -6.9;eor
       1443;20200101;   10;   3.0;   1.1;    3;   0.0;   8;    0.000;   0;   8.0;   5.3; 1004.11;   -1.7;   98.29;   -0.9;   -2.9;   -2.3;eor
       1443;20200102;   10;   7.4;   1.3;    3;   0.0;   8;    0.733;   0;   6.8;   5.4; 1001.30;   -0.8;   93.67;    6.8;   -3.4;   -3.7;eor
       1443;20200103;   10;  18.8;   6.1;    3;   2.6;   6;    1.800;   0;   7.8;   8.1;  998.38;    8.7;   71.96;    9.8;    6.8;    4.0;eor
       1443;20200104;   10;  10.0;   2.8;    3;   0.5;   6;    3.333;   0;   7.7;   7.6; 1004.31;    6.4;   78.21;    9.0;    3.3;    1.1;eor
       1443;20200105;   10;   4.6;   1.1;    3;   0.0;   0;    6.867;   0;   2.3;   6.1; 1006.76;    2.2;   86.00;    7.5;   -2.4;   -4.7;eor
       1443;20200106;   10;  12.7;   1.6;    3;   0.1;   6;    6.883;   0;   0.4;   5.6; 1000.30;    1.4;   83.79;    9.6;   -3.9;   -6.1;eor
       1443;20200107;   10;  11.7;   2.8;    3;   0.0;   0;    2.250;   0;   5.7;   6.9; 1001.45;    5.9;   75.29;    9.1;   -1.4;   -4.3;eor
       1443;20200108;   10;   8.2;   1.3;    3;   0.0;   0;    0.450;   0;   6.1;   7.5; 1000.74;    5.0;   84.04;   11.5;   -2.9;   -5.4;eor
       1443;20200109;   10;  12.3;   3.8;    3;   1.7;   6;    5.550;   0;   7.8;   9.4;  992.77;   11.8;   68.21;   15.3;    8.5;    5.1;eor
       1443;20200110;   10;  12.8;   4.3;    3;   1.8;   6;    0.533;   0;   7.7;   8.3;  995.02;    9.3;   71.83;   11.3;    6.0;    5.0;eor
       1443;20200111;   10;   4.8;   1.1;    3;   0.1;   6;    2.183;   0;   6.7;   7.4; 1003.97;    4.9;   85.38;    8.1;   -1.4;   -3.8;eor
       1443;20200112;   10;  10.4;   2.1;    3;   0.0;   6;    1.800;   0;   7.3;   6.0; 1000.48;    2.5;   83.13;    5.5;   -2.3;   -5.0;eor
       1443;20200113;   10;   6.3;   1.1;    3;   0.0;   6;    2.550;   0;   5.8;   7.3;  993.76;    4.6;   85.88;   10.0;   -0.6;   -3.4;eor
       1443;20200114;   10;  10.2;   2.6;    3;   0.2;   6;    1.833;   0;   7.6;   6.3;  988.95;    7.1;   63.50;   12.7;   -1.0;   -3.5;eor
       1443;20200115;   10;  10.6;   3.8;    3;   0.0;   0;    7.217;   0;   4.9;   6.8;  992.51;   10.0;   56.00;   14.0;    3.8;   -1.2;eor
       1443;20200116;   10;   6.8;   1.6;    3;   0.0;   0;    5.383;   0;   3.7;   7.9;  998.13;    9.4;   68.58;   14.4;    0.9;   -2.9;eor
       1443;20200117;   10;  11.3;   3.1;    3;   5.5;   6;    0.100;   0;   5.0;   7.7;  993.49;    6.8;   78.54;   11.7;   -0.4;   -3.3;eor
       1443;20200118;   10;  10.1;   3.3;    3;   0.0;   0;    2.950;   0;   6.3;   6.8;  999.40;    5.2;   77.00;    7.3;   -0.1;   -3.3;eor
       1443;20200119;   10;   5.9;   1.4;    3;   0.0;   8;    0.433;   0;   6.6;   6.0; 1007.10;    1.6;   86.88;    4.5;   -1.5;   -4.7;eor
       1443;20200120;   10;   8.7;   2.3;    3;   0.0;   0;    7.433;   0;   1.1;   5.0; 1013.35;    3.1;   67.04;    7.0;   -0.8;   -4.2;eor
       1443;20200121;   10;   4.0;   1.2;    3;   0.0;   0;    7.467;   0;   0.0;   4.6; 1010.73;   -1.0;   81.92;    3.7;   -5.4;   -8.3;eor
       1443;20200122;   10;   3.6;   1.2;    3;   0.0;   8;    0.000;   0;   6.5;   4.8; 1006.22;   -2.8;   96.29;   -1.6;   -5.7;   -8.1;eor
       1443;20200123;   10;   4.8;   1.6;    3;   0.0;   0;    0.000;   0;   8.0;   4.6; 1001.63;   -2.3;   88.67;   -1.7;   -2.9;   -2.5;eor
       1443;20200124;   10;   3.2;   1.0;    3;   0.0;   0;    6.833;   0;   3.8;   5.0;  996.04;   -0.1;   82.63;    6.5;   -4.0;   -5.9;eor
       1443;20200125;   10;   2.6;   0.9;    3;   0.0;   0;    5.383;   0;   7.6;   6.2;  993.42;    2.1;   87.54;    9.1;   -1.5;   -3.7;eor
       1443;20200126;   10;   9.6;   1.5;    3;   0.0;   6;    2.550;   0;   7.8;   7.1;  991.00;    4.1;   85.63;   10.1;   -2.1;   -4.2;eor
       1443;20200127;   10;  13.0;   4.4;    3;   3.5;   6;    0.917;   0;   7.7;   7.8;  985.38;    9.1;   68.25;   12.2;    7.0;    5.5;eor
       1443;20200128;   10;  22.4;   7.3;    3;   4.5;   6;    2.233;   0;   7.5;   7.2;  977.25;    6.7;   73.67;    9.4;    2.2;    1.8;eor
       1443;20200129;   10;  15.1;   4.8;    3;   3.3;   8;    1.100;   0;   7.8;   6.9;  985.81;    5.6;   76.08;    7.5;    3.0;    1.7;eor
       1443;20200130;   10;  15.2;   4.8;    3;   2.5;   6;    4.217;   0;   7.9;   7.9;  987.52;    9.1;   67.96;   12.3;    3.8;    1.3;eor
       1443;20200131;   10;  14.7;   7.5;    3;   0.0;   0;    1.733;   0;   7.5;  11.7;  987.75;   13.3;   76.50;   15.1;   12.2;   10.9;eor
       1443;20200201;    3;  16.8;   6.7;    3;   3.0;   6;    0.267;   0;   7.7;  11.1;  985.53;   13.1;   73.50;   14.7;   11.5;    9.7;eor
       1443;20200202;    3;  16.2;   7.4;    3;   4.9;   6;    0.000;   0;   7.7;  12.1;  988.17;   13.0;   80.08;   14.9;   10.6;    8.8;eor
       1443;20200203;    3;  19.7;   5.8;    3;  20.1;   6;    0.000;   0;   7.7;  11.4;  989.31;   12.5;   79.88;   15.9;    9.0;    8.7;eor
       1443;20200204;    3;  19.5;   3.7;    3;   9.1;   8;    0.550;   0;   7.4;   7.1;  989.70;    5.6;   78.54;   15.3;    1.4;    0.8;eor
       1443;20200205;    3;   5.4;   1.3;    3;   0.0;   0;    4.050;   0;   4.0;   6.1; 1004.82;    3.2;   80.63;    7.8;   -2.7;   -5.8;eor
       1443;20200206;    3;   4.1;   1.3;    3;   0.0;   0;    7.800;   0;   3.7;   5.1; 1003.17;    0.6;   80.75;    7.0;   -3.9;   -6.5;eor
       1443;20200207;    3;   3.4;   1.1;    3;   0.0;   0;    8.367;   0;   0.0;   5.0;  998.27;    0.0;   83.33;    7.3;   -4.7;   -7.7;eor
       1443;20200208;    3;   7.0;   1.1;    3;   0.0;   0;    6.717;   0;   6.0;   5.7;  995.83;    3.3;   75.71;   12.9;   -3.7;   -6.4;eor
       1443;20200209;    3;  18.8;   5.3;    3;   0.1;   6;    5.483;   0;   6.7;   6.8;  990.49;   10.8;   54.67;   15.9;    1.5;   -1.8;eor
       1443;20200210;    3;  23.0;   9.4;    3;  10.2;   8;    4.483;   0;   6.4;   8.6;  981.02;   11.9;   61.46;   15.8;    7.5;    5.9;eor
       1443;20200211;    3;  17.1;   5.6;    3;   2.2;   6;    0.483;   0;   6.8;   7.0;  986.65;    5.7;   76.13;    9.8;    2.9;    1.1;eor
       1443;20200212;    3;  15.5;   5.5;    3;   0.0;   6;    0.800;   0;   7.8;   6.2;  993.11;    5.6;   68.46;    8.2;    3.8;    0.7;eor
       1443;20200213;    3;  21.0;   4.6;    3;   9.3;   8;    0.467;   0;   7.9;   6.7;  983.95;    6.9;   67.96;   13.8;    1.5;   -1.6;eor
       1443;20200214;    3;   9.5;   4.1;    3;   0.5;   6;    2.433;   0;   7.0;   7.7;  994.34;    7.5;   75.04;   11.0;    2.3;   -0.8;eor
       1443;20200215;    3;   8.0;   1.8;    3;   0.0;   0;    7.600;   0;   7.3;   6.8;  995.11;    6.5;   73.33;   14.5;   -0.8;   -3.8;eor
       1443;20200216;    3;  10.4;   3.6;    3;   0.0;   0;    2.000;   0;   8.0;   6.8;  989.00;   14.5;   41.00;   18.1;   10.7;    6.4;eor
       1443;20200217;    3;  14.5;   5.6;    3;   9.6;   6;    0.000;   0;   7.8;   9.2;  991.99;   11.3;   69.83;   17.1;    6.9;    5.3;eor
       1443;20200218;    3;  11.8;   5.2;    3;   0.0;   6;    3.317;   0;   5.7;   6.6;  999.97;    7.3;   65.25;    9.3;    5.4;    3.9;eor
       1443;20200219;    3;  16.3;   5.1;    3;   1.6;   6;    1.983;   0;   7.4;   6.4;  996.23;    6.8;   64.75;    8.1;    4.4;    0.6;eor
       1443;20200220;    3;  15.8;   5.1;    3;   0.2;   6;    6.183;   0;   6.8;   7.2;  994.06;    9.1;   62.67;   12.8;    5.5;    4.1;eor
       1443;20200221;    3;  11.3;   2.9;    3;   0.0;   0;    7.550;   0;   6.1;   5.7; 1001.43;    5.6;   63.50;    9.8;    0.7;   -3.0;eor
       1443;20200222;    3;  14.2;   4.3;    3;   1.7;   6;    7.800;   0;   5.9;   4.4; 1000.92;    8.0;   48.58;   15.4;   -2.0;   -5.4;eor
       1443;20200223;    3;  17.0;   6.9;    3;   0.0;   0;    0.233;   0;   8.0;   7.6;  997.83;   13.0;   50.54;   15.8;    9.2;    6.4;eor
       1443;20200224;    3;  15.1;   6.2;    3;   0.0;   0;    5.650;   0;   5.3;  10.4;  992.19;   13.2;   68.50;   15.4;   11.4;   10.7;eor
       1443;20200225;    3;  14.8;   7.4;    3;   3.4;   8;    0.150;   0;   6.9;   8.4;  979.27;    9.2;   72.67;   13.7;    7.0;    6.1;eor
       1443;20200226;    3;  17.4;   5.1;    3;   2.8;   8;    0.317;   0;   7.7;   6.1;  978.04;    3.4;   77.83;    7.1;    0.9;    0.1;eor
       1443;20200227;    3;  17.9;   6.2;    3;   2.1;   8;    0.450;   0;   7.8;   6.2;  977.50;    4.7;   72.63;    9.0;    2.0;    1.1;eor
       1443;20200228;    3;  10.3;   3.7;    3;   0.3;   6;    7.633;   0;   6.2;   5.0;  989.83;    6.5;   54.50;   10.8;    2.5;    0.5;eor
       1443;20200229;    3;  22.6;   4.4;    3;   1.7;   6;    1.550;   0;   7.8;   8.3;  975.26;   11.1;   63.88;   17.3;    6.1;    3.4;eor
       1443;20200301;    3;  24.8;   7.0;    3;   1.5;   6;    5.650;   0;   7.3;   7.3;  973.30;   10.1;   59.96;   14.6;    6.3;    5.0;eor
       1443;20200302;    3;  10.4;   3.0;    3;   8.5;   6;    0.000;   0;   7.5;   7.6;  965.73;    5.9;   81.25;    7.5;    2.4;   -1.2;eor
       1443;20200303;    3;   9.8;   3.3;    3;   0.0;   6;    2.517;   0;   7.1;   6.4;  977.94;    5.1;   73.04;    7.9;    0.3;   -2.6;eor
       1443;20200304;    3;  10.3;   2.8;    3;   0.2;   6;    7.050;   0;   6.7;   5.9;  985.10;    5.2;   68.63;   10.3;   -1.3;   -4.2;eor
       1443;20200305;    3;  19.7;   4.3;    3;  14.3;   6;    0.000;   0;   7.6;   8.7;  970.26;    8.7;   77.25;   12.8;    5.5;    4.2;eor
       1443;20200306;    3;  19.2;   8.1;    3;   5.1;   6;    0.000;   0;   7.7;   7.3;  973.83;    6.1;   77.33;    8.1;    5.0;    4.2;eor
       1443;20200307;    3;   4.7;   1.8;    3;   0.0;   6;    0.750;   0;   6.8;   6.4;  991.52;    5.2;   73.25;    7.9;    0.7;   -2.9;eor
       1443;20200308;    3;  11.5;   3.9;    3;   5.9;   6;    5.483;   0;   7.8;   6.5;  990.82;    7.1;   64.67;   12.0;   -0.8;   -3.0;eor
       1443;20200309;    3;  12.2;   4.2;    3;   1.9;   6;    4.783;   0;   6.5;   7.8;  988.86;    7.5;   74.88;   10.7;    5.6;    2.8;eor
       1443;20200310;    3;  16.7;   7.4;    3;   8.8;   6;    0.000;   0;   7.8;   8.6;  989.56;    8.3;   77.71;   12.0;    5.6;    3.7;eor
       1443;20200311;    3;  14.1;   6.4;    3;   0.0;   6;    1.617;   0;   6.2;  11.6;  991.65;   13.4;   74.96;   16.1;   11.3;   10.4;eor
       1443;20200312;    3;  14.9;   6.0;    3;   4.3;   6;    3.717;   0;   7.3;  10.7;  988.96;   13.2;   71.29;   16.6;    8.4;    7.6;eor
       1443;20200313;    3;  10.6;   2.7;    3;   0.0;   0;    9.350;   0;   3.7;   6.3;  993.39;    8.4;   57.75;   12.6;    1.3;   -1.4;eor
       1443;20200314;    3;   5.7;   1.4;    3;   0.0;   0;    3.600;   0;   6.6;   5.9;  993.28;    5.7;   66.83;   12.2;    0.7;   -2.4;eor
       1443;20200315;    3;   6.5;   1.2;    3;   0.0;   0;   10.500;   0;   4.3;   6.2;  989.59;    7.1;   65.29;   15.9;   -1.0;   -4.1;eor
       1443;20200316;    3;   6.9;   1.6;    3;   0.0;   6;    9.917;   0;   5.0;   7.7;  992.41;   10.9;   62.67;   18.8;    2.0;   -1.7;eor
       1443;20200317;    3;   4.8;   1.0;    3;   0.0;   6;    3.167;   0;   5.4;   9.1; 1001.15;   11.5;   68.63;   17.7;    6.3;    2.2;eor
       1443;20200318;    3;   5.8;   1.3;    3;   0.0;   0;   10.633;   0;   0.4;   9.4;  999.38;   11.2;   73.33;   19.1;    3.9;    0.4;eor
       1443;20200319;    3;   4.7;   1.0;    3;   0.0;   0;   10.667;   0;   0.0;  10.0;  995.21;   11.6;   75.38;   20.2;    4.2;    0.6;eor
       1443;20200320;    3;   6.9;   1.6;    3;   0.0;   0;    9.617;   0;   2.1;   9.8;  991.86;   11.8;   73.79;   18.9;    5.0;    1.4;eor
       1443;20200321;    3;  10.9;   2.7;    3;   0.0;   6;    0.000;   0;   7.6;   8.0;  990.66;    6.9;   80.21;    9.1;    5.5;    3.7;eor
       1443;20200322;    3;  12.9;   4.0;    3;   0.0;   6;    8.933;   0;   3.2;   4.9;  994.50;    7.1;   49.46;   12.5;    2.3;   -0.3;eor
       1443;20200323;    3;  11.1;   3.9;    3;   0.0;   0;   11.133;   0;   0.0;   2.5;  999.61;    5.0;   30.75;   11.7;    0.2;   -1.5;eor
       1443;20200324;    3;  12.3;   3.2;    3;   0.0;   0;   11.083;   0;   0.0;   2.6;  998.07;    5.5;   29.83;   12.1;   -2.8;   -9.1;eor
       1443;20200325;    3;  12.7;   3.4;    3;   0.0;   0;   11.050;   0;   0.0;   3.3;  992.05;    4.8;   39.54;   10.9;   -3.3;   -7.5;eor
       1443;20200326;    3;  11.2;   2.8;    3;   0.0;   0;    7.433;   0;   3.5;   4.2;  987.30;    4.6;   50.33;   10.2;   -1.5;   -6.7;eor
       1443;20200327;    3;   7.4;   1.7;    3;   0.0;   0;   10.850;   0;   4.0;   5.7;  987.06;    5.8;   63.71;   12.5;   -0.9;   -5.1;eor
       1443;20200328;    3;   8.4;   1.8;    3;   0.0;   0;   10.833;   0;   1.0;   7.0;  988.57;    9.1;   63.92;   17.4;    0.8;   -3.4;eor
       1443;20200329;    1;  11.0;   3.4;    1;   4.2;   6;    1.833;   0;   6.3;   6.5;  992.24;    4.4;   78.38;    7.7;    2.0;   -0.5;eor
       1443;20200330;    1;  11.2;   3.5;    1;   0.0;   0;    7.183;   0;   3.4;   4.5;  995.66;    3.5;   58.71;    7.4;   -2.2;   -7.2;eor
       1443;20200331;    1;  13.8;   2.6;    1;   0.0;   0;   11.367;   0;   0.0;   3.6;  995.67;    4.2;   46.54;   10.9;   -4.0;   -8.2;eor
       1443;20200401;    1;   6.8;   1.9;    1;   0.0;   0;   11.467;   0;   0.0;   4.3;  990.66;    4.9;   51.50;   11.7;   -2.6;   -7.1;eor
       1443;20200402;    1;   6.6;   1.2;    1;   0.0;   0;   11.250;   0;   0.0;   4.7;  985.22;    5.8;   56.04;   14.9;   -2.5;   -7.5;eor
       1443;20200403;    1;   8.4;   1.7;    1;   0.0;   0;    9.383;   0;   1.5;   5.5;  989.40;    6.6;   58.46;   13.9;   -1.2;   -6.0;eor
       1443;20200404;    1;   8.6;   2.1;    1;   0.0;   0;   11.367;   0;   0.1;   6.4;  993.64;    8.4;   60.75;   16.5;   -0.7;   -5.6;eor
       1443;20200405;    1;   5.9;   1.5;    1;   0.0;   0;   11.483;   0;   0.0;   6.5;  992.55;   11.3;   52.13;   20.0;    0.5;   -4.0;eor
       1443;20200406;    1;   8.5;   2.0;    1;   0.0;   0;   11.517;   0;   0.0;   6.8;  994.74;   13.5;   48.08;   22.7;    3.2;   -1.8;eor
       1443;20200407;    1;   7.7;   1.9;    1;   0.0;   0;   11.517;   0;   0.0;   6.9;  998.53;   14.7;   46.42;   24.5;    4.0;   -0.7;eor
       1443;20200408;    1;   6.4;   1.2;    1;   0.0;   0;   11.517;   0;   0.0;   7.3;  996.26;   14.8;   47.04;   23.3;    5.0;   -0.4;eor
       1443;20200409;    1;   7.8;   1.7;    1;   0.0;   0;   11.033;   0;   0.8;   7.6;  994.59;   15.1;   49.00;   24.0;    5.3;    0.3;eor
       1443;20200410;    1;   9.1;   2.1;    1;   0.0;   0;   11.633;   0;   0.2;   8.2;  994.30;   15.2;   49.46;   23.3;    5.7;    0.7;eor
       1443;20200411;    1;   6.6;   1.6;    1;   0.0;   0;   11.667;   0;   1.2;   8.7;  993.63;   15.4;   53.13;   23.8;    5.9;    1.6;eor
       1443;20200412;    1;   9.6;   1.9;    1;   0.0;   6;    8.717;   0;   5.2;   8.7;  988.55;   16.6;   49.42;   24.7;    9.7;    4.5;eor
       1443;20200413;    1;  12.7;   2.7;    1;   0.0;   6;    6.517;   0;   5.6;   7.9;  987.26;   13.2;   55.54;   21.9;    6.4;    1.0;eor
       1443;20200414;    1;  12.1;   3.4;    1;   0.0;   0;   11.933;   0;   0.0;   4.6;  994.26;    7.3;   46.21;   12.2;    0.0;   -5.1;eor
       1443;20200415;    1;   5.7;   1.8;    1;   0.0;   0;   11.967;   0;   5.7;   5.5;  993.65;   10.1;   45.79;   19.4;   -0.8;   -4.9;eor
       1443;20200416;    1;   7.3;   1.5;    1;   0.0;   0;   11.883;   0;   3.2;   7.6;  989.72;   14.6;   51.00;   24.9;    2.2;   -1.9;eor
       1443;20200417;    1;   7.4;   1.9;    1;   0.0;   0;   10.517;   0;   5.9;   8.9;  987.21;   17.5;   48.75;   25.6;    7.6;    4.3;eor
       1443;20200418;    1;  11.0;   2.6;    1;   0.0;   0;    8.283;   0;   5.9;  10.4;  987.57;   16.6;   57.96;   24.4;    8.8;    5.1;eor
       1443;20200419;    1;  11.4;   2.8;    1;   0.0;   6;    9.917;   0;   7.2;  11.6;  985.09;   16.9;   62.42;   23.8;    8.1;    4.5;eor
       1443;20200420;    1;  10.5;   3.4;    1;   0.0;   0;   12.217;   0;   4.6;   8.9;  982.10;   16.7;   48.50;   22.3;   10.1;    9.5;eor
       1443;20200421;    1;  11.4;   4.0;    1;   0.0;   0;    7.100;   0;   7.3;   7.0;  981.75;   17.0;   37.04;   22.6;   12.0;   11.5;eor
       1443;20200422;    1;   9.8;   3.1;    1;   0.0;   0;   12.317;   0;   0.0;   6.5;  985.59;   16.8;   35.67;   24.7;    7.2;    2.3;eor
       1443;20200423;    1;   6.1;   1.5;    1;   0.0;   0;   12.367;   0;   0.0;   7.5;  989.15;   14.6;   48.33;   23.0;    4.6;   -0.5;eor
       1443;20200424;    1;  10.1;   1.8;    1;   0.0;   6;   10.033;   0;   6.4;   8.5;  985.60;   16.0;   51.46;   24.3;    5.6;    1.0;eor
       1443;20200425;    1;   8.2;   2.0;    1;   0.0;   0;   10.200;   0;   2.8;   8.6;  982.21;   15.1;   52.42;   22.1;    7.6;    2.5;eor
       1443;20200426;    1;   9.4;   1.6;    1;   0.7;   6;    5.483;   0;   6.8;   8.7;  982.00;   13.2;   60.04;   20.7;    5.0;    1.0;eor
       1443;20200427;    1;   9.8;   2.4;    1;   0.2;   6;   11.817;   0;   4.3;  10.1;  981.26;   17.1;   57.46;   24.1;    9.5;    7.1;eor
       1443;20200428;    1;  12.6;   4.5;    1;   2.4;   6;    1.400;   0;   8.0;  11.8;  979.83;   15.4;   68.17;   19.1;   12.4;   11.3;eor
       1443;20200429;    1;  11.7;   5.1;    1;   0.2;   6;    4.167;-999;   6.9;  10.1;  982.17;   13.4;   67.08;   17.7;   10.2;    8.8;eor
       1443;20200430;    1;  17.8;   5.5;    1;   1.9;   6;    0.283;   0;   6.9;  10.2;  979.90;   12.9;   68.63;   15.3;   10.6;    7.7;eor
       1443;20200501;    1;  14.2;   5.4;    1;   3.7;   6;    0.783;-999;   7.6;   9.7;  979.19;   11.9;   69.58;   13.4;   10.1;    8.7;eor
       1443;20200502;    1;  10.2;   2.6;    1;   4.8;   6;    1.300;-999;   5.8;  10.1;  984.91;    9.3;   85.67;   12.1;    2.8;    0.2;eor
       1443;20200503;    1;   7.6;   1.9;    1;   0.0;   0;    8.633;-999;   5.7;   8.3;  990.12;   11.6;   65.33;   19.2;    1.8;   -0.9;eor
       1443;20200504;    1;   8.8;   2.2;    1;   0.0;   0;    6.400;-999;   6.9;  12.0;  988.27;   15.9;   68.54;   23.0;    8.0;    4.9;eor
       1443;20200505;    1;   5.9;   1.7;    1;   0.7;   6;    0.000;-999;   8.0;  11.2;  988.77;   11.5;   82.38;   14.1;    9.6;    7.7;eor
       1443;20200506;    1;  10.3;   2.4;    1;   0.0;   0;    9.900;-999;   4.3;   7.6;  993.08;   12.7;   54.46;   19.3;    5.9;    2.0;eor
       1443;20200507;    1;   5.9;   1.4;    1;   0.0;   0;   12.967;-999;   2.6;   7.9;  993.94;   13.7;   54.33;   22.9;    2.6;   -1.0;eor
       1443;20200508;    1;   6.7;   1.6;    1;   0.0;   6;   10.517;-999;   8.0;  10.8;  988.54;   18.2;   55.25;   27.4;    7.0;    4.1;eor
       1443;20200509;    1;  10.9;   3.0;    1;   0.3;   6;   11.217;-999;   6.3;  12.0;  983.53;   19.4;   56.75;   26.6;   11.2;    8.1;eor
       1443;20200510;    1;   8.5;   2.4;    1;   1.0;   6;    8.267;-999;   6.1;  13.8;  977.82;   20.6;   59.50;   26.1;   14.0;   13.6;eor
       1443;20200511;    1;  13.2;   3.1;    1;  11.9;   6;    0.000;-999;   7.7;  10.9;  976.67;    8.8;   91.67;   17.5;    4.1;    4.3;eor
       1443;20200512;    1;  10.4;   2.5;    1;   0.0;   0;   10.500;-999;   7.3;   7.1;  987.13;    8.6;   65.54;   15.1;    1.4;    0.0;eor
       1443;20200513;    1;   4.6;   1.7;    1;  16.3;   6;    0.217;-999;   8.0;   9.5;  982.13;    8.3;   86.38;   10.1;    5.7;    4.5;eor
       1443;20200514;    1;   6.7;   2.2;    1;   0.0;   6;    0.017;-999;   7.9;   9.9;  984.68;   10.6;   78.33;   13.4;    8.0;    7.8;eor
       1443;20200515;    1;   7.1;   2.2;    1;   0.0;   0;    2.000;-999;   6.6;   9.1;  988.29;   12.0;   65.67;   16.6;    5.4;    2.0;eor
       1443;20200516;    1;   9.4;   2.4;    1;   0.0;   0;   13.267;-999;   0.8;   9.0;  992.26;   12.5;   65.67;   19.9;    2.8;   -0.1;eor
       1443;20200517;    1;   9.7;   2.3;    1;   0.0;   0;   13.317;-999;   0.5;   9.1;  993.66;   13.7;   62.08;   21.2;    5.4;    1.8;eor
       1443;20200518;    1;   7.3;   1.7;    1;   0.0;   0;   13.550;-999;   0.5;   9.8;  994.80;   16.0;   57.75;   23.8;    6.4;    2.9;eor
       1443;20200519;    1;  11.1;   2.6;    1;   0.0;   0;   12.333;-999;   1.7;  11.1;  992.02;   18.7;   54.88;   25.3;    9.1;    5.5;eor
       1443;20200520;    1;  10.3;   2.2;    1;   0.0;   0;   10.200;-999;   2.3;  12.1;  991.53;   18.4;   59.08;   25.3;    9.9;    6.5;eor
       1443;20200521;    1;   8.0;   1.9;    1;   0.0;   0;   13.500;-999;   2.8;  12.7;  992.55;   19.0;   60.83;   26.7;    9.9;    6.8;eor
       1443;20200522;    1;  10.2;   2.6;    1;   5.1;   6;    5.017;-999;   7.9;  13.8;  993.34;   21.0;   58.50;   28.5;   10.7;    7.1;eor
       1443;20200523;    1;  10.9;   2.3;    1;  15.1;   6;    0.300;-999;   7.2;  14.1;  998.07;   14.3;   84.71;   21.7;    9.4;    7.4;eor
       1443;20200524;    1;   8.1;   2.4;    1;   0.0;   0;    7.217;-999;   7.0;  10.2; 1003.35;   13.9;   66.29;   19.3;    7.4;    5.3;eor
       1443;20200525;    1;  10.4;   2.3;    1;   0.0;   0;   11.617;-999;   3.1;  10.4; 1003.96;   14.1;   67.00;   20.8;    6.2;    3.7;eor
       1443;20200526;    1;  11.9;   3.1;    1;   0.0;   0;   13.900;-999;   2.9;  10.5; 1003.60;   15.5;   62.13;   21.8;    6.9;    2.9;eor
       1443;20200527;    1;  10.3;   2.9;    1;   0.0;   0;   13.933;-999;   1.2;   9.5; 1002.25;   16.7;   53.54;   23.9;    6.7;    3.3;eor
       1443;20200528;    1;  11.1;   2.8;    1;   0.0;   0;   10.117;-999;   2.1;  10.3;  998.83;   16.8;   56.17;   23.1;    7.9;    4.5;eor
       1443;20200529;    1;  10.1;   3.4;    1;   0.0;   0;   11.083;-999;   1.6;   7.8;  994.77;   17.7;   38.83;   22.9;    9.8;    6.4;eor
       1443;20200530;    1;   8.8;   2.5;    1;   0.0;   0;    8.583;-999;   3.8;   8.4;  991.26;   15.7;   50.04;   22.1;    7.1;    2.4;eor
       1443;20200531;    1;   9.9;   2.6;    1;   0.0;   0;   13.100;-999;   2.3;   8.3;  990.03;   16.1;   49.04;   23.3;    5.9;    1.9;eor
       1443;20200601;    1;  11.4;   2.6;    1;   0.0;   0;   12.733;-999;   2.0;   9.4;  989.68;   20.4;   40.08;   28.1;   12.8;    8.6;eor
       1443;20200602;    1;   8.1;   2.1;    1;   0.0;   0;   14.000;-999;   4.5;  11.3;  987.10;   20.1;   50.79;   27.6;    9.6;    5.3;eor
       1443;20200603;    1;  10.4;   1.9;    1;   5.8;   6;    7.100;-999;   7.1;  13.2;  977.92;   18.9;   63.21;   26.8;   12.1;    8.4;eor
       1443;20200604;    1;  10.8;   3.9;    1;   9.0;   8;    0.717;-999;   7.8;  14.2;  970.82;   16.5;   76.63;   20.2;   12.1;   12.0;eor
       1443;20200605;    1;  15.5;   4.9;    1;   6.3;   6;    0.017;-999;   7.9;  12.4;  974.39;   13.6;   79.79;   15.7;   11.5;   11.1;eor
       1443;20200606;    1;  15.3;   4.7;    1;  11.0;   6;    0.183;-999;   8.0;  13.9;  977.61;   14.4;   84.29;   18.0;   12.4;   11.5;eor
       1443;20200607;    1;   7.4;   2.2;    1;   0.0;   6;    2.050;-999;   7.4;  11.8;  981.85;   14.1;   74.21;   18.8;   10.2;    8.4;eor
       1443;20200608;    1;   6.4;   1.6;    1;   1.8;   6;    2.233;-999;   7.8;  12.1;  984.54;   14.0;   77.04;   18.2;    8.8;    7.7;eor
       1443;20200609;    1;   6.2;   1.7;    1;   3.6;   6;    0.000;-999;   7.9;  13.4;  986.07;   13.0;   89.54;   15.0;   10.9;    9.5;eor
