STATIONS_ID;MESS_DATUM;QN_3;  FX;  FM;QN_4; RSK;RSKF; SDK;SHK_TAG;  NM; VPM;  PM; TMK; UPM; TXK; TNK; TGK;eor
        161;20181208;   10;  14.0;   4.6;    3;   1.8;   6;    1.633;   0;   7.0;   8.4;  996.97;    8.1;   76.96;   11.8;    5.7;    3.3;eor
        161;20181209;   10;  13.8;   4.4;    3;   7.8;   6;    0.083;   0;   7.3;   8.1;  994.70;    8.6;   72.79;   11.4;    6.3;    4.8;eor
        161;20181210;   10;  11.5;   3.3;    3;   4.2;   6;    0.850;   0;   5.8;   7.1; 1011.92;    5.5;   78.50;    7.8;    4.3;    1.8;eor
        161;20181211;   10;   9.4;   2.3;    3;   2.6;   6;    2.067;   0;   6.3;   6.9; 1014.72;    3.9;   85.75;    5.6;    0.3;   -2.5;eor
        161;20181212;   10;   4.9;   1.2;    3;   0.0;   0;    2.200;   0;   7.5;   6.4; 1015.27;    3.2;   83.17;    6.3;    0.7;   -1.9;eor
        161;20181213;   10;  10.2;   2.8;    3;   0.0;   0;    5.567;   0;   4.6;   4.8; 1011.26;    1.7;   70.13;    3.6;   -1.4;   -5.3;eor
        161;20181214;   10;   7.0;   3.0;    3;   0.0;   7;    0.000;   0;   7.8;   4.1; 1013.39;    1.2;   61.17;    1.7;    0.0;   -1.1;eor
        161;20181215;   10;  10.0;   3.5;    3;   1.3;   8;    0.000;   0;   7.9;   4.0; 1014.60;    0.6;   63.00;    1.4;   -0.2;   -1.6;eor
        161;20181216;   10;   9.2;   2.3;    3;   0.1;   8;    0.000;   1;   7.9;   5.3; 1004.63;    0.2;   85.13;    2.4;   -1.8;   -3.9;eor
        161;20181217;   10;   8.0;   1.7;    3;   0.8;   6;    1.050;   0;   7.2;   7.1; 1011.50;    3.8;   88.50;    7.7;    0.1;   -3.6;eor
        161;20181218;   10;   6.9;   1.8;    3;   0.0;   6;    3.567;   0;   7.5;   6.9; 1013.38;    3.9;   85.33;    7.2;   -0.4;   -4.5;eor
        161;20181219;   10;   5.6;   1.8;    3;   0.0;   6;    0.933;   0;   7.8;   7.7; 1004.86;    6.1;   81.58;   10.5;    2.7;    2.0;eor
        161;20181220;   10;   9.9;   2.5;    3;   1.2;   6;    2.050;   0;   7.9;   8.5; 1004.90;    7.8;   80.13;    9.8;    5.7;    3.6;eor
        161;20181221;   10;  14.5;   4.3;    3;   1.9;   6;    0.000;   0;   7.7;   9.8;  998.87;   11.1;   74.88;   14.6;    7.8;    5.3;eor
        161;20181222;   10;  14.1;   2.9;    3;   4.9;   6;    0.900;   0;   7.6;   9.0; 1005.78;   10.3;   71.75;   12.5;    4.9;    0.0;eor
        161;20181223;   10;  12.4;   1.2;    3;  14.2;   6;    0.000;   0;   7.7;   9.3; 1009.40;    7.1;   92.00;   10.5;    4.5;    0.7;eor
        161;20181224;   10;  11.8;   3.0;    3;   0.3;   6;    1.800;   0;   5.8;   7.1; 1019.44;    4.5;   83.21;    8.2;   -1.6;   -6.0;eor
        161;20181225;   10;   3.2;   0.9;    3;   0.0;   0;    2.333;   0;   6.2;   5.9; 1026.91;    1.4;   87.50;    5.1;   -2.3;   -6.9;eor
        161;20181226;   10;   2.8;   1.1;    3;   0.0;   0;    0.000;   0;   7.0;   4.9; 1024.30;   -2.3;   95.54;   -0.9;   -3.7;   -8.2;eor
        161;20181227;   10;   2.5;   0.9;    3;   0.0;   0;    0.500;   0;   7.6;   5.4; 1019.10;   -0.6;   92.33;    2.2;   -3.0;   -6.3;eor
        161;20181228;   10;   4.3;   1.2;    3;   0.0;   6;    3.217;   0;   5.4;   5.3; 1020.99;   -0.5;   90.46;    1.9;   -2.7;   -6.9;eor
        161;20181229;   10;  11.8;   1.6;    3;   0.8;   6;    0.000;   0;   7.8;   6.4; 1022.73;    2.4;   87.92;    9.4;   -0.1;   -0.3;eor
        161;20181230;   10;  14.7;   2.8;    3;   2.7;   6;    0.000;   0;   7.5;   8.2; 1023.13;    7.7;   78.38;    9.1;    6.0;    5.3;eor
        161;20181231;   10;   5.3;   1.0;    3;   0.8;   6;    0.000;   0;   7.9;   9.9; 1024.23;    7.5;   95.21;    9.6;    5.8;    4.9;eor
        161;20190101;   10;  13.4;   2.5;    3;   2.1;   6;    0.000;   0;   7.5;   8.5; 1020.33;    7.1;   84.33;    8.7;    3.8;    2.1;eor
        161;20190102;   10;  13.6;   4.1;    3;   0.0;   6;    1.233;   0;   4.1;   5.7; 1025.02;    3.9;   70.63;    6.0;   -2.3;   -6.1;eor
        161;20190103;   10;   7.8;   2.2;    3;   1.4;   8;    0.250;   0;   7.3;   6.3; 1028.88;    2.0;   88.83;    4.3;   -2.6;   -6.2;eor
        161;20190104;   10;  10.2;   2.3;    3;   1.7;   6;    0.000;   0;   7.6;   6.6; 1027.22;    3.3;   85.50;    4.7;   -0.1;   -2.6;eor
        161;20190105;   10;  12.0;   3.7;    3;   9.3;   6;    0.000;   0;   7.7;   8.3; 1021.23;    5.7;   90.88;    6.8;    3.7;    3.3;eor
        161;20190106;   10;  10.3;   3.2;    3;   1.0;   6;    0.000;   0;   7.6;   8.0; 1023.18;    5.3;   89.58;    5.8;    4.8;    3.6;eor
        161;20190107;   10;  11.3;   2.0;    3;   2.7;   6;    0.483;   0;   7.8;   7.5; 1022.10;    5.4;   83.13;    7.4;    2.8;   -0.7;eor
        161;20190108;   10;  18.6;   6.0;    3;  12.7;   6;    0.983;   0;   7.0;   7.5; 1007.16;    6.9;   75.08;    9.0;    4.7;    3.5;eor
        161;20190109;   10;  15.6;   5.4;    3;   0.6;   8;    2.200;   0;   7.2;   6.0; 1008.04;    3.8;   74.29;    5.1;    1.8;    0.5;eor
        161;20190110;   10;   8.2;   2.7;    3;   0.3;   8;    0.117;   0;   7.8;   5.3; 1016.30;    1.9;   75.92;    2.6;    0.8;   -0.5;eor
        161;20190111;   10;   8.5;   1.1;    3;   5.2;   8;    0.000;   0;   7.5;   7.0; 1015.31;    2.6;   93.71;    7.1;    0.3;    0.0;eor
        161;20190112;   10;   8.7;   3.3;    3;   8.7;   6;    0.000;   0;   7.5;   7.9; 1010.17;    6.5;   82.17;    8.0;    5.1;    3.9;eor
        161;20190113;   10;  16.0;   3.6;    3;  14.3;   6;    0.000;   0;   7.6;   9.2;  998.27;    8.5;   82.79;   10.3;    6.3;    5.3;eor
        161;20190114;   10;  17.7;   4.6;    3;   4.7;   6;    2.217;   0;   6.0;   7.1; 1003.90;    5.1;   81.00;    7.9;    2.7;    0.5;eor
        161;20190115;   10;   9.9;   3.0;    3;   0.5;   6;    0.000;   0;   7.6;   6.8; 1010.83;    4.9;   78.33;    7.7;    1.8;   -0.7;eor
        161;20190116;   10;  11.6;   3.7;    3;   0.0;   6;    0.483;   0;   7.8;   6.7; 1002.43;    5.4;   74.71;    6.3;    3.9;   -0.5;eor
        161;20190117;   10;  14.3;   3.8;    3;   2.7;   8;    2.083;   0;   6.7;   6.6;  996.93;    4.9;   75.50;    8.2;    2.0;   -1.4;eor
        161;20190118;   10;   7.5;   1.4;    3;   0.0;   8;    4.133;   0;   6.5;   5.3; 1010.03;    1.2;   79.38;    3.9;   -3.0;   -6.8;eor
        161;20190119;   10;   5.2;   1.7;    3;   0.0;   0;    6.883;   0;   6.7;   4.2; 1007.98;   -2.3;   81.33;    3.2;   -5.8;   -9.3;eor
        161;20190120;   10;   2.7;   1.4;    3;   0.0;   0;    7.750;   0;   1.0;   3.5; 1008.32;   -4.5;   81.13;    1.5;   -8.4;  -11.7;eor
        161;20190121;   10;   2.6;   1.1;    3;   0.0;   0;    3.667;   0;   2.3;   3.4; 1013.27;   -6.4;   88.50;   -1.1;   -9.4;  -13.3;eor
        161;20190122;   10;   7.6;   2.3;    3;   0.3;   7;    0.950;   0;   7.5;   3.6; 1001.04;   -4.5;   82.83;   -0.8;   -9.5;  -12.3;eor
        161;20190123;   10;   5.3;   2.0;    3;   0.1;   7;    0.000;   1;   7.8;   4.2;  991.74;   -1.8;   78.38;   -0.9;   -2.9;   -3.9;eor
        161;20190124;   10;   5.6;   1.8;    3;   0.0;   8;    0.733;   1;   7.8;   3.7; 1001.60;   -2.3;   70.92;   -1.7;   -3.0;   -4.1;eor
        161;20190125;   10;   8.1;   1.7;    3;   0.8;   8;    1.050;   1;   7.9;   4.9; 1005.76;    0.0;   79.42;    3.3;   -2.3;   -2.7;eor
        161;20190126;   10;   9.6;   3.7;    3;   0.1;   6;    0.000;   1;   7.7;   7.2;  998.51;    4.7;   83.96;    7.0;    2.3;    1.4;eor
        161;20190127;   10;  11.2;   3.4;    3;   2.5;   6;    0.883;   0;   7.7;   7.5;  981.23;    6.0;   79.13;    8.9;    2.7;    1.0;eor
        161;20190128;   10;  12.4;   4.3;    3;   4.3;   8;    0.000;   0;   7.7;   6.2;  987.33;    3.3;   80.42;    4.5;    2.0;    0.0;eor
        161;20190129;   10;   7.2;   2.3;    3;   0.0;   7;    3.100;   0;   7.3;   5.4;  995.67;    1.9;   77.13;    4.5;   -0.6;   -3.5;eor
        161;20190130;   10;   6.7;   1.9;    3;   6.1;   8;    0.000;   1;   7.5;   5.3;  985.09;    0.4;   85.08;    1.2;   -2.8;   -7.6;eor
        161;20190131;   10;   5.3;   1.2;    3;   2.0;   8;    0.400;   7;   7.6;   5.0;  987.29;   -1.1;   88.54;    2.6;   -4.6;   -7.8;eor
        161;20190201;   10;   5.7;   1.6;    3;   4.6;   6;    2.567;   6;   7.5;   6.1;  981.72;    1.8;   87.29;    5.6;   -2.3;   -2.4;eor
        161;20190202;   10;   8.8;   1.6;    3;   0.0;   6;    0.000;   0;   7.9;   6.6;  988.74;    2.1;   93.42;    4.3;    1.1;    0.0;eor
        161;20190203;   10;   9.5;   3.1;    3;   0.0;   6;    2.000;   0;   6.4;   5.8; 1009.75;    2.6;   79.17;    5.1;   -1.3;   -5.2;eor
        161;20190204;   10;   9.3;   2.0;    3;   0.0;   8;    4.133;   0;   6.9;   5.2; 1018.94;    2.0;   74.29;    6.0;   -2.1;   -7.1;eor
        161;20190205;   10;   4.3;   1.3;    3;   0.0;   6;    0.050;   0;   7.9;   5.8; 1018.84;    3.8;   72.58;    6.4;   -0.9;   -5.2;eor
        161;20190206;   10;   7.7;   1.4;    3;   0.0;   6;    6.250;   0;   7.8;   5.3; 1015.65;    1.6;   79.54;    8.0;   -3.4;   -7.8;eor
        161;20190207;   10;   8.6;   2.5;    3;   0.2;   6;    2.850;   0;   7.3;   6.9; 1004.89;    4.9;   79.21;    9.7;    0.5;   -3.2;eor
        161;20190208;   10;   9.8;   3.5;    3;   0.3;   6;    0.000;   0;   7.6;   7.6; 1004.22;    7.1;   75.75;    9.2;    2.7;    0.8;eor
        161;20190209;   10;  14.6;   4.5;    3;   1.3;   6;    3.900;   0;   7.5;   7.7;  999.33;    8.6;   69.00;   11.5;    5.4;    1.7;eor
        161;20190210;   10;  15.5;   4.9;    3;  11.5;   6;    1.000;   0;   7.8;   8.4;  989.84;    8.3;   75.96;   10.8;    4.3;    3.2;eor
        161;20190211;   10;  11.9;   3.3;    3;   0.2;   6;    0.817;   0;   6.2;   6.6; 1009.68;    4.8;   77.21;    7.8;    2.1;   -2.6;eor
        161;20190212;   10;   5.7;   1.5;    3;   0.0;   0;    1.600;   0;   6.6;   6.0; 1025.28;    3.6;   77.21;    8.4;   -1.2;   -5.4;eor
        161;20190213;   10;   4.4;   1.1;    3;   0.0;   0;    1.933;   0;   7.4;   5.7; 1028.25;    0.8;   88.83;    5.0;   -2.0;   -5.9;eor
        161;20190214;   10;   2.7;   1.0;    3;   0.0;   6;    5.083;   0;   5.8;   5.6; 1027.47;    0.7;   87.75;    9.4;   -3.8;   -8.2;eor
        161;20190215;   10;   3.7;   1.2;    3;   0.0;   0;    9.500;   0;   0.0;   5.7; 1023.56;    3.3;   75.42;   15.2;   -3.5;   -7.8;eor
        161;20190216;   10;   2.8;   1.1;    3;   0.0;   0;    9.517;   0;   2.6;   5.9; 1018.39;    3.5;   77.54;   15.1;   -4.0;   -8.5;eor
        161;20190217;   10;   4.8;   1.3;    3;   0.0;   0;    6.250;   0;   6.3;   6.1; 1014.52;    3.3;   81.25;   16.3;   -2.9;   -7.0;eor
        161;20190218;   10;   7.5;   1.5;    3;   0.0;   6;    9.217;   0;   2.6;   5.9; 1010.57;    4.1;   74.83;   16.1;   -3.3;   -8.2;eor
        161;20190219;   10;   6.1;   1.3;    3;   0.2;   6;    5.650;   0;   5.6;   6.6; 1010.88;    5.0;   77.54;   13.7;   -0.9;   -5.3;eor
        161;20190220;   10;   3.7;   0.9;    3;   0.0;   0;    4.017;   0;   6.4;   6.5; 1015.31;    3.5;   82.54;   11.8;   -1.7;   -5.9;eor
        161;20190221;   10;   6.8;   1.0;    3;   0.3;   6;    1.733;   0;   6.8;   7.9; 1019.10;    5.7;   84.88;   12.7;   -1.4;   -5.1;eor
        161;20190222;   10;   5.9;   1.8;    3;   0.2;   6;    1.167;   0;   6.4;  10.0; 1025.98;    9.4;   84.67;   14.2;    2.0;   -2.8;eor
        161;20190223;   10;   7.4;   2.4;    3;   0.0;   0;    6.833;   0;   4.8;   5.9; 1029.70;    5.1;   69.33;   11.1;   -1.2;   -5.8;eor
        161;20190224;   10;   3.5;   1.3;    3;   0.0;   0;   10.150;   0;   0.5;   4.3; 1029.30;    4.0;   60.38;   14.5;   -3.5;   -7.6;eor
        161;20190225;   10;   3.3;   1.1;    3;   0.0;   0;   10.200;   0;   3.0;   5.1; 1028.82;    5.6;   62.38;   17.8;   -2.7;   -7.3;eor
        161;20190226;   10;   2.8;   1.1;    3;   0.0;   0;   10.217;   0;  -999;   6.4; 1025.34;    6.7;   68.92;   20.2;   -2.4;   -7.1;eor
        161;20190227;   10;   2.8;   1.1;    3;   0.0;   0;   10.333;   0;   0.0;   6.3; 1017.60;    6.8;   69.38;   19.8;   -2.0;   -7.2;eor
        161;20190228;   10;  11.3;   2.1;    3;   2.6;   6;    6.483;   0;   4.0;   7.5; 1008.51;    7.1;   74.00;   15.9;   -1.9;   -6.6;eor
        161;20190301;   10;  11.2;   2.7;    3;   1.1;   6;    0.000;   0;   7.8;   9.3; 1006.34;    7.8;   87.50;    9.2;    5.6;    2.9;eor
        161;20190302;   10;  11.1;   2.4;    3;   0.0;   6;    0.017;   0;   8.0;   8.7; 1007.15;    8.1;   80.88;   11.8;    4.8;    3.7;eor
        161;20190303;   10;  13.9;   3.9;    3;   0.0;   6;    0.017;   0;   7.8;   9.7; 1000.62;   10.9;   74.08;   13.2;    8.5;    5.8;eor
        161;20190304;   10;  20.0;   5.8;    3;   1.9;   8;    3.500;   0;   7.3;   8.3;  989.49;    9.7;   68.63;   13.5;    6.4;    4.6;eor
        161;20190305;   10;  15.7;   3.4;    3;   0.0;   6;    1.483;   0;   7.1;   6.9;  998.94;    7.0;   69.92;   10.6;    3.5;   -1.2;eor
        161;20190306;   10;  10.4;   2.6;    3;   0.1;   6;    0.733;   0;   7.9;   8.6;  994.63;   10.2;   70.00;   15.4;    4.7;    1.1;eor
        161;20190307;   10;  18.0;   5.7;    3;   0.5;   6;    6.717;   0;   6.3;   8.7;  989.55;   10.3;   69.00;   13.0;    7.7;    4.9;eor
        161;20190308;   10;  12.3;   4.2;    3;   0.2;   6;    3.483;   0;   6.8;   7.4; 1003.21;    8.6;   66.58;   12.7;    7.0;    4.8;eor
        161;20190309;   10;  17.1;   5.2;    3;   4.6;   6;    2.817;   0;   7.3;   8.6; 1004.05;   10.2;   69.46;   14.2;    7.9;    5.2;eor
        161;20190310;   10;  21.2;   4.4;    3;  10.9;   8;    3.583;   0;   6.8;   8.0; 1000.17;    9.2;   69.83;   15.8;    3.4;    0.7;eor
        161;20190311;   10;  17.3;   4.9;    3;   0.6;   8;    7.500;   0;   5.0;   6.0; 1010.20;    5.0;   69.75;    8.5;    1.3;   -1.9;eor
        161;20190312;   10;  14.0;   3.8;    3;   0.1;   6;    2.183;   0;   7.6;   5.7; 1007.13;    6.6;   60.71;   11.3;    0.6;   -3.8;eor
        161;20190313;   10;  14.4;   5.2;    3;   6.7;   6;    1.333;   0;   6.3;   7.0;  999.12;    6.3;   73.46;    8.5;    4.0;   -0.3;eor
        161;20190314;   10;  15.4;   4.3;    3;   2.9;   6;    1.300;-999;   6.9;   7.9;  996.45;    7.3;   77.46;   11.6;    4.4;    1.8;eor
        161;20190315;   10;  14.4;   4.5;    3;  14.1;   6;    0.050;   0;   7.1;   9.9;  997.98;   10.6;   76.75;   14.8;    6.2;    4.7;eor
        161;20190316;   10;  12.1;   4.0;    3;   0.1;   6;    0.033;   0;   7.0;   9.6; 1000.47;   10.3;   77.33;   12.6;    7.7;    7.3;eor
        161;20190317;   10;  13.0;   4.2;    3;   1.7;   6;    2.267;   0;   7.1;   7.4;  996.61;    8.5;   66.29;   12.3;    2.8;   -1.0;eor
        161;20190318;   10;  11.3;   2.2;    3;   0.8;   6;    4.267;   0;   4.9;   6.5; 1009.42;    4.7;   76.21;    9.5;   -0.1;   -4.1;eor
        161;20190319;   10;   6.1;   1.5;    3;   0.0;   0;    8.600;   0;   1.8;   5.5; 1019.65;    3.7;   73.04;   11.0;   -2.4;   -6.4;eor
        161;20190320;   10;   4.7;   1.2;    3;   0.0;   0;   11.367;   0;   3.5;   6.2; 1025.07;    5.4;   71.75;   14.2;   -2.5;   -7.0;eor
        161;20190321;   10;   5.1;   1.2;    3;   0.0;   0;   11.567;   0;   2.7;   6.5; 1024.83;    7.9;   66.50;   17.8;   -0.9;   -4.5;eor
        161;20190322;   10;   6.4;   1.8;    3;   0.0;   0;   11.433;   0;   2.5;   7.1; 1020.53;    9.5;   65.04;   19.8;    0.1;   -4.1;eor
        161;20190323;   10;   7.5;   2.3;    3;   0.0;   6;    0.117;   0;   6.6;   7.8; 1020.33;    6.1;   82.50;   10.7;    0.7;   -3.5;eor
        161;20190324;   10;   9.3;   2.0;    3;   0.0;   6;    3.000;   0;   4.1;   7.3; 1017.29;    5.9;   79.25;   12.2;   -0.1;   -4.1;eor
        161;20190325;   10;  16.9;   3.3;    3;  12.2;   6;    4.133;   0;   5.8;   6.9; 1014.27;    5.2;   77.96;    9.3;    0.1;   -4.7;eor
        161;20190326;   10;   7.8;   2.4;    3;   0.0;   0;    1.117;   0;   8.0;   6.9; 1021.91;    7.0;   69.42;    9.5;    4.8;    2.9;eor
        161;20190327;   10;   5.5;   1.6;    3;   0.0;   0;    4.533;   0;   6.8;   6.9; 1024.04;    6.9;   71.58;   11.3;    1.5;   -2.9;eor
        161;20190328;   10;   5.3;   1.4;    3;   0.0;   0;    3.783;   0;   6.6;   7.6; 1025.54;    7.5;   74.25;   14.2;   -0.1;   -3.3;eor
        161;20190329;   10;   7.5;   1.9;    3;   0.0;   0;   11.667;   0;   0.0;   8.1; 1021.12;    9.4;   71.25;   17.9;    1.2;   -2.9;eor
        161;20190330;   10;   9.6;   1.9;    3;   0.0;   0;   10.100;   0;   2.5;   7.6; 1013.57;   10.9;   63.96;   21.1;    0.5;   -3.8;eor
        161;20190331;   10;   9.7;   2.2;    3;   0.0;   0;    9.017;   0;   2.6;   8.7; 1012.66;   11.0;   67.79;   19.3;    3.5;   -1.2;eor
        161;20190401;   10;   7.1;   1.7;    3;   0.0;   0;   11.867;   0;   0.5;   7.5; 1010.87;    9.5;   65.42;   17.4;    1.5;   -2.7;eor
        161;20190402;   10;  13.8;   2.5;    3;   0.0;   6;    1.583;   0;   6.9;   8.3;  999.39;   10.5;   66.92;   18.0;    2.7;   -1.4;eor
        161;20190403;   10;   6.8;   2.0;    3;   4.9;   6;    0.000;   0;   7.8;   8.7;  993.64;    8.2;   80.25;   11.6;    5.4;    3.5;eor
        161;20190404;   10;   3.9;   1.1;    3;   5.2;   6;    0.083;   0;   7.7;   8.0;  992.50;    6.0;   85.96;    7.7;    2.9;   -0.4;eor
        161;20190405;   10;   4.5;   1.3;    3;   0.0;   6;    0.350;   0;   7.8;   8.4;  996.82;    6.6;   86.04;    9.1;    3.1;    1.2;eor
        161;20190406;   10;   7.3;   1.6;    3;   0.0;   0;    6.867;   0;   6.5;   9.4;  995.57;   10.5;   76.33;   16.7;    3.7;    0.4;eor
        161;20190407;   10;   8.9;   1.9;    3;   0.0;   0;   10.600;   0;   4.3;   9.3;  995.87;   13.0;   66.21;   20.2;    3.7;    0.1;eor
        161;20190408;   10;   6.7;   1.7;    3;   3.1;   6;    1.833;   0;   7.5;  11.4; 1000.27;   13.3;   74.88;   18.0;   10.8;    7.6;eor
        161;20190409;   10;   9.9;   2.0;    3;   0.0;   6;    1.083;   0;   7.9;  11.7; 1001.23;   12.8;   80.13;   17.1;    9.5;    7.7;eor
        161;20190410;   10;  10.1;   2.7;    3;   0.0;   0;    9.950;   0;   5.2;   7.0; 1004.65;   10.9;   55.13;   15.9;    6.3;   -0.6;eor
        161;20190411;   10;  10.0;   2.9;    3;   0.0;   0;   12.833;   0;   0.0;   4.9; 1011.75;    7.4;   50.21;   12.9;    0.6;   -4.7;eor
        161;20190412;   10;   8.4;   2.7;    3;   0.0;   0;    0.000;   0;   7.5;   4.4; 1014.48;    5.0;   50.50;    7.6;    1.4;   -4.6;eor
        161;20190413;   10;  10.4;   2.3;    3;   2.0;   8;    5.917;   0;   6.5;   5.3; 1013.75;    3.6;   67.25;    7.2;   -0.2;   -4.0;eor
        161;20190414;   10;   8.7;   3.1;    3;   0.0;   6;    7.917;   0;   4.9;   5.9; 1013.98;    6.0;   66.04;   12.5;    0.9;   -2.0;eor
        161;20190415;   10;   8.6;   2.5;    3;   0.0;   0;    9.783;   0;   3.1;   7.4; 1013.32;   10.7;   60.38;   18.1;    3.3;    0.0;eor
        161;20190416;   10;  13.2;   2.2;    3;   6.2;   6;    9.333;   0;   4.7;   8.0; 1008.67;   11.4;   60.92;   19.4;    2.0;   -3.2;eor
        161;20190417;   10;   7.7;   2.3;    3;   0.1;   6;    2.900;   0;   6.2;  11.6; 1012.64;   12.6;   80.38;   18.5;    8.5;    4.3;eor
        161;20190418;   10;  10.7;   2.8;    3;   0.0;   0;   12.850;   0;   3.4;   8.7; 1015.03;   14.7;   55.92;   22.2;    5.4;    1.6;eor
        161;20190419;   10;   7.7;   2.2;    3;   0.0;   0;   13.450;   0;   1.4;   8.0; 1018.07;   15.3;   51.13;   24.2;    5.7;    1.6;eor
        161;20190420;   10;   7.3;   1.8;    3;   0.0;   0;   13.417;   0;   0.0;   8.4; 1017.97;   15.3;   53.92;   24.8;    5.3;    1.3;eor
        161;20190421;   10;   5.7;   1.7;    3;   0.0;   0;   13.400;   0;   0.0;   8.3; 1010.40;   15.4;   53.63;   25.6;    5.4;    0.8;eor
        161;20190422;   10;  10.1;   3.2;    3;   0.0;   0;   12.167;   0;   2.8;   7.9;  999.80;   16.0;   49.00;   24.9;    5.1;    1.0;eor
        161;20190423;   10;   9.3;   2.7;    3;   0.0;   0;    7.533;   0;   7.3;   9.6;  990.64;   15.4;   54.71;   22.1;    8.2;    3.7;eor
        161;20190424;   10;  24.6;   2.5;    3;   5.0;   6;    6.933;   0;   6.9;  11.0;  993.34;   14.8;   69.42;   25.3;    7.5;    3.3;eor
        161;20190425;   10;  11.7;   2.7;    3;   1.4;   6;    4.433;   0;   6.8;  10.2;  999.18;   13.6;   68.46;   22.2;    5.0;    1.8;eor
        161;20190426;   10;   9.2;   2.1;    3;   0.2;   6;    1.233;   0;   7.8;  10.3; 1004.79;   11.9;   74.13;   16.0;    9.3;    7.3;eor
        161;20190427;   10;  15.0;   2.4;    3;   3.0;   6;    1.233;   0;   7.0;   9.1; 1005.50;    9.2;   78.71;   13.9;    4.6;    0.3;eor
        161;20190428;   10;   7.8;   2.3;    3;   1.0;   6;    3.000;   0;   5.8;   8.0; 1010.22;    8.2;   75.08;   13.4;    2.7;   -1.6;eor
        161;20190429;   10;  11.3;   2.5;    3;   0.4;   6;    4.350;   0;   6.9;   8.4; 1014.08;    9.4;   74.08;   16.1;    1.6;   -1.9;eor
        161;20190430;   10;   9.0;   3.4;    3;   0.0;   0;   11.533;   0;   4.0;   9.5; 1011.55;   13.9;   62.25;   19.5;    9.9;    8.3;eor
        161;20190501;   10;   9.2;   2.4;    3;   0.0;   0;    9.300;-999;   2.2;  10.1; 1007.38;   12.9;   70.67;   20.1;    5.3;    2.7;eor
        161;20190502;   10;  11.2;   2.4;    3;   0.0;   6;    3.750;-999;   6.7;   9.8; 1001.99;   11.7;   72.92;   17.7;    7.5;    3.5;eor
        161;20190503;   10;   9.9;   3.1;    3;   6.5;   6;    4.783;-999;   7.3;   8.2; 1002.91;   10.4;   65.71;   14.7;    7.6;    6.1;eor
        161;20190504;   10;  11.8;   3.0;    3;   1.5;   8;    5.317;-999;   6.0;   7.0; 1001.86;    5.9;   76.46;   10.2;    2.7;    1.6;eor
        161;20190505;   10;  10.8;   2.4;    3;   0.2;   6;    3.467;-999;   6.3;   7.0; 1010.47;    6.4;   74.33;   11.1;    0.6;   -1.8;eor
        161;20190506;   10;   8.6;   1.8;    3;   0.0;   6;    3.883;-999;   5.9;   7.0; 1012.26;    7.4;   69.38;   11.5;    0.4;   -2.9;eor
        161;20190507;   10;   4.3;   1.0;    3;   0.0;   6;    1.267;-999;   7.7;   7.8; 1008.29;    9.0;   70.92;   14.1;    4.4;    1.0;eor
        161;20190508;   10;   9.2;   2.2;    3;   3.9;   6;    0.000;-999;   7.9;  10.0;  994.30;    9.0;   85.29;   14.7;    3.4;    0.2;eor
        161;20190509;   10;   9.0;   2.4;    3;   1.9;   6;    1.233;-999;   7.5;  10.8;  991.24;   11.3;   80.08;   15.6;    7.3;    5.1;eor
        161;20190510;   10;   8.3;   2.4;    3;  12.1;   6;    3.783;-999;   6.9;   9.6; 1000.52;   12.7;   67.33;   17.3;    7.9;    5.6;eor
        161;20190511;   10;  10.0;   2.3;    3;   9.2;   6;    2.133;-999;   6.5;  10.7; 1004.90;   10.2;   86.54;   13.7;    5.7;    1.3;eor
        161;20190512;   10;   9.6;   3.0;    3;   0.0;   0;    6.783;-999;   3.3;   7.0; 1022.93;    9.6;   60.75;   15.1;    4.6;    0.1;eor
        161;20190513;   10;   9.9;   2.8;    3;   0.0;   0;   14.683;-999;   1.6;   5.9; 1027.17;   10.9;   50.38;   17.7;    4.0;    0.4;eor
        161;20190514;   10;   8.4;   2.7;    3;   0.0;   0;   12.250;-999;   2.6;   6.4; 1022.02;   10.0;   56.04;   17.4;    1.3;   -2.3;eor
        161;20190515;   10;   9.7;   2.6;    3;   0.0;   0;   13.800;-999;   0.6;   5.9; 1015.66;   10.4;   51.92;   17.1;    1.2;   -1.2;eor
        161;20190516;   10;   8.9;   2.7;    3;   6.2;   6;    5.517;-999;   6.5;   8.2; 1007.09;   10.8;   64.75;   17.7;    4.1;    1.7;eor
        161;20190517;   10;   5.5;   2.0;    3;   2.4;   6;    1.417;-999;   7.3;  11.3;  998.59;   11.8;   82.38;   17.5;    8.3;    6.0;eor
        161;20190518;   10;   9.9;   1.6;    3;   2.2;   6;    7.467;-999;   7.4;  12.6;  996.70;   15.1;   76.08;   22.4;    8.5;    5.6;eor
        161;20190519;   10;  10.3;   1.9;    3;   0.0;   6;    7.383;-999;   7.5;  13.8;  995.88;   16.2;   76.08;   22.9;   11.6;    9.8;eor
        161;20190520;   10;  12.3;   3.4;    3;  11.2;   6;    0.000;-999;   7.1;  13.6;  997.82;   14.0;   85.29;   15.3;   12.3;    8.8;eor
        161;20190521;   10;  12.6;   4.4;    3;   9.5;   6;    0.000;-999;   7.6;  13.0; 1003.29;   12.2;   90.79;   13.3;   11.8;   11.1;eor
        161;20190522;   10;   9.4;   2.7;    3;   0.0;   0;    7.533;-999;   6.3;  10.8; 1010.27;   13.2;   73.17;   18.8;    7.8;    5.0;eor
        161;20190523;   10;   7.4;   1.4;    3;   0.0;   0;   11.700;-999;   6.4;  11.4; 1009.33;   15.2;   70.00;   22.7;    6.5;    3.5;eor
        161;20190524;   10;   8.6;   1.7;    3;   0.0;   0;    8.783;-999;   7.6;  11.5; 1005.99;   17.2;   62.54;   24.4;   10.1;    7.9;eor
        161;20190525;   10;   9.3;   2.8;    3;   0.0;   0;    7.333;-999;   5.6;  10.2; 1007.55;   15.5;   58.54;   20.3;    9.5;    5.6;eor
        161;20190526;   10;   7.3;   2.0;    3;   0.7;   6;    7.533;-999;   6.2;  11.9; 1005.58;   16.5;   66.04;   23.3;    7.7;    4.2;eor
        161;20190527;   10;   6.8;   1.4;    3;   1.3;   6;    0.183;-999;   7.6;  14.4; 1000.68;   14.6;   87.00;   17.6;   11.7;    9.0;eor
        161;20190528;   10;  14.4;   2.1;    3;   7.9;   8;    4.467;-999;   7.5;  12.1; 1000.28;   13.6;   78.79;   17.2;    9.7;    6.2;eor
        161;20190529;   10;   6.5;   1.9;    3;   0.0;   0;   13.133;-999;   3.3;   9.7; 1011.54;   14.7;   61.13;   20.5;   10.0;    6.6;eor
        161;20190530;   10;  10.1;   2.3;    3;   0.0;   6;    1.950;-999;   7.5;  13.0; 1015.14;   15.5;   74.17;   21.4;    7.5;    5.1;eor
        161;20190531;   10;   7.1;   1.4;    3;   0.0;   0;    9.383;-999;   4.1;  14.3; 1015.61;   18.9;   68.50;   24.4;   11.2;    7.0;eor
        161;20190601;   10;   6.8;   1.6;    3;   0.0;   0;   15.117;-999;   5.3;  14.9; 1012.44;   19.9;   67.83;   28.1;   10.3;    6.8;eor
        161;20190602;   10;   8.2;   1.8;    3;   0.0;   0;   14.917;-999;   2.8;  15.8; 1006.18;   22.2;   63.21;   30.8;   12.4;    9.1;eor
        161;20190603;   10;   9.9;   2.0;    3;   0.0;   0;    6.883;-999;   6.0;  16.8; 1004.09;   21.1;   68.50;   29.7;   13.5;   10.3;eor
        161;20190604;   10;  10.1;   2.4;    3;   0.0;   6;    9.367;-999;   5.8;  16.8; 1000.47;   21.9;   67.25;   29.7;   12.8;    9.5;eor
        161;20190605;   10;  14.1;   1.8;    3;   4.9;   6;   11.983;-999;   5.0;  16.8;  996.57;   23.8;   58.13;   30.3;   16.7;   13.8;eor
        161;20190606;   10;  10.4;   2.8;    3;   0.0;   0;    3.517;-999;   6.1;  12.5; 1003.55;   15.2;   72.25;   18.0;    7.9;    4.7;eor
        161;20190607;   10;  15.7;   3.0;    3;   0.6;   6;    9.683;-999;   5.2;  11.7; 1002.93;   15.6;   67.75;   25.2;    6.9;    4.0;eor
        161;20190608;   10;  13.3;   4.9;    3;   0.0;   6;    4.300;-999;   5.3;  10.1; 1011.15;   15.6;   58.25;   19.8;    9.6;    5.5;eor
        161;20190609;   10;   7.3;   1.7;    3;   0.0;   6;   11.100;-999;   7.3;  11.4; 1012.26;   17.1;   61.50;   23.3;    7.1;    4.0;eor
        161;20190610;   10;   7.5;   2.4;    3;   3.5;   6;    4.650;-999;   7.6;  14.9; 1003.33;   19.2;   67.79;   24.6;   14.7;   14.4;eor
        161;20190611;   10;   6.3;   1.7;    3;   0.0;   6;    5.050;-999;   6.8;  13.8; 1002.26;   17.8;   68.96;   21.7;   14.1;   13.6;eor
        161;20190612;   10;  10.0;   2.4;    3;   4.5;   6;    7.283;-999;   5.5;  13.2; 1000.94;   16.6;   71.00;   21.1;   10.1;    6.4;eor
        161;20190613;   10;  10.8;   2.9;    3;   0.8;   6;   12.400;-999;   2.8;  11.7; 1004.98;   15.9;   69.04;   23.1;    7.8;    4.3;eor
        161;20190614;   10;   9.3;   2.1;    3;   1.3;   6;    9.083;-999;   6.2;  14.2; 1004.84;   19.2;   67.83;   27.7;    9.4;    5.8;eor
        161;20190615;   10;   9.6;   1.9;    3;   0.0;   6;    5.133;-999;   6.9;  15.8; 1004.31;   19.8;   70.58;   25.1;   14.8;   13.4;eor
        161;20190616;   10;   7.9;   1.9;    3;   0.0;   0;    5.600;-999;   5.6;  13.5; 1011.22;   19.3;   61.63;   23.7;   11.6;    8.3;eor
        161;20190617;   10;   7.9;   1.6;    3;   0.0;   0;   12.300;-999;   3.0;  13.4; 1010.57;   19.6;   63.08;   27.7;    9.7;    6.3;eor
        161;20190618;   10;   7.6;   1.5;    3;   0.0;   0;   10.583;-999;   5.9;  15.5; 1004.85;   22.1;   62.21;   30.1;   12.2;    9.5;eor
        161;20190619;   10;  12.5;   2.1;    3;   0.0;   6;    7.883;-999;   5.2;  16.5;  999.98;   22.7;   63.29;   29.7;   14.0;   10.9;eor
        161;20190620;   10;  10.9;   2.0;    3;   8.8;   8;    4.633;-999;   6.7;  16.7; 1003.61;   18.9;   77.83;   25.8;   14.4;   11.4;eor
        161;20190621;   10;   8.0;   2.2;    3;   0.0;   0;   12.250;-999;   3.5;  12.1; 1009.83;   18.3;   60.17;   23.8;   13.2;    9.5;eor
        161;20190622;   10;   8.5;   2.5;    3;   0.0;   0;   12.267;-999;   5.1;  13.8; 1009.89;   20.3;   60.42;   27.9;   12.9;   11.5;eor
        161;20190623;   10;  11.1;   2.5;    3;   0.0;   0;   11.750;-999;   3.2;  16.1; 1009.10;   22.6;   62.13;   30.1;   13.4;   11.4;eor
        161;20190624;   10;  10.5;   2.7;    3;   0.0;   0;   14.417;-999;  -999;  18.0; 1009.47;   25.1;   59.92;   32.7;   15.4;   13.0;eor
        161;20190625;   10;   9.0;   2.3;    3;   0.0;   0;   14.333;-999;   4.1;  18.5; 1009.03;   27.2;   55.79;   36.7;   16.9;   14.5;eor
        161;20190626;   10;  10.0;   2.7;    3;   0.0;   0;   14.650;-999;   0.0;  20.7; 1013.34;   27.5;   58.88;   34.1;   18.8;   17.2;eor
        161;20190627;   10;   9.3;   3.8;    3;   0.0;   0;   13.367;-999;   1.0;  14.1; 1015.98;   24.0;   49.38;   29.6;   18.8;   13.6;eor
        161;20190628;   10;   7.6;   2.1;    3;   0.0;   0;   15.733;-999;   0.0;  12.9; 1014.17;   22.6;   50.21;   30.0;   15.5;   11.4;eor
        161;20190629;   10;   8.5;   2.1;    3;   0.0;   0;   15.733;-999;   0.0;  12.2; 1009.48;   24.3;   45.96;   35.0;   12.6;   10.2;eor
        161;20190630;   10;  11.7;   2.6;    3;   0.1;   6;   13.783;-999;   1.8;  17.2; 1005.16;   25.9;   53.33;   37.5;   13.3;   10.2;eor
        161;20190701;   10;  10.3;   3.1;    3;   0.1;   6;    9.467;-999;   5.5;  13.7; 1008.48;   22.4;   51.54;   26.8;   17.5;   15.8;eor
        161;20190702;   10;   8.7;   2.7;    3;   0.0;   0;   12.550;-999;   1.9;  11.1; 1012.74;   19.1;   51.83;   24.8;   11.9;    7.7;eor
        161;20190703;   10;   9.7;   2.6;    3;   0.0;   0;   14.383;-999;   1.0;   9.8; 1014.15;   17.9;   50.38;   24.2;    9.0;    6.1;eor
        161;20190704;   10;   6.8;   2.3;    3;   0.0;   0;   14.817;-999;   2.2;   9.4; 1013.42;   19.5;   43.83;   26.0;   12.4;    9.1;eor
        161;20190705;   10;  10.6;   2.0;    3;   0.0;   0;    9.500;-999;   5.9;  11.4; 1008.10;   21.3;   46.83;   28.9;   13.3;   10.7;eor
        161;20190706;   10;  11.4;   2.5;    3;   2.9;   6;    8.767;-999;   6.7;  12.3; 1002.37;   22.1;   50.38;   31.2;   14.1;   11.1;eor
        161;20190707;   10;  11.2;   2.9;    3;   0.1;   6;    6.367;-999;   6.3;  11.4; 1005.20;   17.6;   58.46;   22.2;   13.4;    8.6;eor
        161;20190708;   10;   8.2;   2.6;    3;   0.0;   0;    4.750;-999;   4.8;  10.1; 1010.05;   15.0;   59.79;   18.4;    9.1;    5.7;eor
        161;20190709;   10;  10.0;   2.3;    3;   0.0;   0;    6.100;-999;   5.5;   9.5; 1011.24;   15.7;   55.96;   21.4;    9.7;    6.0;eor
        161;20190710;   10;   7.7;   2.0;    3;   0.0;   6;   13.633;-999;   5.5;   8.2; 1009.92;   17.9;   46.04;   26.1;    6.0;    2.5;eor
        161;20190711;   10;   6.6;   1.4;    3;  10.3;   6;    0.500;-999;   7.8;  15.7; 1005.17;   17.5;   78.25;   20.2;   14.8;   11.6;eor
        161;20190712;   10;  12.3;   1.8;    3;  14.2;   8;    3.583;-999;   7.3;  16.7; 1003.05;   17.5;   83.58;   23.1;   13.3;   11.3;eor
        161;20190713;   10;  10.7;   3.0;    3;   2.0;   6;    5.317;-999;   6.6;  15.5; 1008.05;   18.2;   75.13;   23.2;   15.4;   14.5;eor
        161;20190714;   10;   8.3;   3.0;    3;   0.0;   0;    1.167;-999;   7.9;  12.6; 1009.80;   16.7;   66.79;   19.9;   14.7;   14.0;eor
        161;20190715;   10;   8.7;   2.7;    3;   0.0;   0;    0.000;-999;   7.9;  12.3; 1010.05;   16.3;   66.21;   17.4;   12.3;    7.6;eor
        161;20190716;   10;   7.0;   2.0;    3;   0.0;   0;    7.400;-999;   6.3;  12.0; 1009.37;   15.6;   69.75;   22.0;    7.7;    4.3;eor
        161;20190717;   10;   7.3;   2.0;    3;   0.0;   0;   11.850;-999;   3.0;  13.3; 1006.17;   17.1;   70.50;   23.5;    9.6;    6.8;eor
        161;20190718;   10;   7.6;   1.4;    3;   4.6;   6;    5.483;-999;   7.1;  14.6; 1003.28;   19.6;   67.00;   28.7;   11.1;    8.7;eor
        161;20190719;   10;   7.9;   1.6;    3;   0.0;   0;    6.600;-999;   7.5;  16.1; 1005.25;   20.8;   69.04;   26.6;   15.4;   13.1;eor
        161;20190720;   10;  15.4;   2.5;    3;   0.0;   6;    7.733;-999;   6.9;  16.3; 1003.59;   22.2;   65.67;   31.9;   12.8;   10.7;eor
        161;20190721;   10;   8.8;   2.2;    3;   0.0;   0;   11.400;-999;   5.9;  15.4; 1011.21;   22.0;   60.29;   27.1;   15.3;   12.6;eor
        161;20190722;   10;   6.5;   1.6;    3;   0.0;   0;   13.883;-999;   5.0;  14.9; 1014.17;   22.7;   58.38;   31.1;   13.2;   10.8;eor
        161;20190723;   10;   7.6;   1.6;    3;   0.0;   0;   14.967;-999;   0.3;  15.5; 1010.90;   25.8;   52.25;   35.5;   14.5;   12.4;eor
        161;20190724;   10;   7.0;   1.7;    3;   0.0;   0;   13.700;-999;   1.2;  15.4; 1005.86;   28.7;   45.58;   39.2;   16.9;   14.1;eor
        161;20190725;   10;   7.8;   1.8;    3;   0.0;   0;   12.350;-999;   2.5;  16.2; 1005.17;   29.9;   44.17;   40.4;   18.6;   16.0;eor
        161;20190726;   10;  13.5;   2.2;    3;   0.0;   6;    8.567;-999;   4.3;  16.4;  999.58;   28.5;   45.67;   39.2;   18.6;   15.8;eor
        161;20190727;   10;   9.6;   1.9;    3;   6.1;   6;    0.467;-999;   7.9;  20.6;  993.68;   23.3;   72.75;   28.8;   20.5;   19.5;eor
        161;20190728;   10;   9.3;   2.9;    3;   9.5;   6;    0.000;-999;   7.8;  20.0;  994.65;   19.3;   89.00;   20.6;   17.8;   17.4;eor
        161;20190729;   10;   6.6;   1.9;    3;   0.0;   0;   11.150;-999;   3.1;  15.6; 1002.16;   21.6;   62.79;   27.8;   17.2;   15.2;eor
        161;20190730;   10;  11.1;   2.5;    3;   0.3;   6;    9.067;-999;   4.0;  14.3; 1003.37;   23.0;   54.71;   31.0;   13.8;   11.7;eor
        161;20190731;   10;   9.4;   2.5;    3;   0.0;   0;    6.333;-999;   6.4;  13.4; 1007.12;   21.0;   55.13;   25.8;   14.5;   10.9;eor
        161;20190801;   10;   6.3;   1.4;    3;   0.0;   6;    3.283;-999;   5.9;  13.2; 1008.40;   19.1;   61.92;   25.2;   10.9;    7.6;eor
        161;20190802;   10;   9.9;   1.9;    3;  11.2;   6;    6.283;-999;   6.2;  15.4; 1005.98;   20.2;   66.46;   25.8;   15.2;   13.4;eor
        161;20190803;   10;   9.2;   3.2;    3;   0.0;   0;    7.333;-999;   4.4;  15.8; 1007.58;   19.8;   69.38;   24.1;   14.0;   11.4;eor
        161;20190804;   10;   6.2;   1.4;    3;   2.2;   8;   12.350;-999;   3.8;  14.0; 1006.48;   21.0;   61.08;   29.9;   11.1;    8.6;eor
        161;20190805;   10;   9.2;   1.9;    3;   0.0;   6;    4.200;-999;   7.8;  15.8; 1002.52;   22.6;   60.21;   28.5;   16.8;   14.1;eor
        161;20190806;   10;   9.2;   1.9;    3;  11.2;   6;    1.000;-999;   7.7;  17.1; 1001.96;   20.2;   73.50;   26.7;   16.6;   15.1;eor
        161;20190807;   10;   8.8;   1.6;    3;   0.0;   6;    3.817;-999;   7.5;  17.0; 1000.07;   19.7;   75.50;   24.3;   15.8;   14.0;eor
        161;20190808;   10;   8.7;   1.7;    3;   0.0;   0;    5.833;-999;   6.5;  16.1; 1003.28;   20.4;   69.13;   26.0;   14.5;   12.1;eor
        161;20190809;   10;   8.0;   1.6;    3;  44.5;   8;    2.267;-999;   7.1;  19.1; 1000.69;   20.3;   81.42;   27.5;   13.6;   11.5;eor
        161;20190810;   10;  12.5;   3.6;    3;   0.0;   0;    6.650;-999;   4.7;  16.0; 1004.21;   20.9;   67.00;   25.9;   14.2;   10.5;eor
        161;20190811;   10;   9.2;   1.9;    3;   0.6;   6;    4.867;-999;   5.8;  13.4; 1006.92;   17.8;   68.21;   23.6;   12.2;    8.8;eor
        161;20190812;   10;  10.3;   2.1;    3;   0.3;   6;    7.767;-999;   5.9;  13.9; 1007.16;   16.9;   74.88;   24.5;   11.0;    7.8;eor
        161;20190813;   10;  11.0;   2.3;    3;   1.2;   6;    6.700;-999;   6.3;  12.3; 1009.21;   16.5;   68.29;   22.2;   13.4;   10.9;eor
        161;20190814;   10;   8.7;   1.8;    3;   0.4;   6;    9.733;-999;   4.9;  12.8; 1008.68;   17.6;   67.00;   23.8;   10.5;    6.7;eor
        161;20190815;   10;  12.6;   2.7;    3;   1.0;   6;    2.617;-999;   7.5;  15.7; 1003.82;   18.7;   73.33;   24.3;   15.0;   12.8;eor
        161;20190816;   10;   9.0;   2.3;    3;   0.2;   6;   11.700;-999;   6.0;  14.3; 1007.54;   18.2;   70.75;   23.9;   13.1;    9.7;eor
        161;20190817;   10;   9.8;   2.4;    3;   7.8;   6;    0.000;-999;   7.9;  16.8; 1001.73;   18.3;   80.54;   21.5;   15.4;   14.8;eor
        161;20190818;   10;  13.2;   2.6;    3;   3.6;   6;    0.933;-999;   8.0;  19.5;  999.25;   20.0;   84.17;   26.4;   15.9;   14.1;eor
        161;20190819;   10;   9.6;   2.3;    3;   0.0;   0;    7.483;-999;   4.8;  13.0; 1007.98;   18.6;   63.54;   24.4;   12.1;    8.1;eor
        161;20190820;   10;   4.7;   1.2;    3;   0.0;   0;    4.650;-999;   5.1;  12.4; 1014.48;   16.0;   70.54;   21.4;    8.8;    5.2;eor
        161;20190821;   10;   5.2;   1.3;    3;   0.0;   0;   12.317;-999;   2.7;  11.5; 1018.45;   16.8;   65.13;   24.2;    9.0;    5.1;eor
        161;20190822;   10;   6.8;   1.4;    3;   0.0;   0;   13.283;-999;   0.9;  11.9; 1016.75;   17.9;   62.79;   26.6;    8.3;    4.6;eor
        161;20190823;   10;   6.0;   1.5;    3;   0.0;   0;   13.183;-999;   0.2;  12.3; 1015.49;   19.4;   59.92;   28.9;    9.7;    6.5;eor
        161;20190824;   10;   6.2;   1.5;    3;   0.0;   0;   13.317;-999;   0.1;  13.3; 1011.61;   20.4;   60.50;   30.0;   10.2;    7.1;eor
        161;20190825;   10;   7.9;   1.4;    3;   0.0;   6;   10.450;-999;   1.0;  17.3; 1009.56;   22.4;   66.33;   32.1;   13.6;   11.4;eor
        161;20190826;   10;  22.7;   1.2;    3;   7.5;   8;   10.017;-999;   1.5;  21.1; 1008.57;   23.0;   77.25;   33.0;   15.9;   13.6;eor
        161;20190827;   10;  12.3;   1.3;    3;   3.7;   8;   10.117;-999;   2.6;  19.8; 1006.57;   23.5;   73.04;   33.0;   15.9;   14.0;eor
        161;20190828;   10;   5.9;   1.3;    3;   0.0;   6;    4.983;-999;   7.7;  19.4; 1005.85;   23.5;   71.54;   31.9;   17.5;   15.7;eor
        161;20190829;   10;   7.6;   2.2;    3;   0.5;   6;    7.750;-999;   4.3;  18.6; 1009.60;   22.3;   70.00;   27.6;   17.0;   14.8;eor
        161;20190830;   10;   5.8;   1.8;    3;   0.0;   0;   10.717;-999;   2.3;  15.8; 1012.58;   21.6;   63.50;   27.6;   15.3;   12.5;eor
        161;20190831;   10;  10.4;   1.7;    3;   0.6;   6;   11.600;-999;   1.6;  16.3; 1004.62;   23.0;   62.92;   33.1;   12.7;   10.2;eor
        161;20190901;   10;   9.8;   2.0;    3;   0.8;   6;    3.400;-999;   6.5;  14.3; 1006.00;   18.5;   67.54;   21.5;   12.1;    9.0;eor
        161;20190902;   10;   6.7;   1.8;    3;   0.0;   0;   12.200;-999;   2.2;  10.1; 1014.10;   15.8;   59.42;   21.8;    9.0;    4.6;eor
        161;20190903;   10;   8.5;   1.8;    3;   0.0;   0;   11.750;-999;   2.8;  11.4; 1014.90;   16.0;   65.38;   24.5;    7.3;    3.9;eor
        161;20190904;   10;  13.9;   2.3;    3;   1.0;   6;    8.917;-999;   4.7;  13.3; 1008.04;   17.5;   69.92;   26.0;    9.9;    6.6;eor
        161;20190905;   10;  12.4;   2.3;    3;   0.0;   6;    3.917;-999;   4.0;  11.4; 1011.41;   14.6;   69.79;   19.9;    9.2;    4.9;eor
        161;20190906;   10;   7.0;   1.4;    3;   1.7;   6;   11.067;-999;   4.3;   9.5; 1014.38;   13.8;   64.50;   21.5;    5.8;    1.8;eor
        161;20190907;   10;   3.9;   0.9;    3;   4.7;   6;    0.000;-999;   7.8;  12.8; 1010.11;   13.1;   85.00;   15.8;   11.1;   10.5;eor
        161;20190908;   10;   7.8;   2.1;    3;   1.1;   6;    0.850;-999;   7.8;  13.1; 1009.26;   13.1;   86.79;   16.5;   11.7;   10.4;eor
        161;20190909;   10;   7.1;   1.3;    3;   0.0;   0;    0.033;-999;   7.4;  11.8; 1006.89;   12.8;   80.58;   16.2;    7.1;    3.6;eor
        161;20190910;   10;   5.3;   1.3;    3;   0.0;   0;    7.783;-999;   2.9;  10.1; 1009.35;   12.3;   75.67;   20.6;    6.4;    3.1;eor
        161;20190911;   10;  10.2;   1.6;    3;   0.1;   6;    4.400;-999;   5.5;  11.3; 1014.36;   13.7;   74.13;   22.6;    4.9;    1.6;eor
        161;20190912;   10;   7.7;   1.8;    3;   0.1;   6;    4.833;-999;   5.9;  15.7; 1019.14;   19.3;   70.92;   25.1;   14.4;   10.7;eor
        161;20190913;   10;   6.5;   1.4;    3;   0.4;   6;    1.200;-999;   7.3;  16.8; 1022.63;   17.5;   83.92;   21.7;   13.2;    9.7;eor
        161;20190914;   10;   5.9;   1.4;    3;   0.0;   0;   11.717;-999;   1.9;  12.0; 1022.03;   16.1;   69.79;   23.9;    9.1;    5.3;eor
        161;20190915;   10;   5.6;   1.4;    3;   0.0;   0;   11.917;-999;  -999;  11.2; 1014.73;   15.8;   66.88;   25.7;    6.8;    3.3;eor
        161;20190916;   10;   8.1;   1.6;    3;   0.2;   6;    0.200;-999;   7.9;  13.4; 1011.20;   15.8;   75.83;   22.4;   10.3;    7.1;eor
        161;20190917;   10;   9.8;   2.9;    3;   0.0;   0;    6.583;-999;   6.1;  11.2; 1012.40;   15.4;   64.92;   18.9;   10.2;    5.5;eor
        161;20190918;   10;   7.8;   2.0;    3;   0.0;   0;    9.483;-999;   2.2;   8.7; 1017.31;   12.5;   62.67;   18.4;    4.4;   -0.1;eor
        161;20190919;   10;   7.3;   1.7;    3;   0.0;   0;   11.117;-999;   3.3;   8.2; 1020.44;   11.5;   64.04;   18.2;    3.8;   -0.7;eor
        161;20190920;   10;   6.4;   1.8;    3;   0.0;   0;   11.183;-999;   2.6;   7.7; 1018.70;   11.1;   62.54;   20.4;    3.0;   -0.3;eor
        161;20190921;   10;   7.9;   2.1;    3;   0.0;   0;   11.650;-999;   0.0;   7.6; 1010.18;   13.4;   56.88;   25.0;    2.8;   -1.1;eor
        161;20190922;   10;   5.6;   1.6;    3;   2.8;   6;    6.467;-999;   5.3;  11.2; 1001.85;   16.3;   62.17;   26.0;    5.7;    1.5;eor
        161;20190923;   10;   7.2;   1.6;    3;   1.4;   6;    2.517;-999;   7.0;  15.0; 1005.87;   16.4;   81.29;   21.2;   11.6;    8.0;eor
        161;20190924;   10;   7.1;   1.7;    3;   1.4;   6;    2.483;-999;   7.3;  13.4; 1002.35;   14.3;   83.83;   19.6;    8.8;    4.8;eor
        161;20190925;   10;   9.1;   2.4;    3;   0.1;   6;    2.283;-999;   7.8;  14.4;  998.48;   16.0;   80.08;   19.7;   13.4;   11.7;eor
        161;20190926;   10;   8.1;   2.4;    3;   6.1;   6;    0.000;-999;   7.8;  16.2; 1001.43;   16.8;   84.58;   19.0;   13.2;   10.4;eor
        161;20190927;   10;  11.1;   2.9;    3;   0.4;   6;    6.350;-999;   5.0;  14.8; 1001.57;   16.2;   80.54;   20.1;   10.9;    7.3;eor
        161;20190928;   10;  13.3;   3.5;    3;   0.0;   6;    6.350;-999;   5.6;  13.2; 1004.67;   15.5;   75.83;   19.0;   11.0;    7.4;eor
        161;20190929;   10;  14.3;   3.8;    3;   2.0;   6;    0.467;-999;   7.7;  13.9;  996.01;   16.3;   75.21;   19.9;   12.9;   11.5;eor
        161;20190930;   10;  13.2;   3.9;    3;   0.0;   6;    2.783;-999;   7.5;  11.9; 1001.09;   16.0;   66.13;   19.5;   14.2;   11.1;eor
        161;20191001;   10;   9.9;   2.5;    3;  13.9;   6;    0.200;-999;   7.8;  15.2;  994.92;   15.5;   85.83;   18.9;   13.0;   10.8;eor
        161;20191002;   10;  12.5;   2.8;    3;   0.3;   6;    4.083;   0;   5.7;  10.7; 1001.13;   12.1;   75.63;   14.7;    8.2;    5.5;eor
        161;20191003;   10;   5.8;   1.4;    3;   1.0;   6;    1.117;   0;   7.1;  10.4; 1009.01;   10.3;   82.92;   13.9;    6.9;    3.7;eor
        161;20191004;   10;   8.7;   1.9;    3;   6.5;   6;    0.000;   0;   8.0;  11.4;  998.88;   10.8;   88.08;   14.2;    7.7;    6.3;eor
        161;20191005;   10;   6.9;   1.6;    3;   0.0;   0;    0.367;   0;   7.9;  10.1; 1005.88;   10.3;   81.17;   13.0;    6.2;    2.7;eor
        161;20191006;   10;   6.2;   1.8;    3;  16.7;   6;    0.000;   0;   7.9;  10.1; 1005.32;    8.3;   92.00;    9.3;    6.5;    4.9;eor
        161;20191007;   10;   7.5;   1.9;    3;   4.7;   6;    0.300;   0;   7.9;  10.9; 1008.32;   10.4;   86.13;   12.4;    8.5;    8.1;eor
        161;20191008;   10;   8.5;   2.0;    3;   6.9;   6;    0.000;   0;   7.0;  13.3; 1001.05;   13.1;   88.33;   16.0;    8.0;    4.3;eor
        161;20191009;   10;  10.4;   3.1;    3;   2.4;   6;    2.017;   0;   6.9;  11.3; 1000.55;   11.8;   81.42;   14.9;    8.0;    4.3;eor
        161;20191010;   10;  11.6;   3.5;    3;   0.0;   6;    4.650;   0;   5.7;  10.4; 1005.38;   12.3;   73.50;   16.9;    7.0;    3.1;eor
        161;20191011;   10;  11.7;   2.2;    3;   0.0;   0;    0.117;   0;   7.5;  12.1; 1006.57;   12.5;   83.79;   17.0;    6.5;    2.9;eor
        161;20191012;   10;  10.8;   2.5;    3;   0.0;   0;    6.683;   0;   3.5;  13.0; 1003.23;   14.5;   80.21;   21.6;    6.8;    2.6;eor
        161;20191013;   10;   9.2;   1.5;    3;   0.0;   6;    6.467;   0;   4.0;  15.5; 1002.77;   16.5;   84.21;   25.0;    9.8;    6.7;eor
        161;20191014;   10;   9.3;   1.8;    3;   0.0;   0;    9.017;   0;   5.0;  14.9; 1002.55;   17.0;   79.13;   24.7;   11.6;    8.8;eor
        161;20191015;   10;   7.0;   1.7;    3;   4.6;   6;    0.500;   0;   7.8;  14.0;  998.73;   14.0;   87.50;   18.6;   10.0;    7.1;eor
        161;20191016;   10;   7.9;   2.1;    3;   2.9;   6;    1.000;   0;   7.3;  12.8; 1002.60;   13.1;   84.54;   15.7;   11.1;    8.9;eor
        161;20191017;   10;   9.2;   2.3;    3;   3.2;   6;    0.000;   0;   7.8;  14.0; 1002.62;   15.1;   81.67;   17.1;   12.4;   10.3;eor
        161;20191018;   10;-999;-999;    3;   2.1;   4;    3.800;   0;  -999;  -999;    -999;   12.8;-999;   17.6;    9.1;    5.6;eor
        161;20191019;   10;-999;-999;    3;   8.2;   4;    0.300;-999;  -999;  -999;    -999;   12.9;-999;   16.2;    9.3;    6.5;eor
        161;20191020;   10;-999;-999;    3;   9.1;   4;    0.000;-999;  -999;  -999;    -999;   13.1;-999;   14.3;   11.2;   11.4;eor
        161;20191021;   10;-999;-999;    3;   0.0;   0;    4.200;-999;  -999;  -999;    -999;   13.5;-999;   17.8;    9.2;    7.2;eor
        161;20191022;   10;   3.4;-999;    3;   0.0;   0;    5.900;-999;  -999;  -999;    -999;   11.9;-999;   17.1;    6.6;    4.4;eor
        161;20191023;   10;   6.6;   1.7;    3;   0.0;   0;    0.000;   0;   6.6;  12.1; 1006.77;   11.1;   91.21;   14.7;    5.7;    3.1;eor
        161;20191024;   10;   8.9;   2.0;    3;   0.0;   0;    5.467;   0;   7.8;  13.4; 1001.74;   14.5;   82.50;   20.8;   10.1;    7.3;eor
        161;20191025;   10;   9.3;   2.0;    3;   0.0;   6;    6.350;   0;   7.0;  11.8; 1010.83;   12.7;   81.83;   17.7;    8.9;    5.4;eor
        161;20191026;   10;   9.1;   1.8;    3;   0.0;   6;    6.017;   0;  -999;  12.5; 1008.45;   13.1;   84.04;   20.1;    7.6;    4.2;eor
        161;20191027;   10;  11.3;   1.9;    3;   3.4;   6;    0.000;   0;   7.8;  10.7; 1011.13;    9.9;   87.21;   15.7;    4.0;    0.8;eor
        161;20191028;   10;   3.0;   1.1;    3;   0.0;   0;    0.000;   0;   7.9;   8.5; 1014.84;    5.3;   95.54;    8.2;    2.5;    2.4;eor
        161;20191029;   10;   6.3;   1.4;    3;   0.0;   0;    2.567;   0;   5.5;   8.2; 1015.30;    6.5;   85.63;   11.9;    0.2;   -2.6;eor
        161;20191030;   10;   5.2;   1.3;    3;   0.0;   0;    0.183;   0;   4.8;   6.6; 1017.72;    2.7;   88.71;    7.6;   -1.0;   -4.5;eor
        161;20191031;   10;   6.6;   1.8;    3;   0.0;   6;    8.467;   0;   2.1;   5.8; 1013.52;    2.5;   81.29;   10.2;   -2.8;   -6.7;eor
        161;20191101;   10;   5.2;   1.6;    3;   3.3;   6;    0.000;   0;   7.0;   8.7; 1000.18;    5.1;   94.75;   12.0;   -1.5;   -4.2;eor
        161;20191102;   10;  11.0;   2.9;    3;   0.1;   6;    0.917;   0;   7.8;  12.7;  984.47;   14.0;   80.00;   17.6;   11.1;    9.3;eor
        161;20191103;   10;  10.0;   2.6;    3;   1.5;   6;    2.117;   0;   7.8;  11.9;  978.18;   12.6;   82.08;   16.5;   10.2;    9.1;eor
        161;20191104;   10;   8.0;   2.0;    3;   1.7;   6;    1.333;   0;   7.2;  10.9;  981.83;   10.6;   85.79;   14.2;    8.2;    3.9;eor
        161;20191105;   10;   7.3;   1.7;    3;   0.6;   6;    2.650;   0;   7.5;  10.2;  988.25;    9.9;   84.58;   13.3;    7.7;    5.6;eor
        161;20191106;   10;   3.8;   0.9;    3;  13.7;   6;    0.000;   0;   7.8;  10.7;  993.47;    8.6;   96.00;   10.4;    6.6;    3.9;eor
        161;20191107;   10;   9.0;   2.1;    3;   1.5;   6;    0.150;   0;   6.9;   9.6;  991.91;    7.8;   89.88;   10.3;    2.1;   -1.1;eor
        161;20191108;   10;   3.3;   0.9;    3;   0.0;   0;    0.700;   0;   7.6;   7.9;  997.60;    4.2;   94.88;    8.1;    0.2;   -2.7;eor
        161;20191109;   10;   9.6;   1.8;    3;   0.0;   6;    1.500;   0;   6.5;   7.2; 1000.61;    3.8;   89.54;    8.1;   -0.2;   -3.2;eor
        161;20191110;   10;   5.1;   1.4;    3;   0.0;   0;    0.000;   0;   7.3;   6.9; 1004.36;    2.4;   94.71;    3.9;   -1.0;   -3.5;eor
        161;20191111;   10;  10.7;   3.2;    3;   0.4;   6;    0.600;   0;   7.9;   7.3; 1000.09;    4.6;   86.13;    7.3;    2.8;    2.8;eor
        161;20191112;   10;  11.3;   3.1;    3;   0.1;   6;    0.517;   0;   5.8;   7.2;  994.87;    5.3;   80.38;    8.1;   -0.5;   -4.5;eor
        161;20191113;   10;   8.5;   3.0;    3;   0.0;   6;    0.117;   0;   7.5;   7.3;  994.05;    5.4;   80.96;    7.0;    3.0;   -0.9;eor
        161;20191114;   10;   9.5;   2.5;    3;   0.0;   0;    0.517;   0;   7.9;   6.9;  993.41;    5.4;   76.92;    9.3;    1.3;   -1.8;eor
        161;20191115;   10;   5.3;   1.5;    3;   0.0;   0;    0.250;   0;   8.0;   6.9;  992.11;    4.2;   83.38;    7.5;    1.8;   -0.4;eor
        161;20191116;   10;   4.4;   1.2;    3;   0.0;   0;    3.450;   0;   4.2;   6.3; 1000.34;    1.6;   91.79;    7.7;   -2.3;   -6.3;eor
        161;20191117;   10;  13.3;   3.3;    3;   8.7;   6;    0.000;   0;   7.4;   7.1; 1000.14;    2.7;   95.04;    4.7;   -2.1;   -5.7;eor
        161;20191118;   10;   7.3;   2.4;    3;   8.6;   6;    0.000;   0;   7.7;   7.6;  998.70;    4.3;   90.96;    5.7;    2.8;    2.4;eor
        161;20191119;   10;   6.1;   1.3;    3;   0.5;   6;    2.500;   0;   6.9;   7.3; 1008.16;    3.9;   90.29;    7.4;    0.5;   -2.5;eor
        161;20191120;   10;   5.1;   1.4;    3;   0.0;   0;    0.983;   0;   6.3;   6.4; 1008.31;    2.0;   90.96;    5.3;   -2.6;   -5.8;eor
        161;20191121;   10;   3.5;   1.2;    3;   0.6;   6;    0.817;   0;   7.3;   6.3; 1001.08;    1.5;   91.50;    5.8;   -3.3;   -6.2;eor
        161;20191122;   10;   7.8;   2.4;    3;   2.1;   6;    0.800;   0;   7.8;   7.2;  997.97;    3.7;   90.46;    6.3;   -0.7;   -2.6;eor
        161;20191123;   10;   6.3;   1.7;    3;   0.0;   0;    3.683;   0;   8.0;   7.5;  991.03;    5.6;   83.46;   11.3;    1.0;   -1.9;eor
        161;20191124;   10;   2.9;   1.0;    3;   0.0;   0;    0.850;   0;   7.8;   7.0;  998.38;    2.1;   97.38;    6.0;   -0.5;   -2.7;eor
        161;20191125;   10;   2.6;   0.8;    3;   0.0;   6;    0.000;   0;   7.8;   8.0; 1001.36;    4.3;   95.92;    6.6;    1.4;   -1.7;eor
        161;20191126;   10;   7.2;   1.4;    3;   0.6;   6;    0.000;   0;   7.9;   9.8;  996.60;    8.1;   90.33;   11.6;    2.4;    2.0;eor
        161;20191127;   10;  13.0;   3.6;    3;   0.2;   6;    0.467;   0;   7.7;  10.4;  984.74;   10.8;   80.42;   13.5;    7.9;    5.5;eor
        161;20191128;   10;  12.5;   4.3;    3;   2.9;   6;    0.417;   0;   7.7;   9.9;  986.07;   10.9;   75.75;   12.3;    9.4;    7.9;eor
        161;20191129;   10;   8.0;   2.3;    3;   0.0;   6;    4.017;   0;   5.5;   7.6; 1001.67;    6.7;   77.42;    9.8;    1.1;   -2.9;eor
        161;20191130;   10;   3.7;   1.2;    3;   0.0;   0;    0.000;   0;   5.4;   6.0; 1014.53;    0.0;   98.21;    1.7;   -2.7;   -5.9;eor
        161;20191201;   10;   5.0;   1.5;    3;   0.0;   0;    0.000;   0;   8.0;   5.5; 1010.78;    1.3;   83.71;    4.4;   -2.2;   -3.8;eor
        161;20191202;   10;   7.6;   1.4;    3;   1.3;   6;    1.183;   0;   6.7;   6.5; 1017.33;    2.4;   89.08;    5.3;   -0.7;   -3.9;eor
        161;20191203;   10;   3.1;   0.7;    3;   0.1;   6;    0.000;-999;   7.8;   8.2; 1019.56;    4.6;   96.58;    6.3;    2.1;   -1.2;eor
        161;20191204;   10;   4.0;   1.3;    3;   0.0;   0;    4.967;   0;   3.4;   6.3; 1014.14;    1.7;   90.88;    6.2;   -2.7;   -6.6;eor
        161;20191205;   10;   5.4;   1.3;    3;   0.0;   0;    0.000;   0;   6.5;   5.3; 1013.02;   -1.7;   98.04;   -0.4;   -3.3;   -7.5;eor
        161;20191206;   10;  14.9;   3.7;    3;   1.9;   6;    0.000;   0;   7.4;   6.7; 1005.78;    3.3;   84.83;    7.6;   -1.5;   -4.2;eor
        161;20191207;   10;  10.6;   2.9;    3;   0.0;   6;    0.000;   0;   7.6;   8.7; 1005.12;    8.8;   77.04;   10.7;    6.7;    3.4;eor
        161;20191208;   10;  19.0;   4.0;    3;   1.4;   6;    0.000;   0;   7.4;   9.4;  997.44;    9.9;   76.88;   12.0;    6.8;    4.1;eor
        161;20191209;   10;  14.0;   3.6;    3;   3.5;   6;    0.450;   0;   7.0;   7.9;  995.55;    7.7;   75.79;   10.0;    4.9;    1.8;eor
        161;20191210;   10;   8.9;   2.4;    3;   1.6;   6;    5.117;   0;   4.3;   6.3; 1014.86;    3.6;   80.25;    6.3;    0.0;   -3.3;eor
        161;20191211;   10;   6.2;   2.1;    3;   7.8;   6;    0.000;   0;   7.8;   7.2; 1001.37;    3.6;   90.58;    5.2;    1.6;   -0.8;eor
        161;20191212;   10;   9.0;   2.4;    3;   0.4;   8;    1.317;   0;   7.6;   6.7;  991.57;    3.7;   84.29;    6.7;    0.7;   -1.4;eor
        161;20191213;   10;   8.9;   3.4;    3;   6.7;   6;    0.017;   0;   7.8;   6.9;  972.76;    4.0;   85.04;    7.0;    2.1;    0.9;eor
        161;20191214;   10;  17.1;   4.2;    3;   2.3;   6;    0.983;   0;   7.3;   7.4;  984.58;    7.1;   73.33;    9.3;    4.6;    2.8;eor
        161;20191215;   10;  15.5;   2.8;    3;   5.0;   6;    1.200;   0;   7.2;   8.3;  994.12;    8.0;   77.25;   11.2;    2.9;   -0.5;eor
        161;20191216;   10;   3.2;   1.1;    3;   0.1;   6;    0.017;   0;   7.9;   9.4;  997.87;    6.2;   98.46;    9.3;    3.5;    1.2;eor
        161;20191217;   10;   8.1;   1.6;    3;   1.4;   6;    5.083;   0;   7.4;   9.9;  995.66;    9.1;   85.58;   15.5;    3.8;    1.5;eor
        161;20191218;   10;   5.8;   1.5;    3;   0.0;   0;    4.933;   0;   5.5;   9.2; 1007.03;    7.4;   88.50;   11.2;    1.2;   -1.6;eor
        161;20191219;   10;   6.0;   1.8;    3;   0.0;   0;    6.733;   0;   3.7;   7.7; 1002.36;    4.5;   91.54;   11.1;    0.3;   -2.2;eor
        161;20191220;   10;   6.9;   1.7;    3;   4.4;   6;    0.000;   0;   7.5;   8.4;  984.32;    5.4;   92.25;   10.8;    0.2;   -2.2;eor
        161;20191221;   10;  10.8;   2.5;    3;   0.2;   6;    4.700;   0;   6.5;   8.3;  982.77;    7.5;   80.33;   11.0;    2.2;   -1.8;eor
        161;20191222;   10;  10.9;   3.3;    3;   0.3;   6;    2.633;   0;   7.9;   8.8;  978.27;    8.7;   78.21;   11.7;    6.3;    4.4;eor
        161;20191223;   10;   8.4;   2.7;    3;   0.0;   6;    0.417;   0;   7.1;   8.3;  998.55;    8.2;   76.29;   10.5;    5.2;    1.2;eor
        161;20191224;   10;  10.4;   3.1;    3;   2.5;   6;    0.850;   0;   6.6;   8.3; 1003.31;    7.8;   79.00;   11.8;    2.5;   -0.9;eor
        161;20191225;   10;  12.8;   3.0;    3;   2.8;   6;    0.200;   0;   7.0;   8.8; 1010.45;    7.4;   85.33;    8.9;    3.6;    0.6;eor
        161;20191226;   10;   5.2;   1.2;    3;   1.9;   6;    0.000;   0;   7.8;   7.8; 1015.29;    4.3;   93.42;    5.6;    2.5;   -0.2;eor
        161;20191227;   10;   6.8;   1.8;    3;   0.0;   0;    0.000;   0;   7.7;   7.6; 1018.85;    5.1;   86.96;    6.6;    0.3;   -3.5;eor
        161;20191228;   10;   3.0;   1.1;    3;   0.0;   0;    2.550;   0;   6.3;   5.4; 1031.10;   -0.9;   93.75;    2.9;   -3.2;   -6.7;eor
        161;20191229;   10;   3.0;   1.2;    3;   0.0;   0;    2.850;   0;   6.2;   4.8; 1029.84;   -1.7;   89.46;    3.0;   -5.4;   -8.5;eor
        161;20191230;   10;   3.2;   1.1;    3;   0.0;   0;    6.950;   0;  -999;   4.9; 1024.38;   -1.1;   87.08;    5.4;   -4.4;   -7.6;eor
        161;20191231;   10;   3.7;   0.9;    3;   0.0;   0;    0.000;   0;   5.3;   5.1; 1024.81;   -1.3;   90.88;    2.7;   -5.0;   -7.8;eor
        161;20200101;   10;   5.2;   1.6;    3;   0.0;   0;    2.750;   0;   5.1;   5.8; 1024.39;    0.7;   89.75;    4.9;   -3.2;   -6.7;eor
        161;20200102;   10;   6.7;   2.1;    3;   0.2;   6;    0.000;   0;   7.8;   6.2; 1019.15;    1.6;   89.46;    3.6;   -0.9;   -1.0;eor
        161;20200103;   10;  14.3;   3.4;    3;   1.1;   6;    0.933;   0;   7.7;   8.7; 1012.85;    6.9;   87.54;   10.0;    2.7;    1.9;eor
        161;20200104;   10;   8.4;   2.2;    3;   1.9;   6;    0.350;   0;   7.5;   7.2; 1021.43;    5.1;   82.38;    7.8;    0.0;   -3.2;eor
        161;20200105;   10;   4.8;   1.1;    3;   0.0;   0;    0.000;   0;   7.7;   8.2; 1025.95;    5.8;   89.50;    6.9;    3.7;    0.5;eor
        161;20200106;   10;   6.4;   1.8;    3;   0.5;   6;    5.400;   0;   5.1;   6.5; 1018.86;    4.2;   79.33;    7.3;    0.9;   -2.8;eor
        161;20200107;   10;   8.6;   1.8;    3;   0.2;   6;    3.900;   0;   6.8;   7.5; 1018.45;    4.8;   87.71;    9.6;    1.4;   -2.6;eor
        161;20200108;   10;   6.5;   2.2;    3;   5.6;   6;    0.000;   0;   7.8;   9.5; 1016.82;    8.2;   87.00;   10.2;    5.5;    3.8;eor
        161;20200109;   10;   9.6;   2.8;    3;   0.1;   6;    0.000;   0;   7.5;  11.5; 1007.82;   11.0;   87.96;   13.0;    8.9;    8.4;eor
        161;20200110;   10;   9.3;   3.1;    3;   2.6;   6;    0.300;   0;   7.7;   9.2; 1010.92;    8.9;   79.83;   11.0;    5.3;    2.1;eor
        161;20200111;   10;   7.6;   1.6;    3;   0.0;   0;    1.000;   0;   6.7;   6.7; 1023.10;    4.1;   81.67;    6.8;    0.2;   -3.8;eor
        161;20200112;   10;  12.6;   3.7;    3;   0.0;   6;    0.250;   0;   7.0;   7.0; 1016.31;    5.0;   80.21;    7.4;    1.9;   -2.1;eor
        161;20200113;   10;   7.8;   2.4;    3;   0.1;   6;    0.350;   0;   7.6;   8.2; 1010.69;    6.3;   86.46;    8.5;    2.6;   -0.9;eor
        161;20200114;   10;  13.9;   4.3;    3;   0.0;   0;    0.000;   0;   8.0;   8.2; 1002.61;    9.9;   67.29;   12.1;    6.0;    3.9;eor
        161;20200115;   10;  13.5;   3.2;    3;   0.0;   6;    4.583;   0;   7.4;   8.9; 1007.21;   11.4;   66.83;   14.4;    7.7;    2.6;eor
        161;20200116;   10;   5.6;   1.4;    3;   0.0;   0;    6.433;   0;   3.6;   9.3; 1016.27;    7.8;   87.83;   13.1;    1.8;   -2.0;eor
        161;20200117;   10;   6.2;   1.6;    3;   0.0;   6;    0.633;   0;   7.4;   7.7; 1009.93;    4.7;   89.75;    9.8;    0.5;   -2.6;eor
        161;20200118;   10;   8.5;   2.1;    3;   1.5;   6;    2.200;   0;   4.9;   6.3; 1016.76;    3.9;   78.58;    8.0;    0.2;   -4.0;eor
        161;20200119;   10;   6.0;   2.2;    3;   0.0;   6;    0.250;   0;   7.3;   7.1; 1028.57;    3.8;   88.83;    4.8;    1.3;   -0.6;eor
        161;20200120;   10;   6.3;   1.7;    3;   0.0;   0;    0.967;   0;   5.4;   6.3; 1037.32;    2.9;   84.21;    6.5;   -2.9;   -6.5;eor
        161;20200121;   10;   4.2;   1.0;    3;   0.0;   8;    0.250;   0;   6.2;   4.9; 1033.14;   -2.7;   97.58;   -1.2;   -4.8;   -8.6;eor
        161;20200122;   10;   3.9;   1.2;    3;   0.0;   8;    0.000;   0;   8.0;   5.3; 1028.00;   -1.8;   97.63;    0.6;   -4.3;   -3.7;eor
        161;20200123;   10;   6.3;   1.5;    3;   0.0;   0;    0.000;   0;   7.1;   6.1; 1022.83;    1.1;   91.21;    2.6;   -1.9;   -5.0;eor
        161;20200124;   10;   6.4;   2.6;    3;   0.0;   0;    0.017;   0;   8.0;   5.5; 1015.61;    0.8;   84.33;    1.7;    0.0;   -0.2;eor
        161;20200125;   10;   5.6;   1.7;    3;   0.0;   0;    0.000;   0;   8.0;   6.5; 1013.37;    1.9;   91.67;    3.8;    0.4;    0.2;eor
        161;20200126;   10;   7.2;   2.0;    3;   0.1;   6;    2.100;   0;   7.5;   6.9; 1009.42;    3.2;   89.75;    8.3;    0.5;   -2.1;eor
        161;20200127;   10;   8.7;   3.0;    3;   2.0;   6;    0.000;   0;   7.6;   8.5;  999.85;    6.9;   85.50;    8.8;    2.9;    2.1;eor
        161;20200128;   10;  17.9;   3.8;    3;   2.2;   6;    2.583;   0;   7.2;   6.8;  989.40;    5.8;   73.29;    8.4;    2.6;   -0.2;eor
        161;20200129;   10;  13.4;   3.4;    3;   0.0;   6;    2.100;   0;   7.0;   6.1; 1000.12;    5.3;   68.75;    8.4;    3.2;   -1.1;eor
        161;20200130;   10;   9.9;   2.7;    3;   0.1;   6;    0.400;   0;   6.8;   8.1; 1002.02;    7.3;   79.13;   12.0;    1.4;   -2.2;eor
        161;20200131;   10;  10.9;   3.2;    3;   0.0;   0;    4.600;   0;   7.2;  11.2; 1000.99;   13.6;   71.79;   16.2;   11.3;    8.0;eor
        161;20200201;    3;  12.1;   3.6;    3;   6.5;   6;    0.117;   0;   6.8;  10.8;  998.52;   11.8;   77.46;   13.0;    8.0;    5.8;eor
        161;20200202;    3;  11.0;   2.9;    3;   2.8;   6;    0.000;   0;   7.7;   9.3; 1001.89;   10.2;   74.75;   15.7;    6.1;    5.5;eor
        161;20200203;    3;  11.8;   3.4;    3;  15.3;   6;    0.767;   0;   7.7;   9.2; 1003.60;   10.8;   71.50;   12.6;    6.1;    5.2;eor
        161;20200204;    3;  15.0;   3.8;    3;   2.0;   6;    2.300;   0;   7.3;   7.0; 1006.10;    5.2;   79.42;    7.2;    3.6;    2.9;eor
        161;20200205;    3;  11.1;   2.7;    3;   0.0;   4;    7.650;   0;   4.5;   6.4; 1024.97;    4.2;   77.92;    7.8;   -1.6;   -4.7;eor
        161;20200206;    3;   3.6;   1.2;    3;   0.0;   0;    0.767;   0;   6.0;   5.7; 1024.03;    0.3;   91.83;    4.8;   -2.8;   -6.6;eor
        161;20200207;    3;   6.0;   1.8;    3;   0.0;   0;    6.050;   0;   3.0;   5.4; 1018.81;    0.5;   86.96;    8.0;   -3.3;   -7.1;eor
        161;20200208;    3;   3.5;   1.0;    3;   0.0;   0;    0.000;   0;   7.0;   6.0; 1013.97;    1.3;   87.83;    5.6;   -3.2;   -6.7;eor
        161;20200209;    3;  20.0;   5.5;    3;  10.1;   6;    0.550;   0;   7.3;   8.5; 1001.60;    8.8;   75.71;   13.0;    0.7;   -2.0;eor
        161;20200210;    3;  23.8;   7.2;    3;   7.4;   6;    3.600;   0;   6.3;   7.7;  990.28;    8.7;   68.25;   12.1;    4.3;    1.4;eor
        161;20200211;    3;  16.2;   6.1;    3;   1.3;   8;    4.100;   0;   3.2;   5.5;  997.98;    6.0;   58.63;    8.5;    2.7;    0.2;eor
        161;20200212;    3;  13.2;   3.8;    3;   0.0;   6;    4.167;   0;   5.9;   5.8; 1006.79;    5.0;   66.79;    8.9;    0.1;   -3.6;eor
        161;20200213;    3;  12.6;   2.0;    3;   6.0;   6;    0.000;   0;   7.4;   7.0;  998.46;    3.5;   88.29;    7.3;   -0.9;   -4.7;eor
        161;20200214;    3;   7.4;   1.9;    3;   0.2;   6;    0.033;   0;   7.9;   7.5; 1010.39;    6.7;   77.00;    8.7;    1.4;   -2.1;eor
        161;20200215;    3;  12.1;   2.2;    3;   0.0;   0;    3.817;   0;   7.3;   7.5; 1011.44;    6.1;   80.75;   12.1;   -0.8;   -2.9;eor
        161;20200216;    3;  17.5;   5.7;    3;   1.1;   6;    3.017;   0;   7.9;   9.2; 1000.55;   14.2;   57.54;   18.2;   10.3;    8.1;eor
        161;20200217;    3;  13.8;   3.5;    3;   1.6;   6;    2.617;   0;   6.7;   8.1; 1006.59;    8.5;   73.54;   11.8;    5.5;    2.0;eor
        161;20200218;    3;  12.5;   3.9;    3;   0.3;   6;    4.417;   0;   6.9;   7.2; 1013.85;    7.2;   71.46;    9.1;    5.1;    2.4;eor
        161;20200219;    3;  12.6;   3.3;    3;   0.4;   6;    1.500;   0;   6.7;   6.4; 1010.93;    5.9;   69.13;    8.3;    0.7;   -3.6;eor
        161;20200220;    3;  16.5;   3.8;    3;   2.4;   6;    0.200;   0;   7.6;   8.1; 1008.70;    7.8;   77.08;    9.9;    5.3;    3.4;eor
        161;20200221;    3;  11.6;   3.3;    3;   0.0;   0;    5.083;   0;   4.4;   6.2; 1017.49;    5.3;   70.42;    9.2;    0.6;   -3.7;eor
        161;20200222;    3;  12.7;   4.2;    3;   0.1;   6;    1.717;   0;   6.3;   7.5; 1014.77;    7.6;   71.75;   11.8;    0.4;   -3.5;eor
        161;20200223;    3;  16.9;   5.0;    3;   4.4;   6;    0.000;   0;   7.8;  10.0; 1009.00;   11.1;   75.00;   14.3;    7.1;    4.2;eor
        161;20200224;    3;  13.5;   3.2;    3;   1.0;   6;    0.000;   0;   7.8;   8.7; 1007.73;    8.1;   79.33;   12.1;    4.1;    0.8;eor
        161;20200225;    3;  16.3;   3.8;    3;   5.9;   6;    3.750;   0;   6.7;   8.1;  992.62;    8.8;   71.58;   11.5;    4.2;    0.9;eor
        161;20200226;    3;  12.5;   3.9;    3;   0.1;   6;    1.417;   0;   7.8;   6.0;  991.54;    4.7;   69.71;    6.6;    2.9;    0.7;eor
        161;20200227;    3;  14.0;   3.7;    3;  11.9;   8;    0.000;   0;   7.7;   6.3;  993.36;    2.8;   84.75;    4.9;    1.1;   -0.7;eor
        161;20200228;    3;  13.7;   4.0;    3;   0.6;   6;    6.667;   0;   6.2;   6.1; 1005.77;    4.4;   72.50;    7.7;    0.9;   -2.3;eor
        161;20200229;    3;  14.5;   3.8;    3;   2.7;   6;    2.917;   0;   7.4;   8.4;  988.86;    9.1;   72.13;   15.2;    4.5;    0.5;eor
        161;20200301;    3;  14.4;   4.0;    3;   8.8;   6;    2.500;   0;   7.2;   7.7;  986.88;    7.5;   74.54;   11.4;    3.0;    2.5;eor
        161;20200302;    3;   8.4;   2.4;    3;   7.8;   6;    2.633;   0;   7.0;   7.8;  983.67;    6.3;   82.25;   12.1;    1.8;   -2.1;eor
        161;20200303;    3;  10.9;   2.6;    3;   0.6;   6;    6.167;   0;   5.4;   6.4;  994.60;    5.2;   73.54;    9.0;    1.0;   -2.7;eor
        161;20200304;    3;  10.7;   2.2;    3;   0.5;   6;    5.367;   0;   6.7;   6.9; 1002.07;    5.2;   79.04;   10.8;    0.9;   -3.1;eor
        161;20200305;    3;   6.6;   2.5;    3;  14.5;   6;    0.000;   0;   7.7;   8.2;  987.35;    5.9;   87.79;    7.0;    3.6;    2.6;eor
        161;20200306;    3;  11.9;   3.0;    3;   2.9;   6;    0.183;   0;   7.5;   7.7;  987.05;    6.3;   80.67;    8.1;    4.9;    3.6;eor
        161;20200307;    3;   8.2;   2.4;    3;   0.0;   6;    1.967;   0;   7.3;   6.4; 1008.69;    6.7;   65.79;    9.8;    4.9;    0.9;eor
        161;20200308;    3;  13.3;   3.7;    3;   0.8;   6;    2.183;   0;   7.9;   8.1; 1005.94;    9.3;   69.29;   13.1;    6.2;    4.0;eor
        161;20200309;    3;  10.7;   2.9;    3;   3.8;   6;    5.017;   0;   6.8;   7.4; 1004.77;    8.1;   69.96;   11.8;    4.5;    0.5;eor
        161;20200310;    3;  12.6;   4.1;    3;   7.2;   6;    0.050;   0;   7.9;  10.2; 1000.20;   10.3;   79.88;   15.3;    5.9;    3.9;eor
        161;20200311;    3;  12.8;   5.0;    3;   0.0;   6;    1.450;   0;   7.8;  12.3; 1003.39;   14.5;   74.00;   16.2;   13.3;   11.9;eor
        161;20200312;    3;  14.9;   4.1;    3;   0.1;   6;    2.833;   0;   6.0;   7.8; 1003.13;   11.5;   56.50;   13.9;    6.3;    3.2;eor
        161;20200313;    3;  10.9;   3.3;    3;   0.4;   6;    0.967;   0;   6.2;   6.6; 1009.51;    7.5;   64.21;   11.1;    4.2;    0.3;eor
        161;20200314;    3;   7.6;   1.7;    3;   0.0;   6;    7.283;   0;   6.5;   6.8; 1012.44;    6.2;   73.63;   12.4;    0.0;   -3.1;eor
        161;20200315;    3;  10.5;   2.2;    3;   0.0;   0;    6.467;   0;   7.3;   7.0; 1007.43;    8.6;   65.42;   15.7;    1.3;   -2.7;eor
        161;20200316;    3;   6.6;   1.6;    3;   0.0;   0;    8.683;   0;   4.8;   8.2; 1010.47;    9.7;   68.67;   18.4;    0.3;   -3.7;eor
        161;20200317;    3;   5.9;   1.4;    3;   0.0;   0;    7.133;   0;   5.6;   9.2; 1019.91;   11.5;   69.08;   17.1;    4.8;    0.1;eor
        161;20200318;    3;   6.6;   1.3;    3;   0.0;   0;    4.000;   0;   4.8;   8.7; 1018.83;    9.5;   74.63;   17.7;    1.6;   -2.4;eor
        161;20200319;    3;   5.3;   1.1;    3;   0.0;   0;    3.900;   0;   5.8;   9.4; 1015.56;   12.1;   68.67;   18.1;    7.6;    3.3;eor
        161;20200320;    3;  12.5;   3.9;    3;   4.1;   6;    9.200;   0;   5.4;   9.6; 1014.05;   10.7;   74.42;   13.9;    7.0;    5.3;eor
        161;20200321;    3;  13.1;   5.0;    3;   0.1;   6;    2.233;   0;   5.8;   5.9; 1016.66;    6.2;   63.13;    9.3;    2.8;    0.3;eor
        161;20200322;    3;  12.3;   5.5;    3;   0.0;   0;   11.800;   0;   0.0;   3.7; 1020.76;    4.9;   44.38;   10.4;    0.9;   -3.5;eor
        161;20200323;    3;  11.8;   4.5;    3;   0.0;   0;   11.850;   0;   0.0;   3.0; 1024.09;    3.6;   40.04;    9.4;   -3.0;   -8.3;eor
        161;20200324;    3;  10.8;   3.0;    3;   0.0;   0;   11.933;   0;   0.0;   3.1; 1022.37;    2.8;   47.00;   10.1;   -4.6;   -9.5;eor
        161;20200325;    3;  11.2;   3.4;    3;   0.0;   0;   11.900;   0;   0.2;   3.0; 1016.80;    4.3;   40.83;   11.3;   -4.7;  -11.1;eor
        161;20200326;    3;  10.8;   3.2;    3;   0.0;   0;   11.617;   0;   1.8;   4.0; 1011.76;    5.8;   43.33;   11.4;   -1.7;   -7.6;eor
        161;20200327;    3;   8.6;   2.4;    3;   0.0;   0;   11.433;   0;   0.9;   5.8; 1008.85;    8.3;   55.46;   16.5;   -0.2;   -3.2;eor
        161;20200328;    3;  11.5;   3.2;    3;   0.0;   0;   11.317;   0;   0.1;   6.3; 1010.73;    9.8;   55.71;   18.3;    1.7;   -2.3;eor
        161;20200329;    1;  12.6;   4.9;    1;   0.0;   6;    2.300;   0;   6.8;   5.1; 1016.99;    5.0;   58.96;    7.4;    1.9;   -0.8;eor
        161;20200330;    1;   9.6;   2.6;    1;   0.0;   6;   10.083;   0;   2.8;   3.8; 1019.94;    3.9;   47.00;    9.1;   -1.0;   -6.2;eor
        161;20200331;    1;   8.9;   2.4;    1;   0.0;   0;   10.050;   0;   3.7;   5.0; 1018.56;    5.7;   56.08;   10.2;   -1.7;   -7.1;eor
        161;20200401;    1;   7.1;   1.6;    1;   0.0;   0;   12.250;   0;   0.0;   3.8; 1012.19;    3.8;   52.88;   12.3;   -4.3;   -9.6;eor
        161;20200402;    1;  10.1;   2.0;    1;   0.0;   0;   12.167;   0;   0.8;   5.0; 1004.97;    5.4;   58.13;   12.8;   -3.3;   -8.4;eor
        161;20200403;    1;   9.6;   1.9;    1;   0.0;   0;    1.017;   0;   6.6;   6.1; 1007.51;    8.1;   57.58;   12.7;    3.1;   -0.7;eor
        161;20200404;    1;   6.8;   1.6;    1;   0.0;   0;   12.400;   0;   0.6;   5.6; 1014.99;    6.7;   60.25;   14.8;   -2.5;   -7.7;eor
        161;20200405;    1;  11.2;   2.9;    1;   0.0;   0;   12.567;   0;   0.0;   5.9; 1013.14;    9.6;   55.21;   19.6;   -0.8;   -5.6;eor
        161;20200406;    1;  10.9;   2.4;    1;   0.0;   0;   12.567;   0;   0.3;   6.3; 1012.75;   12.5;   50.13;   23.4;    1.2;   -3.9;eor
        161;20200407;    1;   5.9;   1.3;    1;   0.0;   0;   12.450;   0;   1.3;   8.9; 1019.81;   14.6;   56.25;   23.3;    5.4;    0.4;eor
        161;20200408;    1;   6.0;   1.4;    1;   0.0;   0;   12.233;   0;   0.4;   8.4; 1015.73;   14.9;   55.83;   24.5;    4.7;   -0.1;eor
        161;20200409;    1;   9.7;   1.9;    1;   0.0;   0;   11.833;   0;   1.6;   8.7; 1014.50;   15.7;   53.88;   24.8;    5.8;    1.0;eor
        161;20200410;    1;   6.8;   1.9;    1;   0.0;   0;   12.817;   0;   1.8;   8.3; 1015.52;   15.1;   52.75;   23.5;    5.2;    0.7;eor
        161;20200411;    1;-999;-999;    1;   0.0;   0;   12.000;   0;  -999;  -999;    -999;   13.8;-999;   23.2;    4.1;    0.7;eor
        161;20200412;    1;-999;-999;    1;   0.0;   0;   11.100;-999;  -999;  -999;    -999;   16.1;-999;   22.3;    7.3;    2.6;eor
        161;20200413;    1;-999;-999;    1;   0.3;   4;    5.900;-999;  -999;  -999;    -999;    7.2;-999;   13.3;    1.1;   -1.0;eor
        161;20200414;    1;   9.5;-999;    1;   0.0;   0;    6.800;-999;  -999;  -999;    -999;    6.2;-999;   11.8;    0.4;   -4.3;eor
        161;20200415;    1;   5.7;   1.5;    1;   0.0;   0;   10.900;   0;   6.1;   5.7; 1014.68;    8.5;   56.17;   18.9;   -1.4;   -5.6;eor
        161;20200416;    1;   9.1;   2.1;    1;   0.0;   0;   12.700;   0;   2.2;   7.6; 1007.85;   13.2;   54.96;   25.4;    1.2;   -3.8;eor
        161;20200417;    1;   5.4;   1.4;    1;   0.0;   0;   12.200;   0;   2.0;   8.9; 1005.90;   15.8;   55.00;   25.1;    5.1;    0.1;eor
        161;20200418;    1;   8.6;   1.8;    1;   0.0;   6;    1.917;   0;   5.6;  11.3; 1006.02;   14.2;   70.54;   21.7;    8.2;    4.4;eor
        161;20200419;    1;   9.5;   3.0;    1;   0.0;   0;    2.400;   0;   5.4;   9.9; 1008.00;   13.7;   64.00;   18.6;    8.4;    4.9;eor
        161;20200420;    1;  14.9;   5.2;    1;   0.0;   0;   13.200;   0;   0.0;   5.4; 1008.12;   13.5;   35.79;   19.3;    7.5;    0.9;eor
        161;20200421;    1;  14.2;   5.3;    1;   0.0;   0;   13.233;   0;   0.0;   5.8; 1007.15;   14.7;   35.54;   21.0;    7.5;    1.7;eor
        161;20200422;    1;  10.9;   3.5;    1;   0.0;   0;   13.350;   0;   0.0;   6.1; 1009.49;   15.2;   38.17;   22.4;    4.9;    0.5;eor
        161;20200423;    1;   7.3;   1.7;    1;   0.0;   0;   13.200;   0;   1.5;   7.0; 1009.76;   14.1;   48.38;   23.2;    4.0;   -1.1;eor
        161;20200424;    1;  11.4;   2.6;    1;   0.0;   0;   10.650;   0;   4.3;   7.5; 1003.59;   14.0;   51.79;   22.7;    4.8;    0.4;eor
        161;20200425;    1;   7.2;   2.9;    1;   0.0;   0;    9.450;   0;   2.2;   7.2; 1003.57;   11.9;   53.46;   17.3;    5.7;    1.5;eor
        161;20200426;    1;   5.5;   1.4;    1;   0.0;   0;   13.650;   0;   0.0;   6.4; 1001.69;   11.9;   52.71;   21.4;    1.8;   -2.0;eor
        161;20200427;    1;   9.4;   1.6;    1;   0.0;   0;   10.467;   0;   2.8;   7.8;  999.07;   13.4;   55.63;   23.5;    2.8;   -2.2;eor
        161;20200428;    1;  11.3;   2.1;    1;   0.9;   6;    1.350;   0;   6.9;  11.1;  995.80;   12.7;   75.54;   18.1;    5.8;    1.4;eor
        161;20200429;    1;  11.0;   3.4;    1;   2.7;   6;    3.767;   0;   6.8;  10.4;  997.22;   14.6;   63.04;   18.8;   10.9;    8.6;eor
        161;20200430;    1;  12.8;   3.5;    1;   4.3;   6;    3.967;   0;   7.2;  10.0;  993.94;   12.4;   70.71;   16.4;    9.0;    7.0;eor
        161;20200501;    1;  11.4;   2.9;    1;   8.4;   8;    4.667;-999;   7.2;   9.5;  993.84;   10.4;   75.50;   16.0;    5.8;    3.7;eor
        161;20200502;    1;  11.0;   3.3;    1;   1.1;   6;    6.117;-999;   4.8;   8.6; 1000.94;    9.9;   71.92;   14.5;    3.7;   -0.4;eor
        161;20200503;    1;   8.1;   1.5;    1;   0.2;   6;    4.767;-999;   6.5;   8.3; 1008.83;   10.4;   69.75;   18.0;    1.4;   -2.1;eor
        161;20200504;    1;   7.2;   1.9;    1;   1.3;   6;    1.200;-999;   6.3;  10.2; 1008.17;   11.7;   74.46;   15.0;    4.1;   -0.1;eor
        161;20200505;    1;   6.7;   1.8;    1;   0.0;   0;   11.067;-999;   3.5;   6.4; 1010.92;   10.1;   58.17;   17.4;    2.7;   -0.1;eor
        161;20200506;    1;   7.9;   1.7;    1;   0.0;   0;   14.183;-999;   0.3;   6.1; 1015.18;   10.7;   53.04;   18.6;    0.8;   -2.7;eor
        161;20200507;    1;   4.9;   1.2;    1;   0.0;   0;   14.000;-999;   2.3;   7.2; 1014.05;   13.3;   53.21;   22.2;    2.5;   -1.2;eor
        161;20200508;    1;   5.8;   1.4;    1;   0.0;   0;   11.200;-999;   6.8;   8.7; 1008.41;   15.9;   53.58;   24.3;    6.2;    3.0;eor
        161;20200509;    1;   6.2;   1.5;    1;   0.1;   6;    3.300;-999;   6.9;  11.3; 1003.40;   16.0;   63.96;   22.2;    9.8;    6.7;eor
        161;20200510;    1;  10.4;   1.6;    1;  17.8;   8;    2.200;-999;   7.8;  14.5;  996.83;   14.9;   85.46;   21.4;    9.8;    7.2;eor
        161;20200511;    1;  13.1;   4.5;    1;   0.3;   6;    2.100;-999;   6.8;   6.8; 1001.18;    8.9;   60.25;   12.4;    5.7;    3.1;eor
        161;20200512;    1;   8.3;   2.1;    1;   0.0;   0;   13.250;-999;   3.1;   5.7; 1008.97;    8.4;   53.13;   13.4;    1.1;   -2.3;eor
        161;20200513;    1;   9.4;   2.4;    1;   0.0;   0;    7.683;-999;   5.6;   6.5; 1003.85;    9.1;   59.58;   15.1;    2.0;   -0.8;eor
        161;20200514;    1;   8.3;   2.7;    1;   0.0;   0;    6.433;-999;   3.4;   6.5; 1008.16;   10.2;   54.71;   15.8;    4.3;    0.3;eor
        161;20200515;    1;  10.3;   3.3;    1;   0.0;   0;   13.933;-999;   0.1;   6.2; 1010.90;   10.9;   50.42;   17.1;    2.6;   -0.9;eor
        161;20200516;    1;   6.2;   1.8;    1;   0.0;   0;   12.150;-999;   2.1;   6.9; 1013.37;   11.9;   53.13;   19.7;    1.4;   -1.5;eor
        161;20200517;    1;   7.3;   2.1;    1;   0.0;   0;   13.950;-999;   1.3;   7.9; 1014.60;   13.4;   53.92;   19.7;    7.2;    1.7;eor
        161;20200518;    1;   7.5;   1.7;    1;   0.0;   0;   13.783;-999;   2.4;   9.7; 1013.97;   16.1;   56.58;   24.6;    5.1;    1.6;eor
        161;20200519;    1;   9.0;   2.1;    1;   0.0;   0;   11.667;-999;   2.7;  10.0; 1012.48;   17.9;   51.25;   24.7;    6.8;    2.4;eor
        161;20200520;    1;   8.5;   2.6;    1;   0.0;   0;   13.067;-999;   2.1;  12.8; 1012.41;   18.2;   62.71;   23.4;   11.7;    7.5;eor
        161;20200521;    1;   7.0;   1.5;    1;   0.0;   0;   13.917;-999;   2.4;  12.5; 1011.88;   19.3;   59.67;   28.0;    9.4;    5.9;eor
        161;20200522;    1;  11.2;   2.2;    1;   5.4;   6;    0.017;-999;   7.5;  15.6; 1010.15;   19.6;   70.13;   27.1;   11.6;    8.4;eor
        161;20200523;    1;  11.0;   2.9;    1;   0.6;   6;    2.533;-999;   6.2;  11.6; 1015.09;   14.0;   72.96;   17.2;    8.3;    3.6;eor
        161;20200524;    1;  10.4;   2.1;    1;   0.3;   6;    4.400;-999;   5.7;  10.2; 1020.35;   13.5;   67.33;   17.8;    6.2;    2.7;eor
        161;20200525;    1;   9.3;   2.8;    1;   0.0;   0;    3.950;-999;   5.8;  11.9; 1023.47;   15.7;   67.88;   20.4;    9.2;    5.1;eor
        161;20200526;    1;  10.6;   2.0;    1;   0.0;   0;   14.017;-999;   3.3;  10.0; 1025.00;   15.1;   62.46;   22.9;    5.5;    1.5;eor
        161;20200527;    1;   8.1;   2.0;    1;   0.0;   0;   13.450;-999;   1.3;   9.8; 1023.22;   17.4;   54.04;   25.5;    6.5;    2.8;eor
        161;20200528;    1;   9.7;   3.3;    1;   0.0;   0;   15.117;-999;   1.4;   8.1; 1021.10;   17.9;   41.67;   23.3;    9.3;    5.6;eor
        161;20200529;    1;   8.7;   2.2;    1;   0.0;   0;   14.017;-999;   0.6;   7.8; 1017.15;   15.8;   47.33;   23.1;    5.8;    3.2;eor
        161;20200530;    1;  10.7;   3.0;    1;   0.0;   0;   12.817;-999;   2.5;   7.9; 1013.62;   16.2;   46.38;   23.9;    6.8;    3.2;eor
        161;20200531;    1;  12.9;   2.7;    1;   0.0;   0;   14.083;-999;   4.0;   8.5; 1012.45;   15.5;   51.29;   22.2;    7.7;    4.2;eor
        161;20200601;    1;   7.7;   2.1;    1;   0.0;   0;   14.883;-999;   0.6;   9.7; 1011.60;   18.3;   50.92;   27.0;    7.7;    5.4;eor
        161;20200602;    1;   9.0;   1.7;    1;   0.0;   0;   13.600;-999;   5.4;  10.5; 1006.70;   20.4;   48.17;   28.8;    9.9;    6.3;eor
        161;20200603;    1;   9.1;   1.8;    1;   7.3;   6;    9.233;-999;   7.2;  11.7;  995.62;   20.7;   50.08;   27.2;   13.8;   10.3;eor
        161;20200604;    1;   8.5;   2.3;    1;   2.7;   6;    0.000;-999;   7.8;  13.7;  988.26;   14.5;   82.79;   17.1;   11.0;   10.2;eor
        161;20200605;    1;  13.0;   3.5;    1;   3.4;   6;    0.833;-999;   7.8;  10.0;  988.72;   11.6;   73.58;   14.7;    9.1;    5.2;eor
        161;20200606;    1;  11.7;   3.1;    1;   5.1;   8;    6.867;-999;   5.7;   9.5;  993.02;   12.6;   66.88;   18.8;    7.0;    5.3;eor
        161;20200607;    1;   8.5;   1.9;    1;   0.0;   6;    5.400;-999;   5.8;   9.5;  999.21;   13.7;   63.04;   18.8;    6.4;    2.8;eor
        161;20200608;    1;  10.2;   2.3;    1;   0.0;   0;    8.350;-999;   4.0;  10.5; 1004.80;   14.4;   66.96;   20.7;    6.7;    4.0;eor
        161;20200609;    1;  11.0;   3.1;    1;   0.2;   6;    3.700;-999;   7.6;  12.5; 1007.20;   15.3;   73.29;   19.8;   10.7;    8.0;eor
