STATIONS_ID;MESS_DATUM;QN_3;  FX;  FM;QN_4; RSK;RSKF; SDK;SHK_TAG;  NM; VPM;  PM; TMK; UPM; TXK; TNK; TGK;eor
       3527;20181208;-999;-999;-999;    3;  20.6;   4;-999;   0;  -999;   7.9;    -999;    3.9;   97.50;    6.2;    2.5;    2.3;eor
       3527;20181209;-999;-999;-999;    3;   5.4;   4;-999;   0;  -999;   7.9;    -999;    3.8;   98.63;    6.2;    2.0;    1.3;eor
       3527;20181210;-999;-999;-999;    3;   2.4;   4;-999;   0;  -999;   6.4;    -999;    1.0;   97.33;    2.7;   -0.5;   -1.0;eor
       3527;20181211;-999;-999;-999;    3;   3.3;   4;-999;   0;  -999;   6.4;    -999;    0.9;   97.96;    2.5;    0.2;   -0.1;eor
       3527;20181212;-999;-999;-999;    3;   0.5;   4;-999;   0;  -999;   6.0;    -999;    0.4;   95.00;    1.2;   -0.8;   -1.5;eor
       3527;20181213;-999;-999;-999;    3;   0.0;   0;-999;   0;  -999;   4.5;    -999;   -2.1;   84.58;   -0.6;   -3.1;   -4.0;eor
       3527;20181214;-999;-999;-999;    3;   0.0;   0;-999;   0;  -999;   3.9;    -999;   -2.7;   78.75;   -2.2;   -3.9;   -5.1;eor
       3527;20181215;-999;-999;-999;    3;   0.0;   0;-999;   0;  -999;   3.6;    -999;   -3.6;   77.21;   -2.7;   -5.2;   -6.7;eor
       3527;20181216;-999;-999;-999;    3;   1.7;   4;-999;   0;  -999;   4.3;    -999;   -3.7;   91.79;   -0.7;   -5.0;   -6.0;eor
       3527;20181217;-999;-999;-999;    3;   1.3;   4;-999;   1;  -999;   6.6;    -999;    1.0;  100.00;    2.0;   -0.7;   -0.7;eor
       3527;20181218;-999;-999;-999;    3;   0.0;   0;-999;   0;  -999;   6.7;    -999;    1.8;   96.00;    2.5;   -0.2;   -1.2;eor
       3527;20181219;-999;-999;-999;    3;   0.7;   4;-999;   0;  -999;   6.5;    -999;    1.6;   94.13;    3.1;    0.1;   -0.8;eor
       3527;20181220;-999;-999;-999;    3;   1.5;   4;-999;   0;  -999;   7.9;    -999;    3.6;   99.71;    4.2;    2.4;    2.0;eor
       3527;20181221;-999;-999;-999;    3;   6.4;   4;-999;   0;  -999;   9.1;    -999;    6.2;   95.08;    9.0;    4.0;    3.7;eor
       3527;20181222;-999;-999;-999;    3;   2.0;   4;-999;   0;  -999;   8.6;    -999;    6.4;   89.29;    8.1;    4.3;    2.9;eor
       3527;20181223;-999;-999;-999;    3;  14.2;   4;-999;   0;  -999;   8.4;    -999;    4.5;   99.58;    5.5;    2.7;    2.4;eor
       3527;20181224;-999;-999;-999;    3;   0.8;   4;-999;   0;  -999;   6.3;    -999;    0.7;   96.88;    2.7;   -2.2;   -3.7;eor
       3527;20181225;-999;-999;-999;    3;   0.0;   0;-999;   0;  -999;   5.7;    -999;    0.1;   93.13;    1.5;   -1.3;   -1.5;eor
       3527;20181226;-999;-999;-999;    3;   0.1;   4;-999;   0;  -999;   5.4;    -999;   -1.1;   96.50;    0.8;   -2.6;   -4.0;eor
       3527;20181227;-999;-999;-999;    3;   0.0;   0;-999;   0;  -999;   5.2;    -999;    1.7;   75.42;    4.2;   -0.4;   -1.9;eor
       3527;20181228;-999;-999;-999;    3;   0.6;   4;-999;   0;  -999;   4.9;    -999;   -2.3;   95.38;    0.8;   -4.8;   -5.6;eor
       3527;20181229;-999;-999;-999;    3;   2.1;   4;-999;   0;  -999;   5.9;    -999;   -0.4;  100.00;    3.6;   -2.0;   -1.6;eor
       3527;20181230;-999;-999;-999;    3;   1.1;   4;-999;   0;  -999;   7.5;    -999;    4.1;   92.13;    5.3;    3.2;    2.5;eor
       3527;20181231;-999;-999;-999;    3;   2.2;   4;-999;   0;  -999;   8.7;    -999;    4.9;  100.00;    6.2;    3.6;    3.5;eor
       3527;20190101;-999;-999;-999;    3;   5.1;   4;-999;   0;  -999;   7.7;    -999;    3.5;   97.21;    5.0;   -0.5;   -0.9;eor
       3527;20190102;-999;-999;-999;    3;   0.2;   4;-999;   1;  -999;   4.7;    -999;   -0.1;   76.75;    1.6;   -3.5;   -5.0;eor
       3527;20190103;-999;-999;-999;    3;   0.6;   4;-999;   0;  -999;   4.9;    -999;   -2.4;   93.54;   -0.4;   -6.4;   -7.6;eor
       3527;20190104;-999;-999;-999;    3;   5.3;   4;-999;   0;  -999;   5.6;    -999;   -1.0;   98.04;    0.7;   -2.9;   -4.0;eor
       3527;20190105;-999;-999;-999;    3;  13.4;   4;-999;   0;  -999;   7.7;    -999;    3.1;   99.79;    4.7;    0.6;    0.1;eor
       3527;20190106;-999;-999;-999;    3;   6.1;   4;-999;   0;  -999;   8.1;    -999;    4.0;   99.25;    4.6;    2.8;    2.5;eor
       3527;20190107;-999;-999;-999;    3;   5.9;   4;-999;   0;  -999;   7.0;    -999;    2.0;   98.88;    2.9;    1.1;    0.7;eor
       3527;20190108;-999;-999;-999;    3;   6.1;   4;-999;   0;  -999;   6.9;    -999;    2.3;   96.33;    3.5;    0.6;    0.0;eor
       3527;20190109;-999;-999;-999;    3;   1.9;   4;-999;   1;  -999;   5.1;    -999;   -0.7;   88.54;    1.3;   -1.9;   -1.9;eor
       3527;20190110;-999;-999;-999;    3;   2.0;   4;-999;   2;  -999;   4.6;    -999;   -2.3;   88.04;   -1.3;   -3.6;   -4.6;eor
       3527;20190111;-999;-999;-999;    3;   5.9;   4;-999;   4;  -999;   5.5;    -999;   -1.4;   99.21;    1.8;   -3.6;   -3.9;eor
       3527;20190112;-999;-999;-999;    3;   5.4;   4;-999;   2;  -999;   7.0;    -999;    1.9;  100.00;    2.6;    1.4;    0.8;eor
       3527;20190113;-999;-999;-999;    3;   7.5;   4;-999;   0;  -999;   7.9;    -999;    3.9;   98.21;    5.9;    2.0;    1.9;eor
       3527;20190114;-999;-999;-999;    3;   0.7;   4;-999;   0;  -999;   5.7;    -999;    1.1;   85.67;    3.3;   -1.1;   -1.5;eor
       3527;20190115;-999;-999;-999;    3;   0.3;   4;-999;   0;  -999;   6.2;    -999;    0.8;   94.67;    2.7;   -1.2;   -1.8;eor
       3527;20190116;-999;-999;-999;    3;   0.2;   4;-999;   0;  -999;   6.4;    -999;    1.6;   93.67;    2.3;    0.6;   -0.7;eor
       3527;20190117;-999;-999;-999;    3;   3.4;   4;-999;   0;  -999;   6.5;    -999;    1.3;   96.17;    3.5;   -1.4;   -1.3;eor
       3527;20190118;-999;-999;-999;    3;   0.0;   0;-999;   0;  -999;   4.2;    -999;   -2.9;   84.38;    0.4;   -6.9;   -8.5;eor
       3527;20190119;-999;-999;-999;    3;   0.0;   0;-999;   0;  -999;   3.2;    -999;   -4.8;   75.33;   -1.0;   -8.6;  -10.6;eor
       3527;20190120;-999;-999;-999;    3;   0.0;   0;-999;   0;  -999;   3.2;    -999;   -5.3;   77.29;   -1.0;   -9.0;  -10.6;eor
       3527;20190121;-999;-999;-999;    3;   0.0;   0;-999;   0;  -999;   3.2;    -999;   -6.9;   88.71;   -3.1;   -9.8;  -11.4;eor
       3527;20190122;-999;-999;-999;    3;   0.0;   0;-999;   0;  -999;   3.3;    -999;   -7.4;   93.17;   -6.2;   -9.6;  -11.8;eor
       3527;20190123;-999;-999;-999;    3;   0.0;   0;-999;   0;  -999;   3.4;    -999;   -6.4;   89.96;   -4.8;   -8.0;   -8.7;eor
       3527;20190124;-999;-999;-999;    3;   0.3;   4;-999;   0;  -999;   3.3;    -999;   -7.4;   93.29;   -5.5;   -9.1;  -11.4;eor
       3527;20190125;-999;-999;-999;    3;   5.1;   4;-999;   2;  -999;   3.9;    -999;   -5.5;   93.96;   -2.6;   -8.0;   -8.4;eor
       3527;20190126;-999;-999;-999;    3;   2.2;   4;-999;   7;  -999;   6.3;    -999;    0.4;  100.00;    2.2;   -2.6;   -2.3;eor
       3527;20190127;-999;-999;-999;    3;   3.4;   4;-999;   0;  -999;   7.1;    -999;    2.2;   99.29;    3.4;   -0.1;   -0.1;eor
       3527;20190128;-999;-999;-999;    3;   4.3;   4;-999;   1;  -999;   5.8;    -999;   -0.4;   97.96;    0.6;   -1.4;   -2.0;eor
       3527;20190129;-999;-999;-999;    3;   0.3;   4;-999;   6;  -999;   5.2;    -999;   -1.5;   94.79;    0.1;   -3.6;   -5.5;eor
       3527;20190130;-999;-999;-999;    3;   0.2;   4;-999;   5;  -999;   4.5;    -999;   -2.5;   88.13;   -0.8;   -3.8;   -5.3;eor
       3527;20190131;-999;-999;-999;    3;   0.0;   4;-999;   5;  -999;   4.4;    -999;   -2.7;   87.33;   -0.6;   -5.6;   -8.7;eor
       3527;20190201;-999;-999;-999;    3;   0.2;   4;-999;   5;  -999;   5.6;    -999;   -0.3;   91.92;    1.9;   -2.8;   -3.6;eor
       3527;20190202;-999;-999;-999;    3;   0.5;   4;-999;   4;  -999;   6.2;    -999;    0.3;   98.92;    1.1;   -1.1;   -1.0;eor
       3527;20190203;-999;-999;-999;    3;   0.0;   0;-999;   3;  -999;   5.3;    -999;   -1.4;   95.38;   -0.2;   -4.4;   -6.5;eor
       3527;20190204;-999;-999;-999;    3;   0.0;   0;-999;   3;  -999;   4.7;    -999;   -1.1;   84.50;    1.4;   -5.1;   -6.9;eor
       3527;20190205;-999;-999;-999;    3;   0.0;   0;-999;   3;  -999;   5.1;    -999;   -0.3;   85.92;    1.6;   -2.3;   -4.7;eor
       3527;20190206;-999;-999;-999;    3;   0.0;   0;-999;   2;  -999;   5.0;    -999;    0.9;   78.17;    4.4;   -1.3;   -3.8;eor
       3527;20190207;-999;-999;-999;    3;   1.3;   4;-999;   2;  -999;   5.8;    -999;    0.7;   88.67;    2.5;   -0.7;   -1.9;eor
       3527;20190208;-999;-999;-999;    3;   1.1;   4;-999;   0;  -999;   7.1;    -999;    3.2;   91.79;    4.9;    1.8;    1.2;eor
       3527;20190209;-999;-999;-999;    3;   1.3;   4;-999;   0;  -999;   7.1;    -999;    4.8;   82.92;    6.6;    3.4;    2.4;eor
       3527;20190210;-999;-999;-999;    3;  15.9;   4;-999;   0;  -999;   8.1;    -999;    4.3;   97.00;    6.5;    1.0;    0.6;eor
       3527;20190211;-999;-999;-999;    3;   0.4;   4;-999;   0;  -999;   6.1;    -999;    1.0;   92.92;    3.0;   -0.3;   -1.9;eor
       3527;20190212;-999;-999;-999;    3;   0.1;   4;-999;   0;  -999;   5.8;    -999;    0.7;   90.00;    2.9;   -0.7;   -1.5;eor
       3527;20190213;-999;-999;-999;    3;   0.0;   0;-999;   0;  -999;   5.8;    -999;    1.5;   85.42;    5.4;   -1.3;   -2.5;eor
       3527;20190214;-999;-999;-999;    3;   0.0;   0;-999;   0;  -999;   5.2;    -999;    3.8;   65.83;    9.8;   -0.4;   -2.2;eor
       3527;20190215;-999;-999;-999;    3;   0.0;   0;-999;   0;  -999;   5.3;    -999;    6.9;   55.21;   13.0;    0.3;   -2.0;eor
       3527;20190216;-999;-999;-999;    3;   0.0;   0;-999;   0;  -999;   5.5;    -999;    8.1;   50.92;   13.6;    4.2;    0.5;eor
       3527;20190217;-999;-999;-999;    3;   0.0;   0;-999;   0;  -999;   5.9;    -999;    7.8;   57.46;   13.8;    1.9;   -0.9;eor
       3527;20190218;-999;-999;-999;    3;   0.0;   0;-999;   0;  -999;   5.9;    -999;    7.3;   57.92;   12.8;    2.6;   -1.1;eor
       3527;20190219;-999;-999;-999;    3;   0.4;   4;-999;   0;  -999;   6.5;    -999;    4.6;   77.04;    7.0;    1.5;   -1.1;eor
       3527;20190220;-999;-999;-999;    3;   0.0;   0;-999;   0;  -999;   6.7;    -999;    3.5;   85.17;    7.2;    0.2;   -1.5;eor
       3527;20190221;-999;-999;-999;    3;   0.3;   4;-999;   0;  -999;   7.9;    -999;    5.2;   88.38;    8.8;    0.8;   -1.2;eor
       3527;20190222;-999;-999;-999;    3;   0.0;   0;-999;   0;  -999;   8.4;    -999;    5.6;   91.88;    7.5;    0.0;   -0.6;eor
       3527;20190223;-999;-999;-999;    3;   0.0;   0;-999;   0;  -999;   4.6;    -999;    1.5;   69.67;    6.3;   -3.0;   -4.4;eor
       3527;20190224;-999;-999;-999;    3;   0.0;   0;-999;   0;  -999;   3.8;    -999;    3.9;   49.08;   12.4;   -2.7;   -4.3;eor
       3527;20190225;-999;-999;-999;    3;   0.0;   0;-999;   0;  -999;   4.5;    -999;    6.9;   47.00;   15.2;    0.3;   -2.0;eor
       3527;20190226;-999;-999;-999;    3;   0.0;   0;-999;   0;  -999;   4.6;    -999;    8.7;   46.38;   16.6;    1.9;   -0.8;eor
       3527;20190227;-999;-999;-999;    3;   0.0;   0;-999;   0;  -999;   3.6;    -999;    8.7;   34.67;   16.2;    0.4;   -2.1;eor
       3527;20190228;-999;-999;-999;    3;   2.0;   4;-999;   0;  -999;   7.1;    -999;    8.0;   66.08;   13.0;    3.4;    0.6;eor
       3527;20190301;-999;-999;-999;    3;   3.6;   4;-999;   0;  -999;   8.9;    -999;    5.6;   97.42;    8.3;    2.7;    2.6;eor
       3527;20190302;-999;-999;-999;    3;   0.7;   4;-999;   0;  -999;   7.6;    -999;    3.6;   96.25;    6.3;    1.3;    1.2;eor
       3527;20190303;-999;-999;-999;    3;   0.7;   4;-999;   0;  -999;   9.1;    -999;    6.8;   92.13;    8.2;    5.7;    5.1;eor
       3527;20190304;-999;-999;-999;    3;   5.5;   4;-999;   0;  -999;   7.8;    -999;    6.1;   82.67;    9.6;    1.9;    1.0;eor
       3527;20190305;-999;-999;-999;    3;   2.4;   4;-999;   0;  -999;   6.7;    -999;    2.5;   92.04;    5.4;    1.0;   -1.0;eor
       3527;20190306;-999;-999;-999;    3;   0.1;   4;-999;   0;  -999;   7.6;    -999;    6.6;   79.88;   11.5;    1.1;   -0.4;eor
       3527;20190307;-999;-999;-999;    3;   0.5;   4;-999;   0;  -999;   7.7;    -999;    8.0;   71.63;   10.4;    4.9;    3.7;eor
       3527;20190308;-999;-999;-999;    3;   2.7;   4;-999;   0;  -999;   6.7;    -999;    5.0;   77.46;    7.5;    3.1;    2.5;eor
       3527;20190309;-999;-999;-999;    3;   2.7;   4;-999;   0;  -999;   7.7;    -999;    5.4;   85.71;   10.0;    3.2;    1.4;eor
       3527;20190310;-999;-999;-999;    3;   8.2;   4;-999;   0;  -999;   7.5;    -999;    5.1;   84.42;    9.7;    0.3;   -0.7;eor
       3527;20190311;-999;-999;-999;    3;   3.3;   4;-999;   0;  -999;   5.9;    -999;    0.5;   93.54;    2.5;   -0.9;   -0.8;eor
       3527;20190312;-999;-999;-999;    3;   0.0;   0;-999;   0;  -999;   5.4;    -999;    3.2;   73.25;    6.9;   -0.5;   -1.2;eor
       3527;20190313;-999;-999;-999;    3;   3.5;   4;-999;   0;  -999;   6.3;    -999;    2.8;   83.96;    6.0;    1.3;    0.8;eor
       3527;20190314;-999;-999;-999;    3;   5.6;   4;-999;   0;  -999;   7.3;    -999;    2.8;   97.38;    4.6;    1.8;    1.7;eor
       3527;20190315;-999;-999;-999;    3;  10.2;   4;-999;   0;  -999;   8.8;    -999;    5.4;   96.54;    9.0;    2.9;    1.3;eor
       3527;20190316;-999;-999;-999;    3;   1.2;   4;-999;   0;  -999;   8.5;    -999;    5.9;   92.04;    8.3;    3.6;    3.4;eor
       3527;20190317;-999;-999;-999;    3;   1.7;   4;-999;   0;  -999;   7.5;    -999;    4.6;   87.71;    6.8;    0.7;    0.2;eor
       3527;20190318;-999;-999;-999;    3;   1.1;   4;-999;   0;  -999;   6.0;    -999;    1.9;   86.46;    6.2;   -1.6;   -2.9;eor
       3527;20190319;-999;-999;-999;    3;   0.0;   0;-999;   0;  -999;   5.0;    -999;    1.0;   77.96;    6.5;   -4.0;   -5.2;eor
       3527;20190320;-999;-999;-999;    3;   0.0;   0;-999;   0;  -999;   5.5;    -999;    4.0;   68.04;   10.3;   -2.4;   -4.3;eor
       3527;20190321;-999;-999;-999;    3;   0.0;   0;-999;   0;  -999;   6.7;    -999;    7.4;   65.88;   14.9;    0.5;   -1.5;eor
       3527;20190322;-999;-999;-999;    3;   0.0;   0;-999;   0;  -999;   8.3;    -999;   11.2;   63.13;   17.5;    5.4;    2.6;eor
       3527;20190323;-999;-999;-999;    3;   0.0;   0;-999;   0;  -999;   8.0;    -999;    7.9;   75.04;   14.1;    3.7;    0.8;eor
       3527;20190324;-999;-999;-999;    3;   0.0;   4;-999;   0;  -999;   7.7;    -999;    5.8;   82.96;    9.7;    2.1;   -0.9;eor
       3527;20190325;-999;-999;-999;    3;   5.4;   4;-999;   0;  -999;   6.3;    -999;    1.9;   89.29;    4.1;    0.0;   -1.9;eor
       3527;20190326;-999;-999;-999;    3;   0.2;   4;-999;   0;  -999;   6.6;    -999;    3.2;   85.92;    5.5;    1.8;    1.4;eor
       3527;20190327;-999;-999;-999;    3;   0.0;   0;-999;   0;  -999;   6.9;    -999;    5.1;   79.92;    9.4;    1.4;    0.0;eor
       3527;20190328;-999;-999;-999;    3;   0.0;   0;-999;   0;  -999;   8.1;    -999;    7.4;   78.88;   10.6;    4.0;    3.3;eor
       3527;20190329;-999;-999;-999;    3;   0.0;   0;-999;   0;  -999;   8.1;    -999;    9.1;   71.67;   14.3;    3.7;    1.9;eor
       3527;20190330;-999;-999;-999;    3;   0.0;   0;-999;   0;  -999;   7.6;    -999;   10.8;   60.92;   16.9;    3.8;    1.5;eor
       3527;20190331;-999;-999;-999;    3;   0.0;   0;-999;   0;  -999;   7.6;    -999;    7.1;   75.33;   11.4;    2.9;    1.0;eor
       3527;20190401;-999;-999;-999;    3;   0.0;   0;-999;   0;  -999;   5.9;    -999;    6.0;   63.75;   11.5;    0.4;   -0.4;eor
       3527;20190402;-999;-999;-999;    3;   0.1;   4;-999;   0;  -999;   7.6;    -999;   10.1;   61.13;   15.7;    5.3;    2.9;eor
       3527;20190403;-999;-999;-999;    3;   6.4;   4;-999;   0;  -999;   8.7;    -999;    7.4;   85.08;    9.8;    2.8;    2.8;eor
       3527;20190404;-999;-999;-999;    3;   0.3;   4;-999;   0;  -999;   7.8;    -999;    3.4;   99.79;    5.1;    1.3;    0.2;eor
       3527;20190405;-999;-999;-999;    3;   0.1;   4;-999;   0;  -999;   8.6;    -999;    4.8;   99.13;    6.8;    2.9;    2.9;eor
       3527;20190406;-999;-999;-999;    3;   0.0;   0;-999;   0;  -999;   9.8;    -999;   10.5;   78.50;   16.7;    5.7;    5.7;eor
       3527;20190407;-999;-999;-999;    3;   0.0;   4;-999;   0;  -999;   8.9;    -999;   11.7;   66.04;   16.2;    6.5;    4.6;eor
       3527;20190408;-999;-999;-999;    3;   0.0;   0;-999;   0;  -999;   8.9;    -999;   12.3;   62.96;   17.6;    7.8;    5.8;eor
       3527;20190409;-999;-999;-999;    3;   0.0;   0;-999;   0;  -999;   8.1;    -999;    8.9;   71.29;   13.9;    4.5;    3.6;eor
       3527;20190410;-999;-999;-999;    3;   0.0;   0;-999;   0;  -999;   5.4;    -999;    4.7;   63.88;    8.9;    0.6;   -1.2;eor
       3527;20190411;-999;-999;-999;    3;   0.0;   0;-999;   0;  -999;   4.1;    -999;    2.7;   56.04;    7.6;   -0.9;   -2.7;eor
       3527;20190412;-999;-999;-999;    3;   0.0;   0;-999;   0;  -999;   4.3;    -999;    0.2;   70.08;    2.8;   -1.5;   -3.0;eor
       3527;20190413;-999;-999;-999;    3;   0.0;   0;-999;   0;  -999;   4.8;    -999;    0.2;   78.29;    3.4;   -2.0;   -2.6;eor
       3527;20190414;-999;-999;-999;    3;   0.0;   0;-999;   0;  -999;   5.6;    -999;    1.6;   82.42;    6.1;   -1.5;   -2.7;eor
       3527;20190415;-999;-999;-999;    3;   0.0;   0;-999;   0;  -999;   6.2;    -999;    7.1;   65.58;   13.1;    2.2;    1.7;eor
       3527;20190416;-999;-999;-999;    3;   0.0;   0;-999;   0;  -999;   5.7;    -999;    9.7;   48.58;   16.2;    2.9;    1.3;eor
       3527;20190417;-999;-999;-999;    3;   0.0;   0;-999;   0;  -999;   6.2;    -999;   11.3;   46.54;   15.5;    7.1;    6.5;eor
       3527;20190418;-999;-999;-999;    3;   0.0;   0;-999;   0;  -999;   7.1;    -999;   13.2;   48.17;   18.3;    7.8;    6.0;eor
       3527;20190419;-999;-999;-999;    3;   0.0;   0;-999;   0;  -999;   7.4;    -999;   14.9;   44.29;   21.0;    8.2;    6.6;eor
       3527;20190420;-999;-999;-999;    3;   0.0;   0;-999;   0;  -999;   6.9;    -999;   15.4;   41.00;   21.5;    9.9;    7.9;eor
       3527;20190421;-999;-999;-999;    3;   0.0;   0;-999;   0;  -999;   6.6;    -999;   15.1;   40.21;   21.3;    8.8;    7.0;eor
       3527;20190422;-999;-999;-999;    3;   0.0;   0;-999;   0;  -999;   6.6;    -999;   13.8;   43.08;   19.8;    7.8;    6.7;eor
       3527;20190423;-999;-999;-999;    3;   0.1;   4;-999;   0;  -999;   8.6;    -999;   12.9;   57.58;   19.7;    6.5;    5.2;eor
       3527;20190424;-999;-999;-999;    3;   2.6;   4;-999;   0;  -999;  10.1;    -999;   15.5;   60.54;   23.2;    5.7;    3.9;eor
       3527;20190425;-999;-999;-999;    3;   0.0;   0;-999;   0;  -999;   8.7;    -999;   13.8;   58.96;   21.5;    6.0;    4.2;eor
       3527;20190426;-999;-999;-999;    3;   9.9;   4;-999;   0;  -999;  10.0;    -999;    8.0;   93.13;   10.8;    6.1;    3.7;eor
       3527;20190427;-999;-999;-999;    3;   4.6;   4;-999;   0;  -999;   9.4;    -999;    6.7;   95.63;   11.1;    4.2;    3.7;eor
       3527;20190428;-999;-999;-999;    3;   0.0;   0;-999;   0;  -999;   7.4;    -999;    5.8;   82.38;   10.6;    2.5;    0.1;eor
       3527;20190429;-999;-999;-999;    3;   2.6;   4;-999;   0;  -999;   8.7;    -999;    6.7;   87.92;   11.2;    1.6;   -0.3;eor
       3527;20190430;-999;-999;-999;    3;   0.0;   0;-999;   0;  -999;   8.7;    -999;    9.8;   73.33;   14.9;    4.7;    3.7;eor
       3527;20190501;-999;-999;-999;    3;   0.0;   0;-999;-999;  -999;   9.7;    -999;   11.3;   72.83;   16.8;    4.9;    2.8;eor
       3527;20190502;-999;-999;-999;    3;   0.9;   4;-999;-999;  -999;   8.9;    -999;   10.0;   74.67;   15.2;    5.5;    3.7;eor
       3527;20190503;-999;-999;-999;    3;   8.4;   4;-999;-999;  -999;   7.1;    -999;    6.5;   73.63;   10.0;    3.6;    3.8;eor
       3527;20190504;-999;-999;-999;    3;   2.8;   4;-999;-999;  -999;   6.3;    -999;    2.5;   86.88;    6.9;   -0.3;   -0.9;eor
       3527;20190505;-999;-999;-999;    3;   0.0;   4;-999;-999;  -999;   6.0;    -999;    3.6;   76.42;    8.3;   -0.7;   -2.2;eor
       3527;20190506;-999;-999;-999;    3;   0.0;   4;-999;-999;  -999;   6.0;    -999;    4.7;   72.04;    8.4;    0.7;   -0.9;eor
       3527;20190507;-999;-999;-999;    3;   0.0;   0;-999;-999;  -999;   6.6;    -999;    6.2;   70.71;    9.4;    3.2;    2.6;eor
       3527;20190508;-999;-999;-999;    3;   4.7;   4;-999;-999;  -999;   8.9;    -999;    7.7;   83.38;   10.1;    5.2;    3.2;eor
       3527;20190509;-999;-999;-999;    3;   0.5;   4;-999;-999;  -999;  10.0;    -999;    8.1;   92.63;   10.4;    6.1;    5.8;eor
       3527;20190510;-999;-999;-999;    3;   4.1;   4;-999;-999;  -999;   9.7;    -999;    8.5;   88.75;   12.2;    6.5;    5.9;eor
       3527;20190511;-999;-999;-999;    3;  20.2;   4;-999;-999;  -999;   9.6;    -999;    6.8;   97.13;    8.2;    4.4;    3.8;eor
       3527;20190512;-999;-999;-999;    3;   0.0;   0;-999;-999;  -999;   7.0;    -999;    6.3;   74.92;   11.5;    3.0;    2.4;eor
       3527;20190513;-999;-999;-999;    3;   0.0;   0;-999;-999;  -999;   5.8;    -999;    7.2;   60.46;   13.0;    1.2;   -0.1;eor
       3527;20190514;-999;-999;-999;    3;   0.0;   0;-999;-999;  -999;   6.0;    -999;    7.2;   61.54;   11.8;    2.3;    0.6;eor
       3527;20190515;-999;-999;-999;    3;   0.0;   0;-999;-999;  -999;   5.5;    -999;    6.9;   56.63;   12.8;    1.5;   -0.8;eor
       3527;20190516;-999;-999;-999;    3;   2.4;   4;-999;-999;  -999;   7.8;    -999;    6.0;   83.33;    8.5;    5.0;    4.2;eor
       3527;20190517;-999;-999;-999;    3;   0.0;   0;-999;-999;  -999;   9.9;    -999;    9.4;   84.79;   15.2;    5.5;    5.3;eor
       3527;20190518;-999;-999;-999;    3;   0.0;   0;-999;-999;  -999;  10.4;    -999;   14.8;   63.96;   20.8;    8.0;    6.5;eor
       3527;20190519;-999;-999;-999;    3;   0.8;   4;-999;-999;  -999;  11.8;    -999;   15.1;   71.00;   22.2;    9.5;    8.1;eor
       3527;20190520;-999;-999;-999;    3;  69.6;   4;-999;-999;  -999;  14.2;    -999;   14.4;   86.38;   19.1;   11.8;   10.9;eor
       3527;20190521;-999;-999;-999;    3;   9.0;   4;-999;-999;  -999;  13.5;    -999;   11.5;   98.92;   12.4;   10.5;   10.3;eor
       3527;20190522;-999;-999;-999;    3;   0.0;   0;-999;-999;  -999;  10.9;    -999;   10.6;   86.00;   14.4;    5.9;    4.4;eor
       3527;20190523;-999;-999;-999;    3;   0.0;   0;-999;-999;  -999;  10.0;    -999;   12.5;   71.42;   18.3;    4.9;    3.3;eor
       3527;20190524;-999;-999;-999;    3;   0.0;   0;-999;-999;  -999;  10.3;    -999;   15.5;   60.75;   20.7;    8.8;    6.6;eor
       3527;20190525;-999;-999;-999;    3;   0.0;   0;-999;-999;  -999;  10.4;    -999;   12.7;   70.71;   17.1;    6.9;    5.3;eor
       3527;20190526;-999;-999;-999;    3;   0.1;   4;-999;-999;  -999;  10.5;    -999;   14.0;   67.38;   19.6;    6.2;    4.4;eor
       3527;20190527;-999;-999;-999;    3;   9.0;   4;-999;-999;  -999;  13.9;    -999;   12.9;   93.21;   14.9;    9.9;    9.3;eor
       3527;20190528;-999;-999;-999;    3;   4.2;   4;-999;-999;  -999;  11.6;    -999;   10.6;   90.33;   13.9;    8.0;    8.2;eor
       3527;20190529;-999;-999;-999;    3;   0.0;   0;-999;-999;  -999;   8.4;    -999;   10.7;   67.88;   16.0;    5.8;    5.6;eor
       3527;20190530;-999;-999;-999;    3;   0.0;   0;-999;-999;  -999;  11.3;    -999;   13.4;   73.42;   16.6;    8.6;    5.3;eor
       3527;20190531;-999;-999;-999;    3;   0.0;   0;-999;-999;  -999;  14.1;    -999;   16.0;   78.92;   21.4;   10.8;    8.5;eor
       3527;20190601;-999;-999;-999;    3;   0.0;   0;-999;-999;  -999;  14.4;    -999;   18.1;   71.29;   24.0;   10.7;    9.3;eor
       3527;20190602;-999;-999;-999;    3;   0.0;   0;-999;-999;  -999;  14.2;    -999;   21.8;   56.04;   27.2;   13.8;   11.4;eor
       3527;20190603;-999;-999;-999;    3;   5.5;   4;-999;-999;  -999;  16.0;    -999;   20.3;   70.17;   27.8;   12.8;   11.8;eor
       3527;20190604;-999;-999;-999;    3;   0.0;   0;-999;-999;  -999;  15.6;    -999;   20.0;   69.83;   26.4;   11.8;   10.9;eor
       3527;20190605;-999;-999;-999;    3;   0.2;   4;-999;-999;  -999;  16.1;    -999;   23.6;   55.46;   27.9;   18.3;   16.9;eor
       3527;20190606;-999;-999;-999;    3;   2.0;   4;-999;-999;  -999;  13.1;    -999;   13.2;   86.79;   21.8;    8.0;    6.5;eor
       3527;20190607;-999;-999;-999;    3;  10.1;   4;-999;-999;  -999;  12.7;    -999;   13.4;   82.88;   22.2;    5.8;    4.7;eor
       3527;20190608;-999;-999;-999;    3;   0.0;   0;-999;-999;  -999;   9.5;    -999;   12.2;   67.71;   15.9;    8.2;    6.1;eor
       3527;20190609;-999;-999;-999;    3;   0.0;   0;-999;-999;  -999;  10.9;    -999;   15.6;   63.25;   21.4;    6.8;    5.4;eor
       3527;20190610;-999;-999;-999;    3;   6.1;   4;-999;-999;  -999;  14.9;    -999;   17.2;   76.42;   22.0;   13.9;   12.3;eor
       3527;20190611;-999;-999;-999;    3;   0.4;   4;-999;-999;  -999;  15.4;    -999;   15.9;   86.17;   20.3;   12.7;   13.0;eor
       3527;20190612;-999;-999;-999;    3;  11.2;   4;-999;-999;  -999;  15.0;    -999;   13.8;   94.67;   16.5;   10.0;    8.4;eor
       3527;20190613;-999;-999;-999;    3;   0.0;   0;-999;-999;  -999;  11.7;    -999;   15.5;   67.92;   20.7;   10.5;    8.8;eor
       3527;20190614;-999;-999;-999;    3;   0.0;   0;-999;-999;  -999;  13.8;    -999;   19.1;   62.38;   23.7;   14.1;   11.9;eor
       3527;20190615;-999;-999;-999;    3;   0.6;   4;-999;-999;  -999;  14.5;    -999;   18.1;   69.96;   22.3;   12.1;   10.5;eor
       3527;20190616;-999;-999;-999;    3;   1.3;   4;-999;-999;  -999;  14.6;    -999;   15.4;   83.83;   19.1;   11.0;    9.6;eor
       3527;20190617;-999;-999;-999;    3;   0.0;   0;-999;-999;  -999;  13.9;    -999;   18.1;   69.13;   24.2;    9.9;    8.4;eor
       3527;20190618;-999;-999;-999;    3;   0.0;   0;-999;-999;  -999;  15.2;    -999;   21.4;   60.38;   26.4;   17.0;   14.9;eor
       3527;20190619;-999;-999;-999;    3;   0.9;   4;-999;-999;  -999;  16.1;    -999;   22.9;   59.17;   28.2;   16.0;   14.3;eor
       3527;20190620;-999;-999;-999;    3;   1.2;   4;-999;-999;  -999;  16.5;    -999;   17.9;   81.67;   23.4;   14.1;   13.5;eor
       3527;20190621;-999;-999;-999;    3;   0.0;   0;-999;-999;  -999;  13.2;    -999;   16.7;   71.54;   21.5;   11.9;   11.0;eor
       3527;20190622;-999;-999;-999;    3;   0.0;   0;-999;-999;  -999;  13.6;    -999;   18.2;   64.79;   23.4;   12.6;   11.7;eor
       3527;20190623;-999;-999;-999;    3;   0.0;   0;-999;-999;  -999;  13.0;    -999;   20.9;   54.08;   25.9;   15.1;   14.3;eor
       3527;20190624;-999;-999;-999;    3;   0.0;   0;-999;-999;  -999;  15.4;    -999;   22.8;   56.50;   28.3;   16.7;   15.0;eor
       3527;20190625;-999;-999;-999;    3;   0.0;   0;-999;-999;  -999;  16.8;    -999;   25.4;   52.67;   31.0;   20.3;   18.4;eor
       3527;20190626;-999;-999;-999;    3;   0.0;   0;-999;-999;  -999;  21.0;    -999;   26.2;   62.79;   32.5;   18.6;   17.6;eor
       3527;20190627;-999;-999;-999;    3;   0.0;   0;-999;-999;  -999;  13.2;    -999;   18.6;   64.04;   23.6;   12.9;   12.0;eor
       3527;20190628;-999;-999;-999;    3;   0.0;   0;-999;-999;  -999;  11.7;    -999;   16.5;   65.33;   23.8;   10.0;    9.4;eor
       3527;20190629;-999;-999;-999;    3;   0.0;   0;-999;-999;  -999;  11.6;    -999;   22.1;   46.71;   29.7;   13.5;   11.0;eor
       3527;20190630;-999;-999;-999;    3;   0.0;   0;-999;-999;  -999;  15.3;    -999;   26.6;   44.46;   34.0;   19.5;   15.9;eor
       3527;20190701;-999;-999;-999;    3;   0.2;   4;-999;-999;  -999;  13.4;    -999;   20.1;   57.58;   25.2;   13.9;   13.0;eor
       3527;20190702;-999;-999;-999;    3;   0.0;   0;-999;-999;  -999;  10.5;    -999;   14.8;   63.58;   20.5;    8.7;    7.1;eor
       3527;20190703;-999;-999;-999;    3;   0.0;   0;-999;-999;  -999;   9.3;    -999;   14.5;   57.63;   19.7;    9.6;    8.3;eor
       3527;20190704;-999;-999;-999;    3;   0.0;   0;-999;-999;  -999;   9.0;    -999;   15.5;   52.75;   21.7;    8.7;    7.7;eor
       3527;20190705;-999;-999;-999;    3;   0.0;   0;-999;-999;  -999;  11.4;    -999;   18.2;   55.79;   24.3;   12.6;   11.8;eor
       3527;20190706;-999;-999;-999;    3;   0.2;   4;-999;-999;  -999;  11.8;    -999;   18.8;   57.71;   26.8;   12.3;   10.8;eor
       3527;20190707;-999;-999;-999;    3;   0.0;   0;-999;-999;  -999;   9.9;    -999;   13.4;   65.83;   18.0;    7.5;    5.9;eor
       3527;20190708;-999;-999;-999;    3;   0.0;   0;-999;-999;  -999;   9.4;    -999;   11.5;   70.04;   15.6;    5.6;    4.1;eor
       3527;20190709;-999;-999;-999;    3;   0.0;   0;-999;-999;  -999;   9.7;    -999;   11.4;   72.79;   16.0;    7.7;    5.5;eor
       3527;20190710;-999;-999;-999;    3;   0.2;   4;-999;-999;  -999;  10.2;    -999;   14.7;   64.04;   21.9;    6.3;    4.8;eor
       3527;20190711;-999;-999;-999;    3;   5.2;   4;-999;-999;  -999;  14.3;    -999;   13.7;   90.96;   15.0;   12.3;   11.7;eor
       3527;20190712;-999;-999;-999;    3;  36.1;   4;-999;-999;  -999;  15.7;    -999;   14.9;   93.00;   22.0;   12.1;   12.1;eor
       3527;20190713;-999;-999;-999;    3;   2.3;   4;-999;-999;  -999;  14.8;    -999;   13.5;   95.63;   15.8;   11.3;   10.7;eor
       3527;20190714;-999;-999;-999;    3;   0.0;   0;-999;-999;  -999;  12.8;    -999;   12.0;   91.13;   14.6;   10.1;    9.4;eor
       3527;20190715;-999;-999;-999;    3;   0.0;   0;-999;-999;  -999;  12.1;    -999;   12.1;   85.88;   14.0;    7.7;    6.3;eor
       3527;20190716;-999;-999;-999;    3;   0.0;   0;-999;-999;  -999;  12.3;    -999;   12.7;   84.42;   19.6;    6.7;    5.7;eor
       3527;20190717;-999;-999;-999;    3;   0.0;   0;-999;-999;  -999;  13.1;    -999;   13.7;   84.04;   17.9;   10.7;    9.2;eor
       3527;20190718;-999;-999;-999;    3;   2.5;   4;-999;-999;  -999;  13.2;    -999;   17.4;   69.33;   23.9;    9.4;    8.1;eor
       3527;20190719;-999;-999;-999;    3;   0.7;   4;-999;-999;  -999;  15.7;    -999;   16.7;   83.33;   21.8;   13.3;   11.9;eor
       3527;20190720;-999;-999;-999;    3;  13.4;   4;-999;-999;  -999;  16.5;    -999;   19.6;   74.50;   27.1;   13.5;   11.5;eor
       3527;20190721;-999;-999;-999;    3;   0.0;   0;-999;-999;  -999;  15.3;    -999;   18.2;   75.25;   23.0;   12.9;   11.6;eor
       3527;20190722;-999;-999;-999;    3;   0.0;   0;-999;-999;  -999;  14.2;    -999;   19.3;   66.08;   26.4;   11.9;   10.5;eor
       3527;20190723;-999;-999;-999;    3;   0.0;   0;-999;-999;  -999;  15.8;    -999;   23.4;   57.21;   30.2;   15.1;   13.4;eor
       3527;20190724;-999;-999;-999;    3;   0.0;   0;-999;-999;  -999;  16.5;    -999;   27.0;   47.13;   33.4;   21.0;   19.2;eor
       3527;20190725;-999;-999;-999;    3;   0.0;   0;-999;-999;  -999;  15.4;    -999;   28.6;   40.58;   34.8;   20.7;   18.7;eor
       3527;20190726;-999;-999;-999;    3;   0.0;   0;-999;-999;  -999;  13.9;    -999;   26.3;   40.92;   32.1;   21.5;   20.2;eor
       3527;20190727;-999;-999;-999;    3;  19.3;   4;-999;-999;  -999;  13.9;    -999;   23.1;   49.33;   28.7;   18.6;   18.0;eor
       3527;20190728;-999;-999;-999;    3;  12.4;   4;-999;-999;  -999;  17.3;    -999;   19.9;   74.75;   23.5;   14.6;   14.5;eor
       3527;20190729;-999;-999;-999;    3;   0.1;   4;-999;-999;  -999;  18.2;    -999;   17.6;   90.63;   20.4;   14.9;   14.0;eor
       3527;20190730;-999;-999;-999;    3;   4.1;   4;-999;-999;  -999;  16.5;    -999;   20.3;   72.42;   27.0;   14.6;   13.7;eor
       3527;20190731;-999;-999;-999;    3;   0.0;   0;-999;-999;  -999;  13.7;    -999;   18.3;   66.92;   22.7;   11.9;   10.7;eor
       3527;20190801;-999;-999;-999;    3;   0.0;   0;-999;-999;  -999;  12.5;    -999;   16.9;   66.42;   22.1;   10.9;    9.7;eor
       3527;20190802;-999;-999;-999;    3;   8.6;   4;-999;-999;  -999;  14.8;    -999;   17.5;   74.79;   22.7;   13.9;   13.1;eor
       3527;20190803;-999;-999;-999;    3;   0.0;   0;-999;-999;  -999;  15.0;    -999;   16.7;   79.58;   21.5;   13.5;   13.1;eor
       3527;20190804;-999;-999;-999;    3;   0.0;   0;-999;-999;  -999;  14.3;    -999;   18.0;   71.08;   23.7;   12.1;   10.9;eor
       3527;20190805;-999;-999;-999;    3;   0.3;   4;-999;-999;  -999;  14.4;    -999;   20.2;   60.96;   24.1;   14.7;   13.2;eor
       3527;20190806;-999;-999;-999;    3;   1.0;   4;-999;-999;  -999;  16.3;    -999;   18.2;   77.75;   21.0;   13.6;   11.9;eor
       3527;20190807;-999;-999;-999;    3;   1.9;   4;-999;-999;  -999;  16.8;    -999;   16.4;   90.25;   18.8;   13.5;   11.8;eor
       3527;20190808;-999;-999;-999;    3;   3.3;   4;-999;-999;  -999;  15.6;    -999;   16.5;   84.38;   21.7;   13.1;   11.3;eor
       3527;20190809;-999;-999;-999;    3;  10.0;   4;-999;-999;  -999;  17.4;    -999;   19.4;   78.46;   25.2;   13.0;   11.5;eor
       3527;20190810;-999;-999;-999;    3;   0.0;   0;-999;-999;  -999;  15.9;    -999;   18.7;   74.04;   21.9;   15.9;   13.0;eor
       3527;20190811;-999;-999;-999;    3;   1.3;   4;-999;-999;  -999;  12.6;    -999;   17.4;   65.08;   23.3;   12.5;   11.6;eor
       3527;20190812;-999;-999;-999;    3;   5.8;   4;-999;-999;  -999;  13.1;    -999;   14.7;   80.46;   20.3;   10.8;    9.6;eor
       3527;20190813;-999;-999;-999;    3;   0.1;   4;-999;-999;  -999;  11.7;    -999;   13.5;   78.21;   18.1;   10.2;    8.4;eor
       3527;20190814;-999;-999;-999;    3;   0.5;   4;-999;-999;  -999;  10.1;    -999;   13.9;   66.83;   19.3;    8.3;    6.8;eor
       3527;20190815;-999;-999;-999;    3;  25.6;   4;-999;-999;  -999;  14.8;    -999;   14.5;   89.25;   18.9;   13.1;   11.8;eor
       3527;20190816;-999;-999;-999;    3;   0.0;   0;-999;-999;  -999;  13.6;    -999;   15.2;   80.25;   19.7;   11.7;   11.9;eor
       3527;20190817;-999;-999;-999;    3;   5.4;   4;-999;-999;  -999;  14.6;    -999;   16.6;   77.88;   18.9;   14.9;   14.3;eor
       3527;20190818;-999;-999;-999;    3;   0.2;   4;-999;-999;  -999;  18.1;    -999;   17.8;   88.96;   23.4;   14.7;   13.4;eor
       3527;20190819;-999;-999;-999;    3;   0.0;   0;-999;-999;  -999;  12.6;    -999;   15.8;   72.25;   21.1;   10.8;    9.3;eor
       3527;20190820;-999;-999;-999;    3;   0.0;   0;-999;-999;  -999;  10.8;    -999;   13.9;   69.17;   17.8;    9.1;    7.6;eor
       3527;20190821;-999;-999;-999;    3;   0.0;   0;-999;-999;  -999;  10.5;    -999;   14.6;   66.17;   20.9;    7.5;    5.9;eor
       3527;20190822;-999;-999;-999;    3;   0.0;   0;-999;-999;  -999;  11.0;    -999;   17.0;   58.46;   23.8;   11.0;    8.5;eor
       3527;20190823;-999;-999;-999;    3;   0.0;   0;-999;-999;  -999;  10.7;    -999;   18.6;   52.83;   25.9;   10.7;    8.4;eor
       3527;20190824;-999;-999;-999;    3;   0.0;   0;-999;-999;  -999;  13.7;    -999;   20.4;   57.46;   26.4;   12.9;   10.7;eor
       3527;20190825;-999;-999;-999;    3;   0.0;   0;-999;-999;  -999;  18.3;    -999;   22.9;   66.58;   29.2;   17.9;   16.6;eor
       3527;20190826;-999;-999;-999;    3;   0.0;   0;-999;-999;  -999;  17.5;    -999;   23.4;   62.54;   29.4;   17.5;   15.9;eor
       3527;20190827;-999;-999;-999;    3;   0.3;   4;-999;-999;  -999;  18.1;    -999;   22.6;   66.83;   28.0;   17.1;   15.5;eor
       3527;20190828;-999;-999;-999;    3;   0.0;   0;-999;-999;  -999;  16.6;    -999;   23.1;   60.58;   29.2;   18.6;   16.5;eor
       3527;20190829;-999;-999;-999;    3;   0.2;   4;-999;-999;  -999;  17.8;    -999;   20.9;   72.33;   26.1;   16.3;   14.6;eor
       3527;20190830;-999;-999;-999;    3;   0.0;   0;-999;-999;  -999;  17.0;    -999;   20.5;   71.88;   26.3;   16.6;   14.8;eor
       3527;20190831;-999;-999;-999;    3;   0.1;   4;-999;-999;  -999;  16.9;    -999;   23.3;   60.88;   29.5;   16.0;   14.1;eor
       3527;20190901;-999;-999;-999;    3;   0.2;   4;-999;-999;  -999;  15.1;    -999;   16.3;   81.33;   22.6;    9.3;    7.7;eor
       3527;20190902;-999;-999;-999;    3;   0.0;   0;-999;-999;  -999;   9.8;    -999;   12.4;   70.21;   18.2;    7.8;    5.8;eor
       3527;20190903;-999;-999;-999;    3;   0.0;   0;-999;-999;  -999;   9.9;    -999;   14.4;   62.04;   21.1;    6.7;    5.0;eor
       3527;20190904;-999;-999;-999;    3;   0.2;   4;-999;-999;  -999;  12.3;    -999;   16.0;   69.33;   22.1;    9.5;    8.0;eor
       3527;20190905;-999;-999;-999;    3;   0.0;   0;-999;-999;  -999;  11.3;    -999;   12.8;   77.50;   18.0;    7.8;    6.3;eor
       3527;20190906;-999;-999;-999;    3;   0.0;   0;-999;-999;  -999;   8.6;    -999;   11.3;   66.96;   17.9;    4.3;    2.7;eor
       3527;20190907;-999;-999;-999;    3;   0.3;   4;-999;-999;  -999;  10.1;    -999;   10.6;   78.96;   14.6;    6.6;    5.1;eor
       3527;20190908;-999;-999;-999;    3;   0.0;   4;-999;-999;  -999;  11.3;    -999;   11.4;   84.25;   15.5;    7.2;    6.3;eor
       3527;20190909;-999;-999;-999;    3;   2.2;   4;-999;-999;  -999;  11.6;    -999;   10.5;   90.92;   14.1;    5.8;    4.4;eor
       3527;20190910;-999;-999;-999;    3;   0.0;   0;-999;-999;  -999;   9.6;    -999;   10.9;   76.17;   17.6;    4.9;    3.5;eor
       3527;20190911;-999;-999;-999;    3;   2.0;   4;-999;-999;  -999;  10.2;    -999;   12.8;   70.71;   19.1;    5.9;    3.8;eor
       3527;20190912;-999;-999;-999;    3;   0.0;   0;-999;-999;  -999;  14.8;    -999;   15.0;   86.75;   19.2;   11.6;   10.8;eor
       3527;20190913;-999;-999;-999;    3;   0.0;   0;-999;-999;  -999;  15.0;    -999;   15.1;   87.25;   19.7;   10.1;    8.8;eor
       3527;20190914;-999;-999;-999;    3;   0.0;   0;-999;-999;  -999;  10.3;    -999;   13.3;   69.29;   20.2;    8.2;    6.7;eor
       3527;20190915;-999;-999;-999;    3;   0.0;   0;-999;-999;  -999;   9.9;    -999;   16.0;   57.63;   23.5;    8.4;    5.9;eor
       3527;20190916;-999;-999;-999;    3;   0.5;   4;-999;-999;  -999;  13.4;    -999;   13.3;   87.46;   16.2;    9.5;    8.5;eor
       3527;20190917;-999;-999;-999;    3;   0.0;   0;-999;-999;  -999;   9.6;    -999;   10.5;   77.21;   16.0;    5.2;    3.8;eor
       3527;20190918;-999;-999;-999;    3;   0.0;   0;-999;-999;  -999;   8.2;    -999;    9.0;   73.13;   14.4;    2.8;    1.0;eor
       3527;20190919;-999;-999;-999;    3;   0.0;   0;-999;-999;  -999;   7.6;    -999;    8.1;   71.58;   13.3;    2.6;    0.4;eor
       3527;20190920;-999;-999;-999;    3;   0.0;   0;-999;-999;  -999;   7.4;    -999;    9.5;   64.42;   16.8;    3.2;    1.0;eor
       3527;20190921;-999;-999;-999;    3;   0.0;   0;-999;-999;  -999;   8.2;    -999;   14.0;   53.04;   21.2;    4.8;    2.9;eor
       3527;20190922;-999;-999;-999;    3;   0.0;   0;-999;-999;  -999;  10.2;    -999;   16.6;   54.71;   23.1;   12.4;   10.3;eor
       3527;20190923;-999;-999;-999;    3;   2.3;   4;-999;-999;  -999;  14.0;    -999;   13.1;   92.33;   14.5;   12.2;   10.3;eor
       3527;20190924;-999;-999;-999;    3;   2.2;   4;-999;-999;  -999;  13.4;    -999;   12.9;   90.17;   16.1;   10.2;    9.4;eor
       3527;20190925;-999;-999;-999;    3;   2.4;   4;-999;-999;  -999;  13.7;    -999;   12.7;   93.46;   15.6;   11.6;   11.1;eor
       3527;20190926;-999;-999;-999;    3;   9.2;   4;-999;-999;  -999;  15.1;    -999;   13.2;   98.67;   14.6;   11.9;   11.8;eor
       3527;20190927;-999;-999;-999;    3;   4.4;   4;-999;-999;  -999;  14.3;    -999;   12.9;   96.13;   15.6;   11.0;   10.5;eor
       3527;20190928;-999;-999;-999;    3;   0.9;   4;-999;-999;  -999;  12.9;    -999;   12.3;   90.13;   14.8;   10.4;    9.3;eor
       3527;20190929;-999;-999;-999;    3;   4.3;   4;-999;-999;  -999;  13.2;    -999;   12.7;   89.54;   15.0;   10.7;    9.7;eor
       3527;20190930;-999;-999;-999;    3;   4.0;   4;-999;-999;  -999;  12.0;    -999;   11.2;   90.21;   12.9;    8.8;    6.7;eor
       3527;20191001;-999;-999;-999;    3;   7.6;   4;-999;   0;  -999;  13.9;    -999;   12.4;   96.21;   14.8;   10.1;    8.8;eor
       3527;20191002;-999;-999;-999;    3;   1.4;   4;-999;   0;  -999;  10.1;    -999;    8.4;   89.71;   12.8;    4.6;    3.3;eor
       3527;20191003;-999;-999;-999;    3;   0.8;   4;-999;   0;  -999;   9.8;    -999;    7.7;   93.50;   10.7;    5.8;    5.1;eor
       3527;20191004;-999;-999;-999;    3;   6.8;   4;-999;   0;  -999;  10.1;    -999;    7.5;   97.50;    9.0;    6.4;    5.8;eor
       3527;20191005;-999;-999;-999;    3;   0.2;   4;-999;   0;  -999;   9.2;    -999;    6.6;   93.50;    8.9;    4.1;    2.7;eor
       3527;20191006;-999;-999;-999;    3;   2.8;   4;-999;   0;  -999;   7.9;    -999;    5.5;   87.46;    7.7;    4.1;    2.8;eor
       3527;20191007;-999;-999;-999;    3;   0.3;   4;-999;   0;  -999;   9.0;    -999;    7.2;   88.54;   10.6;    4.1;    3.5;eor
       3527;20191008;-999;-999;-999;    3;  12.8;   4;-999;   0;  -999;  12.0;    -999;    9.6;  100.00;   10.7;    7.9;    7.8;eor
       3527;20191009;-999;-999;-999;    3;   5.9;   4;-999;   0;  -999;  11.1;    -999;    8.8;   97.79;   10.7;    7.5;    7.2;eor
       3527;20191010;-999;-999;-999;    3;   0.1;   4;-999;   0;  -999;  10.1;    -999;    8.0;   94.46;   11.0;    6.8;    5.6;eor
       3527;20191011;-999;-999;-999;    3;   0.0;   0;-999;   0;  -999;  11.7;    -999;   10.5;   91.75;   13.2;    7.6;    6.3;eor
       3527;20191012;-999;-999;-999;    3;   0.0;   0;-999;   0;  -999;  13.1;    -999;   14.3;   80.08;   17.9;   10.9;    9.2;eor
       3527;20191013;-999;-999;-999;    3;   0.0;   0;-999;   0;  -999;  15.4;    -999;   17.6;   77.46;   21.9;   14.1;   12.5;eor
       3527;20191014;-999;-999;-999;    3;   0.0;   0;-999;   0;  -999;  13.8;    -999;   17.4;   70.25;   21.9;   13.0;   11.0;eor
       3527;20191015;-999;-999;-999;    3;  11.2;   4;-999;   0;  -999;  14.6;    -999;   16.4;   79.00;   21.2;   11.2;   11.3;eor
       3527;20191016;-999;-999;-999;    3;   0.4;   4;-999;   0;  -999;  11.7;    -999;   10.2;   94.33;   12.4;    8.7;    8.9;eor
       3527;20191017;-999;-999;-999;    3;  11.1;   4;-999;   0;  -999;  12.6;    -999;   12.0;   89.79;   13.4;   10.5;    9.7;eor
       3527;20191018;-999;-999;-999;    3;   4.1;   4;-999;   0;  -999;  11.9;    -999;   10.8;   91.00;   14.4;    7.8;    5.5;eor
       3527;20191019;-999;-999;-999;    3;   0.2;   4;-999;   0;  -999;  11.6;    -999;   10.8;   88.88;   13.4;    8.0;    6.5;eor
       3527;20191020;-999;-999;-999;    3;   0.9;   4;-999;   0;  -999;  13.6;    -999;   13.3;   89.58;   15.5;   11.3;   11.0;eor
       3527;20191021;-999;-999;-999;    3;   0.1;   4;-999;   0;  -999;  13.2;    -999;   13.3;   86.25;   15.5;   10.4;   10.0;eor
       3527;20191022;-999;-999;-999;    3;   0.0;   0;-999;   0;  -999;  10.6;    -999;    9.7;   88.88;   13.9;    6.5;    5.0;eor
       3527;20191023;-999;-999;-999;    3;   0.0;   0;-999;   0;  -999;  12.5;    -999;   10.5;   97.58;   13.3;    7.6;    6.9;eor
       3527;20191024;-999;-999;-999;    3;   0.0;   0;-999;   0;  -999;  13.2;    -999;   12.1;   93.88;   14.9;    9.8;    7.8;eor
       3527;20191025;-999;-999;-999;    3;   0.0;   0;-999;   0;  -999;  11.6;    -999;   11.6;   85.13;   14.2;    9.7;    7.6;eor
       3527;20191026;-999;-999;-999;    3;   0.0;   0;-999;   0;  -999;  11.9;    -999;   12.2;   83.67;   15.6;    9.4;    7.8;eor
       3527;20191027;-999;-999;-999;    3;   9.0;   4;-999;   0;  -999;  10.1;    -999;    8.3;   92.25;   13.5;    2.7;    0.8;eor
       3527;20191028;-999;-999;-999;    3;   0.0;   0;-999;   0;  -999;   7.5;    -999;    4.0;   92.71;    8.5;   -0.2;   -1.4;eor
       3527;20191029;-999;-999;-999;    3;   0.0;   0;-999;   0;  -999;   7.4;    -999;    4.6;   87.42;    7.9;    2.1;    0.7;eor
       3527;20191030;-999;-999;-999;    3;   0.0;   0;-999;   0;  -999;   6.3;    -999;    2.4;   87.38;    6.0;   -0.5;   -1.9;eor
       3527;20191031;-999;-999;-999;    3;   0.0;   0;-999;   0;  -999;   5.4;    -999;    1.5;   80.00;    6.7;   -1.5;   -2.9;eor
       3527;20191101;-999;-999;-999;    3;   3.7;   4;-999;   0;  -999;   7.3;    -999;    2.5;   97.46;    8.1;   -1.1;   -2.2;eor
       3527;20191102;-999;-999;-999;    3;   4.1;   4;-999;   0;  -999;  12.2;    -999;   10.9;   93.46;   12.9;    8.1;    7.8;eor
       3527;20191103;-999;-999;-999;    3;   2.5;   4;-999;   0;  -999;  11.4;    -999;    9.3;   96.75;   11.0;    7.6;    7.3;eor
       3527;20191104;-999;-999;-999;    3;   2.7;   4;-999;   0;  -999;  10.5;    -999;    7.9;   98.88;    8.9;    6.9;    5.3;eor
       3527;20191105;-999;-999;-999;    3;   0.4;   4;-999;   0;  -999;   9.1;    -999;    6.4;   95.17;    8.2;    4.2;    2.1;eor
       3527;20191106;-999;-999;-999;    3;   5.8;   4;-999;   0;  -999;   9.3;    -999;    5.9;  100.00;    6.3;    5.1;    5.2;eor
       3527;20191107;-999;-999;-999;    3;   0.3;   4;-999;   0;  -999;   8.9;    -999;    6.2;   93.79;    8.0;    4.0;    2.6;eor
       3527;20191108;-999;-999;-999;    3;  13.2;   4;-999;   0;  -999;   7.6;    -999;    3.9;   94.04;    5.8;    1.9;    1.6;eor
       3527;20191109;-999;-999;-999;    3;   0.0;   0;-999;   0;  -999;   7.3;    -999;    2.9;   96.71;    4.7;    1.3;   -0.6;eor
       3527;20191110;-999;-999;-999;    3;   0.0;   0;-999;   0;  -999;   6.8;    -999;    1.9;   97.17;    6.0;   -0.5;   -1.8;eor
       3527;20191111;-999;-999;-999;    3;   0.1;   4;-999;   0;  -999;   6.0;    -999;    0.3;   96.33;    1.8;   -1.2;   -0.8;eor
       3527;20191112;-999;-999;-999;    3;   2.2;   4;-999;   0;  -999;   6.8;    -999;    2.4;   94.04;    4.2;    1.0;    0.7;eor
       3527;20191113;-999;-999;-999;    3;   0.1;   4;-999;   0;  -999;   6.7;    -999;    1.6;   97.63;    2.3;   -0.1;   -1.7;eor
       3527;20191114;-999;-999;-999;    3;   0.0;   0;-999;   0;  -999;   6.3;    -999;    2.9;   84.50;    5.6;    0.2;   -0.7;eor
       3527;20191115;-999;-999;-999;    3;   8.3;   4;-999;   0;  -999;   6.6;    -999;    2.2;   92.08;    4.7;    0.1;   -0.5;eor
       3527;20191116;-999;-999;-999;    3;   0.0;   0;-999;   1;  -999;   6.7;    -999;    1.5;   98.21;    3.6;    0.1;   -1.6;eor
       3527;20191117;-999;-999;-999;    3;   0.9;   4;-999;   0;  -999;   7.3;    -999;    2.7;   97.88;    3.6;    0.7;   -0.6;eor
       3527;20191118;-999;-999;-999;    3;   2.8;   4;-999;   0;  -999;   7.3;    -999;    2.4;   99.79;    3.6;    0.2;    0.0;eor
       3527;20191119;-999;-999;-999;    3;   0.0;   0;-999;   0;  -999;   6.6;    -999;    1.6;   96.42;    3.6;   -0.5;   -2.1;eor
       3527;20191120;-999;-999;-999;    3;   0.1;   4;-999;   0;  -999;   6.3;    -999;    0.8;   97.88;    1.7;   -0.6;   -1.6;eor
       3527;20191121;-999;-999;-999;    3;   0.0;   0;-999;   0;  -999;   7.2;    -999;    2.4;   99.38;    3.3;    1.1;    0.1;eor
       3527;20191122;-999;-999;-999;    3;   0.0;   0;-999;   0;  -999;   7.0;    -999;    1.9;   99.63;    3.3;    0.8;   -0.5;eor
       3527;20191123;-999;-999;-999;    3;   0.0;   0;-999;   0;  -999;   7.5;    -999;    4.5;   89.13;    8.3;    1.6;    0.7;eor
       3527;20191124;-999;-999;-999;    3;   0.0;   0;-999;   0;  -999;   7.6;    -999;    4.1;   92.54;    8.1;    0.7;   -0.7;eor
       3527;20191125;-999;-999;-999;    3;   0.3;   4;-999;   0;  -999;   7.4;    -999;    2.6;   99.96;    4.4;    0.8;   -0.7;eor
       3527;20191126;-999;-999;-999;    3;   0.2;   4;-999;   0;  -999;   8.9;    -999;    5.7;   97.33;    7.4;    3.4;    3.4;eor
       3527;20191127;-999;-999;-999;    3;   3.8;   4;-999;   0;  -999;   9.2;    -999;    7.0;   91.54;    8.5;    5.1;    4.5;eor
       3527;20191128;-999;-999;-999;    3;   7.1;   4;-999;   0;  -999;   8.8;    -999;    6.9;   88.96;    7.7;    6.0;    5.6;eor
       3527;20191129;-999;-999;-999;    3;   0.7;   4;-999;   0;  -999;   6.6;    -999;    3.3;   84.96;    6.2;    1.2;    0.4;eor
       3527;20191130;-999;-999;-999;    3;   0.0;   0;-999;   0;  -999;   5.6;    -999;    0.8;   87.13;    4.4;   -2.6;   -4.1;eor
       3527;20191201;-999;-999;-999;    3;   0.0;   0;-999;   0;  -999;   4.7;    -999;   -1.0;   83.17;    0.2;   -2.7;   -4.3;eor
       3527;20191202;-999;-999;-999;    3;   0.9;   4;-999;   0;  -999;   5.5;    -999;    0.2;   88.38;    2.2;   -1.8;   -3.5;eor
       3527;20191203;-999;-999;-999;    3;   0.1;   4;-999;   0;  -999;   6.7;    -999;    1.8;   96.25;    2.8;    0.4;   -1.4;eor
       3527;20191204;-999;-999;-999;    3;   0.0;   0;-999;   0;  -999;   5.5;    -999;    0.7;   85.71;    4.2;   -1.7;   -3.7;eor
       3527;20191205;-999;-999;-999;    3;   0.0;   0;-999;   0;  -999;   4.8;    -999;   -1.1;   85.63;    1.4;   -3.2;   -4.4;eor
       3527;20191206;-999;-999;-999;    3;   1.8;   4;-999;   0;  -999;   5.5;    -999;   -0.9;   94.21;    3.0;   -3.8;   -4.2;eor
       3527;20191207;-999;-999;-999;    3;   0.5;   4;-999;   0;  -999;   8.0;    -999;    4.7;   93.17;    6.0;    2.9;    2.6;eor
       3527;20191208;-999;-999;-999;    3;   2.1;   4;-999;   0;  -999;   8.3;    -999;    5.8;   89.33;    7.5;    4.3;    3.0;eor
       3527;20191209;-999;-999;-999;    3;   4.6;   4;-999;   0;  -999;   7.2;    -999;    3.9;   89.33;    4.8;    1.8;    0.8;eor
       3527;20191210;-999;-999;-999;    3;   0.0;   0;-999;   0;  -999;   5.5;    -999;    0.4;   88.25;    1.9;   -1.1;   -3.0;eor
       3527;20191211;-999;-999;-999;    3;   9.6;   4;-999;   0;  -999;   5.2;    -999;    0.1;   85.04;    0.9;   -0.9;   -0.9;eor
       3527;20191212;-999;-999;-999;    3;   0.5;   4;-999;   5;  -999;   6.1;    -999;    0.4;   96.17;    1.4;   -0.9;   -2.3;eor
       3527;20191213;-999;-999;-999;    3;   4.2;   4;-999;   2;  -999;   5.7;    -999;   -0.1;   93.04;    1.8;   -1.5;   -2.7;eor
       3527;20191214;-999;-999;-999;    3;   7.2;   4;-999;   3;  -999;   6.5;    -999;    2.3;   90.50;    3.7;    0.4;    0.0;eor
       3527;20191215;-999;-999;-999;    3;   2.1;   4;-999;   0;  -999;   7.4;    -999;    4.7;   86.25;    7.2;    2.9;    0.2;eor
       3527;20191216;-999;-999;-999;    3;   3.2;   4;-999;   0;  -999;   8.9;    -999;    6.6;   91.58;    8.9;    3.8;    2.5;eor
       3527;20191217;-999;-999;-999;    3;   1.4;   4;-999;   0;  -999;   8.1;    -999;   10.6;   63.33;   13.4;    8.1;    6.4;eor
       3527;20191218;-999;-999;-999;    3;   0.0;   4;-999;   0;  -999;   8.8;    -999;    6.7;   89.58;   10.3;    3.4;    0.8;eor
       3527;20191219;-999;-999;-999;    3;   0.0;   0;-999;   0;  -999;   8.2;    -999;    7.9;   77.29;    9.6;    3.5;    1.3;eor
       3527;20191220;-999;-999;-999;    3;   1.2;   4;-999;   0;  -999;   7.7;    -999;    7.1;   76.54;    9.6;    4.9;    1.2;eor
       3527;20191221;-999;-999;-999;    3;   0.1;   4;-999;   0;  -999;   7.6;    -999;    4.8;   88.17;    7.8;    2.7;    0.6;eor
       3527;20191222;-999;-999;-999;    3;   3.8;   4;-999;   0;  -999;   7.9;    -999;    4.2;   94.79;    5.8;    2.7;    2.3;eor
       3527;20191223;-999;-999;-999;    3;   1.0;   4;-999;   0;  -999;   7.7;    -999;    4.1;   94.00;    5.7;    3.3;    2.8;eor
       3527;20191224;-999;-999;-999;    3;   7.6;   4;-999;   0;  -999;   7.7;    -999;    3.9;   95.67;    5.0;    3.1;    2.7;eor
       3527;20191225;-999;-999;-999;    3;   4.1;   4;-999;   0;  -999;   7.8;    -999;    3.8;   96.17;    4.9;    1.3;    0.0;eor
       3527;20191226;-999;-999;-999;    3;   0.0;   0;-999;   0;  -999;   6.2;    -999;    1.9;   89.38;    4.1;    1.2;    0.1;eor
       3527;20191227;-999;-999;-999;    3;   0.0;   0;-999;   0;  -999;   5.6;    -999;    0.8;   86.29;    3.4;   -2.7;   -4.3;eor
       3527;20191228;-999;-999;-999;    3;   0.0;   0;-999;   0;  -999;   4.4;    -999;   -1.3;   79.50;    1.1;   -3.1;   -5.0;eor
       3527;20191229;-999;-999;-999;    3;   0.0;   0;-999;   0;  -999;   4.0;    -999;   -1.4;   72.58;    1.2;   -4.1;   -6.1;eor
       3527;20191230;-999;-999;-999;    3;   0.0;   0;-999;   0;  -999;   3.1;    -999;    2.0;   45.58;    5.6;   -1.8;   -3.8;eor
       3527;20191231;-999;-999;-999;    3;   0.0;   0;-999;   0;  -999;   4.9;    -999;    0.7;   76.38;    2.1;   -2.1;   -3.8;eor
       3527;20200101;-999;-999;-999;    3;   0.0;   0;-999;   0;  -999;   4.7;    -999;   -0.1;   78.21;    3.2;   -3.8;   -6.1;eor
       3527;20200102;-999;-999;-999;    3;   0.1;   4;-999;   0;  -999;   5.2;    -999;   -1.0;   91.46;    2.2;   -5.1;   -5.6;eor
       3527;20200103;-999;-999;-999;    3;   1.6;   4;-999;   0;  -999;   7.5;    -999;    3.2;   97.71;    5.8;    1.0;    0.8;eor
       3527;20200104;-999;-999;-999;    3;   3.5;   4;-999;   0;  -999;   6.5;    -999;    1.7;   94.71;    2.9;   -0.2;   -1.5;eor
       3527;20200105;-999;-999;-999;    3;   1.0;   4;-999;   0;  -999;   6.5;    -999;    1.3;   96.04;    2.7;   -1.6;   -3.1;eor
       3527;20200106;-999;-999;-999;    3;   0.0;   4;-999;   0;  -999;   6.2;    -999;    1.2;   93.58;    4.0;   -1.5;   -2.4;eor
       3527;20200107;-999;-999;-999;    3;   0.0;   4;-999;   0;  -999;   6.4;    -999;    0.9;   98.00;    3.0;   -1.5;   -1.4;eor
       3527;20200108;-999;-999;-999;    3;   8.6;   4;-999;   0;  -999;   7.8;    -999;    3.8;   96.54;    6.1;    2.2;    1.7;eor
       3527;20200109;-999;-999;-999;    3;  16.5;   4;-999;   0;  -999;  10.1;    -999;    7.4;   98.42;    8.6;    5.7;    5.5;eor
       3527;20200110;-999;-999;-999;    3;   1.4;   4;-999;   0;  -999;   8.3;    -999;    5.3;   92.67;    6.9;    2.1;    1.6;eor
       3527;20200111;-999;-999;-999;    3;   0.0;   0;-999;   0;  -999;   5.8;    -999;    1.5;   85.25;    3.9;    0.1;   -1.6;eor
       3527;20200112;-999;-999;-999;    3;   0.3;   4;-999;   0;  -999;   6.0;    -999;    0.8;   92.08;    2.6;   -0.6;   -1.9;eor
       3527;20200113;-999;-999;-999;    3;   0.0;   0;-999;   0;  -999;   7.3;    -999;    3.1;   95.46;    4.3;    2.5;    1.2;eor
       3527;20200114;-999;-999;-999;    3;   0.8;   4;-999;   0;  -999;   7.1;    -999;    6.3;   73.92;    8.4;    4.2;    3.6;eor
       3527;20200115;-999;-999;-999;    3;   1.8;   4;-999;   0;  -999;   7.5;    -999;    8.1;   69.46;    9.2;    6.5;    4.7;eor
       3527;20200116;-999;-999;-999;    3;   0.0;   0;-999;   0;  -999;   8.6;    -999;    6.9;   87.21;    9.6;    3.5;    2.2;eor
       3527;20200117;-999;-999;-999;    3;   0.5;   4;-999;   0;  -999;   7.5;    -999;    5.5;   83.25;    7.9;    2.9;    1.0;eor
       3527;20200118;-999;-999;-999;    3;   1.2;   4;-999;   0;  -999;   6.2;    -999;    1.5;   91.63;    3.0;   -0.4;   -1.6;eor
       3527;20200119;-999;-999;-999;    3;   2.1;   4;-999;   0;  -999;   6.1;    -999;    0.5;   95.92;    1.4;   -0.3;   -0.9;eor
       3527;20200120;-999;-999;-999;    3;   0.0;   0;-999;   0;  -999;   5.3;    -999;    0.1;   86.00;    2.5;   -3.2;   -5.1;eor
       3527;20200121;-999;-999;-999;    3;   0.0;   0;-999;   0;  -999;   4.4;    -999;   -1.6;   80.42;    2.9;   -4.7;   -6.6;eor
       3527;20200122;-999;-999;-999;    3;   0.2;   4;-999;   0;  -999;   5.1;    -999;   -1.4;   90.33;    1.1;   -5.1;   -7.2;eor
       3527;20200123;-999;-999;-999;    3;   0.0;   0;-999;   0;  -999;   5.3;    -999;   -0.6;   90.58;    0.8;   -3.1;   -4.7;eor
       3527;20200124;-999;-999;-999;    3;   0.0;   0;-999;   0;  -999;   4.8;    -999;   -2.9;   97.17;   -2.4;   -3.6;   -3.3;eor
       3527;20200125;-999;-999;-999;    3;   0.0;   0;-999;   0;  -999;   5.1;    -999;   -2.4;   98.17;   -1.2;   -3.7;   -3.5;eor
       3527;20200126;-999;-999;-999;    3;   0.1;   4;-999;   0;  -999;   6.2;    -999;    0.2;   98.54;    3.0;   -2.3;   -3.1;eor
       3527;20200127;-999;-999;-999;    3;   8.3;   4;-999;   0;  -999;   7.7;    -999;    3.6;   97.29;    4.8;    2.6;    1.6;eor
       3527;20200128;-999;-999;-999;    3;   6.9;   4;-999;   0;  -999;   6.4;    -999;    2.0;   90.13;    4.1;   -0.8;   -1.9;eor
       3527;20200129;-999;-999;-999;    3;   0.3;   4;-999;   0;  -999;   5.9;    -999;    0.5;   92.13;    1.8;   -0.4;   -0.7;eor
       3527;20200130;-999;-999;-999;    3;   0.9;   4;-999;   0;  -999;   7.1;    -999;    3.6;   88.88;    6.6;    1.0;    0.3;eor
       3527;20200131;-999;-999;-999;    3;   0.0;   0;-999;   0;  -999;  10.1;    -999;    9.1;   87.50;   11.3;    6.6;    6.3;eor
       3527;20200201;-999;-999;-999;    3;  11.5;   4;-999;   0;  -999;  10.1;    -999;    8.2;   92.38;    9.2;    5.2;    3.6;eor
       3527;20200202;-999;-999;-999;    3;   4.1;   4;-999;   0;  -999;   8.4;    -999;    6.2;   87.88;    9.3;    3.7;    3.5;eor
       3527;20200203;-999;-999;-999;    3;  20.5;   4;-999;   0;  -999;   8.3;    -999;    6.3;   87.50;    7.8;    3.6;    3.1;eor
       3527;20200204;-999;-999;-999;    3;   5.4;   4;-999;   0;  -999;   6.3;    -999;    1.2;   94.67;    3.7;   -0.1;   -0.1;eor
       3527;20200205;-999;-999;-999;    3;   0.0;   0;-999;   0;  -999;   5.1;    -999;    0.9;   78.38;    3.7;   -1.7;   -3.6;eor
       3527;20200206;-999;-999;-999;    3;   0.0;   0;-999;   0;  -999;   5.5;    -999;    0.1;   88.79;    1.9;   -1.6;   -3.0;eor
       3527;20200207;-999;-999;-999;    3;   0.0;   0;-999;   0;  -999;   5.2;    -999;    1.1;   78.92;    4.3;   -0.5;   -1.9;eor
       3527;20200208;-999;-999;-999;    3;   0.2;   4;-999;   0;  -999;   5.7;    -999;    2.6;   75.96;    5.4;   -0.8;   -3.2;eor
       3527;20200209;-999;-999;-999;    3;   8.9;   4;-999;   0;  -999;   7.5;    -999;    6.7;   75.54;    9.7;    3.3;    1.0;eor
       3527;20200210;-999;-999;-999;    3;   9.9;   4;-999;   0;  -999;   7.2;    -999;    4.4;   85.58;    9.3;    2.1;    1.4;eor
       3527;20200211;-999;-999;-999;    3;   8.1;   4;-999;   0;  -999;   5.5;    -999;    0.6;   87.00;    3.1;   -1.4;   -2.0;eor
       3527;20200212;-999;-999;-999;    3;   1.3;   4;-999;  10;  -999;   5.3;    -999;    0.5;   84.79;    4.2;   -1.1;   -2.6;eor
       3527;20200213;-999;-999;-999;    3;   3.5;   4;-999;   8;  -999;   6.1;    -999;    0.8;   93.96;    2.5;   -1.0;   -2.2;eor
       3527;20200214;-999;-999;-999;    3;   0.5;   4;-999;   2;  -999;   7.0;    -999;    2.9;   93.54;    4.2;    1.8;    1.3;eor
       3527;20200215;-999;-999;-999;    3;   0.0;   0;-999;   0;  -999;   7.2;    -999;    5.3;   81.71;    8.0;    2.7;    1.1;eor
       3527;20200216;-999;-999;-999;    3;   6.7;   4;-999;   0;  -999;   8.1;    -999;   10.4;   65.21;   13.4;    6.4;    5.6;eor
       3527;20200217;-999;-999;-999;    3;   3.0;   4;-999;   0;  -999;   7.6;    -999;    5.0;   86.96;    6.4;    2.5;    1.2;eor
       3527;20200218;-999;-999;-999;    3;   2.5;   4;-999;   0;  -999;   6.4;    -999;    3.8;   80.50;    5.4;    2.9;    1.9;eor
       3527;20200219;-999;-999;-999;    3;   2.2;   4;-999;   0;  -999;   6.0;    -999;    2.4;   82.04;    3.7;    0.5;   -1.7;eor
       3527;20200220;-999;-999;-999;    3;   4.3;   4;-999;   0;  -999;   7.1;    -999;    3.3;   90.67;    5.6;    0.9;    0.5;eor
       3527;20200221;-999;-999;-999;    3;   0.0;   0;-999;   0;  -999;   5.8;    -999;    2.8;   78.67;    5.1;    0.7;   -0.2;eor
       3527;20200222;-999;-999;-999;    3;   1.1;   4;-999;   0;  -999;   6.6;    -999;    4.6;   77.00;    6.9;    1.1;   -0.3;eor
       3527;20200223;-999;-999;-999;    3;   6.9;   4;-999;   0;  -999;   9.0;    -999;    6.6;   91.42;    8.9;    2.1;    0.0;eor
       3527;20200224;-999;-999;-999;    3;   3.6;   4;-999;   0;  -999;   7.1;    -999;    3.2;   89.83;    7.5;   -0.5;   -2.4;eor
       3527;20200225;-999;-999;-999;    3;  11.5;   4;-999;   0;  -999;   7.5;    -999;    5.1;   85.08;    7.5;    0.6;   -0.1;eor
       3527;20200226;-999;-999;-999;    3;   3.7;   4;-999;   3;  -999;   5.9;    -999;    0.1;   95.29;    1.2;   -0.6;   -0.9;eor
       3527;20200227;-999;-999;-999;    3;   5.9;   4;-999;   4;  -999;   5.7;    -999;   -0.1;   93.79;    1.6;   -0.7;   -1.0;eor
       3527;20200228;-999;-999;-999;    3;   1.2;   4;-999;   9;  -999;   5.6;    -999;    0.2;   90.29;    2.6;   -1.5;   -3.0;eor
       3527;20200229;-999;-999;-999;    3;   0.9;   4;-999;   3;  -999;   7.5;    -999;    5.2;   84.58;   10.2;    0.3;    0.1;eor
       3527;20200301;-999;-999;-999;    3;   5.0;   4;-999;   0;  -999;   6.6;    -999;    4.5;   78.50;    7.3;    1.7;    0.8;eor
       3527;20200302;-999;-999;-999;    3;   5.1;   4;-999;   0;  -999;   6.6;    -999;    4.2;   81.00;    8.3;    0.4;   -0.8;eor
       3527;20200303;-999;-999;-999;    3;   2.6;   4;-999;   0;  -999;   6.1;    -999;    2.1;   86.42;    5.0;   -1.3;   -3.1;eor
       3527;20200304;-999;-999;-999;    3;   2.0;   4;-999;   0;  -999;   6.1;    -999;    1.1;   92.13;    5.5;   -1.2;   -3.2;eor
       3527;20200305;-999;-999;-999;    3;   9.0;   4;-999;   0;  -999;   6.5;    -999;    2.7;   88.08;    5.6;    0.7;   -0.8;eor
       3527;20200306;-999;-999;-999;    3;  15.3;   4;-999;   0;  -999;   7.3;    -999;    3.0;   95.63;    5.2;    1.3;    0.5;eor
       3527;20200307;-999;-999;-999;    3;   0.1;   4;-999;   0;  -999;   5.9;    -999;    2.3;   82.50;    4.9;    0.6;   -1.4;eor
       3527;20200308;-999;-999;-999;    3;   0.7;   4;-999;   0;  -999;   6.9;    -999;    5.1;   78.21;    7.6;    2.3;    1.4;eor
       3527;20200309;-999;-999;-999;    3;   1.4;   4;-999;   0;  -999;   7.4;    -999;    4.9;   85.08;    8.0;    2.7;    0.4;eor
       3527;20200310;-999;-999;-999;    3;   9.2;   4;-999;   0;  -999;   8.6;    -999;    5.0;   96.75;    9.5;    1.9;    1.6;eor
       3527;20200311;-999;-999;-999;    3;  20.6;   4;-999;   0;  -999;  11.4;    -999;    8.9;   99.00;   10.2;    5.8;    5.7;eor
       3527;20200312;-999;-999;-999;    3;   4.8;   4;-999;   0;  -999;   7.6;    -999;    7.5;   72.04;    9.9;    3.5;    1.1;eor
       3527;20200313;-999;-999;-999;    3;   2.6;   4;-999;   0;  -999;   5.8;    -999;    3.7;   74.29;    7.6;    1.5;   -0.4;eor
       3527;20200314;-999;-999;-999;    3;   0.0;   0;-999;   0;  -999;   6.2;    -999;    3.8;   78.13;    7.8;   -0.1;   -1.7;eor
       3527;20200315;-999;-999;-999;    3;   0.0;   0;-999;   0;  -999;   5.9;    -999;    6.6;   61.67;   10.6;    2.8;    1.3;eor
       3527;20200316;-999;-999;-999;    3;   0.0;   0;-999;   0;  -999;   7.4;    -999;    8.8;   65.00;   14.4;    2.6;   -0.2;eor
       3527;20200317;-999;-999;-999;    3;   0.0;   0;-999;   0;  -999;   7.9;    -999;    8.9;   69.96;   13.2;    4.2;    1.3;eor
       3527;20200318;-999;-999;-999;    3;   0.0;   0;-999;   0;  -999;   8.4;    -999;    8.9;   73.83;   14.6;    4.0;    1.3;eor
       3527;20200319;-999;-999;-999;    3;   0.0;   0;-999;   0;  -999;   8.3;    -999;    9.6;   70.21;   14.5;    3.4;    1.5;eor
       3527;20200320;-999;-999;-999;    3;   0.1;   4;-999;   0;  -999;   8.5;    -999;    6.5;   86.29;    8.8;    2.2;    1.7;eor
       3527;20200321;-999;-999;-999;    3;   0.0;   0;-999;   0;  -999;   4.9;    -999;    2.0;   68.92;    4.9;   -1.0;   -2.0;eor
       3527;20200322;-999;-999;-999;    3;   0.0;   0;-999;   0;  -999;   3.2;    -999;   -0.1;   54.08;    3.6;   -3.0;   -4.0;eor
       3527;20200323;-999;-999;-999;    3;   0.0;   0;-999;   0;  -999;   2.6;    -999;    0.0;   43.08;    5.6;   -4.2;   -5.7;eor
       3527;20200324;-999;-999;-999;    3;   0.0;   0;-999;   0;  -999;   2.7;    -999;    0.9;   41.75;    6.7;   -4.0;   -5.7;eor
       3527;20200325;-999;-999;-999;    3;   0.0;   0;-999;   0;  -999;   2.5;    -999;    1.7;   38.00;    7.6;   -2.8;   -4.5;eor
       3527;20200326;-999;-999;-999;    3;   0.0;   0;-999;   0;  -999;   3.8;    -999;    2.7;   50.63;    7.9;   -2.2;   -3.2;eor
       3527;20200327;-999;-999;-999;    3;   0.0;   0;-999;   0;  -999;   5.2;    -999;    7.5;   50.67;   14.0;    1.0;    0.0;eor
       3527;20200328;-999;-999;-999;    3;   0.0;   0;-999;   0;  -999;   5.6;    -999;    8.2;   53.08;   13.5;    1.4;    1.3;eor
       3527;20200329;-999;-999;-999;    1;   0.9;   4;-999;   0;  -999;   4.9;    -999;    0.8;   75.54;    4.3;   -3.1;   -4.3;eor
       3527;20200330;-999;-999;-999;    1;   0.3;   4;-999;   0;  -999;   3.7;    -999;   -0.4;   60.88;    4.4;   -6.9;   -9.4;eor
       3527;20200331;-999;-999;-999;    1;   0.0;   4;-999;   0;  -999;   4.0;    -999;    0.6;   63.46;    4.8;   -2.7;   -5.3;eor
       3527;20200401;-999;-999;-999;    1;   0.0;   0;-999;   0;  -999;   3.4;    -999;    1.9;   49.83;    8.7;   -5.7;   -7.4;eor
       3527;20200402;-999;-999;-999;    1;   0.0;   0;-999;   0;  -999;   4.7;    -999;    4.2;   59.04;   10.5;   -2.5;   -5.3;eor
       3527;20200403;-999;-999;-999;    1;   0.0;   0;-999;   0;  -999;   6.5;    -999;    4.5;   76.71;    8.7;    2.1;    0.6;eor
       3527;20200404;-999;-999;-999;    1;   0.0;   0;-999;   0;  -999;   5.8;    -999;    5.9;   64.04;   12.2;   -0.8;   -2.8;eor
       3527;20200405;-999;-999;-999;    1;   0.0;   0;-999;   0;  -999;   5.5;    -999;    9.9;   47.54;   15.9;    4.4;    2.9;eor
       3527;20200406;-999;-999;-999;    1;   0.0;   0;-999;   0;  -999;   6.1;    -999;   13.0;   41.04;   20.0;    6.6;    3.7;eor
       3527;20200407;-999;-999;-999;    1;   0.0;   0;-999;   0;  -999;   9.7;    -999;   13.0;   64.67;   18.5;    6.9;    3.6;eor
       3527;20200408;-999;-999;-999;    1;   0.0;   0;-999;   0;  -999;   7.6;    -999;   14.3;   49.83;   20.7;    7.8;    5.4;eor
       3527;20200409;-999;-999;-999;    1;   0.0;   0;-999;   0;  -999;   7.8;    -999;   13.7;   50.33;   19.8;    7.5;    4.6;eor
       3527;20200410;-999;-999;-999;    1;   0.0;   0;-999;   0;  -999;   7.1;    -999;   11.6;   52.75;   17.1;    5.1;    2.8;eor
       3527;20200411;-999;-999;-999;    1;   0.0;   0;-999;   0;  -999;   4.9;    -999;   10.6;   40.58;   18.6;    2.7;   -0.3;eor
       3527;20200412;-999;-999;-999;    1;   0.0;   0;-999;   0;  -999;   6.7;    -999;   14.6;   40.79;   20.8;    8.1;    4.8;eor
       3527;20200413;-999;-999;-999;    1;   0.0;   0;-999;   0;  -999;   5.8;    -999;    6.4;   58.50;   13.2;    0.0;   -2.1;eor
       3527;20200414;-999;-999;-999;    1;   0.0;   4;-999;   0;  -999;   4.5;    -999;    2.7;   60.96;    8.1;   -0.8;   -3.3;eor
       3527;20200415;-999;-999;-999;    1;   0.0;   0;-999;   0;  -999;   5.2;    -999;    6.8;   55.42;   15.6;   -1.4;   -2.9;eor
       3527;20200416;-999;-999;-999;    1;   0.0;   0;-999;   0;  -999;   6.3;    -999;   13.6;   41.75;   19.9;    4.8;    1.4;eor
       3527;20200417;-999;-999;-999;    1;   0.0;   0;-999;   0;  -999;   7.7;    -999;   13.8;   50.63;   20.5;    7.5;    5.3;eor
       3527;20200418;-999;-999;-999;    1;   2.0;   4;-999;   0;  -999;   9.8;    -999;   14.4;   60.79;   21.2;    8.7;    6.8;eor
       3527;20200419;-999;-999;-999;    1;   0.0;   4;-999;   0;  -999;   7.5;    -999;    9.2;   65.04;   14.0;    5.8;    4.7;eor
       3527;20200420;-999;-999;-999;    1;   0.0;   0;-999;   0;  -999;   4.8;    -999;    8.5;   44.00;   13.6;    3.3;    2.3;eor
       3527;20200421;-999;-999;-999;    1;   0.0;   0;-999;   0;  -999;   5.4;    -999;    9.9;   45.54;   15.5;    4.0;    3.2;eor
       3527;20200422;-999;-999;-999;    1;   0.0;   0;-999;   0;  -999;   5.5;    -999;   11.4;   42.46;   17.3;    5.3;    4.0;eor
       3527;20200423;-999;-999;-999;    1;   0.0;   0;-999;   0;  -999;   6.3;    -999;   12.1;   46.83;   19.7;    5.7;    3.5;eor
       3527;20200424;-999;-999;-999;    1;   0.0;   0;-999;   0;  -999;   7.1;    -999;   13.0;   48.29;   20.0;    6.6;    3.7;eor
       3527;20200425;-999;-999;-999;    1;   0.0;   0;-999;   0;  -999;   6.5;    -999;    8.0;   61.54;   13.7;    3.8;    1.6;eor
       3527;20200426;-999;-999;-999;    1;   0.0;   0;-999;   0;  -999;   6.0;    -999;    9.7;   52.83;   17.1;    1.6;   -0.6;eor
       3527;20200427;-999;-999;-999;    1;   0.0;   0;-999;   0;  -999;   6.4;    -999;   12.8;   45.83;   19.5;    4.5;    2.0;eor
       3527;20200428;-999;-999;-999;    1;   4.8;   4;-999;   0;  -999;  10.3;    -999;   11.6;   75.17;   15.4;    7.4;    4.9;eor
       3527;20200429;-999;-999;-999;    1;   1.4;   4;-999;   0;  -999;   9.9;    -999;   11.1;   76.58;   15.9;    8.0;    6.1;eor
       3527;20200430;-999;-999;-999;    1;   3.5;   4;-999;   0;  -999;  10.0;    -999;    9.4;   85.46;   13.2;    6.6;    5.7;eor
       3527;20200501;-999;-999;-999;    1;   7.2;   4;-999;-999;  -999;   8.7;    -999;    7.5;   84.71;   11.2;    5.1;    3.8;eor
       3527;20200502;-999;-999;-999;    1;   1.9;   4;-999;-999;  -999;   8.5;    -999;    6.5;   88.17;    9.3;    4.8;    4.8;eor
       3527;20200503;-999;-999;-999;    1;   0.1;   4;-999;-999;  -999;   8.1;    -999;    8.5;   74.71;   13.5;    3.9;    1.4;eor
       3527;20200504;-999;-999;-999;    1;   0.1;   4;-999;-999;  -999;   8.5;    -999;    8.3;   77.33;   11.3;    4.0;    2.2;eor
       3527;20200505;-999;-999;-999;    1;   0.0;   0;-999;-999;  -999;   5.5;    -999;    6.4;   59.71;   11.4;    1.9;   -0.4;eor
       3527;20200506;-999;-999;-999;    1;   0.0;   0;-999;-999;  -999;   5.6;    -999;    8.0;   54.42;   14.3;   -0.6;   -2.7;eor
       3527;20200507;-999;-999;-999;    1;   0.0;   0;-999;-999;  -999;   5.8;    -999;   11.6;   46.42;   19.2;    2.4;    0.0;eor
       3527;20200508;-999;-999;-999;    1;   0.0;   0;-999;-999;  -999;   6.9;    -999;   14.8;   42.46;   21.0;    7.4;    5.1;eor
       3527;20200509;-999;-999;-999;    1;   0.0;   0;-999;-999;  -999;   8.8;    -999;   15.1;   52.42;   22.0;   10.6;    8.2;eor
       3527;20200510;-999;-999;-999;    1;   1.4;   4;-999;-999;  -999;  12.3;    -999;   14.6;   73.96;   20.4;    7.4;    7.7;eor
       3527;20200511;-999;-999;-999;    1;   4.7;   4;-999;-999;  -999;   6.5;    -999;    3.2;   83.79;    7.4;    0.7;   -1.6;eor
       3527;20200512;-999;-999;-999;    1;   0.0;   0;-999;-999;  -999;   5.2;    -999;    4.7;   62.75;    9.4;    0.0;   -2.0;eor
       3527;20200513;-999;-999;-999;    1;   0.0;   0;-999;-999;  -999;   5.8;    -999;    6.8;   59.71;   10.7;    1.8;    1.2;eor
       3527;20200514;-999;-999;-999;    1;   0.0;   0;-999;-999;  -999;   6.4;    -999;    6.3;   69.04;   10.9;    2.7;    1.7;eor
       3527;20200515;-999;-999;-999;    1;   0.0;   0;-999;-999;  -999;   5.7;    -999;    7.9;   55.00;   13.1;    2.2;    0.7;eor
       3527;20200516;-999;-999;-999;    1;   0.0;   0;-999;-999;  -999;   6.6;    -999;   10.1;   55.67;   16.0;    1.3;   -1.0;eor
       3527;20200517;-999;-999;-999;    1;   0.0;   0;-999;-999;  -999;   7.4;    -999;   10.8;   58.42;   16.5;    5.8;    3.9;eor
       3527;20200518;-999;-999;-999;    1;   0.0;   0;-999;-999;  -999;   8.8;    -999;   14.1;   55.92;   21.0;    5.1;    2.9;eor
       3527;20200519;-999;-999;-999;    1;   0.0;   0;-999;-999;  -999;   9.8;    -999;   15.7;   56.88;   21.7;    7.0;    4.8;eor
       3527;20200520;-999;-999;-999;    1;   0.0;   0;-999;-999;  -999;  11.7;    -999;   14.2;   72.46;   17.4;    8.7;    6.6;eor
       3527;20200521;-999;-999;-999;    1;   0.0;   0;-999;-999;  -999;  10.5;    -999;   16.0;   60.50;   22.6;    8.5;    6.5;eor
       3527;20200522;-999;-999;-999;    1;   2.9;   4;-999;-999;  -999;  14.2;    -999;   17.9;   69.46;   21.7;   12.9;   10.3;eor
       3527;20200523;-999;-999;-999;    1;   2.2;   4;-999;-999;  -999;  10.6;    -999;   10.7;   82.21;   12.9;    7.6;    5.4;eor
       3527;20200524;-999;-999;-999;    1;   0.5;   4;-999;-999;  -999;   9.7;    -999;    9.8;   80.54;   14.2;    6.2;    3.7;eor
       3527;20200525;-999;-999;-999;    1;   0.1;   4;-999;-999;  -999;  10.2;    -999;   11.9;   75.33;   17.1;    7.0;    4.2;eor
       3527;20200526;-999;-999;-999;    1;   0.0;   0;-999;-999;  -999;   8.8;    -999;   10.8;   70.04;   17.4;    3.5;    1.3;eor
       3527;20200527;-999;-999;-999;    1;   0.0;   0;-999;-999;  -999;   9.2;    -999;   14.5;   58.58;   20.8;    6.0;    3.4;eor
       3527;20200528;-999;-999;-999;    1;   0.0;   0;-999;-999;  -999;   7.9;    -999;   12.7;   56.29;   17.4;    7.6;    5.1;eor
       3527;20200529;-999;-999;-999;    1;   0.0;   0;-999;-999;  -999;   7.0;    -999;   13.0;   48.21;   18.3;    6.8;    4.5;eor
       3527;20200530;-999;-999;-999;    1;   0.0;   0;-999;-999;  -999;   7.2;    -999;   13.0;   49.46;   17.7;    8.2;    5.6;eor
       3527;20200531;-999;-999;-999;    1;   0.0;   0;-999;-999;  -999;   8.1;    -999;   11.9;   59.67;   17.9;    7.0;    5.0;eor
       3527;20200601;-999;-999;-999;    1;   0.0;   0;-999;-999;  -999;   9.0;    -999;   16.3;   50.67;   22.8;    8.9;    7.4;eor
       3527;20200602;-999;-999;-999;    1;   0.0;   0;-999;-999;  -999;   9.4;    -999;   18.5;   45.17;   24.6;   11.6;    8.9;eor
       3527;20200603;-999;-999;-999;    1;   0.0;   0;-999;-999;  -999;  10.6;    -999;   18.7;   49.83;   25.0;   13.4;   10.7;eor
       3527;20200604;-999;-999;-999;    1;   8.5;   4;-999;-999;  -999;  12.8;    -999;   12.5;   88.38;   14.8;    8.6;    8.3;eor
       3527;20200605;-999;-999;-999;    1;   5.0;   4;-999;-999;  -999;   9.6;    -999;    8.2;   88.75;   11.7;    6.3;    6.0;eor
       3527;20200606;-999;-999;-999;    1;   4.2;   4;-999;-999;  -999;   9.5;    -999;    9.0;   83.46;   12.4;    4.9;    3.5;eor
       3527;20200607;-999;-999;-999;    1;   0.0;   0;-999;-999;  -999;   9.3;    -999;   11.8;   68.42;   15.7;    6.7;    4.7;eor
       3527;20200608;-999;-999;-999;    1;   0.0;   0;-999;-999;  -999;   9.3;    -999;   12.5;   65.54;   16.8;    6.4;    4.2;eor
       3527;20200609;-999;-999;-999;    1;   1.7;   4;-999;-999;  -999;  11.0;    -999;   12.7;   75.13;   17.7;    9.0;    6.6;eor
