STATIONS_ID;MESS_DATUM;QN_3;  FX;  FM;QN_4; RSK;RSKF; SDK;SHK_TAG;  NM; VPM;  PM; TMK; UPM; TXK; TNK; TGK;eor
       2315;20181208;   10;  15.9;   6.8;    3;   3.8;   4;    2.100;   0;   6.0;   7.5;  989.80;    7.2;   73.54;   -999;   -999;-999;eor
       2315;20181209;   10;  16.5;   7.2;    3;   5.1;   4;    0.200;   0;   7.2;   8.5;  983.06;    7.1;   84.50;   -999;   -999;-999;eor
       2315;20181210;   10;  15.4;   7.9;    3;   1.0;   4;    0.900;   0;   7.0;   6.6;  998.26;    4.5;   79.08;   -999;   -999;-999;eor
       2315;20181211;   10;  12.9;   4.9;    3;   0.7;   4;    0.000;   0;   7.9;   6.9; 1002.43;    3.8;   86.67;   -999;   -999;-999;eor
       2315;20181212;   10;   6.7;   2.3;    3;   0.0;   4;    0.000;   0;   6.9;   6.3; 1011.02;    1.6;   92.13;   -999;   -999;-999;eor
       2315;20181213;   10;   5.7;   1.9;    3;   0.0;   4;    0.000;   0;   7.7;   5.9; 1011.27;    0.5;   91.79;   -999;   -999;-999;eor
       2315;20181214;   10;   8.2;   2.9;    3;   0.0;   0;    0.000;   0;   7.9;   5.1; 1013.06;   -0.1;   84.46;   -999;   -999;-999;eor
       2315;20181215;   10;   4.6;   1.9;    3;   0.0;   0;    0.000;   0;   7.7;   5.0; 1015.07;   -0.8;   86.00;   -999;   -999;-999;eor
       2315;20181216;   10;   9.3;   3.7;    3;   0.0;   4;    1.000;   0;   7.1;   4.3; 1004.36;   -0.7;   74.83;   -999;   -999;-999;eor
       2315;20181217;   10;   7.7;   1.5;    3;   0.0;   4;    0.700;   0;   6.8;   5.8; 1008.20;    0.9;   88.33;   -999;   -999;-999;eor
       2315;20181218;   10;   5.1;   2.3;    3;   0.0;   4;    2.600;   0;   6.2;   6.9; 1012.85;    3.1;   90.75;   -999;   -999;-999;eor
       2315;20181219;   10;   7.7;   3.5;    3;   0.3;   4;    0.000;   0;   7.2;   6.0; 1005.55;    1.3;   89.13;   -999;   -999;-999;eor
       2315;20181220;   10;   8.2;   3.2;    3;   2.7;   4;    0.000;   0;   7.6;   7.2; 1002.90;    3.9;   88.21;   -999;   -999;-999;eor
       2315;20181221;   10;  17.0;   5.1;    3;   8.4;   4;    0.000;   0;   7.5;   8.9;  995.07;    7.0;   87.52;   -999;   -999;-999;eor
       2315;20181222;   10;  15.4;   5.6;    3;   6.3;   4;    0.000;   0;   7.7;   9.0;  996.48;    7.2;   89.17;   -999;   -999;-999;eor
       2315;20181223;   10;  10.3;   3.9;    3;   8.7;   4;    0.200;   0;   7.6;   8.6; 1003.95;    6.2;   91.21;   -999;   -999;-999;eor
       2315;20181224;   10;  10.8;   3.7;    3;   0.8;   4;    0.000;   0;   7.5;   6.2; 1010.97;    2.2;   85.83;   -999;   -999;-999;eor
       2315;20181225;   10;  12.9;   5.9;    3;   0.0;   4;    0.000;   0;   7.4;   6.8; 1017.03;    4.1;   82.92;   -999;   -999;-999;eor
       2315;20181226;   10;  12.9;   6.1;    3;   0.3;   4;    0.000;   0;   8.0;   7.6; 1015.48;    4.5;   89.92;   -999;   -999;-999;eor
       2315;20181227;   10;   8.7;   4.4;    3;   0.0;   4;    1.200;   0;   7.6;   8.0; 1012.97;    5.5;   88.25;   -999;   -999;-999;eor
       2315;20181228;   10;   8.2;   4.3;    3;   0.9;   4;    0.000;   0;   8.0;   8.3; 1013.20;    5.1;   93.83;   -999;   -999;-999;eor
       2315;20181229;   10;  12.3;   5.0;    3;   2.9;   4;    0.000;   0;   7.7;   8.1; 1013.51;    4.8;   93.96;   -999;   -999;-999;eor
       2315;20181230;   10;  15.9;   5.1;    3;   0.0;   4;    0.100;   0;   6.6;   7.9; 1011.36;    5.9;   84.83;   -999;   -999;-999;eor
       2315;20181231;   10;   8.2;   2.5;    3;   0.2;   4;    0.000;   0;   7.7;   8.5; 1017.61;    5.4;   93.88;   -999;   -999;-999;eor
       2315;20190101;   10;  18.5;   7.3;    3;   3.2;   4;    0.900;   0;   6.3;   8.0; 1006.99;    6.3;   83.17;   -999;   -999;-999;eor
       2315;20190102;   10;  17.0;   5.2;    3;   0.0;   4;    1.800;   0;   4.1;   4.6; 1011.88;    1.7;   66.50;   -999;   -999;-999;eor
       2315;20190103;   10;   8.2;   2.7;    3;   0.0;   4;    0.000;   0;   5.0;   4.5; 1020.42;   -1.5;   82.42;   -999;   -999;-999;eor
       2315;20190104;   10;  12.3;   4.4;    3;   1.4;   4;    0.000;   0;   7.6;   6.2; 1016.16;    0.7;   94.13;   -999;   -999;-999;eor
       2315;20190105;   10;  10.8;   4.3;    3;   2.7;   4;    0.100;   0;   7.8;   8.7; 1007.87;    6.0;   93.25;   -999;   -999;-999;eor
       2315;20190106;   10;   6.2;   1.4;    3;   0.7;   4;    0.000;   0;   7.0;   6.3; 1015.27;    1.6;   91.33;   -999;   -999;-999;eor
       2315;20190107;   10;  10.3;   3.0;    3;   6.7;   4;    0.000;   0;   7.8;   7.5; 1013.50;    3.5;   94.96;   -999;   -999;-999;eor
       2315;20190108;   10;  15.9;   7.1;    3;  10.0;   4;    0.000;   0;   7.1;   7.7;  991.64;    4.5;   91.71;   -999;   -999;-999;eor
       2315;20190109;   10;  11.8;   5.0;    3;   2.0;   4;    0.000;   0;   7.9;   6.3;  994.47;    1.3;   93.79;   -999;   -999;-999;eor
       2315;20190110;   10;   9.8;   3.0;    3;   0.1;   4;    0.500;   0;   7.3;   5.5; 1009.39;    0.9;   85.29;   -999;   -999;-999;eor
       2315;20190111;   10;   9.8;   4.3;    3;   1.4;   4;    0.000;   0;   7.9;   6.2; 1005.65;    1.0;   92.38;   -999;   -999;-999;eor
       2315;20190112;   10;  12.9;   5.9;    3;   3.8;   4;    0.000;   0;   7.5;   7.5;  999.35;    4.8;   86.79;   -999;   -999;-999;eor
       2315;20190113;   10;  20.6;   7.1;    3;   7.9;   4;    0.000;   0;   7.8;   8.4;  985.41;    5.8;   91.25;   -999;   -999;-999;eor
       2315;20190114;   10;  17.5;   6.9;    3;   0.2;   4;    1.900;   0;   3.9;   4.9;  990.43;    2.5;   68.08;   -999;   -999;-999;eor
       2315;20190115;   10;  14.9;   7.8;    3;   4.0;   4;    0.000;   0;   7.5;   6.4;  998.92;    3.0;   83.63;   -999;   -999;-999;eor
       2315;20190116;   10;  12.3;   5.9;    3;   0.1;   4;    0.000;   0;   7.8;   7.3;  995.90;    5.3;   82.25;   -999;   -999;-999;eor
       2315;20190117;   10;  16.5;   6.2;    3;   1.1;   4;    0.200;   0;   7.3;   6.5;  989.07;    4.8;   75.54;   -999;   -999;-999;eor
       2315;20190118;   10;  13.4;   4.3;    3;   0.0;   0;    5.500;   0;   5.1;   4.6; 1003.78;    0.3;   73.63;   -999;   -999;-999;eor
       2315;20190119;   10;   3.1;   1.3;    3;   0.0;   0;    1.600;   0;   5.8;   4.5; 1007.65;   -1.6;   83.79;   -999;   -999;-999;eor
       2315;20190120;   10;   3.1;   0.9;    3;   0.0;   0;    7.000;   0;   0.8;   3.7; 1007.14;   -4.7;   85.58;   -999;   -999;-999;eor
       2315;20190121;   10;   4.6;   1.5;    3;   0.0;   0;    0.000;   0;   7.6;   4.1; 1009.80;   -4.7;   94.67;   -999;   -999;-999;eor
       2315;20190122;   10;   6.7;   1.9;    3;   0.0;   0;    6.900;   0;   1.0;   3.6;  999.85;   -6.0;   90.13;   -999;   -999;-999;eor
       2315;20190123;   10;  10.3;   3.7;    3;   0.0;   0;    4.300;   0;   4.6;   3.2;  992.60;   -6.7;   85.25;   -999;   -999;-999;eor
       2315;20190124;   10;   8.7;   2.7;    3;   0.0;   4;    0.000;   0;   7.9;   3.4;  999.23;   -3.7;   74.25;   -999;   -999;-999;eor
       2315;20190125;   10;   7.2;   2.1;    3;   0.6;   4;    1.300;   0;   7.3;   3.6; 1002.06;   -3.7;   78.13;   -999;   -999;-999;eor
       2315;20190126;   10;   9.3;   4.0;    3;   7.6;   4;    0.000;   1;   8.0;   6.5;  991.10;    1.3;   93.71;   -999;   -999;-999;eor
       2315;20190127;   10;  10.3;   3.7;    3;   1.8;   4;    0.400;   0;   7.4;   7.0;  978.93;    4.3;   83.79;   -999;   -999;-999;eor
       2315;20190128;   10;  11.3;   4.0;    3;   1.0;   4;    3.900;   0;   6.5;   6.5;  979.97;    2.9;   86.88;   -999;   -999;-999;eor
       2315;20190129;   10;  10.3;   3.5;    3;   0.8;   4;    0.700;   1;   6.5;   5.7;  991.18;    0.7;   90.04;   -999;   -999;-999;eor
       2315;20190130;   10;  12.3;   4.4;    3;   0.0;   4;    6.000;   0;   6.2;   4.6;  987.67;   -0.5;   78.25;   -999;   -999;-999;eor
       2315;20190131;   10;   6.2;   2.4;    3;   0.0;   4;    4.900;   0;   5.6;   4.7;  987.90;    0.3;   76.54;   -999;   -999;-999;eor
       2315;20190201;   10;   8.7;   3.8;    3;   0.5;   4;    0.000;   0;   6.3;   4.9;  983.68;    0.2;   78.63;   -999;   -999;-999;eor
       2315;20190202;   10;   7.2;   2.2;    3;   0.0;   4;    0.000;   0;   8.0;   6.0;  985.29;    0.6;   94.38;   -999;   -999;-999;eor
       2315;20190203;   10;   6.7;   2.8;    3;   4.8;   4;    0.000;   0;   7.9;   6.0; 1001.42;    0.5;   95.29;   -999;   -999;-999;eor
       2315;20190204;   10;   6.2;   2.7;    3;   0.0;   0;    7.500;   2;   4.0;   5.3; 1015.13;    0.0;   87.17;   -999;   -999;-999;eor
       2315;20190205;   10;   7.2;   2.9;    3;   0.0;   4;    0.000;   1;   7.0;   5.0; 1014.72;    1.1;   75.38;   -999;   -999;-999;eor
       2315;20190206;   10;   8.7;   3.2;    3;   0.0;   0;    7.700;   1;   6.5;   5.4; 1012.97;    1.9;   77.58;   -999;   -999;-999;eor
       2315;20190207;   10;   9.3;   4.3;    3;   0.2;   4;    0.100;   0;   6.6;   5.0; 1001.87;    0.6;   77.46;   -999;   -999;-999;eor
       2315;20190208;   10;  11.3;   4.9;    3;   0.0;   4;    5.600;   0;   4.8;   6.4; 1002.25;    5.1;   73.21;   -999;   -999;-999;eor
       2315;20190209;   10;  19.5;   6.8;    3;   0.7;   4;    3.500;   0;   5.5;   6.4;  994.54;    7.2;   63.46;   -999;   -999;-999;eor
       2315;20190210;   10;  20.1;   5.9;    3;   9.5;   4;    0.000;   0;   6.2;   7.7;  987.11;    6.9;   77.25;   -999;   -999;-999;eor
       2315;20190211;   10;  19.5;   6.7;    3;   1.0;   4;    1.800;   0;   5.5;   6.6;  995.90;    4.3;   80.29;   -999;   -999;-999;eor
       2315;20190212;   10;  10.3;   3.7;    3;   1.4;   4;    1.500;   0;   6.2;   5.7; 1015.60;    2.5;   77.38;   -999;   -999;-999;eor
       2315;20190213;   10;   9.8;   4.9;    3;   0.2;   4;    0.000;   0;   7.8;   7.6; 1020.71;    5.3;   84.33;   -999;   -999;-999;eor
       2315;20190214;   10;   6.2;   2.3;    3;   0.0;   0;    6.900;   0;   3.4;   6.9; 1023.14;    5.3;   79.17;   -999;   -999;-999;eor
       2315;20190215;   10;   3.6;   0.9;    3;   0.0;   0;    8.600;   0;   1.6;   5.7; 1021.27;    3.0;   78.38;   -999;   -999;-999;eor
       2315;20190216;   10;   7.7;   1.7;    3;   0.0;   0;    8.600;   0;   1.0;   5.6; 1014.72;    5.0;   70.71;   -999;   -999;-999;eor
       2315;20190217;   10;   4.6;   1.4;    3;   0.0;   0;    8.100;   0;   5.9;   6.3; 1012.07;    4.1;   77.50;   -999;   -999;-999;eor
       2315;20190218;   10;   5.7;   1.5;    3;   0.0;   0;    8.600;   0;   2.4;   5.9; 1007.24;    5.0;   71.33;   -999;   -999;-999;eor
       2315;20190219;   10;  12.3;   3.9;    3;   0.0;   4;    1.200;   0;   6.2;   6.5; 1004.23;    5.9;   70.21;   -999;   -999;-999;eor
       2315;20190220;   10;  10.3;   3.4;    3;   0.0;   0;    0.800;   0;   6.5;   6.8; 1009.64;    6.8;   69.58;   -999;   -999;-999;eor
       2315;20190221;   10;  12.3;   3.8;    3;   4.5;   4;    0.400;   0;   7.3;   8.2; 1012.06;    7.5;   78.21;   -999;   -999;-999;eor
       2315;20190222;   10;  11.3;   3.4;    3;   0.0;   4;    2.600;   0;   5.5;   6.6; 1023.48;    3.4;   81.42;   -999;   -999;-999;eor
       2315;20190223;   10;   7.2;   2.0;    3;   0.0;   0;    6.600;   0;   4.1;   3.6; 1030.71;   -1.6;   68.13;   -999;   -999;-999;eor
       2315;20190224;   10;   4.1;   1.0;    3;   0.0;   0;    5.700;   0;   2.1;   4.0; 1026.84;    0.2;   67.88;   -999;   -999;-999;eor
       2315;20190225;   10;   7.2;   1.8;    3;   0.0;   0;    8.600;   0;   4.2;   4.9; 1024.52;    4.3;   62.92;   -999;   -999;-999;eor
       2315;20190226;   10;   7.7;   2.0;    3;   0.0;   0;    3.100;   0;   4.4;   6.0; 1020.64;    5.8;   66.50;   -999;   -999;-999;eor
       2315;20190227;   10;   7.2;   1.6;    3;   0.0;   0;    8.800;   0;   1.1;   5.6; 1013.45;    5.1;   70.38;   -999;   -999;-999;eor
       2315;20190228;   10;  13.4;   3.8;    3;   0.1;   4;    6.000;   0;   4.2;   6.6; 1000.13;    8.1;   60.67;   -999;   -999;-999;eor
       2315;20190301;   10;   8.2;   1.9;    3;   0.0;   4;    0.000;   0;   7.6;   7.9;  999.87;    5.2;   88.75;   -999;   -999;-999;eor
       2315;20190302;   10;   6.7;   2.4;    3;   0.1;   4;    0.000;   0;   7.6;   6.3; 1003.05;    4.2;   75.63;   -999;   -999;-999;eor
       2315;20190303;   10;  15.4;   5.7;    3;   1.2;   4;    0.400;   0;   7.8;   9.1;  995.40;    9.2;   77.75;   -999;   -999;-999;eor
       2315;20190304;   10;  25.7;   8.1;    3;   1.2;   4;    1.400;   0;   6.2;   7.7;  983.48;   10.4;   63.00;   -999;   -999;-999;eor
       2315;20190305;   10;  20.6;   7.5;    3;   2.0;   4;    3.300;   0;   5.9;   6.5;  991.85;    6.0;   69.63;   -999;   -999;-999;eor
       2315;20190306;   10;  10.3;   3.7;    3;   0.1;   4;    6.900;   0;   5.2;   6.8;  996.10;    6.3;   72.29;   -999;   -999;-999;eor
       2315;20190307;   10;  21.1;   5.9;    3;   0.0;   4;    2.100;   0;   5.8;   7.5;  986.54;   10.7;   59.63;   -999;   -999;-999;eor
       2315;20190308;   10;  22.6;   7.8;    3;   1.4;   4;    2.200;   0;   4.8;   6.7;  995.72;    8.0;   63.17;   -999;   -999;-999;eor
       2315;20190309;   10;  22.1;   8.0;    3;   6.3;   4;    2.400;   0;   6.4;   7.3;  995.18;    8.0;   69.42;   -999;   -999;-999;eor
       2315;20190310;   10;  23.7;   4.8;    3;  12.8;   4;    0.000;   0;   6.9;   7.5;  991.72;    5.1;   84.79;   -999;   -999;-999;eor
       2315;20190311;   10;  15.9;   6.4;    3;   0.5;   4;    1.000;   0;   6.9;   6.3;  999.52;    3.3;   82.38;   -999;   -999;-999;eor
       2315;20190312;   10;  12.3;   4.8;    3;   0.5;   4;    3.100;   0;   6.8;   6.0; 1003.92;    5.3;   68.67;   -999;   -999;-999;eor
       2315;20190313;   10;  18.0;   7.7;    3;   2.1;   4;    2.400;   0;   5.8;   5.7;  991.36;    7.4;   56.13;   -999;   -999;-999;eor
       2315;20190314;   10;  17.5;   7.4;    3;   9.2;   4;    0.100;   0;   7.9;   7.6;  987.38;    5.8;   83.00;   -999;   -999;-999;eor
       2315;20190315;   10;  19.0;   8.3;    3;   0.6;   4;    1.100;   0;   6.3;   7.9;  988.04;    7.8;   74.50;   -999;   -999;-999;eor
       2315;20190316;   10;  15.4;   6.0;    3;   4.2;   4;    0.000;   0;   6.7;   7.8;  993.71;    7.2;   75.83;   -999;   -999;-999;eor
       2315;20190317;   10;  18.0;   5.8;    3;   0.9;   4;    4.400;   0;   6.8;   7.9;  990.72;    8.6;   71.96;   -999;   -999;-999;eor
       2315;20190318;   10;  17.5;   6.9;    3;   0.3;   4;    1.500;   0;   5.0;   6.1; 1001.25;    5.4;   68.71;   -999;   -999;-999;eor
       2315;20190319;   10;  13.4;   3.9;    3;   0.0;   4;    3.000;   0;   4.7;   5.8; 1013.53;    4.1;   71.00;   -999;   -999;-999;eor
       2315;20190320;   10;  10.3;   2.3;    3;   0.0;   0;   10.000;   0;   4.3;   5.9; 1020.77;    5.8;   66.08;   -999;   -999;-999;eor
       2315;20190321;   10;   8.7;   2.0;    3;   0.0;   0;    6.200;   0;   4.5;   8.4; 1021.48;   10.0;   69.92;   -999;   -999;-999;eor
       2315;20190322;   10;   5.7;   1.5;    3;   0.0;   0;    5.400;   0;   3.0;   9.4; 1019.50;    7.9;   87.04;   -999;   -999;-999;eor
       2315;20190323;   10;  10.3;   2.6;    3;   0.0;   0;    9.200;   0;   3.7;   9.3; 1014.95;   10.6;   77.63;   -999;   -999;-999;eor
       2315;20190324;   10;   8.2;   2.1;    3;   0.0;   0;    4.800;   0;   5.0;   7.3; 1012.41;    7.5;   71.88;   -999;   -999;-999;eor
       2315;20190325;   10;  11.8;   3.5;    3;   4.7;   4;    1.100;   0;   5.2;   6.6; 1004.52;    3.7;   82.83;   -999;   -999;-999;eor
       2315;20190326;   10;  15.4;   4.7;    3;   0.2;   4;    1.300;   0;   5.5;   6.8; 1012.69;    4.4;   81.63;   -999;   -999;-999;eor
       2315;20190327;   10;  10.3;   3.6;    3;   1.2;   4;    0.200;   0;   7.8;   8.1; 1017.62;    7.3;   79.25;   -999;   -999;-999;eor
       2315;20190328;   10;   7.2;   2.4;    3;   1.6;   4;    0.000;   0;   7.7;  10.4; 1020.42;    8.4;   94.00;   -999;   -999;-999;eor
       2315;20190329;   10;   4.6;   1.2;    3;   0.0;   0;    1.700;   0;   7.1;   9.4; 1019.68;    8.6;   85.75;   -999;   -999;-999;eor
       2315;20190330;   10;  10.3;   2.1;    3;   0.0;   0;   10.900;   0;   4.3;   7.5; 1010.67;    8.2;   73.50;   -999;   -999;-999;eor
       2315;20190331;   10;   8.2;   2.4;    3;   0.0;   0;    3.000;   0;   3.9;   7.1; 1010.59;    7.0;   72.00;   -999;   -999;-999;eor
       2315;20190401;   10;  11.8;   3.6;    3;   0.0;   0;   11.200;   0;   0.9;   4.2; 1013.08;    4.7;   54.00;   -999;   -999;-999;eor
       2315;20190402;   10;   9.8;   4.1;    3;   0.0;   0;    9.700;   0;   3.5;   5.7; 1000.66;    8.9;   49.42;   -999;   -999;-999;eor
       2315;20190403;   10;   6.7;   2.6;    3;   0.0;   0;    5.000;   0;   6.8;   8.2;  991.30;   12.6;   57.38;   -999;   -999;-999;eor
       2315;20190404;   10;  11.3;   2.9;    3;   0.0;   0;    7.600;   0;   4.9;   8.2;  986.60;   12.6;   60.13;   -999;   -999;-999;eor
       2315;20190405;   10;   6.7;   2.1;    3;   0.0;   4;    3.900;   0;   6.5;   9.8;  992.82;   10.3;   79.58;   -999;   -999;-999;eor
       2315;20190406;   10;   9.8;   2.2;    3;   0.0;   0;   10.900;   0;   1.4;   8.2;  994.65;   12.5;   62.13;   -999;   -999;-999;eor
       2315;20190407;   10;   9.3;   2.2;    3;   0.0;   0;   10.800;   0;   0.7;   7.8;  995.46;   11.3;   61.50;   -999;   -999;-999;eor
       2315;20190408;   10;  10.3;   1.8;    3;   0.0;   0;   11.500;   0;   1.3;   6.7;  997.53;   12.1;   51.42;   -999;   -999;-999;eor
       2315;20190409;   10;   7.7;   2.8;    3;   0.0;   0;    7.500;   0;   2.7;   6.7; 1001.60;    6.9;   68.67;   -999;   -999;-999;eor
       2315;20190410;   10;  11.8;   3.3;    3;   0.0;   0;   11.200;   0;   1.3;   4.6; 1004.96;    4.5;   59.46;   -999;   -999;-999;eor
       2315;20190411;   10;  10.3;   3.1;    3;   0.0;   0;    4.100;   0;   4.7;   4.3; 1011.40;    2.8;   58.83;   -999;   -999;-999;eor
       2315;20190412;   10;   7.2;   2.3;    3;   0.0;   4;    0.000;   0;   7.8;   5.1; 1012.98;    2.7;   68.29;   -999;   -999;-999;eor
       2315;20190413;   10;   9.8;   2.7;    3;   0.7;   4;    0.000;   0;   7.3;   5.0; 1011.14;    3.6;   63.67;   -999;   -999;-999;eor
       2315;20190414;   10;   9.8;   3.0;    3;   1.1;   4;    1.400;   0;   7.0;   7.1; 1011.80;    5.5;   78.42;   -999;   -999;-999;eor
       2315;20190415;   10;   9.8;   2.7;    3;   0.0;   0;   11.900;   0;   0.8;   5.2; 1014.20;    7.0;   55.50;   -999;   -999;-999;eor
       2315;20190416;   10;  11.3;   3.8;    3;   0.0;   0;   11.800;   0;   0.2;   4.5; 1010.65;    8.3;   45.46;   -999;   -999;-999;eor
       2315;20190417;   10;  12.3;   3.4;    3;   0.0;   0;   12.000;   0;   0.5;   5.6; 1014.27;   10.3;   46.38;   -999;   -999;-999;eor
       2315;20190418;   10;  12.3;   2.9;    3;   0.0;   0;   11.800;   0;   0.2;   5.9; 1017.21;   12.4;   46.08;   -999;   -999;-999;eor
       2315;20190419;   10;  10.3;   2.8;    3;   0.0;   0;   12.000;   0;   0.0;   6.1; 1019.49;   14.3;   41.71;   -999;   -999;-999;eor
       2315;20190420;   10;   7.2;   1.8;    3;   0.0;   0;   12.000;   0;   2.2;   6.1; 1017.30;   13.6;   42.58;   -999;   -999;-999;eor
       2315;20190421;   10;  11.3;   1.9;    3;   0.0;   0;   12.200;   0;   0.8;   6.1; 1010.54;   13.2;   45.04;   -999;   -999;-999;eor
       2315;20190422;   10;  15.9;   5.2;    3;   0.0;   0;   12.300;   0;   1.1;   6.4; 1004.15;   12.6;   46.08;   -999;   -999;-999;eor
       2315;20190423;   10;  19.5;   8.7;    3;   0.0;   0;    7.400;   0;   3.6;   8.1;  996.40;   14.3;   49.79;   -999;   -999;-999;eor
       2315;20190424;   10;  12.9;   5.7;    3;   0.0;   0;   10.800;   0;   4.8;  10.8;  994.20;   16.9;   57.21;   -999;   -999;-999;eor
       2315;20190425;   10;   9.3;   3.3;    3;   0.0;   0;   12.300;   0;   4.6;   8.2;  998.75;   19.0;   40.50;   -999;   -999;-999;eor
       2315;20190426;   10;  12.9;   5.0;    3;  12.5;   4;   10.000;   0;   5.9;  11.0;  997.12;   16.7;   60.67;   -999;   -999;-999;eor
       2315;20190427;   10;  10.8;   3.4;    3;   1.1;   4;    3.800;   0;   6.8;  10.1; 1000.90;   12.6;   71.79;   -999;   -999;-999;eor
       2315;20190428;   10;   7.7;   3.0;    3;   0.0;   4;    2.700;   0;   7.2;   9.1; 1005.63;    9.5;   77.88;   -999;   -999;-999;eor
       2315;20190429;   10;   9.3;   3.3;    3;   3.7;   4;    0.000;   0;   6.5;  10.1; 1005.58;    9.5;   84.29;   -999;   -999;-999;eor
       2315;20190430;   10;   9.3;   2.6;    3;   0.9;   4;   12.300;   0;   1.8;   6.1; 1005.34;    9.3;   56.71;   -999;   -999;-999;eor
       2315;20190501;   10;  10.8;   3.7;    3;   0.0;   0;    8.100;   0;   5.8;   9.9; 1000.59;   12.6;   69.38;   -999;   -999;-999;eor
       2315;20190502;   10;  12.9;   4.6;    3;   0.0;   4;    4.300;   0;   6.2;   9.1;  995.24;   10.8;   71.25;   -999;   -999;-999;eor
       2315;20190503;   10;  12.9;   4.4;    3;   0.7;   4;    5.000;   0;   6.5;   6.3;  996.23;    9.2;   54.38;   -999;   -999;-999;eor
       2315;20190504;   10;   7.7;   2.2;    3;   1.1;   4;    2.700;   0;   5.6;   6.8;  995.52;    5.1;   78.13;   -999;   -999;-999;eor
       2315;20190505;   10;  10.3;   1.9;    3;   0.0;   0;    6.200;   0;   4.0;   5.4; 1003.87;    5.0;   66.42;   -999;   -999;-999;eor
       2315;20190506;   10;  13.4;   3.3;    3;   0.0;   4;    5.800;   0;   5.3;   5.9; 1005.80;    7.1;   60.79;   -999;   -999;-999;eor
       2315;20190507;   10;   8.7;   1.9;    3;   0.0;   4;    4.000;   0;   5.3;   6.5; 1005.56;    7.2;   67.29;   -999;   -999;-999;eor
       2315;20190508;   10;  13.4;   4.0;    3;   0.9;   4;    6.000;   0;   6.5;   7.5;  995.41;   10.6;   61.88;   -999;   -999;-999;eor
       2315;20190509;   10;   8.7;   3.1;    3;   0.3;   4;    4.100;   0;   6.8;   9.9;  988.45;   13.5;   66.75;   -999;   -999;-999;eor
       2315;20190510;   10;  12.9;   4.0;    3;   1.0;   4;    1.100;   0;   6.3;  10.1;  995.96;   12.3;   73.04;   -999;   -999;-999;eor
       2315;20190511;   10;   7.7;   2.5;    3;   7.3;   4;    0.000;   0;   7.2;  10.5; 1001.19;    9.1;   90.46;   -999;   -999;-999;eor
       2315;20190512;   10;  11.8;   3.5;    3;   0.0;   0;   10.300;   0;   5.4;   7.3; 1015.15;   10.9;   59.58;   -999;   -999;-999;eor
       2315;20190513;   10;  11.3;   2.9;    3;   0.0;   4;   10.600;   0;   3.3;   5.9; 1022.26;    9.5;   53.08;   -999;   -999;-999;eor
       2315;20190514;   10;  13.9;   3.4;    3;   0.0;   0;    8.000;   0;   3.2;   5.9; 1018.83;    8.2;   56.33;   -999;   -999;-999;eor
       2315;20190515;   10;   9.3;   3.1;    3;   1.9;   4;    0.500;   0;   6.5;   6.1; 1012.57;    8.0;   56.75;   -999;   -999;-999;eor
       2315;20190516;   10;   5.7;   1.7;    3;   0.0;   4;    0.000;   0;   7.3;   9.9; 1003.64;    8.0;   92.21;   -999;   -999;-999;eor
       2315;20190517;   10;   9.3;   2.1;    3;   0.0;   0;    3.000;   0;   5.9;  11.2;  998.87;   12.5;   78.46;   -999;   -999;-999;eor
       2315;20190518;   10;  10.8;   3.0;    3;   0.0;   0;   13.400;   0;   1.4;  11.0;  995.60;   15.2;   67.54;   -999;   -999;-999;eor
       2315;20190519;   10;  13.9;   3.0;    3;   0.0;   0;   13.300;   0;   3.2;  11.4;  992.86;   18.6;   58.38;   -999;   -999;-999;eor
       2315;20190520;   10;   6.7;   2.2;    3;   1.5;   4;    4.800;   0;   6.1;  15.0;  990.05;   16.6;   80.83;   -999;   -999;-999;eor
       2315;20190521;   10;   9.8;   2.4;    3;   0.0;   4;   10.500;   0;   4.0;  13.9;  993.11;   17.2;   72.71;   -999;   -999;-999;eor
       2315;20190522;   10;  12.3;   4.2;    3;   0.9;   4;    0.000;   0;   7.7;  12.7; 1001.63;   12.7;   86.58;   -999;   -999;-999;eor
       2315;20190523;   10;   9.3;   2.6;    3;   0.0;   0;   12.800;   0;   5.3;   8.6; 1006.10;   13.6;   59.25;   -999;   -999;-999;eor
       2315;20190524;   10;  10.8;   2.5;    3;   0.0;   0;   12.900;   0;   5.6;   9.6; 1002.10;   15.7;   58.42;   -999;   -999;-999;eor
       2315;20190525;   10;  10.8;   3.2;    3;   0.0;   0;   11.600;   0;   4.6;  10.3; 1002.99;   14.5;   63.96;   -999;   -999;-999;eor
       2315;20190526;   10;  13.4;   4.1;    3;   0.0;   0;   10.600;   0;   5.6;   9.7; 1000.99;   16.0;   56.42;   -999;   -999;-999;eor
       2315;20190527;   10;  12.3;   3.7;    3;   0.1;   4;    1.700;   0;   7.5;  12.8;  995.92;   17.8;   63.29;   -999;   -999;-999;eor
       2315;20190528;   10;   9.3;   2.5;    3;   0.1;   4;    0.700;   0;   7.8;  11.3;  994.96;   15.9;   64.46;   -999;   -999;-999;eor
       2315;20190529;   10;  10.8;   2.9;    3;   0.0;   0;   11.900;   0;   5.7;   7.1; 1008.09;   13.0;   49.83;   -999;   -999;-999;eor
       2315;20190530;   10;  10.8;   2.7;    3;   0.0;   0;   12.300;   0;   5.0;   8.1; 1012.00;   14.5;   52.79;   -999;   -999;-999;eor
       2315;20190531;   10;   9.8;   2.9;    3;   0.0;   4;    6.100;   0;   5.9;  14.1; 1011.24;   19.0;   65.42;   -999;   -999;-999;eor
       2315;20190601;   10;  10.3;   2.2;    3;   0.0;   0;   10.800;   0;   4.6;  13.9; 1009.15;   20.2;   63.71;   -999;   -999;-999;eor
       2315;20190602;   10;   9.3;   2.2;    3;   0.0;   0;   14.600;   0;   3.3;  13.3; 1005.33;   22.3;   54.96;   -999;   -999;-999;eor
       2315;20190603;   10;  14.9;   3.6;    3;   0.0;   0;   13.400;   0;   2.5;  13.5; 1001.82;   25.5;   45.83;   -999;   -999;-999;eor
       2315;20190604;   10;  11.3;   2.0;    3;   0.0;   0;   13.700;   0;   3.3;  14.2; 1000.10;   23.5;   52.58;   -999;   -999;-999;eor
       2315;20190605;   10;  11.3;   3.7;    3;   0.0;   0;   14.600;   0;   2.3;  14.1;  996.32;   25.7;   47.00;   -999;   -999;-999;eor
       2315;20190606;   10;  14.9;   4.6;    3;  15.0;   4;    6.500;   0;   5.3;  16.6;  997.17;   20.9;   69.63;   -999;   -999;-999;eor
       2315;20190607;   10;   9.3;   2.9;    3;   0.0;   4;    9.800;   0;   4.0;  14.8; 1002.15;   19.0;   68.88;   -999;   -999;-999;eor
       2315;20190608;   10;  15.4;   5.7;    3;   0.0;   4;    8.400;   0;   3.8;  10.3; 1008.22;   17.9;   52.75;   -999;   -999;-999;eor
       2315;20190609;   10;   8.2;   2.2;    3;   0.9;   4;   11.600;   0;   4.9;   9.4; 1011.05;   19.1;   46.42;   -999;   -999;-999;eor
       2315;20190610;   10;  11.3;   2.0;    3;  -999;-999;    5.500;   0;   7.2;  16.8; 1001.02;   22.0;   66.50;   -999;   -999;-999;eor
       2315;20190611;   10;  25.2;   2.9;    3;  41.1;   4;   10.300;   0;   5.6;  19.4;  997.37;   21.4;   78.42;   -999;   -999;-999;eor
       2315;20190612;   10;  25.2;   3.0;    3;   8.9;   4;    8.400;   0;   5.5;  19.3;  996.55;   21.6;   78.29;   -999;   -999;-999;eor
       2315;20190613;   10;   7.7;   1.7;    3;   0.0;   4;    9.200;   0;   3.8;  14.7; 1003.04;   18.9;   70.38;   -999;   -999;-999;eor
       2315;20190614;   10;   8.2;   2.5;    3;   1.8;   4;   10.900;   0;   3.9;  14.1; 1005.13;   22.5;   56.54;   -999;   -999;-999;eor
       2315;20190615;   10;  13.4;   5.8;    3;   0.0;   0;    9.200;   0;   4.6;  18.7;  999.31;   25.5;   59.83;   -999;   -999;-999;eor
       2315;20190616;   10;   6.7;   2.2;    3;   0.0;   4;    3.500;   0;   6.0;  13.9; 1008.00;   17.5;   70.33;   -999;   -999;-999;eor
       2315;20190617;   10;   6.2;   1.7;    3;   0.0;   0;   12.800;   0;   3.6;  14.0; 1009.23;   20.6;   60.63;   -999;   -999;-999;eor
       2315;20190618;   10;  11.3;   2.7;    3;   0.0;   0;   12.400;   0;   2.1;  13.6; 1004.55;   22.3;   54.08;   -999;   -999;-999;eor
       2315;20190619;   10;  11.3;   2.4;    3;   0.0;   4;    9.700;   0;   4.6;  17.1;  997.93;   24.1;   59.88;   -999;   -999;-999;eor
       2315;20190620;   10;  15.4;   2.9;    3;  17.9;   4;    9.800;   0;   6.0;  16.5;  998.94;   22.2;   63.38;   -999;   -999;-999;eor
       2315;20190621;   10;   7.7;   2.2;    3;   0.0;   0;    6.500;   0;   4.8;  15.6; 1005.23;   19.5;   71.63;   -999;   -999;-999;eor
       2315;20190622;   10;   9.8;   2.9;    3;   0.0;   0;    9.500;   0;   3.0;  13.7; 1008.73;   20.5;   59.67;   -999;   -999;-999;eor
       2315;20190623;   10;  13.4;   3.2;    3;   0.0;   0;   13.600;   0;   1.5;  12.6; 1009.50;   21.4;   52.58;   -999;   -999;-999;eor
       2315;20190624;   10;   9.3;   2.5;    3;   0.0;   0;   15.300;   0;   2.2;  11.3; 1011.30;   22.3;   47.42;   -999;   -999;-999;eor
       2315;20190625;   10;   9.8;   2.5;    3;   0.0;   0;   15.100;   0;   3.5;  15.1; 1009.48;   25.6;   50.29;   -999;   -999;-999;eor
       2315;20190626;   10;  11.8;   3.9;    3;   0.0;   0;   14.500;   0;   1.7;  19.4; 1008.02;   29.0;   51.21;   -999;   -999;-999;eor
       2315;20190627;   10;  11.3;   4.0;    3;   0.0;   0;   13.400;   0;   1.4;  11.8; 1011.33;   20.9;   50.21;   -999;   -999;-999;eor
       2315;20190628;   10;   7.7;   2.2;    3;   0.0;   0;    8.900;   0;   3.1;  11.6; 1012.13;   17.4;   61.33;   -999;   -999;-999;eor
       2315;20190629;   10;   5.7;   1.1;    3;   0.0;   0;   15.200;   0;   0.6;  11.9; 1008.74;   20.9;   54.25;   -999;   -999;-999;eor
       2315;20190630;   10;  12.3;   3.5;    3;   0.0;   0;   15.000;   0;   1.2;  13.2; 1001.43;   27.4;   41.88;   -999;   -999;-999;eor
       2315;20190701;   10;  11.3;   3.3;    3;   0.1;   4;    8.200;   0;   4.0;  12.3; 1002.57;   23.0;   45.13;   -999;   -999;-999;eor
       2315;20190702;   10;  17.0;   4.3;    3;   0.0;   0;   11.600;   0;   2.1;  10.1; 1007.41;   18.0;   51.17;   -999;   -999;-999;eor
       2315;20190703;   10;   9.8;   2.9;    3;   0.0;   0;    8.400;   0;   3.4;   8.6; 1010.53;   15.3;   52.50;   -999;   -999;-999;eor
       2315;20190704;   10;   9.8;   2.8;    3;   0.0;   0;   13.400;   0;   3.9;   8.3; 1009.77;   16.1;   49.04;   -999;   -999;-999;eor
       2315;20190705;   10;  13.4;   4.0;    3;   0.0;   4;    1.100;   0;   6.7;  11.6; 1002.80;   19.4;   51.96;   -999;   -999;-999;eor
       2315;20190706;   10;  13.4;   3.4;    3;   1.7;   4;    6.000;   0;   5.8;  13.1;  997.35;   19.5;   61.83;   -999;   -999;-999;eor
       2315;20190707;   10;  12.3;   4.0;    3;   0.0;   4;    2.900;   0;   6.4;  10.7;  999.45;   14.9;   64.46;   -999;   -999;-999;eor
       2315;20190708;   10;  12.9;   4.1;    3;   0.0;   0;    2.000;   0;   6.7;   9.8; 1003.77;   14.2;   60.96;   -999;   -999;-999;eor
       2315;20190709;   10;  10.3;   3.1;    3;   0.0;   4;    0.100;   0;   6.4;  10.3; 1005.45;   14.1;   65.58;   -999;   -999;-999;eor
       2315;20190710;   10;  10.3;   3.4;    3;   0.0;   0;   12.200;   0;   2.5;  10.1; 1005.29;   16.1;   59.13;   -999;   -999;-999;eor
       2315;20190711;   10;   7.2;   1.9;    3;   4.9;   4;    4.600;   0;   6.3;  11.8; 1001.39;   17.4;   60.96;   -999;   -999;-999;eor
       2315;20190712;   10;  18.0;   2.0;    3;  15.8;   4;    2.700;   0;   6.8;  16.6;  998.41;   17.7;   83.75;   -999;   -999;-999;eor
       2315;20190713;   10;  10.8;   3.1;    3;  11.5;   4;    2.800;   0;   6.8;  16.5; 1000.41;   16.8;   86.08;   -999;   -999;-999;eor
       2315;20190714;   10;   8.2;   2.8;    3;   0.0;   4;    3.500;   0;   6.7;  15.3; 1004.39;   17.1;   79.29;   -999;   -999;-999;eor
       2315;20190715;   10;   8.2;   2.7;    3;   0.0;   4;    1.700;   0;   6.5;  12.8; 1004.85;   15.7;   72.67;   -999;   -999;-999;eor
       2315;20190716;   10;  10.8;   4.8;    3;   0.0;   4;    2.200;   0;   5.9;  12.8; 1003.40;   15.9;   73.43;   -999;   -999;-999;eor
       2315;20190717;   10;   7.2;   1.8;    3;   0.0;   0;    7.200;   0;   4.7;  12.7; 1002.50;   16.7;   70.33;   -999;   -999;-999;eor
       2315;20190718;   10;  10.3;   1.3;    3;   0.2;   4;    9.300;   0;   3.7;  12.0; 1000.22;   19.4;   57.92;   -999;   -999;-999;eor
       2315;20190719;   10;  11.8;   1.9;    3;   3.7;   4;    1.800;   0;   7.1;  16.5; 1001.69;   18.8;   76.71;   -999;   -999;-999;eor
       2315;20190720;   10;  23.7;   2.3;    3;   8.5;   4;   10.100;   0;   6.6;  16.8; 1002.03;   21.8;   69.50;   -999;   -999;-999;eor
       2315;20190721;   10;  10.8;   3.2;    3;   0.0;   4;   10.100;   0;   5.2;  16.6; 1006.39;   20.9;   70.00;   -999;   -999;-999;eor
       2315;20190722;   10;   7.7;   1.9;    3;   0.0;   0;    4.800;   0;   6.8;  15.1; 1010.54;   21.0;   63.42;   -999;   -999;-999;eor
       2315;20190723;   10;   9.8;   2.0;    3;   0.0;   0;   14.400;   0;   1.4;  16.8; 1008.95;   23.7;   60.50;   -999;   -999;-999;eor
       2315;20190724;   10;   6.7;   1.4;    3;   0.0;   0;   14.600;   0;   1.5;  15.4; 1005.87;   24.7;   55.17;   -999;   -999;-999;eor
       2315;20190725;   10;   8.7;   2.0;    3;   0.0;   0;   14.300;   0;   1.9;  15.1; 1005.08;   26.4;   48.00;   -999;   -999;-999;eor
       2315;20190726;   10;   9.8;   3.0;    3;   0.0;   0;   14.100;   0;   1.3;  14.8; 1000.82;   24.3;   51.38;   -999;   -999;-999;eor
       2315;20190727;   10;  13.9;   3.7;    3;   0.0;   0;   12.900;   0;   1.7;  13.9;  993.84;   23.4;   49.92;   -999;   -999;-999;eor
       2315;20190728;   10;   9.8;   2.8;    3;   0.0;   0;   10.300;   0;   5.0;  16.6;  990.09;   24.8;   54.00;   -999;   -999;-999;eor
       2315;20190729;   10;  11.3;   2.8;    3;   0.0;   0;   10.200;   0;   5.5;  19.9;  995.51;   25.4;   63.38;   -999;   -999;-999;eor
       2315;20190730;   10;   9.3;   3.3;    3;   0.0;   0;    1.300;   0;   6.8;  20.5;  999.13;   23.7;   71.25;   -999;   -999;-999;eor
       2315;20190731;   10;  13.9;   1.7;    3;   7.5;   4;    2.500;   0;   5.0;  18.6; 1002.88;   18.3;   89.63;   -999;   -999;-999;eor
       2315;20190801;   10;   7.7;   1.8;    3;   0.0;   0;    7.600;   0;   3.4;  15.4; 1004.59;   18.4;   76.21;   -999;   -999;-999;eor
       2315;20190802;   10;   8.2;   1.3;    3;   4.5;   4;    2.900;   0;   5.8;  15.6; 1002.52;   17.5;   79.83;   -999;   -999;-999;eor
       2315;20190803;   10;   7.7;   1.5;    3;   0.0;   0;    6.900;   0;   4.3;  14.3; 1002.15;   19.0;   68.67;   -999;   -999;-999;eor
       2315;20190804;   10;   9.3;   2.0;    3;   0.0;   0;    8.700;   0;   3.9;  13.9; 1003.68;   18.2;   69.29;   -999;   -999;-999;eor
       2315;20190805;   10;   7.7;   1.5;    3;   0.4;   4;    1.600;   0;   6.3;  15.4; 1000.23;   18.2;   74.58;   -999;   -999;-999;eor
       2315;20190806;   10;  11.8;   2.6;    3;   0.0;   0;    7.400;   0;   5.0;  16.3;  997.77;   21.7;   66.42;   -999;   -999;-999;eor
       2315;20190807;   10;  13.4;   2.5;    3;   6.9;   4;    3.000;   0;   6.5;  18.2;  995.38;   19.5;   81.00;   -999;   -999;-999;eor
       2315;20190808;   10;  14.4;   3.7;    3;   0.0;   0;   11.200;   0;   3.0;  13.8;  998.87;   20.3;   62.46;   -999;   -999;-999;eor
       2315;20190809;   10;   7.2;   1.7;    3;   0.0;   4;    7.200;   0;   5.5;  14.5;  999.82;   21.4;   59.92;   -999;   -999;-999;eor
       2315;20190810;   10;  17.0;   5.4;    3;   0.0;   0;    2.600;   0;   6.0;  17.2;  999.79;   22.7;   64.17;   -999;   -999;-999;eor
       2315;20190811;   10;  10.8;   3.0;    3;   0.0;   4;    8.200;   0;   4.0;  12.8; 1002.83;   22.7;   48.63;   -999;   -999;-999;eor
       2315;20190812;   10;   9.8;   3.3;    3;   0.0;   4;    3.400;   0;   7.3;  12.3; 1002.66;   20.0;   53.88;   -999;   -999;-999;eor
       2315;20190813;   10;  14.9;   4.1;    3;   0.0;   0;    9.400;   0;   4.2;  11.2; 1003.76;   18.2;   55.25;   -999;   -999;-999;eor
       2315;20190814;   10;  10.3;   2.3;    3;   0.0;   0;    7.500;   0;   3.4;   9.3; 1005.46;   15.2;   58.50;   -999;   -999;-999;eor
       2315;20190815;   10;  11.3;   3.1;    3;   0.1;   4;    1.900;   0;   6.0;  12.1; 1001.23;   16.7;   64.04;   -999;   -999;-999;eor
       2315;20190816;   10;  11.3;   2.9;    3;   0.0;   0;    4.600;   0;   5.6;  12.3; 1003.71;   17.8;   63.21;   -999;   -999;-999;eor
       2315;20190817;   10;  12.9;   3.9;    3;   1.0;   4;    1.400;   0;   6.9;  12.8;  999.65;   19.6;   57.25;   -999;   -999;-999;eor
       2315;20190818;   10;  15.9;   3.4;    3;   1.8;   4;    3.300;   0;   6.6;  18.0;  996.37;   21.4;   72.42;   -999;   -999;-999;eor
       2315;20190819;   10;  13.4;   2.7;    3;   0.0;   0;    5.700;   0;   5.0;  13.8; 1003.93;   19.8;   63.33;   -999;   -999;-999;eor
       2315;20190820;   10;   6.2;   1.8;    3;   0.3;   4;    4.300;   0;   7.0;  11.7; 1009.58;   18.2;   60.21;   -999;   -999;-999;eor
       2315;20190821;   10;  11.8;   2.0;    3;   0.0;   0;   10.600;   0;   3.5;  11.5; 1015.27;   17.3;   62.67;   -999;   -999;-999;eor
       2315;20190822;   10;  10.8;   1.8;    3;   0.0;   0;   11.400;   0;   1.8;  10.7; 1015.08;   17.6;   58.08;   -999;   -999;-999;eor
       2315;20190823;   10;   7.7;   1.7;    3;   0.0;   0;   12.200;   0;   1.0;  12.6; 1013.76;   19.5;   60.92;   -999;   -999;-999;eor
       2315;20190824;   10;  10.8;   2.5;    3;   0.0;   0;   10.300;   0;   2.5;  14.9; 1010.90;   21.3;   61.63;   -999;   -999;-999;eor
       2315;20190825;   10;   9.8;   3.0;    3;   0.0;   0;   10.300;   0;   3.2;  16.2; 1008.27;   24.5;   55.29;   -999;   -999;-999;eor
       2315;20190826;   10;  20.6;   2.0;    3;   2.1;   4;    5.100;   0;   4.7;  17.7; 1007.43;   22.7;   67.71;   -999;   -999;-999;eor
       2315;20190827;   10;  11.8;   2.5;    3;   0.0;   0;    8.900;   0;   2.4;  18.8; 1005.43;   23.6;   68.88;   -999;   -999;-999;eor
       2315;20190828;   10;  12.3;   2.3;    3;   0.2;   4;    7.300;   0;   4.5;  18.9; 1003.08;   23.5;   69.92;   -999;   -999;-999;eor
       2315;20190829;   10;  11.3;   2.2;    3;   0.0;   4;    8.400;   0;   4.5;  18.1; 1005.61;   22.7;   68.88;   -999;   -999;-999;eor
       2315;20190830;   10;   6.2;   1.5;    3;   0.0;   0;    9.800;   0;   2.5;  17.9; 1009.12;   23.9;   63.38;   -999;   -999;-999;eor
       2315;20190831;   10;  10.3;   2.4;    3;   0.0;   0;   11.700;   0;   0.6;  16.8; 1003.50;   24.9;   58.63;   -999;   -999;-999;eor
       2315;20190901;   10;  10.8;   3.5;    3;   0.0;   0;    6.200;   0;   4.3;  16.2;  999.13;   23.1;   58.54;   -999;   -999;-999;eor
       2315;20190902;   10;  14.9;   2.6;    3;   0.0;   0;    7.600;   0;   3.4;   9.8; 1008.81;   16.4;   55.79;   -999;   -999;-999;eor
       2315;20190903;   10;  12.3;   2.5;    3;   0.0;   4;    3.600;   0;   4.9;   9.4; 1010.72;   14.6;   59.79;   -999;   -999;-999;eor
       2315;20190904;   10;  11.3;   2.6;    3;   0.8;   4;   11.400;   0;   3.1;  10.5; 1004.12;   18.7;   54.54;   -999;   -999;-999;eor
       2315;20190905;   10;  14.9;   4.1;    3;   0.0;   0;    5.200;   0;   5.1;  11.5; 1004.39;   17.0;   61.17;   -999;   -999;-999;eor
       2315;20190906;   10;   7.7;   1.8;    3;   0.0;   0;   11.400;   0;   1.7;   8.3; 1011.02;   13.4;   58.42;   -999;   -999;-999;eor
       2315;20190907;   10;   7.7;   1.5;    3;   0.0;   4;    0.000;   0;   7.0;   9.5; 1006.24;   12.8;   63.92;   -999;   -999;-999;eor
       2315;20190908;   10;   7.7;   1.4;    3;   0.6;   4;    3.900;   0;   7.1;  10.8; 1005.22;   15.0;   65.92;   -999;   -999;-999;eor
       2315;20190909;   10;   9.8;   3.1;    3;  19.6;   4;    0.000;   0;   8.0;  13.9;  999.35;   12.9;   93.33;   -999;   -999;-999;eor
       2315;20190910;   10;  13.9;   4.2;    3;   0.0;   0;    7.100;   0;   3.3;  11.0; 1004.49;   13.8;   72.46;   -999;   -999;-999;eor
       2315;20190911;   10;   9.8;   2.3;    3;   0.0;   4;   10.000;   0;   2.5;  10.0; 1010.30;   14.1;   66.04;   -999;   -999;-999;eor
       2315;20190912;   10;   9.3;   2.9;    3;   0.0;   0;    3.400;   0;   5.7;  14.4; 1014.72;   17.6;   71.50;   -999;   -999;-999;eor
       2315;20190913;   10;  12.9;   3.0;    3;   0.0;   4;    2.400;   0;   6.0;  14.4; 1017.28;   16.9;   76.08;   -999;   -999;-999;eor
       2315;20190914;   10;   5.1;   0.9;    3;   0.0;   0;    8.900;   0;   2.1;   9.6; 1020.40;   11.7;   74.29;   -999;   -999;-999;eor
       2315;20190915;   10;  10.3;   3.0;    3;   0.0;   4;    7.300;   0;   5.4;   9.8; 1009.31;   15.3;   60.83;   -999;   -999;-999;eor
       2315;20190916;   10;   9.8;   2.5;    3;   0.3;   4;    0.000;   0;   7.9;  12.9; 1006.91;   12.8;   88.21;   -999;   -999;-999;eor
       2315;20190917;   10;  15.4;   5.6;    3;   0.2;   4;    2.800;   0;   5.5;  10.6; 1004.03;   11.9;   76.92;   -999;   -999;-999;eor
       2315;20190918;   10;  12.3;   4.2;    3;   0.0;   0;    4.800;   0;   3.0;   8.7; 1010.14;   10.9;   68.54;   -999;   -999;-999;eor
       2315;20190919;   10;   7.7;   2.5;    3;   0.0;   0;    6.700;   0;   5.1;   7.7; 1015.20;    9.4;   68.21;   -999;   -999;-999;eor
       2315;20190920;   10;   8.7;   1.9;    3;   0.0;   0;    6.700;   0;   4.0;   8.3; 1015.98;    9.1;   74.71;   -999;   -999;-999;eor
       2315;20190921;   10;   5.7;   1.3;    3;   0.0;   0;   10.000;   0;   1.4;   8.8; 1010.55;   11.3;   70.33;   -999;   -999;-999;eor
       2315;20190922;   10;   8.7;   2.6;    3;   0.0;   0;   10.100;   0;   1.5;   8.8; 1002.00;   14.6;   59.42;   -999;   -999;-999;eor
       2315;20190923;   10;  12.3;   1.8;    3;   0.1;   4;    7.700;   0;   5.2;   9.8; 1001.30;   14.0;   64.92;   -999;   -999;-999;eor
       2315;20190924;   10;   5.1;   1.7;    3;   0.0;   4;    1.000;   0;   7.3;  14.8; 1000.51;   15.6;   84.46;   -999;   -999;-999;eor
       2315;20190925;   10;   9.3;   2.0;    3;   0.1;   4;    0.000;   0;   7.4;  14.4;  994.93;   14.4;   88.38;   -999;   -999;-999;eor
       2315;20190926;   10;   7.7;   2.0;    3;   0.2;   4;    2.000;   0;   5.6;  13.2;  999.31;   14.6;   80.42;   -999;   -999;-999;eor
       2315;20190927;   10;   8.2;   2.6;    3;   4.8;   4;    0.000;   0;   6.0;  16.0;  998.40;   14.9;   93.75;   -999;   -999;-999;eor
       2315;20190928;   10;  17.0;   4.4;    3;   1.0;   4;    4.100;   0;   4.9;  13.1;  999.81;   14.9;   78.17;   -999;   -999;-999;eor
       2315;20190929;   10;  13.4;   5.0;    3;   2.6;   4;    0.100;   0;   6.9;  12.5;  992.57;   16.2;   68.00;   -999;   -999;-999;eor
       2315;20190930;   10;  25.2;   8.6;    3;   2.3;   4;    2.100;   0;   5.4;  12.6;  990.43;   15.0;   74.21;   -999;   -999;-999;eor
       2315;20191001;   10;  15.4;   4.6;    3;   3.6;   4;    0.400;   0;   7.0;  13.4;  990.87;   15.0;   78.00;   -999;   -999;-999;eor
       2315;20191002;   10;  12.3;   3.1;    3;   1.2;   4;    1.100;   0;   5.1;  10.7;  993.12;   10.7;   82.67;   -999;   -999;-999;eor
       2315;20191003;   10;  10.8;   3.4;    3;   0.1;   4;    1.200;   0;   7.0;   9.8; 1001.05;    9.3;   83.50;   -999;   -999;-999;eor
       2315;20191004;   10;   7.7;   2.1;    3;  12.3;   4;    0.000;   0;   7.3;  10.2;  997.75;    8.8;   90.04;   -999;   -999;-999;eor
       2315;20191005;   10;  10.8;   3.0;    3;   0.7;   4;    0.000;   0;   7.0;   9.5; 1000.39;    7.5;   92.08;   -999;   -999;-999;eor
       2315;20191006;   10;   8.2;   2.1;    3;   0.0;   0;    0.900;   0;   5.8;   7.1; 1007.71;    4.5;   85.88;   -999;   -999;-999;eor
       2315;20191007;   10;   5.1;   1.1;    3;   0.0;   0;    9.300;   0;   3.7;   6.1; 1007.39;    4.0;   78.21;   -999;   -999;-999;eor
       2315;20191008;   10;  10.8;   3.9;    3;   0.8;   4;    0.000;   0;   7.9;  11.4;  996.80;    9.8;   90.38;   -999;   -999;-999;eor
       2315;20191009;   10;  11.8;   4.2;    3;   5.3;   4;    4.000;   0;   5.5;  11.7;  995.74;   12.3;   83.08;   -999;   -999;-999;eor
       2315;20191010;   10;  12.3;   5.1;    3;   2.2;   4;    2.300;   0;   5.6;  10.5;  999.38;   11.0;   80.38;   -999;   -999;-999;eor
       2315;20191011;   10;  12.9;   5.2;    3;   0.0;   4;    0.000;   0;   6.4;  11.3; 1002.36;   12.9;   75.13;   -999;   -999;-999;eor
       2315;20191012;   10;  14.9;   5.8;    3;   0.0;   0;    8.900;   0;   4.3;  12.6;  999.57;   17.4;   63.63;   -999;   -999;-999;eor
       2315;20191013;   10;   9.3;   3.3;    3;   0.0;   0;    5.100;   0;   4.4;  15.5; 1001.05;   19.5;   68.54;   -999;   -999;-999;eor
       2315;20191014;   10;   9.8;   2.4;    3;   0.0;   0;    8.600;   0;   2.1;  14.5; 1001.92;   18.6;   69.29;   -999;   -999;-999;eor
       2315;20191015;   10;  10.3;   2.4;    3;   0.3;   4;    8.200;   0;   3.2;  13.6;  995.36;   14.7;   83.00;   -999;   -999;-999;eor
       2315;20191016;   10;  14.9;   4.3;    3;   6.4;   4;    0.500;   0;   6.1;  12.8;  997.85;   12.2;   89.46;   -999;   -999;-999;eor
       2315;20191017;   10;  15.9;   3.4;    3;   0.1;   4;    2.000;   0;   5.6;  11.6; 1001.29;   14.4;   71.04;   -999;   -999;-999;eor
       2315;20191018;   10;  10.8;   3.4;    3;   0.2;   4;    3.800;   0;   5.9;  12.8;  999.03;   14.5;   76.67;   -999;   -999;-999;eor
       2315;20191019;   10;   8.2;   2.6;    3;   0.0;   4;    0.400;   0;   7.3;  11.7;  998.76;   12.0;   82.96;   -999;   -999;-999;eor
       2315;20191020;   10;   6.7;   2.7;    3;   0.0;   0;    7.600;   0;   5.3;  12.9;  998.87;   14.9;   76.63;   -999;   -999;-999;eor
       2315;20191021;   10;   6.2;   1.0;    3;   0.0;   0;    0.600;   0;   5.9;  13.2; 1005.44;   12.7;   90.13;   -999;   -999;-999;eor
       2315;20191022;   10;   4.6;   0.8;    3;   0.0;   0;    6.200;   0;   4.2;  11.7; 1011.47;   11.0;   89.63;   -999;   -999;-999;eor
       2315;20191023;   10;   5.1;   1.9;    3;   0.0;   0;    5.500;   0;   4.8;  12.7; 1006.84;   11.5;   91.96;   -999;   -999;-999;eor
       2315;20191024;   10;   7.2;   2.7;    3;   0.0;   0;    4.400;   0;   6.0;  14.1;  999.07;   14.2;   88.08;   -999;   -999;-999;eor
       2315;20191025;   10;  12.9;   3.3;    3;   0.0;   0;    6.000;   0;   5.6;  12.2; 1007.12;   14.0;   77.21;   -999;   -999;-999;eor
       2315;20191026;   10;  11.3;   3.7;    3;   0.0;   0;    6.200;   0;   5.9;  11.8; 1005.05;   13.9;   74.96;   -999;   -999;-999;eor
       2315;20191027;   10;  11.8;   4.2;    3;   1.4;   4;    0.000;   0;   6.3;  10.7; 1004.63;   11.4;   80.88;   -999;   -999;-999;eor
       2315;20191028;   10;   9.3;   2.9;    3;   0.0;   0;    6.700;   0;   2.1;   8.5; 1008.80;    6.8;   86.25;   -999;   -999;-999;eor
       2315;20191029;   10;   7.2;   1.1;    3;   0.0;   0;    3.500;   0;   4.6;   7.3; 1012.36;    4.2;   90.21;   -999;   -999;-999;eor
       2315;20191030;   10;   5.1;   0.7;    3;   0.0;   0;    8.200;   0;   0.9;   5.5; 1017.63;    0.8;   86.67;   -999;   -999;-999;eor
       2315;20191031;   10;   3.6;   0.7;    3;   0.0;   0;    8.100;   0;   3.4;   4.9; 1014.43;   -0.7;   85.25;   -999;   -999;-999;eor
       2315;20191101;   10;   9.3;   3.1;    3;   0.9;   4;    5.500;   0;   4.8;   6.1; 1001.22;    2.0;   83.54;   -999;   -999;-999;eor
       2315;20191102;   10;  10.3;   3.7;    3;   0.7;   4;    0.500;   0;   7.3;  11.6;  983.39;   11.2;   86.13;   -999;   -999;-999;eor
       2315;20191103;   10;   7.7;   2.8;    3;   2.8;   4;    0.100;   0;   7.3;  11.7;  978.84;   10.6;   91.79;   -999;   -999;-999;eor
       2315;20191104;   10;  10.8;   3.1;    3;   1.3;   4;    2.000;   0;   7.2;  11.4;  979.08;   10.8;   87.83;   -999;   -999;-999;eor
       2315;20191105;   10;  11.8;   3.0;    3;   0.0;   4;    1.800;   0;   5.8;   9.5;  984.39;    8.7;   85.42;   -999;   -999;-999;eor
       2315;20191106;   10;   9.3;   3.3;    3;   0.4;   4;    0.200;   0;   6.6;   9.3;  988.84;    7.7;   88.08;   -999;   -999;-999;eor
       2315;20191107;   10;   7.2;   2.5;    3;   0.0;   0;    3.700;   0;   5.8;   9.0;  991.66;    8.0;   84.96;   -999;   -999;-999;eor
       2315;20191108;   10;   6.2;   1.6;    3;   0.2;   4;    1.100;   0;   7.2;   8.7;  994.31;    6.3;   90.08;   -999;   -999;-999;eor
       2315;20191109;   10;   7.7;   2.7;    3;   0.0;   4;    0.000;   0;   7.5;   9.1;  995.23;    6.4;   94.38;   -999;   -999;-999;eor
       2315;20191110;   10;   2.6;   0.8;    3;   0.0;   0;    7.000;   0;   1.3;   6.5; 1001.51;    2.3;   91.08;   -999;   -999;-999;eor
       2315;20191111;   10;   8.7;   2.8;    3;   0.0;   4;    7.300;   0;   4.1;   5.8;  999.42;    1.4;   86.79;   -999;   -999;-999;eor
       2315;20191112;   10;   7.7;   2.9;    3;   0.0;   0;    0.000;   0;   7.4;   6.7;  994.33;    4.0;   82.08;   -999;   -999;-999;eor
       2315;20191113;   10;   6.2;   2.2;    3;   0.0;   0;    0.000;   0;   7.5;   7.1;  991.43;    4.6;   83.46;   -999;   -999;-999;eor
       2315;20191114;   10;  10.3;   3.2;    3;   0.0;   0;    6.400;   0;   4.3;   6.6;  996.08;    4.3;   80.33;   -999;   -999;-999;eor
       2315;20191115;   10;  13.4;   4.7;    3;   2.1;   4;    1.500;   0;   7.3;   8.2;  992.70;    6.5;   85.33;   -999;   -999;-999;eor
       2315;20191116;   10;  10.3;   2.4;    3;   0.0;   4;    0.000;   0;   6.4;   7.9;  996.12;    4.4;   94.50;   -999;   -999;-999;eor
       2315;20191117;   10;   7.7;   2.2;    3;   0.7;   4;    0.000;   0;   6.6;   7.9;  998.55;    3.5;   96.38;   -999;   -999;-999;eor
       2315;20191118;   10;   7.2;   3.2;    3;   0.4;   4;    0.000;   0;   5.5;   9.2;  995.00;    7.1;   90.79;   -999;   -999;-999;eor
       2315;20191119;   10;  13.4;   3.3;    3;   4.4;   4;    2.700;   0;   6.4;   7.2; 1004.15;    5.9;   78.42;   -999;   -999;-999;eor
       2315;20191120;   10;   3.6;   1.1;    3;   0.0;   4;    0.000;   0;   8.0;   8.2; 1005.77;    4.5;   96.63;   -999;   -999;-999;eor
       2315;20191121;   10;   5.1;   1.8;    3;   2.0;   4;    0.000;   0;   8.0;  10.0;  999.05;    7.1;   98.08;   -999;   -999;-999;eor
       2315;20191122;   10;   7.2;   2.2;    3;   0.0;   0;    3.800;   0;   6.0;   9.6;  998.02;    7.6;   92.38;   -999;   -999;-999;eor
       2315;20191123;   10;   9.3;   4.1;    3;   0.0;   0;    0.000;   0;   6.1;   8.6;  994.98;    7.4;   83.58;   -999;   -999;-999;eor
       2315;20191124;   10;   7.2;   2.6;    3;   0.0;   0;    5.700;   0;   4.9;   7.6;  997.47;    4.2;   92.67;   -999;   -999;-999;eor
       2315;20191125;   10;   6.2;   2.2;    3;   0.0;   0;    0.000;   0;   7.9;   7.9;  999.38;    4.3;   95.08;   -999;   -999;-999;eor
       2315;20191126;   10;   6.7;   2.9;    3;   0.0;   0;    0.300;   0;   7.6;   8.3;  995.78;    5.9;   89.54;   -999;   -999;-999;eor
       2315;20191127;   10;   8.2;   3.8;    3;   3.5;   4;    0.000;   0;   6.3;   8.5;  986.20;    6.1;   90.42;   -999;   -999;-999;eor
       2315;20191128;   10;  12.9;   5.8;    3;   0.5;   4;    1.800;   0;   7.0;   9.2;  981.23;   10.1;   74.50;   -999;   -999;-999;eor
       2315;20191129;   10;  15.4;   5.9;    3;   0.3;   4;    1.800;   0;   5.5;   6.9;  992.12;    5.8;   73.96;   -999;   -999;-999;eor
       2315;20191130;   10;   7.7;   2.3;    3;   0.0;   0;    3.700;   0;   3.0;   6.0; 1008.99;    1.0;   90.17;   -999;   -999;-999;eor
       2315;20191201;   10;   2.1;   0.7;    3;   0.0;   0;    0.000;   0;   6.6;   5.9; 1009.73;    0.2;   95.21;   -999;   -999;-999;eor
       2315;20191202;   10;   9.3;   3.9;    3;   0.0;   4;    0.000;   0;   7.1;   6.7; 1008.62;    2.4;   91.88;   -999;   -999;-999;eor
       2315;20191203;   10;   6.2;   2.2;    3;   0.0;   4;    1.800;   0;   5.9;   6.9; 1014.10;    2.6;   93.08;   -999;   -999;-999;eor
       2315;20191204;   10;   7.2;   2.1;    3;   0.0;   0;    6.500;   0;   2.8;   6.1; 1011.70;    2.6;   84.96;   -999;   -999;-999;eor
       2315;20191205;   10;  10.8;   2.9;    3;   0.0;   0;    6.500;   0;   2.3;   5.1; 1007.79;    0.3;   82.63;   -999;   -999;-999;eor
       2315;20191206;   10;  10.8;   4.9;    3;   2.8;   4;    1.200;   0;   5.7;   5.7;  999.72;    2.6;   76.71;   -999;   -999;-999;eor
       2315;20191207;   10;  15.4;   6.2;    3;   1.4;   4;    0.000;   0;   7.6;   8.9;  996.54;    7.4;   85.96;   -999;   -999;-999;eor
       2315;20191208;   10;  12.9;   5.2;    3;   0.5;   4;    0.000;   0;   7.6;   8.7;  992.16;    8.9;   75.33;   -999;   -999;-999;eor
       2315;20191209;   10;  11.8;   5.0;    3;   1.2;   4;    3.400;   0;   6.5;   7.8;  989.33;    7.6;   75.46;   -999;   -999;-999;eor
       2315;20191210;   10;   9.3;   3.6;    3;   0.0;   0;    6.100;   0;   1.3;   6.4; 1008.79;    2.9;   85.29;   -999;   -999;-999;eor
       2315;20191211;   10;   9.8;   3.2;    3;   0.1;   4;    0.000;   0;   6.7;   5.1;  999.88;    1.5;   73.71;   -999;   -999;-999;eor
       2315;20191212;   10;   6.2;   2.8;    3;   0.0;   4;    1.000;   0;   6.7;   6.5;  990.38;    2.2;   90.79;   -999;   -999;-999;eor
       2315;20191213;   10;  10.8;   4.3;    3;   2.6;   4;    4.500;   0;   4.9;   5.8;  973.75;    1.2;   87.29;   -999;   -999;-999;eor
       2315;20191214;   10;  17.5;   5.3;    3;   4.7;   4;    0.500;   0;   7.0;   7.2;  978.33;    4.3;   86.83;   -999;   -999;-999;eor
       2315;20191215;   10;  11.3;   4.5;    3;   0.6;   4;    0.200;   0;   6.8;   7.4;  990.68;    6.3;   77.08;   -999;   -999;-999;eor
       2315;20191216;   10;   5.1;   2.4;    3;   0.5;   4;    0.000;   0;   6.7;   8.2;  997.48;    5.8;   88.83;   -999;   -999;-999;eor
       2315;20191217;   10;  10.3;   3.7;    3;   0.0;   4;    1.400;   0;   7.1;   8.2;  995.07;    7.4;   79.58;   -999;   -999;-999;eor
       2315;20191218;   10;   8.2;   2.5;    3;   0.0;   4;    0.000;   0;   6.2;   8.4; 1004.05;    7.3;   83.13;   -999;   -999;-999;eor
       2315;20191219;   10;   8.7;   2.7;    3;   0.0;   0;    3.300;   0;   5.4;   8.4; 1003.58;    5.0;   94.63;   -999;   -999;-999;eor
       2315;20191220;   10;   9.8;   3.3;    3;   6.3;   4;    5.800;   0;   4.3;   8.8;  984.89;    7.5;   85.75;   -999;   -999;-999;eor
       2315;20191221;   10;   7.2;   2.5;    3;   0.0;   0;    5.200;   0;   5.2;   8.4;  981.87;    6.1;   89.63;   -999;   -999;-999;eor
       2315;20191222;   10;   4.6;   2.1;    3;   0.4;   4;    0.300;   0;   7.0;   7.0;  977.88;    2.1;   96.21;   -999;   -999;-999;eor
       2315;20191223;   10;  12.9;   4.2;    3;   1.2;   4;    0.600;   0;   7.5;   8.3;  990.46;    6.7;   85.54;   -999;   -999;-999;eor
       2315;20191224;   10;   9.8;   3.9;    3;   3.0;   4;    2.400;   0;   7.0;   7.9;  998.20;    6.3;   83.67;   -999;   -999;-999;eor
       2315;20191225;   10;   9.8;   3.3;    3;   0.1;   4;    0.000;   0;   7.7;   8.3; 1002.03;    5.6;   91.42;   -999;   -999;-999;eor
       2315;20191226;   10;   8.2;   2.6;    3;   0.0;   4;    1.000;   0;   6.9;   7.5; 1011.15;    4.2;   91.58;   -999;   -999;-999;eor
       2315;20191227;   10;   6.2;   1.6;    3;   0.0;   4;    0.000;   0;   7.3;   6.7; 1016.78;    2.7;   90.71;   -999;   -999;-999;eor
       2315;20191228;   10;   4.6;   1.5;    3;   0.0;   0;    0.000;   0;   6.7;   5.3; 1028.75;    0.3;   85.33;   -999;   -999;-999;eor
       2315;20191229;   10;   4.6;   1.7;    3;   0.0;   0;    5.900;   0;   4.4;   4.5; 1026.73;   -1.7;   82.88;   -999;   -999;-999;eor
       2315;20191230;   10;   9.8;   3.7;    3;   0.0;   0;    1.400;   0;   6.2;   3.9; 1017.58;    4.7;   47.04;   -999;   -999;-999;eor
       2315;20191231;   10;  11.3;   4.4;    3;   0.0;   0;    2.200;   0;   5.8;   6.2; 1016.63;    5.1;   70.88;   -999;   -999;-999;eor
       2315;20200101;   10;   5.1;   1.9;    3;   0.0;   0;    4.200;   0;   3.5;   6.0; 1021.07;    1.5;   88.96;   -999;   -999;-999;eor
       2315;20200102;   10;   9.8;   2.4;    3;   0.0;   0;    6.500;   0;   2.0;   4.9; 1014.81;   -0.3;   82.08;   -999;   -999;-999;eor
       2315;20200103;   10;  12.9;   5.3;    3;   0.7;   4;    0.000;   0;   7.1;   7.4; 1006.61;    5.2;   82.67;   -999;   -999;-999;eor
       2315;20200104;   10;  15.4;   6.2;    3;   2.4;   4;    0.000;   0;   6.0;   6.9; 1009.52;    4.1;   84.96;   -999;   -999;-999;eor
       2315;20200105;   10;   7.2;   2.6;    3;   0.3;   4;    0.400;   0;   4.2;   5.7; 1020.70;    1.3;   85.25;   -999;   -999;-999;eor
       2315;20200106;   10;   8.2;   2.6;    3;   0.0;   4;    0.000;   0;   6.1;   6.6; 1015.31;    3.7;   83.17;   -999;   -999;-999;eor
       2315;20200107;   10;  12.3;   2.7;    3;   0.3;   4;    0.000;   0;   5.5;   6.4; 1012.88;    1.8;   91.00;   -999;   -999;-999;eor
       2315;20200108;   10;  10.8;   4.6;    3;   4.5;   4;    0.000;   0;   7.9;   8.0; 1011.95;    5.9;   84.17;   -999;   -999;-999;eor
       2315;20200109;   10;   8.7;   3.1;    3;  14.7;   4;    0.000;   0;   8.0;  10.3; 1005.50;    8.1;   95.00;   -999;   -999;-999;eor
       2315;20200110;   10;  15.9;   5.2;    3;   1.5;   4;    1.600;   0;   7.3;   9.8; 1003.69;    9.1;   85.29;   -999;   -999;-999;eor
       2315;20200111;   10;   9.3;   3.8;    3;   0.0;   4;    0.900;   0;   6.7;   6.6; 1017.45;    4.1;   81.21;   -999;   -999;-999;eor
       2315;20200112;   10;  12.3;   4.7;    3;   0.0;   0;    5.300;   0;   6.2;   5.8; 1010.55;    3.2;   75.54;   -999;   -999;-999;eor
       2315;20200113;   10;  14.9;   4.1;    3;   0.0;   0;    1.800;   0;   6.1;   7.0; 1008.13;    4.7;   83.21;   -999;   -999;-999;eor
       2315;20200114;   10;  12.3;   4.3;    3;   0.1;   4;    0.200;   0;   6.8;   6.7; 1000.76;    6.5;   70.92;   -999;   -999;-999;eor
       2315;20200115;   10;  12.9;   4.4;    3;   0.2;   4;    4.900;   0;   5.0;   6.9; 1004.15;    8.5;   63.21;   -999;   -999;-999;eor
       2315;20200116;   10;   9.3;   2.3;    3;   0.0;   0;    6.700;   0;   2.5;   7.7; 1015.04;    6.4;   80.25;   -999;   -999;-999;eor
       2315;20200117;   10;  12.9;   3.4;    3;   0.2;   4;    6.600;   0;   2.0;   6.5; 1007.95;    3.4;   83.13;   -999;   -999;-999;eor
       2315;20200118;   10;   9.3;   3.2;    3;   0.0;   0;    1.000;   0;   6.5;   7.0; 1010.71;    5.1;   79.75;   -999;   -999;-999;eor
       2315;20200119;   10;   6.2;   2.1;    3;   0.0;   0;    0.100;   0;   7.5;   6.8; 1021.70;    3.1;   88.63;   -999;   -999;-999;eor
       2315;20200120;   10;   5.7;   2.0;    3;   0.0;   0;    0.300;   0;   6.4;   6.1; 1033.13;    0.9;   94.25;   -999;   -999;-999;eor
       2315;20200121;   10;   5.7;   2.0;    3;   0.0;   0;    7.000;   0;   1.0;   5.1; 1027.99;   -0.3;   86.29;   -999;   -999;-999;eor
       2315;20200122;   10;   9.3;   3.8;    3;   0.2;   4;    0.000;   0;   7.1;   6.4; 1020.89;    1.4;   93.38;   -999;   -999;-999;eor
       2315;20200123;   10;   7.7;   1.2;    3;   0.0;   0;    0.000;   0;   5.7;   6.1; 1020.10;    1.7;   89.13;   -999;   -999;-999;eor
       2315;20200124;   10;   7.2;   2.3;    3;   0.0;   0;    7.100;   0;   2.4;   4.9; 1010.87;   -1.5;   88.63;   -999;   -999;-999;eor
       2315;20200125;   10;   6.7;   2.6;    3;   0.0;   4;    0.000;   0;   8.0;   5.3; 1010.00;   -0.7;   91.00;   -999;   -999;-999;eor
       2315;20200126;   10;   4.6;   1.9;    3;   0.0;   4;    0.000;   0;   7.9;   5.6; 1006.78;   -0.6;   94.67;   -999;   -999;-999;eor
       2315;20200127;   10;  10.3;   3.2;    3;   1.8;   4;    2.700;   0;   6.9;   7.2;  998.61;    4.8;   83.83;   -999;   -999;-999;eor
       2315;20200128;   10;  19.5;   6.0;    3;   4.9;   4;    1.500;   0;   7.0;   7.3;  983.59;    5.7;   79.04;   -999;   -999;-999;eor
       2315;20200129;   10;  16.5;   8.1;    3;   2.2;   4;    1.000;   0;   7.1;   6.1;  991.05;    4.4;   72.67;   -999;   -999;-999;eor
       2315;20200130;   10;  14.9;   5.9;    3;   1.4;   4;    0.000;   0;   6.9;   6.8;  995.91;    5.5;   75.00;   -999;   -999;-999;eor
       2315;20200131;   10;  13.9;   6.1;    3;   0.2;   4;    1.500;   0;   7.2;   9.7;  992.66;   10.4;   76.50;   -999;   -999;-999;eor
       2315;20200201;    3;  19.5;   5.0;    3;   8.2;   4;    0.200;   0;   7.7;  10.4;  991.76;   10.9;   79.75;   -999;   -999;-999;eor
       2315;20200202;    3;  14.9;   5.0;    3;   6.4;   4;    0.000;   0;   7.4;   8.1;  994.43;    7.2;   81.38;   -999;   -999;-999;eor
       2315;20200203;    3;  12.3;   4.1;    3;  11.5;   4;    0.700;   0;   7.0;   9.5;  995.83;    7.5;   91.08;   -999;   -999;-999;eor
       2315;20200204;    3;  12.3;   4.2;    3;   1.3;   4;    1.700;   0;   6.8;   7.3;  994.76;    4.7;   85.25;   -999;   -999;-999;eor
       2315;20200205;    3;  15.4;   4.3;    3;   0.4;   4;    5.300;   0;   5.6;   5.7; 1016.10;    2.9;   77.21;   -999;   -999;-999;eor
       2315;20200206;    3;  10.8;   4.5;    3;   0.0;   4;    0.400;   0;   6.8;   6.3; 1016.73;    3.2;   80.88;   -999;   -999;-999;eor
       2315;20200207;    3;   6.7;   1.6;    3;   0.0;   4;    0.000;   0;   7.5;   7.7; 1016.90;    4.7;   90.08;   -999;   -999;-999;eor
       2315;20200208;    3;   7.7;   2.9;    3;   0.0;   0;    7.200;   0;   2.7;   6.1; 1011.73;    3.1;   81.79;   -999;   -999;-999;eor
       2315;20200209;    3;  21.6;   6.2;    3;   3.5;   4;    5.700;   0;   6.8;   7.1;  998.99;    8.6;   64.71;   -999;   -999;-999;eor
       2315;20200210;    3;  21.6;   8.8;    3;   5.2;   4;    0.900;   0;   6.4;   7.7;  980.46;    7.9;   72.25;   -999;   -999;-999;eor
       2315;20200211;    3;  21.1;   8.8;    3;   0.2;   4;    1.000;   0;   6.6;   5.6;  986.38;    4.6;   66.92;   -999;   -999;-999;eor
       2315;20200212;    3;  19.0;   8.1;    3;   0.0;   4;    2.400;   0;   3.9;   5.1;  997.05;    4.0;   62.92;   -999;   -999;-999;eor
       2315;20200213;    3;  11.8;   4.7;    3;   0.3;   4;    2.400;   0;   5.3;   5.8;  998.06;    3.7;   73.63;   -999;   -999;-999;eor
       2315;20200214;    3;   8.2;   1.6;    3;   0.7;   4;    0.000;   0;   6.6;   7.3; 1003.75;    3.5;   93.04;   -999;   -999;-999;eor
       2315;20200215;    3;  10.8;   3.4;    3;   0.0;   0;    5.000;   0;   4.9;   7.0; 1009.49;    4.9;   81.67;   -999;   -999;-999;eor
       2315;20200216;    3;  19.0;   7.2;    3;   1.7;   4;    0.000;   0;   7.3;   7.1;  997.25;   12.5;   49.79;   -999;   -999;-999;eor
       2315;20200217;    3;  20.6;   6.8;    3;   0.0;   4;    0.000;   0;   6.7;   7.5; 1000.86;   10.1;   61.42;   -999;   -999;-999;eor
       2315;20200218;    3;  15.9;   6.8;    3;   1.5;   4;    2.400;   0;   6.2;   6.9; 1006.46;    7.0;   68.63;   -999;   -999;-999;eor
       2315;20200219;    3;  17.0;   6.3;    3;   2.9;   4;    0.400;   0;   7.2;   6.6; 1002.88;    5.5;   73.63;   -999;   -999;-999;eor
       2315;20200220;    3;  10.8;   4.1;    3;   4.3;   4;    0.300;   0;   6.4;   6.7; 1005.16;    5.0;   75.54;   -999;   -999;-999;eor
       2315;20200221;    3;  17.5;   6.8;    3;   0.0;   4;    1.200;   0;   6.9;   6.4; 1008.12;    6.1;   67.79;   -999;   -999;-999;eor
       2315;20200222;    3;  20.1;   7.7;    3;   6.2;   4;    0.300;   0;   7.3;   6.4; 1005.57;    8.2;   59.71;   -999;   -999;-999;eor
       2315;20200223;    3;  20.6;   6.7;    3;  13.9;   4;    0.000;   0;   7.2;   9.3;  998.01;    7.8;   86.96;   -999;   -999;-999;eor
       2315;20200224;    3;  15.9;   5.9;    3;   4.3;   4;    0.500;   0;   7.3;   6.9; 1002.16;    5.6;   75.21;   -999;   -999;-999;eor
       2315;20200225;    3;  12.9;   5.1;    3;   2.7;   4;    2.800;   0;   5.8;   8.3;  985.55;    8.3;   75.67;   -999;   -999;-999;eor
       2315;20200226;    3;  14.4;   4.5;    3;   4.9;   4;    1.200;   0;   7.0;   6.7;  983.24;    3.1;   87.83;   -999;   -999;-999;eor
       2315;20200227;    3;  10.8;   3.7;    3;   2.0;   4;    1.400;   0;   7.4;   6.3;  989.29;    3.2;   83.08;   -999;   -999;-999;eor
       2315;20200228;    3;  12.3;   4.9;    3;   3.9;   4;    2.200;   0;   6.9;   6.1;  999.65;    3.4;   79.21;   -999;   -999;-999;eor
       2315;20200229;    3;  12.3;   5.1;    3;   0.4;   4;    2.700;   0;   7.4;   7.8;  987.26;    6.6;   79.25;   -999;   -999;-999;eor
       2315;20200301;    1;  19.5;-999;    3;   4.5;   4;    3.500;   0;   5.2;   7.1;  985.30;    6.9;   72.04;   -999;   -999;-999;eor
       2315;20200302;    1;   9.3;-999;    3;   0.4;   4;    2.700;   0;   7.1;   7.2;  981.83;    5.6;   80.17;   -999;   -999;-999;eor
       2315;20200303;    1;  12.3;-999;    3;   2.6;   4;    0.000;   0;   7.1;   7.1;  986.86;    4.3;   86.04;   -999;   -999;-999;eor
       2315;20200304;    1;   9.8;-999;    3;   0.0;   4;    5.600;   0;   3.8;   6.1;  997.87;    3.1;   80.58;   -999;   -999;-999;eor
       2315;20200305;    1;  14.4;-999;    3;   2.9;   4;    7.700;   0;   4.6;   5.8;  990.40;    4.7;   70.08;   -999;   -999;-999;eor
       2315;20200306;    1;  10.3;-999;    3;   2.0;   4;    0.200;   0;   7.8;   8.2;  981.00;    6.4;   85.50;   -999;   -999;-999;eor
       2315;20200307;    1;  13.9;-999;    3;   0.2;   4;    1.000;   0;   6.6;   6.8;  999.99;    4.5;   80.88;   -999;   -999;-999;eor
       2315;20200308;    1;   9.3;-999;    3;   1.2;   4;    1.600;   0;   5.4;   6.7; 1004.03;    5.3;   75.54;   -999;   -999;-999;eor
       2315;20200309;    1;   9.3;-999;    3;   0.8;   4;    1.300;   0;   6.2;   8.3;  999.49;    7.0;   83.13;   -999;   -999;-999;eor
       2315;20200310;    1;  14.4;-999;    3;   8.0;   4;    0.000;   0;   6.6;   8.2;  995.17;    6.2;   85.17;   -999;   -999;-999;eor
       2315;20200311;    1;  16.5;-999;    3;   0.1;   4;    2.100;   0;   6.4;   9.8;  996.70;   10.4;   78.79;   -999;   -999;-999;eor
       2315;20200312;    1;  22.6;-999;    3;   1.0;   4;    3.300;   0;   4.8;   8.2;  995.25;   10.1;   65.13;   -999;   -999;-999;eor
       2315;20200313;    1;  23.7;-999;    3;   0.8;   4;    1.700;   0;   4.9;   6.3; 1000.72;    6.3;   66.96;   -999;   -999;-999;eor
       2315;20200314;    1;   8.2;-999;    3;   0.0;   0;   10.000;   0;   2.1;   4.5; 1011.74;    2.5;   65.17;   -999;   -999;-999;eor
       2315;20200315;    1;  12.3;-999;    3;   0.0;   0;    9.100;   0;   3.7;   4.0; 1008.61;    4.8;   49.46;   -999;   -999;-999;eor
       2315;20200316;    1;   6.7;-999;    3;   0.0;   0;    9.100;   0;   4.9;   6.1; 1007.68;    7.6;   58.67;   -999;   -999;-999;eor
       2315;20200317;    1;   8.7;-999;    3;   0.2;   4;    3.600;   0;   4.7;   8.5; 1015.20;    6.5;   86.46;   -999;   -999;-999;eor
       2315;20200318;    1;  10.8;-999;    3;   0.0;   0;    9.500;   0;   4.7;   7.8; 1014.16;    8.8;   72.63;   -999;   -999;-999;eor
       2315;20200319;    1;   5.7;-999;    3;   0.0;   0;    2.000;   0;   6.5;   8.9; 1012.60;    9.1;   78.21;   -999;   -999;-999;eor
       2315;20200320;    1;   7.2;-999;    3;   2.0;   4;    0.000;   0;   7.9;   8.2; 1012.93;    6.6;   84.54;   -999;   -999;-999;eor
       2315;20200321;    1;  12.9;-999;    3;   0.0;   0;    5.000;   0;   3.7;   5.2; 1017.18;    3.6;   66.17;   -999;   -999;-999;eor
       2315;20200322;    1;  11.8;-999;    3;   0.0;   0;    9.200;   0;   0.6;   3.3; 1023.34;    0.5;   54.92;   -999;   -999;-999;eor
       2315;20200323;    1;   9.8;-999;    3;   0.0;   0;   10.400;   0;   0.2;   2.6; 1026.19;   -1.0;   49.63;   -999;   -999;-999;eor
       2315;20200324;    1;  11.3;-999;    3;   0.0;   0;   10.700;   0;   0.3;   2.6; 1023.95;    0.6;   44.33;   -999;   -999;-999;eor
       2315;20200325;    1;  13.4;-999;    3;   0.0;   0;   10.800;   0;   0.5;   2.6; 1018.89;    2.5;   38.04;   -999;   -999;-999;eor
       2315;20200326;    1;  12.3;-999;    3;   0.0;   0;   10.300;   0;   2.4;   3.6; 1014.23;    4.5;   43.38;   -999;   -999;-999;eor
       2315;20200327;    1;   9.8;-999;    3;   0.0;   0;   10.800;   0;  -999;   5.2; 1009.76;    8.5;   49.65;   -999;   -999;-999;eor
       2315;20200328;    1;   9.8;-999;    3;   0.0;   0;   10.800;-999;  -999;   5.8; 1006.57;    7.5;   59.29;   -999;   -999;-999;eor
       2315;20200329;    1;  14.4;-999;    1;   0.1;   4;    0.300;-999;  -999;   5.4; 1010.12;    2.4;   74.29;   -999;   -999;-999;eor
       2315;20200330;    1;  12.3;-999;    1;   0.2;   4;    4.600;   0;  -999;   4.1; 1014.75;    0.2;   66.13;   -999;   -999;-999;eor
       2315;20200331;    1;   8.2;-999;    1;   0.0;   0;    5.600;   0;   4.0;   3.8; 1016.53;    0.7;   62.00;   -999;   -999;-999;eor
       2315;20200401;    1;  11.3;-999;    1;   0.0;   0;   11.200;   0;  -999;   3.5; 1008.36;    1.2;   58.13;   -999;   -999;-999;eor
       2315;20200402;    1;  12.3;-999;    1;   0.0;   4;    3.500;   0;  -999;   4.8;  999.24;    4.2;   59.61;   -999;   -999;-999;eor
       2315;20200403;    1;  14.9;-999;    1;   0.0;   0;    2.400;   0;  -999;   5.2; 1001.29;    7.1;   52.08;   -999;   -999;-999;eor
       2315;20200404;    1;   8.7;-999;    1;   0.0;   0;    6.300;-999;  -999;   5.2; 1013.17;    6.3;   57.33;   -999;   -999;-999;eor
       2315;20200405;    1;  11.3;-999;    1;   0.0;   0;   11.600;-999;  -999;   5.2; 1015.99;    8.6;   51.63;   -999;   -999;-999;eor
       2315;20200406;    1;  10.3;-999;    1;   0.0;   0;   11.800;   0;  -999;   5.7; 1011.76;   11.9;   44.67;   -999;   -999;-999;eor
       2315;20200407;    1;   8.2;-999;    1;   0.0;   0;   11.700;   0;  -999;   8.8; 1017.43;   12.4;   61.04;   -999;   -999;-999;eor
       2315;20200408;    1;   8.7;-999;    1;   0.0;   0;   11.700;   0;  -999;   6.4; 1014.35;   13.0;   48.46;   -999;   -999;-999;eor
       2315;20200409;    1;  11.8;-999;    1;   0.0;   0;    9.600;   0;  -999;   7.3; 1011.09;   10.4;   60.21;   -999;   -999;-999;eor
       2315;20200410;    1;   7.2;-999;    1;   0.0;   0;    9.700;-999;  -999;   6.8; 1013.45;    9.9;   60.00;   -999;   -999;-999;eor
       2315;20200411;    1;   5.1;-999;    1;   0.0;   0;   12.000;-999;  -999;   5.3; 1013.56;    7.9;   55.25;   -999;   -999;-999;eor
       2315;20200412;    1;  12.3;-999;    1;   0.1;   4;   11.900;-999;  -999;   6.6; 1003.44;   12.9;   48.75;   -999;   -999;-999;eor
       2315;20200413;    1;  13.4;-999;    1;   0.4;   4;    4.100;-999;  -999;   6.0; 1002.16;    8.3;   53.96;   -999;   -999;-999;eor
       2315;20200414;    1;  12.9;-999;    1;   0.0;   0;   10.400;   0;   2.0;   4.1; 1009.60;    5.6;   47.88;   -999;   -999;-999;eor
       2315;20200415;    1;  14.4;-999;    1;   0.0;   0;    9.300;   0;   5.3;   5.3; 1010.05;    7.8;   53.08;   -999;   -999;-999;eor
       2315;20200416;    1;   9.3;-999;    1;   0.0;   0;   12.100;   0;   5.3;   6.0; 1004.67;   10.4;   52.71;   -999;   -999;-999;eor
       2315;20200417;    1;   6.7;-999;    1;   0.0;   0;   11.100;   0;  -999;   6.8; 1005.03;   10.1;   58.71;   -999;   -999;-999;eor
       2315;20200418;    1;   8.2;-999;    1;   0.0;   0;   12.200;-999;  -999;   5.3; 1004.95;   10.9;   44.17;   -999;   -999;-999;eor
       2315;20200419;    1;  11.3;-999;    1;   0.0;   0;   11.100;-999;  -999;   4.2; 1008.77;    9.2;   37.96;   -999;   -999;-999;eor
       2315;20200420;    1;  11.8;-999;    1;   0.0;   0;   12.300;   0;   0.0;   4.6; 1012.58;    8.8;   43.13;   -999;   -999;-999;eor
       2315;20200421;    1;  14.4;-999;    1;   0.0;   0;   12.400;   0;   0.0;   5.4; 1012.29;   11.5;   41.42;   -999;   -999;-999;eor
       2315;20200422;    1;  12.3;-999;    1;   0.0;   0;   12.500;   0;   0.0;   5.7; 1012.35;   12.1;   43.25;   -999;   -999;-999;eor
       2315;20200423;    1;   9.8;-999;    1;   0.0;   0;   12.600;   0;   1.0;   6.5; 1009.24;   12.8;   48.75;   -999;   -999;-999;eor
       2315;20200424;    1;  14.4;-999;    1;   0.0;   0;    8.000;   0;  -999;   6.9;  996.99;   13.2;   49.71;   -999;   -999;-999;eor
       2315;20200425;    1;  12.9;-999;    1;   0.0;   0;    1.500;-999;  -999;   6.9;  998.11;   10.5;   55.58;   -999;   -999;-999;eor
       2315;20200426;    1;   8.2;-999;    1;   0.0;   0;    8.400;-999;  -999;   6.7;  999.00;   11.2;   54.63;   -999;   -999;-999;eor
       2315;20200427;    1;  13.4;-999;    1;   0.0;   0;   12.100;   0;   2.3;   6.7;  996.08;   12.9;   51.50;   -999;   -999;-999;eor
       2315;20200428;    1;   8.7;-999;    1;   0.3;   4;    8.900;   0;   5.3;   8.8;  992.00;   16.2;   52.00;   -999;   -999;-999;eor
       2315;20200429;    1;  15.4;-999;    1;   4.3;   4;    1.900;   0;   5.7;  12.0;  992.77;   14.0;   76.58;   -999;   -999;-999;eor
       2315;20200430;    1;  12.9;-999;    1;   0.2;   4;    1.700;   0;  -999;  10.8;  992.46;   13.4;   71.96;   -999;   -999;-999;eor
       2315;20200501;    1;  12.9;-999;    1;   0.0;   0;    6.100;-999;  -999;   8.8;  990.31;   13.1;   60.50;   -999;   -999;-999;eor
       2315;20200502;    1;  15.9;-999;    1;   3.9;   4;    1.700;-999;  -999;   9.5;  994.28;    9.2;   82.08;   -999;   -999;-999;eor
       2315;20200503;    1;  10.3;-999;    1;   0.1;   4;    1.200;-999;  -999;   8.9; 1004.17;    9.7;   76.71;   -999;   -999;-999;eor
       2315;20200504;    1;   6.2;-999;    1;   1.1;   4;    0.000;   0;   7.7;   9.4; 1004.76;    7.7;   88.96;   -999;   -999;-999;eor
       2315;20200505;    1;  14.9;-999;    1;   0.7;   4;   10.600;   0;   4.4;   6.8; 1006.71;    7.5;   68.79;   -999;   -999;-999;eor
       2315;20200506;    1;  11.3;-999;    1;   0.0;   0;   10.600;   0;   2.7;   6.4; 1009.72;   10.2;   55.71;   -999;   -999;-999;eor
       2315;20200507;    1;   9.3;-999;    1;   0.0;   0;    7.000;   0;   4.5;   7.6; 1010.17;    9.6;   65.00;   -999;   -999;-999;eor
       2315;20200508;    1;  11.8;-999;    1;   0.0;   0;   12.100;   0;   6.1;   7.5; 1005.63;   14.1;   53.79;   -999;   -999;-999;eor
       2315;20200509;    1;   7.7;-999;    1;   0.0;   0;   12.500;   0;   4.2;   7.0; 1002.16;   15.4;   44.83;   -999;   -999;-999;eor
       2315;20200510;    1;   8.2;-999;    1;   1.9;   4;    5.500;   0;   4.8;  11.8;  993.69;   16.5;   65.17;   -999;   -999;-999;eor
       2315;20200511;    1;  10.8;-999;    1;  13.4;   4;    0.100;   0;   6.5;   9.3;  994.87;    7.1;   91.13;   -999;   -999;-999;eor
       2315;20200512;    1;  12.9;-999;    1;   0.0;   0;    8.700;   0;   3.0;   5.9; 1003.97;    5.3;   69.42;   -999;   -999;-999;eor
       2315;20200513;    1;   7.7;-999;    1;   0.0;   4;    8.800;   0;   5.3;   6.0; 1000.43;    8.7;   57.25;   -999;   -999;-999;eor
       2315;20200514;    1;   9.8;-999;    1;   0.0;   0;    9.900;   0;   3.6;   7.0; 1004.35;    9.2;   63.29;   -999;   -999;-999;eor
       2315;20200515;    1;  10.8;-999;    1;   0.0;   0;   11.800;   0;   1.8;   5.9; 1006.60;    9.5;   52.88;   -999;   -999;-999;eor
       2315;20200516;    1;  11.8;-999;    1;   0.0;   0;    9.100;   0;   4.8;   6.7; 1009.01;   11.0;   54.04;   -999;   -999;-999;eor
       2315;20200517;    1;  12.3;-999;    1;   0.0;   0;    9.800;   0;   4.4;   7.3; 1009.13;   12.4;   53.50;   -999;   -999;-999;eor
       2315;20200518;    1;  11.8;-999;    1;   0.0;   0;   10.200;   0;   5.8;   8.9; 1009.03;   15.8;   51.54;   -999;   -999;-999;eor
       2315;20200519;    1;  10.8;-999;    1;   0.0;   4;    5.500;   0;   6.0;  11.0; 1007.75;   15.2;   64.75;   -999;   -999;-999;eor
       2315;20200520;    1;   7.7;-999;    1;   0.0;   0;    6.900;   0;   4.3;   8.8; 1009.44;   15.4;   52.88;   -999;   -999;-999;eor
       2315;20200521;    1;   6.7;-999;    1;   0.0;   0;   13.700;   0;   3.8;   7.4; 1011.08;   14.2;   49.58;   -999;   -999;-999;eor
       2315;20200522;    1;   9.3;-999;    1;   3.9;   4;    2.700;   0;   6.5;   9.7; 1008.86;   15.8;   55.67;   -999;   -999;-999;eor
       2315;20200523;    1;  10.3;-999;    1;   0.2;   4;    0.000;   0;   7.2;  13.0; 1008.05;   15.6;   73.92;   -999;   -999;-999;eor
       2315;20200524;    1;  19.0;-999;    1;   6.6;   4;    6.200;   0;   5.0;  10.8; 1012.55;   12.4;   75.63;   -999;   -999;-999;eor
       2315;20200525;    1;  11.8;-999;    1;   0.2;   4;    0.000;   0;   6.4;  11.1; 1016.13;   12.0;   79.63;   -999;   -999;-999;eor
       2315;20200526;    1;   8.7;-999;    1;   0.0;   0;   10.200;   0;   2.9;  10.3; 1021.29;   14.4;   66.42;   -999;   -999;-999;eor
       2315;20200527;    1;   9.8;-999;    1;   0.7;   4;    8.600;   0;   5.5;   9.8; 1019.23;   15.8;   58.04;   -999;   -999;-999;eor
       2315;20200528;    1;  12.3;-999;    1;   0.0;   0;    8.200;   0;   4.3;   9.4; 1016.82;   14.9;   58.08;   -999;   -999;-999;eor
       2315;20200529;    1;   9.8;-999;    1;   0.0;   0;    7.700;   0;   3.8;   8.0; 1015.62;   14.0;   53.79;   -999;   -999;-999;eor
       2315;20200530;    1;  10.8;-999;    1;   0.0;   0;    7.900;   0;   5.2;   7.5; 1011.38;   13.4;   51.50;   -999;   -999;-999;eor
       2315;20200531;    1;  10.8;-999;    1;   0.0;   0;    6.900;   0;   4.5;   9.6; 1008.98;   15.3;   57.25;   -999;   -999;-999;eor
       2315;20200601;-999;-999;-999;    1;   0.0;   0;   15.000;   0;   0.7;   8.9; 1010.21;   17.3;   49.13;   -999;   -999;-999;eor
       2315;20200602;-999;-999;-999;    1;   0.0;   4;   12.500;   0;   1.7;   9.9; 1004.42;   18.6;   50.71;   -999;   -999;-999;eor
       2315;20200603;-999;-999;-999;    1;   0.0;   0;   11.200;   0;   3.3;  11.4;  993.45;   18.2;   60.38;   -999;   -999;-999;eor
       2315;20200604;-999;-999;-999;    1;   3.0;   4;    4.500;   0;   6.6;  14.3;  983.57;   16.3;   78.88;   -999;   -999;-999;eor
       2315;20200605;-999;-999;-999;    1;   0.9;   4;    2.500;   0;   7.5;  11.2;  983.75;   13.9;   72.08;   -999;   -999;-999;eor
       2315;20200606;-999;-999;-999;    1;   0.0;   4;    4.400;   0;   4.5;   9.6;  990.76;   13.4;   64.83;   -999;   -999;-999;eor
       2315;20200607;-999;-999;-999;    1;   1.0;   4;    0.300;   0;   6.9;  11.7;  995.95;   13.8;   75.29;   -999;   -999;-999;eor
       2315;20200608;-999;-999;-999;    1;   0.0;   0;    6.100;   0;   4.7;   9.7; 1001.28;   15.1;   60.92;   -999;   -999;-999;eor
       2315;20200609;-999;-999;-999;    1;   0.0;   0;    0.000;   0;   7.1;  10.8; 1003.35;   16.8;   57.17;   -999;   -999;-999;eor
