STATIONS_ID;MESS_DATUM;QN_3;  FX;  FM;QN_4; RSK;RSKF; SDK;SHK_TAG;  NM; VPM;  PM; TMK; UPM; TXK; TNK; TGK;eor
       5538;20181208;   10;  19.1;   6.5;    3;   2.0;   4;    2.433;   0;  -999;   6.2;    -999;    6.1;   66.25;    8.3;    3.6;    1.7;eor
       5538;20181209;   10;  26.7;   6.6;    3;   4.3;   4;    0.083;   0;  -999;   7.4;    -999;    6.0;   79.63;   10.1;    3.8;    2.7;eor
       5538;20181210;   10;  12.9;   4.5;    3;   1.2;   4;    0.267;   0;  -999;   6.1;    -999;    2.7;   82.04;    5.0;    0.6;   -1.7;eor
       5538;20181211;   10;  10.5;   2.9;    3;   0.6;   4;    1.200;   0;  -999;   5.3;    -999;    0.5;   83.33;    2.3;   -1.6;   -3.4;eor
       5538;20181212;   10;   5.1;   0.9;    3;   0.4;   4;    1.117;   0;  -999;   5.1;    -999;   -0.4;   86.08;    1.8;   -2.4;   -4.5;eor
       5538;20181213;   10;   8.8;   3.1;    3;   0.0;   0;    1.467;   0;  -999;   4.7;    -999;   -0.8;   81.96;    0.9;   -2.1;   -2.4;eor
       5538;20181214;   10;   4.9;   1.8;    3;   0.0;   0;    0.000;   0;  -999;   3.9;    -999;   -2.6;   76.58;   -1.8;   -3.4;   -3.2;eor
       5538;20181215;   10;   5.3;   1.5;    3;   0.0;   0;    0.000;   0;  -999;   3.6;    -999;   -4.0;   78.75;   -2.3;   -9.4;  -10.6;eor
       5538;20181216;   10;   7.1;   0.9;    3;   2.3;   4;    0.300;   0;  -999;   4.6;    -999;   -3.0;   90.42;    2.9;   -9.7;  -10.5;eor
       5538;20181217;   10;   6.3;   1.0;    3;   0.6;   4;    2.817;   1;  -999;   5.7;    -999;    0.0;   91.63;    4.4;   -4.5;   -5.4;eor
       5538;20181218;   10;   4.9;   1.2;    3;   0.0;   0;    7.333;   0;  -999;   5.3;    -999;    0.0;   86.38;    6.0;   -6.4;   -7.4;eor
       5538;20181219;   10;   3.2;   1.0;    3;   1.6;   4;    0.000;   0;  -999;   5.0;    -999;   -1.6;   91.63;    2.8;   -7.1;   -8.1;eor
       5538;20181220;   10;   9.0;   1.8;    3;   0.0;   0;    4.567;   0;  -999;   6.3;    -999;    3.8;   79.00;    8.0;   -0.4;   -1.0;eor
       5538;20181221;   10;  16.6;   3.2;    3;   4.4;   4;    0.000;   0;  -999;   7.3;    -999;    5.2;   80.58;   11.0;   -0.8;   -2.2;eor
       5538;20181222;   10;  19.2;   7.2;    3;   1.4;   4;    0.000;   0;  -999;   9.0;    -999;   10.1;   72.54;   12.0;    8.2;    6.1;eor
       5538;20181223;   10;  18.1;   4.4;    3;  10.6;   4;    0.000;   0;  -999;   8.8;    -999;    8.2;   80.92;   11.1;    5.0;    4.0;eor
       5538;20181224;   10;  20.1;   4.0;    3;   5.9;   4;    0.183;   0;  -999;   7.7;    -999;    4.8;   88.17;   11.3;    1.5;   -0.4;eor
       5538;20181225;   10;   5.0;   1.1;    3;   0.0;   0;    0.000;   0;  -999;   5.5;    -999;   -0.4;   92.04;    1.8;   -4.0;   -5.4;eor
       5538;20181226;   10;   4.0;   1.0;    3;   0.0;   0;    7.667;   0;  -999;   4.4;    -999;   -2.7;   88.42;    4.1;   -6.7;   -7.5;eor
       5538;20181227;   10;   2.8;   0.7;    3;   0.0;   0;    2.700;   0;  -999;   4.4;    -999;   -3.4;   91.17;    2.3;   -8.0;   -8.6;eor
       5538;20181228;   10;   3.8;   0.9;    3;   0.0;   0;    5.633;   0;  -999;   4.6;    -999;   -1.5;   86.00;    5.9;   -5.8;   -6.7;eor
       5538;20181229;   10;   7.1;   1.2;    3;   2.5;   4;    0.133;   0;  -999;   4.9;    -999;   -1.9;   91.58;    1.8;   -6.3;   -7.3;eor
       5538;20181230;   10;  11.3;   3.6;    3;   2.5;   4;    0.000;   0;  -999;   6.5;    -999;    2.5;   88.58;    3.5;    1.1;    0.1;eor
       5538;20181231;   10;   6.2;   1.4;    3;   2.9;   4;    0.000;   0;  -999;   7.1;    -999;    2.8;   93.88;    4.2;   -0.8;   -1.4;eor
       5538;20190101;   10;  12.5;   3.0;    3;   2.3;   4;    0.650;   0;  -999;   6.3;    -999;    2.0;   88.67;    4.9;   -2.0;   -3.1;eor
       5538;20190102;   10;  14.9;   4.2;    3;   0.6;   4;    0.417;   0;  -999;   5.0;    -999;   -0.1;   80.96;    3.1;   -3.7;   -6.7;eor
       5538;20190103;   10;   8.0;   2.9;    3;   0.0;   0;    1.333;   1;  -999;   3.7;    -999;   -2.4;   72.79;   -0.8;   -4.6;   -5.7;eor
       5538;20190104;   10;  11.3;   2.4;    3;   0.1;   4;    0.000;   0;  -999;   4.4;    -999;   -1.3;   79.63;    0.0;   -2.6;   -3.2;eor
       5538;20190105;   10;  13.2;   5.3;    3;  13.0;   4;    0.000;   1;  -999;   5.4;    -999;    0.2;   86.63;    1.4;   -0.8;   -1.1;eor
       5538;20190106;   10;   9.0;   1.9;    3;   6.9;   4;    0.000;   3;  -999;   6.2;    -999;    1.2;   93.63;    1.7;    0.5;   -0.1;eor
       5538;20190107;   10;   5.6;   1.4;    3;   1.7;   4;    0.000;   2;  -999;   6.2;    -999;    1.2;   92.33;    2.0;    0.5;   -0.1;eor
       5538;20190108;   10;  15.9;   5.8;    3;   3.4;   4;    1.850;   2;  -999;   5.9;    -999;    2.3;   81.92;    3.7;    0.9;   -0.1;eor
       5538;20190109;   10;  14.6;   4.2;    3;   8.4;   4;    0.000;   1;  -999;   5.3;    -999;   -0.2;   87.71;    1.8;   -1.8;   -0.4;eor
       5538;20190110;   10;   7.5;   2.6;    3;   7.1;   4;    0.000;  14;  -999;   5.0;    -999;   -1.6;   92.13;   -0.6;   -3.2;   -0.4;eor
       5538;20190111;   10;   8.6;   1.4;    3;   1.0;   4;    2.050;  22;  -999;   4.1;    -999;   -3.3;   85.58;   -0.2;   -9.0;   -0.7;eor
       5538;20190112;   10;  14.0;   4.8;    3;   4.1;   4;    0.483;  19;  -999;   5.6;    -999;    1.6;   81.33;    3.3;   -0.6;   -0.2;eor
       5538;20190113;   10;  17.9;   6.3;    3;  11.7;   4;    0.000;   2;  -999;   6.5;    -999;    3.1;   84.67;    5.5;    1.6;   -0.1;eor
       5538;20190114;   10;  16.0;   4.9;    3;   2.1;   4;    0.183;   0;  -999;   6.2;    -999;    2.3;   85.13;    4.9;   -0.1;   -2.7;eor
       5538;20190115;   10;   9.6;   2.9;    3;   0.0;   0;    0.383;   1;  -999;   4.9;    -999;    1.2;   73.88;    3.9;   -2.4;   -4.7;eor
       5538;20190116;   10;   3.0;   0.9;    3;   0.0;   0;    8.183;   0;  -999;   4.7;    -999;   -0.8;   81.96;    6.5;   -5.9;   -7.2;eor
       5538;20190117;   10;  13.7;   3.4;    3;   0.6;   4;    3.933;   0;  -999;   5.6;    -999;    3.5;   71.33;    9.4;   -2.4;   -3.9;eor
       5538;20190118;   10;  11.6;   2.6;    3;   0.0;   0;    2.733;   1;  -999;   4.1;    -999;   -0.6;   71.33;    2.5;   -4.2;   -5.9;eor
       5538;20190119;   10;   5.2;   0.9;    3;   0.0;   0;    6.883;   0;  -999;   3.4;    -999;   -5.1;   80.88;   -0.5;   -9.3;  -10.1;eor
       5538;20190120;   10;   2.6;   0.7;    3;   0.0;   0;    0.033;   0;  -999;   3.7;    -999;   -5.1;   85.83;    0.1;  -10.3;  -11.1;eor
       5538;20190121;   10;   3.4;   1.0;    3;   0.0;   0;    0.000;   0;  -999;   4.6;    -999;   -2.2;   87.58;   -1.3;   -2.9;   -2.9;eor
       5538;20190122;   10;   3.9;   1.3;    3;   0.0;   0;    3.117;   0;  -999;   4.1;    -999;   -3.6;   87.71;   -1.6;   -6.7;   -8.0;eor
       5538;20190123;   10;   3.8;   1.0;    3;   0.0;   0;    0.150;   0;  -999;   3.7;    -999;   -3.9;   82.00;   -1.9;   -5.3;   -5.6;eor
       5538;20190124;   10;   5.4;   1.9;    3;   0.0;   0;    3.100;   0;  -999;   3.7;    -999;   -3.0;   75.75;    0.1;   -4.5;   -4.4;eor
       5538;20190125;   10;   8.6;   1.8;    3;   0.2;   4;    1.350;   0;  -999;   3.2;    -999;   -4.6;   74.54;   -1.4;   -8.1;   -9.8;eor
       5538;20190126;   10;  11.2;   3.1;    3;   2.3;   4;    0.017;   0;  -999;   5.6;    -999;    1.4;   79.96;    5.5;   -5.6;   -5.7;eor
       5538;20190127;   10;  13.3;   1.7;    3;   0.5;   4;    1.050;   0;  -999;   5.9;    -999;    2.4;   82.38;    7.3;   -2.5;   -3.5;eor
       5538;20190128;   10;  13.8;   5.5;    3;   0.3;   4;    2.800;   0;  -999;   4.9;    -999;    1.2;   74.21;    3.6;   -0.3;   -1.9;eor
       5538;20190129;   10;   9.1;   1.6;    3;   0.1;   4;    3.067;   0;  -999;   4.4;    -999;   -1.0;   77.42;    2.9;   -6.9;   -8.3;eor
       5538;20190130;   10;  12.2;   1.9;    3;   0.0;   0;    0.000;   0;  -999;   3.8;    -999;   -2.2;   74.04;    4.0;   -9.1;   -9.9;eor
       5538;20190131;   10;   4.7;   1.2;    3;   0.0;   0;    6.083;   0;  -999;   3.7;    -999;   -1.4;   67.96;    3.8;   -7.6;   -9.1;eor
       5538;20190201;   10;   5.2;   1.2;    3;   2.0;   4;    0.167;   0;  -999;   4.9;    -999;   -0.3;   81.38;    2.8;   -2.6;   -3.2;eor
       5538;20190202;   10;   7.0;   1.3;    3;  12.5;   4;    0.067;   0;  -999;   6.8;    -999;    2.2;   93.96;    6.1;   -0.4;   -1.2;eor
       5538;20190203;   10;   8.6;   2.2;    3;   9.2;   4;    0.000;   6;  -999;   5.7;    -999;   -0.2;   95.13;    2.2;   -1.8;   -0.1;eor
       5538;20190204;   10;   6.9;   1.4;    3;   0.0;   0;    6.883;  16;  -999;   4.6;    -999;   -2.2;   88.25;    1.6;   -5.7;   -1.7;eor
       5538;20190205;   10;   3.0;   0.8;    3;   0.0;   0;    8.583;  12;  -999;   3.7;    -999;   -4.5;   85.92;    3.6;  -11.6;   -6.1;eor
       5538;20190206;   10;   2.7;   0.9;    3;   0.0;   0;    7.983;  11;  -999;   3.8;    -999;   -5.5;   90.96;   -0.9;  -10.2;   -5.4;eor
       5538;20190207;   10;   6.5;   1.2;    3;   4.4;   4;    1.517;  11;  -999;   5.1;    -999;   -1.6;   90.04;    6.5;  -10.9;   -5.7;eor
       5538;20190208;   10;   7.3;   1.5;    3;   0.0;   0;    8.250;   6;  -999;   5.4;    -999;    2.2;   76.71;    9.0;   -2.5;   -5.0;eor
       5538;20190209;   10;  14.3;   3.0;    3;   0.0;   4;    2.867;   1;  -999;   6.0;    -999;    3.6;   75.13;    8.5;   -4.3;   -6.0;eor
       5538;20190210;   10;  19.1;   2.7;    3;   3.4;   4;    3.367;   0;  -999;   6.0;    -999;    5.0;   71.33;   13.8;   -0.2;   -2.1;eor
       5538;20190211;   10;  13.4;   4.5;    3;   2.6;   4;    0.000;   0;  -999;   5.7;    -999;    1.7;   83.08;    4.0;    0.3;   -0.4;eor
       5538;20190212;   10;   8.0;   2.4;    3;   0.0;   4;    0.167;   0;  -999;   5.2;    -999;    0.4;   82.33;    2.6;   -4.5;   -5.9;eor
       5538;20190213;   10;   4.5;   1.1;    3;   0.0;   0;    8.933;   0;  -999;   4.4;    -999;   -0.7;   78.54;    7.0;   -5.6;   -6.5;eor
       5538;20190214;   10;   4.0;   0.8;    3;   0.0;   0;    8.767;   0;  -999;   4.9;    -999;    0.7;   78.21;   10.7;   -5.2;   -6.2;eor
       5538;20190215;   10;   4.4;   0.9;    3;   0.0;   0;    9.600;   0;  -999;   4.8;    -999;    1.1;   76.29;   13.1;   -5.6;   -6.8;eor
       5538;20190216;   10;   2.5;   0.8;    3;   0.0;   0;    9.617;   0;  -999;   4.6;    -999;    2.5;   69.58;   16.7;   -6.2;   -7.3;eor
       5538;20190217;   10;   2.7;   1.0;    3;   0.0;   0;    9.700;   0;  -999;   4.4;    -999;    3.0;   64.46;   17.3;   -6.3;   -7.5;eor
       5538;20190218;   10;   2.9;   1.0;    3;   0.0;   0;    9.733;   0;  -999;   4.3;    -999;    2.0;   66.25;   13.4;   -6.0;   -7.3;eor
       5538;20190219;   10;   8.8;   1.6;    3;   0.0;   0;    7.733;   0;  -999;   5.7;    -999;    4.5;   68.92;   13.6;   -4.0;   -5.7;eor
       5538;20190220;   10;   6.9;   1.1;    3;   0.0;   0;    5.317;   0;  -999;   6.8;    -999;    4.7;   80.67;   11.3;   -0.2;   -1.5;eor
       5538;20190221;   10;   6.5;   1.1;    3;   0.4;   4;    7.300;   0;  -999;   6.5;    -999;    5.8;   72.92;   13.7;   -1.3;   -2.7;eor
       5538;20190222;   10;   6.4;   1.6;    3;   2.4;   4;    0.100;   0;  -999;   8.4;    -999;    6.3;   87.88;    9.1;    3.2;    0.8;eor
       5538;20190223;   10;  10.0;   2.5;    3;   0.0;   0;    8.300;   0;  -999;   4.6;    -999;    1.9;   67.13;    6.2;   -4.6;   -6.1;eor
       5538;20190224;   10;   5.0;   1.1;    3;   0.0;   0;    6.183;   0;  -999;   4.0;    -999;   -0.8;   71.92;    7.7;   -7.7;   -8.3;eor
       5538;20190225;   10;   8.6;   1.1;    3;   0.0;   0;    9.733;   0;  -999;   5.5;    -999;    2.1;   77.46;   13.6;   -5.5;   -6.7;eor
       5538;20190226;   10;   4.8;   1.0;    3;   0.0;   0;    9.250;   0;  -999;   6.0;    -999;    4.4;   75.08;   16.0;   -3.6;   -4.9;eor
       5538;20190227;   10;   4.4;   1.1;    3;   0.0;   0;   10.133;   0;  -999;   5.9;    -999;    6.2;   68.08;   17.7;   -1.5;   -3.2;eor
       5538;20190228;   10;  15.3;   3.8;    3;   0.0;   0;    9.833;   0;  -999;   5.9;    -999;    8.9;   56.25;   17.5;   -1.8;   -3.2;eor
       5538;20190301;   10;  14.1;   4.2;    3;   5.1;   4;    0.150;   0;  -999;   7.7;    -999;    6.7;   78.92;    9.2;    5.1;    4.3;eor
       5538;20190302;   10;   8.4;   2.9;    3;   0.0;   0;    0.183;   0;  -999;   7.2;    -999;    6.4;   75.04;    8.9;    4.5;    1.9;eor
       5538;20190303;   10;  11.9;   3.2;    3;   0.0;   0;    6.850;   0;  -999;   6.7;    -999;    9.1;   60.38;   14.6;    3.1;    0.7;eor
       5538;20190304;   10;  24.8;   5.6;    3;   0.2;   4;    4.317;   0;  -999;   5.9;    -999;    6.6;   62.21;   16.6;    0.1;   -2.1;eor
       5538;20190305;   10;  19.0;   5.7;    3;   0.1;   4;    5.667;   0;  -999;   5.9;    -999;    5.9;   65.00;   11.0;    1.7;   -0.5;eor
       5538;20190306;   10;-999;-999;    3;   0.0;   0;    6.483;   0;  -999;   6.1;    -999;    5.7;   71.33;   16.0;   -3.1;   -4.3;eor
       5538;20190307;   10;-999;-999;    3;   0.4;   4;    3.733;   0;  -999;   6.7;    -999;    7.4;   66.79;   13.1;    1.2;   -0.4;eor
       5538;20190308;   10;-999;-999;    3;   0.0;   0;    2.117;   0;  -999;   6.1;    -999;    5.8;   67.17;    9.0;   -0.6;   -2.0;eor
       5538;20190309;   10;-999;-999;    3;   1.4;   4;    3.100;   0;  -999;   7.3;    -999;    8.8;   63.92;   13.0;    2.2;    0.7;eor
       5538;20190310;   10;-999;-999;    3;   2.0;   4;    3.333;   0;  -999;   8.6;    -999;   10.2;   69.25;   13.8;    5.4;    3.3;eor
       5538;20190311;   10;  18.1;   5.3;    3;   2.0;   4;    1.733;   0;  -999;   4.9;    -999;    2.7;   67.04;    5.6;   -0.4;   -1.2;eor
       5538;20190312;   10;  11.9;   3.2;    3;   1.1;   4;    7.483;   0;  -999;   4.6;    -999;    4.0;   58.58;   10.3;    0.5;   -0.6;eor
       5538;20190313;   10;  19.9;   5.5;    3;   2.4;   4;    6.033;   0;  -999;   5.8;    -999;    4.8;   68.42;    9.8;    0.8;   -0.1;eor
       5538;20190314;   10;  19.7;   6.1;    3;   1.7;   4;    0.000;   0;  -999;   6.4;    -999;    4.1;   78.54;    6.0;    1.6;    0.9;eor
       5538;20190315;   10;  19.4;   5.9;    3;   9.0;   4;    0.000;   0;  -999;   8.2;    -999;    7.0;   81.33;   10.0;    3.7;    2.9;eor
       5538;20190316;   10;  19.0;   5.9;    3;   0.0;   0;    6.133;   0;  -999;   7.6;    -999;   10.9;   59.88;   17.6;    3.0;    0.1;eor
       5538;20190317;   10;  18.8;   3.8;    3;   2.6;   4;    8.417;   0;  -999;   5.5;    -999;    8.5;   56.33;   19.2;   -1.0;   -3.1;eor
       5538;20190318;   10;  10.7;   2.4;    3;   1.4;   4;    2.317;   0;  -999;   6.0;    -999;    2.3;   83.92;    6.3;   -0.5;   -0.9;eor
       5538;20190319;   10;   7.6;   1.3;    3;   0.0;   0;    3.717;   0;  -999;   5.5;    -999;    2.6;   77.67;    8.8;   -2.5;   -3.4;eor
       5538;20190320;   10;   7.9;   1.5;    3;   0.0;   0;   11.133;   0;  -999;   4.6;    -999;    1.6;   71.00;   10.3;   -4.9;   -6.2;eor
       5538;20190321;   10;  10.0;   2.0;    3;   0.0;   0;   11.283;   0;  -999;   4.8;    -999;    3.4;   66.58;   13.2;   -6.2;   -7.6;eor
       5538;20190322;   10;   5.0;   1.0;    3;   0.0;   0;   10.700;   0;  -999;   5.7;    -999;    4.8;   69.67;   16.6;   -5.4;   -6.5;eor
       5538;20190323;   10;   6.0;   1.3;    3;   0.0;   0;   11.333;   0;  -999;   6.1;    -999;    7.6;   65.04;   18.8;   -2.1;   -3.7;eor
       5538;20190324;   10;   8.2;   1.8;    3;   0.0;   0;   10.983;   0;  -999;   6.9;    -999;    8.6;   66.42;   18.3;   -1.8;   -3.4;eor
       5538;20190325;   10;  14.7;   3.1;    3;   0.6;   4;    2.183;   0;  -999;   6.6;    -999;    5.2;   74.83;    9.2;   -0.2;   -1.0;eor
       5538;20190326;   10;   6.5;   1.6;    3;   0.0;   0;    2.233;   0;  -999;   5.3;    -999;    3.5;   68.92;    7.6;   -0.4;   -1.6;eor
       5538;20190327;   10;   5.5;   1.4;    3;   0.0;   0;    1.333;   0;  -999;   6.2;    -999;    4.5;   74.08;    8.8;    1.4;    0.9;eor
       5538;20190328;   10;  11.3;   2.6;    3;   0.0;   0;    5.517;   0;  -999;   6.7;    -999;    7.4;   68.04;   13.4;    2.2;    1.8;eor
       5538;20190329;   10;   8.4;   2.2;    3;   0.0;   0;   11.867;   0;  -999;   6.6;    -999;    7.4;   68.88;   16.9;   -0.8;   -2.4;eor
       5538;20190330;   10;   5.4;   1.3;    3;   0.0;   0;   11.850;   0;  -999;   6.2;    -999;    7.6;   65.29;   17.9;   -2.7;   -3.7;eor
       5538;20190331;   10;  12.6;   1.9;    3;   0.0;   0;   11.817;   0;  -999;   6.3;    -999;    8.5;   62.13;   18.5;   -1.6;   -3.4;eor
       5538;20190401;   10;   7.7;   1.7;    3;   0.0;   0;   11.600;   0;  -999;   7.4;    -999;    7.5;   73.00;   16.9;   -1.5;   -3.0;eor
       5538;20190402;   10;   6.2;   1.2;    3;   0.0;   0;    9.000;   0;  -999;   6.5;    -999;   10.3;   59.79;   21.0;   -0.8;   -2.6;eor
       5538;20190403;   10;  12.5;   2.3;    3;   0.0;   0;    7.233;   0;  -999;   7.0;    -999;   11.2;   56.75;   20.5;    3.1;    1.7;eor
       5538;20190404;   10;  11.0;   3.2;    3;   0.1;   4;    2.550;   0;  -999;   6.7;    -999;    5.1;   76.29;   10.9;    0.3;   -0.1;eor
       5538;20190405;   10;   5.3;   1.5;    3;   0.0;   0;    0.367;   0;  -999;   6.9;    -999;    5.6;   75.42;   10.1;    1.5;    0.8;eor
       5538;20190406;   10;   7.7;   2.0;    3;   0.0;   0;    9.083;   0;  -999;   7.8;    -999;    8.2;   73.25;   17.4;   -0.5;   -1.1;eor
       5538;20190407;   10;   9.4;   1.9;    3;  14.2;   4;    7.767;   0;  -999;   8.7;    -999;    8.8;   78.54;   15.6;    0.6;   -0.3;eor
       5538;20190408;   10;   3.6;   1.1;    3;   2.2;   4;    0.000;   0;  -999;   9.5;    -999;    8.2;   87.13;   10.1;    6.9;    6.6;eor
       5538;20190409;   10;   8.7;   1.6;    3;  15.8;   4;    1.033;   0;  -999;  10.1;    -999;    9.9;   83.71;   13.5;    6.5;    5.9;eor
       5538;20190410;   10;   4.6;   1.2;    3;   4.6;   4;    0.000;   0;  -999;  10.2;    -999;    8.1;   93.79;    9.2;    7.3;    7.0;eor
       5538;20190411;   10;   6.1;   2.0;    3;   0.0;   0;    0.000;   0;  -999;   7.9;    -999;    6.7;   80.21;    9.0;    4.2;    3.6;eor
       5538;20190412;   10;   6.7;   2.3;    3;   0.0;   0;    0.000;   0;  -999;   5.9;    -999;    5.4;   66.25;    8.9;    2.8;    2.4;eor
       5538;20190413;   10;   7.0;   2.3;    3;   0.4;   4;    5.383;   0;  -999;   6.0;    -999;    5.7;   66.25;   11.2;    2.0;    1.1;eor
       5538;20190414;   10;   8.0;   1.8;    3;   0.0;   4;    0.183;   0;  -999;   6.3;    -999;    5.0;   73.33;    8.4;    2.2;    1.9;eor
       5538;20190415;   10;  11.1;   2.7;    3;   0.0;   0;    8.850;   0;  -999;   7.3;    -999;    7.9;   69.83;   14.1;    1.7;   -0.1;eor
       5538;20190416;   10;   5.9;   1.1;    3;   0.0;   0;   10.000;   0;  -999;   6.8;    -999;    8.4;   65.88;   18.2;   -1.8;   -2.8;eor
       5538;20190417;   10;   9.5;   2.4;    3;   0.0;   0;   11.767;   0;  -999;   6.9;    -999;   11.1;   56.79;   18.9;    2.5;    2.0;eor
       5538;20190418;   10;  11.6;   2.4;    3;   0.0;   0;   12.867;   0;  -999;   7.4;    -999;   11.3;   57.83;   20.3;    0.3;   -1.1;eor
       5538;20190419;   10;   8.0;   1.6;    3;   0.0;   0;   13.000;   0;  -999;   7.3;    -999;   12.0;   57.58;   22.9;    0.9;   -0.7;eor
       5538;20190420;   10;   8.4;   1.5;    3;   0.0;   0;   13.017;   0;  -999;   6.8;    -999;   12.0;   54.58;   23.2;    0.7;   -1.0;eor
       5538;20190421;   10;   8.8;   1.9;    3;   0.0;   0;   12.783;   0;  -999;   6.8;    -999;   12.2;   53.75;   23.6;    0.4;   -1.3;eor
       5538;20190422;   10;  11.0;   3.2;    3;   0.0;   0;   12.683;   0;  -999;   7.5;    -999;   13.6;   52.46;   23.9;    0.7;   -0.5;eor
       5538;20190423;   10;   8.5;   1.6;    3;   0.0;   0;    7.617;   0;  -999;   8.5;    -999;   13.8;   58.29;   23.4;    5.2;    4.0;eor
       5538;20190424;   10;   9.4;   2.5;    3;   0.0;   0;    9.083;   0;  -999;   8.2;    -999;   16.6;   47.21;   26.0;    4.9;    4.0;eor
       5538;20190425;   10;   9.4;   2.4;    3;   0.0;   0;    9.967;   0;  -999;   7.9;    -999;   15.2;   51.83;   24.7;    3.3;    1.9;eor
       5538;20190426;   10;  10.7;   2.5;    3;   3.0;   4;    1.333;   0;  -999;   8.3;    -999;    7.4;   80.58;   10.8;    3.6;    2.9;eor
       5538;20190427;   10;  14.4;   3.1;    3;   2.9;   4;    3.667;   0;  -999;   8.2;    -999;    8.6;   75.50;   13.9;    3.8;    2.8;eor
       5538;20190428;   10;   9.5;   2.2;    3;   0.6;   4;    3.783;   0;  -999;   6.6;    -999;    5.5;   74.88;   10.5;    0.7;    0.0;eor
       5538;20190429;   10;-999;-999;    3;  10.0;   4;    0.350;   0;  -999;   8.2;    -999;    5.8;   88.92;    9.3;    3.2;    3.1;eor
       5538;20190430;   10;-999;-999;    3;   0.1;   4;    2.467;   0;  -999;   8.6;    -999;    7.7;   82.54;   12.9;    5.2;    4.9;eor
       5538;20190501;   10;-999;-999;    3;   0.0;   0;   12.983;-999;  -999;   7.3;    -999;    9.7;   65.71;   18.1;    1.1;   -0.2;eor
       5538;20190502;   10;-999;-999;    3;   3.7;   4;   12.117;-999;  -999;   7.8;    -999;   11.3;   63.88;   20.0;    0.6;   -0.3;eor
       5538;20190503;   10;-999;-999;    3;   0.1;   4;    0.117;-999;  -999;   9.4;    -999;    8.8;   83.00;   11.7;    5.3;    4.2;eor
       5538;20190504;   10;-999;-999;    3;   6.7;   4;    2.200;-999;  -999;   7.6;    -999;    5.5;   85.38;   14.2;    0.7;    0.4;eor
       5538;20190505;   10;-999;-999;    3;   0.3;   4;    0.950;-999;  -999;   6.4;    -999;    3.2;   83.63;    7.2;    1.4;    0.4;eor
       5538;20190506;   10;-999;-999;    3;   0.0;   0;    1.850;-999;  -999;   6.4;    -999;    4.9;   75.25;   10.2;    1.3;    1.0;eor
       5538;20190507;   10;   5.6;   1.2;    3;   0.0;   0;   12.100;-999;  -999;   6.0;    -999;    7.0;   64.58;   14.9;   -0.8;   -2.1;eor
       5538;20190508;   10;  10.6;   1.9;    3;   0.9;   4;    1.383;-999;  -999;   8.6;    -999;   10.4;   69.58;   17.3;    2.0;    0.9;eor
       5538;20190509;   10;  17.1;   3.1;    3;   0.2;   4;    7.750;-999;  -999;   8.8;    -999;   11.3;   68.21;   17.6;    4.4;    3.0;eor
       5538;20190510;   10;  10.3;   2.6;    3;   0.1;   4;    6.200;-999;  -999;   9.5;    -999;   11.3;   71.92;   17.0;    5.2;    3.8;eor
       5538;20190511;   10;  16.6;   2.9;    3;  11.6;   4;    0.483;-999;  -999;   9.9;    -999;   10.4;   78.29;   15.3;    6.5;    6.1;eor
       5538;20190512;   10;   8.3;   2.3;    3;  11.4;   4;    0.000;-999;  -999;   8.5;    -999;    5.6;   93.21;    7.1;    3.8;    4.3;eor
       5538;20190513;   10;   8.2;   1.5;    3;   0.0;   0;    2.833;-999;  -999;   8.3;    -999;    7.7;   80.21;   13.1;    2.3;    0.5;eor
       5538;20190514;   10;  13.8;   2.0;    3;   0.7;   4;    6.283;-999;  -999;   6.5;    -999;    6.3;   70.00;   12.2;    1.0;   -0.2;eor
       5538;20190515;   10;   4.1;   1.3;    3;   0.0;   0;    0.083;-999;  -999;   7.3;    -999;    5.8;   79.88;    9.1;    2.5;    1.6;eor
       5538;20190516;   10;   5.1;   1.4;    3;   0.0;   0;    0.367;-999;  -999;   8.2;    -999;    7.2;   81.25;   12.4;    1.7;    0.8;eor
       5538;20190517;   10;   7.9;   1.6;    3;   0.3;   4;    6.483;-999;  -999;   9.3;    -999;   10.7;   75.29;   22.6;    1.1;    0.1;eor
       5538;20190518;   10;   7.4;   1.4;    3;   0.0;   0;   12.033;-999;  -999;   9.8;    -999;   13.5;   66.96;   22.5;    3.4;    2.3;eor
       5538;20190519;   10;-999;-999;    3;   9.6;   4;    8.233;-999;  -999;  11.5;    -999;   13.5;   76.17;   21.5;    5.7;    4.0;eor
       5538;20190520;   10;-999;-999;    3;  71.0;   4;    0.000;-999;  -999;  12.6;    -999;   11.0;   95.46;   11.5;   10.3;    9.9;eor
       5538;20190521;   10;  13.1;   4.0;    3;  16.2;   4;    0.000;-999;  -999;  11.8;    -999;   10.7;   91.63;   11.6;    9.9;    9.3;eor
       5538;20190522;   10;   5.5;   1.7;    3;   0.6;   4;    0.000;-999;  -999;  12.4;    -999;   11.4;   91.58;   13.6;    9.1;    8.0;eor
       5538;20190523;   10;   6.0;   1.5;    3;   0.0;   0;   10.117;-999;  -999;  10.8;    -999;   13.5;   72.79;   19.3;    5.6;    4.8;eor
       5538;20190524;   10;   6.7;   1.5;    3;   0.0;   0;   13.450;-999;  -999;   9.9;    -999;   13.5;   68.21;   21.8;    3.7;    2.4;eor
       5538;20190525;   10;   6.4;   1.5;    3;   4.7;   4;    7.317;-999;  -999;  12.0;    -999;   13.1;   81.04;   21.1;    5.6;    4.5;eor
       5538;20190526;   10;   3.8;   0.9;    3;   0.0;   0;    3.867;-999;  -999;  12.4;    -999;   14.3;   78.42;   20.7;    8.1;    7.1;eor
       5538;20190527;   10;   5.7;   1.0;    3;  13.0;   4;    0.217;-999;  -999;  12.8;    -999;   13.7;   82.96;   18.8;    7.9;    6.7;eor
       5538;20190528;   10;   8.8;   1.8;    3;   7.3;   4;    0.000;-999;  -999;  12.3;    -999;   11.4;   91.17;   13.1;    9.2;    8.4;eor
       5538;20190529;   10;   9.5;   1.8;    3;   5.6;   4;    1.317;-999;  -999;  10.9;    -999;   10.1;   88.79;   14.4;    8.4;    8.0;eor
       5538;20190530;   10;   4.5;   1.0;    3;   0.0;   0;    7.283;-999;  -999;  10.4;    -999;   12.1;   76.29;   18.6;    5.8;    5.1;eor
       5538;20190531;   10;   5.0;   1.0;    3;   0.0;   0;    4.550;-999;  -999;  12.2;    -999;   14.2;   77.08;   22.7;    8.4;    7.2;eor
       5538;20190601;   10;   7.1;   1.5;    3;   0.0;   0;   13.383;-999;  -999;  12.8;    -999;   17.2;   69.25;   26.7;    6.8;    6.0;eor
       5538;20190602;   10;   8.2;   1.6;    3;   0.0;   0;   13.583;-999;  -999;  14.3;    -999;   19.3;   67.63;   29.0;    8.6;    7.6;eor
       5538;20190603;   10;  14.6;   1.6;    3;   9.2;   4;   13.317;-999;  -999;  13.6;    -999;   20.1;   64.17;   29.5;    9.5;    8.6;eor
       5538;20190604;   10;   6.9;   1.6;    3;   0.0;   0;   13.350;-999;  -999;  15.9;    -999;   20.0;   71.17;   29.2;   11.0;   10.2;eor
       5538;20190605;   10;   8.8;   1.8;    3;   0.0;   0;   13.400;-999;  -999;  15.1;    -999;   20.9;   65.13;   29.6;   11.1;   10.1;eor
       5538;20190606;   10;   8.6;   2.2;    3;   0.0;   0;    0.917;-999;  -999;  13.6;    -999;   15.6;   77.00;   20.3;   10.2;    9.4;eor
       5538;20190607;   10;  13.7;   2.7;    3;   0.0;   0;   13.300;-999;  -999;  14.4;    -999;   19.1;   67.33;   28.3;    8.3;    7.2;eor
       5538;20190608;   10;   8.8;   2.0;    3;   0.0;   0;    6.700;-999;  -999;  10.2;    -999;   16.1;   57.17;   22.7;   10.6;   10.0;eor
       5538;20190609;   10;   9.6;   1.6;    3;   1.8;   4;    9.133;-999;  -999;  13.2;    -999;   16.8;   70.79;   26.1;    7.4;    6.6;eor
       5538;20190610;   10;  19.4;   2.3;    3;   3.6;   4;    7.183;-999;  -999;  16.2;    -999;   16.9;   85.38;   25.0;   12.1;   11.6;eor
       5538;20190611;   10;   9.4;   2.6;    3;   0.0;   0;    5.050;-999;  -999;  15.8;    -999;   16.9;   82.38;   22.2;   12.3;   11.1;eor
       5538;20190612;   10;  13.5;   2.4;    3;   0.0;   0;    3.983;-999;  -999;  14.5;    -999;   15.7;   81.75;   19.0;   13.1;   12.5;eor
       5538;20190613;   10;   6.6;   1.6;    3;   0.0;   0;   10.700;-999;  -999;  13.2;    -999;   17.9;   67.42;   23.7;   11.4;   10.4;eor
       5538;20190614;   10;   7.9;   2.0;    3;   0.0;   0;   12.267;-999;  -999;  16.4;    -999;   20.7;   70.00;   30.6;    9.1;    7.9;eor
       5538;20190615;   10;  16.9;   2.6;    3;  10.2;   4;    8.700;-999;  -999;  16.2;    -999;   19.9;   72.04;   25.7;   13.0;   12.9;eor
       5538;20190616;   10;   7.2;   1.7;    3;   0.0;   0;    3.717;-999;  -999;  14.9;    -999;   16.5;   80.25;   21.3;   11.7;   11.2;eor
       5538;20190617;   10;   8.6;   2.1;    3;   0.0;   0;    9.717;-999;  -999;  15.5;    -999;   18.7;   74.29;   26.0;   10.4;    9.7;eor
       5538;20190618;   10;  11.3;   1.7;    3;   0.6;   4;   13.467;-999;  -999;  15.8;    -999;   20.7;   68.13;   28.4;   11.3;   10.2;eor
       5538;20190619;   10;   9.8;   1.3;    3;   0.6;   4;   11.083;-999;  -999;  14.3;    -999;   21.6;   61.42;   30.3;   13.3;   12.8;eor
       5538;20190620;   10;  12.8;   1.9;    3;  15.6;   4;    3.117;-999;  -999;  16.0;    -999;   17.8;   79.79;   24.3;   12.2;   11.4;eor
       5538;20190621;   10;   7.2;   1.6;    3;   3.3;   4;    8.200;-999;  -999;  16.3;    -999;   17.1;   84.58;   24.5;   10.9;   10.2;eor
       5538;20190622;   10;   6.6;   1.6;    3;   0.7;   4;    2.617;-999;  -999;  17.3;    -999;   17.8;   85.46;   24.7;   13.6;   13.2;eor
       5538;20190623;   10;   5.4;   1.2;    3;   0.0;   0;    5.000;-999;  -999;  17.4;    -999;   18.8;   81.33;   25.8;   14.2;   13.4;eor
       5538;20190624;   10;   8.5;   2.1;    3;   0.0;   0;   13.683;-999;  -999;  17.5;    -999;   21.6;   71.08;   29.6;   11.9;   11.4;eor
       5538;20190625;   10;-999;-999;    3;   0.0;   0;   13.667;-999;  -999;  19.0;    -999;   23.1;   71.00;   32.7;   12.5;   11.7;eor
       5538;20190626;   10;-999;-999;    3;   0.0;   0;   13.500;-999;  -999;  19.5;    -999;   25.3;   65.67;   35.0;   14.2;   13.1;eor
       5538;20190627;   10;-999;-999;    3;   0.0;   0;   13.333;-999;  -999;  20.6;    -999;   25.2;   66.08;   32.4;   16.2;   14.6;eor
       5538;20190628;   10;-999;-999;    3;   0.0;   0;   13.683;-999;  -999;  13.7;    -999;   21.1;   59.04;   29.1;   12.5;   10.7;eor
       5538;20190629;   10;-999;-999;    3;   0.0;   0;   13.667;-999;  -999;  13.2;    -999;   22.1;   56.75;   32.8;   10.5;    9.1;eor
       5538;20190630;   10;-999;-999;    3;   0.0;   0;   13.683;-999;  -999;  15.3;    -999;   24.6;   55.29;   34.5;   11.7;   10.8;eor
       5538;20190701;   10;-999;-999;    3;  13.7;   4;    5.800;-999;  -999;  18.4;    -999;   21.2;   74.58;   32.9;   14.9;   13.8;eor
       5538;20190702;   10;-999;-999;    3;   0.0;   0;    3.550;-999;  -999;  17.8;    -999;   20.0;   77.58;   25.1;   15.2;   14.0;eor
       5538;20190703;   10;-999;-999;    3;   0.0;   0;   10.717;-999;  -999;  14.4;    -999;   18.6;   69.21;   25.1;   12.4;   11.5;eor
       5538;20190704;   10;   7.0;   2.0;    3;   0.0;   0;   13.500;-999;  -999;  12.5;    -999;   18.6;   62.00;   26.3;   10.1;    8.9;eor
       5538;20190705;   10;   8.9;   1.8;    3;   0.0;   0;   12.517;-999;  -999;  14.3;    -999;   20.1;   64.75;   28.6;   10.3;    9.4;eor
       5538;20190706;   10;  17.0;   2.3;    3;   1.4;   4;    9.033;-999;  -999;  13.4;    -999;   21.8;   56.00;   30.7;   11.0;    9.7;eor
       5538;20190707;   10;  11.6;   1.8;    3;   3.4;   4;    1.633;-999;  -999;  16.6;    -999;   17.4;   83.58;   22.9;   12.6;   11.8;eor
       5538;20190708;   10;   4.5;   1.1;    3;   2.5;   4;    0.000;-999;  -999;  14.8;    -999;   14.9;   87.13;   17.1;   13.0;   12.5;eor
       5538;20190709;   10;   6.4;   1.9;    3;   0.0;   0;    7.650;-999;  -999;  11.3;    -999;   15.6;   64.79;   20.6;   11.3;    9.4;eor
       5538;20190710;   10;   6.1;   1.4;    3;   0.0;   0;   12.833;-999;  -999;   9.6;    -999;   14.8;   61.17;   22.0;    7.0;    6.0;eor
       5538;20190711;   10;   6.6;   1.0;    3;   3.6;   4;    1.383;-999;  -999;  12.5;    -999;   13.9;   80.71;   22.0;    7.1;    6.3;eor
       5538;20190712;   10;  12.4;   1.9;    3;   8.2;   4;    1.750;-999;  -999;  14.5;    -999;   15.7;   82.25;   21.0;   11.5;    9.0;eor
       5538;20190713;   10;  11.9;   2.5;    3;   0.6;   4;    2.067;-999;  -999;  14.0;    -999;   15.2;   81.58;   18.8;   12.6;   11.2;eor
       5538;20190714;   10;   8.4;   1.7;    3;   0.0;   0;    7.150;-999;  -999;  13.7;    -999;   16.6;   74.08;   23.7;   10.7;   10.0;eor
       5538;20190715;   10;   8.8;   2.2;    3;   0.0;   0;    9.550;-999;  -999;  13.1;    -999;   16.9;   71.46;   24.7;    9.4;    8.4;eor
       5538;20190716;   10;   6.8;   1.5;    3;   0.0;   0;   12.133;-999;  -999;  13.1;    -999;   17.4;   69.54;   25.1;    9.6;    8.3;eor
       5538;20190717;   10;   7.4;   1.7;    3;   1.4;   4;   11.933;-999;  -999;  13.5;    -999;   18.6;   67.92;   27.1;    9.5;    8.0;eor
       5538;20190718;   10;   8.1;   1.5;    3;   0.0;   0;   12.183;-999;  -999;  12.7;    -999;   19.0;   63.54;   27.6;   10.5;    9.5;eor
       5538;20190719;   10;   7.8;   1.2;    3;   0.0;   0;    8.100;-999;  -999;  14.3;    -999;   20.4;   62.33;   28.9;   12.0;   11.4;eor
       5538;20190720;   10;  10.7;   1.7;    3;   7.2;   4;   12.700;-999;  -999;  14.9;    -999;   22.7;   59.75;   32.0;   12.0;   10.8;eor
       5538;20190721;   10;   7.8;   1.7;    3;   3.6;   4;    4.267;-999;  -999;  18.3;    -999;   20.1;   79.25;   27.1;   15.5;   14.6;eor
       5538;20190722;   10;   5.2;   0.9;    3;   0.0;   0;   11.517;-999;  -999;  16.6;    -999;   21.5;   69.04;   29.6;   13.1;   12.5;eor
       5538;20190723;   10;   6.4;   1.6;    3;   0.0;   0;   13.500;-999;  -999;  15.3;    -999;   23.3;   60.58;   33.0;   13.2;   12.2;eor
       5538;20190724;   10;   6.1;   1.2;    3;   0.0;   0;   13.233;-999;  -999;  17.8;    -999;   24.6;   63.04;   34.4;   13.7;   13.0;eor
       5538;20190725;   10;   7.6;   1.6;    3;   0.0;   0;   12.750;-999;  -999;  16.8;    -999;   26.0;   56.96;   36.7;   15.4;   14.9;eor
       5538;20190726;   10;   7.3;   1.3;    3;   0.0;   0;   11.383;-999;  -999;  17.3;    -999;   25.7;   58.08;   37.0;   15.5;   15.0;eor
       5538;20190727;   10;   8.3;   1.7;    3;   1.2;   4;    5.300;-999;  -999;  18.2;    -999;   21.4;   71.88;   29.0;   15.3;   14.1;eor
       5538;20190728;   10;   9.6;   2.0;    3;  21.8;   4;    0.117;-999;  -999;  18.1;    -999;   18.2;   86.38;   21.7;   14.9;   14.0;eor
       5538;20190729;   10;   8.8;   1.7;    3;   8.7;   4;    3.483;-999;  -999;  17.1;    -999;   16.9;   88.96;   20.8;   14.8;   14.6;eor
       5538;20190730;   10;   6.0;   1.1;    3;   1.4;   4;    7.733;-999;  -999;  18.2;    -999;   20.7;   76.63;   27.1;   14.3;   13.8;eor
       5538;20190731;   10;   8.8;   1.3;    3;   9.3;   4;    1.950;-999;  -999;  17.0;    -999;   16.9;   88.88;   22.3;   12.9;   11.9;eor
       5538;20190801;   10;   5.3;   1.4;    3;   0.0;   0;   12.100;-999;  -999;  15.5;    -999;   18.5;   75.17;   25.6;   11.5;   11.0;eor
       5538;20190802;   10;   7.6;   1.5;    3;   0.4;   4;    5.967;-999;  -999;  15.3;    -999;   17.6;   77.46;   24.6;   12.8;   11.8;eor
       5538;20190803;   10;  12.3;   2.6;    3;   0.0;   0;    7.483;-999;  -999;  14.1;    -999;   17.0;   74.96;   23.3;   11.2;   10.3;eor
       5538;20190804;   10;   5.3;   1.1;    3;   0.0;   0;   12.967;-999;  -999;  13.4;    -999;   17.7;   70.29;   25.7;    9.1;    8.3;eor
       5538;20190805;   10;   8.2;   1.1;    3;   5.8;   4;    4.367;-999;  -999;  15.3;    -999;   19.8;   69.58;   28.4;   10.9;   10.2;eor
       5538;20190806;   10;  10.0;   1.7;    3;   3.0;   4;    3.367;-999;  -999;  17.7;    -999;   19.7;   78.25;   25.6;   15.8;   15.0;eor
       5538;20190807;   10;  14.0;   1.4;    3;   6.2;   4;    2.567;-999;  -999;  17.4;    -999;   18.7;   81.58;   25.4;   15.5;   15.1;eor
       5538;20190808;   10;   5.2;   1.2;    3;   0.0;   0;   10.583;-999;  -999;  16.3;    -999;   19.0;   77.08;   26.1;   13.0;   12.2;eor
       5538;20190809;   10;   8.8;   1.1;    3;   0.0;   0;   12.733;-999;  -999;  17.6;    -999;   22.2;   70.25;   32.5;   10.7;    9.9;eor
       5538;20190810;   10;   6.7;   1.3;    3;   6.8;   4;    2.050;-999;  -999;  19.4;    -999;   19.7;   84.46;   23.2;   15.8;   15.0;eor
       5538;20190811;   10;  15.3;   2.5;    3;   9.3;   4;   12.617;-999;  -999;  18.2;    -999;   21.5;   73.08;   28.3;   14.7;   13.7;eor
       5538;20190812;   10;   5.8;   1.9;    3;  35.8;   4;    0.433;-999;  -999;  16.9;    -999;   15.6;   94.83;   17.8;   14.0;   14.0;eor
       5538;20190813;   10;-999;   1.2;    3;   4.3;   4;    3.017;-999;  -999;  14.3;    -999;   15.3;   83.71;   20.1;   12.7;   12.5;eor
       5538;20190814;   10;-999;-999;    3;   0.0;   0;   11.150;-999;  -999;  12.0;    -999;   15.2;   73.29;   21.6;    9.0;    8.2;eor
       5538;20190815;   10;-999;-999;    3;   1.9;   4;    5.233;-999;  -999;  13.3;    -999;   14.3;   82.29;   20.6;    6.5;    6.2;eor
       5538;20190816;   10;-999;-999;    3;   0.0;   0;   10.067;-999;  -999;  13.3;    -999;   16.7;   72.92;   23.2;   10.6;    9.5;eor
       5538;20190817;   10;-999;-999;    3;   0.0;   0;    5.167;-999;  -999;  14.6;    -999;   17.7;   74.58;   25.8;    9.2;    8.7;eor
       5538;20190818;   10;-999;-999;    3;  15.6;   4;   11.817;-999;  -999;  16.3;    -999;   22.5;   65.58;   33.0;   12.7;   11.9;eor
       5538;20190819;   10;-999;-999;    3;  24.3;   4;    2.700;-999;  -999;  19.1;    -999;   19.2;   86.75;   24.8;   15.9;   15.8;eor
       5538;20190820;   10;   7.9;   1.6;    3;  22.5;   4;    0.000;-999;  -999;  18.2;    -999;   16.6;   95.71;   19.7;   12.5;   12.6;eor
       5538;20190821;   10;   7.1;   2.1;    3;   0.0;   0;    1.167;-999;  -999;  14.5;    -999;   15.1;   84.96;   19.4;   12.2;   12.3;eor
       5538;20190822;   10;-999;   1.4;    3;   0.0;   0;    0.000;-999;  -999;  14.4;    -999;   14.4;   87.92;   17.9;    9.0;    8.8;eor
       5538;20190823;   10;   7.4;   1.5;    3;   0.0;   0;    0.000;-999;  -999;  16.0;    -999;   16.3;   86.42;   21.6;    8.7;    8.9;eor
       5538;20190824;   10;   6.4;   1.0;    3;   0.0;   0;    7.900;-999;  -999;  17.9;    -999;   18.7;   84.54;   26.2;   12.6;   12.8;eor
       5538;20190825;   10;   8.3;   1.2;    3;  11.3;   4;    6.667;-999;  -999;  17.6;    -999;   17.9;   87.00;   27.2;   12.8;   12.5;eor
       5538;20190826;   10;   4.6;   1.0;    3;   0.0;   0;   10.417;-999;  -999;  17.5;    -999;   19.4;   80.08;   27.1;   12.0;   12.1;eor
       5538;20190827;   10;   4.4;   0.9;    3;   0.0;   0;   11.167;-999;  -999;  17.6;    -999;   20.2;   77.42;   28.4;   13.0;   12.6;eor
       5538;20190828;   10;   6.5;   1.1;    3;   7.1;   4;    9.050;-999;  -999;  17.8;    -999;   20.6;   76.83;   29.3;   13.6;   13.6;eor
       5538;20190829;   10;   6.1;   1.1;    3;   0.0;   4;    2.767;-999;  -999;  18.3;    -999;   18.7;   86.17;   25.0;   14.0;   13.7;eor
       5538;20190830;   10;   5.9;   1.3;    3;   0.0;   0;   11.217;-999;  -999;  17.2;    -999;   19.3;   79.25;   27.9;   11.7;   11.5;eor
       5538;20190831;   10;   5.1;   0.9;    3;   0.0;   0;   10.717;-999;  -999;  16.8;    -999;   19.7;   75.17;   28.2;   11.7;   11.5;eor
       5538;20190901;   10;   6.9;   1.4;    3;   8.1;   4;    5.250;-999;  -999;  16.9;    -999;   18.9;   79.25;   26.0;   12.9;   12.3;eor
       5538;20190902;   10;   4.8;   1.4;    3;   2.6;   4;    0.000;-999;  -999;  14.3;    -999;   13.8;   90.63;   15.8;    9.1;    8.0;eor
       5538;20190903;   10;   3.9;   0.9;    3;   0.0;   0;   10.950;-999;  -999;  11.1;    -999;   13.2;   77.00;   21.2;    6.3;    6.0;eor
       5538;20190904;   10;   3.6;   0.8;    3;   0.0;   0;   10.983;-999;  -999;  12.4;    -999;   14.7;   77.29;   24.5;    6.1;    5.4;eor
       5538;20190905;   10;   7.9;   1.2;    3;  13.7;   4;    0.000;-999;  -999;  12.9;    -999;   11.6;   94.13;   14.7;    9.4;    9.0;eor
       5538;20190906;   10;   7.2;   1.5;    3;  15.5;   4;    0.783;-999;  -999;  12.6;    -999;   11.8;   91.33;   15.9;    9.4;    9.8;eor
       5538;20190907;   10;   5.5;   1.0;    3;   2.6;   4;    0.117;-999;  -999;  12.2;    -999;   11.7;   89.04;   15.2;    6.5;    6.2;eor
       5538;20190908;   10;   3.7;   0.9;    3;  18.3;   4;    0.000;-999;  -999;  10.4;    -999;    8.0;   96.92;   10.0;    5.1;    4.9;eor
       5538;20190909;   10;   8.4;   2.0;    3;   2.0;   4;    2.067;-999;  -999;  10.5;    -999;    9.1;   90.96;   14.0;    4.2;    3.9;eor
       5538;20190910;   10;   4.5;   1.2;    3;   0.0;   0;    9.900;-999;  -999;  11.1;    -999;   11.3;   83.54;   20.2;    4.2;    3.4;eor
       5538;20190911;   10;   8.3;   0.9;    3;   5.7;   4;    8.683;-999;  -999;  12.5;    -999;   13.7;   82.25;   20.6;    7.3;    7.2;eor
       5538;20190912;   10;   4.3;   0.9;    3;   0.0;   0;    9.483;-999;  -999;  13.5;    -999;   15.8;   78.79;   22.8;   10.0;    9.3;eor
       5538;20190913;   10;   5.1;   0.9;    3;   0.0;   0;   11.133;-999;  -999;  14.1;    -999;   16.0;   79.63;   24.0;    8.0;    7.2;eor
       5538;20190914;   10;   6.6;   1.1;    3;   0.0;   0;    5.583;-999;  -999;  15.4;    -999;   15.9;   86.79;   23.7;   10.4;    9.8;eor
       5538;20190915;   10;   4.6;   1.0;    3;   0.0;   0;   10.417;-999;  -999;  15.9;    -999;   17.1;   83.21;   25.9;   10.5;    9.8;eor
       5538;20190916;   10;   8.8;   1.3;    3;   0.0;   0;    9.033;-999;  -999;  16.0;    -999;   18.1;   79.42;   26.0;   10.1;    9.5;eor
       5538;20190917;   10;  10.0;   2.0;    3;   0.0;   0;    8.633;-999;  -999;  14.5;    -999;   16.6;   77.88;   21.4;   11.5;   10.6;eor
       5538;20190918;   10;   5.9;   1.7;    3;   0.0;   0;    9.083;-999;  -999;   9.4;    -999;   11.7;   70.04;   18.4;    3.8;    3.1;eor
       5538;20190919;   10;   7.0;   1.4;    3;   0.0;   0;   10.483;-999;  -999;   7.9;    -999;    8.4;   74.54;   17.0;    1.7;    1.2;eor
       5538;20190920;   10;   6.7;   1.4;    3;   0.0;   0;   10.367;-999;  -999;   7.8;    -999;    7.8;   77.00;   16.8;    0.0;   -0.5;eor
       5538;20190921;   10;   5.3;   0.8;    3;   0.0;   0;   11.083;-999;  -999;   9.7;    -999;   10.1;   79.71;   21.4;    1.2;    0.2;eor
       5538;20190922;   10;   3.3;   0.8;    3;   7.3;   4;    2.000;-999;  -999;  12.5;    -999;   12.6;   85.83;   21.9;    4.7;    4.4;eor
       5538;20190923;   10;  10.3;   1.5;    3;  17.3;   4;    0.000;-999;  -999;  13.1;    -999;   11.9;   93.92;   15.3;    9.1;    8.1;eor
       5538;20190924;   10;   5.4;   1.2;    3;   1.6;   4;    6.217;-999;  -999;  13.1;    -999;   13.3;   86.29;   18.8;    7.0;    6.7;eor
       5538;20190925;   10;  11.4;   2.4;    3;   0.5;   4;    3.550;-999;  -999;  12.4;    -999;   13.9;   79.04;   18.3;   10.9;   10.8;eor
       5538;20190926;   10;   8.7;   1.1;    3;   0.6;   4;    0.333;-999;  -999;  13.9;    -999;   13.6;   88.88;   16.0;   10.1;    9.1;eor
       5538;20190927;   10;   7.7;   1.4;    3;  20.5;   4;    6.333;-999;  -999;  14.2;    -999;   16.1;   78.17;   21.7;   11.6;   10.2;eor
       5538;20190928;   10;  12.3;   2.3;    3;   0.0;   4;    6.433;-999;  -999;  12.6;    -999;   13.8;   80.83;   18.4;   10.5;    9.5;eor
       5538;20190929;   10;  20.2;   1.5;    3;   0.0;   0;    9.483;-999;  -999;  11.8;    -999;   15.9;   67.96;   22.9;    6.5;    6.0;eor
       5538;20190930;   10;  17.4;   4.6;    3;   0.0;   0;    6.617;-999;  -999;  11.7;    -999;   15.0;   69.50;   19.2;    6.8;    6.1;eor
       5538;20191001;   10;   8.5;   1.4;    3;   2.3;   4;    9.400;   0;  -999;  11.6;    -999;   14.4;   73.38;   23.6;    4.9;    4.3;eor
       5538;20191002;   10;  12.0;   2.8;    3;  17.3;   4;    2.150;   0;  -999;  11.7;    -999;   11.8;   84.58;   17.3;    5.6;    5.2;eor
       5538;20191003;   10;   9.1;   1.8;    3;   0.0;   0;    7.783;   0;  -999;   8.0;    -999;    7.2;   80.25;   12.5;    1.8;    1.4;eor
       5538;20191004;   10;  10.6;   1.7;    3;   5.1;   4;    0.217;   0;  -999;   9.1;    -999;    7.3;   87.54;   12.8;    0.8;    0.3;eor
       5538;20191005;   10;  11.6;   3.0;    3;   7.4;   4;    0.033;   0;  -999;  10.3;    -999;    9.2;   88.42;   11.7;    3.8;    2.9;eor
       5538;20191006;   10;   3.7;   0.9;    3;  13.6;   4;    0.050;   0;  -999;  10.4;    -999;    8.3;   94.08;   12.4;    3.1;    2.2;eor
       5538;20191007;   10;  13.3;   2.3;    3;   0.0;   0;    3.367;   0;  -999;   9.8;    -999;    9.0;   86.29;   13.8;    3.4;    2.4;eor
       5538;20191008;   10;   9.8;   1.5;    3;  11.1;   4;    0.967;   0;  -999;  10.3;    -999;   12.0;   75.00;   18.5;    3.0;    2.1;eor
       5538;20191009;   10;  13.4;   2.7;    3;  12.9;   4;    0.000;   0;  -999;  11.7;    -999;   11.0;   88.21;   18.0;    8.1;    6.6;eor
       5538;20191010;   10;  14.4;   2.9;    3;   2.0;   4;    2.133;   0;  -999;   9.8;    -999;    9.6;   81.88;   13.6;    4.4;    2.9;eor
       5538;20191011;   10;   4.8;   0.9;    3;   0.0;   0;    9.583;   0;  -999;   9.0;    -999;    8.9;   82.17;   19.0;    1.6;    0.7;eor
       5538;20191012;   10;   3.6;   1.0;    3;   0.0;   0;    9.783;   0;  -999;  10.4;    -999;   11.7;   78.79;   24.5;    1.9;    1.2;eor
       5538;20191013;   10;   3.4;   0.9;    3;   0.0;   0;   10.000;   0;  -999;  12.3;    -999;   13.5;   81.29;   23.3;    5.9;    5.0;eor
       5538;20191014;   10;   3.2;   0.9;    3;   0.0;   0;    7.717;   0;  -999;  11.6;    -999;   12.1;   84.17;   22.7;    5.4;    4.4;eor
       5538;20191015;   10;  12.2;   1.9;    3;   4.2;   4;    8.083;   0;  -999;  11.1;    -999;   12.8;   77.79;   25.2;    3.6;    3.0;eor
       5538;20191016;   10;   8.7;   2.3;    3;   0.0;   0;    9.967;   0;  -999;   8.8;    -999;   10.5;   71.92;   17.4;    3.5;    3.0;eor
       5538;20191017;   10;   5.5;   1.1;    3;   0.0;   0;    9.400;   0;  -999;   9.4;    -999;   10.5;   77.29;   20.3;    2.7;    1.7;eor
       5538;20191018;   10;   3.7;   1.0;    3;   0.0;   0;    4.117;   0;  -999;  11.2;    -999;   12.2;   80.83;   20.9;    7.2;    5.9;eor
       5538;20191019;   10;   6.5;   1.5;    3;   0.0;   4;    2.200;   0;  -999;  11.2;    -999;   10.1;   90.54;   15.4;    5.0;    5.0;eor
       5538;20191020;   10;  10.9;   1.8;    3;   0.0;   4;    3.667;   0;  -999;  10.5;    -999;   13.9;   71.29;   22.6;    5.5;    5.1;eor
       5538;20191021;   10;   6.6;   1.5;    3;   0.1;   4;    3.367;   0;  -999;  12.7;    -999;   14.1;   79.75;   19.0;    9.3;    8.2;eor
       5538;20191022;   10;   3.0;   0.9;    3;   0.0;   0;    0.000;   0;  -999;  12.5;    -999;   10.8;   95.67;   13.3;    7.1;    7.0;eor
       5538;20191023;   10;   4.9;   1.4;    3;   0.1;   4;    5.867;   0;  -999;  12.4;    -999;   11.9;   89.29;   17.7;    7.9;    7.5;eor
       5538;20191024;   10;   5.5;   1.1;    3;   0.0;   4;    0.300;   0;  -999;  11.5;    -999;    9.6;   95.75;   14.8;    5.8;    5.5;eor
       5538;20191025;   10;   2.3;   0.7;    3;   0.0;   0;    1.833;   0;  -999;  11.8;    -999;   11.1;   89.88;   17.0;    4.4;    3.9;eor
       5538;20191026;   10;   2.9;   0.7;    3;   0.0;   0;    9.467;   0;  -999;  10.5;    -999;   10.3;   84.92;   22.1;    2.7;    2.3;eor
       5538;20191027;   10;   9.0;   1.5;    3;   7.0;   4;    8.500;   0;  -999;  10.8;    -999;   12.4;   77.29;   21.5;    4.5;    3.4;eor
       5538;20191028;   10;   7.9;   1.8;    3;   3.4;   4;    0.000;   0;  -999;  10.7;    -999;    8.6;   94.92;   11.1;    6.7;    7.0;eor
       5538;20191029;   10;   7.1;   2.2;    3;   8.9;   4;    0.000;   0;  -999;   9.1;    -999;    6.4;   94.29;    7.7;    5.4;    5.4;eor
       5538;20191030;   10;   7.9;   2.6;    3;  10.5;   4;    0.000;   0;  -999;   8.1;    -999;    5.0;   92.46;    7.0;    3.3;    3.7;eor
       5538;20191031;   10;   4.6;   1.5;    3;   0.1;   4;    0.000;   0;  -999;   7.9;    -999;    4.2;   95.25;    5.4;    2.9;    3.4;eor
       5538;20191101;   10;   3.8;   1.0;    3;   2.5;   4;    0.317;   0;  -999;  10.1;    -999;    7.9;   94.33;   12.5;    4.6;    5.1;eor
       5538;20191102;   10;   4.4;   1.0;    3;   0.5;   4;    1.350;   0;  -999;  11.7;    -999;   10.6;   92.21;   17.9;    5.1;    4.9;eor
       5538;20191103;   10;  12.3;   1.5;    3;   0.3;   4;    0.083;   0;  -999;  10.6;    -999;    9.0;   91.58;   11.8;    5.5;    5.4;eor
       5538;20191104;   10;  10.2;   1.8;    3;   7.0;   4;    4.867;   0;  -999;   9.0;    -999;    9.3;   77.54;   14.5;    3.7;    2.1;eor
       5538;20191105;   10;   7.3;   1.3;    3;   1.5;   4;    0.100;   0;  -999;   8.8;    -999;    6.2;   92.63;    9.1;    0.2;   -0.2;eor
       5538;20191106;   10;   7.0;   1.1;    3;   0.0;   0;    0.933;   0;  -999;   7.4;    -999;    4.4;   88.67;    9.7;   -0.9;   -1.2;eor
       5538;20191107;   10;   5.1;   1.1;    3;   0.0;   0;    4.950;   0;  -999;   7.3;    -999;    4.7;   86.17;   13.3;   -2.1;   -2.9;eor
       5538;20191108;   10;   7.7;   1.5;    3;   0.4;   4;    0.000;   0;  -999;   7.7;    -999;    5.1;   87.63;    6.7;    3.2;    1.6;eor
       5538;20191109;   10;   8.9;   1.6;    3;   1.3;   4;    0.300;   0;  -999;   6.7;    -999;    3.0;   88.38;    7.4;   -2.9;   -3.3;eor
       5538;20191110;   10;   5.3;   1.2;    3;   0.0;   0;    0.000;   0;  -999;   5.9;    -999;   -0.2;   97.71;    2.1;   -2.5;   -1.7;eor
       5538;20191111;   10;   3.9;   1.2;    3;   4.3;   4;    0.083;   0;  -999;   6.0;    -999;    0.9;   91.88;    2.5;   -0.6;    0.1;eor
       5538;20191112;   10;   6.5;   1.1;    3;   4.4;   4;    0.000;   0;  -999;   7.3;    -999;    3.6;   91.92;    5.8;    1.4;    1.5;eor
       5538;20191113;   10;   4.9;   1.0;    3;   0.5;   4;    0.550;   0;  -999;   6.4;    -999;    1.6;   93.04;    4.8;   -1.4;   -2.8;eor
       5538;20191114;   10;   5.3;   1.1;    3;   0.0;   0;    4.667;   0;  -999;   5.3;    -999;   -0.3;   89.21;    8.5;   -5.4;   -6.3;eor
       5538;20191115;   10;  10.8;   1.7;    3;   1.3;   4;    0.783;   0;  -999;   6.6;    -999;    3.6;   83.92;    8.2;   -2.9;   -3.0;eor
       5538;20191116;   10;   3.8;   0.9;    3;   1.8;   4;    0.000;   0;  -999;   7.0;    -999;    2.6;   94.29;    5.2;   -1.5;   -2.3;eor
       5538;20191117;   10;   6.0;   1.5;    3;   1.7;   4;    0.000;   0;  -999;   7.8;    -999;    4.3;   93.29;    6.3;    3.4;    3.4;eor
       5538;20191118;   10;   9.4;   1.7;    3;   0.0;   0;    7.717;   0;  -999;   6.3;    -999;    4.0;   78.00;    8.7;   -0.3;   -1.6;eor
       5538;20191119;   10;   4.3;   0.8;    3;   0.0;   0;    0.167;   0;  -999;   6.4;    -999;    1.9;   91.88;    5.2;   -2.0;   -2.9;eor
       5538;20191120;   10;   4.9;   1.8;    3;   0.0;   0;    1.300;   0;  -999;   6.8;    -999;    3.8;   84.67;    6.9;    2.9;    2.3;eor
       5538;20191121;   10;   3.7;   1.0;    3;   0.0;   0;    0.000;   0;  -999;   7.0;    -999;    3.3;   90.54;    4.3;    2.6;    2.9;eor
       5538;20191122;   10;   3.6;   1.2;    3;   0.0;   0;    0.917;   0;  -999;   6.6;    -999;    1.7;   94.83;    4.5;   -2.5;   -3.1;eor
       5538;20191123;   10;   3.8;   0.9;    3;   0.0;   0;    3.583;   0;  -999;   6.9;    -999;    2.1;   94.42;    9.8;   -3.2;   -3.4;eor
       5538;20191124;   10;   3.7;   0.9;    3;   0.0;   0;    2.683;   0;  -999;   7.7;    -999;    4.2;   92.67;   11.8;   -0.7;   -1.1;eor
       5538;20191125;   10;   2.7;   0.8;    3;   0.1;   4;    0.000;   0;  -999;   7.3;    -999;    2.3;   99.88;    4.5;   -0.3;   -0.3;eor
       5538;20191126;   10;   3.9;   1.0;    3;   0.0;   0;    2.950;   0;  -999;   7.8;    -999;    4.2;   93.75;   12.0;   -0.2;   -0.4;eor
       5538;20191127;   10;   5.9;   1.2;    3;   0.2;   4;    0.600;   0;  -999;   7.8;    -999;    4.4;   92.08;   11.0;   -0.5;   -0.7;eor
       5538;20191128;   10;  15.3;   3.5;    3;   0.0;   4;    0.933;   0;  -999;   7.6;    -999;    7.4;   73.75;   11.0;    2.6;    0.1;eor
       5538;20191129;   10;  13.2;   4.3;    3;   4.3;   4;    0.100;   0;  -999;   7.4;    -999;    5.8;   80.67;    8.3;    1.6;    1.4;eor
       5538;20191130;   10;-999;-999;    3;   0.0;   0;    1.617;   0;  -999;   5.7;    -999;    1.1;   86.58;    4.6;   -4.2;   -5.2;eor
       5538;20191201;   10;-999;-999;    3;   2.3;   4;    0.133;   0;  -999;   5.3;    -999;   -1.2;   94.04;    1.4;   -4.3;   -4.9;eor
       5538;20191202;   10;-999;-999;    3;   0.0;   0;    0.000;   1;  -999;   5.4;    -999;   -0.1;   88.00;    1.2;   -1.6;   -2.4;eor
       5538;20191203;   10;-999;-999;    3;   0.0;   0;    8.050;   0;  -999;   4.4;    -999;   -2.0;   84.17;    3.6;   -6.2;   -7.0;eor
       5538;20191204;   10;-999;-999;    3;   0.0;   0;    7.900;   0;  -999;   4.1;    -999;   -3.8;   88.54;    2.2;   -8.1;   -8.8;eor
       5538;20191205;   10;   4.5;   0.9;    3;   0.0;   0;    7.783;   0;  -999;   4.4;    -999;   -3.0;   89.33;    4.9;   -7.9;   -9.0;eor
       5538;20191206;   10;   3.8;   0.9;    3;   0.0;   4;    8.033;   0;  -999;   4.7;    -999;   -0.6;   80.79;   10.5;   -7.6;   -8.4;eor
       5538;20191207;   10;  12.8;   3.5;    3;   0.0;   0;    1.033;   0;  -999;   7.3;    -999;    7.3;   71.88;    9.0;    2.6;    0.6;eor
       5538;20191208;   10;  13.5;   2.0;    3;   0.2;   4;    7.017;   0;  -999;   6.2;    -999;    5.8;   69.71;   12.2;   -2.3;   -3.8;eor
       5538;20191209;   10;  18.0;   4.6;    3;   2.7;   4;    4.183;   0;  -999;   6.7;    -999;    6.9;   68.42;   10.5;    2.9;    2.4;eor
       5538;20191210;   10;  10.9;   2.0;    3;   0.2;   4;    1.783;   0;  -999;   5.6;    -999;    0.3;   88.42;    3.4;   -6.0;   -7.7;eor
       5538;20191211;   10;   7.6;   1.0;    3;   0.5;   4;    2.867;   0;  -999;   4.6;    -999;   -2.3;   87.00;    3.8;   -8.4;   -9.6;eor
       5538;20191212;   10;   8.1;   1.4;    3;   0.0;   0;    0.450;   0;  -999;   5.7;    -999;    0.3;   90.25;    3.0;   -5.5;   -7.2;eor
       5538;20191213;   10;  15.8;   3.7;    3;   0.2;   4;    1.467;   0;  -999;   5.2;    -999;    0.4;   82.38;    6.2;   -6.1;   -7.1;eor
       5538;20191214;   10;  20.4;   4.9;    3;   0.8;   4;    2.517;   0;  -999;   6.2;    -999;    5.7;   67.13;    9.1;    0.1;   -1.5;eor
       5538;20191215;   10;  12.2;   2.1;    3;   0.0;   0;    4.800;   0;  -999;   7.0;    -999;    7.0;   71.58;   16.3;    0.0;   -1.6;eor
       5538;20191216;   10;   3.1;   0.8;    3;   0.0;   0;    2.083;   0;  -999;   5.9;    -999;    1.2;   88.42;    7.5;   -2.2;   -3.5;eor
       5538;20191217;   10;  10.7;   1.6;    3;   0.0;   0;    0.300;   0;  -999;   7.0;    -999;    8.0;   68.63;   15.4;   -0.6;   -1.3;eor
       5538;20191218;   10;   4.1;   0.9;    3;   0.0;   0;    2.600;   0;  -999;   7.8;    -999;    6.1;   83.21;   13.4;    0.0;   -1.4;eor
       5538;20191219;   10;   3.8;   1.0;    3;   0.0;   0;    4.417;   0;  -999;   6.4;    -999;    2.0;   91.50;   10.1;   -2.5;   -3.6;eor
       5538;20191220;   10;  11.5;   2.3;    3;   6.9;   4;    2.450;   0;  -999;   6.6;    -999;    8.1;   65.33;   16.6;   -1.8;   -3.1;eor
       5538;20191221;   10;   4.6;   1.2;    3;   4.7;   4;    0.000;   0;  -999;   7.2;    -999;    2.6;   97.04;    5.3;   -2.7;   -3.3;eor
       5538;20191222;   10;  12.6;   2.8;    3;   0.9;   4;    0.300;   0;  -999;   6.9;    -999;    3.4;   88.75;    8.5;   -2.4;   -2.3;eor
       5538;20191223;   10;  12.5;   4.1;    3;   2.4;   4;    0.250;   0;  -999;   7.1;    -999;    5.0;   81.92;    6.6;    3.9;    3.1;eor
       5538;20191224;   10;  12.8;   2.7;    3;   7.0;   4;    1.267;   0;  -999;   7.1;    -999;    4.2;   84.83;    7.4;   -0.2;   -2.1;eor
       5538;20191225;   10;  16.3;   4.3;    3;   3.7;   4;    0.267;   0;  -999;   7.3;    -999;    5.1;   82.67;    7.4;    2.5;    1.7;eor
       5538;20191226;   10;   5.7;   0.9;    3;   1.0;   4;    4.983;   0;  -999;   6.3;    -999;    1.7;   91.21;    5.6;   -1.7;   -2.6;eor
       5538;20191227;   10;   5.2;   1.3;    3;   2.9;   4;    0.000;   0;  -999;   7.5;    -999;    3.8;   92.92;    5.7;    1.8;    1.8;eor
       5538;20191228;   10;   4.3;   1.2;    3;   0.0;   0;    1.550;   0;  -999;   5.1;    -999;   -0.6;   87.04;    2.4;   -5.3;   -7.0;eor
       5538;20191229;   10;   4.5;   0.8;    3;   0.0;   0;    7.800;   0;  -999;   4.1;    -999;   -4.0;   88.79;    2.6;   -8.0;   -9.8;eor
       5538;20191230;   10;   3.0;   0.7;    3;   0.0;   0;    7.900;   0;  -999;   4.4;    -999;   -2.6;   87.25;    6.6;   -7.7;   -8.6;eor
       5538;20191231;   10;   4.5;   0.8;    3;   0.0;   0;    5.883;   0;  -999;   5.0;    -999;    0.0;   84.17;   10.3;   -4.9;   -6.9;eor
       5538;20200101;   10;   2.6;   0.7;    3;   0.0;   0;    7.767;   0;  -999;   4.4;    -999;   -3.1;   89.04;    3.8;   -7.4;   -8.5;eor
       5538;20200102;   10;   2.4;   0.7;    3;   0.0;   0;    7.917;   0;  -999;   4.3;    -999;   -3.0;   86.75;    4.8;   -7.9;   -8.9;eor
       5538;20200103;   10;  11.3;   1.9;    3;   0.8;   4;    2.683;   0;  -999;   5.6;    -999;    1.9;   79.04;    8.7;   -6.7;   -7.7;eor
       5538;20200104;   10;  10.7;   3.4;    3;   0.9;   4;    0.000;   0;  -999;   6.9;    -999;    4.0;   84.29;    6.2;    2.1;    1.3;eor
       5538;20200105;   10;   7.7;   1.6;    3;   0.0;   0;    0.983;   0;  -999;   5.9;    -999;    1.8;   84.96;    4.9;   -4.1;   -5.0;eor
       5538;20200106;   10;   2.5;   0.7;    3;   0.0;   0;    7.950;   0;  -999;   4.6;    -999;   -1.5;   85.96;    6.4;   -6.1;   -6.9;eor
       5538;20200107;   10;  12.0;   1.8;    3;   0.4;   4;    0.517;   0;  -999;   5.7;    -999;    1.5;   83.83;    6.6;   -4.7;   -6.1;eor
       5538;20200108;   10;   3.2;   0.9;    3;   0.0;   0;    0.083;   0;  -999;   5.5;    -999;   -0.3;   90.50;    3.7;   -5.2;   -6.7;eor
       5538;20200109;   10;   3.4;   0.9;    3;   0.0;   0;    7.283;   0;  -999;   5.6;    -999;    3.5;   73.79;   13.5;   -2.0;   -3.6;eor
       5538;20200110;   10;  10.7;   2.1;    3;   1.0;   4;    6.533;   0;  -999;   6.2;    -999;    4.8;   72.21;   12.0;   -2.8;   -4.4;eor
       5538;20200111;   10;   4.2;   1.0;    3;   0.1;   4;    0.017;   0;  -999;   6.5;    -999;    2.0;   91.08;    4.9;   -3.8;   -4.8;eor
       5538;20200112;   10;   3.2;   0.8;    3;   0.0;   0;    7.333;   0;  -999;   4.7;    -999;   -1.1;   85.33;    7.6;   -6.3;   -7.5;eor
       5538;20200113;   10;   2.4;   0.9;    3;   0.0;   0;    6.167;   0;  -999;   4.4;    -999;   -1.5;   82.00;    5.7;   -5.5;   -6.5;eor
       5538;20200114;   10;   5.6;   1.0;    3;   0.0;   0;    7.483;   0;  -999;   4.4;    -999;    1.0;   70.79;   13.3;   -5.8;   -7.3;eor
       5538;20200115;   10;   8.3;   1.0;    3;   0.0;   0;    8.200;   0;  -999;   4.7;    -999;    2.6;   66.83;   13.1;   -4.5;   -5.6;eor
       5538;20200116;   10;   7.2;   1.2;    3;   0.0;   0;    6.550;   0;  -999;   5.8;    -999;    3.8;   74.00;   12.0;   -3.4;   -5.0;eor
       5538;20200117;   10;   9.1;   1.4;    3;   4.2;   4;    6.167;   0;  -999;   5.7;    -999;    3.4;   75.00;   12.3;   -5.1;   -6.3;eor
       5538;20200118;   10;-999;-999;    3;   2.0;   4;    0.167;   0;  -999;   6.5;    -999;    1.9;   92.50;    5.4;   -1.3;   -1.9;eor
       5538;20200119;   10;-999;-999;    3;   0.3;   4;    1.633;   1;  -999;   5.3;    -999;   -0.8;   92.75;    2.3;   -4.5;   -5.6;eor
       5538;20200120;   10;-999;-999;    3;   0.0;   0;    3.450;   1;  -999;   4.5;    -999;   -2.6;   89.21;    1.9;   -6.5;   -7.6;eor
       5538;20200121;   10;-999;-999;    3;   0.0;   0;    1.633;   0;  -999;   4.2;    -999;   -4.0;   91.88;   -1.0;   -7.0;   -8.5;eor
       5538;20200122;   10;   4.2;   1.2;    3;   0.0;   0;    0.000;   0;  -999;   4.6;    -999;   -3.3;   96.58;   -1.7;   -5.2;   -4.8;eor
       5538;20200123;   10;   5.3;   1.7;    3;   0.0;   0;    0.000;   0;  -999;   4.6;    -999;   -2.5;   91.33;   -1.2;   -3.7;   -3.1;eor
       5538;20200124;   10;   3.1;   0.9;    3;   0.0;   0;    7.550;   0;  -999;   5.0;    -999;   -0.7;   85.75;    9.8;   -6.8;   -7.5;eor
       5538;20200125;   10;   2.4;   0.7;    3;   0.0;   0;    0.033;   0;  -999;   5.6;    -999;    0.1;   90.63;    6.2;   -3.9;   -5.0;eor
       5538;20200126;   10;   2.4;   0.7;    3;   0.2;   4;    0.633;   0;  -999;   6.1;    -999;    1.5;   90.17;    8.3;   -1.6;   -2.5;eor
       5538;20200127;   10;   3.7;   1.0;    3;   1.1;   4;    6.717;   0;  -999;   6.6;    -999;    3.9;   83.71;   10.5;   -0.1;   -0.7;eor
       5538;20200128;   10;  16.9;   4.1;    3;   4.2;   4;    0.817;   0;  -999;   6.3;    -999;    2.8;   84.17;    5.9;    0.7;   -0.7;eor
       5538;20200129;   10;  16.5;   4.5;    3;   3.3;   4;    0.600;   0;  -999;   5.7;    -999;    2.4;   79.17;    4.4;    0.5;    0.0;eor
       5538;20200130;   10;  13.4;   1.5;    3;   1.3;   4;    6.967;   0;  -999;   6.3;    -999;    4.7;   75.50;   10.7;   -0.7;   -2.4;eor
       5538;20200131;   10;  16.3;   5.2;    3;   0.0;   0;    5.633;   0;  -999;   9.6;    -999;   10.5;   75.63;   14.5;    3.4;    1.9;eor
       5538;20200201;    3;  16.2;   3.2;    3;   0.1;   4;    6.000;   0;  -999;   8.2;    -999;    8.4;   76.00;   16.1;    0.2;   -1.2;eor
       5538;20200202;    3;  20.6;   5.8;    3;  17.5;   4;    0.850;   0;  -999;   9.7;    -999;   11.1;   73.29;   13.6;    8.1;    7.2;eor
       5538;20200203;    3;  19.0;   2.9;    3;  44.4;   4;    0.000;   0;  -999;   9.4;    -999;    7.0;   93.92;   12.9;    4.7;    4.6;eor
       5538;20200204;    3;  23.1;   5.2;    3;   2.1;   4;    0.217;   0;  -999;   6.4;    -999;    4.4;   77.96;   14.5;   -0.2;    0.0;eor
       5538;20200205;    3;  12.8;   3.3;    3;   0.0;   4;    1.633;   0;  -999;   4.9;    -999;    0.2;   79.71;    2.6;   -4.9;   -6.1;eor
       5538;20200206;    3;   3.3;   0.9;    3;   0.0;   0;    9.167;   0;  -999;   4.0;    -999;   -2.0;   78.29;    5.8;   -7.1;   -8.4;eor
       5538;20200207;    3;   4.5;   1.0;    3;   0.0;   0;    9.283;   0;  -999;   4.2;    -999;   -1.8;   80.67;    6.4;   -7.4;   -8.6;eor
       5538;20200208;    3;   2.7;   0.8;    3;   0.0;   0;    8.650;   0;  -999;   4.6;    -999;    0.2;   77.13;   10.8;   -6.5;   -7.6;eor
       5538;20200209;    3;   5.3;   1.3;    3;   0.0;   0;    8.500;   0;  -999;   4.8;    -999;    3.3;   66.54;   13.8;   -4.3;   -5.8;eor
       5538;20200210;    3;  26.3;   7.1;    3;  10.8;   4;    2.650;   0;  -999;   7.2;    -999;    9.1;   62.58;   15.2;    1.8;    0.7;eor
       5538;20200211;    3;  25.2;   7.1;    3;   1.8;   4;    2.983;   0;  -999;   6.0;    -999;    3.4;   77.25;    9.6;    1.0;    0.2;eor
       5538;20200212;    3;  15.1;   5.4;    3;   0.0;   0;    1.333;   0;  -999;   5.2;    -999;    3.1;   68.50;    4.5;    1.2;   -0.1;eor
       5538;20200213;    3;  16.2;   2.1;    3;  10.6;   4;    4.683;   0;  -999;   5.6;    -999;    3.5;   73.04;   11.1;   -3.2;   -4.6;eor
       5538;20200214;    3;  14.7;   3.9;    3;   0.5;   4;    1.367;   0;  -999;   6.8;    -999;    4.6;   80.67;    7.4;   -0.7;   -2.4;eor
       5538;20200215;    3;   4.5;   1.0;    3;   0.0;   0;    7.833;   0;  -999;   5.9;    -999;    2.5;   81.92;   12.2;   -2.6;   -4.0;eor
       5538;20200216;    3;   4.7;   1.2;    3;   0.0;   0;    2.400;   0;  -999;   6.2;    -999;    5.5;   70.88;   15.9;   -2.0;   -2.9;eor
       5538;20200217;    3;  12.3;   2.6;    3;   0.1;   4;    3.883;   0;  -999;   7.5;    -999;    9.8;   62.17;   15.1;    4.5;    3.2;eor
       5538;20200218;    3;  15.0;   4.6;    3;   0.0;   0;    8.433;   0;  -999;   5.5;    -999;    5.4;   61.42;    9.2;    1.8;   -1.5;eor
       5538;20200219;    3;  17.7;   3.2;    3;   0.9;   4;    1.583;   0;  -999;   5.3;    -999;    2.7;   71.25;    6.6;   -2.0;   -3.5;eor
       5538;20200220;    3;  13.1;   1.0;    3;   1.8;   4;    4.700;   0;  -999;   5.4;    -999;    3.2;   73.04;   11.0;   -2.1;   -4.1;eor
       5538;20200221;    3;  17.3;   3.6;    3;   0.0;   0;    9.033;   0;  -999;   5.2;    -999;    4.5;   63.21;    8.8;    0.8;   -1.5;eor
       5538;20200222;    3;  11.0;   2.2;    3;   0.9;   4;    8.733;   0;  -999;   5.0;    -999;    7.9;   51.96;   16.8;   -3.6;   -4.7;eor
       5538;20200223;    3;  23.6;   7.4;    3;   3.4;   4;    0.233;   0;  -999;   7.2;    -999;   12.6;   49.83;   16.0;    6.1;    4.5;eor
       5538;20200224;    3;  19.7;   3.1;    3;   4.7;   4;    3.483;   0;  -999;   8.7;    -999;    7.5;   84.96;   13.3;    3.1;    2.7;eor
       5538;20200225;    3;  16.8;   4.1;    3;   0.9;   4;    0.167;   0;  -999;   6.7;    -999;    8.9;   59.54;   11.9;    3.4;    2.6;eor
       5538;20200226;    3;  18.8;   5.8;    3;   0.8;   4;    4.817;   0;  -999;   5.3;    -999;    1.9;   75.54;    4.9;   -0.5;   -2.3;eor
       5538;20200227;    3;  27.8;   4.1;    3;   3.0;   4;    2.300;   0;  -999;   5.0;    -999;    2.1;   72.50;    6.3;   -0.8;   -2.5;eor
       5538;20200228;    3;  14.5;   4.1;    3;   0.0;   0;    5.300;   0;  -999;   4.7;    -999;    1.7;   69.46;    5.6;   -0.6;   -2.7;eor
       5538;20200229;    3;  11.4;   1.8;    3;   2.5;   4;    2.500;   0;  -999;   6.4;    -999;    7.8;   61.79;   16.7;    1.4;    1.2;eor
       5538;20200301;    3;  17.4;   2.2;    3;   0.6;   4;    6.367;   0;  -999;   7.2;    -999;    6.9;   74.17;   13.4;    2.5;    1.0;eor
       5538;20200302;    3;   9.1;   2.5;    3;   1.6;   4;    2.567;   0;  -999;   6.4;    -999;    5.1;   73.46;    8.2;   -1.3;   -2.8;eor
       5538;20200303;    3;  11.6;   3.6;    3;   0.8;   4;    3.017;   0;  -999;   5.9;    -999;    3.2;   76.88;    6.1;   -2.3;   -3.5;eor
       5538;20200304;    3;   9.6;   1.8;    3;   0.0;   4;    3.550;   0;  -999;   4.9;    -999;    1.6;   73.54;    7.4;   -3.8;   -4.9;eor
       5538;20200305;    3;   6.0;   1.6;    3;   3.8;   4;    0.000;   0;  -999;   6.5;    -999;    3.1;   84.92;    9.5;   -3.6;   -5.1;eor
       5538;20200306;    3;  18.0;   5.6;    3;   0.1;   4;    2.067;   0;  -999;   6.2;    -999;    5.3;   70.25;    7.5;    2.5;    1.6;eor
       5538;20200307;    3;   9.3;   2.8;    3;   1.2;   4;    0.900;   0;  -999;   6.2;    -999;    2.5;   85.17;    6.3;   -1.8;   -3.0;eor
       5538;20200308;    3;-999;-999;    3;   2.3;   4;    9.333;   0;  -999;   5.0;    -999;    2.6;   72.50;   11.2;   -4.0;   -5.4;eor
       5538;20200309;    3;-999;-999;    3;   1.9;   4;    1.367;   0;  -999;   7.0;    -999;    4.2;   83.92;    7.9;    0.1;   -0.3;eor
       5538;20200310;    3;  15.3;   2.9;    3;  11.8;   4;    0.000;   0;  -999;   7.2;    -999;    5.2;   80.79;   10.7;    0.9;   -0.4;eor
       5538;20200311;    3;  15.5;   5.2;    3;   0.0;   0;    3.050;   0;  -999;   9.7;    -999;   11.9;   69.83;   15.5;    5.4;    2.9;eor
       5538;20200312;    3;  16.6;   3.9;    3;   2.1;   4;    1.317;   0;  -999;   8.7;    -999;   10.7;   69.17;   16.7;    2.3;    0.3;eor
       5538;20200313;    3;  11.9;   3.4;    3;   0.4;   4;    5.100;   0;  -999;   6.6;    -999;    5.1;   75.54;   10.2;   -1.7;   -3.3;eor
       5538;20200314;    3;   7.0;   1.3;    3;   0.0;   0;    5.650;   0;  -999;   5.5;    -999;    3.2;   74.08;   10.4;   -3.3;   -4.1;eor
       5538;20200315;    3;   6.8;   1.3;    3;   0.0;   0;   11.167;   0;  -999;   5.8;    -999;    4.7;   71.92;   14.8;   -3.5;   -4.9;eor
       5538;20200316;    3;   5.8;   1.3;    3;   0.0;   0;   11.100;   0;  -999;   6.2;    -999;    6.5;   68.46;   17.6;   -2.5;   -3.7;eor
       5538;20200317;    3;   5.6;   1.1;    3;   0.0;   0;    2.100;   0;  -999;   7.9;    -999;    8.1;   74.25;   14.1;    0.1;   -0.7;eor
       5538;20200318;    3;   5.2;   1.1;    3;   0.0;   0;   11.167;   0;  -999;   8.6;    -999;    9.6;   74.83;   17.6;    1.7;    0.4;eor
       5538;20200319;    3;   5.2;   1.1;    3;   0.0;   0;   11.117;   0;  -999;   8.2;    -999;    9.4;   72.88;   19.1;    0.4;   -0.7;eor
       5538;20200320;    3;   9.5;   1.6;    3;  24.1;   4;    8.650;   0;  -999;   8.7;    -999;    9.8;   75.38;   18.9;    0.6;   -0.5;eor
       5538;20200321;    3;  10.6;   3.2;    3;   3.9;   4;    0.000;   0;  -999;   8.0;    -999;    4.5;   93.75;    7.6;    0.5;    0.3;eor
       5538;20200322;    3;  11.9;   5.5;    3;   0.0;   0;    6.683;   0;  -999;   4.7;    -999;    0.9;   71.54;    5.4;   -3.1;   -3.9;eor
       5538;20200323;    3;  12.9;   5.7;    3;   0.0;   0;   11.733;   0;  -999;   3.0;    -999;   -0.7;   54.50;    4.5;   -5.1;   -6.2;eor
       5538;20200324;    3;  11.9;   4.6;    3;   0.0;   0;   11.600;   0;  -999;   3.3;    -999;   -0.2;   56.88;    5.3;   -5.4;   -7.4;eor
       5538;20200325;    3;  14.5;   5.1;    3;   0.0;   0;   11.583;   0;  -999;   3.5;    -999;    0.4;   57.29;    5.8;   -4.3;   -5.6;eor
       5538;20200326;    3;   8.0;   2.1;    3;   0.0;   0;    3.167;   0;  -999;   4.3;    -999;   -0.1;   70.79;    7.0;   -6.7;   -7.9;eor
       5538;20200327;    3;   7.8;   1.2;    3;   0.0;   0;    9.650;   0;  -999;   5.8;    -999;    4.3;   71.46;   17.3;   -5.4;   -6.3;eor
       5538;20200328;    3;   6.2;   1.5;    3;   0.0;   0;   11.400;   0;  -999;   6.1;    -999;    5.9;   70.00;   14.9;   -2.4;   -3.6;eor
       5538;20200329;    1;   7.9;   2.0;    1;   5.7;   4;    0.050;   0;  -999;   6.5;    -999;    3.5;   83.54;    7.9;    0.8;    0.0;eor
       5538;20200330;    1;   8.1;   2.0;    1;   0.1;   4;    1.717;   0;  -999;   5.0;    -999;   -0.3;   84.42;    4.1;   -4.9;   -6.4;eor
       5538;20200331;    1;   6.6;   1.2;    1;   0.0;   0;    7.250;   0;  -999;   3.7;    -999;   -1.1;   70.21;    6.4;   -7.6;   -8.9;eor
       5538;20200401;    1;   6.5;   1.2;    1;   0.0;   0;   12.233;   0;  -999;   3.9;    -999;    0.8;   65.71;   10.1;   -7.6;   -8.5;eor
       5538;20200402;    1;   8.4;   1.4;    1;   0.0;   0;   12.167;   0;  -999;   4.5;    -999;    3.6;   63.00;   13.4;   -6.1;   -7.2;eor
       5538;20200403;    1;   9.1;   1.9;    1;   0.0;   0;   10.017;   0;  -999;   5.4;    -999;    5.3;   63.42;   12.7;   -2.0;   -3.1;eor
       5538;20200404;    1;  10.8;   1.9;    1;   0.0;   0;   11.800;   0;  -999;   5.9;    -999;    6.9;   62.96;   15.4;   -1.8;   -3.5;eor
       5538;20200405;    1;   7.2;   1.6;    1;   0.0;   0;   12.333;   0;  -999;   6.1;    -999;    7.2;   64.00;   18.0;   -3.6;   -4.5;eor
       5538;20200406;    1;   5.9;   1.5;    1;   0.0;   0;   12.450;   0;  -999;   6.2;    -999;    9.3;   60.25;   20.2;   -2.0;   -3.1;eor
       5538;20200407;    1;  11.2;   1.7;    1;   0.0;   0;   12.417;   0;  -999;   6.8;    -999;   11.0;   57.75;   21.4;   -0.2;   -1.0;eor
       5538;20200408;    1;   6.3;   1.3;    1;   0.0;   0;   12.467;   0;  -999;   6.9;    -999;   11.2;   58.50;   21.5;   -0.1;   -0.8;eor
       5538;20200409;    1;   5.8;   1.2;    1;   0.0;   0;    8.567;   0;  -999;   7.0;    -999;   10.7;   60.29;   20.7;    0.8;    0.5;eor
       5538;20200410;    1;   6.5;   1.3;    1;   0.0;   0;   12.433;   0;  -999;   7.2;    -999;   11.2;   59.75;   21.7;    0.6;    0.1;eor
       5538;20200411;    1;   6.2;   1.5;    1;   0.0;   0;   11.167;   0;  -999;   7.8;    -999;   11.0;   64.33;   20.3;    0.8;   -0.1;eor
       5538;20200412;    1;   8.3;   1.5;    1;   0.0;   0;   10.167;   0;  -999;   7.9;    -999;   12.4;   60.96;   22.8;    2.3;    1.0;eor
       5538;20200413;    1;  13.6;   2.9;    1;   2.7;   4;    7.250;   0;  -999;   8.2;    -999;   12.6;   59.50;   20.4;    4.3;    4.0;eor
       5538;20200414;    1;   8.1;   2.2;    1;   0.0;   0;    9.133;   0;  -999;   4.4;    -999;    3.5;   58.42;    8.2;   -3.4;   -4.4;eor
       5538;20200415;    1;   4.8;   1.3;    1;   0.0;   0;   12.333;   0;  -999;   4.9;    -999;    6.8;   56.08;   19.1;   -5.2;   -5.8;eor
       5538;20200416;    1;   7.3;   1.5;    1;   0.0;   0;   12.617;   0;  -999;   6.5;    -999;   10.8;   56.33;   21.3;   -1.3;   -2.0;eor
       5538;20200417;    1;   5.4;   1.2;    1;   0.0;   0;   12.017;   0;  -999;   8.4;    -999;   13.4;   60.13;   23.6;    2.7;    1.9;eor
       5538;20200418;    1;   8.6;   1.7;    1;   1.8;   4;    9.550;   0;  -999;   9.9;    -999;   14.3;   64.63;   24.0;    4.4;    4.1;eor
       5538;20200419;    1;  10.5;   2.6;    1;   0.0;   0;    9.367;   0;  -999;  11.2;    -999;   14.6;   70.13;   21.0;    7.0;    6.8;eor
       5538;20200420;    1;  10.3;   3.8;    1;   0.0;   0;    3.017;   0;  -999;   7.7;    -999;   11.4;   56.63;   17.9;    7.9;    7.1;eor
       5538;20200421;    1;  14.1;   4.1;    1;   0.0;   0;    9.733;   0;  -999;   6.8;    -999;   11.9;   49.92;   20.4;    5.6;    3.6;eor
       5538;20200422;    1;  10.1;   2.5;    1;   0.0;   0;   12.800;   0;  -999;   6.1;    -999;   12.0;   47.04;   22.1;   -0.2;   -1.8;eor
       5538;20200423;    1;   5.6;   1.3;    1;   0.0;   0;   12.800;   0;  -999;   6.9;    -999;   10.7;   57.08;   20.3;    0.0;   -0.7;eor
       5538;20200424;    1;  12.5;   2.8;    1;   0.0;   0;   10.767;   0;  -999;   7.4;    -999;   12.8;   55.17;   21.1;    1.6;    0.5;eor
       5538;20200425;    1;   8.7;   1.9;    1;   0.0;   0;    8.733;   0;  -999;   7.8;    -999;   13.1;   54.17;   19.9;    4.3;    3.4;eor
       5538;20200426;    1;   5.9;   1.3;    1;   0.7;   4;   12.833;   0;  -999;   7.0;    -999;   10.9;   58.04;   20.3;    1.2;    0.1;eor
       5538;20200427;    1;-999;-999;    1;   0.2;   4;    5.733;   0;  -999;   9.8;    -999;   12.9;   69.46;   20.6;    5.9;    4.7;eor
       5538;20200428;    1;   6.6;   1.6;    1;  43.1;   4;    3.600;   0;  -999;  11.3;    -999;   11.5;   84.71;   19.3;    3.4;    3.1;eor
       5538;20200429;    1;   9.4;   2.0;    1;   5.1;   4;    1.450;   0;  -999;   9.8;    -999;    8.9;   86.75;   14.0;    4.1;    2.9;eor
       5538;20200430;    1;   9.6;   1.8;    1;   5.3;   4;    3.100;   0;  -999;   9.2;    -999;    9.4;   81.04;   17.2;    2.7;    2.0;eor
       5538;20200501;    1;   8.4;   2.0;    1;   2.1;   4;    1.883;-999;  -999;   9.2;    -999;    9.7;   77.33;   15.1;    4.6;    3.9;eor
       5538;20200502;    1;  11.6;   2.9;    1;   5.4;   4;    2.000;-999;  -999;   8.8;    -999;    7.7;   84.21;   14.5;    2.2;    1.7;eor
       5538;20200503;    1;   5.7;   1.4;    1;   1.4;   4;   10.517;-999;  -999;   7.7;    -999;    8.8;   72.33;   15.9;    1.5;    0.7;eor
       5538;20200504;    1;   5.6;   1.2;    1;   4.0;   4;    1.117;-999;  -999;  12.0;    -999;   11.7;   86.33;   17.4;    7.2;    7.3;eor
       5538;20200505;    1;   5.0;   1.4;    1;   6.5;   4;    0.000;-999;  -999;  10.2;    -999;    8.1;   93.92;   10.8;    2.1;    1.5;eor
       5538;20200506;    1;   7.3;   1.7;    1;   0.0;   0;   11.217;-999;  -999;   6.9;    -999;    7.2;   72.25;   14.2;    0.4;   -0.1;eor
       5538;20200507;    1;   5.0;   1.2;    1;   0.0;   0;   13.200;-999;  -999;   7.3;    -999;   10.0;   65.13;   19.9;   -0.5;   -1.2;eor
       5538;20200508;    1;   8.0;   1.4;    1;   0.0;   0;   12.000;-999;  -999;  10.9;    -999;   14.9;   67.88;   24.7;    3.9;    3.4;eor
       5538;20200509;    1;   5.7;   1.0;    1;   4.6;   4;    8.467;-999;  -999;  12.9;    -999;   16.8;   71.17;   25.3;    8.6;    8.1;eor
       5538;20200510;    1;   7.8;   1.3;    1;   1.5;   4;    6.400;-999;  -999;  14.9;    -999;   15.9;   83.75;   23.3;   11.3;   11.1;eor
       5538;20200511;    1;  16.5;   2.6;    1;  13.3;   4;    1.483;-999;  -999;  12.0;    -999;   10.6;   92.00;   19.1;    1.9;    2.9;eor
       5538;20200512;    1;   6.3;   2.0;    1;   0.0;   0;    5.467;-999;  -999;   7.4;    -999;    6.2;   79.46;   13.2;    1.5;    2.4;eor
       5538;20200513;    1;   7.2;   1.8;    1;   2.9;   4;    0.183;-999;  -999;   9.4;    -999;    7.8;   88.25;   11.2;    5.4;    5.4;eor
       5538;20200514;    1;   6.9;   2.4;    1;   5.7;   4;    0.000;-999;  -999;   9.9;    -999;    8.3;   90.46;   10.6;    6.1;    6.7;eor
       5538;20200515;    1;   9.0;   1.9;    1;   5.7;   4;    0.000;-999;  -999;   9.7;    -999;    8.0;   90.33;   10.3;    3.9;    3.6;eor
       5538;20200516;    1;   7.0;   1.4;    1;   0.0;   0;    7.517;-999;  -999;   9.7;    -999;   10.2;   80.21;   18.4;    3.6;    4.2;eor
       5538;20200517;    1;   6.4;   1.4;    1;   0.0;   0;   13.333;-999;  -999;   8.7;    -999;   12.3;   66.83;   19.9;    2.8;    2.4;eor
       5538;20200518;    1;   6.7;   1.6;    1;   0.0;   0;   13.450;-999;  -999;   9.7;    -999;   13.4;   67.13;   22.0;    3.4;    2.7;eor
       5538;20200519;    1;   7.8;   1.6;    1;   0.0;   0;   12.767;-999;  -999;  11.5;    -999;   15.2;   69.38;   23.2;    5.6;    4.9;eor
       5538;20200520;    1;   6.8;   1.8;    1;   0.0;   0;    4.467;-999;  -999;  12.1;    -999;   15.1;   72.33;   20.7;    8.3;    7.5;eor
       5538;20200521;    1;   5.4;   1.2;    1;   0.0;   0;   10.167;-999;  -999;  11.5;    -999;   14.9;   71.33;   22.6;    7.3;    6.7;eor
       5538;20200522;    1;   9.9;   1.4;    1;   0.1;   4;    8.400;-999;  -999;  11.8;    -999;   17.8;   61.58;   24.7;    7.4;    6.7;eor
       5538;20200523;    1;  18.0;   1.9;    1;   5.3;   4;    2.983;-999;  -999;  13.3;    -999;   14.2;   82.25;   24.6;    6.3;    5.6;eor
       5538;20200524;    1;  11.3;   2.8;    1;   0.7;   4;    6.083;-999;  -999;   9.3;    -999;   11.5;   70.83;   17.1;    5.5;    4.7;eor
       5538;20200525;    1;   9.9;   2.1;    1;   0.3;   4;    2.017;-999;  -999;  10.7;    -999;   12.1;   76.50;   16.8;    7.0;    6.4;eor
       5538;20200526;    1;   8.9;   2.0;    1;   0.0;   0;   12.850;-999;  -999;   9.1;    -999;   11.6;   69.46;   18.1;    4.7;    3.9;eor
       5538;20200527;    1;   8.8;   1.7;    1;   0.0;   0;   13.500;-999;  -999;   8.6;    -999;   12.5;   64.71;   20.9;    2.6;    2.1;eor
       5538;20200528;    1;   9.3;   1.6;    1;   0.0;   0;    3.967;-999;  -999;  10.1;    -999;   11.4;   75.83;   18.2;    5.4;    4.3;eor
       5538;20200529;    1;   9.0;   2.4;    1;   0.0;   0;   11.483;-999;  -999;   9.3;    -999;   11.2;   72.96;   19.4;    2.8;    2.1;eor
       5538;20200530;    1;   8.1;   1.9;    1;   0.0;   0;    7.350;-999;  -999;   8.8;    -999;   10.9;   70.38;   18.1;    2.9;    2.6;eor
       5538;20200531;    1;   8.0;   1.8;    1;   0.0;   4;    8.017;-999;  -999;   8.4;    -999;   11.5;   65.79;   19.0;    2.0;    1.4;eor
       5538;20200601;    1;  10.2;   2.7;    1;   0.0;   0;   13.483;-999;  -999;  10.0;    -999;   15.1;   62.13;   23.3;    5.7;    4.8;eor
       5538;20200602;    1;   6.6;   1.3;    1;   0.0;   0;   12.600;-999;  -999;  10.1;    -999;   15.2;   62.83;   24.6;    4.4;    3.7;eor
       5538;20200603;    1;   6.2;   1.1;    1;   0.0;   0;   12.133;-999;  -999;  10.7;    -999;   16.7;   60.50;   25.6;    6.3;    5.4;eor
       5538;20200604;    1;   5.1;   1.2;    1;   6.3;   4;    0.000;-999;  -999;  13.1;    -999;   14.1;   81.67;   18.2;   10.5;   10.5;eor
       5538;20200605;    1;  15.0;   3.2;    1;   1.0;   4;    2.450;-999;  -999;  11.0;    -999;   12.9;   75.13;   16.9;   10.0;   10.0;eor
       5538;20200606;    1;  11.0;   2.2;    1;   6.5;   4;    0.183;-999;  -999;  12.9;    -999;   14.9;   76.92;   20.0;   12.2;   11.3;eor
       5538;20200607;    1;   6.3;   1.5;    1;  13.0;   4;    0.000;-999;  -999;  12.4;    -999;   10.6;   96.58;   12.9;    8.2;    8.4;eor
       5538;20200608;    1;   8.4;   2.0;    1;   7.3;   4;    2.900;-999;  -999;  11.4;    -999;   11.9;   83.08;   17.7;    7.9;    8.2;eor
       5538;20200609;    1;   4.6;   1.8;    1;   0.6;   4;    0.000;-999;  -999;  13.4;    -999;   12.1;   94.63;   14.3;   10.2;   10.5;eor
