STATIONS_ID;MESS_DATUM;QN_3;  FX;  FM;QN_4; RSK;RSKF; SDK;SHK_TAG;  NM; VPM;  PM; TMK; UPM; TXK; TNK; TGK;eor
       1050;20181208;-999;-999;-999;    3;   1.3;   4;    5.317;-999;  -999;   7.1;    -999;    8.3;   64.42;   12.3;    6.4;    2.3;eor
       1050;20181209;-999;-999;-999;    3;   3.9;   4;    1.900;-999;  -999;   7.9;    -999;    8.1;   73.42;   10.4;    4.6;    4.1;eor
       1050;20181210;-999;-999;-999;    3;   2.9;   4;    0.933;-999;  -999;   6.4;    -999;    4.5;   76.42;    6.5;    2.5;    1.9;eor
       1050;20181211;-999;-999;-999;    3;   9.2;   4;    0.000;-999;  -999;   6.8;    -999;    3.5;   86.79;    4.5;    2.4;    1.7;eor
       1050;20181212;-999;-999;-999;    3;   0.9;   4;    0.000;-999;  -999;   6.3;    -999;    2.1;   88.38;    3.2;   -1.1;   -2.9;eor
       1050;20181213;-999;-999;-999;    3;   0.0;   0;    0.217;-999;  -999;   5.2;    -999;   -0.1;   86.04;    1.4;   -2.2;   -4.5;eor
       1050;20181214;-999;-999;-999;    3;   0.0;   0;    0.000;-999;  -999;   5.2;    -999;    0.8;   80.67;    1.9;    0.1;   -0.5;eor
       1050;20181215;-999;-999;-999;    3;   0.0;   0;    0.000;-999;  -999;   4.8;    -999;    0.0;   78.58;    0.4;   -0.5;   -0.8;eor
       1050;20181216;-999;-999;-999;    3;   0.0;   4;    1.867;-999;  -999;   4.1;    -999;   -0.6;   70.50;    0.0;   -1.6;   -1.6;eor
       1050;20181217;-999;-999;-999;    3;   0.0;   0;    1.000;-999;  -999;   5.6;    -999;    1.7;   80.96;    3.8;   -0.2;   -1.0;eor
       1050;20181218;-999;-999;-999;    3;   0.0;   0;    1.283;-999;  -999;   6.7;    -999;    3.5;   84.92;    5.9;    2.1;    0.3;eor
       1050;20181219;-999;-999;-999;    3;   0.9;   4;    0.000;-999;  -999;   5.6;    -999;    2.7;   75.08;    3.3;    2.1;    1.3;eor
       1050;20181220;-999;-999;-999;    3;   0.5;   4;    0.033;-999;  -999;   6.1;    -999;    2.9;   81.33;    6.1;    0.8;    0.3;eor
       1050;20181221;-999;-999;-999;    3;   1.9;   4;    0.000;-999;  -999;   7.9;    -999;    7.6;   75.04;   13.2;    4.9;    3.8;eor
       1050;20181222;-999;-999;-999;    3;   7.9;   4;    0.000;-999;  -999;   8.9;    -999;    8.2;   82.17;   12.1;    5.5;    4.9;eor
       1050;20181223;-999;-999;-999;    3;  12.6;   4;    0.000;-999;  -999;   8.2;    -999;    6.9;   82.75;    8.8;    4.2;    3.3;eor
       1050;20181224;-999;-999;-999;    3;   0.7;   4;    0.017;-999;  -999;   6.1;    -999;    2.4;   82.00;    4.7;    0.5;    0.4;eor
       1050;20181225;-999;-999;-999;    3;   0.2;   4;    0.000;-999;  -999;   6.4;    -999;    3.9;   79.42;    5.1;    2.3;    1.8;eor
       1050;20181226;-999;-999;-999;    3;   1.0;   4;    0.000;-999;  -999;   6.9;    -999;    4.5;   81.63;    5.3;    3.4;    3.4;eor
       1050;20181227;-999;-999;-999;    3;   0.0;   0;    2.200;-999;  -999;   7.8;    -999;    5.9;   84.42;    8.3;    3.4;    1.0;eor
       1050;20181228;-999;-999;-999;    3;   0.6;   4;    0.000;-999;  -999;   7.2;    -999;    5.1;   82.38;    6.6;    4.0;    3.4;eor
       1050;20181229;-999;-999;-999;    3;   6.5;   4;    0.000;-999;  -999;   7.6;    -999;    5.1;   86.92;    6.4;    4.3;    4.0;eor
       1050;20181230;-999;-999;-999;    3;   1.6;   4;    0.083;-999;  -999;   7.7;    -999;    6.2;   81.04;    7.1;    5.2;    4.2;eor
       1050;20181231;-999;-999;-999;    3;   0.7;   4;    0.000;-999;  -999;   8.2;    -999;    5.8;   88.79;    7.1;    4.2;    3.0;eor
       1050;20190101;-999;-999;-999;    3;   3.0;   4;    0.083;-999;  -999;   7.8;    -999;    7.1;   76.38;    8.7;    3.4;    3.0;eor
       1050;20190102;-999;-999;-999;    3;   0.4;   4;    0.133;-999;  -999;   4.9;    -999;    1.7;   71.08;    3.5;   -1.5;   -3.4;eor
       1050;20190103;-999;-999;-999;    3;   0.3;   4;    0.000;-999;  -999;   4.4;    -999;   -1.3;   79.83;    0.4;   -5.7;  -10.1;eor
       1050;20190104;-999;-999;-999;    3;   6.5;   4;    0.000;-999;  -999;   5.5;    -999;   -0.1;   89.63;    3.6;   -6.1;  -10.0;eor
       1050;20190105;-999;-999;-999;    3;   7.9;   4;    0.033;-999;  -999;   8.2;    -999;    5.3;   91.92;    7.6;    3.3;    2.3;eor
       1050;20190106;-999;-999;-999;    3;   1.0;   4;    0.000;-999;  -999;   6.0;    -999;    1.6;   88.29;    3.2;    0.7;   -0.3;eor
       1050;20190107;-999;-999;-999;    3;   3.2;   4;    0.000;-999;  -999;   6.9;    -999;    3.0;   91.25;    5.6;    1.1;    0.8;eor
       1050;20190108;-999;-999;-999;    3;  11.8;   4;    0.150;-999;  -999;   7.0;    -999;    4.8;   81.21;    6.2;    0.5;    0.1;eor
       1050;20190109;-999;-999;-999;    3;  13.9;   4;    0.000;-999;  -999;   6.1;    -999;    0.8;   94.21;    1.9;    0.3;    0.1;eor
       1050;20190110;-999;-999;-999;    3;   1.3;   4;    0.000;-999;  -999;   5.6;    -999;    0.8;   86.17;    1.5;   -0.6;   -1.4;eor
       1050;20190111;-999;-999;-999;    3;   2.2;   4;    0.000;-999;  -999;   5.4;    -999;    0.7;   83.29;    4.0;   -1.2;   -2.4;eor
       1050;20190112;-999;-999;-999;    3;   1.2;   4;    0.000;-999;  -999;   6.9;    -999;    4.5;   81.13;    5.5;    3.5;    3.0;eor
       1050;20190113;-999;-999;-999;    3;   2.8;   4;    0.000;-999;  -999;   7.5;    -999;    6.1;   79.83;    8.3;    4.5;    3.7;eor
       1050;20190114;-999;-999;-999;    3;   0.6;   4;    1.433;-999;  -999;   5.3;    -999;    2.7;   70.38;    6.5;   -0.4;   -1.5;eor
       1050;20190115;-999;-999;-999;    3;   2.6;   4;    0.167;-999;  -999;   5.9;    -999;    3.4;   76.04;    5.9;    1.1;    0.8;eor
       1050;20190116;-999;-999;-999;    3;   0.0;   0;    0.083;-999;  -999;   6.7;    -999;    4.8;   77.71;    6.8;    0.5;   -2.3;eor
       1050;20190117;-999;-999;-999;    3;   0.0;   4;    0.350;-999;  -999;   6.3;    -999;    5.6;   69.58;    7.6;    0.8;   -2.0;eor
       1050;20190118;-999;-999;-999;    3;   0.0;   0;    1.733;-999;  -999;   4.3;    -999;   -0.1;   71.42;    3.1;   -4.3;   -7.2;eor
       1050;20190119;-999;-999;-999;    3;   0.0;   0;    7.483;-999;  -999;   3.8;    -999;   -2.0;   72.96;    2.1;   -5.6;   -8.0;eor
       1050;20190120;-999;-999;-999;    3;   0.0;   0;    6.550;-999;  -999;   3.7;    -999;   -2.9;   75.88;    2.4;   -6.9;  -10.3;eor
       1050;20190121;-999;-999;-999;    3;   0.0;   0;    3.983;-999;  -999;   3.6;    -999;   -5.3;   86.88;    0.3;   -8.7;  -11.6;eor
       1050;20190122;-999;-999;-999;    3;   0.0;   0;    7.567;-999;  -999;   3.4;    -999;   -4.5;   76.96;   -0.4;   -8.7;  -12.0;eor
       1050;20190123;-999;-999;-999;    3;   0.0;   0;    6.700;-999;  -999;   3.1;    -999;   -4.6;   72.29;    0.0;   -8.8;  -12.2;eor
       1050;20190124;-999;-999;-999;    3;   0.0;   0;    0.000;-999;  -999;   3.4;    -999;   -4.6;   77.54;   -2.5;   -7.4;   -8.7;eor
       1050;20190125;-999;-999;-999;    3;   3.0;   4;    0.367;-999;  -999;   3.5;    -999;   -3.2;   73.46;   -1.6;   -4.8;   -5.0;eor
       1050;20190126;-999;-999;-999;    3;  10.8;   4;    0.000;-999;  -999;   6.1;    -999;    1.6;   88.25;    5.3;   -1.8;   -2.0;eor
       1050;20190127;-999;-999;-999;    3;   0.2;   4;    0.933;-999;  -999;   6.6;    -999;    4.5;   77.79;    6.5;    1.5;   -0.2;eor
       1050;20190128;-999;-999;-999;    3;   1.9;   4;    1.967;-999;  -999;   5.8;    -999;    4.1;   71.42;    6.5;    1.1;   -1.5;eor
       1050;20190129;-999;-999;-999;    3;   0.0;   0;    0.000;-999;  -999;   5.2;    -999;    0.7;   81.29;    3.0;   -2.9;   -6.1;eor
       1050;20190130;-999;-999;-999;    3;   0.0;   0;    7.100;-999;  -999;   4.3;    -999;    0.3;   69.58;    3.0;   -1.7;   -3.8;eor
       1050;20190131;-999;-999;-999;    3;   0.0;   0;    6.000;-999;  -999;   4.6;    -999;    1.1;   69.38;    4.1;   -0.6;   -1.6;eor
       1050;20190201;-999;-999;-999;    3;   1.7;   4;    0.000;-999;  -999;   5.1;    -999;    1.7;   72.96;    3.9;   -0.2;   -1.4;eor
       1050;20190202;-999;-999;-999;    3;   4.8;   4;    0.000;-999;  -999;   6.7;    -999;    2.0;   94.33;    3.6;    1.1;   -0.4;eor
       1050;20190203;-999;-999;-999;    3;  19.1;   4;    0.000;-999;  -999;   6.0;    -999;    0.5;   94.83;    1.7;    0.2;    0.1;eor
       1050;20190204;-999;-999;-999;    3;   0.0;   0;    5.933;-999;  -999;   5.1;    -999;    0.4;   82.17;    4.2;   -3.4;   -9.4;eor
       1050;20190205;-999;-999;-999;    3;   0.0;   0;    1.617;-999;  -999;   4.7;    -999;   -0.1;   76.79;    1.6;   -4.6;   -9.0;eor
       1050;20190206;-999;-999;-999;    3;   0.0;   0;    7.667;-999;  -999;   5.0;    -999;    0.8;   76.83;    2.5;   -1.8;   -5.1;eor
       1050;20190207;-999;-999;-999;    3;   1.2;   4;    1.533;-999;  -999;   4.5;    -999;    0.0;   73.96;    1.3;   -1.3;   -4.3;eor
       1050;20190208;-999;-999;-999;    3;   0.0;   0;    8.050;-999;  -999;   5.8;    -999;    3.2;   75.63;    7.5;   -2.0;   -7.2;eor
       1050;20190209;-999;-999;-999;    3;   0.0;   0;    5.750;-999;  -999;   6.2;    -999;    7.1;   61.17;   10.7;    3.6;   -0.6;eor
       1050;20190210;-999;-999;-999;    3;   1.5;   4;    0.000;-999;  -999;   6.7;    -999;    7.6;   64.58;   11.7;    3.2;   -0.5;eor
       1050;20190211;-999;-999;-999;    3;   0.6;   4;    0.833;-999;  -999;   6.2;    -999;    4.8;   72.50;    7.7;    2.0;    0.7;eor
       1050;20190212;-999;-999;-999;    3;   2.9;   4;    0.083;-999;  -999;   5.7;    -999;    2.3;   79.00;    3.9;    0.0;   -3.1;eor
       1050;20190213;-999;-999;-999;    3;   0.0;   0;    0.000;-999;  -999;   7.1;    -999;    5.3;   78.75;    6.8;    3.1;    1.4;eor
       1050;20190214;-999;-999;-999;    3;   0.0;   0;    7.217;-999;  -999;   6.4;    -999;    5.4;   72.38;   10.6;   -1.2;   -4.2;eor
       1050;20190215;-999;-999;-999;    3;   0.0;   0;    9.367;-999;  -999;   5.7;    -999;    3.9;   74.04;   14.4;   -2.2;   -5.3;eor
       1050;20190216;-999;-999;-999;    3;   0.0;   0;    9.383;-999;  -999;   6.0;    -999;    5.7;   68.50;   15.8;   -2.0;   -5.1;eor
       1050;20190217;-999;-999;-999;    3;   0.0;   0;    9.117;-999;  -999;   6.3;    -999;    5.4;   72.29;   14.8;   -1.6;   -4.6;eor
       1050;20190218;-999;-999;-999;    3;   0.0;   0;    9.450;-999;  -999;   6.2;    -999;    6.5;   66.33;   14.7;   -0.4;   -3.9;eor
       1050;20190219;-999;-999;-999;    3;   0.2;   4;    4.400;-999;  -999;   6.6;    -999;    5.7;   72.75;   13.0;   -0.1;   -3.6;eor
       1050;20190220;-999;-999;-999;    3;   0.0;   0;    3.283;-999;  -999;   6.6;    -999;    5.6;   73.17;   10.7;    0.7;   -2.8;eor
       1050;20190221;-999;-999;-999;    3;   7.9;   4;    0.100;-999;  -999;   7.6;    -999;    6.2;   79.92;   10.5;    0.4;   -1.8;eor
       1050;20190222;-999;-999;-999;    3;   0.3;   4;    0.717;-999;  -999;   7.1;    -999;    3.8;   83.46;    8.4;   -3.1;   -6.4;eor
       1050;20190223;-999;-999;-999;    3;   0.0;   0;    8.633;-999;  -999;   3.1;    -999;   -0.2;   53.04;    4.7;   -4.1;   -7.4;eor
       1050;20190224;-999;-999;-999;    3;   0.0;   0;    5.317;-999;  -999;   3.9;    -999;    1.8;   58.75;   10.6;   -3.5;   -6.1;eor
       1050;20190225;-999;-999;-999;    3;   0.0;   0;    9.600;-999;  -999;   4.6;    -999;    4.3;   60.75;   13.9;   -2.4;   -4.9;eor
       1050;20190226;-999;-999;-999;    3;   0.0;   0;    3.733;-999;  -999;   5.8;    -999;    4.9;   69.83;   12.2;   -2.1;   -5.4;eor
       1050;20190227;-999;-999;-999;    3;   0.0;   0;    9.950;-999;  -999;   6.3;    -999;    5.5;   73.46;   16.1;   -2.1;   -5.2;eor
       1050;20190228;-999;-999;-999;    3;   2.6;   4;    8.483;-999;  -999;   7.0;    -999;    7.2;   70.63;   14.3;   -1.3;   -4.2;eor
       1050;20190301;-999;-999;-999;    3;   1.5;   4;    0.000;-999;  -999;   8.9;    -999;    7.1;   87.63;   10.4;    3.8;    2.9;eor
       1050;20190302;-999;-999;-999;    3;   0.0;   0;    0.000;-999;  -999;   6.5;    -999;    4.7;   75.42;    6.5;    3.3;    1.3;eor
       1050;20190303;-999;-999;-999;    3;   0.0;   0;    0.483;-999;  -999;   8.5;    -999;   10.5;   66.92;   12.8;    4.9;    4.5;eor
       1050;20190304;-999;-999;-999;    3;   0.5;   4;    1.733;-999;  -999;   7.3;    -999;   10.8;   57.88;   17.0;    5.9;    3.8;eor
       1050;20190305;-999;-999;-999;    3;   1.4;   4;    2.017;-999;  -999;   6.5;    -999;    6.2;   68.63;    9.5;    2.2;   -1.7;eor
       1050;20190306;-999;-999;-999;    3;   0.0;   0;    8.667;-999;  -999;   6.6;    -999;    7.2;   67.04;   12.5;   -0.7;   -3.5;eor
       1050;20190307;-999;-999;-999;    3;   0.0;   0;    1.083;-999;  -999;   7.4;    -999;   10.7;   57.54;   16.5;    7.9;    4.2;eor
       1050;20190308;-999;-999;-999;    3;   1.4;   4;    1.417;-999;  -999;   6.9;    -999;    8.0;   65.67;   10.4;    2.7;    0.2;eor
       1050;20190309;-999;-999;-999;    3;   2.1;   4;    2.833;-999;  -999;   7.3;    -999;    8.8;   64.71;   12.4;    4.3;    2.5;eor
       1050;20190310;-999;-999;-999;    3;   7.5;   4;    0.450;-999;  -999;   7.4;    -999;    7.6;   70.46;   11.1;    2.6;    2.2;eor
       1050;20190311;-999;-999;-999;    3;   3.6;   4;    2.333;-999;  -999;   5.9;    -999;    4.1;   72.29;    7.1;    1.9;    1.3;eor
       1050;20190312;-999;-999;-999;    3;   0.1;   4;    3.583;-999;  -999;   5.9;    -999;    5.5;   66.33;    9.0;    2.2;   -0.1;eor
       1050;20190313;-999;-999;-999;    3;   0.0;   4;    5.133;-999;  -999;   5.6;    -999;    7.9;   53.00;   10.9;    5.1;    3.8;eor
       1050;20190314;-999;-999;-999;    3;   2.3;   4;    0.967;-999;  -999;   6.9;    -999;    7.1;   68.79;    9.8;    5.0;    4.1;eor
       1050;20190315;-999;-999;-999;    3;   3.4;   4;    1.867;-999;  -999;   7.7;    -999;    8.6;   68.29;   12.4;    6.6;    5.3;eor
       1050;20190316;-999;-999;-999;    3;   2.1;   4;    0.000;-999;  -999;   7.7;    -999;    8.4;   69.46;   11.6;    5.4;    5.1;eor
       1050;20190317;-999;-999;-999;    3;   0.8;   4;    8.733;-999;  -999;   7.4;    -999;   10.2;   62.38;   17.6;    5.1;    1.6;eor
       1050;20190318;-999;-999;-999;    3;   0.0;   0;    5.500;-999;  -999;   6.0;    -999;    6.1;   63.67;    9.3;    4.4;    1.4;eor
       1050;20190319;-999;-999;-999;    3;   0.3;   4;    2.483;-999;  -999;   5.9;    -999;    5.1;   67.54;    8.8;    2.8;    0.2;eor
       1050;20190320;-999;-999;-999;    3;   0.0;   0;   11.050;-999;  -999;   5.8;    -999;    5.9;   65.58;   12.0;   -0.5;   -3.6;eor
       1050;20190321;-999;-999;-999;    3;   0.0;   0;   10.850;-999;  -999;   7.6;    -999;    8.9;   67.96;   15.7;    2.8;    0.3;eor
       1050;20190322;-999;-999;-999;    3;   0.0;   0;   11.067;-999;  -999;   9.5;    -999;   10.3;   76.71;   18.8;    2.3;   -0.5;eor
       1050;20190323;-999;-999;-999;    3;   0.0;   0;   11.067;-999;  -999;   9.4;    -999;   12.0;   70.54;   20.1;    3.0;    0.4;eor
       1050;20190324;-999;-999;-999;    3;   0.0;   0;    0.000;-999;  -999;   8.2;    -999;    8.8;   72.92;   11.0;    5.9;    1.8;eor
       1050;20190325;-999;-999;-999;    3;   5.1;   4;    2.750;-999;  -999;   6.7;    -999;    4.8;   78.17;    9.4;    2.2;   -1.5;eor
       1050;20190326;-999;-999;-999;    3;   1.0;   4;    0.150;-999;  -999;   6.7;    -999;    5.2;   76.54;    7.7;    2.1;   -1.0;eor
       1050;20190327;-999;-999;-999;    3;   2.1;   4;    0.117;-999;  -999;   7.8;    -999;    7.1;   77.42;    9.2;    4.2;    2.5;eor
       1050;20190328;-999;-999;-999;    3;   2.0;   4;    0.000;-999;  -999;  10.2;    -999;    8.2;   93.71;    9.3;    6.9;    6.6;eor
       1050;20190329;-999;-999;-999;    3;   0.0;   0;    5.933;-999;  -999;   9.4;    -999;    9.7;   80.21;   15.3;    3.1;   -0.7;eor
       1050;20190330;-999;-999;-999;    3;   0.0;   0;   11.750;-999;  -999;   8.3;    -999;   10.1;   70.54;   18.7;    1.9;   -2.0;eor
       1050;20190331;-999;-999;-999;    3;   0.0;   0;    5.167;-999;  -999;   8.0;    -999;    8.5;   72.83;   13.4;    4.3;    0.0;eor
       1050;20190401;-999;-999;-999;    3;   0.0;   0;   11.950;-999;  -999;   5.1;    -999;    6.7;   53.25;   12.3;   -0.4;   -4.1;eor
       1050;20190402;-999;-999;-999;    3;   0.0;   0;    9.983;-999;  -999;   6.1;    -999;   11.4;   43.79;   15.9;    5.5;    3.8;eor
       1050;20190403;-999;-999;-999;    3;   0.0;   0;    9.533;-999;  -999;   7.9;    -999;   14.8;   47.42;   20.0;    8.9;    5.2;eor
       1050;20190404;-999;-999;-999;    3;   0.0;   0;   11.367;-999;  -999;   8.4;    -999;   15.4;   49.00;   20.9;    9.5;    8.0;eor
       1050;20190405;-999;-999;-999;    3;   0.0;   0;    7.267;-999;  -999;   9.6;    -999;   13.3;   65.67;   20.8;    7.9;    3.7;eor
       1050;20190406;-999;-999;-999;    3;   0.0;   0;    9.167;-999;  -999;   9.7;    -999;   12.8;   68.29;   20.6;    5.9;    2.4;eor
       1050;20190407;-999;-999;-999;    3;   0.0;   0;    7.717;-999;  -999;   9.3;    -999;   12.3;   67.50;   18.5;    3.9;    0.8;eor
       1050;20190408;-999;-999;-999;    3;   0.0;   0;   10.350;-999;  -999;   8.5;    -999;   12.5;   62.58;   19.9;    5.1;    1.2;eor
       1050;20190409;-999;-999;-999;    3;   0.0;   0;    9.800;-999;  -999;   7.8;    -999;    8.3;   71.63;   14.1;    1.7;   -1.7;eor
       1050;20190410;-999;-999;-999;    3;   0.0;   0;   11.733;-999;  -999;   5.5;    -999;    5.8;   61.13;   10.5;    1.0;   -1.9;eor
       1050;20190411;-999;-999;-999;    3;   0.0;   0;    4.750;-999;  -999;   4.2;    -999;    4.0;   52.33;    7.9;   -0.9;   -4.6;eor
       1050;20190412;-999;-999;-999;    3;   0.0;   0;    0.000;-999;  -999;   4.7;    -999;    3.4;   59.92;    4.4;    2.4;    1.9;eor
       1050;20190413;-999;-999;-999;    3;   0.1;   4;    0.017;-999;  -999;   5.2;    -999;    4.5;   62.21;    7.7;    1.8;   -0.9;eor
       1050;20190414;-999;-999;-999;    3;   1.2;   4;    0.533;-999;  -999;   7.3;    -999;    4.9;   83.33;    9.7;    1.5;   -0.6;eor
       1050;20190415;-999;-999;-999;    3;   0.0;   0;   12.250;-999;  -999;   5.3;    -999;    7.2;   57.58;   14.3;   -1.2;   -3.6;eor
       1050;20190416;-999;-999;-999;    3;   0.0;   0;   12.667;-999;  -999;   5.1;    -999;    8.5;   51.08;   16.4;   -1.0;   -4.8;eor
       1050;20190417;-999;-999;-999;    3;   0.0;   0;   12.567;-999;  -999;   6.5;    -999;    9.9;   56.13;   18.0;   -0.5;   -4.8;eor
       1050;20190418;-999;-999;-999;    3;   0.0;   0;   12.483;-999;  -999;   6.9;    -999;   12.3;   53.71;   20.9;    1.6;   -2.5;eor
       1050;20190419;-999;-999;-999;    3;   0.0;   0;   12.750;-999;  -999;   7.0;    -999;   13.7;   51.79;   22.6;    3.2;   -0.8;eor
       1050;20190420;-999;-999;-999;    3;   0.0;   0;   12.717;-999;  -999;   6.8;    -999;   14.1;   48.46;   22.8;    3.4;   -1.4;eor
       1050;20190421;-999;-999;-999;    3;   0.0;   0;   12.767;-999;  -999;   6.8;    -999;   13.2;   50.46;   21.7;    2.8;   -1.1;eor
       1050;20190422;-999;-999;-999;    3;   0.0;   0;   12.750;-999;  -999;   7.0;    -999;   11.4;   55.67;   17.2;    2.9;   -1.1;eor
       1050;20190423;-999;-999;-999;    3;   0.0;   0;    6.850;-999;  -999;   8.8;    -999;   13.2;   58.50;   18.3;    5.5;    0.5;eor
       1050;20190424;-999;-999;-999;    3;   0.0;   0;   11.950;-999;  -999;  11.1;    -999;   16.4;   60.04;   21.4;   12.1;   11.4;eor
       1050;20190425;-999;-999;-999;    3;   0.0;   0;   11.850;-999;  -999;   9.4;    -999;   18.8;   47.38;   26.7;    8.7;    4.1;eor
       1050;20190426;-999;-999;-999;    3;  15.5;   4;   10.900;-999;  -999;  11.7;    -999;   18.1;   58.46;   24.0;    9.9;    9.7;eor
       1050;20190427;-999;-999;-999;    3;   0.4;   4;    2.733;-999;  -999;  10.0;    -999;   12.3;   70.75;   16.6;    8.9;    6.9;eor
       1050;20190428;-999;-999;-999;    3;   0.1;   4;    3.183;-999;  -999;   8.6;    -999;    9.8;   71.75;   13.3;    7.6;    5.1;eor
       1050;20190429;-999;-999;-999;    3;  12.0;   4;    0.000;-999;  -999;  10.4;    -999;    9.1;   90.17;   10.7;    7.7;    6.0;eor
       1050;20190430;-999;-999;-999;    3;   0.5;   4;   12.433;-999;  -999;   8.1;    -999;    9.6;   70.00;   16.5;    3.0;    0.0;eor
       1050;20190501;-999;-999;-999;    3;   0.4;   4;    4.400;-999;  -999;   9.5;    -999;   10.9;   74.38;   17.9;    3.4;   -0.1;eor
       1050;20190502;-999;-999;-999;    3;   0.0;   0;    7.633;-999;  -999;  10.0;    -999;   12.3;   72.00;   17.7;    6.8;    3.4;eor
       1050;20190503;-999;-999;-999;    3;   0.1;   4;    2.017;-999;  -999;   7.4;    -999;    8.5;   67.00;   11.6;    4.6;    1.8;eor
       1050;20190504;-999;-999;-999;    3;   9.0;   4;    0.000;-999;  -999;   7.0;    -999;    4.3;   84.25;    5.8;    0.9;   -1.2;eor
       1050;20190505;-999;-999;-999;    3;   0.0;   0;    4.617;-999;  -999;   6.2;    -999;    5.5;   71.17;   11.4;    0.6;   -2.4;eor
       1050;20190506;-999;-999;-999;    3;   0.0;   0;    3.250;-999;  -999;   5.9;    -999;    6.0;   65.88;   11.6;    0.1;   -2.7;eor
       1050;20190507;-999;-999;-999;    3;   0.0;   0;    3.083;-999;  -999;   6.9;    -999;    6.9;   70.88;   12.6;   -0.2;   -2.7;eor
       1050;20190508;-999;-999;-999;    3;   0.4;   4;    8.383;-999;  -999;   7.6;    -999;   12.8;   53.33;   17.6;    4.9;   -0.6;eor
       1050;20190509;-999;-999;-999;    3;   0.1;   4;    3.550;-999;  -999;   9.9;    -999;   14.2;   62.46;   18.7;   10.7;    8.5;eor
       1050;20190510;-999;-999;-999;    3;   0.1;   4;    3.317;-999;  -999;  10.0;    -999;   13.0;   68.00;   17.7;    8.3;    4.9;eor
       1050;20190511;-999;-999;-999;    3;  17.2;   4;    0.617;-999;  -999;  11.1;    -999;   11.1;   83.88;   14.4;    6.8;    3.5;eor
       1050;20190512;-999;-999;-999;    3;   0.1;   4;    5.533;-999;  -999;   7.9;    -999;   10.5;   64.71;   15.2;    5.7;    5.7;eor
       1050;20190513;-999;-999;-999;    3;   0.0;   0;    9.317;-999;  -999;   6.6;    -999;    9.9;   55.63;   14.7;    4.6;    1.1;eor
       1050;20190514;-999;-999;-999;    3;   2.0;   4;    5.000;-999;  -999;   7.1;    -999;    7.9;   66.46;   11.6;    2.6;   -0.5;eor
       1050;20190515;-999;-999;-999;    3;   7.9;   4;    0.000;-999;  -999;   8.0;    -999;    6.3;   82.58;    8.2;    4.5;    3.4;eor
       1050;20190516;-999;-999;-999;    3;   0.0;   4;    0.000;-999;  -999;   9.5;    -999;    8.3;   87.17;   11.1;    6.1;    4.2;eor
       1050;20190517;-999;-999;-999;    3;   0.0;   0;    7.517;-999;  -999;  10.7;    -999;   13.1;   73.00;   18.8;    6.7;    4.1;eor
       1050;20190518;-999;-999;-999;    3;   0.0;   0;   11.800;-999;  -999;  11.2;    -999;   15.0;   67.54;   21.7;    8.6;    4.6;eor
       1050;20190519;-999;-999;-999;    3;   0.0;   0;   10.950;-999;  -999;  12.0;    -999;   17.8;   62.50;   25.1;    8.3;    5.4;eor
       1050;20190520;-999;-999;-999;    3;   6.0;   4;    1.900;-999;  -999;  14.6;    -999;   15.3;   84.25;   19.8;   10.6;    7.5;eor
       1050;20190521;-999;-999;-999;    3;   1.1;   4;   10.783;-999;  -999;  13.6;    -999;   16.8;   73.13;   22.9;    8.8;    5.9;eor
       1050;20190522;-999;-999;-999;    3;   9.8;   4;    0.000;-999;  -999;  13.1;    -999;   12.4;   90.58;   15.3;   10.6;   10.2;eor
       1050;20190523;-999;-999;-999;    3;   0.0;   0;    9.333;-999;  -999;   9.8;    -999;   13.4;   66.17;   19.1;    7.8;    4.0;eor
       1050;20190524;-999;-999;-999;    3;   0.0;   0;   11.300;-999;  -999;  10.2;    -999;   15.3;   62.29;   22.6;    6.9;    5.4;eor
       1050;20190525;-999;-999;-999;    3;   0.0;   0;   10.783;-999;  -999;  11.8;    -999;   15.3;   69.42;   20.8;    9.1;    5.6;eor
       1050;20190526;-999;-999;-999;    3;   0.0;   0;   12.850;-999;  -999;  11.3;    -999;   16.7;   62.25;   23.1;    9.0;    5.8;eor
       1050;20190527;-999;-999;-999;    3;   5.8;   4;    6.800;-999;  -999;  12.9;    -999;   18.4;   62.58;   24.1;   11.8;    7.5;eor
       1050;20190528;-999;-999;-999;    3;   5.7;   4;    0.000;-999;  -999;  13.8;    -999;   14.5;   84.13;   16.9;   12.4;   11.0;eor
       1050;20190529;-999;-999;-999;    3;   0.0;   0;    5.050;-999;  -999;   9.6;    -999;   13.0;   66.00;   17.4;    6.5;    2.6;eor
       1050;20190530;-999;-999;-999;    3;   0.0;   0;   13.967;-999;  -999;   9.0;    -999;   14.5;   58.79;   21.4;    4.4;    0.9;eor
       1050;20190531;-999;-999;-999;    3;   0.0;   0;    3.600;-999;  -999;  14.1;    -999;   18.1;   68.38;   23.9;   12.3;    8.9;eor
       1050;20190601;-999;-999;-999;    3;   0.0;   0;   12.083;-999;  -999;  15.1;    -999;   20.1;   67.29;   27.5;   12.2;    9.3;eor
       1050;20190602;-999;-999;-999;    3;   0.0;   0;   14.200;-999;  -999;  15.1;    -999;   22.3;   60.29;   29.9;   12.3;    8.6;eor
       1050;20190603;-999;-999;-999;    3;   0.0;   0;   14.067;-999;  -999;  15.3;    -999;   24.1;   53.75;   30.4;   14.5;   11.1;eor
       1050;20190604;-999;-999;-999;    3;   0.0;   0;   13.050;-999;  -999;  16.1;    -999;   22.7;   61.88;   31.2;   14.3;   10.6;eor
       1050;20190605;-999;-999;-999;    3;   0.0;   0;   14.217;-999;  -999;  17.1;    -999;   24.3;   59.96;   31.8;   14.8;   11.1;eor
       1050;20190606;-999;-999;-999;    3;   3.8;   4;    6.767;-999;  -999;  16.8;    -999;   21.0;   67.67;   27.5;   15.6;   15.3;eor
       1050;20190607;-999;-999;-999;    3;   0.0;   0;    7.433;-999;  -999;  15.8;    -999;   19.3;   71.54;   25.1;   12.9;   10.9;eor
       1050;20190608;-999;-999;-999;    3;   0.0;   0;    6.833;-999;  -999;  10.7;    -999;   18.5;   51.83;   23.5;   10.2;    6.7;eor
       1050;20190609;-999;-999;-999;    3;   0.0;   0;   10.417;-999;  -999;  10.9;    -999;   19.5;   51.83;   27.2;    8.6;    5.5;eor
       1050;20190610;-999;-999;-999;    3;  34.1;   4;    4.467;-999;  -999;  17.5;    -999;   23.7;   60.29;   28.8;   15.6;   12.9;eor
       1050;20190611;-999;-999;-999;    3;   9.0;   4;   11.200;-999;  -999;  20.7;    -999;   22.3;   77.88;   30.1;   14.6;   13.7;eor
       1050;20190612;-999;-999;-999;    3;  10.2;   4;    9.750;-999;  -999;  19.6;    -999;   23.1;   72.50;   32.6;   16.0;   14.7;eor
       1050;20190613;-999;-999;-999;    3;   0.0;   0;    9.700;-999;  -999;  15.4;    -999;   19.4;   70.00;   25.2;   14.5;   13.3;eor
       1050;20190614;-999;-999;-999;    3;   0.0;   0;   11.650;-999;  -999;  16.2;    -999;   23.4;   60.92;   30.7;   14.2;   12.2;eor
       1050;20190615;-999;-999;-999;    3;   0.0;   0;    8.350;-999;  -999;  19.3;    -999;   26.5;   56.25;   32.7;   20.7;   19.3;eor
       1050;20190616;-999;-999;-999;    3;   0.7;   4;    5.150;-999;  -999;  14.7;    -999;   19.2;   66.50;   23.4;   13.7;   11.7;eor
       1050;20190617;-999;-999;-999;    3;   0.0;   0;   14.100;-999;  -999;  13.7;    -999;   20.5;   59.96;   26.5;   12.4;   10.1;eor
       1050;20190618;-999;-999;-999;    3;   0.0;   0;   14.183;-999;  -999;  14.4;    -999;   22.4;   56.63;   29.3;   14.2;   12.0;eor
       1050;20190619;-999;-999;-999;    3;   0.0;   0;    9.733;-999;  -999;  16.7;    -999;   24.6;   55.71;   30.9;   15.2;   13.9;eor
       1050;20190620;-999;-999;-999;    3;   9.3;   4;    6.850;-999;  -999;  17.1;    -999;   22.2;   64.58;   27.3;   16.3;   14.6;eor
       1050;20190621;-999;-999;-999;    3;   0.0;   0;    8.450;-999;  -999;  16.4;    -999;   20.4;   70.21;   25.0;   15.8;   13.6;eor
       1050;20190622;-999;-999;-999;    3;   0.0;   0;    7.167;-999;  -999;  14.3;    -999;   20.7;   61.08;   26.8;   14.1;   12.4;eor
       1050;20190623;-999;-999;-999;    3;   0.0;   0;   14.250;-999;  -999;  13.8;    -999;   21.0;   57.21;   26.8;   13.7;   11.7;eor
       1050;20190624;-999;-999;-999;    3;   0.0;   0;   14.367;-999;  -999;  12.9;    -999;   22.3;   52.50;   29.9;   12.6;    9.9;eor
       1050;20190625;-999;-999;-999;    3;   0.0;   0;   14.333;-999;  -999;  17.8;    -999;   26.2;   55.46;   33.0;   15.6;   14.3;eor
       1050;20190626;-999;-999;-999;    3;   0.0;   0;   14.333;-999;  -999;  20.6;    -999;   30.4;   49.92;   36.3;   21.1;   19.8;eor
       1050;20190627;-999;-999;-999;    3;   0.0;   0;   14.300;-999;  -999;  12.1;    -999;   22.8;   44.88;   27.0;   17.0;   14.4;eor
       1050;20190628;-999;-999;-999;    3;   0.0;   0;    7.117;-999;  -999;  12.1;    -999;   18.4;   58.75;   24.3;   12.7;   10.3;eor
       1050;20190629;-999;-999;-999;    3;   0.0;   0;   14.350;-999;  -999;  12.3;    -999;   21.8;   51.92;   31.5;   11.2;    8.9;eor
       1050;20190630;-999;-999;-999;    3;   0.0;   0;   14.333;-999;  -999;  12.6;    -999;   27.3;   40.58;   38.1;   14.8;   11.2;eor
       1050;20190701;-999;-999;-999;    3;   0.0;   0;    9.933;-999;  -999;  13.9;    -999;   24.4;   46.83;   29.6;   18.8;   15.3;eor
       1050;20190702;-999;-999;-999;    3;   0.0;   0;    9.483;-999;  -999;  10.5;    -999;   19.6;   46.63;   23.5;   13.0;   10.3;eor
       1050;20190703;-999;-999;-999;    3;   0.0;   0;   11.183;-999;  -999;   8.5;    -999;   16.1;   48.25;   22.4;    9.6;    6.3;eor
       1050;20190704;-999;-999;-999;    3;   0.0;   0;   13.983;-999;  -999;   8.5;    -999;   16.7;   48.29;   23.6;    8.1;    5.7;eor
       1050;20190705;-999;-999;-999;    3;   0.0;   0;    1.533;-999;  -999;  11.2;    -999;   19.3;   50.92;   25.2;   12.5;   11.4;eor
       1050;20190706;-999;-999;-999;    3;   1.9;   4;   10.533;-999;  -999;  12.2;    -999;   21.6;   51.58;   29.2;   12.6;   10.6;eor
       1050;20190707;-999;-999;-999;    3;   0.0;   4;    5.450;-999;  -999;  10.6;    -999;   16.6;   58.21;   20.6;   11.6;   10.1;eor
       1050;20190708;-999;-999;-999;    3;   0.6;   4;    2.183;-999;  -999;   9.0;    -999;   15.4;   52.71;   19.1;   10.8;    7.2;eor
       1050;20190709;-999;-999;-999;    3;   0.0;   0;    0.200;-999;  -999;  10.8;    -999;   14.3;   66.75;   16.8;   12.1;   10.9;eor
       1050;20190710;-999;-999;-999;    3;   0.0;   0;   11.167;-999;  -999;  10.2;    -999;   16.7;   55.71;   22.9;   11.5;    8.1;eor
       1050;20190711;-999;-999;-999;    3;  18.5;   4;    1.983;-999;  -999;  12.0;    -999;   17.8;   60.25;   23.9;    9.4;    6.8;eor
       1050;20190712;-999;-999;-999;    3;   1.6;   4;    5.217;-999;  -999;  16.0;    -999;   18.4;   78.04;   25.2;   14.1;   13.0;eor
       1050;20190713;-999;-999;-999;    3;   6.8;   4;    1.400;-999;  -999;  15.9;    -999;   16.3;   86.17;   21.8;   13.5;   12.6;eor
       1050;20190714;-999;-999;-999;    3;   0.1;   4;    2.650;-999;  -999;  15.8;    -999;   17.4;   80.08;   20.9;   13.6;   11.6;eor
       1050;20190715;-999;-999;-999;    3;   0.0;   0;    0.000;-999;  -999;  13.6;    -999;   16.3;   74.04;   19.1;   12.4;   10.2;eor
       1050;20190716;-999;-999;-999;    3;   0.0;   0;    1.867;-999;  -999;  12.3;    -999;   16.4;   65.96;   20.6;   12.8;   10.2;eor
       1050;20190717;-999;-999;-999;    3;   0.0;   0;    9.017;-999;  -999;  12.7;    -999;   17.8;   64.21;   24.3;   12.7;   10.2;eor
       1050;20190718;-999;-999;-999;    3;   0.0;   0;   11.683;-999;  -999;  13.0;    -999;   19.7;   60.38;   27.7;   10.2;    8.8;eor
       1050;20190719;-999;-999;-999;    3;   0.2;   4;    1.783;-999;  -999;  16.1;    -999;   20.1;   69.00;   24.5;   14.8;   12.7;eor
       1050;20190720;-999;-999;-999;    3;   0.5;   4;   11.533;-999;  -999;  16.9;    -999;   23.6;   61.88;   32.0;   15.4;   13.0;eor
       1050;20190721;-999;-999;-999;    3;   0.0;   0;    6.767;-999;  -999;  16.8;    -999;   21.7;   67.29;   27.8;   15.6;   13.2;eor
       1050;20190722;-999;-999;-999;    3;   0.0;   0;    7.167;-999;  -999;  14.3;    -999;   21.9;   57.63;   27.9;   13.5;   11.3;eor
       1050;20190723;-999;-999;-999;    3;   0.0;   0;   13.617;-999;  -999;  16.2;    -999;   24.7;   54.42;   31.7;   16.5;   14.1;eor
       1050;20190724;-999;-999;-999;    3;   0.0;   0;   13.650;-999;  -999;  15.0;    -999;   25.9;   50.42;   34.2;   15.4;   13.2;eor
       1050;20190725;-999;-999;-999;    3;   0.0;   0;   13.517;-999;  -999;  14.3;    -999;   27.2;   44.79;   35.9;   16.3;   13.8;eor
       1050;20190726;-999;-999;-999;    3;   0.0;   0;   13.450;-999;  -999;  14.3;    -999;   25.0;   47.79;   31.8;   16.4;   13.9;eor
       1050;20190727;-999;-999;-999;    3;   0.0;   0;   12.917;-999;  -999;  14.2;    -999;   23.7;   51.13;   30.2;   14.6;   12.7;eor
       1050;20190728;-999;-999;-999;    3;   0.0;   0;    9.267;-999;  -999;  18.2;    -999;   24.3;   61.42;   29.9;   18.7;   17.1;eor
       1050;20190729;-999;-999;-999;    3;   0.9;   4;    7.417;-999;  -999;  19.9;    -999;   24.9;   66.08;   32.5;   18.5;   17.1;eor
       1050;20190730;-999;-999;-999;    3;   0.0;   0;    4.800;-999;  -999;  19.3;    -999;   24.6;   63.88;   29.5;   20.4;   18.8;eor
       1050;20190731;-999;-999;-999;    3;   6.2;   4;    4.633;-999;  -999;  18.3;    -999;   20.6;   76.42;   26.8;   14.4;   13.0;eor
       1050;20190801;-999;-999;-999;    3;   0.0;   0;   10.017;-999;  -999;  14.9;    -999;   20.2;   65.96;   26.7;   14.6;   12.6;eor
       1050;20190802;-999;-999;-999;    3;   0.0;   0;    4.067;-999;  -999;  13.9;    -999;   19.8;   63.04;   26.4;   12.6;   11.0;eor
       1050;20190803;-999;-999;-999;    3;   6.5;   4;    4.983;-999;  -999;  15.0;    -999;   18.6;   71.33;   24.1;   14.0;   11.9;eor
       1050;20190804;-999;-999;-999;    3;   0.0;   0;   10.500;-999;  -999;  14.5;    -999;   19.4;   67.54;   25.8;   13.1;   10.9;eor
       1050;20190805;-999;-999;-999;    3;   0.0;   0;    4.317;-999;  -999;  15.8;    -999;   20.4;   67.50;   28.0;   12.9;   10.9;eor
       1050;20190806;-999;-999;-999;    3;   0.0;   0;    6.017;-999;  -999;  16.6;    -999;   22.4;   64.58;   29.7;   15.2;   12.6;eor
       1050;20190807;-999;-999;-999;    3;  11.7;   4;    1.683;-999;  -999;  18.9;    -999;   20.0;   81.50;   26.0;   16.2;   14.3;eor
       1050;20190808;-999;-999;-999;    3;   0.0;   0;   10.583;-999;  -999;  15.0;    -999;   20.7;   64.67;   27.1;   14.6;   12.6;eor
       1050;20190809;-999;-999;-999;    3;   4.2;   4;    9.567;-999;  -999;  15.2;    -999;   23.5;   55.33;   30.3;   14.2;   12.4;eor
       1050;20190810;-999;-999;-999;    3;   0.0;   0;    0.617;-999;  -999;  18.3;    -999;   22.2;   69.21;   26.3;   17.2;   13.7;eor
       1050;20190811;-999;-999;-999;    3;   3.9;   4;   10.650;-999;  -999;  14.7;    -999;   23.0;   56.21;   29.0;   14.5;   11.3;eor
       1050;20190812;-999;-999;-999;    3;   0.0;   4;    0.717;-999;  -999;  15.4;    -999;   19.1;   70.21;   22.0;   15.6;   14.6;eor
       1050;20190813;-999;-999;-999;    3;   0.0;   0;    9.200;-999;  -999;  12.6;    -999;   18.9;   59.67;   23.6;   14.2;   11.8;eor
       1050;20190814;-999;-999;-999;    3;   0.0;   0;    7.667;-999;  -999;  10.4;    -999;   16.3;   58.79;   22.6;    9.6;    7.1;eor
       1050;20190815;-999;-999;-999;    3;   0.0;   0;    4.167;-999;  -999;  12.8;    -999;   17.6;   64.58;   23.2;    8.8;    6.3;eor
       1050;20190816;-999;-999;-999;    3;   0.0;   0;    5.500;-999;  -999;  13.6;    -999;   18.8;   64.00;   23.7;   13.2;   10.7;eor
       1050;20190817;-999;-999;-999;    3;   0.0;   0;    0.450;-999;  -999;  14.0;    -999;   19.9;   61.63;   25.6;   12.4;    8.7;eor
       1050;20190818;-999;-999;-999;    3;  10.9;   4;    6.667;-999;  -999;  16.9;    -999;   23.9;   60.75;   32.3;   17.0;   16.2;eor
       1050;20190819;-999;-999;-999;    3;   0.3;   4;    3.550;-999;  -999;  17.8;    -999;   19.6;   79.54;   24.7;   15.3;   13.0;eor
       1050;20190820;-999;-999;-999;    3;   3.1;   4;    3.967;-999;  -999;  16.2;    -999;   19.5;   73.67;   25.8;   15.1;   13.7;eor
       1050;20190821;-999;-999;-999;    3;   0.0;   0;   10.700;-999;  -999;  13.7;    -999;   17.9;   69.58;   23.7;   12.3;    9.9;eor
       1050;20190822;-999;-999;-999;    3;   0.0;   0;   10.933;-999;  -999;  13.0;    -999;   18.6;   64.71;   26.0;   10.6;    9.0;eor
       1050;20190823;-999;-999;-999;    3;   0.0;   0;   12.700;-999;  -999;  14.0;    -999;   20.0;   64.25;   28.0;   11.1;    8.3;eor
       1050;20190824;-999;-999;-999;    3;   0.0;   0;   10.633;-999;  -999;  16.8;    -999;   21.4;   68.50;   28.6;   12.3;    9.4;eor
       1050;20190825;-999;-999;-999;    3;   0.0;   0;   11.283;-999;  -999;  18.7;    -999;   24.1;   65.79;   31.6;   16.3;   14.4;eor
       1050;20190826;-999;-999;-999;    3;   0.0;   0;    8.017;-999;  -999;  19.8;    -999;   23.9;   69.42;   31.4;   17.3;   14.3;eor
       1050;20190827;-999;-999;-999;    3;   0.0;   0;    9.117;-999;  -999;  19.4;    -999;   24.7;   63.46;   29.9;   20.5;   17.2;eor
       1050;20190828;-999;-999;-999;    3;   0.0;   0;    8.450;-999;  -999;  20.4;    -999;   25.9;   62.92;   31.8;   19.5;   16.5;eor
       1050;20190829;-999;-999;-999;    3;   0.0;   0;    5.583;-999;  -999;  19.5;    -999;   23.1;   71.63;   31.5;   17.5;   15.4;eor
       1050;20190830;-999;-999;-999;    3;   0.0;   0;    6.883;-999;  -999;  19.7;    -999;   22.8;   73.88;   31.6;   16.3;   14.0;eor
       1050;20190831;-999;-999;-999;    3;   0.0;   0;   11.617;-999;  -999;  18.0;    -999;   24.9;   60.88;   31.9;   16.7;   13.8;eor
       1050;20190901;-999;-999;-999;    3;   2.8;   4;    5.233;-999;  -999;  19.1;    -999;   23.1;   69.13;   31.9;   17.6;   17.2;eor
       1050;20190902;-999;-999;-999;    3;   0.0;   0;    4.400;-999;  -999;  11.1;    -999;   17.1;   58.08;   22.0;    9.2;    5.4;eor
       1050;20190903;-999;-999;-999;    3;   0.0;   0;    8.950;-999;  -999;   9.7;    -999;   16.2;   57.58;   24.4;    7.7;    4.9;eor
       1050;20190904;-999;-999;-999;    3;   0.0;   0;   12.200;-999;  -999;  11.2;    -999;   19.2;   55.29;   26.9;    9.1;    6.7;eor
       1050;20190905;-999;-999;-999;    3;   0.0;   0;    4.850;-999;  -999;  11.5;    -999;   17.2;   60.04;   23.4;   12.5;    8.7;eor
       1050;20190906;-999;-999;-999;    3;   0.0;   0;   11.483;-999;  -999;   9.7;    -999;   15.3;   58.21;   20.2;    8.2;    4.5;eor
       1050;20190907;-999;-999;-999;    3;   2.7;   4;    0.050;-999;  -999;  12.8;    -999;   14.2;   79.75;   16.5;   10.5;    7.8;eor
       1050;20190908;-999;-999;-999;    3;   6.7;   4;    5.517;-999;  -999;  11.6;    -999;   15.0;   71.00;   20.5;    8.4;    5.6;eor
       1050;20190909;-999;-999;-999;    3;  20.0;   4;    0.000;-999;  -999;  14.1;    -999;   13.2;   92.92;   14.6;   12.0;   11.6;eor
       1050;20190910;-999;-999;-999;    3;   0.0;   0;    9.283;-999;  -999;  11.4;    -999;   14.6;   71.21;   20.3;   10.1;    7.4;eor
       1050;20190911;-999;-999;-999;    3;   0.0;   0;   11.283;-999;  -999;  11.0;    -999;   15.1;   68.33;   23.5;    6.9;    4.6;eor
       1050;20190912;-999;-999;-999;    3;   0.0;   0;    1.750;-999;  -999;  14.0;    -999;   16.2;   76.83;   23.3;    9.6;    6.3;eor
       1050;20190913;-999;-999;-999;    3;   0.0;   0;    1.133;-999;  -999;  15.3;    -999;   18.3;   73.46;   22.3;   13.7;   11.4;eor
       1050;20190914;-999;-999;-999;    3;   0.0;   0;   10.117;-999;  -999;  10.4;    -999;   15.1;   62.88;   20.9;    8.9;    6.6;eor
       1050;20190915;-999;-999;-999;    3;   0.0;   0;    9.800;-999;  -999;  12.0;    -999;   16.4;   67.96;   26.0;    7.4;    5.0;eor
       1050;20190916;-999;-999;-999;    3;   2.4;   4;    0.017;-999;  -999;  13.3;    -999;   14.3;   82.13;   17.7;   11.5;    9.3;eor
       1050;20190917;-999;-999;-999;    3;   0.6;   4;    2.283;-999;  -999;  11.0;    -999;   13.1;   73.13;   17.7;   10.3;    8.6;eor
       1050;20190918;-999;-999;-999;    3;   0.5;   4;    2.567;-999;  -999;   9.1;    -999;   11.0;   70.50;   16.1;    6.3;    1.8;eor
       1050;20190919;-999;-999;-999;    3;   0.0;   0;    5.350;-999;  -999;   8.5;    -999;   10.0;   71.38;   15.5;    4.5;    0.8;eor
       1050;20190920;-999;-999;-999;    3;   0.0;   0;    8.350;-999;  -999;   8.3;    -999;    9.4;   73.96;   16.4;    2.9;   -0.1;eor
       1050;20190921;-999;-999;-999;    3;   0.0;   0;   11.367;-999;  -999;   9.3;    -999;   13.6;   63.21;   21.5;    3.8;    1.1;eor
       1050;20190922;-999;-999;-999;    3;   0.0;   0;   10.767;-999;  -999;   9.0;    -999;   17.9;   44.50;   23.0;   11.0;    6.9;eor
       1050;20190923;-999;-999;-999;    3;   0.0;   0;    8.367;-999;  -999;  10.4;    -999;   15.5;   60.58;   21.9;    8.6;    4.9;eor
       1050;20190924;-999;-999;-999;    3;   0.0;   0;    0.200;-999;  -999;  14.6;    -999;   16.1;   79.83;   19.9;   13.5;   11.5;eor
       1050;20190925;-999;-999;-999;    3;   0.3;   4;    0.583;-999;  -999;  14.4;    -999;   15.0;   84.42;   19.5;    9.7;    6.8;eor
       1050;20190926;-999;-999;-999;    3;   1.3;   4;    5.417;-999;  -999;  13.3;    -999;   15.1;   79.04;   21.8;    8.3;    5.3;eor
       1050;20190927;-999;-999;-999;    3;   3.0;   4;    0.000;-999;  -999;  16.3;    -999;   16.4;   87.38;   20.7;   12.9;   10.8;eor
       1050;20190928;-999;-999;-999;    3;   0.0;   0;    6.317;-999;  -999;  12.4;    -999;   15.6;   71.63;   21.1;    9.3;    6.8;eor
       1050;20190929;-999;-999;-999;    3;   0.5;   4;    1.217;-999;  -999;  12.3;    -999;   17.4;   62.13;   21.5;   14.4;   12.2;eor
       1050;20190930;-999;-999;-999;    3;   0.8;   4;    3.717;-999;  -999;  12.2;    -999;   16.5;   65.13;   20.3;   10.9;    7.7;eor
       1050;20191001;-999;-999;-999;    3;   1.2;   4;    3.500;-999;  -999;  12.9;    -999;   16.5;   69.63;   23.7;    9.6;    5.9;eor
       1050;20191002;-999;-999;-999;    3;   5.3;   4;    1.050;-999;  -999;  11.4;    -999;   11.4;   83.13;   17.0;    5.6;    2.3;eor
       1050;20191003;-999;-999;-999;    3;   0.2;   4;    2.833;-999;  -999;   9.5;    -999;   10.4;   75.88;   15.1;    6.2;    3.0;eor
       1050;20191004;-999;-999;-999;    3;  11.2;   4;    0.167;-999;  -999;  10.5;    -999;   10.9;   81.25;   14.4;    9.2;    8.5;eor
       1050;20191005;-999;-999;-999;    3;   7.8;   4;    0.000;-999;  -999;  10.2;    -999;    8.8;   90.21;    9.8;    7.3;    7.0;eor
       1050;20191006;-999;-999;-999;    3;   0.0;   0;    3.483;-999;  -999;   7.8;    -999;    7.4;   77.46;   11.4;    2.7;    0.0;eor
       1050;20191007;-999;-999;-999;    3;   0.0;   0;   10.083;-999;  -999;   6.2;    -999;    5.5;   73.29;   13.3;   -0.3;   -2.7;eor
       1050;20191008;-999;-999;-999;    3;   9.8;   4;    0.000;-999;  -999;  10.9;    -999;   10.1;   86.04;   13.5;    3.6;    2.3;eor
       1050;20191009;-999;-999;-999;    3;   0.0;   4;    5.483;-999;  -999;  11.0;    -999;   13.2;   74.46;   18.0;    8.4;    5.5;eor
       1050;20191010;-999;-999;-999;    3;   4.4;   4;    3.583;-999;  -999;  10.0;    -999;   12.0;   71.46;   15.2;    9.9;    6.2;eor
       1050;20191011;-999;-999;-999;    3;   0.0;   0;    3.883;-999;  -999;  10.9;    -999;   13.9;   69.17;   18.7;    7.8;    4.9;eor
       1050;20191012;-999;-999;-999;    3;   0.0;   0;    9.900;-999;  -999;  12.2;    -999;   17.2;   64.71;   25.0;    9.2;    5.1;eor
       1050;20191013;-999;-999;-999;    3;   0.0;   0;    8.683;-999;  -999;  14.7;    -999;   20.4;   61.21;   24.5;   16.7;   15.5;eor
       1050;20191014;-999;-999;-999;    3;   0.0;   0;    9.833;-999;  -999;  13.9;    -999;   18.7;   64.75;   23.1;   15.4;   14.1;eor
       1050;20191015;-999;-999;-999;    3;   1.7;   4;    9.383;-999;  -999;  13.8;    -999;   16.3;   74.67;   19.8;   11.9;    9.1;eor
       1050;20191016;-999;-999;-999;    3;   0.6;   4;    2.183;-999;  -999;  11.8;    -999;   14.7;   70.79;   17.1;   13.1;   11.0;eor
       1050;20191017;-999;-999;-999;    3;   0.4;   4;    3.150;-999;  -999;  10.8;    -999;   14.7;   65.71;   20.5;    9.8;    6.7;eor
       1050;20191018;-999;-999;-999;    3;   0.4;   4;    4.267;-999;  -999;  13.1;    -999;   15.2;   75.88;   20.0;   10.1;    6.8;eor
       1050;20191019;-999;-999;-999;    3;   0.5;   4;    0.100;-999;  -999;  12.4;    -999;   13.8;   78.88;   16.9;   10.1;    7.5;eor
       1050;20191020;-999;-999;-999;    3;   0.0;   0;    8.533;-999;  -999;  13.0;    -999;   15.2;   75.33;   17.6;   13.1;   10.9;eor
       1050;20191021;-999;-999;-999;    3;   0.0;   0;    5.383;-999;  -999;  14.2;    -999;   15.8;   80.17;   21.5;   10.2;    8.1;eor
       1050;20191022;-999;-999;-999;    3;   0.0;   0;    6.233;-999;  -999;  12.7;    -999;   12.7;   87.88;   19.5;    8.5;    6.0;eor
       1050;20191023;-999;-999;-999;    3;   0.0;   0;    2.200;-999;  -999;  14.0;    -999;   14.8;   83.50;   20.1;   10.5;    9.0;eor
       1050;20191024;-999;-999;-999;    3;   0.0;   0;    6.550;-999;  -999;  13.3;    -999;   14.8;   79.54;   19.8;    8.6;    6.5;eor
       1050;20191025;-999;-999;-999;    3;   0.0;   0;    5.800;-999;  -999;  12.1;    -999;   13.1;   81.67;   19.6;    9.0;    5.2;eor
       1050;20191026;-999;-999;-999;    3;   0.0;   0;    7.600;-999;  -999;  12.2;    -999;   15.1;   72.63;   21.8;    7.5;    4.8;eor
       1050;20191027;-999;-999;-999;    3;   1.3;   4;    2.050;-999;  -999;  10.3;    -999;   10.9;   79.33;   19.5;    6.4;    3.4;eor
       1050;20191028;-999;-999;-999;    3;   0.0;   0;    3.100;-999;  -999;   8.2;    -999;    6.4;   86.08;   11.3;    2.4;   -1.0;eor
       1050;20191029;-999;-999;-999;    3;   0.0;   0;    1.833;-999;  -999;   7.9;    -999;    5.6;   86.67;    9.2;    2.7;   -1.0;eor
       1050;20191030;-999;-999;-999;    3;   0.0;   0;    4.417;-999;  -999;   6.8;    -999;    3.4;   88.04;    9.0;   -1.9;   -5.1;eor
       1050;20191031;-999;-999;-999;    3;   0.0;   0;    8.833;-999;  -999;   5.1;    -999;    1.5;   77.79;    9.0;   -3.5;   -6.9;eor
       1050;20191101;-999;-999;-999;    3;   3.5;   4;    7.350;-999;  -999;   6.4;    -999;    4.8;   74.29;    7.7;   -2.5;   -5.7;eor
       1050;20191102;-999;-999;-999;    3;   0.6;   4;    1.150;-999;  -999;  10.2;    -999;   10.1;   81.21;   13.5;    6.4;    5.4;eor
       1050;20191103;-999;-999;-999;    3;   7.1;   4;    0.417;-999;  -999;  10.6;    -999;   10.8;   81.92;   12.4;    8.6;    6.5;eor
       1050;20191104;-999;-999;-999;    3;   0.8;   4;    2.300;-999;  -999;  10.9;    -999;   11.3;   82.00;   15.3;    8.3;    4.8;eor
       1050;20191105;-999;-999;-999;    3;   0.0;   0;    2.150;-999;  -999;   8.8;    -999;    8.6;   79.38;   13.2;    3.8;    0.8;eor
       1050;20191106;-999;-999;-999;    3;   0.0;   0;    3.167;-999;  -999;   8.6;    -999;    8.6;   77.33;   13.3;    4.8;    3.4;eor
       1050;20191107;-999;-999;-999;    3;   0.0;   0;    7.533;-999;  -999;   8.6;    -999;    9.1;   75.04;   13.5;    4.3;    1.8;eor
       1050;20191108;-999;-999;-999;    3;   0.0;   0;    0.300;-999;  -999;   9.1;    -999;    8.7;   80.79;   11.2;    6.8;    5.0;eor
       1050;20191109;-999;-999;-999;    3;   3.9;   4;    0.000;-999;  -999;   8.9;    -999;    6.6;   90.13;    8.5;    1.5;   -1.6;eor
       1050;20191110;-999;-999;-999;    3;   0.0;   0;    3.367;-999;  -999;   7.0;    -999;    2.7;   94.58;    8.9;    0.0;   -2.3;eor
       1050;20191111;-999;-999;-999;    3;   0.0;   0;    6.617;-999;  -999;   6.2;    -999;    2.7;   83.71;    6.1;   -1.4;   -3.1;eor
       1050;20191112;-999;-999;-999;    3;   0.0;   4;    0.000;-999;  -999;   7.2;    -999;    5.6;   78.71;    6.6;    4.8;    4.0;eor
       1050;20191113;-999;-999;-999;    3;   0.5;   4;    0.000;-999;  -999;   7.4;    -999;    4.6;   87.38;    6.0;    3.0;    1.2;eor
       1050;20191114;-999;-999;-999;    3;   0.0;   0;    6.667;-999;  -999;   6.8;    -999;    5.2;   76.83;    8.2;    2.0;   -1.6;eor
       1050;20191115;-999;-999;-999;    3;   0.0;   0;    0.883;-999;  -999;   8.8;    -999;   10.1;   71.00;   12.4;    7.2;    5.6;eor
       1050;20191116;-999;-999;-999;    3;   0.0;   0;    2.783;-999;  -999;   8.6;    -999;    8.3;   78.08;   12.5;    1.5;   -1.2;eor
       1050;20191117;-999;-999;-999;    3;   0.1;   4;    0.317;-999;  -999;   9.1;    -999;    7.9;   85.42;   14.4;    1.7;    0.5;eor
       1050;20191118;-999;-999;-999;    3;   4.4;   4;    0.733;-999;  -999;   9.7;    -999;    9.7;   80.25;   13.9;    3.2;   -0.5;eor
       1050;20191119;-999;-999;-999;    3;   2.8;   4;    2.733;-999;  -999;   7.2;    -999;    6.2;   76.71;    9.2;    1.8;   -1.0;eor
       1050;20191120;-999;-999;-999;    3;   0.3;   4;    0.000;-999;  -999;   8.5;    -999;    5.4;   94.92;    5.9;    4.8;    4.7;eor
       1050;20191121;-999;-999;-999;    3;   0.0;   4;    0.000;-999;  -999;  10.0;    -999;    7.7;   95.21;   10.5;    5.8;    5.7;eor
       1050;20191122;-999;-999;-999;    3;   0.0;   0;    3.133;-999;  -999;   9.5;    -999;    9.4;   80.54;   11.1;    7.4;    3.2;eor
       1050;20191123;-999;-999;-999;    3;   0.0;   0;    0.000;-999;  -999;   8.5;    -999;    9.3;   73.13;   10.5;    8.1;    6.6;eor
       1050;20191124;-999;-999;-999;    3;   0.0;   0;    5.750;-999;  -999;   8.3;    -999;    8.0;   77.71;    9.8;    6.2;    4.4;eor
       1050;20191125;-999;-999;-999;    3;   0.0;   0;    2.900;-999;  -999;   7.7;    -999;    5.0;   87.79;    8.7;    0.6;   -1.8;eor
       1050;20191126;-999;-999;-999;    3;   0.0;   0;    0.000;-999;  -999;   7.5;    -999;    4.9;   86.54;    7.4;    0.9;    0.6;eor
       1050;20191127;-999;-999;-999;    3;   1.9;   4;    0.000;-999;  -999;   8.3;    -999;    7.1;   82.29;    8.6;    5.9;    5.0;eor
       1050;20191128;-999;-999;-999;    3;   0.6;   4;    1.383;-999;  -999;   8.6;    -999;   10.5;   68.38;   13.8;    7.9;    6.1;eor
       1050;20191129;-999;-999;-999;    3;   0.2;   4;    4.817;-999;  -999;   7.4;    -999;    7.1;   72.46;   11.1;    0.8;   -3.4;eor
       1050;20191130;-999;-999;-999;    3;   0.2;   4;    0.933;-999;  -999;   6.3;    -999;    2.4;   86.21;    5.7;   -1.7;   -5.4;eor
       1050;20191201;-999;-999;-999;    3;   0.0;   0;    1.650;-999;  -999;   6.2;    -999;    1.4;   91.00;    4.1;   -0.4;   -2.1;eor
       1050;20191202;-999;-999;-999;    3;   0.2;   4;    0.000;-999;  -999;   6.4;    -999;    2.9;   84.88;    4.8;   -0.3;   -1.7;eor
       1050;20191203;-999;-999;-999;    3;   0.0;   0;    0.867;-999;  -999;   6.6;    -999;    3.5;   84.46;    6.1;    1.5;   -1.1;eor
       1050;20191204;-999;-999;-999;    3;   0.0;   0;    7.367;-999;  -999;   6.0;    -999;    4.0;   73.79;    8.3;    0.3;   -3.0;eor
       1050;20191205;-999;-999;-999;    3;   0.0;   0;    6.817;-999;  -999;   4.8;    -999;    1.0;   73.71;    2.6;    0.0;   -1.2;eor
       1050;20191206;-999;-999;-999;    3;   1.9;   4;    6.850;-999;  -999;   5.0;    -999;    3.7;   63.25;    7.1;    0.7;   -0.9;eor
       1050;20191207;-999;-999;-999;    3;   0.0;   0;    0.050;-999;  -999;   8.1;    -999;    8.9;   71.00;   10.5;    5.0;    3.6;eor
       1050;20191208;-999;-999;-999;    3;   0.7;   4;    1.133;-999;  -999;   8.3;    -999;    9.8;   68.13;   12.5;    7.7;    6.9;eor
       1050;20191209;-999;-999;-999;    3;   0.7;   4;    1.450;-999;  -999;   7.8;    -999;    8.2;   71.38;   11.4;    5.0;    2.8;eor
       1050;20191210;-999;-999;-999;    3;   0.0;   0;    1.950;-999;  -999;   6.5;    -999;    3.7;   81.13;    6.0;   -1.4;   -5.3;eor
       1050;20191211;-999;-999;-999;    3;   0.0;   0;    5.267;-999;  -999;   4.8;    -999;    2.8;   64.63;    4.5;    1.0;   -1.5;eor
       1050;20191212;-999;-999;-999;    3;   0.0;   0;    0.000;-999;  -999;   5.2;    -999;    2.5;   70.79;    3.5;    1.7;    0.0;eor
       1050;20191213;-999;-999;-999;    3;   0.1;   4;    0.017;-999;  -999;   5.7;    -999;    2.5;   77.83;    4.7;    1.1;   -1.4;eor
       1050;20191214;-999;-999;-999;    3;   1.1;   4;    0.417;-999;  -999;   6.7;    -999;    6.0;   72.00;    8.5;    4.1;    1.9;eor
       1050;20191215;-999;-999;-999;    3;   2.8;   4;    0.167;-999;  -999;   7.5;    -999;    6.8;   75.83;   12.6;    1.9;   -2.0;eor
       1050;20191216;-999;-999;-999;    3;   0.0;   4;    1.067;-999;  -999;   8.0;    -999;    7.1;   79.42;   11.2;    1.4;   -2.6;eor
       1050;20191217;-999;-999;-999;    3;   0.0;   0;    4.667;-999;  -999;   7.9;    -999;    8.1;   73.42;   10.1;    6.3;    5.2;eor
       1050;20191218;-999;-999;-999;    3;   0.0;   0;    0.083;-999;  -999;   8.3;    -999;    7.2;   81.67;    9.8;    1.8;   -1.1;eor
       1050;20191219;-999;-999;-999;    3;   0.0;   0;    2.983;-999;  -999;   8.5;    -999;    6.7;   86.71;   10.3;   -0.3;   -2.0;eor
       1050;20191220;-999;-999;-999;    3;   4.6;   4;    6.000;-999;  -999;   9.3;    -999;   10.0;   75.88;   11.3;    9.0;    7.4;eor
       1050;20191221;-999;-999;-999;    3;   0.0;   0;    4.000;-999;  -999;   8.7;    -999;    6.7;   88.71;   10.1;    1.2;   -1.6;eor
       1050;20191222;-999;-999;-999;    3;   0.0;   4;    0.800;-999;  -999;   7.5;    -999;    5.5;   82.92;    7.6;    2.2;   -0.5;eor
       1050;20191223;-999;-999;-999;    3;   0.3;   4;    0.000;-999;  -999;   8.2;    -999;    7.4;   79.21;    8.6;    5.4;    4.8;eor
       1050;20191224;-999;-999;-999;    3;   2.7;   4;    1.633;-999;  -999;   7.7;    -999;    7.3;   75.38;    9.2;    5.5;    4.8;eor
       1050;20191225;-999;-999;-999;    3;   2.6;   4;    0.000;-999;  -999;   8.4;    -999;    6.5;   86.42;    8.5;    5.0;    4.6;eor
       1050;20191226;-999;-999;-999;    3;   0.3;   4;    0.150;-999;  -999;   7.5;    -999;    4.9;   86.17;    6.3;    3.5;    2.2;eor
       1050;20191227;-999;-999;-999;    3;   0.4;   4;    0.000;-999;  -999;   6.6;    -999;    3.3;   85.75;    4.5;    2.4;    1.6;eor
       1050;20191228;-999;-999;-999;    3;   0.0;   0;    0.000;-999;  -999;   5.4;    -999;    1.6;   78.21;    2.5;    0.6;   -0.5;eor
       1050;20191229;-999;-999;-999;    3;   0.0;   0;    6.000;-999;  -999;   4.5;    -999;    0.5;   71.88;    3.2;   -2.4;   -5.5;eor
       1050;20191230;-999;-999;-999;    3;   0.0;   0;    2.383;-999;  -999;   4.8;    -999;    3.0;   63.08;    5.1;    0.6;   -2.5;eor
       1050;20191231;-999;-999;-999;    3;   0.0;   0;    0.617;-999;  -999;   6.3;    -999;    4.6;   73.79;    7.2;   -1.7;   -5.0;eor
       1050;20200101;-999;-999;-999;    3;   0.0;   0;    4.667;-999;  -999;   5.9;    -999;    3.0;   79.13;    6.6;   -3.9;   -7.9;eor
       1050;20200102;-999;-999;-999;    3;   0.0;   0;    7.317;-999;  -999;   4.6;    -999;    0.0;   76.71;    6.8;   -4.5;   -7.9;eor
       1050;20200103;-999;-999;-999;    3;   0.2;   4;    0.083;-999;  -999;   6.6;    -999;    4.3;   78.33;    9.8;   -4.1;   -6.4;eor
       1050;20200104;-999;-999;-999;    3;   2.2;   4;    0.017;-999;  -999;   7.0;    -999;    5.0;   79.50;    8.2;    2.3;    0.8;eor
       1050;20200105;-999;-999;-999;    3;   0.0;   0;    1.817;-999;  -999;   5.4;    -999;    1.9;   78.00;    4.4;   -1.9;   -4.9;eor
       1050;20200106;-999;-999;-999;    3;   0.0;   0;    0.000;-999;  -999;   6.3;    -999;    3.3;   81.58;    5.3;    2.0;   -0.5;eor
       1050;20200107;-999;-999;-999;    3;   0.3;   4;    0.267;-999;  -999;   6.2;    -999;    1.6;   90.29;    3.9;   -2.5;   -5.2;eor
       1050;20200108;-999;-999;-999;    3;   6.7;   4;    0.000;-999;  -999;   7.2;    -999;    5.2;   81.17;    7.3;    0.9;   -1.4;eor
       1050;20200109;-999;-999;-999;    3;   1.6;   4;    0.000;-999;  -999;   9.1;    -999;    7.6;   87.50;   10.5;    5.3;    5.1;eor
       1050;20200110;-999;-999;-999;    3;   1.1;   4;    0.517;-999;  -999;   8.8;    -999;    9.6;   73.88;   12.0;    5.6;    4.7;eor
       1050;20200111;-999;-999;-999;    3;   0.7;   4;    0.283;-999;  -999;   6.6;    -999;    3.6;   84.08;    6.3;   -2.2;   -5.1;eor
       1050;20200112;-999;-999;-999;    3;   0.0;   0;    5.350;-999;  -999;   5.6;    -999;    1.8;   81.75;    6.4;   -2.8;   -5.5;eor
       1050;20200113;-999;-999;-999;    3;   0.0;   0;    0.017;-999;  -999;   6.9;    -999;    5.8;   75.04;    6.7;    4.4;    1.6;eor
       1050;20200114;-999;-999;-999;    3;   0.0;   0;    1.983;-999;  -999;   6.5;    -999;    5.7;   71.08;    7.3;    4.6;    1.9;eor
       1050;20200115;-999;-999;-999;    3;   0.0;   0;    1.667;-999;  -999;   5.6;    -999;    4.6;   65.25;    6.1;    2.9;    0.5;eor
       1050;20200116;-999;-999;-999;    3;   0.0;   0;    5.917;-999;  -999;   6.2;    -999;    4.7;   72.96;    8.2;    1.7;   -0.2;eor
       1050;20200117;-999;-999;-999;    3;   0.3;   4;    6.767;-999;  -999;   6.5;    -999;    4.8;   75.46;    6.8;    3.3;    1.5;eor
       1050;20200118;-999;-999;-999;    3;   0.0;   0;    0.000;-999;  -999;   7.0;    -999;    4.0;   86.08;    6.0;    1.6;   -0.2;eor
       1050;20200119;-999;-999;-999;    3;   1.4;   4;    0.000;-999;  -999;   7.0;    -999;    3.2;   90.83;    4.6;    1.2;   -0.7;eor
       1050;20200120;-999;-999;-999;    3;   0.0;   0;    1.617;-999;  -999;   6.4;    -999;    2.4;   88.46;    6.0;   -2.5;   -5.7;eor
       1050;20200121;-999;-999;-999;    3;   0.0;   0;    7.667;-999;  -999;   4.9;    -999;   -0.5;   84.88;    5.9;   -4.0;   -7.5;eor
       1050;20200122;-999;-999;-999;    3;   0.0;   0;    0.783;-999;  -999;   5.6;    -999;   -0.2;   91.96;    2.8;   -5.1;   -8.3;eor
       1050;20200123;-999;-999;-999;    3;   0.0;   0;    0.000;-999;  -999;   6.0;    -999;    1.6;   87.13;    4.3;   -3.3;   -6.6;eor
       1050;20200124;-999;-999;-999;    3;   0.0;   0;    7.783;-999;  -999;   4.7;    -999;   -0.2;   79.00;    3.5;   -4.4;   -7.8;eor
       1050;20200125;-999;-999;-999;    3;   0.0;   0;    0.567;-999;  -999;   4.5;    -999;   -2.9;   90.79;    0.3;   -5.6;   -8.1;eor
       1050;20200126;-999;-999;-999;    3;   0.0;   4;    2.083;-999;  -999;   5.1;    -999;   -0.2;   84.42;    2.9;   -5.6;   -7.7;eor
       1050;20200127;-999;-999;-999;    3;   0.1;   4;    5.750;-999;  -999;   6.7;    -999;    4.7;   77.79;    7.8;    2.1;   -0.4;eor
       1050;20200128;-999;-999;-999;    3;   0.5;   4;    0.917;-999;  -999;   6.8;    -999;    6.0;   72.25;    8.7;    3.7;    0.1;eor
       1050;20200129;-999;-999;-999;    3;   0.1;   4;    0.400;-999;  -999;   5.6;    -999;    4.8;   65.21;    6.7;    2.9;   -0.7;eor
       1050;20200130;-999;-999;-999;    3;   0.1;   4;    0.267;-999;  -999;   6.4;    -999;    5.9;   68.38;    9.0;    1.6;   -2.2;eor
       1050;20200131;-999;-999;-999;    3;   0.0;   0;    1.667;-999;  -999;   9.6;    -999;   11.3;   71.96;   14.2;    6.7;    3.1;eor
       1050;20200201;-999;-999;-999;    3;   2.8;   4;    0.917;-999;  -999;  10.2;    -999;   12.1;   72.33;   15.7;    8.2;    3.8;eor
       1050;20200202;-999;-999;-999;    3;  14.9;   4;    0.833;-999;  -999;   8.2;    -999;    8.1;   76.42;   10.1;    6.0;    5.4;eor
       1050;20200203;-999;-999;-999;    3;  21.1;   4;    0.017;-999;  -999;   9.3;    -999;    8.4;   84.50;   10.8;    5.5;    5.3;eor
       1050;20200204;-999;-999;-999;    3;  10.0;   4;    0.367;-999;  -999;   7.3;    -999;    4.8;   84.33;    7.6;    2.4;    0.9;eor
       1050;20200205;-999;-999;-999;    3;   0.4;   4;    2.283;-999;  -999;   5.8;    -999;    2.8;   78.04;    5.0;   -0.4;   -2.6;eor
       1050;20200206;-999;-999;-999;    3;   0.0;   4;    0.017;-999;  -999;   5.9;    -999;    3.6;   74.42;    5.1;   -0.3;   -2.9;eor
       1050;20200207;-999;-999;-999;    3;   0.5;   4;    0.050;-999;  -999;   7.4;    -999;    4.4;   88.17;    5.5;    2.4;   -1.0;eor
       1050;20200208;-999;-999;-999;    3;   0.0;   0;    7.950;-999;  -999;   6.1;    -999;    4.3;   73.33;    6.0;    1.8;   -0.2;eor
       1050;20200209;-999;-999;-999;    3;   5.5;   4;    6.667;-999;  -999;   6.4;    -999;    6.5;   67.17;   11.2;    2.6;    0.8;eor
       1050;20200210;-999;-999;-999;    3;   4.3;   4;    1.833;-999;  -999;   7.5;    -999;    8.8;   66.71;   14.9;    2.8;    1.0;eor
       1050;20200211;-999;-999;-999;    3;   0.2;   4;    4.183;-999;  -999;   5.7;    -999;    5.4;   64.33;    8.1;    2.7;    0.6;eor
       1050;20200212;-999;-999;-999;    3;   0.5;   4;    2.317;-999;  -999;   5.1;    -999;    4.8;   58.96;    7.0;    3.1;    0.3;eor
       1050;20200213;-999;-999;-999;    3;   1.4;   4;    3.333;-999;  -999;   5.8;    -999;    4.3;   69.79;    6.3;   -0.6;   -4.2;eor
       1050;20200214;-999;-999;-999;    3;   1.5;   4;    0.000;-999;  -999;   7.9;    -999;    5.4;   87.67;    8.0;    3.1;    1.2;eor
       1050;20200215;-999;-999;-999;    3;   0.0;   0;    4.367;-999;  -999;   7.2;    -999;    6.2;   77.17;    9.3;    0.8;   -1.8;eor
       1050;20200216;-999;-999;-999;    3;   0.1;   4;    0.083;-999;  -999;   6.7;    -999;   10.9;   52.08;   15.4;    7.2;    5.4;eor
       1050;20200217;-999;-999;-999;    3;   0.1;   4;    0.000;-999;  -999;   7.8;    -999;   10.9;   60.04;   14.0;    6.8;    3.8;eor
       1050;20200218;-999;-999;-999;    3;   0.0;   4;    4.817;-999;  -999;   6.7;    -999;    7.7;   63.38;   10.3;    5.1;    1.0;eor
       1050;20200219;-999;-999;-999;    3;   1.4;   4;    1.867;-999;  -999;   6.4;    -999;    6.1;   67.92;    7.5;    4.0;    1.2;eor
       1050;20200220;-999;-999;-999;    3;   3.1;   4;    0.883;-999;  -999;   6.5;    -999;    5.6;   71.29;    8.3;    0.3;   -3.8;eor
       1050;20200221;-999;-999;-999;    3;   0.0;   0;    0.400;-999;  -999;   6.3;    -999;    5.8;   68.17;    8.4;    1.6;   -2.1;eor
       1050;20200222;-999;-999;-999;    3;   2.7;   4;    2.417;-999;  -999;   6.0;    -999;   10.0;   50.38;   15.1;    3.0;   -0.3;eor
       1050;20200223;-999;-999;-999;    3;   6.4;   4;    0.000;-999;  -999;   9.6;    -999;    9.9;   78.92;   14.0;    5.4;    4.6;eor
       1050;20200224;-999;-999;-999;    3;   1.2;   4;    1.117;-999;  -999;   6.5;    -999;    6.4;   66.96;   10.5;    4.6;    3.6;eor
       1050;20200225;-999;-999;-999;    3;   0.1;   4;    1.300;-999;  -999;   8.8;    -999;    9.8;   72.58;   12.7;    4.2;   -0.3;eor
       1050;20200226;-999;-999;-999;    3;   1.8;   4;    0.817;-999;  -999;   6.4;    -999;    4.2;   78.08;    6.9;    2.3;    1.4;eor
       1050;20200227;-999;-999;-999;    3;   3.1;   4;    2.183;-999;  -999;   5.7;    -999;    4.4;   69.08;    7.2;    1.9;    1.1;eor
       1050;20200228;-999;-999;-999;    3;   2.4;   4;    2.950;-999;  -999;   6.0;    -999;    3.5;   77.38;    7.3;    0.7;   -1.1;eor
       1050;20200229;-999;-999;-999;    3;   2.5;   4;    2.817;-999;  -999;   7.0;    -999;    5.7;   76.13;   10.0;    2.4;    1.4;eor
       1050;20200301;-999;-999;-999;    3;   0.0;   0;    3.617;-999;  -999;   7.1;    -999;    8.4;   65.79;   13.2;    5.1;    1.4;eor
       1050;20200302;-999;-999;-999;    3;   0.0;   0;    3.733;-999;  -999;   6.6;    -999;    7.8;   62.79;   10.3;    5.4;    4.0;eor
       1050;20200303;-999;-999;-999;    3;   0.8;   4;    0.000;-999;  -999;   7.1;    -999;    4.9;   81.67;    6.5;    1.5;   -2.1;eor
       1050;20200304;-999;-999;-999;    3;   0.0;   0;    6.450;-999;  -999;   5.9;    -999;    4.9;   69.92;    9.4;   -0.6;   -3.4;eor
       1050;20200305;-999;-999;-999;    3;   2.0;   4;    8.667;-999;  -999;   5.8;    -999;    5.8;   65.71;   10.3;   -0.9;   -4.0;eor
       1050;20200306;-999;-999;-999;    3;   2.2;   4;    0.067;-999;  -999;   7.7;    -999;    7.1;   76.58;   10.7;    4.5;    3.6;eor
       1050;20200307;-999;-999;-999;    3;   1.2;   4;    0.683;-999;  -999;   6.6;    -999;    4.5;   79.58;    7.8;    0.6;   -3.0;eor
       1050;20200308;-999;-999;-999;    3;   0.0;   0;    4.167;-999;  -999;   6.7;    -999;    6.2;   71.04;   10.6;   -0.6;   -3.7;eor
       1050;20200309;-999;-999;-999;    3;   2.3;   4;    0.850;-999;  -999;   7.5;    -999;    6.8;   76.50;   10.9;    2.5;   -0.6;eor
       1050;20200310;-999;-999;-999;    3;   9.3;   4;    0.383;-999;  -999;   7.8;    -999;    6.4;   80.67;   13.3;    0.1;   -3.0;eor
       1050;20200311;-999;-999;-999;    3;   1.3;   4;    0.067;-999;  -999;  10.5;    -999;   10.5;   82.54;   13.8;    8.0;    6.4;eor
       1050;20200312;-999;-999;-999;    3;   1.0;   4;    2.383;-999;  -999;   8.9;    -999;   10.9;   67.67;   16.7;    3.8;   -0.6;eor
       1050;20200313;-999;-999;-999;    3;   1.2;   4;    4.917;-999;  -999;   6.2;    -999;    7.5;   61.13;   10.7;    3.5;   -0.4;eor
       1050;20200314;-999;-999;-999;    3;   0.0;   0;   10.200;-999;  -999;   5.0;    -999;    4.6;   60.38;    8.4;   -0.4;   -3.7;eor
       1050;20200315;-999;-999;-999;    3;   0.0;   0;    9.683;-999;  -999;   3.9;    -999;    6.2;   42.21;   10.2;    1.6;   -0.4;eor
       1050;20200316;-999;-999;-999;    3;   0.0;   0;   10.333;-999;  -999;   4.9;    -999;    8.5;   44.29;   14.6;    3.7;   -0.6;eor
       1050;20200317;-999;-999;-999;    3;   0.0;   0;    4.800;-999;  -999;   7.9;    -999;    8.1;   73.13;   15.7;    2.2;   -1.2;eor
       1050;20200318;-999;-999;-999;    3;   0.0;   0;   10.650;-999;  -999;   8.8;    -999;   10.2;   74.38;   18.6;    2.0;   -2.0;eor
       1050;20200319;-999;-999;-999;    3;   0.0;   0;    9.350;-999;  -999;   9.1;    -999;   11.2;   70.96;   17.7;    4.0;    0.4;eor
       1050;20200320;-999;-999;-999;    3;   4.0;   4;    0.000;-999;  -999;   9.1;    -999;    7.8;   85.08;    9.8;    4.3;    3.9;eor
       1050;20200321;-999;-999;-999;    3;   0.0;   0;    1.650;-999;  -999;   5.6;    -999;    3.5;   70.67;    5.5;   -2.7;   -6.8;eor
       1050;20200322;-999;-999;-999;    3;   0.0;   0;    7.550;-999;  -999;   3.7;    -999;    0.2;   60.33;    4.8;   -4.1;   -8.3;eor
       1050;20200323;-999;-999;-999;    3;   0.0;   0;   11.483;-999;  -999;   3.1;    -999;   -0.2;   54.83;    5.3;   -6.5;   -9.4;eor
       1050;20200324;-999;-999;-999;    3;   0.0;   0;   11.550;-999;  -999;   3.2;    -999;    0.8;   53.13;    7.6;   -6.5;   -9.8;eor
       1050;20200325;-999;-999;-999;    3;   0.0;   0;   11.517;-999;  -999;   3.2;    -999;    1.9;   50.75;    8.9;   -6.6;   -9.8;eor
       1050;20200326;-999;-999;-999;    3;   0.0;   0;    6.583;-999;  -999;   4.3;    -999;    4.1;   54.04;   11.2;   -3.8;   -7.7;eor
       1050;20200327;-999;-999;-999;    3;   0.0;   0;   11.000;-999;  -999;   6.0;    -999;    8.3;   58.21;   18.1;   -1.8;   -5.0;eor
       1050;20200328;-999;-999;-999;    3;   0.0;   0;   11.100;-999;  -999;   6.3;    -999;    7.2;   65.63;   14.7;    0.1;   -3.9;eor
       1050;20200329;-999;-999;-999;    1;   1.8;   4;    1.700;-999;  -999;   6.1;    -999;    3.1;   80.25;    7.2;   -1.0;   -3.3;eor
       1050;20200330;-999;-999;-999;    1;   0.0;   0;    9.283;-999;  -999;   4.0;    -999;    1.3;   61.00;    5.9;   -4.9;   -8.6;eor
       1050;20200331;-999;-999;-999;    1;   0.0;   4;    3.733;-999;  -999;   4.2;    -999;    1.4;   63.08;    5.1;   -3.7;   -7.7;eor
       1050;20200401;-999;-999;-999;    1;   0.0;   0;   12.033;-999;  -999;   3.8;    -999;    2.2;   55.88;    9.2;   -5.0;   -8.0;eor
       1050;20200402;-999;-999;-999;    1;   0.0;   0;   11.933;-999;  -999;   4.9;    -999;    5.0;   59.58;   13.1;   -2.7;   -6.8;eor
       1050;20200403;-999;-999;-999;    1;   0.0;   0;    1.400;-999;  -999;   6.0;    -999;    6.5;   63.17;   10.3;    0.0;   -3.9;eor
       1050;20200404;-999;-999;-999;    1;   0.0;   0;    4.817;-999;  -999;   6.7;    -999;    6.9;   69.46;   12.7;    1.4;   -2.9;eor
       1050;20200405;-999;-999;-999;    1;   0.0;   0;   12.217;-999;  -999;   5.6;    -999;    9.3;   52.83;   17.0;   -0.4;   -3.9;eor
       1050;20200406;-999;-999;-999;    1;   0.0;   0;   12.200;-999;  -999;   6.1;    -999;   15.1;   36.29;   21.4;    9.3;    6.2;eor
       1050;20200407;-999;-999;-999;    1;   0.0;   0;   12.067;-999;  -999;   8.2;    -999;   15.4;   47.21;   21.8;    8.0;    3.7;eor
       1050;20200408;-999;-999;-999;    1;   0.0;   0;   12.283;-999;  -999;   6.7;    -999;   13.3;   52.46;   22.6;    3.9;   -0.3;eor
       1050;20200409;-999;-999;-999;    1;   0.0;   0;   10.850;-999;  -999;   7.8;    -999;   12.0;   57.00;   20.1;    2.8;   -1.8;eor
       1050;20200410;-999;-999;-999;    1;   0.0;   0;    9.083;-999;  -999;   8.3;    -999;   11.0;   65.46;   17.1;    4.1;    0.0;eor
       1050;20200411;-999;-999;-999;    1;   0.0;   0;   12.383;-999;  -999;   6.3;    -999;    9.9;   55.29;   17.6;    2.9;   -1.8;eor
       1050;20200412;-999;-999;-999;    1;   0.0;   0;   10.550;-999;  -999;   7.5;    -999;   14.1;   51.13;   23.8;    1.6;   -1.9;eor
       1050;20200413;-999;-999;-999;    1;   1.2;   4;    2.383;-999;  -999;   7.3;    -999;    8.3;   65.08;   13.3;    3.9;    0.2;eor
       1050;20200414;-999;-999;-999;    1;   0.0;   0;    8.233;-999;  -999;   4.4;    -999;    5.1;   51.00;    9.5;    0.3;   -3.9;eor
       1050;20200415;-999;-999;-999;    1;   0.0;   0;    9.750;-999;  -999;   5.8;    -999;    7.6;   58.63;   15.5;   -0.2;   -3.6;eor
       1050;20200416;-999;-999;-999;    1;   0.0;   0;   12.700;-999;  -999;   7.6;    -999;   12.2;   57.08;   21.7;    1.2;   -3.1;eor
       1050;20200417;-999;-999;-999;    1;   0.0;   0;   12.733;-999;  -999;   8.4;    -999;   11.7;   63.88;   19.2;    3.6;   -0.5;eor
       1050;20200418;-999;-999;-999;    1;   0.0;   0;    9.917;-999;  -999;   7.0;    -999;   12.9;   51.17;   20.8;    2.5;   -1.2;eor
       1050;20200419;-999;-999;-999;    1;   0.0;   0;   10.067;-999;  -999;   5.2;    -999;   10.8;   41.29;   15.9;    2.6;   -2.5;eor
       1050;20200420;-999;-999;-999;    1;   0.0;   0;   12.750;-999;  -999;   5.1;    -999;    9.2;   47.42;   15.6;    0.1;   -4.5;eor
       1050;20200421;-999;-999;-999;    1;   0.0;   0;   12.767;-999;  -999;   5.8;    -999;   11.6;   45.00;   17.4;    2.2;   -1.7;eor
       1050;20200422;-999;-999;-999;    1;   0.0;   0;   12.767;-999;  -999;   6.1;    -999;   11.5;   48.96;   19.0;    1.1;   -3.6;eor
       1050;20200423;-999;-999;-999;    1;   0.0;   0;   12.800;-999;  -999;   7.0;    -999;   12.4;   53.58;   21.3;    2.5;   -2.2;eor
       1050;20200424;-999;-999;-999;    1;   0.0;   0;   10.400;-999;  -999;   7.9;    -999;   14.5;   51.25;   21.6;    4.3;   -0.2;eor
       1050;20200425;-999;-999;-999;    1;   0.0;   0;    0.533;-999;  -999;   7.8;    -999;    9.9;   63.83;   13.3;    7.2;    2.6;eor
       1050;20200426;-999;-999;-999;    1;   0.0;   0;    6.217;-999;  -999;   7.6;    -999;   10.9;   61.71;   17.7;    4.8;    0.2;eor
       1050;20200427;-999;-999;-999;    1;   0.0;   0;   12.133;-999;  -999;   7.5;    -999;   14.3;   51.96;   23.4;    2.5;   -1.7;eor
       1050;20200428;-999;-999;-999;    1;   0.0;   0;    8.783;-999;  -999;   9.5;    -999;   17.5;   51.46;   25.1;    8.0;    3.9;eor
       1050;20200429;-999;-999;-999;    1;   6.5;   4;    0.917;-999;  -999;  12.4;    -999;   15.0;   73.67;   18.3;    9.4;    7.0;eor
       1050;20200430;-999;-999;-999;    1;   0.0;   0;    2.933;-999;  -999;  11.1;    -999;   14.6;   68.92;   18.8;    8.0;    5.4;eor
       1050;20200501;-999;-999;-999;    1;   0.1;   4;    5.483;-999;  -999;   9.1;    -999;   13.5;   59.75;   19.5;    6.6;    3.6;eor
       1050;20200502;-999;-999;-999;    1;   9.4;   4;    1.500;-999;  -999;   9.1;    -999;    9.2;   78.13;   13.9;    5.6;    1.8;eor
       1050;20200503;-999;-999;-999;    1;   0.0;   0;    3.517;-999;  -999;   9.2;    -999;   11.2;   70.42;   15.6;    8.5;    7.5;eor
       1050;20200504;-999;-999;-999;    1;   5.4;   4;    1.500;-999;  -999;  10.0;    -999;   11.2;   77.25;   17.2;    7.3;    5.5;eor
       1050;20200505;-999;-999;-999;    1;   1.7;   4;    4.567;-999;  -999;   7.8;    -999;    7.1;   78.29;   12.0;    2.2;   -0.3;eor
       1050;20200506;-999;-999;-999;    1;   0.0;   0;    5.133;-999;  -999;   7.5;    -999;    9.5;   65.46;   16.1;    3.3;    0.4;eor
       1050;20200507;-999;-999;-999;    1;   0.0;   0;   10.233;-999;  -999;   8.3;    -999;    9.7;   70.17;   17.0;    2.8;   -0.9;eor
       1050;20200508;-999;-999;-999;    1;   0.0;   0;   11.750;-999;  -999;   9.0;    -999;   14.5;   59.92;   23.0;    4.5;    2.0;eor
       1050;20200509;-999;-999;-999;    1;   0.0;   0;    9.167;-999;  -999;   9.7;    -999;   15.8;   58.13;   23.6;    5.7;    2.0;eor
       1050;20200510;-999;-999;-999;    1;   0.5;   4;    1.633;-999;  -999;  14.4;    -999;   17.8;   71.33;   23.9;    9.8;    6.4;eor
       1050;20200511;-999;-999;-999;    1;  14.8;   4;    0.000;-999;  -999;  10.8;    -999;    8.4;   93.88;   14.7;    2.4;    1.2;eor
       1050;20200512;-999;-999;-999;    1;   0.0;   0;    6.450;-999;  -999;   6.3;    -999;    6.6;   67.17;   12.0;    0.3;   -2.1;eor
       1050;20200513;-999;-999;-999;    1;   0.0;   0;    6.450;-999;  -999;   7.0;    -999;   10.3;   58.04;   15.6;    4.3;    3.8;eor
       1050;20200514;-999;-999;-999;    1;   0.0;   0;    3.917;-999;  -999;   8.0;    -999;   11.0;   61.33;   16.3;    5.6;    1.9;eor
       1050;20200515;-999;-999;-999;    1;   0.0;   0;    9.733;-999;  -999;   7.2;    -999;    9.9;   62.21;   16.3;    2.3;   -0.9;eor
       1050;20200516;-999;-999;-999;    1;   0.0;   0;   12.883;-999;  -999;   7.7;    -999;   11.3;   60.46;   17.7;    3.6;   -0.4;eor
       1050;20200517;-999;-999;-999;    1;   0.0;   0;   10.267;-999;  -999;   8.5;    -999;   12.3;   61.63;   18.1;    5.8;    1.8;eor
       1050;20200518;-999;-999;-999;    1;   0.0;   0;   13.100;-999;  -999;   9.7;    -999;   14.7;   61.63;   22.2;    4.4;    0.8;eor
       1050;20200519;-999;-999;-999;    1;   0.0;   0;    9.467;-999;  -999;  11.5;    -999;   16.0;   65.13;   22.7;    8.3;    4.6;eor
       1050;20200520;-999;-999;-999;    1;   0.0;   0;    2.600;-999;  -999;  11.1;    -999;   14.6;   68.75;   19.9;    7.4;    3.2;eor
       1050;20200521;-999;-999;-999;    1;   0.0;   0;   12.417;-999;  -999;   8.6;    -999;   14.5;   56.33;   21.4;    5.0;    0.9;eor
       1050;20200522;-999;-999;-999;    1;  12.3;   4;    3.117;-999;  -999;  10.5;    -999;   16.4;   56.08;   22.0;   10.9;    6.0;eor
       1050;20200523;-999;-999;-999;    1;   5.8;   4;    0.017;-999;  -999;  13.6;    -999;   15.0;   79.96;   18.5;   11.4;    9.7;eor
       1050;20200524;-999;-999;-999;    1;   2.1;   4;    6.300;-999;  -999;  10.4;    -999;   13.7;   67.46;   18.5;   10.4;    7.9;eor
       1050;20200525;-999;-999;-999;    1;   1.8;   4;    0.533;-999;  -999;  11.4;    -999;   11.9;   82.04;   14.0;    9.2;    6.7;eor
       1050;20200526;-999;-999;-999;    1;   0.0;   0;    6.150;-999;  -999;  10.4;    -999;   13.7;   69.50;   19.5;    7.1;    3.2;eor
       1050;20200527;-999;-999;-999;    1;   3.1;   4;   10.300;-999;  -999;  10.3;    -999;   14.8;   64.71;   22.1;    5.2;    1.8;eor
       1050;20200528;-999;-999;-999;    1;   3.3;   4;    3.467;-999;  -999;  11.2;    -999;   13.1;   75.21;   18.5;    8.6;    5.2;eor
       1050;20200529;-999;-999;-999;    1;   0.0;   0;    9.083;-999;  -999;   9.1;    -999;   13.9;   60.04;   18.8;    7.3;    4.1;eor
       1050;20200530;-999;-999;-999;    1;   0.0;   0;    8.750;-999;  -999;   8.1;    -999;   13.5;   53.75;   18.4;    7.6;    4.4;eor
       1050;20200531;-999;-999;-999;    1;   0.0;   0;    4.583;-999;  -999;  10.5;    -999;   14.4;   65.75;   21.4;    7.4;    5.0;eor
       1050;20200601;-999;-999;-999;    1;   0.0;   0;   14.033;-999;  -999;  10.2;    -999;   17.0;   56.08;   24.3;    7.8;    4.0;eor
       1050;20200602;-999;-999;-999;    1;   4.5;   4;    9.983;-999;  -999;  12.5;    -999;   15.6;   72.46;   24.5;    8.0;    4.0;eor
       1050;20200603;-999;-999;-999;    1;   0.0;   0;   11.950;-999;  -999;  12.6;    -999;   17.8;   66.46;   25.7;    8.8;    5.9;eor
       1050;20200604;-999;-999;-999;    1;   6.7;   4;    5.767;-999;  -999;  14.4;    -999;   17.4;   74.04;   23.8;   11.1;    8.5;eor
       1050;20200605;-999;-999;-999;    1;   2.0;   4;    3.700;-999;  -999;  12.2;    -999;   14.8;   72.96;   19.3;   11.2;    9.7;eor
       1050;20200606;-999;-999;-999;    1;   0.0;   0;    1.850;-999;  -999;  11.1;    -999;   14.1;   70.00;   20.0;    7.5;    4.1;eor
       1050;20200607;-999;-999;-999;    1;   4.6;   4;    0.000;-999;  -999;  13.2;    -999;   13.4;   85.79;   16.3;   10.1;    6.6;eor
       1050;20200608;-999;-999;-999;    1;   0.0;   0;    5.417;-999;  -999;  11.8;    -999;   15.9;   67.96;   20.2;   10.3;    9.6;eor
       1050;20200609;-999;-999;-999;    1;   0.0;   0;    3.000;-999;  -999;  12.8;    -999;   17.2;   66.79;   22.0;   12.6;   10.3;eor
