STATIONS_ID;MESS_DATUM;QN_3;  FX;  FM;QN_4; RSK;RSKF; SDK;SHK_TAG;  NM; VPM;  PM; TMK; UPM; TXK; TNK; TGK;eor
       4559;20181208;-999;-999;-999;    3;   3.9;   4;-999;   0;  -999;   7.3;    -999;    6.0;   77.63;    8.3;    4.5;    3.2;eor
       4559;20181209;-999;-999;-999;    3;   5.6;   4;-999;   0;  -999;   8.1;    -999;    6.0;   86.63;    7.7;    4.5;    2.5;eor
       4559;20181210;-999;-999;-999;    3;   1.6;   4;-999;   0;  -999;   6.4;    -999;    2.8;   85.42;    5.2;    0.6;   -0.7;eor
       4559;20181211;-999;-999;-999;    3;   1.4;   4;-999;   0;  -999;   6.1;    -999;    1.8;   87.54;    2.9;    1.0;   -0.1;eor
       4559;20181212;-999;-999;-999;    3;   0.0;   0;-999;   0;  -999;   5.9;    -999;    1.1;   88.71;    3.0;   -1.2;   -2.4;eor
       4559;20181213;-999;-999;-999;    3;   0.0;   0;-999;   0;  -999;   4.5;    -999;   -2.3;   86.92;   -0.4;   -6.7;   -9.8;eor
       4559;20181214;-999;-999;-999;    3;   0.0;   0;-999;   0;  -999;   4.1;    -999;   -3.6;   87.25;   -1.0;   -7.2;  -10.6;eor
       4559;20181215;-999;-999;-999;    3;   0.0;   0;-999;   0;  -999;   4.0;    -999;   -3.2;   83.63;   -2.0;   -7.8;  -10.9;eor
       4559;20181216;-999;-999;-999;    3;   0.3;   4;-999;   0;  -999;   4.1;    -999;   -4.3;   90.75;   -0.8;   -9.5;  -11.8;eor
       4559;20181217;-999;-999;-999;    3;   0.1;   4;-999;   1;  -999;   6.0;    -999;    0.4;   95.00;    2.0;   -1.4;   -1.4;eor
       4559;20181218;-999;-999;-999;    3;   0.0;   0;-999;   0;  -999;   6.5;    -999;    1.1;   97.25;    2.5;   -2.6;   -4.7;eor
       4559;20181219;-999;-999;-999;    3;   3.2;   4;-999;   0;  -999;   5.4;    -999;   -1.4;   98.29;    0.2;   -3.8;   -5.4;eor
       4559;20181220;-999;-999;-999;    3;   1.6;   4;-999;   0;  -999;   6.7;    -999;    2.2;   93.54;    4.8;   -0.1;   -0.2;eor
       4559;20181221;-999;-999;-999;    3;   7.2;   4;-999;   0;  -999;   7.9;    -999;    5.9;   83.63;    9.4;    3.6;    2.6;eor
       4559;20181222;-999;-999;-999;    3;  10.2;   4;-999;   0;  -999;   9.4;    -999;    8.2;   86.63;   10.0;    6.0;    4.0;eor
       4559;20181223;-999;-999;-999;    3;  24.7;   4;-999;   0;  -999;   8.6;    -999;    6.5;   89.33;    9.1;    5.3;    2.7;eor
       4559;20181224;-999;-999;-999;    3;   0.2;   4;-999;   0;  -999;   7.5;    -999;    3.6;   93.83;   10.5;    0.5;   -1.3;eor
       4559;20181225;-999;-999;-999;    3;   0.0;   0;-999;   0;  -999;   5.7;    -999;    1.0;   87.29;    1.8;    0.1;   -0.9;eor
       4559;20181226;-999;-999;-999;    3;   0.2;   4;-999;   0;  -999;   5.5;    -999;    0.6;   86.46;    4.1;   -2.6;   -5.1;eor
       4559;20181227;-999;-999;-999;    3;   0.0;   0;-999;   0;  -999;   6.3;    -999;    0.6;   97.83;    2.9;   -1.2;   -1.8;eor
       4559;20181228;-999;-999;-999;    3;   0.0;   0;-999;   0;  -999;   5.8;    -999;   -0.6;   99.50;    0.4;   -1.8;   -4.1;eor
       4559;20181229;-999;-999;-999;    3;   2.5;   4;-999;   0;  -999;   5.8;    -999;   -0.2;   96.67;    1.5;   -1.4;   -1.1;eor
       4559;20181230;-999;-999;-999;    3;   1.3;   4;-999;   0;  -999;   7.2;    -999;    3.5;   91.13;    5.5;    0.6;    0.0;eor
       4559;20181231;-999;-999;-999;    3;   1.3;   4;-999;   0;  -999;   8.1;    -999;    4.3;   97.04;    5.5;    3.8;    3.2;eor
       4559;20190101;-999;-999;-999;    3;   3.9;   4;-999;   0;  -999;   8.0;    -999;    4.9;   91.83;    5.8;    1.5;    0.6;eor
       4559;20190102;-999;-999;-999;    3;   1.5;   4;-999;   0;  -999;   5.3;    -999;   -0.1;   87.17;    2.2;   -2.5;   -6.3;eor
       4559;20190103;-999;-999;-999;    3;   0.6;   4;-999;   0;  -999;   4.2;    -999;   -1.7;   77.21;   -0.2;   -4.2;   -8.3;eor
       4559;20190104;-999;-999;-999;    3;   3.1;   4;-999;   2;  -999;   5.3;    -999;   -1.1;   93.83;    0.9;   -3.6;   -5.8;eor
       4559;20190105;-999;-999;-999;    3;   4.4;   4;-999;   4;  -999;   6.6;    -999;    1.5;   97.17;    3.1;    0.6;    0.0;eor
       4559;20190106;-999;-999;-999;    3;   0.3;   4;-999;   0;  -999;   6.8;    -999;    2.3;   94.13;    3.6;    1.1;    0.7;eor
       4559;20190107;-999;-999;-999;    3;   2.0;   4;-999;   0;  -999;   7.3;    -999;    3.1;   95.13;    4.1;    1.7;    0.8;eor
       4559;20190108;-999;-999;-999;    3;   5.9;   4;-999;   0;  -999;   6.6;    -999;    2.2;   91.83;    3.4;    0.7;    0.0;eor
       4559;20190109;-999;-999;-999;    3;   6.0;   4;-999;   1;  -999;   5.8;    -999;    0.2;   93.92;    1.7;   -0.8;   -1.1;eor
       4559;20190110;-999;-999;-999;    3;   0.4;   4;-999;  11;  -999;   5.2;    -999;   -1.2;   92.13;    1.2;   -9.5;  -14.7;eor
       4559;20190111;-999;-999;-999;    3;   7.5;   4;-999;   8;  -999;   4.4;    -999;   -3.6;   93.83;   -0.4;   -9.3;  -12.2;eor
       4559;20190112;-999;-999;-999;    3;   5.2;   4;-999;   7;  -999;   6.3;    -999;    1.3;   93.54;    2.0;   -0.5;   -0.8;eor
       4559;20190113;-999;-999;-999;    3;   7.7;   4;-999;   0;  -999;   7.0;    -999;    2.8;   93.79;    5.9;    1.2;    0.3;eor
       4559;20190114;-999;-999;-999;    3;   0.3;   4;-999;   0;  -999;   6.0;    -999;    2.6;   80.79;    5.1;   -0.3;   -1.9;eor
       4559;20190115;-999;-999;-999;    3;   0.0;   0;-999;   0;  -999;   5.5;    -999;    1.7;   80.08;    3.3;   -0.3;   -0.7;eor
       4559;20190116;-999;-999;-999;    3;   0.0;   0;-999;   0;  -999;   5.8;    -999;    3.0;   76.33;    5.3;    0.5;   -2.2;eor
       4559;20190117;-999;-999;-999;    3;   1.1;   4;-999;   0;  -999;   6.2;    -999;    3.5;   78.04;    7.1;   -0.2;   -2.2;eor
       4559;20190118;-999;-999;-999;    3;   0.0;   0;-999;   0;  -999;   4.8;    -999;   -0.9;   83.00;    3.1;   -6.6;   -9.5;eor
       4559;20190119;-999;-999;-999;    3;   0.0;   0;-999;   0;  -999;   3.6;    -999;   -4.9;   84.67;    0.3;   -8.5;  -10.8;eor
       4559;20190120;-999;-999;-999;    3;   0.0;   0;-999;   0;  -999;   3.3;    -999;   -6.5;   88.75;   -1.5;  -10.2;  -12.5;eor
       4559;20190121;-999;-999;-999;    3;   0.0;   0;-999;   0;  -999;   3.1;    -999;   -7.3;   88.17;    1.1;  -11.7;  -14.3;eor
       4559;20190122;-999;-999;-999;    3;   0.0;   0;-999;   0;  -999;   3.5;    -999;   -6.2;   90.21;   -3.1;  -10.4;  -12.7;eor
       4559;20190123;-999;-999;-999;    3;   0.3;   4;-999;   0;  -999;   3.5;    -999;   -5.9;   87.92;   -3.8;   -8.9;   -9.2;eor
       4559;20190124;-999;-999;-999;    3;   0.1;   4;-999;   1;  -999;   3.8;    -999;   -3.8;   83.04;   -2.9;   -5.0;   -6.6;eor
       4559;20190125;-999;-999;-999;    3;   0.3;   4;-999;   2;  -999;   3.8;    -999;   -4.1;   84.54;   -3.0;   -4.9;   -5.4;eor
       4559;20190126;-999;-999;-999;    3;   2.1;   4;-999;   3;  -999;   5.7;    -999;   -0.1;   91.83;    3.3;   -3.3;   -3.3;eor
       4559;20190127;-999;-999;-999;    3;   1.8;   4;-999;   0;  -999;   6.4;    -999;    3.3;   82.92;    4.8;    2.1;    1.6;eor
       4559;20190128;-999;-999;-999;    3;   2.0;   4;-999;   0;  -999;   5.8;    -999;    1.4;   86.04;    3.7;    0.1;   -0.4;eor
       4559;20190129;-999;-999;-999;    3;   0.3;   4;-999;   3;  -999;   4.8;    -999;   -1.5;   87.88;    1.3;   -9.2;  -11.7;eor
       4559;20190130;-999;-999;-999;    3;   0.0;   0;-999;   2;  -999;   3.8;    -999;   -3.8;   81.29;    1.8;  -11.2;  -13.6;eor
       4559;20190131;-999;-999;-999;    3;   0.0;   0;-999;   0;  -999;   4.1;    -999;   -2.6;   82.79;    3.7;   -7.1;   -9.2;eor
       4559;20190201;-999;-999;-999;    3;   0.0;   0;-999;   0;  -999;   4.9;    -999;   -0.7;   83.83;    1.3;   -4.9;   -5.0;eor
       4559;20190202;-999;-999;-999;    3;   8.8;   4;-999;   0;  -999;   6.3;    -999;    0.7;   96.83;    4.5;   -2.0;   -3.5;eor
       4559;20190203;-999;-999;-999;    3;  17.9;   4;-999;   4;  -999;   5.9;    -999;   -0.3;   98.79;    0.7;   -1.3;   -1.4;eor
       4559;20190204;-999;-999;-999;    3;   0.0;   0;-999;  22;  -999;   3.8;    -999;   -6.1;   93.29;    1.5;  -15.2;  -19.5;eor
       4559;20190205;-999;-999;-999;    3;   0.0;   4;-999;  19;  -999;   3.1;    -999;   -9.2;   94.67;   -3.7;  -17.3;  -21.8;eor
       4559;20190206;-999;-999;-999;    3;   0.0;   0;-999;  18;  -999;   4.3;    -999;   -4.1;   95.17;    0.2;   -6.0;   -7.6;eor
       4559;20190207;-999;-999;-999;    3;   4.2;   4;-999;  17;  -999;   4.7;    -999;   -3.2;   96.96;    0.9;   -7.3;   -7.3;eor
       4559;20190208;-999;-999;-999;    3;   0.0;   0;-999;  14;  -999;   6.3;    -999;    1.6;   91.96;    5.0;   -2.2;   -3.9;eor
       4559;20190209;-999;-999;-999;    3;   0.9;   4;-999;   7;  -999;   6.2;    -999;    4.6;   72.71;    7.1;   -1.1;   -2.4;eor
       4559;20190210;-999;-999;-999;    3;   3.8;   4;-999;   0;  -999;   6.4;    -999;    5.7;   69.88;    9.1;    2.4;    0.8;eor
       4559;20190211;-999;-999;-999;    3;   3.2;   4;-999;   0;  -999;   6.2;    -999;    2.4;   86.25;    4.8;   -0.6;   -2.6;eor
       4559;20190212;-999;-999;-999;    3;   0.7;   4;-999;   0;  -999;   5.6;    -999;    1.1;   83.63;    2.6;   -0.6;   -2.7;eor
       4559;20190213;-999;-999;-999;    3;   0.0;   0;-999;   0;  -999;   5.5;    -999;    2.3;   77.38;    7.8;   -2.7;   -4.5;eor
       4559;20190214;-999;-999;-999;    3;   0.0;   0;-999;   0;  -999;   5.2;    -999;    0.1;   85.96;    9.0;   -4.4;   -6.2;eor
       4559;20190215;-999;-999;-999;    3;   0.0;   0;-999;   0;  -999;   5.4;    -999;   -0.4;   89.88;    8.2;   -5.9;   -7.5;eor
       4559;20190216;-999;-999;-999;    3;   0.0;   0;-999;   0;  -999;   5.2;    -999;    0.0;   85.96;   10.0;   -5.7;   -7.6;eor
       4559;20190217;-999;-999;-999;    3;   0.0;   0;-999;   0;  -999;   5.1;    -999;    0.5;   84.08;   12.1;   -5.9;   -7.8;eor
       4559;20190218;-999;-999;-999;    3;   0.0;   0;-999;   0;  -999;   5.4;    -999;    0.0;   87.75;   10.9;   -6.3;   -8.1;eor
       4559;20190219;-999;-999;-999;    3;   0.2;   4;-999;   0;  -999;   5.9;    -999;    2.0;   84.50;    9.2;   -5.3;   -7.3;eor
       4559;20190220;-999;-999;-999;    3;   0.0;   0;-999;   0;  -999;   6.4;    -999;    1.6;   93.17;    7.7;   -3.6;   -5.2;eor
       4559;20190221;-999;-999;-999;    3;   0.9;   4;-999;   0;  -999;   7.0;    -999;    4.3;   85.00;   10.6;   -2.5;   -4.0;eor
       4559;20190222;-999;-999;-999;    3;   0.4;   4;-999;   0;  -999;   7.8;    -999;    5.8;   82.75;   10.1;   -1.8;   -3.5;eor
       4559;20190223;-999;-999;-999;    3;   0.0;   0;-999;   0;  -999;   3.8;    -999;   -1.3;   70.96;    4.6;   -5.5;   -7.4;eor
       4559;20190224;-999;-999;-999;    3;   0.0;   0;-999;   0;  -999;   3.7;    -999;   -1.9;   72.50;    6.1;   -7.0;   -8.7;eor
       4559;20190225;-999;-999;-999;    3;   0.0;   0;-999;   0;  -999;   5.6;    -999;    1.7;   81.00;   14.4;   -5.2;   -6.8;eor
       4559;20190226;-999;-999;-999;    3;   0.0;   0;-999;   0;  -999;   6.0;    -999;    3.7;   78.96;   15.2;   -3.7;   -5.3;eor
       4559;20190227;-999;-999;-999;    3;   0.0;   0;-999;   0;  -999;   6.3;    -999;    4.4;   78.17;   15.9;   -3.5;   -5.3;eor
       4559;20190228;-999;-999;-999;    3;   0.0;   0;-999;   0;  -999;   6.5;    -999;    7.5;   67.63;   17.2;   -2.6;   -4.8;eor
       4559;20190301;-999;-999;-999;    3;   3.8;   4;-999;   0;  -999;   8.7;    -999;    7.6;   83.58;    9.4;    5.5;    3.5;eor
       4559;20190302;-999;-999;-999;    3;   0.5;   4;-999;   0;  -999;   8.1;    -999;    5.7;   88.46;    6.9;    4.4;    3.8;eor
       4559;20190303;-999;-999;-999;    3;   0.0;   0;-999;   0;  -999;   8.3;    -999;    7.9;   77.75;   11.0;    4.9;    2.3;eor
       4559;20190304;-999;-999;-999;    3;   0.8;   4;-999;   0;  -999;   6.5;    -999;    9.1;   56.63;   15.6;    3.4;    1.9;eor
       4559;20190305;-999;-999;-999;    3;   1.3;   4;-999;   0;  -999;   6.9;    -999;    4.7;   80.88;    9.7;    2.2;   -0.6;eor
       4559;20190306;-999;-999;-999;    3;   0.0;   0;-999;   0;  -999;   7.3;    -999;    6.4;   77.46;   12.6;    0.7;   -1.6;eor
       4559;20190307;-999;-999;-999;    3;   1.6;   4;-999;   0;  -999;   7.6;    -999;    7.0;   76.63;   14.0;    2.0;   -0.5;eor
       4559;20190308;-999;-999;-999;    3;   0.1;   4;-999;   0;  -999;   6.7;    -999;    6.7;   69.33;   11.5;    2.0;   -1.3;eor
       4559;20190309;-999;-999;-999;    3;   2.9;   4;-999;   0;  -999;   7.7;    -999;    7.4;   74.42;   10.0;    4.1;    2.5;eor
       4559;20190310;-999;-999;-999;    3;  11.4;   4;-999;   0;  -999;   8.5;    -999;    8.4;   76.92;   13.1;    4.0;    3.3;eor
       4559;20190311;-999;-999;-999;    3;   2.1;   4;-999;   0;  -999;   5.7;    -999;    2.7;   76.54;    5.3;    0.8;    0.2;eor
       4559;20190312;-999;-999;-999;    3;   0.1;   4;-999;   0;  -999;   5.3;    -999;    4.1;   66.88;    7.5;    1.4;    0.7;eor
       4559;20190313;-999;-999;-999;    3;   0.1;   4;-999;   0;  -999;   5.6;    -999;    5.9;   60.46;    9.1;    2.8;    1.0;eor
       4559;20190314;-999;-999;-999;    3;   4.6;   4;-999;   0;  -999;   7.0;    -999;    4.0;   85.46;    5.8;    2.8;    1.5;eor
       4559;20190315;-999;-999;-999;    3;  19.0;   4;-999;   0;  -999;   8.7;    -999;    6.8;   87.29;   10.4;    3.6;    2.0;eor
       4559;20190316;-999;-999;-999;    3;   5.4;   4;-999;   0;  -999;   9.2;    -999;    7.2;   90.71;   12.0;    1.2;   -1.7;eor
       4559;20190317;-999;-999;-999;    3;   1.0;   4;-999;   0;  -999;   7.0;    -999;    8.9;   66.04;   16.5;    1.2;   -1.6;eor
       4559;20190318;-999;-999;-999;    3;   0.0;   0;-999;   0;  -999;   5.9;    -999;    3.6;   74.96;    8.1;   -1.9;   -4.6;eor
       4559;20190319;-999;-999;-999;    3;   0.0;   0;-999;   0;  -999;   5.3;    -999;    2.1;   76.88;    8.3;   -3.5;   -6.1;eor
       4559;20190320;-999;-999;-999;    3;   0.0;   0;-999;   0;  -999;   4.9;    -999;    3.2;   68.92;   10.8;   -2.8;   -5.6;eor
       4559;20190321;-999;-999;-999;    3;   0.0;   0;-999;   0;  -999;   5.1;    -999;    4.0;   69.71;   14.4;   -4.5;   -7.3;eor
       4559;20190322;-999;-999;-999;    3;   0.0;   0;-999;   0;  -999;   7.2;    -999;    6.6;   76.42;   17.1;   -2.6;   -5.3;eor
       4559;20190323;-999;-999;-999;    3;   0.0;   0;-999;   0;  -999;   7.8;    -999;    7.5;   78.88;   18.9;   -1.1;   -3.8;eor
       4559;20190324;-999;-999;-999;    3;   0.0;   0;-999;   0;  -999;   8.8;    -999;    8.3;   81.42;   14.9;    0.0;   -2.2;eor
       4559;20190325;-999;-999;-999;    3;   3.5;   4;-999;   0;  -999;   7.0;    -999;    4.5;   82.88;    8.9;    0.1;   -2.3;eor
       4559;20190326;-999;-999;-999;    3;   0.7;   4;-999;   0;  -999;   6.0;    -999;    3.4;   79.21;    8.4;   -1.4;   -4.3;eor
       4559;20190327;-999;-999;-999;    3;   0.0;   0;-999;   0;  -999;   7.1;    -999;    4.6;   84.54;    8.1;    2.2;    0.2;eor
       4559;20190328;-999;-999;-999;    3;   0.1;   4;-999;   0;  -999;   8.5;    -999;    6.5;   88.00;   10.0;    2.7;    1.2;eor
       4559;20190329;-999;-999;-999;    3;   0.0;   0;-999;   0;  -999;   8.0;    -999;    7.2;   81.17;   14.3;    0.2;   -3.0;eor
       4559;20190330;-999;-999;-999;    3;   0.0;   0;-999;   0;  -999;   7.3;    -999;    6.7;   78.50;   17.8;   -1.4;   -4.3;eor
       4559;20190331;-999;-999;-999;    3;   0.0;   0;-999;   0;  -999;   7.3;    -999;    8.8;   69.96;   18.6;   -1.5;   -4.4;eor
       4559;20190401;-999;-999;-999;    3;   0.0;   0;-999;   0;  -999;   7.5;    -999;    9.1;   65.46;   13.5;    5.3;    2.9;eor
       4559;20190402;-999;-999;-999;    3;   0.0;   0;-999;   0;  -999;   7.3;    -999;    8.1;   69.50;   18.1;   -1.7;   -4.1;eor
       4559;20190403;-999;-999;-999;    3;   0.0;   0;-999;   0;  -999;   7.3;    -999;   10.8;   61.50;   19.6;    0.7;   -1.6;eor
       4559;20190404;-999;-999;-999;    3;   0.0;   0;-999;   0;  -999;   7.4;    -999;   10.1;   65.96;   20.7;    0.1;   -2.6;eor
       4559;20190405;-999;-999;-999;    3;   0.0;   0;-999;   0;  -999;   8.6;    -999;    8.8;   76.46;   15.0;    3.9;   -0.1;eor
       4559;20190406;-999;-999;-999;    3;   0.0;   0;-999;   0;  -999;   8.2;    -999;    9.0;   74.13;   16.3;    1.1;   -2.0;eor
       4559;20190407;-999;-999;-999;    3;   0.0;   0;-999;   0;  -999;   7.6;    -999;    7.5;   75.04;   14.5;    0.7;   -2.5;eor
       4559;20190408;-999;-999;-999;    3;   7.5;   4;-999;   0;  -999;   8.7;    -999;    8.3;   81.00;   17.6;   -0.8;   -3.3;eor
       4559;20190409;-999;-999;-999;    3;   0.0;   0;-999;   0;  -999;  10.5;    -999;   10.7;   82.08;   17.6;    7.4;    4.3;eor
       4559;20190410;-999;-999;-999;    3;   0.0;   0;-999;   0;  -999;   7.4;    -999;    7.3;   72.83;   10.6;    4.1;    1.8;eor
       4559;20190411;-999;-999;-999;    3;   0.0;   0;-999;   0;  -999;   5.2;    -999;    4.8;   61.21;    9.2;    1.0;   -0.8;eor
       4559;20190412;-999;-999;-999;    3;   0.0;   0;-999;   0;  -999;   4.5;    -999;    3.0;   59.79;    7.6;   -2.0;   -5.0;eor
       4559;20190413;-999;-999;-999;    3;   0.0;   0;-999;   0;  -999;   4.8;    -999;    3.5;   62.71;    9.1;   -1.2;   -4.3;eor
       4559;20190414;-999;-999;-999;    3;   0.0;   0;-999;   0;  -999;   6.1;    -999;    4.0;   73.92;    8.1;    0.1;   -3.9;eor
       4559;20190415;-999;-999;-999;    3;   0.0;   0;-999;   0;  -999;   6.1;    -999;    7.6;   62.92;   14.4;   -1.6;   -5.2;eor
       4559;20190416;-999;-999;-999;    3;   0.0;   0;-999;   0;  -999;   5.3;    -999;    7.1;   59.08;   16.2;   -3.5;   -7.3;eor
       4559;20190417;-999;-999;-999;    3;   0.0;   0;-999;   0;  -999;   5.8;    -999;    8.0;   60.38;   16.9;   -2.5;   -6.1;eor
       4559;20190418;-999;-999;-999;    3;   0.0;   0;-999;   0;  -999;   7.1;    -999;   10.0;   62.96;   19.2;   -1.3;   -4.3;eor
       4559;20190419;-999;-999;-999;    3;   0.0;   0;-999;   0;  -999;   7.2;    -999;   11.5;   58.79;   21.8;    0.3;   -3.4;eor
       4559;20190420;-999;-999;-999;    3;   0.0;   0;-999;   0;  -999;   6.0;    -999;   10.5;   56.75;   21.8;   -1.3;   -5.0;eor
       4559;20190421;-999;-999;-999;    3;   0.0;   0;-999;   0;  -999;   6.2;    -999;   10.4;   56.75;   21.1;   -1.4;   -5.2;eor
       4559;20190422;-999;-999;-999;    3;   0.0;   0;-999;   0;  -999;   6.7;    -999;   11.5;   55.71;   20.8;   -0.7;   -4.4;eor
       4559;20190423;-999;-999;-999;    3;   0.0;   0;-999;   0;  -999;   9.1;    -999;   13.2;   61.04;   20.1;    6.0;    0.8;eor
       4559;20190424;-999;-999;-999;    3;   0.0;   0;-999;   0;  -999;   9.8;    -999;   15.2;   61.00;   25.1;    2.5;   -1.2;eor
       4559;20190425;-999;-999;-999;    3;   0.0;   0;-999;   0;  -999;   8.1;    -999;   14.3;   57.21;   25.0;    1.9;   -1.5;eor
       4559;20190426;-999;-999;-999;    3;   3.8;   4;-999;   0;  -999;   9.2;    -999;    9.4;   78.75;   18.8;    3.6;   -0.3;eor
       4559;20190427;-999;-999;-999;    3;   4.9;   4;-999;   0;  -999;   9.6;    -999;    9.2;   83.21;   15.0;    4.4;    1.4;eor
       4559;20190428;-999;-999;-999;    3;   0.0;   0;-999;   0;  -999;   7.2;    -999;    6.5;   76.04;   12.1;    0.9;   -2.5;eor
       4559;20190429;-999;-999;-999;    3;   9.4;   4;-999;   0;  -999;   8.3;    -999;    5.8;   89.88;    9.6;    1.0;   -0.8;eor
       4559;20190430;-999;-999;-999;    3;   0.0;   0;-999;   0;  -999;   9.2;    -999;   10.2;   75.88;   17.7;    2.2;   -1.9;eor
       4559;20190501;-999;-999;-999;    3;   0.2;   4;-999;-999;  -999;   8.6;    -999;    8.2;   79.50;   17.0;   -1.3;   -3.4;eor
       4559;20190502;-999;-999;-999;    3;   1.0;   4;-999;-999;  -999;   8.7;    -999;   11.0;   69.79;   19.7;    0.8;   -1.2;eor
       4559;20190503;-999;-999;-999;    3;   0.5;   4;-999;-999;  -999;   9.2;    -999;    9.7;   76.83;   15.1;    2.7;   -1.7;eor
       4559;20190504;-999;-999;-999;    3;   1.9;   4;-999;-999;  -999;   7.4;    -999;    4.9;   85.71;   11.9;    0.2;   -2.4;eor
       4559;20190505;-999;-999;-999;    3;   1.3;   4;-999;-999;  -999;   6.2;    -999;    3.6;   79.46;    8.9;   -1.8;   -2.2;eor
       4559;20190506;-999;-999;-999;    3;   0.0;   0;-999;-999;  -999;   5.9;    -999;    4.0;   74.71;   10.2;   -2.9;   -4.6;eor
       4559;20190507;-999;-999;-999;    3;   0.0;   0;-999;-999;  -999;   6.1;    -999;    5.2;   72.58;   12.0;   -2.4;   -3.9;eor
       4559;20190508;-999;-999;-999;    3;   0.9;   4;-999;-999;  -999;   7.8;    -999;    8.4;   73.46;   16.3;   -2.4;   -4.2;eor
       4559;20190509;-999;-999;-999;    3;   3.0;   4;-999;-999;  -999;   9.9;    -999;   11.0;   76.04;   15.5;    8.2;    6.9;eor
       4559;20190510;-999;-999;-999;    3;   0.0;   0;-999;-999;  -999;  10.0;    -999;   11.9;   73.04;   17.3;    7.0;    3.9;eor
       4559;20190511;-999;-999;-999;    3;   4.3;   4;-999;-999;  -999;  11.3;    -999;   11.3;   84.08;   17.3;    7.5;    6.7;eor
       4559;20190512;-999;-999;-999;    3;   0.0;   4;-999;-999;  -999;   8.2;    -999;    8.2;   75.58;   10.5;    5.6;    5.1;eor
       4559;20190513;-999;-999;-999;    3;   0.0;   0;-999;-999;  -999;   6.4;    -999;    8.5;   61.75;   14.6;   -0.4;   -2.1;eor
       4559;20190514;-999;-999;-999;    3;   1.3;   4;-999;-999;  -999;   6.4;    -999;    4.8;   77.46;   11.9;   -2.1;   -3.5;eor
       4559;20190515;-999;-999;-999;    3;   2.3;   4;-999;-999;  -999;   7.2;    -999;    5.9;   78.71;    8.6;    3.2;    3.2;eor
       4559;20190516;-999;-999;-999;    3;   5.5;   4;-999;-999;  -999;   9.1;    -999;    6.7;   92.38;    9.3;    4.7;    4.9;eor
       4559;20190517;-999;-999;-999;    3;   0.0;   0;-999;-999;  -999;  10.2;    -999;   10.8;   80.04;   17.1;    4.6;    2.0;eor
       4559;20190518;-999;-999;-999;    3;   0.0;   0;-999;-999;  -999;  10.9;    -999;   12.0;   78.83;   19.7;    2.4;    0.4;eor
       4559;20190519;-999;-999;-999;    3;   0.1;   4;-999;-999;  -999;  11.3;    -999;   13.9;   74.29;   22.4;    4.4;    2.3;eor
       4559;20190520;-999;-999;-999;    3;  14.1;   4;-999;-999;  -999;  13.3;    -999;   12.4;   91.83;   15.4;    7.4;    5.7;eor
       4559;20190521;-999;-999;-999;    3;   4.7;   4;-999;-999;  -999;  13.9;    -999;   12.9;   93.17;   14.9;   11.4;   11.4;eor
       4559;20190522;-999;-999;-999;    3;   0.1;   4;-999;-999;  -999;  12.8;    -999;   12.3;   89.42;   15.3;    8.0;    4.8;eor
       4559;20190523;-999;-999;-999;    3;   0.0;   0;-999;-999;  -999;  10.0;    -999;   11.5;   76.54;   19.3;    3.9;    1.4;eor
       4559;20190524;-999;-999;-999;    3;   0.0;   0;-999;-999;  -999;  10.3;    -999;   13.1;   72.67;   22.0;    3.5;    1.7;eor
       4559;20190525;-999;-999;-999;    3;   0.3;   4;-999;-999;  -999;  11.8;    -999;   14.4;   75.21;   21.8;    7.5;    4.9;eor
       4559;20190526;-999;-999;-999;    3;   0.0;   0;-999;-999;  -999;  12.2;    -999;   14.7;   75.46;   23.0;    6.5;    4.9;eor
       4559;20190527;-999;-999;-999;    3;   8.3;   4;-999;-999;  -999;  12.5;    -999;   15.4;   74.25;   23.2;    5.9;    4.2;eor
       4559;20190528;-999;-999;-999;    3;  16.5;   4;-999;-999;  -999;  13.8;    -999;   12.9;   92.63;   16.2;    9.1;    8.5;eor
       4559;20190529;-999;-999;-999;    3;   3.1;   4;-999;-999;  -999;  11.0;    -999;    9.9;   90.33;   12.6;    5.2;    3.5;eor
       4559;20190530;-999;-999;-999;    3;   0.0;   0;-999;-999;  -999;   9.4;    -999;   11.5;   74.50;   20.0;    4.1;    3.7;eor
       4559;20190531;-999;-999;-999;    3;   0.0;   0;-999;-999;  -999;  13.1;    -999;   14.8;   78.83;   21.4;    7.9;    7.6;eor
       4559;20190601;-999;-999;-999;    3;   0.0;   0;-999;-999;  -999;  13.9;    -999;   18.2;   70.96;   26.7;    9.7;    8.0;eor
       4559;20190602;-999;-999;-999;    3;   0.0;   0;-999;-999;  -999;  14.2;    -999;   19.1;   69.33;   28.3;    8.7;    7.1;eor
       4559;20190603;-999;-999;-999;    3;   0.0;   0;-999;-999;  -999;  13.8;    -999;   19.8;   65.54;   28.4;    8.9;    7.3;eor
       4559;20190604;-999;-999;-999;    3;   0.0;   0;-999;-999;  -999;  14.3;    -999;   19.7;   67.33;   29.2;   10.3;    8.9;eor
       4559;20190605;-999;-999;-999;    3;   0.0;   0;-999;-999;  -999;  15.2;    -999;   20.3;   68.38;   29.3;    9.7;    8.2;eor
       4559;20190606;-999;-999;-999;    3;   0.1;   4;-999;-999;  -999;  14.0;    -999;   17.8;   69.96;   23.9;   10.3;    7.4;eor
       4559;20190607;-999;-999;-999;    3;   0.0;   0;-999;-999;  -999;  14.7;    -999;   17.9;   73.13;   27.2;    8.1;    5.3;eor
       4559;20190608;-999;-999;-999;    3;   0.0;   0;-999;-999;  -999;  10.1;    -999;   15.3;   59.67;   20.7;    7.4;    4.5;eor
       4559;20190609;-999;-999;-999;    3;   0.1;   4;-999;-999;  -999;  12.7;    -999;   17.3;   67.63;   27.3;    5.0;    2.0;eor
       4559;20190610;-999;-999;-999;    3;   2.7;   4;-999;-999;  -999;  16.2;    -999;   18.7;   77.88;   27.2;   11.5;    9.7;eor
       4559;20190611;-999;-999;-999;    3;   0.0;   0;-999;-999;  -999;  18.0;    -999;   18.6;   84.21;   27.7;   11.8;   10.1;eor
       4559;20190612;-999;-999;-999;    3;   9.0;   4;-999;-999;  -999;  15.9;    -999;   19.8;   72.58;   30.3;   11.7;    8.7;eor
       4559;20190613;-999;-999;-999;    3;   0.0;   0;-999;-999;  -999;  14.5;    -999;   17.8;   73.33;   26.1;   11.6;    8.4;eor
       4559;20190614;-999;-999;-999;    3;   0.0;   0;-999;-999;  -999;  15.4;    -999;   20.8;   68.08;   31.7;    8.8;    5.6;eor
       4559;20190615;-999;-999;-999;    3;  12.9;   4;-999;-999;  -999;  16.3;    -999;   22.2;   63.75;   28.2;   15.0;   12.6;eor
       4559;20190616;-999;-999;-999;    3;   3.0;   4;-999;-999;  -999;  16.6;    -999;   16.2;   90.17;   20.1;   11.6;   10.0;eor
       4559;20190617;-999;-999;-999;    3;   0.0;   0;-999;-999;  -999;  15.0;    -999;   18.8;   72.79;   25.3;   11.6;   10.9;eor
       4559;20190618;-999;-999;-999;    3;   0.0;   0;-999;-999;  -999;  15.9;    -999;   19.7;   72.29;   28.0;   10.8;    8.1;eor
       4559;20190619;-999;-999;-999;    3;   0.4;   4;-999;-999;  -999;  16.0;    -999;   20.7;   69.67;   29.4;   12.5;   10.9;eor
       4559;20190620;-999;-999;-999;    3;   0.3;   4;-999;-999;  -999;  16.0;    -999;   18.9;   74.63;   25.1;   12.2;    9.9;eor
       4559;20190621;-999;-999;-999;    3;   0.0;   0;-999;-999;  -999;  15.5;    -999;   18.3;   76.63;   25.3;   10.8;    8.5;eor
       4559;20190622;-999;-999;-999;    3;   0.8;   4;-999;-999;  -999;  16.7;    -999;   19.4;   75.00;   25.7;   14.9;   13.5;eor
       4559;20190623;-999;-999;-999;    3;   0.0;   0;-999;-999;  -999;  17.1;    -999;   18.7;   80.25;   23.8;   14.1;   11.8;eor
       4559;20190624;-999;-999;-999;    3;   0.0;   0;-999;-999;  -999;  15.9;    -999;   20.8;   68.79;   28.7;   11.6;    9.0;eor
       4559;20190625;-999;-999;-999;    3;   0.0;   0;-999;-999;  -999;  18.0;    -999;   22.3;   70.25;   31.6;   10.4;    7.6;eor
       4559;20190626;-999;-999;-999;    3;   0.0;   0;-999;-999;  -999;  19.0;    -999;   25.1;   64.88;   35.4;   12.6;    9.6;eor
       4559;20190627;-999;-999;-999;    3;   0.0;   0;-999;-999;  -999;  16.1;    -999;   23.7;   59.46;   32.1;   12.0;    7.8;eor
       4559;20190628;-999;-999;-999;    3;   0.0;   0;-999;-999;  -999;  11.6;    -999;   20.2;   51.79;   27.9;   11.9;    6.8;eor
       4559;20190629;-999;-999;-999;    3;   0.0;   0;-999;-999;  -999;  11.7;    -999;   20.8;   54.08;   30.6;    8.9;    5.5;eor
       4559;20190630;-999;-999;-999;    3;   0.0;   0;-999;-999;  -999;  13.9;    -999;   23.1;   56.13;   34.1;    8.7;    4.6;eor
       4559;20190701;-999;-999;-999;    3;   4.8;   4;-999;-999;  -999;  18.9;    -999;   22.6;   72.04;   33.8;   15.7;   12.3;eor
       4559;20190702;-999;-999;-999;    3;   0.0;   0;-999;-999;  -999;  13.7;    -999;   21.0;   59.67;   27.7;   13.5;    9.4;eor
       4559;20190703;-999;-999;-999;    3;   0.0;   0;-999;-999;  -999;   9.6;    -999;   19.0;   45.38;   25.5;   12.4;    9.9;eor
       4559;20190704;-999;-999;-999;    3;   0.0;   0;-999;-999;  -999;   9.5;    -999;   18.7;   47.46;   27.5;    9.8;    5.7;eor
       4559;20190705;-999;-999;-999;    3;   0.0;   0;-999;-999;  -999;  10.9;    -999;   17.4;   59.88;   26.8;    8.0;    5.1;eor
       4559;20190706;-999;-999;-999;    3;   0.4;   4;-999;-999;  -999;  10.4;    -999;   21.1;   49.13;   31.5;    8.6;    5.9;eor
       4559;20190707;-999;-999;-999;    3;   0.0;   0;-999;-999;  -999;  13.6;    -999;   17.9;   66.17;   23.6;   12.0;    8.2;eor
       4559;20190708;-999;-999;-999;    3;   0.0;   0;-999;-999;  -999;   8.7;    -999;   15.6;   53.00;   22.9;    6.1;    2.6;eor
       4559;20190709;-999;-999;-999;    3;   0.0;   0;-999;-999;  -999;   8.5;    -999;   14.4;   55.54;   21.5;    5.9;    1.5;eor
       4559;20190710;-999;-999;-999;    3;   0.0;   0;-999;-999;  -999;   8.6;    -999;   14.0;   59.08;   23.5;    2.9;   -0.3;eor
       4559;20190711;-999;-999;-999;    3;   1.5;   4;-999;-999;  -999;  11.3;    -999;   15.2;   67.71;   22.3;    7.3;    4.0;eor
       4559;20190712;-999;-999;-999;    3;  33.0;   4;-999;-999;  -999;  15.3;    -999;   16.7;   81.63;   23.7;   13.2;   11.8;eor
       4559;20190713;-999;-999;-999;    3;   0.8;   4;-999;-999;  -999;  15.5;    -999;   15.2;   90.13;   19.3;   13.1;   13.2;eor
       4559;20190714;-999;-999;-999;    3;   0.3;   4;-999;-999;  -999;  15.1;    -999;   15.9;   84.13;   20.3;   11.3;    9.3;eor
       4559;20190715;-999;-999;-999;    3;   0.0;   0;-999;-999;  -999;  13.8;    -999;   17.7;   70.75;   24.4;   11.7;    9.2;eor
       4559;20190716;-999;-999;-999;    3;   0.0;   0;-999;-999;  -999;  12.8;    -999;   16.5;   71.92;   24.6;    9.1;    6.4;eor
       4559;20190717;-999;-999;-999;    3;   0.0;   0;-999;-999;  -999;  12.7;    -999;   17.8;   67.58;   26.5;    8.5;    6.5;eor
       4559;20190718;-999;-999;-999;    3;   0.3;   4;-999;-999;  -999;  12.8;    -999;   18.9;   64.17;   26.9;    8.7;    6.1;eor
       4559;20190719;-999;-999;-999;    3;   0.0;   0;-999;-999;  -999;  15.2;    -999;   20.2;   67.29;   26.4;   12.4;    9.6;eor
       4559;20190720;-999;-999;-999;    3;   6.9;   4;-999;-999;  -999;  15.7;    -999;   23.1;   60.25;   31.1;   13.8;   11.1;eor
       4559;20190721;-999;-999;-999;    3;   2.4;   4;-999;-999;  -999;  19.0;    -999;   19.7;   82.83;   24.8;   15.4;   13.3;eor
       4559;20190722;-999;-999;-999;    3;   0.0;   0;-999;-999;  -999;  16.3;    -999;   21.0;   70.54;   29.4;   13.4;   11.9;eor
       4559;20190723;-999;-999;-999;    3;   0.0;   0;-999;-999;  -999;  15.6;    -999;   22.0;   65.08;   31.5;   12.3;   10.4;eor
       4559;20190724;-999;-999;-999;    3;   0.0;   0;-999;-999;  -999;  15.7;    -999;   24.1;   59.96;   33.9;   13.3;   11.3;eor
       4559;20190725;-999;-999;-999;    3;   0.0;   0;-999;-999;  -999;  15.4;    -999;   24.7;   58.08;   35.2;   14.6;   12.3;eor
       4559;20190726;-999;-999;-999;    3;   0.0;   0;-999;-999;  -999;  13.5;    -999;   25.5;   48.46;   34.7;   13.4;   11.0;eor
       4559;20190727;-999;-999;-999;    3;   0.2;   4;-999;-999;  -999;  16.4;    -999;   21.7;   63.50;   27.3;   17.7;   15.4;eor
       4559;20190728;-999;-999;-999;    3;   0.0;   0;-999;-999;  -999;  18.1;    -999;   20.3;   77.25;   24.9;   14.7;   12.5;eor
       4559;20190729;-999;-999;-999;    3;   0.0;   0;-999;-999;  -999;  19.5;    -999;   21.2;   77.79;   25.5;   18.4;   15.4;eor
       4559;20190730;-999;-999;-999;    3;   0.0;   0;-999;-999;  -999;  18.0;    -999;   21.5;   71.79;   27.8;   14.9;   11.9;eor
       4559;20190731;-999;-999;-999;    3;   3.4;   4;-999;-999;  -999;  17.1;    -999;   17.7;   84.71;   21.7;   13.5;   10.8;eor
       4559;20190801;-999;-999;-999;    3;   0.0;   0;-999;-999;  -999;  14.6;    -999;   19.5;   68.33;   26.8;   12.3;    9.0;eor
       4559;20190802;-999;-999;-999;    3;   0.0;   0;-999;-999;  -999;  12.7;    -999;   19.3;   60.88;   27.1;   11.1;    9.4;eor
       4559;20190803;-999;-999;-999;    3;   5.9;   4;-999;-999;  -999;  14.6;    -999;   17.1;   75.79;   23.9;   12.4;    9.7;eor
       4559;20190804;-999;-999;-999;    3;   0.0;   0;-999;-999;  -999;  14.3;    -999;   17.6;   75.96;   26.4;   11.9;    9.7;eor
       4559;20190805;-999;-999;-999;    3;   1.2;   4;-999;-999;  -999;  15.3;    -999;   18.6;   73.88;   25.5;   10.6;    8.6;eor
       4559;20190806;-999;-999;-999;    3;   9.9;   4;-999;-999;  -999;  18.9;    -999;   19.5;   84.75;   26.8;   16.1;   15.2;eor
       4559;20190807;-999;-999;-999;    3;  16.8;   4;-999;-999;  -999;  18.9;    -999;   17.5;   94.04;   21.1;   14.8;   14.0;eor
       4559;20190808;-999;-999;-999;    3;   0.0;   0;-999;-999;  -999;  16.1;    -999;   18.4;   78.63;   25.1;   13.2;   10.8;eor
       4559;20190809;-999;-999;-999;    3;   3.2;   4;-999;-999;  -999;  16.3;    -999;   21.0;   69.96;   29.1;   10.9;    8.8;eor
       4559;20190810;-999;-999;-999;    3;  10.3;   4;-999;-999;  -999;  20.2;    -999;   19.2;   90.79;   21.9;   15.3;   13.5;eor
       4559;20190811;-999;-999;-999;    3;  11.9;   4;-999;-999;  -999;  17.9;    -999;   20.7;   77.00;   27.7;   14.4;   12.4;eor
       4559;20190812;-999;-999;-999;    3;   6.7;   4;-999;-999;  -999;  16.4;    -999;   15.4;   93.38;   17.4;   13.8;   13.7;eor
       4559;20190813;-999;-999;-999;    3;   0.0;   0;-999;-999;  -999;  14.6;    -999;   16.3;   79.79;   20.0;   13.4;   12.1;eor
       4559;20190814;-999;-999;-999;    3;   0.0;   0;-999;-999;  -999;  12.2;    -999;   14.3;   77.17;   21.1;    8.0;    5.9;eor
       4559;20190815;-999;-999;-999;    3;   0.4;   4;-999;-999;  -999;  13.3;    -999;   14.6;   80.75;   21.4;    6.1;    4.8;eor
       4559;20190816;-999;-999;-999;    3;   0.0;   0;-999;-999;  -999;  14.0;    -999;   16.4;   76.63;   22.4;    9.0;    6.6;eor
       4559;20190817;-999;-999;-999;    3;   0.0;   0;-999;-999;  -999;  14.3;    -999;   16.6;   76.29;   22.5;    7.9;    5.9;eor
       4559;20190818;-999;-999;-999;    3;   5.8;   4;-999;-999;  -999;  16.7;    -999;   22.4;   64.38;   30.3;   14.5;   13.1;eor
       4559;20190819;-999;-999;-999;    3;   1.9;   4;-999;-999;  -999;  19.3;    -999;   18.6;   90.04;   23.2;   16.7;   14.6;eor
       4559;20190820;-999;-999;-999;    3;  15.7;   4;-999;-999;  -999;  18.4;    -999;   17.4;   92.21;   22.5;   13.8;   13.7;eor
       4559;20190821;-999;-999;-999;    3;   0.0;   0;-999;-999;  -999;  13.7;    -999;   15.7;   79.33;   21.5;   10.8;    9.0;eor
       4559;20190822;-999;-999;-999;    3;   0.0;   0;-999;-999;  -999;  13.6;    -999;   15.7;   79.17;   22.2;    9.1;    6.7;eor
       4559;20190823;-999;-999;-999;    3;   0.0;   0;-999;-999;  -999;  15.3;    -999;   17.8;   77.21;   24.9;   10.1;    7.4;eor
       4559;20190824;-999;-999;-999;    3;   0.0;   0;-999;-999;  -999;  18.2;    -999;   20.5;   76.33;   27.1;   13.9;   11.8;eor
       4559;20190825;-999;-999;-999;    3;   0.0;   0;-999;-999;  -999;  18.5;    -999;   20.3;   80.08;   27.9;   13.8;   11.8;eor
       4559;20190826;-999;-999;-999;    3;   0.0;   0;-999;-999;  -999;  18.5;    -999;   19.3;   84.00;   27.8;   13.0;   10.9;eor
       4559;20190827;-999;-999;-999;    3;   0.0;   0;-999;-999;  -999;  18.1;    -999;   20.6;   77.79;   28.9;   13.3;   11.3;eor
       4559;20190828;-999;-999;-999;    3;   0.0;   0;-999;-999;  -999;  17.7;    -999;   20.2;   78.46;   29.9;   12.7;   10.6;eor
       4559;20190829;-999;-999;-999;    3;   0.0;   0;-999;-999;  -999;  18.3;    -999;   20.0;   79.92;   27.4;   13.6;   11.2;eor
       4559;20190830;-999;-999;-999;    3;   0.0;   4;-999;-999;  -999;  19.2;    -999;   19.9;   84.04;   28.2;   13.6;   11.2;eor
       4559;20190831;-999;-999;-999;    3;   0.0;   0;-999;-999;  -999;  17.4;    -999;   20.4;   76.67;   29.9;   12.9;   10.7;eor
       4559;20190901;-999;-999;-999;    3;   0.0;   0;-999;-999;  -999;  16.2;    -999;   20.7;   68.71;   28.3;   13.2;   10.7;eor
       4559;20190902;-999;-999;-999;    3;   0.0;   0;-999;-999;  -999;  12.4;    -999;   16.1;   69.17;   21.0;    7.9;    4.5;eor
       4559;20190903;-999;-999;-999;    3;   0.0;   0;-999;-999;  -999;  10.2;    -999;   13.3;   72.17;   22.7;    4.9;    1.7;eor
       4559;20190904;-999;-999;-999;    3;   0.0;   0;-999;-999;  -999;  10.4;    -999;   14.3;   69.58;   24.8;    4.1;    1.2;eor
       4559;20190905;-999;-999;-999;    3;   0.1;   4;-999;-999;  -999;  12.0;    -999;   13.3;   79.00;   19.8;    5.9;    3.1;eor
       4559;20190906;-999;-999;-999;    3;   1.3;   4;-999;-999;  -999;  11.1;    -999;   13.5;   73.25;   18.0;    7.6;    4.3;eor
       4559;20190907;-999;-999;-999;    3;   2.0;   4;-999;-999;  -999;  13.0;    -999;   12.5;   90.00;   17.0;    8.8;    5.8;eor
       4559;20190908;-999;-999;-999;    3;  20.5;   4;-999;-999;  -999;  12.6;    -999;   11.4;   94.13;   15.7;    7.7;    5.0;eor
       4559;20190909;-999;-999;-999;    3;   3.9;   4;-999;-999;  -999;  12.5;    -999;   11.4;   92.63;   14.0;    7.2;    4.1;eor
       4559;20190910;-999;-999;-999;    3;   0.0;   0;-999;-999;  -999;  11.6;    -999;   12.2;   84.04;   19.0;    6.6;    3.4;eor
       4559;20190911;-999;-999;-999;    3;   0.0;   0;-999;-999;  -999;  11.5;    -999;   12.3;   83.04;   21.6;    6.5;    3.6;eor
       4559;20190912;-999;-999;-999;    3;   0.0;   0;-999;-999;  -999;  -999;    -999;   14.5;-999;   22.2;    6.4;    3.3;eor
       4559;20190913;-999;-999;-999;    3;   0.0;   0;-999;-999;  -999;  -999;    -999;   15.9;-999;   22.8;    8.7;    5.8;eor
       4559;20190914;-999;-999;-999;    3;   0.0;   0;-999;-999;  -999;  -999;    -999;   16.3;-999;   21.6;    9.7;    6.5;eor
       4559;20190915;-999;-999;-999;    3;   0.0;   0;-999;-999;  -999;  -999;    -999;   15.6;-999;   24.3;    7.2;    4.9;eor
       4559;20190916;-999;-999;-999;    3;   1.0;   4;-999;-999;  -999;  -999;    -999;   15.4;-999;   24.8;    6.5;    3.7;eor
       4559;20190917;-999;-999;-999;    3;   1.0;   4;-999;-999;  -999;  -999;    -999;   13.7;-999;   18.1;    5.9;    2.0;eor
       4559;20190918;-999;-999;-999;    3;   0.0;   0;-999;-999;  -999;   8.0;    -999;    8.8;   74.21;   16.2;    1.7;   -1.5;eor
       4559;20190919;-999;-999;-999;    3;   0.0;   0;-999;-999;  -999;   7.1;    -999;    7.3;   73.92;   15.2;    0.9;   -2.3;eor
       4559;20190920;-999;-999;-999;    3;   0.0;   0;-999;-999;  -999;   6.9;    -999;    6.9;   73.96;   16.7;   -0.9;   -3.7;eor
       4559;20190921;-999;-999;-999;    3;   0.0;   0;-999;-999;  -999;   8.4;    -999;    9.6;   73.63;   20.7;   -0.4;   -3.0;eor
       4559;20190922;-999;-999;-999;    3;   0.0;   0;-999;-999;  -999;  10.2;    -999;   11.7;   74.92;   19.5;    2.1;   -0.9;eor
       4559;20190923;-999;-999;-999;    3;   1.1;   4;-999;-999;  -999;  13.4;    -999;   12.8;   89.88;   16.2;    8.1;    5.1;eor
       4559;20190924;-999;-999;-999;    3;   1.8;   4;-999;-999;  -999;  13.8;    -999;   14.6;   83.71;   19.3;   11.6;    9.4;eor
       4559;20190925;-999;-999;-999;    3;   3.1;   4;-999;-999;  -999;  13.7;    -999;   14.2;   84.33;   18.0;   12.3;   11.1;eor
       4559;20190926;-999;-999;-999;    3;   0.9;   4;-999;-999;  -999;  14.3;    -999;   14.8;   84.96;   18.1;   12.1;   11.6;eor
       4559;20190927;-999;-999;-999;    3;   5.8;   4;-999;-999;  -999;  15.0;    -999;   15.6;   85.17;   19.6;   11.4;    8.5;eor
       4559;20190928;-999;-999;-999;    3;   0.0;   0;-999;-999;  -999;  12.5;    -999;   14.6;   75.79;   18.8;   10.1;    7.7;eor
       4559;20190929;-999;-999;-999;    3;   0.3;   4;-999;-999;  -999;  11.8;    -999;   16.1;   65.54;   21.3;   11.3;    9.4;eor
       4559;20190930;-999;-999;-999;    3;   0.6;   4;-999;-999;  -999;  11.2;    -999;   14.2;   69.54;   18.2;    6.9;    3.7;eor
       4559;20191001;-999;-999;-999;    3;   0.9;   4;-999;   0;  -999;  12.3;    -999;   14.4;   74.92;   20.5;    7.3;    4.1;eor
       4559;20191002;-999;-999;-999;    3;   6.2;   4;-999;   0;  -999;  12.2;    -999;   11.8;   86.33;   16.0;    4.0;    0.7;eor
       4559;20191003;-999;-999;-999;    3;   0.8;   4;-999;   0;  -999;   8.8;    -999;    6.9;   87.58;    9.6;    4.7;    1.9;eor
       4559;20191004;-999;-999;-999;    3;   7.0;   4;-999;   0;  -999;   9.5;    -999;    8.7;   85.08;   11.2;    5.7;    4.1;eor
       4559;20191005;-999;-999;-999;    3;   4.1;   4;-999;   0;  -999;   9.8;    -999;    9.3;   82.88;   11.5;    6.6;    6.2;eor
       4559;20191006;-999;-999;-999;    3;   2.3;   4;-999;   0;  -999;   8.6;    -999;    7.6;   83.08;   10.8;    3.8;    1.8;eor
       4559;20191007;-999;-999;-999;    3;   0.0;   0;-999;   0;  -999;   8.7;    -999;    7.9;   82.29;   12.1;    4.9;    3.9;eor
       4559;20191008;-999;-999;-999;    3;  13.0;   4;-999;   0;  -999;  11.1;    -999;   10.4;   86.88;   13.6;    7.8;    7.3;eor
       4559;20191009;-999;-999;-999;    3;  12.0;   4;-999;   0;  -999;  12.0;    -999;   11.6;   87.42;   13.8;    9.1;    7.4;eor
       4559;20191010;-999;-999;-999;    3;   2.0;   4;-999;   0;  -999;  10.0;    -999;   10.1;   80.92;   12.9;    8.2;    5.7;eor
       4559;20191011;-999;-999;-999;    3;   0.0;   0;-999;   0;  -999;  10.5;    -999;   11.2;   79.21;   16.3;    7.5;    5.4;eor
       4559;20191012;-999;-999;-999;    3;   0.0;   0;-999;   0;  -999;  11.3;    -999;   13.8;   72.42;   19.1;    9.3;    6.5;eor
       4559;20191013;-999;-999;-999;    3;   0.0;   0;-999;   0;  -999;  12.3;    -999;   14.5;   76.71;   23.4;    8.2;    5.9;eor
       4559;20191014;-999;-999;-999;    3;   0.1;   4;-999;   0;  -999;  12.8;    -999;   14.6;   79.04;   23.2;    7.3;    4.5;eor
       4559;20191015;-999;-999;-999;    3;   5.0;   4;-999;   0;  -999;  12.4;    -999;   11.2;   92.96;   15.4;    6.6;    4.1;eor
       4559;20191016;-999;-999;-999;    3;   0.1;   4;-999;   0;  -999;  10.4;    -999;   11.6;   76.38;   15.7;    6.1;    3.3;eor
       4559;20191017;-999;-999;-999;    3;   0.0;   0;-999;   0;  -999;   9.8;    -999;   10.3;   79.42;   18.4;    4.7;    2.3;eor
       4559;20191018;-999;-999;-999;    3;   0.0;   4;-999;   0;  -999;  11.3;    -999;   12.1;   81.42;   18.2;    7.4;    4.5;eor
       4559;20191019;-999;-999;-999;    3;   0.1;   4;-999;   0;  -999;  11.5;    -999;   11.2;   87.17;   16.8;    6.6;    4.9;eor
       4559;20191020;-999;-999;-999;    3;   0.0;   4;-999;   0;  -999;  10.8;    -999;    9.4;   91.04;   15.3;    4.9;    3.3;eor
       4559;20191021;-999;-999;-999;    3;   0.0;   0;-999;   0;  -999;  11.5;    -999;   10.4;   90.88;   18.3;    5.2;    3.9;eor
       4559;20191022;-999;-999;-999;    3;   0.0;   0;-999;   0;  -999;  12.0;    -999;   10.4;   94.38;   15.9;    6.8;    6.0;eor
       4559;20191023;-999;-999;-999;    3;   0.0;   0;-999;   0;  -999;  12.7;    -999;   12.0;   90.08;   17.8;    6.2;    4.4;eor
       4559;20191024;-999;-999;-999;    3;   0.0;   4;-999;   0;  -999;  11.7;    -999;   11.2;   87.92;   19.1;    5.1;    3.9;eor
       4559;20191025;-999;-999;-999;    3;   0.1;   4;-999;   0;  -999;  12.2;    -999;   11.6;   89.04;   17.6;    5.5;    3.5;eor
       4559;20191026;-999;-999;-999;    3;   0.0;   4;-999;   0;  -999;  10.5;    -999;    8.8;   92.08;   16.3;    4.4;    2.7;eor
       4559;20191027;-999;-999;-999;    3;   3.7;   4;-999;   0;  -999;  11.3;    -999;   11.1;   85.33;   19.3;    3.4;    1.9;eor
       4559;20191028;-999;-999;-999;    3;   0.0;   4;-999;   0;  -999;   8.7;    -999;    6.8;   87.46;   12.2;    1.6;   -0.6;eor
       4559;20191029;-999;-999;-999;    3;   0.0;   0;-999;   0;  -999;   7.4;    -999;    5.5;   82.21;    8.4;    1.6;   -0.1;eor
       4559;20191030;-999;-999;-999;    3;   0.0;   0;-999;   0;  -999;   6.3;    -999;    4.1;   77.42;    7.8;   -1.1;   -3.7;eor
       4559;20191031;-999;-999;-999;    3;   0.0;   0;-999;   0;  -999;   5.3;    -999;    0.6;   83.79;    5.2;   -4.4;   -7.8;eor
       4559;20191101;-999;-999;-999;    3;   4.1;   4;-999;   0;  -999;   6.7;    -999;    2.8;   87.79;    7.2;   -4.2;   -7.4;eor
       4559;20191102;-999;-999;-999;    3;   1.2;   4;-999;   0;  -999;  10.5;    -999;   10.3;   83.63;   13.7;    7.0;    6.3;eor
       4559;20191103;-999;-999;-999;    3;   2.2;   4;-999;   0;  -999;  10.3;    -999;    8.9;   89.79;   11.0;    6.2;    4.6;eor
       4559;20191104;-999;-999;-999;    3;   1.2;   4;-999;   0;  -999;  10.0;    -999;   10.1;   81.21;   13.1;    8.1;    6.5;eor
       4559;20191105;-999;-999;-999;    3;   0.0;   0;-999;   0;  -999;   9.4;    -999;    8.4;   85.04;   10.4;    2.8;   -0.2;eor
       4559;20191106;-999;-999;-999;    3;   0.0;   0;-999;   0;  -999;   8.5;    -999;    6.6;   86.79;    8.4;    2.6;   -0.3;eor
       4559;20191107;-999;-999;-999;    3;   0.0;   0;-999;   0;  -999;   8.2;    -999;    7.3;   81.04;   10.9;    2.9;    0.1;eor
       4559;20191108;-999;-999;-999;    3;   0.9;   4;-999;   0;  -999;   8.0;    -999;    5.0;   90.92;    7.5;    1.3;   -0.7;eor
       4559;20191109;-999;-999;-999;    3;   0.0;   0;-999;   0;  -999;   7.4;    -999;    4.4;   87.67;    6.1;   -0.8;   -3.6;eor
       4559;20191110;-999;-999;-999;    3;   0.0;   0;-999;   0;  -999;   5.9;    -999;    0.5;   93.75;    5.9;   -1.4;   -4.7;eor
       4559;20191111;-999;-999;-999;    3;   1.1;   4;-999;   0;  -999;   5.7;    -999;    0.0;   93.58;    1.4;   -1.0;   -0.6;eor
       4559;20191112;-999;-999;-999;    3;   1.0;   4;-999;   0;  -999;   6.9;    -999;    3.1;   89.71;    4.8;    0.8;    0.7;eor
       4559;20191113;-999;-999;-999;    3;   2.8;   4;-999;   0;  -999;   6.5;    -999;    1.9;   92.54;    3.0;    0.5;   -0.1;eor
       4559;20191114;-999;-999;-999;    3;   0.0;   0;-999;   0;  -999;   6.0;    -999;    1.3;   89.08;    4.2;   -2.3;   -5.6;eor
       4559;20191115;-999;-999;-999;    3;   0.3;   4;-999;   0;  -999;   7.3;    -999;    3.7;   90.46;    7.4;   -2.7;   -5.5;eor
       4559;20191116;-999;-999;-999;    3;   0.0;   0;-999;   0;  -999;   7.7;    -999;    4.7;   90.21;    6.3;    1.5;   -1.1;eor
       4559;20191117;-999;-999;-999;    3;   0.3;   4;-999;   0;  -999;   8.8;    -999;    6.8;   87.71;   13.5;    3.3;    0.7;eor
       4559;20191118;-999;-999;-999;    3;   0.0;   4;-999;   0;  -999;   7.3;    -999;    5.4;   81.38;    7.4;    1.9;   -2.0;eor
       4559;20191119;-999;-999;-999;    3;   0.0;   0;-999;   0;  -999;   6.5;    -999;    3.1;   85.29;    8.2;   -1.6;   -4.5;eor
       4559;20191120;-999;-999;-999;    3;   0.3;   4;-999;   0;  -999;   7.2;    -999;    4.0;   88.75;    6.9;    1.8;    0.8;eor
       4559;20191121;-999;-999;-999;    3;   0.1;   4;-999;   0;  -999;   7.7;    -999;    4.4;   92.71;    5.5;    3.0;    3.1;eor
       4559;20191122;-999;-999;-999;    3;   0.0;   0;-999;   0;  -999;   7.1;    -999;    2.9;   93.58;    4.8;   -1.3;   -4.0;eor
       4559;20191123;-999;-999;-999;    3;   0.0;   0;-999;   0;  -999;   6.9;    -999;    3.1;   88.33;   10.1;   -3.5;   -6.0;eor
       4559;20191124;-999;-999;-999;    3;   0.0;   0;-999;   0;  -999;   7.6;    -999;    4.2;   92.58;    7.1;    0.2;   -2.3;eor
       4559;20191125;-999;-999;-999;    3;   0.0;   0;-999;   0;  -999;   7.4;    -999;    3.6;   93.25;    4.5;    2.6;    2.6;eor
       4559;20191126;-999;-999;-999;    3;   0.0;   0;-999;   0;  -999;   7.5;    -999;    3.8;   92.50;    5.3;    2.9;    2.8;eor
       4559;20191127;-999;-999;-999;    3;   0.5;   4;-999;   0;  -999;   7.5;    -999;    4.1;   91.54;    8.5;    1.7;    0.6;eor
       4559;20191128;-999;-999;-999;    3;   1.5;   4;-999;   0;  -999;   8.5;    -999;    8.6;   75.54;   11.4;    6.6;    5.2;eor
       4559;20191129;-999;-999;-999;    3;   2.3;   4;-999;   0;  -999;   7.7;    -999;    5.7;   83.13;    8.3;    1.3;   -1.3;eor
       4559;20191130;-999;-999;-999;    3;   0.0;   0;-999;   0;  -999;   5.8;    -999;    1.5;   85.58;    5.6;   -4.9;   -8.6;eor
       4559;20191201;-999;-999;-999;    3;   0.0;   0;-999;   0;  -999;   4.6;    -999;   -1.6;   85.38;    1.2;   -5.7;   -8.5;eor
       4559;20191202;-999;-999;-999;    3;   0.0;   4;-999;   0;  -999;   5.1;    -999;    1.2;   77.29;    3.0;   -0.3;   -0.8;eor
       4559;20191203;-999;-999;-999;    3;   0.0;   0;-999;   0;  -999;   5.5;    -999;    0.7;   85.46;    4.7;   -4.5;   -7.7;eor
       4559;20191204;-999;-999;-999;    3;   0.0;   0;-999;   0;  -999;   4.5;    -999;   -2.5;   88.38;    2.5;   -6.0;   -8.6;eor
       4559;20191205;-999;-999;-999;    3;   0.0;   0;-999;   0;  -999;   4.5;    -999;   -3.0;   92.00;   -1.3;   -6.3;   -9.2;eor
       4559;20191206;-999;-999;-999;    3;   1.1;   4;-999;   0;  -999;   4.7;    -999;   -2.4;   91.21;   -0.3;   -4.5;   -7.4;eor
       4559;20191207;-999;-999;-999;    3;   1.6;   4;-999;   0;  -999;   7.6;    -999;    5.4;   84.67;    7.3;   -1.0;   -1.1;eor
       4559;20191208;-999;-999;-999;    3;   0.8;   4;-999;   0;  -999;   7.8;    -999;    6.9;   78.38;    8.7;    5.1;    2.9;eor
       4559;20191209;-999;-999;-999;    3;   1.4;   4;-999;   0;  -999;   7.4;    -999;    6.5;   76.50;    8.3;    4.2;    3.2;eor
       4559;20191210;-999;-999;-999;    3;   0.0;   0;-999;   0;  -999;   6.1;    -999;    2.0;   86.63;    4.4;   -2.8;   -7.2;eor
       4559;20191211;-999;-999;-999;    3;   0.0;   4;-999;   0;  -999;   4.8;    -999;   -0.2;   81.08;    3.7;   -3.9;   -7.6;eor
       4559;20191212;-999;-999;-999;    3;   0.1;   4;-999;   0;  -999;   6.0;    -999;    1.5;   87.25;    2.4;    0.7;   -0.6;eor
       4559;20191213;-999;-999;-999;    3;   0.9;   4;-999;   0;  -999;   5.9;    -999;    1.3;   88.13;    4.0;   -1.8;   -5.6;eor
       4559;20191214;-999;-999;-999;    3;   5.7;   4;-999;   0;  -999;   6.6;    -999;    4.6;   77.42;    7.4;    1.2;    0.2;eor
       4559;20191215;-999;-999;-999;    3;   2.3;   4;-999;   0;  -999;   8.4;    -999;    7.7;   80.42;   11.8;    4.0;    2.7;eor
       4559;20191216;-999;-999;-999;    3;   0.0;   0;-999;   0;  -999;   7.8;    -999;    4.3;   93.38;    8.8;   -1.3;   -2.9;eor
       4559;20191217;-999;-999;-999;    3;   0.0;   0;-999;   0;  -999;   6.3;    -999;    0.9;   95.46;    7.5;   -2.1;   -3.3;eor
       4559;20191218;-999;-999;-999;    3;   0.0;   0;-999;   0;  -999;   7.3;    -999;    3.3;   92.08;   12.5;   -1.3;   -3.8;eor
       4559;20191219;-999;-999;-999;    3;   0.0;   0;-999;   0;  -999;   6.5;    -999;    1.3;   96.17;    5.5;   -2.1;   -4.0;eor
       4559;20191220;-999;-999;-999;    3;   2.6;   4;-999;   0;  -999;   7.0;    -999;    2.2;   96.75;    7.2;   -0.3;   -1.5;eor
       4559;20191221;-999;-999;-999;    3;   1.1;   4;-999;   0;  -999;   8.0;    -999;    4.5;   94.83;    7.2;    0.6;   -0.8;eor
       4559;20191222;-999;-999;-999;    3;   1.1;   4;-999;   0;  -999;   7.7;    -999;    5.0;   87.79;    6.7;    3.2;    2.9;eor
       4559;20191223;-999;-999;-999;    3;   4.4;   4;-999;   0;  -999;   7.7;    -999;    5.7;   83.83;    6.6;    4.5;    3.0;eor
       4559;20191224;-999;-999;-999;    3;   2.9;   4;-999;   0;  -999;   7.5;    -999;    5.1;   85.33;    6.2;    3.5;    1.3;eor
       4559;20191225;-999;-999;-999;    3;   7.0;   4;-999;   0;  -999;   7.9;    -999;    5.5;   87.08;    6.9;    3.6;    1.7;eor
       4559;20191226;-999;-999;-999;    3;   0.0;   0;-999;   0;  -999;   6.7;    -999;    3.3;   87.29;    5.3;    1.3;   -0.2;eor
       4559;20191227;-999;-999;-999;    3;   0.0;   0;-999;   0;  -999;   6.0;    -999;    1.7;   87.00;    4.5;   -2.2;   -5.7;eor
       4559;20191228;-999;-999;-999;    3;   0.0;   0;-999;   0;  -999;   4.5;    -999;   -1.2;   81.21;    1.6;   -6.0;   -9.2;eor
       4559;20191229;-999;-999;-999;    3;   0.0;   0;-999;   0;  -999;   3.6;    -999;   -5.0;   86.46;    0.5;   -8.4;  -10.9;eor
       4559;20191230;-999;-999;-999;    3;   0.0;   0;-999;   0;  -999;   4.2;    -999;   -3.2;   86.46;    3.0;   -7.5;   -9.3;eor
       4559;20191231;-999;-999;-999;    3;   0.0;   0;-999;   0;  -999;   4.6;    -999;   -1.5;   84.00;    4.0;   -6.2;   -9.1;eor
       4559;20200101;-999;-999;-999;    3;   0.0;   0;-999;   0;  -999;   4.0;    -999;   -4.8;   91.92;    1.2;   -7.8;  -10.4;eor
       4559;20200102;-999;-999;-999;    3;   0.0;   0;-999;   0;  -999;   4.0;    -999;   -4.1;   88.42;    4.5;   -9.1;  -11.5;eor
       4559;20200103;-999;-999;-999;    3;   0.1;   4;-999;   0;  -999;   5.6;    -999;    0.7;   85.50;    5.8;   -3.2;   -3.2;eor
       4559;20200104;-999;-999;-999;    3;   1.0;   4;-999;   0;  -999;   6.8;    -999;    3.8;   84.17;    5.7;    1.7;    0.2;eor
       4559;20200105;-999;-999;-999;    3;   0.0;   0;-999;   0;  -999;   5.4;    -999;    0.3;   86.04;    4.0;   -3.7;   -6.7;eor
       4559;20200106;-999;-999;-999;    3;   0.0;   0;-999;   0;  -999;   5.0;    -999;   -0.5;   86.04;    4.0;   -3.5;   -6.1;eor
       4559;20200107;-999;-999;-999;    3;   0.0;   0;-999;   0;  -999;   5.5;    -999;   -0.4;   91.96;    1.9;   -4.3;   -7.0;eor
       4559;20200108;-999;-999;-999;    3;   0.4;   4;-999;   0;  -999;   6.2;    -999;    2.1;   87.21;    3.2;    0.9;   -1.2;eor
       4559;20200109;-999;-999;-999;    3;   0.0;   0;-999;   0;  -999;  -999;    -999;    4.5;-999;    7.5;    1.5;    0.0;eor
       4559;20200110;-999;-999;-999;    3;   0.7;   4;-999;   0;  -999;  -999;    -999;    5.0;-999;    8.5;    2.0;   -1.0;eor
       4559;20200111;-999;-999;-999;    3;   0.0;   0;-999;   0;  -999;   6.3;    -999;    2.5;   85.67;    6.0;   -3.7;   -7.0;eor
       4559;20200112;-999;-999;-999;    3;   0.0;   0;-999;   0;  -999;   5.0;    -999;   -1.0;   87.21;    3.9;   -5.6;   -8.5;eor
       4559;20200113;-999;-999;-999;    3;   0.0;   0;-999;   0;  -999;   6.3;    -999;    2.0;   89.29;    4.1;   -0.2;   -2.4;eor
       4559;20200114;-999;-999;-999;    3;   0.0;   0;-999;   0;  -999;   5.4;    -999;    1.1;   82.63;    5.9;   -1.7;   -4.5;eor
       4559;20200115;-999;-999;-999;    3;   0.0;   0;-999;   0;  -999;   5.0;    -999;   -0.5;   85.58;    4.5;   -2.8;   -5.3;eor
       4559;20200116;-999;-999;-999;    3;   0.0;   0;-999;   0;  -999;   5.8;    -999;    0.8;   89.75;    6.5;   -3.8;   -5.9;eor
       4559;20200117;-999;-999;-999;    3;   1.4;   4;-999;   0;  -999;   5.9;    -999;    0.3;   93.21;    5.8;   -3.9;   -6.2;eor
       4559;20200118;-999;-999;-999;    3;   0.0;   0;-999;   0;  -999;   6.7;    -999;    2.7;   89.50;    5.0;   -0.8;   -3.0;eor
       4559;20200119;-999;-999;-999;    3;   0.1;   4;-999;   0;  -999;   5.8;    -999;    1.1;   87.29;    4.4;   -2.3;   -5.8;eor
       4559;20200120;-999;-999;-999;    3;   0.0;   0;-999;   0;  -999;   5.0;    -999;   -1.3;   90.00;    4.5;   -5.5;   -8.4;eor
       4559;20200121;-999;-999;-999;    3;   0.0;   0;-999;   0;  -999;   4.3;    -999;   -3.4;   89.00;    2.0;   -7.9;  -10.7;eor
       4559;20200122;-999;-999;-999;    3;   0.0;   0;-999;   0;  -999;   4.6;    -999;   -2.2;   88.13;   -0.5;   -3.3;   -3.1;eor
       4559;20200123;-999;-999;-999;    3;   0.0;   0;-999;   0;  -999;   4.9;    -999;   -1.0;   86.00;    3.2;   -5.6;   -8.7;eor
       4559;20200124;-999;-999;-999;    3;   0.0;   0;-999;   0;  -999;   4.6;    -999;   -2.4;   89.71;    0.1;   -6.9;   -9.3;eor
       4559;20200125;-999;-999;-999;    3;   0.0;   0;-999;   0;  -999;   4.8;    -999;   -2.3;   92.13;    3.4;   -6.5;   -8.4;eor
       4559;20200126;-999;-999;-999;    3;   0.0;   0;-999;   0;  -999;   5.8;    -999;    0.3;   93.58;    5.3;   -2.1;   -4.0;eor
       4559;20200127;-999;-999;-999;    3;   3.2;   4;-999;   0;  -999;   6.2;    -999;    1.9;   88.13;    6.7;   -3.8;   -6.2;eor
       4559;20200128;-999;-999;-999;    3;   2.6;   4;-999;   0;  -999;   6.6;    -999;    3.7;   82.75;    6.1;    0.5;   -1.4;eor
       4559;20200129;-999;-999;-999;    3;   2.5;   4;-999;   1;  -999;   5.7;    -999;    1.5;   83.75;    2.8;    0.4;   -1.5;eor
       4559;20200130;-999;-999;-999;    3;   0.0;   4;-999;   1;  -999;   6.5;    -999;    4.0;   79.67;    7.0;    0.9;   -0.8;eor
       4559;20200131;-999;-999;-999;    3;   0.2;   4;-999;   0;  -999;  10.5;    -999;   10.0;   85.21;   11.9;    5.4;    4.8;eor
       4559;20200201;-999;-999;-999;    3;  13.0;   4;-999;   0;  -999;  10.3;    -999;   10.8;   80.00;   13.3;    4.7;    4.0;eor
       4559;20200202;-999;-999;-999;    3;   3.9;   4;-999;   0;  -999;   9.7;    -999;    8.7;   85.17;   12.1;    3.8;    1.6;eor
       4559;20200203;-999;-999;-999;    3;  10.2;   4;-999;   0;  -999;   8.6;    -999;    7.6;   82.50;   10.8;    5.9;    5.3;eor
       4559;20200204;-999;-999;-999;    3;   2.7;   4;-999;   0;  -999;   6.9;    -999;    3.8;   85.88;   10.0;    1.1;   -0.2;eor
       4559;20200205;-999;-999;-999;    3;   0.1;   4;-999;   0;  -999;   5.1;    -999;    1.0;   77.21;    3.5;   -3.7;   -6.8;eor
       4559;20200206;-999;-999;-999;    3;   0.0;   0;-999;   0;  -999;   4.6;    -999;   -1.8;   86.88;    2.2;   -5.8;   -8.4;eor
       4559;20200207;-999;-999;-999;    3;   0.0;   0;-999;   0;  -999;   5.1;    -999;   -0.7;   87.58;    3.3;   -4.5;   -7.4;eor
       4559;20200208;-999;-999;-999;    3;   0.0;   0;-999;   0;  -999;   4.7;    -999;   -1.6;   87.38;    5.5;   -6.1;   -8.3;eor
       4559;20200209;-999;-999;-999;    3;   0.1;   4;-999;   0;  -999;   5.5;    -999;    3.9;   70.04;   10.5;   -4.5;   -7.0;eor
       4559;20200210;-999;-999;-999;    3;   7.4;   4;-999;   0;  -999;   6.7;    -999;    8.4;   60.33;   13.9;    4.7;    3.4;eor
       4559;20200211;-999;-999;-999;    3;   2.1;   4;-999;   0;  -999;   5.4;    -999;    4.4;   65.38;    6.9;    0.3;    0.0;eor
       4559;20200212;-999;-999;-999;    3;   1.3;   4;-999;   1;  -999;   5.5;    -999;    1.9;   78.25;    4.0;    0.5;   -1.6;eor
       4559;20200213;-999;-999;-999;    3;   6.3;   4;-999;   0;  -999;   6.2;    -999;    3.3;   80.08;    6.2;    0.6;   -1.1;eor
       4559;20200214;-999;-999;-999;    3;   3.8;   4;-999;   0;  -999;   7.6;    -999;    5.0;   86.63;    7.6;    3.1;    2.4;eor
       4559;20200215;-999;-999;-999;    3;   0.0;   0;-999;   0;  -999;   7.0;    -999;    4.2;   86.08;    9.2;    0.2;   -1.7;eor
       4559;20200216;-999;-999;-999;    3;   0.0;   0;-999;   0;  -999;   5.8;    -999;    9.8;   49.13;   13.9;    3.8;    1.5;eor
       4559;20200217;-999;-999;-999;    3;   8.8;   4;-999;   0;  -999;   8.3;    -999;    9.7;   70.58;   13.9;    6.1;    4.9;eor
       4559;20200218;-999;-999;-999;    3;   0.1;   4;-999;   0;  -999;   6.5;    -999;    5.5;   72.38;    8.5;    3.4;    1.6;eor
       4559;20200219;-999;-999;-999;    3;   4.4;   4;-999;   0;  -999;   6.1;    -999;    3.5;   78.21;    5.1;    0.9;   -1.3;eor
       4559;20200220;-999;-999;-999;    3;   1.2;   4;-999;   0;  -999;   6.1;    -999;    3.6;   77.46;    6.2;    1.5;   -0.3;eor
       4559;20200221;-999;-999;-999;    3;   0.0;   0;-999;   0;  -999;   5.5;    -999;    4.0;   68.54;    7.8;    0.1;   -3.0;eor
       4559;20200222;-999;-999;-999;    3;   1.7;   4;-999;   0;  -999;   5.6;    -999;    7.4;   54.17;   11.5;    1.7;   -0.6;eor
       4559;20200223;-999;-999;-999;    3;   4.9;   4;-999;   0;  -999;   9.1;    -999;    9.7;   75.42;   14.2;    6.7;    5.7;eor
       4559;20200224;-999;-999;-999;    3;   0.0;   0;-999;   0;  -999;   7.0;    -999;    4.7;   81.58;    7.9;    1.7;    0.1;eor
       4559;20200225;-999;-999;-999;    3;   6.9;   4;-999;   0;  -999;   8.2;    -999;    6.9;   81.71;    8.8;    3.9;    2.0;eor
       4559;20200226;-999;-999;-999;    3;   1.4;   4;-999;   0;  -999;   5.8;    -999;    3.1;   76.13;    6.7;    0.9;   -0.2;eor
       4559;20200227;-999;-999;-999;    3;  12.0;   4;-999;   1;  -999;   5.5;    -999;    2.1;   78.17;    4.8;    0.3;   -0.2;eor
       4559;20200228;-999;-999;-999;    3;   2.0;   4;-999;   8;  -999;   5.5;    -999;    1.0;   83.75;    4.4;   -1.8;   -4.2;eor
       4559;20200229;-999;-999;-999;    3;   2.8;   4;-999;   0;  -999;   6.6;    -999;    4.7;   77.04;   10.4;    0.3;    0.2;eor
       4559;20200301;-999;-999;-999;    3;   2.2;   4;-999;   0;  -999;   7.4;    -999;    7.0;   74.33;   10.7;    3.1;   -0.1;eor
       4559;20200302;-999;-999;-999;    3;   3.8;   4;-999;   0;  -999;   6.4;    -999;    5.9;   69.42;   10.4;    0.2;   -2.2;eor
       4559;20200303;-999;-999;-999;    3;   0.6;   4;-999;   0;  -999;   6.9;    -999;    3.7;   86.17;    7.1;   -0.8;   -4.3;eor
       4559;20200304;-999;-999;-999;    3;   0.0;   0;-999;   0;  -999;   5.8;    -999;    1.3;   86.08;    6.2;   -2.8;   -5.5;eor
       4559;20200305;-999;-999;-999;    3;   3.2;   4;-999;   0;  -999;   5.8;    -999;    3.6;   75.00;    8.3;   -3.5;   -5.9;eor
       4559;20200306;-999;-999;-999;    3;   1.3;   4;-999;   0;  -999;   7.3;    -999;    5.9;   78.38;    8.2;    3.8;    2.8;eor
       4559;20200307;-999;-999;-999;    3;   0.9;   4;-999;   0;  -999;   6.5;    -999;    3.8;   80.92;    6.4;    2.4;    1.1;eor
       4559;20200308;-999;-999;-999;    3;   0.0;   0;-999;   0;  -999;   6.1;    -999;    3.4;   78.83;    8.6;   -0.8;   -4.0;eor
       4559;20200309;-999;-999;-999;    3;   0.5;   4;-999;   0;  -999;   6.9;    -999;    4.4;   82.63;    8.3;    0.5;   -1.2;eor
       4559;20200310;-999;-999;-999;    3;   7.1;   4;-999;   0;  -999;   7.3;    -999;    4.4;   86.04;    8.6;    2.2;    0.4;eor
       4559;20200311;-999;-999;-999;    3;   0.3;   4;-999;   0;  -999;  10.6;    -999;   10.9;   80.92;   12.6;    8.6;    7.8;eor
       4559;20200312;-999;-999;-999;    3;   1.6;   4;-999;   0;  -999;   9.7;    -999;   11.7;   72.00;   17.6;    6.3;    5.5;eor
       4559;20200313;-999;-999;-999;    3;   0.0;   0;-999;   0;  -999;   6.1;    -999;    6.4;   63.83;    9.8;    0.5;   -3.5;eor
       4559;20200314;-999;-999;-999;    3;   0.0;   0;-999;   0;  -999;   5.6;    -999;    2.6;   78.38;    8.6;   -2.7;   -5.8;eor
       4559;20200315;-999;-999;-999;    3;   0.0;   0;-999;   0;  -999;   4.4;    -999;    2.8;   66.92;   12.5;   -4.6;   -7.9;eor
       4559;20200316;-999;-999;-999;    3;   0.0;   4;-999;   0;  -999;   6.0;    -999;    5.5;   70.17;   17.0;   -4.5;   -7.4;eor
       4559;20200317;-999;-999;-999;    3;   1.0;   4;-999;   0;  -999;   8.9;    -999;    7.4;   85.83;   11.9;    1.6;   -1.1;eor
       4559;20200318;-999;-999;-999;    3;   0.0;   0;-999;   0;  -999;   8.6;    -999;    7.2;   85.71;   16.4;    1.1;   -1.6;eor
       4559;20200319;-999;-999;-999;    3;   0.0;   0;-999;   0;  -999;   8.1;    -999;    7.9;   79.46;   18.5;    0.0;   -2.7;eor
       4559;20200320;-999;-999;-999;    3;  14.3;   4;-999;   0;  -999;   8.5;    -999;    9.1;   75.75;   18.7;   -0.5;   -3.0;eor
       4559;20200321;-999;-999;-999;    3;   0.0;   4;-999;   0;  -999;   6.1;    -999;    2.7;   81.71;    5.8;    0.3;   -1.5;eor
       4559;20200322;-999;-999;-999;    3;   0.0;   0;-999;   0;  -999;   3.3;    -999;    0.0;   55.21;    3.7;   -4.2;   -8.0;eor
       4559;20200323;-999;-999;-999;    3;   0.0;   0;-999;   0;  -999;   3.1;    -999;   -1.5;   58.25;    3.9;   -7.6;  -11.2;eor
       4559;20200324;-999;-999;-999;    3;   0.0;   0;-999;   0;  -999;   3.0;    -999;   -1.4;   59.17;    5.7;   -8.4;  -11.6;eor
       4559;20200325;-999;-999;-999;    3;   0.0;   0;-999;   0;  -999;   3.1;    -999;    0.6;   51.29;    6.2;   -6.9;  -10.0;eor
       4559;20200326;-999;-999;-999;    3;   0.0;   0;-999;   0;  -999;   4.4;    -999;    3.0;   59.58;    9.6;   -3.2;   -7.0;eor
       4559;20200327;-999;-999;-999;    3;   0.0;   0;-999;   0;  -999;   5.7;    -999;    8.6;   53.42;   18.0;   -0.3;   -3.4;eor
       4559;20200328;-999;-999;-999;    3;   0.0;   0;-999;   0;  -999;   6.1;    -999;    7.4;   63.04;   17.0;   -2.9;   -5.9;eor
       4559;20200329;-999;-999;-999;    1;   0.0;   0;-999;   0;  -999;   5.2;    -999;    3.9;   66.42;   10.1;   -2.9;   -6.3;eor
       4559;20200330;-999;-999;-999;    1;   0.0;   0;-999;   0;  -999;   3.2;    -999;    0.3;   54.29;    5.5;   -5.6;   -9.7;eor
       4559;20200331;-999;-999;-999;    1;   0.0;   0;-999;   0;  -999;   3.7;    -999;   -0.4;   64.00;    5.4;   -6.7;  -10.7;eor
       4559;20200401;-999;-999;-999;    1;   0.0;   0;-999;   0;  -999;   3.6;    -999;   -0.1;   63.92;    9.4;   -8.4;  -11.8;eor
       4559;20200402;-999;-999;-999;    1;   0.0;   0;-999;   0;  -999;   4.1;    -999;    2.4;   60.71;   12.7;   -7.5;  -11.0;eor
       4559;20200403;-999;-999;-999;    1;   0.0;   0;-999;   0;  -999;   5.5;    -999;    4.2;   68.58;   12.3;   -5.2;   -8.5;eor
       4559;20200404;-999;-999;-999;    1;   0.0;   0;-999;   0;  -999;   6.1;    -999;    6.9;   65.71;   14.4;   -1.1;   -5.0;eor
       4559;20200405;-999;-999;-999;    1;   0.0;   0;-999;   0;  -999;   5.6;    -999;    7.1;   61.21;   16.8;   -3.0;   -6.2;eor
       4559;20200406;-999;-999;-999;    1;   0.0;   0;-999;   0;  -999;   6.5;    -999;    8.4;   63.54;   20.2;   -3.6;   -7.0;eor
       4559;20200407;-999;-999;-999;    1;   0.0;   0;-999;   0;  -999;   6.9;    -999;   10.3;   61.25;   21.2;   -1.3;   -4.4;eor
       4559;20200408;-999;-999;-999;    1;   0.0;   0;-999;   0;  -999;   6.3;    -999;    9.9;   58.96;   21.8;   -0.9;   -4.2;eor
       4559;20200409;-999;-999;-999;    1;   0.0;   0;-999;   0;  -999;   7.0;    -999;   10.4;   61.42;   22.3;   -1.1;   -4.0;eor
       4559;20200410;-999;-999;-999;    1;   0.0;   0;-999;   0;  -999;   8.7;    -999;   12.2;   64.42;   21.4;    3.5;   -0.7;eor
       4559;20200411;-999;-999;-999;    1;   0.0;   0;-999;   0;  -999;   7.0;    -999;    9.7;   64.38;   20.1;    0.0;   -3.5;eor
       4559;20200412;-999;-999;-999;    1;   1.1;   4;-999;   0;  -999;   8.1;    -999;   11.5;   64.71;   22.6;   -0.9;   -4.2;eor
       4559;20200413;-999;-999;-999;    1;   3.3;   4;-999;   0;  -999;   8.6;    -999;    9.2;   75.08;   20.5;   -1.1;   -4.7;eor
       4559;20200414;-999;-999;-999;    1;   0.0;   0;-999;   0;  -999;   4.5;    -999;    2.3;   65.46;    8.7;   -3.9;   -7.6;eor
       4559;20200415;-999;-999;-999;    1;   0.0;   0;-999;   0;  -999;   5.2;    -999;    5.0;   63.83;   15.8;   -5.3;   -8.1;eor
       4559;20200416;-999;-999;-999;    1;   0.0;   0;-999;   0;  -999;   6.8;    -999;    9.6;   61.79;   22.1;   -2.2;   -5.1;eor
       4559;20200417;-999;-999;-999;    1;   0.0;   0;-999;   0;  -999;   8.7;    -999;   13.0;   62.33;   24.1;    1.0;   -1.9;eor
       4559;20200418;-999;-999;-999;    1;   0.3;   4;-999;   0;  -999;  10.6;    -999;   13.6;   69.63;   21.6;    4.2;    0.8;eor
       4559;20200419;-999;-999;-999;    1;   0.0;   0;-999;   0;  -999;  10.0;    -999;   11.0;   77.04;   16.5;    3.3;   -1.1;eor
       4559;20200420;-999;-999;-999;    1;   0.0;   0;-999;   0;  -999;   5.8;    -999;   10.0;   49.71;   16.0;    2.1;   -2.8;eor
       4559;20200421;-999;-999;-999;    1;   0.0;   0;-999;   0;  -999;   5.4;    -999;   11.1;   42.21;   17.5;    2.8;   -2.5;eor
       4559;20200422;-999;-999;-999;    1;   0.0;   0;-999;   0;  -999;   5.7;    -999;   10.2;   49.79;   18.7;   -1.2;   -5.0;eor
       4559;20200423;-999;-999;-999;    1;   0.0;   0;-999;   0;  -999;   6.4;    -999;    9.9;   57.54;   20.3;   -1.7;   -5.1;eor
       4559;20200424;-999;-999;-999;    1;   0.0;   0;-999;   0;  -999;   7.3;    -999;   10.9;   60.88;   21.2;   -1.1;   -4.1;eor
       4559;20200425;-999;-999;-999;    1;   0.0;   0;-999;   0;  -999;   6.6;    -999;   10.3;   57.04;   17.8;    1.4;   -2.3;eor
       4559;20200426;-999;-999;-999;    1;   0.0;   0;-999;   0;  -999;   6.2;    -999;    8.4;   62.13;   18.9;   -1.9;   -4.6;eor
       4559;20200427;-999;-999;-999;    1;   0.0;   0;-999;   0;  -999;   8.1;    -999;   10.6;   65.88;   19.6;   -0.7;   -3.3;eor
       4559;20200428;-999;-999;-999;    1;   1.8;   4;-999;   0;  -999;  10.2;    -999;   13.7;   68.42;   22.4;    2.4;   -0.5;eor
       4559;20200429;-999;-999;-999;    1;   3.5;   4;-999;   0;  -999;  11.7;    -999;   11.7;   85.38;   16.2;    7.9;    5.1;eor
       4559;20200430;-999;-999;-999;    1;   3.3;   4;-999;   0;  -999;  10.4;    -999;   12.1;   74.75;   17.1;    7.4;    4.3;eor
       4559;20200501;-999;-999;-999;    1;   3.2;   4;-999;-999;  -999;   9.7;    -999;   10.5;   77.13;   15.9;    7.7;    5.3;eor
       4559;20200502;-999;-999;-999;    1;   0.7;   4;-999;-999;  -999;   8.3;    -999;    9.5;   70.58;   15.3;    3.2;    0.2;eor
       4559;20200503;-999;-999;-999;    1;   0.6;   4;-999;-999;  -999;   8.4;    -999;    9.5;   71.92;   15.4;    5.0;    3.0;eor
       4559;20200504;-999;-999;-999;    1;   4.8;   4;-999;-999;  -999;  10.1;    -999;   11.3;   77.17;   18.6;    5.5;    5.2;eor
       4559;20200505;-999;-999;-999;    1;   0.0;   0;-999;-999;  -999;   7.2;    -999;    9.1;   64.88;   15.9;   -0.6;   -2.2;eor
       4559;20200506;-999;-999;-999;    1;   0.0;   0;-999;-999;  -999;   6.2;    -999;    6.4;   68.58;   14.6;   -2.4;   -4.7;eor
       4559;20200507;-999;-999;-999;    1;   0.0;   0;-999;-999;  -999;   7.1;    -999;   10.0;   63.96;   21.4;   -1.3;   -3.7;eor
       4559;20200508;-999;-999;-999;    1;   0.0;   0;-999;-999;  -999;   9.1;    -999;   13.9;   62.08;   24.5;    1.8;   -0.5;eor
       4559;20200509;-999;-999;-999;    1;   6.1;   4;-999;-999;  -999;  12.0;    -999;   15.5;   71.25;   25.5;    6.7;    5.0;eor
       4559;20200510;-999;-999;-999;    1;   0.7;   4;-999;-999;  -999;  14.6;    -999;   15.3;   84.17;   20.5;    9.1;    6.4;eor
       4559;20200511;-999;-999;-999;    1;  13.7;   4;-999;-999;  -999;  11.4;    -999;   10.2;   89.42;   17.2;    3.1;    3.2;eor
       4559;20200512;-999;-999;-999;    1;   0.0;   0;-999;-999;  -999;   6.0;    -999;    6.1;   66.79;   12.6;   -0.7;   -1.7;eor
       4559;20200513;-999;-999;-999;    1;  16.3;   4;-999;-999;  -999;   8.0;    -999;    6.5;   82.92;   11.7;   -0.1;   -0.8;eor
       4559;20200514;-999;-999;-999;    1;   0.0;   0;-999;-999;  -999;   9.2;    -999;   10.2;   74.92;   14.2;    6.5;    6.7;eor
       4559;20200515;-999;-999;-999;    1;   0.0;   0;-999;-999;  -999;   8.5;    -999;   10.0;   69.67;   13.4;    7.3;    6.1;eor
       4559;20200516;-999;-999;-999;    1;   0.0;   0;-999;-999;  -999;   9.1;    -999;   11.7;   69.88;   18.4;    4.9;    1.0;eor
       4559;20200517;-999;-999;-999;    1;   0.0;   0;-999;-999;  -999;   8.6;    -999;   11.8;   67.88;   21.0;    1.9;   -0.9;eor
       4559;20200518;-999;-999;-999;    1;   0.0;   0;-999;-999;  -999;   9.2;    -999;   13.7;   65.00;   23.5;    2.1;   -0.6;eor
       4559;20200519;-999;-999;-999;    1;   0.0;   0;-999;-999;  -999;  10.6;    -999;   16.9;   59.63;   25.4;    4.9;    2.2;eor
       4559;20200520;-999;-999;-999;    1;   0.0;   0;-999;-999;  -999;  11.3;    -999;   14.3;   70.58;   19.9;    7.4;    4.2;eor
       4559;20200521;-999;-999;-999;    1;   0.0;   0;-999;-999;  -999;   9.9;    -999;   14.5;   65.54;   22.4;    5.6;    2.3;eor
       4559;20200522;-999;-999;-999;    1;   2.3;   4;-999;-999;  -999;  12.3;    -999;   15.5;   72.04;   22.9;    5.1;    2.2;eor
       4559;20200523;-999;-999;-999;    1;   6.1;   4;-999;-999;  -999;  13.8;    -999;   14.0;   85.46;   19.8;    8.8;    8.2;eor
       4559;20200524;-999;-999;-999;    1;   0.5;   4;-999;-999;  -999;   9.6;    -999;   12.2;   69.50;   17.7;    8.9;    8.5;eor
       4559;20200525;-999;-999;-999;    1;   0.7;   4;-999;-999;  -999;  10.6;    -999;   12.9;   72.00;   17.1;    7.9;    6.0;eor
       4559;20200526;-999;-999;-999;    1;   0.0;   0;-999;-999;  -999;   9.6;    -999;   11.2;   73.83;   17.6;    4.3;    1.1;eor
       4559;20200527;-999;-999;-999;    1;   0.2;   4;-999;-999;  -999;   9.2;    -999;   12.5;   67.88;   20.8;    2.0;   -0.6;eor
       4559;20200528;-999;-999;-999;    1;   4.7;   4;-999;-999;  -999;  10.5;    -999;   11.0;   80.58;   16.1;    7.3;    6.1;eor
       4559;20200529;-999;-999;-999;    1;   0.0;   0;-999;-999;  -999;   8.9;    -999;   11.4;   69.29;   17.8;    4.1;    1.5;eor
       4559;20200530;-999;-999;-999;    1;   0.0;   0;-999;-999;  -999;   7.9;    -999;   10.5;   65.96;   16.6;    3.1;   -0.3;eor
       4559;20200531;-999;-999;-999;    1;   0.0;   0;-999;-999;  -999;   9.0;    -999;    9.8;   74.96;   16.3;    1.3;   -1.1;eor
       4559;20200601;-999;-999;-999;    1;   0.0;   0;-999;-999;  -999;   9.6;    -999;   14.0;   65.13;   23.0;    2.7;   -0.1;eor
       4559;20200602;-999;-999;-999;    1;   0.0;   0;-999;-999;  -999;   9.9;    -999;   15.8;   60.13;   24.3;    4.3;    1.3;eor
       4559;20200603;-999;-999;-999;    1;   1.8;   4;-999;-999;  -999;  11.6;    -999;   15.9;   67.67;   25.9;    6.5;    3.7;eor
       4559;20200604;-999;-999;-999;    1;   8.8;   4;-999;-999;  -999;  13.1;    -999;   15.0;   77.33;   19.9;    8.3;    6.1;eor
       4559;20200605;-999;-999;-999;    1;   3.2;   4;-999;-999;  -999;  12.1;    -999;   13.2;   80.29;   16.0;   11.0;    9.7;eor
       4559;20200606;-999;-999;-999;    1;   1.4;   4;-999;-999;  -999;  13.1;    -999;   13.6;   84.42;   17.3;   10.3;   10.1;eor
       4559;20200607;-999;-999;-999;    1;  13.0;   4;-999;-999;  -999;  12.5;    -999;   11.6;   91.38;   14.9;    9.4;    9.0;eor
       4559;20200608;-999;-999;-999;    1;   0.2;   4;-999;-999;  -999;  11.9;    -999;   11.8;   85.92;   15.9;    7.4;    5.6;eor
       4559;20200609;-999;-999;-999;    1;  21.2;   4;-999;-999;  -999;  13.4;    -999;   12.7;   90.92;   14.1;   11.1;   10.7;eor
