STATIONS_ID;MESS_DATUM;QN_3;  FX;  FM;QN_4; RSK;RSKF; SDK;SHK_TAG;  NM; VPM;  PM; TMK; UPM; TXK; TNK; TGK;eor
       5717;20181208;-999;-999;-999;    3;  10.2;   4;-999;   0;  -999;   8.5;    -999;    7.9;   79.38;   10.2;    6.0;    5.0;eor
       5717;20181209;-999;-999;-999;    3;   7.9;   4;-999;   0;  -999;   8.5;    -999;    7.4;   82.67;   10.0;    5.2;    3.0;eor
       5717;20181210;-999;-999;-999;    3;   1.4;   4;-999;   0;  -999;   6.9;    -999;    4.3;   83.33;    5.5;    3.0;    0.8;eor
       5717;20181211;-999;-999;-999;    3;   0.2;   4;-999;   0;  -999;   6.7;    -999;    3.2;   87.08;    6.0;    0.1;   -1.2;eor
       5717;20181212;-999;-999;-999;    3;   0.0;   0;-999;   0;  -999;   6.0;    -999;    1.5;   88.38;    5.3;   -0.2;   -3.1;eor
       5717;20181213;-999;-999;-999;    3;   0.0;   0;-999;   0;  -999;   5.0;    -999;    0.9;   77.92;    3.9;   -1.4;   -4.8;eor
       5717;20181214;-999;-999;-999;    3;   0.0;   0;-999;   0;  -999;   4.4;    -999;    1.0;   67.38;    2.0;    0.2;   -0.3;eor
       5717;20181215;-999;-999;-999;    3;   0.4;   4;-999;   0;  -999;   3.8;    -999;    0.1;   61.54;    0.7;   -0.9;   -1.9;eor
       5717;20181216;-999;-999;-999;    3;   0.5;   4;-999;   0;  -999;   5.2;    -999;    0.1;   83.38;    2.3;   -2.0;   -1.7;eor
       5717;20181217;-999;-999;-999;    3;   5.2;   4;-999;   0;  -999;   7.6;    -999;    4.5;   90.46;    6.8;    1.4;    0.7;eor
       5717;20181218;-999;-999;-999;    3;   0.3;   4;-999;   0;  -999;   7.1;    -999;    5.1;   81.25;    7.4;    2.2;    1.1;eor
       5717;20181219;-999;-999;-999;    3;   3.1;   4;-999;   0;  -999;   8.0;    -999;    7.2;   77.92;    9.6;    5.3;    4.1;eor
       5717;20181220;-999;-999;-999;    3;  10.3;   4;-999;   0;  -999;   8.8;    -999;    6.9;   88.46;    7.8;    6.4;    5.4;eor
       5717;20181221;-999;-999;-999;    3;  20.9;   4;-999;   0;  -999;   9.7;    -999;    9.6;   81.13;   13.4;    7.0;    6.3;eor
       5717;20181222;-999;-999;-999;    3;   2.0;   4;-999;   0;  -999;   9.4;    -999;    9.1;   81.13;   10.5;    7.3;    5.8;eor
       5717;20181223;-999;-999;-999;    3;  16.0;   4;-999;   0;  -999;   9.5;    -999;    7.6;   90.29;    8.7;    5.3;    4.9;eor
       5717;20181224;-999;-999;-999;    3;   0.0;   0;-999;   0;  -999;   6.9;    -999;    3.8;   86.13;    6.8;   -0.6;   -2.9;eor
       5717;20181225;-999;-999;-999;    3;   0.0;   0;-999;   0;  -999;   6.3;    -999;    2.8;   84.79;    5.4;   -1.2;   -3.3;eor
       5717;20181226;-999;-999;-999;    3;   0.0;   0;-999;   0;  -999;   5.4;    -999;    0.3;   87.63;    3.5;   -2.6;   -4.2;eor
       5717;20181227;-999;-999;-999;    3;   0.0;   0;-999;   0;  -999;   5.8;    -999;    1.6;   84.67;    6.0;   -1.3;   -1.8;eor
       5717;20181228;-999;-999;-999;    3;   0.4;   4;-999;   0;  -999;   5.7;    -999;    1.2;   85.00;    4.5;   -2.8;   -4.7;eor
       5717;20181229;-999;-999;-999;    3;   3.4;   4;-999;   0;  -999;   8.0;    -999;    4.8;   91.92;    8.3;    2.5;    2.5;eor
       5717;20181230;-999;-999;-999;    3;   3.8;   4;-999;   0;  -999;   8.7;    -999;    7.0;   87.17;    7.6;    6.4;    5.6;eor
       5717;20181231;-999;-999;-999;    3;   0.5;   4;-999;   0;  -999;  10.4;    -999;    8.3;   94.67;    8.8;    7.4;    6.5;eor
       5717;20190101;-999;-999;-999;    3;   5.8;   4;-999;   0;  -999;   8.3;    -999;    6.1;   87.33;    7.7;    3.5;    1.3;eor
       5717;20190102;-999;-999;-999;    3;   0.5;   4;-999;   0;  -999;   5.5;    -999;    2.8;   74.13;    6.2;   -2.1;   -4.8;eor
       5717;20190103;-999;-999;-999;    3;   0.7;   4;-999;   0;  -999;   6.4;    -999;    2.2;   89.17;    4.3;   -1.4;   -1.7;eor
       5717;20190104;-999;-999;-999;    3;  10.2;   4;-999;   0;  -999;   6.9;    -999;    2.9;   92.04;    3.7;    1.9;    1.6;eor
       5717;20190105;-999;-999;-999;    3;  15.0;   4;-999;   0;  -999;   8.5;    -999;    5.4;   94.79;    6.3;    3.5;    3.4;eor
       5717;20190106;-999;-999;-999;    3;   3.8;   4;-999;   0;  -999;   8.2;    -999;    5.0;   94.29;    5.5;    4.4;    4.2;eor
       5717;20190107;-999;-999;-999;    3;  11.6;   4;-999;   0;  -999;   8.1;    -999;    5.0;   92.92;    7.7;    3.3;    2.7;eor
       5717;20190108;-999;-999;-999;    3;  10.7;   4;-999;   0;  -999;   7.6;    -999;    5.8;   82.33;    8.1;    3.8;    3.1;eor
       5717;20190109;-999;-999;-999;    3;   3.8;   4;-999;   0;  -999;   5.8;    -999;    3.0;   77.04;    5.1;    1.2;   -1.0;eor
       5717;20190110;-999;-999;-999;    3;   2.0;   4;-999;   0;  -999;   5.3;    -999;    0.8;   82.63;    1.9;   -0.2;   -1.1;eor
       5717;20190111;-999;-999;-999;    3;   6.6;   4;-999;   0;  -999;   7.6;    -999;    3.6;   95.38;    6.5;    0.6;    0.4;eor
       5717;20190112;-999;-999;-999;    3;  11.4;   4;-999;   0;  -999;   8.4;    -999;    5.8;   91.00;    6.8;    4.8;    4.2;eor
       5717;20190113;-999;-999;-999;    3;  31.3;   4;-999;   0;  -999;   9.4;    -999;    7.5;   91.08;    8.5;    6.0;    4.9;eor
       5717;20190114;-999;-999;-999;    3;   4.0;   4;-999;   0;  -999;   6.9;    -999;    4.1;   84.04;    6.2;    0.2;   -2.3;eor
       5717;20190115;-999;-999;-999;    3;   0.4;   4;-999;   0;  -999;   7.1;    -999;    4.2;   86.08;    6.5;   -0.8;   -3.2;eor
       5717;20190116;-999;-999;-999;    3;   4.0;   4;-999;   0;  -999;   6.9;    -999;    5.4;   77.21;    6.2;    4.2;    3.5;eor
       5717;20190117;-999;-999;-999;    3;   5.3;   4;-999;   0;  -999;   7.0;    -999;    3.5;   88.92;    5.2;    0.8;    0.5;eor
       5717;20190118;-999;-999;-999;    3;   0.0;   0;-999;   0;  -999;   5.3;    -999;   -0.4;   89.96;    2.6;   -2.8;   -4.5;eor
       5717;20190119;-999;-999;-999;    3;   0.0;   0;-999;   0;  -999;   4.1;    -999;   -0.8;   73.04;    3.6;   -4.2;   -8.3;eor
       5717;20190120;-999;-999;-999;    3;   0.0;   0;-999;   0;  -999;   3.7;    -999;   -3.0;   77.00;    3.8;   -6.8;   -9.8;eor
       5717;20190121;-999;-999;-999;    3;   0.0;   0;-999;   0;  -999;   3.6;    -999;   -4.3;   82.67;    1.3;   -8.2;   -9.5;eor
       5717;20190122;-999;-999;-999;    3;   0.4;   4;-999;   0;  -999;   3.7;    -999;   -3.4;   77.33;   -0.8;   -6.2;   -7.0;eor
       5717;20190123;-999;-999;-999;    3;   0.0;   0;-999;   1;  -999;   4.0;    -999;   -1.8;   74.33;    0.3;   -3.1;   -3.8;eor
       5717;20190124;-999;-999;-999;    3;   0.0;   0;-999;   1;  -999;   3.6;    -999;   -3.6;   76.46;   -2.1;   -4.2;   -4.4;eor
       5717;20190125;-999;-999;-999;    3;   4.8;   4;-999;   1;  -999;   5.1;    -999;   -0.9;   88.04;    2.5;   -3.4;   -3.4;eor
       5717;20190126;-999;-999;-999;    3;   9.3;   4;-999;   0;  -999;   8.3;    -999;    5.2;   93.67;    6.9;    2.4;    2.1;eor
       5717;20190127;-999;-999;-999;    3;  21.8;   4;-999;   0;  -999;   7.8;    -999;    4.9;   90.13;    6.0;    2.6;    2.3;eor
       5717;20190128;-999;-999;-999;    3;   9.8;   4;-999;   0;  -999;   6.4;    -999;    2.2;   89.54;    3.8;    1.2;   -0.6;eor
       5717;20190129;-999;-999;-999;    3;   0.0;   0;-999;   0;  -999;   5.4;    -999;    1.5;   79.46;    4.3;   -1.3;   -3.5;eor
       5717;20190130;-999;-999;-999;    3;   6.2;   4;-999;   0;  -999;   5.2;    -999;    0.3;   82.79;    1.3;   -0.7;   -2.1;eor
       5717;20190131;-999;-999;-999;    3;   2.8;   4;-999;   6;  -999;   5.1;    -999;   -0.9;   89.67;    1.2;   -3.0;   -9.3;eor
       5717;20190201;-999;-999;-999;    3;   6.0;   4;-999;   7;  -999;   5.9;    -999;    1.7;   86.13;    5.7;   -0.9;   -2.9;eor
       5717;20190202;-999;-999;-999;    3;   2.1;   4;-999;   0;  -999;   6.3;    -999;    1.2;   94.21;    2.5;    0.0;   -0.5;eor
       5717;20190203;-999;-999;-999;    3;   0.0;   0;-999;   0;  -999;   5.8;    -999;    1.5;   85.67;    5.2;   -1.5;   -4.0;eor
       5717;20190204;-999;-999;-999;    3;   1.0;   4;-999;   0;  -999;   5.1;    -999;    2.2;   72.29;    4.7;   -0.5;   -1.3;eor
       5717;20190205;-999;-999;-999;    3;   0.1;   4;-999;   0;  -999;  -999;    -999;    2.0;-999;    3.0;    1.0;   -1.0;eor
       5717;20190206;-999;-999;-999;    3;   5.1;   4;-999;   0;  -999;  -999;    -999;    5.0;-999;    8.0;    2.0;    1.0;eor
       5717;20190207;-999;-999;-999;    3;   0.5;   4;-999;   0;  -999;  -999;    -999;    6.0;-999;    9.0;    3.0;    2.0;eor
       5717;20190208;-999;-999;-999;    3;   5.0;   4;-999;   0;  -999;  -999;    -999;    7.0;-999;    8.7;    5.0;    4.0;eor
       5717;20190209;-999;-999;-999;    3;   5.7;   4;-999;   0;  -999;   7.6;    -999;    8.0;   71.21;   10.1;    6.2;    5.5;eor
       5717;20190210;-999;-999;-999;    3;  32.6;   4;-999;   0;  -999;   8.5;    -999;    6.7;   85.79;    9.0;    1.0;    0.1;eor
       5717;20190211;-999;-999;-999;    3;   1.9;   4;-999;   0;  -999;   6.9;    -999;    3.4;   88.71;    6.1;    0.4;   -2.3;eor
       5717;20190212;-999;-999;-999;    3;   0.0;   0;-999;   0;  -999;   6.5;    -999;    2.3;   90.50;    6.1;   -0.1;   -2.5;eor
       5717;20190213;-999;-999;-999;    3;   0.0;   0;-999;   0;  -999;   6.3;    -999;    3.4;   81.96;    7.9;    0.0;   -1.1;eor
       5717;20190214;-999;-999;-999;    3;   0.0;   0;-999;   0;  -999;   5.3;    -999;    4.1;   71.17;   15.1;   -1.1;   -3.0;eor
       5717;20190215;-999;-999;-999;    3;   0.0;   0;-999;   0;  -999;   5.6;    -999;    8.0;   57.04;   17.2;   -0.8;   -3.8;eor
       5717;20190216;-999;-999;-999;    3;   0.0;   0;-999;   0;  -999;   6.2;    -999;    6.9;   66.29;   15.9;    0.0;   -1.9;eor
       5717;20190217;-999;-999;-999;    3;   0.0;   0;-999;   0;  -999;   6.2;    -999;    6.7;   68.58;   16.6;   -0.3;   -1.7;eor
       5717;20190218;-999;-999;-999;    3;   0.1;   4;-999;   0;  -999;   6.0;    -999;    6.7;   66.88;   16.5;    0.1;   -2.1;eor
       5717;20190219;-999;-999;-999;    3;   0.0;   0;-999;   0;  -999;   7.2;    -999;    6.4;   76.04;   10.6;    1.7;   -1.0;eor
       5717;20190220;-999;-999;-999;    3;   0.0;   0;-999;   0;  -999;  -999;    -999;    7.0;-999;    9.0;    1.6;   -0.1;eor
       5717;20190221;-999;-999;-999;    3;   1.1;   4;-999;   0;  -999;  -999;    -999;    8.0;-999;   12.2;    4.0;    0.0;eor
       5717;20190222;-999;-999;-999;    3;   0.0;   4;-999;   0;  -999;   9.8;    -999;    9.1;   85.67;   12.9;    3.1;    0.2;eor
       5717;20190223;-999;-999;-999;    3;   0.0;   0;-999;   0;  -999;   5.8;    -999;    6.1;   64.92;   12.4;    1.6;   -0.9;eor
       5717;20190224;-999;-999;-999;    3;   0.0;   0;-999;   0;  -999;   3.8;    -999;    7.6;   40.25;   16.7;    0.8;   -1.9;eor
       5717;20190225;-999;-999;-999;    3;   0.0;   0;-999;   0;  -999;   5.7;    -999;    7.6;   60.50;   19.3;   -0.5;   -2.8;eor
       5717;20190226;-999;-999;-999;    3;   0.0;   0;-999;   0;  -999;   6.8;    -999;    8.0;   69.21;   19.5;   -0.3;   -3.1;eor
       5717;20190227;-999;-999;-999;    3;   0.0;   0;-999;   0;  -999;   6.1;    -999;    8.2;   63.25;   20.6;   -0.2;   -2.8;eor
       5717;20190228;-999;-999;-999;    3;   4.1;   4;-999;   0;  -999;   8.1;    -999;    7.1;   79.04;   13.9;    0.1;   -1.7;eor
       5717;20190301;-999;-999;-999;    3;   0.7;   4;-999;   0;  -999;   9.0;    -999;    6.7;   90.54;    9.0;    4.0;    3.8;eor
       5717;20190302;-999;-999;-999;    3;   3.5;   4;-999;   0;  -999;   9.0;    -999;    7.2;   87.63;   10.4;    4.3;    4.0;eor
       5717;20190303;-999;-999;-999;    3;  10.2;   4;-999;   0;  -999;  10.0;    -999;    9.9;   81.46;   11.8;    8.2;    7.2;eor
       5717;20190304;-999;-999;-999;    3;   4.6;   4;-999;   0;  -999;   7.7;    -999;    8.9;   67.00;   12.9;    4.9;    2.5;eor
       5717;20190305;-999;-999;-999;    3;   1.9;   4;-999;   0;  -999;   7.1;    -999;    5.5;   78.58;    9.1;    1.6;   -0.7;eor
       5717;20190306;-999;-999;-999;    3;  12.5;   4;-999;   0;  -999;   8.7;    -999;    8.9;   76.75;   12.6;    4.6;    4.2;eor
       5717;20190307;-999;-999;-999;    3;   4.7;   4;-999;   0;  -999;   8.5;    -999;    9.0;   73.71;   11.8;    6.6;    5.0;eor
       5717;20190308;-999;-999;-999;    3;   6.8;   4;-999;   0;  -999;   7.4;    -999;    7.5;   71.71;   10.1;    5.5;    4.8;eor
       5717;20190309;-999;-999;-999;    3;   7.5;   4;-999;   0;  -999;   8.6;    -999;    8.4;   77.92;   11.7;    5.7;    3.3;eor
       5717;20190310;-999;-999;-999;    3;  12.2;   4;-999;   0;  -999;   8.1;    -999;    6.8;   81.58;   11.6;    1.2;    0.1;eor
       5717;20190311;-999;-999;-999;    3;   3.3;   4;-999;   0;  -999;   6.3;    -999;    4.0;   78.25;    6.8;    1.2;   -1.5;eor
       5717;20190312;-999;-999;-999;    3;   1.1;   4;-999;   0;  -999;   5.8;    -999;    5.4;   67.38;    9.9;   -0.1;   -1.7;eor
       5717;20190313;-999;-999;-999;    3;  12.0;   4;-999;   0;  -999;   7.3;    -999;    5.6;   79.67;    6.8;    4.5;    2.0;eor
       5717;20190314;-999;-999;-999;    3;   7.0;   4;-999;   0;  -999;  -999;    -999;    6.0;-999;   10.5;    5.1;    4.2;eor
       5717;20190315;-999;-999;-999;    3;  26.0;   4;-999;   0;  -999;  -999;    -999;    8.5;-999;   11.7;    5.0;    3.5;eor
       5717;20190316;-999;-999;-999;    3;   1.9;   4;-999;   0;  -999;   9.1;    -999;    9.1;   78.88;   10.8;    6.4;    5.9;eor
       5717;20190317;-999;-999;-999;    3;   9.3;   4;-999;   0;  -999;   7.5;    -999;    7.3;   73.79;   10.8;    2.3;    0.9;eor
       5717;20190318;-999;-999;-999;    3;   0.7;   4;-999;   0;  -999;   6.4;    -999;    4.4;   76.88;    9.5;   -0.8;   -3.1;eor
       5717;20190319;-999;-999;-999;    3;   0.0;   0;-999;   0;  -999;   5.8;    -999;    3.7;   75.63;   10.4;   -1.8;   -3.7;eor
       5717;20190320;-999;-999;-999;    3;   0.0;   0;-999;   0;  -999;   7.0;    -999;    5.7;   77.67;   12.2;   -0.6;   -1.2;eor
       5717;20190321;-999;-999;-999;    3;   0.0;   0;-999;   0;  -999;   7.9;    -999;    8.5;   74.25;   17.0;    1.1;   -0.1;eor
       5717;20190322;-999;-999;-999;    3;   0.0;   0;-999;   0;  -999;   7.8;    -999;   10.6;   67.54;   20.2;    2.4;    0.0;eor
       5717;20190323;-999;-999;-999;    3;   0.1;   4;-999;   0;  -999;   8.8;    -999;    8.3;   80.46;   12.0;    3.7;    0.0;eor
       5717;20190324;-999;-999;-999;    3;   0.0;   0;-999;   0;  -999;   7.3;    -999;    7.8;   69.79;   12.3;    1.6;   -1.8;eor
       5717;20190325;-999;-999;-999;    3;   2.6;   4;-999;   0;  -999;   7.0;    -999;    5.9;   75.33;    9.2;    1.3;   -1.8;eor
       5717;20190326;-999;-999;-999;    3;   0.0;   0;-999;   0;  -999;   7.0;    -999;    6.2;   73.58;    8.2;    4.7;    1.8;eor
       5717;20190327;-999;-999;-999;    3;   0.0;   0;-999;   0;  -999;   7.2;    -999;    6.9;   73.42;   11.5;    1.9;   -0.8;eor
       5717;20190328;-999;-999;-999;    3;   0.0;   0;-999;   0;  -999;   8.1;    -999;    8.4;   74.00;   12.0;    4.0;    0.3;eor
       5717;20190329;-999;-999;-999;    3;   0.0;   0;-999;   0;  -999;   8.1;    -999;    9.6;   71.29;   18.3;    1.2;   -1.4;eor
       5717;20190330;-999;-999;-999;    3;   0.0;   0;-999;   0;  -999;   7.8;    -999;   10.7;   64.92;   18.3;    2.7;    0.5;eor
       5717;20190331;-999;-999;-999;    3;   0.0;   0;-999;   0;  -999;   7.8;    -999;    7.9;   73.92;   12.1;    3.7;    0.8;eor
       5717;20190401;-999;-999;-999;    3;   0.0;   0;-999;   0;  -999;   6.5;    -999;    8.7;   59.58;   16.6;    0.7;   -2.3;eor
       5717;20190402;-999;-999;-999;    3;   4.5;   4;-999;   0;  -999;   9.0;    -999;   10.6;   70.67;   14.9;    6.1;    3.3;eor
       5717;20190403;-999;-999;-999;    3;   2.1;   4;-999;   0;  -999;   8.4;    -999;    7.2;   82.79;    9.4;    5.3;    4.1;eor
       5717;20190404;-999;-999;-999;    3;   1.2;   4;-999;   0;  -999;   7.6;    -999;    5.2;   86.33;    7.4;    2.7;    1.0;eor
       5717;20190405;-999;-999;-999;    3;   0.0;   0;-999;   0;  -999;   8.0;    -999;    6.1;   84.92;    8.8;    2.9;    1.9;eor
       5717;20190406;-999;-999;-999;    3;   0.0;   0;-999;   0;  -999;   9.6;    -999;   10.8;   75.58;   16.9;    7.1;    4.1;eor
       5717;20190407;-999;-999;-999;    3;   0.0;   0;-999;   0;  -999;   9.4;    -999;   13.6;   65.46;   20.7;    7.0;    3.1;eor
       5717;20190408;-999;-999;-999;    3;   4.0;   4;-999;   0;  -999;  11.2;    -999;   10.7;   87.17;   17.9;    5.0;    2.1;eor
       5717;20190409;-999;-999;-999;    3;   0.0;   4;-999;   0;  -999;   9.1;    -999;   11.7;   66.42;   16.4;    7.5;    5.6;eor
       5717;20190410;-999;-999;-999;    3;   0.0;   0;-999;   0;  -999;   5.9;    -999;    7.8;   56.63;   12.8;    3.4;   -0.3;eor
       5717;20190411;-999;-999;-999;    3;   0.0;   0;-999;   0;  -999;   4.8;    -999;    5.9;   53.00;   11.3;    1.0;   -2.4;eor
       5717;20190412;-999;-999;-999;    3;   0.0;   0;-999;   0;  -999;   4.7;    -999;    4.1;   57.46;    6.4;    1.2;   -1.6;eor
       5717;20190413;-999;-999;-999;    3;   0.5;   4;-999;   0;  -999;   5.5;    -999;    2.7;   74.71;    6.6;    0.9;   -1.4;eor
       5717;20190414;-999;-999;-999;    3;   0.0;   0;-999;   0;  -999;   5.9;    -999;    5.5;   67.54;   10.9;    0.6;   -2.1;eor
       5717;20190415;-999;-999;-999;    3;   0.0;   0;-999;   0;  -999;   6.8;    -999;   11.0;   54.67;   17.9;    3.3;    0.4;eor
       5717;20190416;-999;-999;-999;    3;   1.0;   4;-999;   0;  -999;   7.6;    -999;   12.3;   56.75;   19.5;    3.9;    0.0;eor
       5717;20190417;-999;-999;-999;    3;   0.0;   4;-999;   0;  -999;  10.5;    -999;   12.8;   72.83;   17.9;    8.3;    5.9;eor
       5717;20190418;-999;-999;-999;    3;   0.0;   0;-999;   0;  -999;   7.2;    -999;   17.4;   37.21;   22.6;   12.7;    8.8;eor
       5717;20190419;-999;-999;-999;    3;   0.0;   0;-999;   0;  -999;   7.3;    -999;   17.0;   41.67;   24.9;    7.6;    3.2;eor
       5717;20190420;-999;-999;-999;    3;   0.0;   0;-999;   0;  -999;   8.5;    -999;   16.8;   49.25;   24.5;    7.6;    2.8;eor
       5717;20190421;-999;-999;-999;    3;   0.0;   0;-999;   0;  -999;   7.8;    -999;   16.0;   48.63;   25.1;    6.7;    2.0;eor
       5717;20190422;-999;-999;-999;    3;   0.0;   0;-999;   0;  -999;   6.9;    -999;   17.5;   39.92;   25.5;    7.3;    3.5;eor
       5717;20190423;-999;-999;-999;    3;   0.0;   0;-999;   0;  -999;   8.7;    -999;   16.3;   47.67;   21.6;    8.9;    4.8;eor
       5717;20190424;-999;-999;-999;    3;   6.4;   4;-999;   0;  -999;  10.6;    -999;   16.6;   60.79;   25.1;    8.9;    7.8;eor
       5717;20190425;-999;-999;-999;    3;   1.6;   4;-999;   0;  -999;   9.9;    -999;   13.8;   65.17;   20.6;    7.6;    6.8;eor
       5717;20190426;-999;-999;-999;    3;   1.8;   4;-999;   0;  -999;  10.3;    -999;   10.8;   80.25;   15.7;    7.2;    5.6;eor
       5717;20190427;-999;-999;-999;    3;   5.9;   4;-999;   0;  -999;   9.3;    -999;    8.4;   84.38;   12.6;    4.7;    2.8;eor
       5717;20190428;-999;-999;-999;    3;   0.2;   4;-999;   0;  -999;   8.3;    -999;    8.6;   74.67;   12.5;    3.8;    1.1;eor
       5717;20190429;-999;-999;-999;    3;   0.0;   0;-999;   0;  -999;   8.5;    -999;    9.4;   73.75;   16.2;    1.3;   -0.3;eor
       5717;20190430;-999;-999;-999;    3;   0.0;   0;-999;   0;  -999;   9.7;    -999;   12.2;   69.88;   17.9;    6.8;    3.3;eor
       5717;20190501;-999;-999;-999;    3;   0.0;   0;-999;-999;  -999;  10.0;    -999;    9.1;   86.75;   14.0;    4.3;    1.2;eor
       5717;20190502;-999;-999;-999;    3;   3.1;   4;-999;-999;  -999;   9.5;    -999;    8.9;   84.46;   15.3;    3.5;    1.3;eor
       5717;20190503;-999;-999;-999;    3;  10.0;   4;-999;-999;  -999;   7.8;    -999;    8.5;   71.50;   11.9;    5.3;    5.2;eor
       5717;20190504;-999;-999;-999;    3;   1.9;   4;-999;-999;  -999;   6.9;    -999;    4.5;   82.96;    9.3;    0.8;   -0.3;eor
       5717;20190505;-999;-999;-999;    3;   2.1;   4;-999;-999;  -999;   6.8;    -999;    4.7;   80.58;   11.5;   -0.5;   -1.7;eor
       5717;20190506;-999;-999;-999;    3;   1.5;   4;-999;-999;  -999;   7.3;    -999;    5.1;   83.96;   10.2;    0.0;   -1.4;eor
       5717;20190507;-999;-999;-999;    3;   0.0;   0;-999;-999;  -999;   7.4;    -999;    7.7;   73.21;   12.1;    3.5;    2.4;eor
       5717;20190508;-999;-999;-999;    3;   7.8;   4;-999;-999;  -999;   9.8;    -999;    9.8;   79.54;   11.6;    4.5;    2.7;eor
       5717;20190509;-999;-999;-999;    3;   2.1;   4;-999;-999;  -999;  10.4;    -999;   11.1;   79.38;   15.5;    7.1;    6.0;eor
       5717;20190510;-999;-999;-999;    3;   2.0;   4;-999;-999;  -999;  10.3;    -999;   10.1;   83.92;   14.7;    6.9;    5.3;eor
       5717;20190511;-999;-999;-999;    3;   0.0;   4;-999;-999;  -999;   9.5;    -999;    9.8;   78.79;   14.1;    5.7;    2.5;eor
       5717;20190512;-999;-999;-999;    3;   0.0;   0;-999;-999;  -999;   7.0;    -999;    8.6;   64.63;   14.6;    3.0;   -0.6;eor
       5717;20190513;-999;-999;-999;    3;   0.0;   0;-999;-999;  -999;   6.2;    -999;    9.8;   54.25;   16.1;    4.0;    1.4;eor
       5717;20190514;-999;-999;-999;    3;   0.0;   0;-999;-999;  -999;  -999;    -999;    8.7;-999;   15.0;    3.0;    0.0;eor
       5717;20190515;-999;-999;-999;    3;   0.0;   0;-999;-999;  -999;  -999;    -999;    9.3;-999;   16.0;    1.0;   -1.5;eor
       5717;20190516;-999;-999;-999;    3;   0.8;   4;-999;-999;  -999;   8.4;    -999;    9.4;   72.00;   14.7;    4.3;    1.5;eor
       5717;20190517;-999;-999;-999;    3;   0.2;   4;-999;-999;  -999;  10.4;    -999;   11.2;   78.71;   15.6;    7.4;    4.8;eor
       5717;20190518;-999;-999;-999;    3;   5.4;   4;-999;-999;  -999;  12.8;    -999;   13.5;   83.96;   21.3;    7.0;    3.9;eor
       5717;20190519;-999;-999;-999;    3;   0.0;   0;-999;-999;  -999;  12.6;    -999;   15.0;   76.21;   22.8;    9.5;    6.3;eor
       5717;20190520;-999;-999;-999;    3;   1.4;   4;-999;-999;  -999;  13.4;    -999;   12.9;   90.17;   15.1;    8.5;    5.4;eor
       5717;20190521;-999;-999;-999;    3;   6.3;   4;-999;-999;  -999;  13.3;    -999;   11.8;   95.75;   12.8;   10.7;   10.6;eor
       5717;20190522;-999;-999;-999;    3;   0.0;   0;-999;-999;  -999;  11.2;    -999;   12.4;   79.08;   18.1;    8.6;    5.8;eor
       5717;20190523;-999;-999;-999;    3;   0.0;   0;-999;-999;  -999;  10.0;    -999;   14.5;   65.29;   22.0;    6.5;    3.4;eor
       5717;20190524;-999;-999;-999;    3;   0.3;   4;-999;-999;  -999;  10.8;    -999;   15.0;   66.92;   23.5;    6.9;    4.5;eor
       5717;20190525;-999;-999;-999;    3;   0.0;   0;-999;-999;  -999;  10.4;    -999;   13.0;   71.75;   19.8;    6.4;    2.8;eor
       5717;20190526;-999;-999;-999;    3;   8.2;   4;-999;-999;  -999;  12.1;    -999;   15.3;   70.92;   20.4;    8.0;    7.6;eor
       5717;20190527;-999;-999;-999;    3;   0.1;   4;-999;-999;  -999;  11.9;    -999;   14.8;   72.42;   19.5;    9.4;    7.1;eor
       5717;20190528;-999;-999;-999;    3;   5.5;   4;-999;-999;  -999;  11.0;    -999;   11.8;   80.04;   16.6;    8.2;    5.4;eor
       5717;20190529;-999;-999;-999;    3;   0.0;   0;-999;-999;  -999;   8.2;    -999;   12.8;   59.58;   19.5;    5.3;    1.9;eor
       5717;20190530;-999;-999;-999;    3;   0.2;   4;-999;-999;  -999;  13.2;    -999;   14.5;   79.29;   18.0;    9.3;    8.3;eor
       5717;20190531;-999;-999;-999;    3;   0.0;   0;-999;-999;  -999;  13.7;    -999;   17.8;   69.21;   22.5;   11.9;    9.3;eor
       5717;20190601;-999;-999;-999;    3;   0.0;   0;-999;-999;  -999;  13.8;    -999;   18.5;   68.21;   26.3;   10.0;    9.4;eor
       5717;20190602;-999;-999;-999;    3;   6.0;   4;-999;-999;  -999;  14.4;    -999;   22.4;   58.75;   30.6;   12.9;   10.0;eor
       5717;20190603;-999;-999;-999;    3;   5.7;   4;-999;-999;  -999;  17.1;    -999;   19.2;   77.21;   23.8;   16.3;   13.6;eor
       5717;20190604;-999;-999;-999;    3;   2.0;   4;-999;-999;  -999;  16.5;    -999;   21.6;   67.33;   28.2;   14.1;   13.1;eor
       5717;20190605;-999;-999;-999;    3;   8.7;   4;-999;-999;  -999;  17.8;    -999;   21.5;   70.79;   27.1;   15.7;   14.5;eor
       5717;20190606;-999;-999;-999;    3;   0.0;   4;-999;-999;  -999;  12.5;    -999;   14.2;   77.71;   18.2;    9.4;    7.8;eor
       5717;20190607;-999;-999;-999;    3;   3.9;   4;-999;-999;  -999;  11.1;    -999;   15.8;   64.50;   24.0;    7.7;    6.3;eor
       5717;20190608;-999;-999;-999;    3;   1.1;   4;-999;-999;  -999;  10.0;    -999;   14.9;   59.88;   18.3;    9.0;    6.4;eor
       5717;20190609;-999;-999;-999;    3;   0.0;   0;-999;-999;  -999;  10.8;    -999;   16.0;   62.92;   22.0;    7.8;    5.2;eor
       5717;20190610;-999;-999;-999;    3;   2.6;   4;-999;-999;  -999;  14.2;    -999;   18.6;   67.42;   24.2;   14.1;   12.0;eor
       5717;20190611;-999;-999;-999;    3;   0.0;   4;-999;-999;  -999;  12.9;    -999;   16.7;   68.88;   21.3;   13.1;   12.8;eor
       5717;20190612;-999;-999;-999;    3;   6.9;   4;-999;-999;  -999;  13.5;    -999;   16.3;   73.17;   20.6;   10.5;    7.8;eor
       5717;20190613;-999;-999;-999;    3;   0.5;   4;-999;-999;  -999;  11.1;    -999;   16.0;   63.21;   21.5;   10.3;    9.1;eor
       5717;20190614;-999;-999;-999;    3;   1.2;   4;-999;-999;  -999;  13.8;    -999;   19.1;   65.83;   26.4;    9.9;    8.2;eor
       5717;20190615;-999;-999;-999;    3;   0.0;   0;-999;-999;  -999;  15.8;    -999;   18.4;   76.13;   22.9;   14.7;   13.2;eor
       5717;20190616;-999;-999;-999;    3;   0.0;   0;-999;-999;  -999;  13.4;    -999;   17.9;   67.04;   22.5;   12.3;   10.6;eor
       5717;20190617;-999;-999;-999;    3;   0.0;   0;-999;-999;  -999;  13.0;    -999;   19.2;   62.75;   27.1;   10.6;    8.7;eor
       5717;20190618;-999;-999;-999;    3;   0.0;   0;-999;-999;  -999;  15.4;    -999;   21.5;   63.58;   28.7;   12.7;   11.0;eor
       5717;20190619;-999;-999;-999;    3;   3.3;   4;-999;-999;  -999;  16.4;    -999;   21.8;   67.38;   29.0;   15.0;   14.3;eor
       5717;20190620;-999;-999;-999;    3;   6.1;   4;-999;-999;  -999;  16.2;    -999;   17.2;   83.17;   21.5;   12.7;   11.4;eor
       5717;20190621;-999;-999;-999;    3;   0.0;   0;-999;-999;  -999;  12.2;    -999;   16.1;   68.92;   21.3;   11.8;    9.6;eor
       5717;20190622;-999;-999;-999;    3;   0.0;   0;-999;-999;  -999;  14.2;    -999;   19.0;   66.63;   24.7;   11.3;    8.5;eor
       5717;20190623;-999;-999;-999;    3;   0.0;   0;-999;-999;  -999;  14.4;    -999;   22.7;   57.46;   30.2;   13.6;   11.1;eor
       5717;20190624;-999;-999;-999;    3;   0.0;   0;-999;-999;  -999;  17.2;    -999;   25.6;   54.38;   31.6;   18.4;   15.8;eor
       5717;20190625;-999;-999;-999;    3;   0.0;   0;-999;-999;  -999;  18.8;    -999;   26.7;   56.38;   34.9;   17.0;   14.2;eor
       5717;20190626;-999;-999;-999;    3;   0.0;   0;-999;-999;  -999;  20.6;    -999;   25.0;   67.04;   30.6;   18.7;   16.7;eor
       5717;20190627;-999;-999;-999;    3;   0.0;   0;-999;-999;  -999;  13.1;    -999;   20.0;   58.67;   26.5;   14.7;   12.9;eor
       5717;20190628;-999;-999;-999;    3;   0.0;   0;-999;-999;  -999;  12.1;    -999;   19.1;   57.50;   26.9;   12.0;    9.0;eor
       5717;20190629;-999;-999;-999;    3;   0.0;   0;-999;-999;  -999;  12.2;    -999;   23.4;   49.63;   33.4;   11.7;    8.2;eor
       5717;20190630;-999;-999;-999;    3;   0.0;   0;-999;-999;  -999;  16.4;    -999;   23.7;   57.13;   30.9;   14.9;   10.9;eor
       5717;20190701;-999;-999;-999;    3;   0.0;   0;-999;-999;  -999;  13.4;    -999;   19.7;   59.46;   24.9;   12.8;    8.5;eor
       5717;20190702;-999;-999;-999;    3;   0.0;   0;-999;-999;  -999;  10.9;    -999;   16.5;   61.04;   23.4;    9.5;    6.9;eor
       5717;20190703;-999;-999;-999;    3;   0.0;   0;-999;-999;  -999;  10.1;    -999;   16.2;   57.33;   22.3;   10.6;    6.9;eor
       5717;20190704;-999;-999;-999;    3;   0.0;   0;-999;-999;  -999;   9.4;    -999;   17.1;   51.54;   24.6;    9.1;    5.8;eor
       5717;20190705;-999;-999;-999;    3;   0.0;   0;-999;-999;  -999;  12.5;    -999;   19.4;   56.96;   26.0;   12.9;   10.3;eor
       5717;20190706;-999;-999;-999;    3;   0.1;   4;-999;-999;  -999;  13.3;    -999;   18.7;   64.71;   27.1;   11.5;    9.4;eor
       5717;20190707;-999;-999;-999;    3;   0.0;   0;-999;-999;  -999;  10.6;    -999;   15.7;   61.00;   20.3;    9.5;    5.1;eor
       5717;20190708;-999;-999;-999;    3;   0.0;   0;-999;-999;  -999;  10.4;    -999;   13.0;   70.29;   17.7;    6.9;    3.6;eor
       5717;20190709;-999;-999;-999;    3;   0.0;   0;-999;-999;  -999;   9.6;    -999;   14.5;   61.42;   21.1;    8.3;    4.0;eor
       5717;20190710;-999;-999;-999;    3;   1.7;   4;-999;-999;  -999;  10.3;    -999;   15.6;   63.71;   24.1;    7.4;    3.1;eor
       5717;20190711;-999;-999;-999;    3;   0.3;   4;-999;-999;  -999;  16.5;    -999;   17.6;   82.83;   22.8;   14.1;   13.0;eor
       5717;20190712;-999;-999;-999;    3;   0.7;   4;-999;-999;  -999;  15.1;    -999;   18.3;   74.00;   24.7;   13.2;   12.4;eor
       5717;20190713;-999;-999;-999;    3;   1.7;   4;-999;-999;  -999;  15.1;    -999;   17.4;   77.04;   22.9;   14.3;   12.9;eor
       5717;20190714;-999;-999;-999;    3;   0.0;   0;-999;-999;  -999;  12.1;    -999;   15.6;   68.17;   18.2;   13.4;   13.5;eor
       5717;20190715;-999;-999;-999;    3;   0.0;   0;-999;-999;  -999;  12.0;    -999;   14.1;   75.13;   17.0;   10.1;    6.8;eor
       5717;20190716;-999;-999;-999;    3;   0.0;   0;-999;-999;  -999;  12.3;    -999;   13.9;   78.46;   20.0;    9.0;    5.5;eor
       5717;20190717;-999;-999;-999;    3;   0.0;   0;-999;-999;  -999;  13.2;    -999;   15.0;   78.75;   21.4;    9.1;    5.8;eor
       5717;20190718;-999;-999;-999;    3;   1.0;   4;-999;-999;  -999;  14.2;    -999;   18.6;   69.29;   26.7;   11.1;    9.0;eor
       5717;20190719;-999;-999;-999;    3;   0.0;   0;-999;-999;  -999;  15.1;    -999;   19.8;   68.04;   25.1;   15.7;   14.9;eor
       5717;20190720;-999;-999;-999;    3;   3.0;   4;-999;-999;  -999;  16.8;    -999;   20.4;   72.54;   29.3;   14.5;   13.1;eor
       5717;20190721;-999;-999;-999;    3;   0.0;   0;-999;-999;  -999;  15.5;    -999;   18.4;   75.92;   25.1;   12.8;   11.0;eor
       5717;20190722;-999;-999;-999;    3;   0.0;   0;-999;-999;  -999;  14.9;    -999;   20.9;   64.17;   28.4;   13.7;   12.1;eor
       5717;20190723;-999;-999;-999;    3;   0.0;   0;-999;-999;  -999;  15.8;    -999;   24.9;   56.33;   34.3;   14.5;   12.1;eor
       5717;20190724;-999;-999;-999;    3;   0.0;   0;-999;-999;  -999;  15.4;    -999;   28.1;   47.42;   38.3;   17.6;   15.0;eor
       5717;20190725;-999;-999;-999;    3;   0.0;   0;-999;-999;  -999;  16.4;    -999;   30.0;   44.54;   40.2;   18.7;   15.9;eor
       5717;20190726;-999;-999;-999;    3;   9.5;   4;-999;-999;  -999;  16.9;    -999;   28.2;   52.17;   39.7;   20.1;   16.9;eor
       5717;20190727;-999;-999;-999;    3;   0.0;   0;-999;-999;  -999;  20.9;    -999;   22.4;   78.46;   27.8;   18.2;   17.3;eor
       5717;20190728;-999;-999;-999;    3;   0.5;   4;-999;-999;  -999;  20.1;    -999;   19.3;   89.71;   21.8;   16.8;   16.2;eor
       5717;20190729;-999;-999;-999;    3;   0.0;   0;-999;-999;  -999;  14.8;    -999;   19.9;   67.08;   26.2;   14.8;   12.6;eor
       5717;20190730;-999;-999;-999;    3;   0.0;   0;-999;-999;  -999;  14.3;    -999;   21.8;   59.25;   30.7;   12.8;   11.5;eor
       5717;20190731;-999;-999;-999;    3;   4.4;   4;-999;-999;  -999;  13.9;    -999;   18.6;   66.54;   23.8;   13.6;   11.0;eor
       5717;20190801;-999;-999;-999;    3;   0.0;   0;-999;-999;  -999;  14.1;    -999;   18.2;   69.50;   24.8;   12.0;    9.8;eor
       5717;20190802;-999;-999;-999;    3;  20.6;   4;-999;-999;  -999;  15.6;    -999;   18.0;   77.88;   25.2;   12.2;    9.9;eor
       5717;20190803;-999;-999;-999;    3;   0.0;   4;-999;-999;  -999;  16.2;    -999;   17.9;   80.13;   22.3;   13.7;   11.9;eor
       5717;20190804;-999;-999;-999;    3;   0.0;   4;-999;-999;  -999;  14.6;    -999;   19.9;   66.71;   27.4;   12.2;   10.4;eor
       5717;20190805;-999;-999;-999;    3;   0.1;   4;-999;-999;  -999;  15.8;    -999;   21.6;   62.79;   26.8;   17.6;   16.0;eor
       5717;20190806;-999;-999;-999;    3;   0.0;   0;-999;-999;  -999;  15.5;    -999;   20.1;   67.17;   25.1;   17.1;   16.0;eor
       5717;20190807;-999;-999;-999;    3;   0.0;   0;-999;-999;  -999;  15.0;    -999;   20.1;   65.58;   24.3;   14.9;   13.8;eor
       5717;20190808;-999;-999;-999;    3;   0.0;   4;-999;-999;  -999;  15.0;    -999;   17.9;   74.58;   23.0;   11.8;    9.7;eor
       5717;20190809;-999;-999;-999;    3;   4.0;   4;-999;-999;  -999;  19.1;    -999;   19.7;   83.29;   24.2;   13.7;   12.8;eor
       5717;20190810;-999;-999;-999;    3;   0.0;   0;-999;-999;  -999;  15.0;    -999;   21.0;   61.75;   24.4;   15.7;   12.0;eor
       5717;20190811;-999;-999;-999;    3;   0.0;   0;-999;-999;  -999;  12.6;    -999;   17.6;   64.79;   22.7;   12.6;    9.7;eor
       5717;20190812;-999;-999;-999;    3;   6.0;   4;-999;-999;  -999;  13.4;    -999;   15.4;   78.88;   22.9;   11.2;    8.4;eor
       5717;20190813;-999;-999;-999;    3;   1.2;   4;-999;-999;  -999;  12.8;    -999;   14.4;   79.88;   20.2;   10.0;    9.5;eor
       5717;20190814;-999;-999;-999;    3;   4.4;   4;-999;-999;  -999;  11.6;    -999;   15.6;   69.75;   22.7;    7.7;    7.3;eor
       5717;20190815;-999;-999;-999;    3;   7.5;   4;-999;-999;  -999;  16.4;    -999;   16.6;   87.04;   21.1;   13.5;   11.6;eor
       5717;20190816;-999;-999;-999;    3;   0.6;   4;-999;-999;  -999;  14.4;    -999;   17.0;   76.58;   22.3;   11.5;   11.1;eor
       5717;20190817;-999;-999;-999;    3;  10.5;   4;-999;-999;  -999;  17.4;    -999;   17.6;   86.21;   20.6;   15.0;   14.7;eor
       5717;20190818;-999;-999;-999;    3;  11.5;   4;-999;-999;  -999;  17.4;    -999;   16.4;   93.33;   19.1;   13.5;   11.6;eor
       5717;20190819;-999;-999;-999;    3;   0.0;   0;-999;-999;  -999;  12.7;    -999;   16.0;   73.13;   22.0;   10.2;    7.2;eor
       5717;20190820;-999;-999;-999;    3;   0.0;   0;-999;-999;  -999;  12.3;    -999;   15.3;   73.79;   21.1;    9.7;    7.2;eor
       5717;20190821;-999;-999;-999;    3;   0.0;   0;-999;-999;  -999;  11.6;    -999;   15.5;   69.67;   22.8;    8.8;    7.6;eor
       5717;20190822;-999;-999;-999;    3;   0.0;   0;-999;-999;  -999;  11.6;    -999;   17.4;   63.63;   26.1;    9.3;    7.4;eor
       5717;20190823;-999;-999;-999;    3;   0.0;   0;-999;-999;  -999;  13.5;    -999;   19.4;   64.92;   28.6;    9.7;    7.2;eor
       5717;20190824;-999;-999;-999;    3;   0.0;   0;-999;-999;  -999;  13.3;    -999;   20.7;   60.08;   31.0;   11.0;    7.5;eor
       5717;20190825;-999;-999;-999;    3;   0.0;   0;-999;-999;  -999;  17.7;    -999;   21.9;   69.67;   31.1;   13.0;   10.4;eor
       5717;20190826;-999;-999;-999;    3;   0.0;   0;-999;-999;  -999;  20.3;    -999;   22.8;   75.88;   32.6;   16.1;   13.7;eor
       5717;20190827;-999;-999;-999;    3;   0.0;   0;-999;-999;  -999;  18.5;    -999;   23.5;   67.96;   32.9;   15.6;   13.0;eor
       5717;20190828;-999;-999;-999;    3;   0.0;   0;-999;-999;  -999;  18.2;    -999;   23.3;   66.21;   29.5;   17.2;   15.6;eor
       5717;20190829;-999;-999;-999;    3;   0.0;   0;-999;-999;  -999;  17.6;    -999;   21.0;   71.67;   25.0;   17.3;   15.2;eor
       5717;20190830;-999;-999;-999;    3;   0.0;   0;-999;-999;  -999;  14.6;    -999;   19.4;   67.67;   26.1;   14.0;   10.2;eor
       5717;20190831;-999;-999;-999;    3;   2.2;   4;-999;-999;  -999;  15.9;    -999;   22.1;   65.75;   31.8;   12.0;    9.0;eor
       5717;20190901;-999;-999;-999;    3;   0.1;   4;-999;-999;  -999;  13.8;    -999;   16.6;   73.33;   20.3;   10.5;    6.0;eor
       5717;20190902;-999;-999;-999;    3;   0.0;   0;-999;-999;  -999;  10.1;    -999;   13.9;   67.58;   21.1;    7.3;    5.3;eor
       5717;20190903;-999;-999;-999;    3;   0.0;   0;-999;-999;  -999;  12.2;    -999;   14.6;   73.25;   19.4;    8.7;    6.9;eor
       5717;20190904;-999;-999;-999;    3;   2.6;   4;-999;-999;  -999;  14.1;    -999;   17.1;   74.21;   23.8;   12.9;   10.7;eor
       5717;20190905;-999;-999;-999;    3;   0.1;   4;-999;-999;  -999;  12.1;    -999;   13.4;   79.58;   18.3;    7.7;    5.5;eor
       5717;20190906;-999;-999;-999;    3;   1.2;   4;-999;-999;  -999;   9.5;    -999;   12.5;   69.50;   19.7;    5.2;    2.2;eor
       5717;20190907;-999;-999;-999;    3;   1.6;   4;-999;-999;  -999;  12.9;    -999;   13.3;   85.33;   17.8;    9.4;    6.8;eor
       5717;20190908;-999;-999;-999;    3;   1.7;   4;-999;-999;  -999;  12.7;    -999;   12.6;   87.88;   17.2;    9.2;    7.6;eor
       5717;20190909;-999;-999;-999;    3;   0.0;   0;-999;-999;  -999;  11.2;    -999;   12.5;   79.21;   17.9;    8.2;    6.6;eor
       5717;20190910;-999;-999;-999;    3;   0.0;   0;-999;-999;  -999;   9.7;    -999;   12.6;   71.04;   20.5;    5.5;    3.4;eor
       5717;20190911;-999;-999;-999;    3;   2.4;   4;-999;-999;  -999;  12.3;    -999;   13.4;   80.42;   19.4;    7.0;    6.1;eor
       5717;20190912;-999;-999;-999;    3;   0.3;   4;-999;-999;  -999;  16.3;    -999;   17.6;   82.46;   23.0;   14.2;   11.9;eor
       5717;20190913;-999;-999;-999;    3;   0.5;   4;-999;-999;  -999;  15.9;    -999;   17.2;   80.75;   21.7;   11.7;    7.9;eor
       5717;20190914;-999;-999;-999;    3;   0.0;   0;-999;-999;  -999;  11.0;    -999;   14.5;   70.75;   22.3;    8.0;    4.3;eor
       5717;20190915;-999;-999;-999;    3;   0.0;   0;-999;-999;  -999;  10.8;    -999;   15.1;   67.88;   24.5;    7.1;    6.1;eor
       5717;20190916;-999;-999;-999;    3;   1.3;   4;-999;-999;  -999;  14.4;    -999;   14.1;   89.79;   18.1;   11.5;   10.1;eor
       5717;20190917;-999;-999;-999;    3;   0.0;   0;-999;-999;  -999;  11.3;    -999;   13.1;   75.92;   18.4;    6.0;    2.1;eor
       5717;20190918;-999;-999;-999;    3;   0.0;   0;-999;-999;  -999;   9.0;    -999;   10.5;   73.83;   17.5;    3.3;    0.9;eor
       5717;20190919;-999;-999;-999;    3;   0.0;   0;-999;-999;  -999;   8.4;    -999;    9.9;   72.29;   17.2;    3.4;    1.0;eor
       5717;20190920;-999;-999;-999;    3;   0.0;   0;-999;-999;  -999;   8.2;    -999;   11.2;   67.75;   21.7;    2.9;   -0.7;eor
       5717;20190921;-999;-999;-999;    3;   0.0;   0;-999;-999;  -999;   8.5;    -999;   15.4;   54.54;   25.6;    4.5;    1.6;eor
       5717;20190922;-999;-999;-999;    3;   2.8;   4;-999;-999;  -999;  12.8;    -999;   20.0;   55.08;   26.7;   12.9;    9.9;eor
       5717;20190923;-999;-999;-999;    3;   0.7;   4;-999;-999;  -999;  15.2;    -999;   15.6;   86.33;   20.0;   12.0;   11.2;eor
       5717;20190924;-999;-999;-999;    3;   3.6;   4;-999;-999;  -999;  13.1;    -999;   14.6;   80.67;   19.3;   10.1;    8.7;eor
       5717;20190925;-999;-999;-999;    3;   0.9;   4;-999;-999;  -999;  14.7;    -999;   15.0;   87.04;   18.1;   13.4;   12.8;eor
       5717;20190926;-999;-999;-999;    3;  12.3;   4;-999;-999;  -999;  16.8;    -999;   15.5;   94.58;   17.1;   14.0;   13.1;eor
       5717;20190927;-999;-999;-999;    3;   2.9;   4;-999;-999;  -999;  13.8;    -999;   15.3;   80.54;   19.8;   12.9;   12.2;eor
       5717;20190928;-999;-999;-999;    3;  12.8;   4;-999;-999;  -999;  13.9;    -999;   14.4;   85.04;   17.0;   13.0;   11.9;eor
       5717;20190929;-999;-999;-999;    3;  18.1;   4;-999;-999;  -999;  14.6;    -999;   14.6;   87.33;   17.2;   12.5;   11.9;eor
       5717;20190930;-999;-999;-999;    3;   6.9;   4;-999;-999;  -999;  13.2;    -999;   13.7;   84.63;   17.3;   11.5;    9.9;eor
       5717;20191001;-999;-999;-999;    3;  19.0;   4;-999;   0;  -999;  15.5;    -999;   14.5;   93.50;   16.3;   12.4;   12.1;eor
       5717;20191002;-999;-999;-999;    3;   0.0;   0;-999;   0;  -999;  10.2;    -999;   10.5;   80.75;   14.0;    8.2;    5.6;eor
       5717;20191003;-999;-999;-999;    3;   1.3;   4;-999;   0;  -999;  11.2;    -999;    9.8;   92.21;   13.0;    8.5;    7.6;eor
       5717;20191004;-999;-999;-999;    3;   9.1;   4;-999;   0;  -999;  11.6;    -999;   10.3;   92.00;   12.9;    8.4;    7.7;eor
       5717;20191005;-999;-999;-999;    3;   0.0;   0;-999;   0;  -999;   9.7;    -999;    9.2;   84.13;   12.5;    5.7;    3.8;eor
       5717;20191006;-999;-999;-999;    3;  12.5;   4;-999;   0;  -999;   9.4;    -999;    8.7;   83.38;    9.8;    6.3;    5.4;eor
       5717;20191007;-999;-999;-999;    3;   8.5;   4;-999;   0;  -999;  10.4;    -999;   10.1;   83.67;   12.1;    8.2;    7.7;eor
       5717;20191008;-999;-999;-999;    3;   9.9;   4;-999;   0;  -999;  13.7;    -999;   12.7;   93.17;   14.4;   11.2;   10.8;eor
       5717;20191009;-999;-999;-999;    3;   3.6;   4;-999;   0;  -999;  11.5;    -999;   12.0;   82.17;   14.1;   10.3;    9.0;eor
       5717;20191010;-999;-999;-999;    3;   0.0;   0;-999;   0;  -999;  10.8;    -999;   11.8;   78.38;   15.3;    9.5;    8.6;eor
       5717;20191011;-999;-999;-999;    3;   0.0;   0;-999;   0;  -999;  12.2;    -999;   14.1;   75.29;   16.5;   11.0;   10.0;eor
       5717;20191012;-999;-999;-999;    3;   0.0;   0;-999;   0;  -999;  13.9;    -999;   16.0;   76.63;   18.7;   13.2;   10.7;eor
       5717;20191013;-999;-999;-999;    3;   0.2;   4;-999;   0;  -999;  16.6;    -999;   19.1;   76.08;   24.0;   13.2;   11.1;eor
       5717;20191014;-999;-999;-999;    3;   0.0;   0;-999;   0;  -999;  15.1;    -999;   18.2;   73.29;   23.1;   12.2;    9.7;eor
       5717;20191015;-999;-999;-999;    3;  10.9;   4;-999;   0;  -999;  14.5;    -999;   14.9;   86.13;   18.1;   12.2;    9.9;eor
       5717;20191016;-999;-999;-999;    3;   9.4;   4;-999;   0;  -999;  13.4;    -999;   12.6;   91.88;   14.1;   10.8;   10.6;eor
       5717;20191017;-999;-999;-999;    3;   5.1;   4;-999;   0;  -999;  14.7;    -999;   13.7;   93.75;   14.9;   12.8;   11.4;eor
       5717;20191018;-999;-999;-999;    3;   4.8;   4;-999;   0;  -999;  11.9;    -999;   11.9;   84.88;   15.9;    9.2;    7.0;eor
       5717;20191019;-999;-999;-999;    3;   9.8;   4;-999;   0;  -999;  12.6;    -999;   11.7;   91.08;   13.7;    9.4;    8.3;eor
       5717;20191020;-999;-999;-999;    3;  13.3;   4;-999;   0;  -999;  13.4;    -999;   11.8;   96.88;   13.2;   10.8;   10.2;eor
       5717;20191021;-999;-999;-999;    3;   0.0;   0;-999;   0;  -999;  12.7;    -999;   13.4;   83.00;   17.1;    9.7;    7.3;eor
       5717;20191022;-999;-999;-999;    3;   0.0;   0;-999;   0;  -999;  11.4;    -999;   10.9;   87.08;   13.3;    8.4;    5.9;eor
       5717;20191023;-999;-999;-999;    3;   0.0;   0;-999;   0;  -999;  12.8;    -999;   13.5;   83.67;   20.3;    9.2;    8.4;eor
       5717;20191024;-999;-999;-999;    3;   0.0;   0;-999;   0;  -999;  13.3;    -999;   14.6;   80.71;   20.2;   11.6;    8.4;eor
       5717;20191025;-999;-999;-999;    3;   0.0;   0;-999;   0;  -999;  11.7;    -999;   14.5;   71.33;   16.6;   12.5;   10.6;eor
       5717;20191026;-999;-999;-999;    3;   2.9;   4;-999;   0;  -999;  12.6;    -999;   16.4;   67.58;   19.6;   14.1;   12.8;eor
       5717;20191027;-999;-999;-999;    3;   0.2;   4;-999;   0;  -999;  10.2;    -999;    9.7;   84.13;   17.9;    2.5;    1.2;eor
       5717;20191028;-999;-999;-999;    3;   0.0;   0;-999;   0;  -999;   8.2;    -999;    5.0;   94.04;   11.8;    1.6;    0.9;eor
       5717;20191029;-999;-999;-999;    3;   0.0;   0;-999;   0;  -999;   7.9;    -999;    6.1;   85.21;   11.5;    1.2;   -1.3;eor
       5717;20191030;-999;-999;-999;    3;   0.0;   0;-999;   0;  -999;   6.6;    -999;    3.7;   85.00;    9.5;   -1.1;   -3.5;eor
       5717;20191031;-999;-999;-999;    3;   0.0;   0;-999;   0;  -999;   5.9;    -999;    3.6;   77.13;   11.1;   -1.4;   -4.6;eor
       5717;20191101;-999;-999;-999;    3;  14.4;   4;-999;   0;  -999;   9.2;    -999;    7.2;   87.75;   11.6;    4.3;    2.7;eor
       5717;20191102;-999;-999;-999;    3;   4.0;   4;-999;   0;  -999;  12.5;    -999;   13.1;   82.58;   14.8;   11.2;   10.0;eor
       5717;20191103;-999;-999;-999;    3;   5.5;   4;-999;   0;  -999;  11.9;    -999;   11.5;   87.38;   13.8;    9.5;    8.7;eor
       5717;20191104;-999;-999;-999;    3;  11.0;   4;-999;   0;  -999;  11.3;    -999;    9.8;   93.08;   11.5;    8.5;    6.3;eor
       5717;20191105;-999;-999;-999;    3;   5.8;   4;-999;   0;  -999;  10.7;    -999;    8.7;   94.42;   10.7;    7.6;    6.6;eor
       5717;20191106;-999;-999;-999;    3;   4.1;   4;-999;   0;  -999;  10.3;    -999;    8.0;   96.13;    9.5;    5.9;    5.5;eor
       5717;20191107;-999;-999;-999;    3;   3.5;   4;-999;   0;  -999;   9.4;    -999;    7.5;   90.04;    9.9;    3.3;    1.6;eor
       5717;20191108;-999;-999;-999;    3;   0.1;   4;-999;   0;  -999;   7.8;    -999;    4.6;   92.13;   10.1;    0.7;   -0.7;eor
       5717;20191109;-999;-999;-999;    3;   0.2;   4;-999;   0;  -999;   7.7;    -999;    3.7;   96.17;    6.8;   -0.5;   -1.9;eor
       5717;20191110;-999;-999;-999;    3;   0.0;   0;-999;   0;  -999;   6.5;    -999;    2.0;   92.04;    9.6;   -2.0;   -3.7;eor
       5717;20191111;-999;-999;-999;    3;   4.0;   4;-999;   0;  -999;   7.4;    -999;    4.4;   87.96;    6.5;    1.7;    1.6;eor
       5717;20191112;-999;-999;-999;    3;   2.6;   4;-999;   0;  -999;   7.4;    -999;    4.2;   89.79;    5.9;    0.9;   -0.4;eor
       5717;20191113;-999;-999;-999;    3;   1.0;   4;-999;   0;  -999;   7.6;    -999;    4.4;   90.33;    6.8;    1.5;    0.5;eor
       5717;20191114;-999;-999;-999;    3;   0.0;   0;-999;   0;  -999;   7.1;    -999;    5.0;   82.58;    8.3;    0.8;   -1.0;eor
       5717;20191115;-999;-999;-999;    3;   0.0;   0;-999;   0;  -999;   6.7;    -999;    3.5;   85.75;    6.8;    0.6;   -1.4;eor
       5717;20191116;-999;-999;-999;    3;   0.0;   0;-999;   0;  -999;   6.7;    -999;    3.3;   87.46;    8.1;   -0.7;   -2.5;eor
       5717;20191117;-999;-999;-999;    3;  12.5;   4;-999;   0;  -999;   6.6;    -999;    2.1;   92.33;    5.9;   -1.7;   -3.7;eor
       5717;20191118;-999;-999;-999;    3;  31.4;   4;-999;   0;  -999;   8.2;    -999;    4.5;   97.42;    6.5;    3.1;    2.9;eor
       5717;20191119;-999;-999;-999;    3;   3.5;   4;-999;   0;  -999;   7.8;    -999;    4.1;   95.08;    6.4;    1.2;    0.7;eor
       5717;20191120;-999;-999;-999;    3;   0.0;   0;-999;   0;  -999;   6.5;    -999;    1.7;   94.75;    6.0;   -1.5;   -3.7;eor
       5717;20191121;-999;-999;-999;    3;   1.0;   4;-999;   0;  -999;   6.5;    -999;    2.7;   88.00;    7.1;   -2.4;   -4.6;eor
       5717;20191122;-999;-999;-999;    3;   2.6;   4;-999;   0;  -999;   8.1;    -999;    5.7;   88.29;    7.9;    1.8;   -0.5;eor
       5717;20191123;-999;-999;-999;    3;   0.0;   0;-999;   0;  -999;   7.8;    -999;    6.4;   83.29;   14.9;    2.2;   -0.2;eor
       5717;20191124;-999;-999;-999;    3;   0.0;   0;-999;   0;  -999;   7.8;    -999;    4.7;   92.04;   11.3;    0.9;   -0.8;eor
       5717;20191125;-999;-999;-999;    3;   0.0;   0;-999;   0;  -999;   8.8;    -999;    5.9;   93.88;    9.2;    2.2;    0.9;eor
       5717;20191126;-999;-999;-999;    3;   0.4;   4;-999;   0;  -999;  10.3;    -999;    8.9;   90.17;   11.0;    5.2;    4.1;eor
       5717;20191127;-999;-999;-999;    3;   4.9;   4;-999;   0;  -999;  10.5;    -999;   10.6;   82.33;   12.0;    9.4;    8.7;eor
       5717;20191128;-999;-999;-999;    3;  17.1;   4;-999;   0;  -999;  10.4;    -999;    9.6;   87.46;   11.2;    7.9;    7.3;eor
       5717;20191129;-999;-999;-999;    3;   0.0;   0;-999;   0;  -999;   7.6;    -999;    5.0;   86.83;    8.2;    0.7;   -1.6;eor
       5717;20191130;-999;-999;-999;    3;   0.0;   0;-999;   0;  -999;   6.3;    -999;    0.7;   97.79;    3.5;   -1.9;   -3.6;eor
       5717;20191201;-999;-999;-999;    3;   0.0;   0;-999;   0;  -999;   5.6;    -999;    0.5;   89.21;    4.2;   -2.4;   -3.8;eor
       5717;20191202;-999;-999;-999;    3;   3.3;   4;-999;   0;  -999;   7.0;    -999;    2.0;   97.50;    5.0;   -1.7;   -3.6;eor
       5717;20191203;-999;-999;-999;    3;   0.4;   4;-999;   0;  -999;   8.5;    -999;    5.0;   97.46;    6.9;    1.7;    1.2;eor
       5717;20191204;-999;-999;-999;    3;   0.0;   0;-999;   0;  -999;   6.5;    -999;    1.9;   93.21;    7.2;   -0.6;   -2.2;eor
       5717;20191205;-999;-999;-999;    3;   0.0;   0;-999;   0;  -999;   5.9;    -999;    0.6;   91.67;    4.3;   -2.2;   -3.7;eor
       5717;20191206;-999;-999;-999;    3;  23.2;   4;-999;   0;  -999;   7.1;    -999;    3.5;   87.92;    8.4;    0.8;    0.5;eor
       5717;20191207;-999;-999;-999;    3;   0.5;   4;-999;   0;  -999;   9.5;    -999;    8.3;   86.17;    8.9;    7.5;    6.6;eor
       5717;20191208;-999;-999;-999;    3;  14.4;   4;-999;   0;  -999;   9.2;    -999;    8.8;   81.29;   10.4;    5.6;    4.0;eor
       5717;20191209;-999;-999;-999;    3;  11.7;   4;-999;   0;  -999;   8.0;    -999;    6.1;   84.54;    7.4;    1.6;   -0.9;eor
       5717;20191210;-999;-999;-999;    3;   2.8;   4;-999;   0;  -999;   6.3;    -999;    2.8;   84.96;    6.3;   -0.9;   -2.6;eor
       5717;20191211;-999;-999;-999;    3;   8.6;   4;-999;   0;  -999;   7.4;    -999;    3.7;   92.96;    4.7;    2.9;    2.1;eor
       5717;20191212;-999;-999;-999;    3;   0.2;   4;-999;   0;  -999;   6.8;    -999;    4.0;   83.63;    5.8;    3.1;    1.6;eor
       5717;20191213;-999;-999;-999;    3;  14.5;   4;-999;   0;  -999;   7.1;    -999;    3.6;   88.88;    6.2;    1.8;    1.0;eor
       5717;20191214;-999;-999;-999;    3;  11.0;   4;-999;   0;  -999;   7.5;    -999;    5.0;   85.92;    6.7;    2.3;    0.3;eor
       5717;20191215;-999;-999;-999;    3;   4.5;   4;-999;   0;  -999;   7.8;    -999;    6.6;   79.88;   10.0;    1.1;   -1.5;eor
       5717;20191216;-999;-999;-999;    3;   0.8;   4;-999;   0;  -999;   9.6;    -999;    7.1;   94.50;    9.7;    2.0;    0.1;eor
       5717;20191217;-999;-999;-999;    3;   8.6;   4;-999;   0;  -999;  10.4;    -999;   12.0;   74.63;   14.8;    8.5;    7.0;eor
       5717;20191218;-999;-999;-999;    3;   0.0;   0;-999;   0;  -999;   9.2;    -999;    8.0;   86.13;   10.0;    4.3;    1.6;eor
       5717;20191219;-999;-999;-999;    3;   0.0;   0;-999;   0;  -999;   9.6;    -999;   11.2;   72.67;   15.5;    8.2;    6.1;eor
       5717;20191220;-999;-999;-999;    3;   1.1;   4;-999;   0;  -999;   9.1;    -999;   10.8;   69.58;   13.2;    8.7;    6.0;eor
       5717;20191221;-999;-999;-999;    3;   1.6;   4;-999;   0;  -999;   8.1;    -999;    8.1;   74.54;    9.5;    6.2;    4.6;eor
       5717;20191222;-999;-999;-999;    3;  11.7;   4;-999;   0;  -999;   9.3;    -999;    7.7;   88.33;    9.4;    6.2;    5.0;eor
       5717;20191223;-999;-999;-999;    3;   2.4;   4;-999;   0;  -999;   9.1;    -999;    7.4;   88.46;    8.2;    6.4;    4.1;eor
       5717;20191224;-999;-999;-999;    3;  13.2;   4;-999;   0;  -999;   9.2;    -999;    7.5;   88.42;    9.9;    5.7;    4.3;eor
       5717;20191225;-999;-999;-999;    3;   1.2;   4;-999;   0;  -999;   9.4;    -999;    7.2;   92.08;    8.4;    5.8;    4.1;eor
       5717;20191226;-999;-999;-999;    3;   0.3;   4;-999;   0;  -999;   8.1;    -999;    5.5;   89.58;    6.4;    4.8;    3.9;eor
       5717;20191227;-999;-999;-999;    3;   0.0;   0;-999;   0;  -999;   7.4;    -999;    3.7;   92.50;    5.6;   -1.1;   -2.6;eor
       5717;20191228;-999;-999;-999;    3;   0.0;   0;-999;   0;  -999;   5.5;    -999;    0.4;   87.63;    3.6;   -2.5;   -4.4;eor
       5717;20191229;-999;-999;-999;    3;   0.0;   0;-999;   0;  -999;   4.6;    -999;    2.2;   64.96;    4.9;    0.3;   -0.8;eor
       5717;20191230;-999;-999;-999;    3;   0.0;   0;-999;   0;  -999;   4.4;    -999;    2.7;   61.38;   10.2;   -1.1;   -3.1;eor
       5717;20191231;-999;-999;-999;    3;   0.0;   0;-999;   0;  -999;   6.2;    -999;    1.9;   88.04;    6.3;   -2.2;   -4.3;eor
       5717;20200101;-999;-999;-999;    3;   0.0;   0;-999;   0;  -999;   5.7;    -999;    1.6;   84.08;    4.5;   -1.6;   -4.9;eor
       5717;20200102;-999;-999;-999;    3;   0.0;   0;-999;   0;  -999;   6.3;    -999;    1.9;   88.88;    5.8;   -1.1;   -2.8;eor
       5717;20200103;-999;-999;-999;    3;   7.2;   4;-999;   0;  -999;   9.3;    -999;    7.3;   90.13;    9.4;    3.6;    0.5;eor
       5717;20200104;-999;-999;-999;    3;   9.9;   4;-999;   0;  -999;   8.1;    -999;    5.0;   93.50;    6.6;    2.6;   -0.4;eor
       5717;20200105;-999;-999;-999;    3;   0.0;   0;-999;   0;  -999;   8.6;    -999;    5.8;   93.38;    6.6;    4.3;    4.1;eor
       5717;20200106;-999;-999;-999;    3;   1.6;   4;-999;   0;  -999;   6.7;    -999;    4.7;   78.08;    6.7;    2.7;    0.9;eor
       5717;20200107;-999;-999;-999;    3;   0.1;   4;-999;   0;  -999;   8.3;    -999;    5.5;   91.71;    7.7;    2.9;    2.5;eor
       5717;20200108;-999;-999;-999;    3;   9.4;   4;-999;   0;  -999;  10.4;    -999;    8.2;   94.67;   10.4;    5.9;    5.4;eor
       5717;20200109;-999;-999;-999;    3;   7.3;   4;-999;   0;  -999;  12.2;    -999;   10.8;   93.50;   12.3;    9.6;    9.2;eor
       5717;20200110;-999;-999;-999;    3;   7.7;   4;-999;   0;  -999;   9.4;    -999;    7.1;   91.83;   10.0;    0.7;   -0.7;eor
       5717;20200111;-999;-999;-999;    3;   0.0;   0;-999;   0;  -999;   7.1;    -999;    4.3;   85.21;    6.4;    0.5;   -0.3;eor
       5717;20200112;-999;-999;-999;    3;   1.7;   4;-999;   0;  -999;   7.7;    -999;    5.3;   85.17;    7.9;    2.7;    1.6;eor
       5717;20200113;-999;-999;-999;    3;   0.1;   4;-999;   0;  -999;   8.4;    -999;    6.9;   84.33;    8.1;    5.4;    3.9;eor
       5717;20200114;-999;-999;-999;    3;   2.1;   4;-999;   0;  -999;   9.2;    -999;    9.4;   78.08;   11.8;    7.8;    7.0;eor
       5717;20200115;-999;-999;-999;    3;   1.4;   4;-999;   0;  -999;   9.2;    -999;   11.0;   70.13;   13.0;    6.6;    2.5;eor
       5717;20200116;-999;-999;-999;    3;   0.0;   0;-999;   0;  -999;   8.2;    -999;    6.5;   85.50;   11.6;    0.5;   -0.7;eor
       5717;20200117;-999;-999;-999;    3;   4.1;   4;-999;   0;  -999;   8.8;    -999;    8.1;   81.63;    9.6;    4.7;    3.2;eor
       5717;20200118;-999;-999;-999;    3;   5.6;   4;-999;   0;  -999;   7.1;    -999;    4.2;   86.50;    6.3;    1.3;    0.0;eor
       5717;20200119;-999;-999;-999;    3;   0.1;   4;-999;   0;  -999;   7.0;    -999;    2.5;   95.00;    5.3;   -1.0;   -2.1;eor
       5717;20200120;-999;-999;-999;    3;   0.0;   0;-999;   0;  -999;   6.9;    -999;    2.0;   96.92;    6.8;   -0.9;   -2.3;eor
       5717;20200121;-999;-999;-999;    3;   0.0;   0;-999;   0;  -999;   5.4;    -999;   -0.2;   90.79;    6.1;   -3.2;   -5.5;eor
       5717;20200122;-999;-999;-999;    3;   0.0;   0;-999;   0;  -999;   5.7;    -999;   -0.7;   96.96;    1.4;   -4.5;   -6.6;eor
       5717;20200123;-999;-999;-999;    3;   0.0;   0;-999;   0;  -999;   6.5;    -999;    1.8;   92.67;    3.5;   -1.3;   -3.4;eor
       5717;20200124;-999;-999;-999;    3;   0.0;   0;-999;   0;  -999;   5.5;    -999;    0.0;   90.04;    0.5;   -1.3;   -3.3;eor
       5717;20200125;-999;-999;-999;    3;   0.0;   0;-999;   0;  -999;   6.5;    -999;    1.3;   96.04;    2.5;   -0.2;    0.0;eor
       5717;20200126;-999;-999;-999;    3;   3.0;   4;-999;   0;  -999;   7.3;    -999;    4.2;   89.00;    8.7;   -0.1;   -0.6;eor
       5717;20200127;-999;-999;-999;    3;   8.1;   4;-999;   0;  -999;   9.0;    -999;    6.6;   91.58;    8.0;    5.2;    4.2;eor
       5717;20200128;-999;-999;-999;    3;   5.5;   4;-999;   0;  -999;   7.2;    -999;    4.9;   82.75;    7.4;    2.5;    0.4;eor
       5717;20200129;-999;-999;-999;    3;   0.7;   4;-999;   0;  -999;   6.7;    -999;    4.3;   81.42;    5.7;    3.3;    2.4;eor
       5717;20200130;-999;-999;-999;    3;   6.5;   4;-999;   0;  -999;   8.5;    -999;    7.7;   80.75;   11.9;    5.5;    5.0;eor
       5717;20200131;-999;-999;-999;    3;   1.9;   4;-999;   0;  -999;  11.1;    -999;   11.6;   80.71;   13.1;   10.0;    9.0;eor
       5717;20200201;-999;-999;-999;    3;  24.9;   4;-999;   0;  -999;  10.9;    -999;   10.6;   84.29;   11.9;    8.1;    5.9;eor
       5717;20200202;-999;-999;-999;    3;   5.4;   4;-999;   0;  -999;   9.9;    -999;    9.1;   84.63;   12.6;    5.8;    5.4;eor
       5717;20200203;-999;-999;-999;    3;  12.6;   4;-999;   0;  -999;   9.6;    -999;    9.5;   81.17;   10.9;    4.7;    4.3;eor
       5717;20200204;-999;-999;-999;    3;   6.8;   4;-999;   0;  -999;   7.5;    -999;    4.3;   90.54;    5.3;    2.3;    2.0;eor
       5717;20200205;-999;-999;-999;    3;   0.0;   0;-999;   0;  -999;   6.9;    -999;    3.2;   90.25;    7.2;    0.4;   -1.5;eor
       5717;20200206;-999;-999;-999;    3;   0.0;   0;-999;   0;  -999;   6.8;    -999;    3.5;   86.88;    6.0;    0.5;   -1.4;eor
       5717;20200207;-999;-999;-999;    3;   0.0;   0;-999;   0;  -999;   5.7;    -999;    3.5;   74.88;    8.9;   -1.4;   -3.4;eor
       5717;20200208;-999;-999;-999;    3;   0.4;   4;-999;   0;  -999;   7.0;    -999;    6.2;   72.71;    9.5;    2.6;    1.4;eor
       5717;20200209;-999;-999;-999;    3;   2.7;   4;-999;   0;  -999;   8.8;    -999;   10.2;   70.88;   13.1;    6.4;    4.3;eor
       5717;20200210;-999;-999;-999;    3;   5.7;   4;-999;   0;  -999;   7.7;    -999;    7.9;   71.71;   11.5;    3.2;    2.5;eor
       5717;20200211;-999;-999;-999;    3;   1.0;   4;-999;   0;  -999;   5.6;    -999;    4.8;   65.33;    7.4;    2.1;    0.8;eor
       5717;20200212;-999;-999;-999;    3;   0.0;   0;-999;   0;  -999;   6.0;    -999;    4.5;   71.29;    7.0;    1.6;   -1.3;eor
       5717;20200213;-999;-999;-999;    3;  12.7;   4;-999;   0;  -999;   7.2;    -999;    4.2;   87.17;    6.4;    1.3;   -0.7;eor
       5717;20200214;-999;-999;-999;    3;   0.9;   4;-999;   0;  -999;   8.2;    -999;    5.9;   88.58;    7.2;    4.7;    3.0;eor
       5717;20200215;-999;-999;-999;    3;   3.7;   4;-999;   0;  -999;   8.0;    -999;    8.3;   74.46;   12.3;    3.5;    1.7;eor
       5717;20200216;-999;-999;-999;    3;  12.2;   4;-999;   0;  -999;  10.2;    -999;   13.1;   68.96;   17.5;    7.6;    6.7;eor
       5717;20200217;-999;-999;-999;    3;   0.3;   4;-999;   0;  -999;   7.9;    -999;    8.2;   72.29;   10.7;    7.1;    5.8;eor
       5717;20200218;-999;-999;-999;    3;  11.6;   4;-999;   0;  -999;   7.3;    -999;    6.8;   74.13;    7.8;    5.3;    4.2;eor
       5717;20200219;-999;-999;-999;    3;   1.1;   4;-999;   0;  -999;   6.8;    -999;    4.8;   79.58;    7.3;    0.8;   -1.9;eor
       5717;20200220;-999;-999;-999;    3;   9.4;   4;-999;   0;  -999;   8.3;    -999;    6.8;   84.00;    9.4;    4.0;    3.2;eor
       5717;20200221;-999;-999;-999;    3;   0.0;   0;-999;   0;  -999;   6.8;    -999;    5.9;   74.08;    8.5;    2.6;    1.1;eor
       5717;20200222;-999;-999;-999;    3;  13.3;   4;-999;   0;  -999;   7.8;    -999;    7.9;   71.83;   10.2;    4.6;    3.1;eor
       5717;20200223;-999;-999;-999;    3;  26.8;   4;-999;   0;  -999;  10.3;    -999;    9.1;   87.58;   12.0;    3.5;    0.8;eor
       5717;20200224;-999;-999;-999;    3;   5.8;   4;-999;   0;  -999;   8.7;    -999;    6.2;   90.29;   11.3;    1.3;   -1.4;eor
       5717;20200225;-999;-999;-999;    3;  16.0;   4;-999;   0;  -999;   7.9;    -999;    7.1;   78.54;   10.6;    3.0;    2.3;eor
       5717;20200226;-999;-999;-999;    3;   9.2;   4;-999;   2;  -999;   6.6;    -999;    2.4;   91.17;    4.0;    0.5;    0.1;eor
       5717;20200227;-999;-999;-999;    3;  12.4;   4;-999;   0;  -999;   6.5;    -999;    1.9;   92.96;    4.0;    0.4;    0.1;eor
       5717;20200228;-999;-999;-999;    3;   5.3;   4;-999;   0;  -999;   6.4;    -999;    3.3;   83.38;    6.7;    0.5;   -1.2;eor
       5717;20200229;-999;-999;-999;    3;   2.1;   4;-999;   0;  -999;   8.3;    -999;    7.9;   78.21;   13.4;    4.3;    3.5;eor
       5717;20200301;-999;-999;-999;    3;  12.4;   4;-999;   0;  -999;   7.0;    -999;    6.6;   72.38;    9.5;    4.2;    2.7;eor
       5717;20200302;-999;-999;-999;    3;   8.7;   4;-999;   0;  -999;   8.0;    -999;    5.9;   86.79;    9.4;    2.0;    1.1;eor
       5717;20200303;-999;-999;-999;    3;   0.3;   4;-999;   0;  -999;   6.8;    -999;    4.0;   84.21;    7.8;    0.3;   -2.0;eor
       5717;20200304;-999;-999;-999;    3;   2.0;   4;-999;   0;  -999;   7.1;    -999;    5.2;   81.33;    9.6;    0.7;    0.5;eor
       5717;20200305;-999;-999;-999;    3;  13.8;   4;-999;   0;  -999;   7.9;    -999;    5.4;   88.21;    7.3;    3.4;    2.6;eor
       5717;20200306;-999;-999;-999;    3;   2.2;   4;-999;   0;  -999;   7.8;    -999;    4.7;   90.42;    5.8;    3.2;    3.2;eor
       5717;20200307;-999;-999;-999;    3;   0.0;   0;-999;   0;  -999;   6.7;    -999;    5.8;   73.50;    9.5;    2.1;   -1.1;eor
       5717;20200308;-999;-999;-999;    3;   3.7;   4;-999;   0;  -999;   8.6;    -999;    8.4;   78.25;   11.7;    7.1;    6.2;eor
       5717;20200309;-999;-999;-999;    3;  10.4;   4;-999;   0;  -999;   8.2;    -999;    7.3;   80.58;    9.4;    5.8;    5.6;eor
       5717;20200310;-999;-999;-999;    3;  29.3;   4;-999;   0;  -999;  10.9;    -999;    9.1;   92.25;   12.5;    5.1;    4.9;eor
       5717;20200311;-999;-999;-999;    3;  14.7;   4;-999;   0;  -999;  12.4;    -999;   11.4;   92.38;   13.7;    8.7;    8.7;eor
       5717;20200312;-999;-999;-999;    3;   2.4;   4;-999;   0;  -999;   7.7;    -999;    9.9;   61.92;   13.5;    5.4;    2.2;eor
       5717;20200313;-999;-999;-999;    3;   2.3;   4;-999;   0;  -999;   7.5;    -999;    6.6;   77.75;    9.9;    3.5;    1.7;eor
       5717;20200314;-999;-999;-999;    3;   0.0;   0;-999;   0;  -999;   7.2;    -999;    6.4;   76.63;   11.4;    1.4;    0.1;eor
       5717;20200315;-999;-999;-999;    3;   0.0;   0;-999;   0;  -999;   7.8;    -999;    9.2;   68.08;   14.3;    4.1;    1.3;eor
       5717;20200316;-999;-999;-999;    3;   0.0;   0;-999;   0;  -999;   8.7;    -999;    9.7;   73.67;   17.0;    1.6;   -0.3;eor
       5717;20200317;-999;-999;-999;    3;   0.0;   0;-999;   0;  -999;   7.4;    -999;    9.7;   62.92;   14.6;    4.5;    2.3;eor
       5717;20200318;-999;-999;-999;    3;   0.0;   0;-999;   0;  -999;   7.9;    -999;    8.8;   71.96;   16.5;    1.3;   -0.6;eor
       5717;20200319;-999;-999;-999;    3;   0.0;   0;-999;   0;  -999;   9.1;    -999;    9.7;   76.83;   17.1;    2.6;    1.1;eor
       5717;20200320;-999;-999;-999;    3;   2.1;   4;-999;   0;  -999;   9.0;    -999;    7.6;   85.50;   10.4;    4.4;    3.6;eor
       5717;20200321;-999;-999;-999;    3;   0.0;   0;-999;   0;  -999;   5.6;    -999;    5.7;   61.83;   10.4;   -0.4;   -3.6;eor
       5717;20200322;-999;-999;-999;    3;   0.0;   0;-999;   0;  -999;   3.6;    -999;    4.3;   47.88;   11.3;   -2.3;   -6.0;eor
       5717;20200323;-999;-999;-999;    3;   0.0;   0;-999;   0;  -999;   2.9;    -999;    4.2;   37.08;    9.9;    0.2;   -4.1;eor
       5717;20200324;-999;-999;-999;    3;   0.0;   0;-999;   0;  -999;   3.0;    -999;    4.6;   37.42;   11.0;   -0.9;   -4.8;eor
       5717;20200325;-999;-999;-999;    3;   0.0;   0;-999;   0;  -999;   3.0;    -999;    6.6;   31.08;   12.7;    0.4;   -4.2;eor
       5717;20200326;-999;-999;-999;    3;   0.0;   0;-999;   0;  -999;   4.1;    -999;    5.3;   47.00;   12.2;   -2.3;   -6.8;eor
       5717;20200327;-999;-999;-999;    3;   0.0;   0;-999;   0;  -999;   5.9;    -999;    9.6;   50.54;   17.0;    1.6;   -2.1;eor
       5717;20200328;-999;-999;-999;    3;   0.0;   0;-999;   0;  -999;   6.5;    -999;    9.2;   57.21;   14.4;    3.9;    2.2;eor
       5717;20200329;-999;-999;-999;    1;   1.8;   4;-999;   0;  -999;   5.4;    -999;    2.7;   72.29;    5.3;   -1.3;   -5.0;eor
       5717;20200330;-999;-999;-999;    1;   1.7;   4;-999;   0;  -999;   4.9;    -999;    2.0;   67.58;    7.5;   -4.9;   -8.2;eor
       5717;20200331;-999;-999;-999;    1;   0.0;   0;-999;   0;  -999;   5.3;    -999;    4.1;   66.33;    9.1;   -1.0;   -4.8;eor
       5717;20200401;-999;-999;-999;    1;   0.0;   0;-999;   0;  -999;   4.6;    -999;    3.8;   61.38;   10.7;   -3.2;   -5.9;eor
       5717;20200402;-999;-999;-999;    1;   0.1;   4;-999;   0;  -999;   5.8;    -999;    4.7;   69.79;   10.3;   -1.8;   -4.5;eor
       5717;20200403;-999;-999;-999;    1;   0.2;   4;-999;   0;  -999;   7.3;    -999;    7.4;   71.17;   10.6;    0.5;   -2.9;eor
       5717;20200404;-999;-999;-999;    1;   0.0;   0;-999;   0;  -999;   5.4;    -999;    6.5;   61.25;   15.3;   -1.7;   -3.4;eor
       5717;20200405;-999;-999;-999;    1;   0.0;   0;-999;   0;  -999;   6.3;    -999;   11.2;   52.71;   19.7;    2.0;   -1.5;eor
       5717;20200406;-999;-999;-999;    1;   0.0;   0;-999;   0;  -999;   7.1;    -999;   14.5;   46.46;   22.6;    5.9;    2.4;eor
       5717;20200407;-999;-999;-999;    1;   0.0;   0;-999;   0;  -999;  10.9;    -999;   13.6;   71.21;   20.6;    7.3;    3.5;eor
       5717;20200408;-999;-999;-999;    1;   0.0;   0;-999;   0;  -999;   9.2;    -999;   14.9;   59.96;   23.9;    6.6;    3.5;eor
       5717;20200409;-999;-999;-999;    1;   0.0;   0;-999;   0;  -999;   9.7;    -999;   13.9;   63.75;   21.4;    6.1;    3.1;eor
       5717;20200410;-999;-999;-999;    1;   0.0;   0;-999;   0;  -999;   8.5;    -999;   13.5;   56.67;   20.3;    6.6;    1.9;eor
       5717;20200411;-999;-999;-999;    1;   0.0;   0;-999;   0;  -999;   6.6;    -999;   13.2;   48.50;   23.2;    2.0;   -1.8;eor
       5717;20200412;-999;-999;-999;    1;   0.0;   0;-999;   0;  -999;   8.5;    -999;   14.8;   53.92;   22.5;    6.4;    3.4;eor
       5717;20200413;-999;-999;-999;    1;   0.0;   0;-999;   0;  -999;   6.5;    -999;    7.8;   60.67;   11.1;    1.7;   -2.5;eor
       5717;20200414;-999;-999;-999;    1;   0.0;   0;-999;   0;  -999;   5.5;    -999;    5.4;   61.67;   10.4;    0.8;   -2.4;eor
       5717;20200415;-999;-999;-999;    1;   0.0;   0;-999;   0;  -999;   6.3;    -999;    8.9;   60.54;   19.0;   -0.8;   -2.7;eor
       5717;20200416;-999;-999;-999;    1;   0.0;   0;-999;   0;  -999;   7.1;    -999;   13.5;   52.42;   22.8;    2.8;    0.1;eor
       5717;20200417;-999;-999;-999;    1;   0.0;   0;-999;   0;  -999;   9.1;    -999;   14.2;   57.42;   20.7;    7.3;    3.8;eor
       5717;20200418;-999;-999;-999;    1;   0.1;   4;-999;   0;  -999;  10.6;    -999;   13.4;   70.00;   21.3;    6.9;    3.4;eor
       5717;20200419;-999;-999;-999;    1;   0.0;   0;-999;   0;  -999;   9.9;    -999;   12.8;   68.50;   19.0;    7.6;    2.9;eor
       5717;20200420;-999;-999;-999;    1;   0.0;   0;-999;   0;  -999;   5.5;    -999;   12.8;   39.04;   20.3;    4.7;   -0.1;eor
       5717;20200421;-999;-999;-999;    1;   0.0;   0;-999;   0;  -999;   5.9;    -999;   14.0;   39.08;   21.0;    4.9;    0.4;eor
       5717;20200422;-999;-999;-999;    1;   0.0;   0;-999;   0;  -999;   6.5;    -999;   14.5;   43.67;   22.8;    5.1;    0.3;eor
       5717;20200423;-999;-999;-999;    1;   0.0;   0;-999;   0;  -999;   7.3;    -999;   15.2;   47.21;   23.9;    5.6;    0.7;eor
       5717;20200424;-999;-999;-999;    1;   0.0;   0;-999;   0;  -999;   8.4;    -999;   13.3;   57.75;   20.3;    5.9;    2.5;eor
       5717;20200425;-999;-999;-999;    1;   0.0;   0;-999;   0;  -999;   7.6;    -999;   10.0;   64.04;   16.3;    4.1;    0.2;eor
       5717;20200426;-999;-999;-999;    1;   0.0;   0;-999;   0;  -999;   8.1;    -999;   11.2;   65.67;   19.1;    3.1;   -1.0;eor
       5717;20200427;-999;-999;-999;    1;   0.0;   0;-999;   0;  -999;   8.2;    -999;   12.8;   60.25;   21.3;    3.3;   -0.3;eor
       5717;20200428;-999;-999;-999;    1;   3.2;   4;-999;   0;  -999;  11.6;    -999;   12.9;   78.88;   19.7;    6.6;    4.3;eor
       5717;20200429;-999;-999;-999;    1;  11.4;   4;-999;   0;  -999;  11.9;    -999;   12.8;   81.08;   16.2;   10.2;    9.7;eor
       5717;20200430;-999;-999;-999;    1;   6.5;   4;-999;   0;  -999;  10.3;    -999;   10.9;   80.88;   15.9;    8.6;    7.4;eor
       5717;20200501;-999;-999;-999;    1;   3.9;   4;-999;-999;  -999;   9.4;    -999;   10.0;   77.71;   14.8;    7.2;    6.2;eor
       5717;20200502;-999;-999;-999;    1;  11.2;   4;-999;-999;  -999;   9.8;    -999;    8.9;   85.92;   12.9;    4.4;    2.2;eor
       5717;20200503;-999;-999;-999;    1;   0.4;   4;-999;-999;  -999;   9.0;    -999;   10.1;   75.25;   16.8;    2.5;    2.3;eor
       5717;20200504;-999;-999;-999;    1;   0.0;   0;-999;-999;  -999;   9.6;    -999;   10.8;   75.46;   15.2;    6.4;    2.5;eor
       5717;20200505;-999;-999;-999;    1;   0.0;   0;-999;-999;  -999;   6.6;    -999;    8.8;   61.25;   14.2;    3.1;   -0.7;eor
       5717;20200506;-999;-999;-999;    1;   0.0;   0;-999;-999;  -999;   6.8;    -999;   10.2;   60.17;   17.9;    1.8;   -1.8;eor
       5717;20200507;-999;-999;-999;    1;   0.0;   0;-999;-999;  -999;   8.1;    -999;   12.3;   61.46;   20.8;    2.5;   -0.6;eor
       5717;20200508;-999;-999;-999;    1;   0.0;   0;-999;-999;  -999;   9.1;    -999;   14.5;   59.38;   21.9;    5.3;    2.4;eor
       5717;20200509;-999;-999;-999;    1;   0.0;   0;-999;-999;  -999;  11.0;    -999;   16.6;   61.00;   24.2;    9.5;    6.4;eor
       5717;20200510;-999;-999;-999;    1;   0.1;   4;-999;-999;  -999;  12.5;    -999;   14.1;   78.08;   19.8;    6.1;    5.5;eor
       5717;20200511;-999;-999;-999;    1;   0.0;   0;-999;-999;  -999;   6.0;    -999;    7.6;   59.08;   12.7;    2.9;   -2.0;eor
       5717;20200512;-999;-999;-999;    1;   0.0;   0;-999;-999;  -999;   5.8;    -999;    5.9;   65.25;   11.3;   -0.8;   -3.1;eor
       5717;20200513;-999;-999;-999;    1;   0.0;   0;-999;-999;  -999;   6.6;    -999;    7.4;   67.33;   13.8;    0.4;   -2.3;eor
       5717;20200514;-999;-999;-999;    1;   0.0;   0;-999;-999;  -999;   6.0;    -999;    8.2;   58.21;   14.3;    0.8;   -1.8;eor
       5717;20200515;-999;-999;-999;    1;   0.0;   0;-999;-999;  -999;   6.5;    -999;    9.3;   57.58;   16.5;    3.3;    1.2;eor
       5717;20200516;-999;-999;-999;    1;   0.0;   0;-999;-999;  -999;   7.7;    -999;   10.8;   62.42;   17.5;    1.8;    0.4;eor
       5717;20200517;-999;-999;-999;    1;   0.0;   0;-999;-999;  -999;   8.3;    -999;   11.2;   66.00;   18.8;    2.9;   -1.0;eor
       5717;20200518;-999;-999;-999;    1;   0.0;   0;-999;-999;  -999;   9.9;    -999;   14.4;   63.50;   22.8;    5.5;    3.6;eor
       5717;20200519;-999;-999;-999;    1;   0.0;   0;-999;-999;  -999;  10.6;    -999;   15.9;   59.67;   23.3;    6.3;    3.3;eor
       5717;20200520;-999;-999;-999;    1;   0.0;   0;-999;-999;  -999;  13.1;    -999;   15.9;   73.21;   20.0;   10.4;    5.7;eor
       5717;20200521;-999;-999;-999;    1;   0.0;   0;-999;-999;  -999;  12.3;    -999;   17.8;   65.29;   26.8;    8.2;    4.0;eor
       5717;20200522;-999;-999;-999;    1;   0.0;   0;-999;-999;  -999;  14.8;    -999;   18.6;   70.63;   26.6;   11.9;   11.1;eor
       5717;20200523;-999;-999;-999;    1;   0.0;   0;-999;-999;  -999;   9.1;    -999;   15.0;   53.88;   18.8;    9.6;    3.7;eor
       5717;20200524;-999;-999;-999;    1;   0.7;   4;-999;-999;  -999;  11.0;    -999;   12.7;   75.00;   16.2;    8.7;    3.6;eor
       5717;20200525;-999;-999;-999;    1;   0.0;   0;-999;-999;  -999;  12.4;    -999;   14.5;   76.67;   19.5;    8.3;    3.6;eor
       5717;20200526;-999;-999;-999;    1;   0.0;   0;-999;-999;  -999;  10.0;    -999;   14.4;   65.63;   22.0;    6.0;    1.1;eor
       5717;20200527;-999;-999;-999;    1;   0.0;   0;-999;-999;  -999;  10.5;    -999;   16.8;   58.46;   24.4;    7.1;    3.5;eor
       5717;20200528;-999;-999;-999;    1;   0.0;   0;-999;-999;  -999;   8.2;    -999;   14.9;   51.50;   21.3;    9.0;    4.1;eor
       5717;20200529;-999;-999;-999;    1;   0.0;   0;-999;-999;  -999;   8.1;    -999;   16.1;   47.92;   22.7;    7.5;    3.4;eor
       5717;20200530;-999;-999;-999;    1;   0.0;   0;-999;-999;  -999;   8.3;    -999;   16.0;   49.92;   23.6;    7.2;    2.7;eor
       5717;20200531;-999;-999;-999;    1;   0.0;   0;-999;-999;  -999;   9.1;    -999;   14.9;   56.29;   21.4;    7.0;    3.2;eor
       5717;20200601;-999;-999;-999;    1;   0.0;   0;-999;-999;  -999;  10.4;    -999;   18.3;   54.79;   26.1;    8.4;    4.8;eor
       5717;20200602;-999;-999;-999;    1;   0.0;   0;-999;-999;  -999;  10.6;    -999;   20.0;   51.38;   28.8;    9.8;    5.8;eor
       5717;20200603;-999;-999;-999;    1;   0.6;   4;-999;-999;  -999;  11.7;    -999;   18.9;   56.08;   25.3;   13.0;   10.8;eor
       5717;20200604;-999;-999;-999;    1;   4.8;   4;-999;-999;  -999;  13.4;    -999;   13.0;   89.29;   15.6;    9.2;    9.0;eor
       5717;20200605;-999;-999;-999;    1;  14.3;   4;-999;-999;  -999;  10.6;    -999;    9.7;   87.92;   11.9;    6.4;    5.3;eor
       5717;20200606;-999;-999;-999;    1;   3.5;   4;-999;-999;  -999;   9.1;    -999;   11.5;   69.67;   17.2;    7.0;    3.9;eor
       5717;20200607;-999;-999;-999;    1;   0.0;   0;-999;-999;  -999;   9.5;    -999;   12.7;   66.08;   18.1;    6.7;    3.5;eor
       5717;20200608;-999;-999;-999;    1;   0.0;   0;-999;-999;  -999;  11.3;    -999;   13.3;   76.00;   19.4;    8.5;    6.2;eor
       5717;20200609;-999;-999;-999;    1;   0.0;   0;-999;-999;  -999;  12.5;    -999;   13.8;   80.46;   20.1;    7.6;    5.0;eor
