STATIONS_ID;MESS_DATUM;QN_3;  FX;  FM;QN_4; RSK;RSKF; SDK;SHK_TAG;  NM; VPM;  PM; TMK; UPM; TXK; TNK; TGK;eor
       3927;20181208;-999;-999;-999;    3;   7.7;   4;-999;   0;  -999;   7.1;    -999;    4.1;   86.63;    5.6;    2.8;    1.3;eor
       3927;20181209;-999;-999;-999;    3;   8.4;   4;-999;   0;  -999;   7.8;    -999;    4.8;   91.17;    6.7;    2.1;    0.2;eor
       3927;20181210;-999;-999;-999;    3;   1.3;   4;-999;   0;  -999;   6.3;    -999;    1.9;   89.96;    3.9;   -0.1;   -1.8;eor
       3927;20181211;-999;-999;-999;    3;   0.0;   0;-999;   1;  -999;   5.3;    -999;   -0.5;   90.08;    2.7;   -4.0;   -6.2;eor
       3927;20181212;-999;-999;-999;    3;   0.0;   4;-999;   0;  -999;   4.7;    -999;   -2.6;   93.38;    1.1;   -6.6;   -8.6;eor
       3927;20181213;-999;-999;-999;    3;   0.0;   0;-999;   0;  -999;   4.8;    -999;   -1.6;   88.29;   -0.8;   -3.1;   -3.7;eor
       3927;20181214;-999;-999;-999;    3;   0.0;   0;-999;   0;  -999;   3.9;    -999;   -3.2;   81.92;   -2.7;   -3.9;   -3.8;eor
       3927;20181215;-999;-999;-999;    3;   4.5;   4;-999;   0;  -999;   3.5;    -999;   -4.8;   81.08;   -2.4;   -8.6;  -10.3;eor
       3927;20181216;-999;-999;-999;    3;   1.0;   4;-999;   6;  -999;   5.3;    -999;   -1.9;   98.21;    1.3;   -6.9;   -6.8;eor
       3927;20181217;-999;-999;-999;    3;   0.0;   0;-999;   4;  -999;   6.0;    -999;   -0.4;   99.58;    2.4;   -4.2;   -5.3;eor
       3927;20181218;-999;-999;-999;    3;   0.0;   0;-999;   3;  -999;   5.4;    -999;   -1.8;   99.79;    1.3;   -3.0;   -3.9;eor
       3927;20181219;-999;-999;-999;    3;   1.6;   4;-999;   0;  -999;   6.0;    -999;   -0.3;   99.83;    1.8;   -3.2;   -3.1;eor
       3927;20181220;-999;-999;-999;    3;   0.1;   4;-999;   0;  -999;   7.1;    -999;    3.1;   92.42;    5.7;    1.6;   -0.2;eor
       3927;20181221;-999;-999;-999;    3;  11.3;   4;-999;   0;  -999;   8.1;    -999;    5.5;   89.21;    8.2;    3.3;    1.7;eor
       3927;20181222;-999;-999;-999;    3;   2.1;   4;-999;   0;  -999;   9.5;    -999;    8.1;   87.33;    9.2;    6.4;    4.3;eor
       3927;20181223;-999;-999;-999;    3;  16.3;   4;-999;   0;  -999;   9.5;    -999;    7.2;   93.29;    9.6;    5.1;    2.9;eor
       3927;20181224;-999;-999;-999;    3;   1.0;   4;-999;   0;  -999;   7.6;    -999;    3.4;   95.71;    9.7;   -1.9;   -4.5;eor
       3927;20181225;-999;-999;-999;    3;   0.0;   0;-999;   0;  -999;   5.2;    -999;   -1.8;   96.88;    2.3;   -5.3;   -6.9;eor
       3927;20181226;-999;-999;-999;    3;   0.0;   0;-999;   0;  -999;   4.8;    -999;   -3.2;   99.63;   -0.8;   -5.6;   -5.8;eor
       3927;20181227;-999;-999;-999;    3;   0.0;   0;-999;   0;  -999;   4.7;    -999;   -3.6;   99.21;   -0.6;   -6.0;   -6.6;eor
       3927;20181228;-999;-999;-999;    3;   0.0;   0;-999;   0;  -999;   5.3;    -999;   -2.0;   99.42;    0.3;   -3.5;   -3.6;eor
       3927;20181229;-999;-999;-999;    3;   0.0;   0;-999;   0;  -999;   5.2;    -999;   -2.1;   99.79;   -0.6;   -4.4;   -3.9;eor
       3927;20181230;-999;-999;-999;    3;   2.1;   4;-999;   0;  -999;   6.4;    -999;    0.9;   97.75;    2.7;   -1.4;   -1.2;eor
       3927;20181231;-999;-999;-999;    3;   0.7;   4;-999;   0;  -999;   7.3;    -999;    2.7;   99.17;    4.6;    1.6;    1.2;eor
       3927;20190101;-999;-999;-999;    3;   1.6;   4;-999;   0;  -999;   7.4;    -999;    2.8;   98.13;    4.0;    2.0;    1.8;eor
       3927;20190102;-999;-999;-999;    3;   0.2;   4;-999;   0;  -999;   5.1;    -999;   -0.3;   85.21;    2.0;   -3.7;   -6.2;eor
       3927;20190103;-999;-999;-999;    3;   0.6;   4;-999;   0;  -999;   4.1;    -999;   -3.6;   87.67;   -1.5;   -6.9;   -8.9;eor
       3927;20190104;-999;-999;-999;    3;   0.0;   0;-999;   0;  -999;   4.7;    -999;   -2.1;   90.58;    0.4;   -4.3;   -6.3;eor
       3927;20190105;-999;-999;-999;    3;   8.1;   4;-999;   0;  -999;   5.5;    -999;   -0.9;   96.42;    0.2;   -1.6;   -1.6;eor
       3927;20190106;-999;-999;-999;    3;   1.4;   4;-999;   9;  -999;   6.3;    -999;    0.7;   97.29;    1.7;    0.2;   -0.2;eor
       3927;20190107;-999;-999;-999;    3;   1.9;   4;-999;   6;  -999;   6.1;    -999;    0.7;   95.25;    2.2;   -0.1;   -0.7;eor
       3927;20190108;-999;-999;-999;    3;   4.6;   4;-999;   4;  -999;   6.2;    -999;    0.8;   95.63;    3.0;   -0.6;   -0.8;eor
       3927;20190109;-999;-999;-999;    3;   2.1;   4;-999;  10;  -999;   5.4;    -999;   -1.1;   94.75;    0.4;   -5.1;   -9.4;eor
       3927;20190110;-999;-999;-999;    3;   3.0;   4;-999;  15;  -999;   4.9;    -999;   -2.5;   95.79;   -0.6;   -7.1;  -13.0;eor
       3927;20190111;-999;-999;-999;    3;   2.7;   4;-999;  18;  -999;   4.3;    -999;   -4.0;   93.29;   -1.7;   -8.3;  -13.5;eor
       3927;20190112;-999;-999;-999;    3;   4.6;   4;-999;  19;  -999;   5.7;    -999;   -0.5;   96.75;    1.2;   -2.2;   -2.3;eor
       3927;20190113;-999;-999;-999;    3;  10.6;   4;-999;  18;  -999;   6.9;    -999;    1.8;   98.67;    4.5;    0.3;    0.1;eor
       3927;20190114;-999;-999;-999;    3;   2.2;   4;-999;   8;  -999;   6.4;    -999;    1.2;   95.13;    3.5;   -3.5;   -8.2;eor
       3927;20190115;-999;-999;-999;    3;   0.0;   0;-999;   7;  -999;   5.6;    -999;    0.0;   91.79;    3.4;   -4.3;   -9.4;eor
       3927;20190116;-999;-999;-999;    3;   0.0;   0;-999;   6;  -999;   5.0;    -999;   -1.1;   88.71;    3.2;   -6.8;  -11.1;eor
       3927;20190117;-999;-999;-999;    3;   0.7;   4;-999;   6;  -999;   6.2;    -999;    2.5;   84.92;    5.1;   -0.9;   -1.7;eor
       3927;20190118;-999;-999;-999;    3;   0.0;   0;-999;   5;  -999;   4.3;    -999;   -1.9;   82.08;    0.7;   -4.7;   -7.3;eor
       3927;20190119;-999;-999;-999;    3;   0.0;   0;-999;   5;  -999;   3.8;    -999;   -5.6;   92.88;   -2.8;   -9.9;  -12.6;eor
       3927;20190120;-999;-999;-999;    3;   0.0;   0;-999;   5;  -999;   4.1;    -999;   -4.0;   89.67;    0.7;   -9.7;  -11.2;eor
       3927;20190121;-999;-999;-999;    3;   0.0;   0;-999;   0;  -999;   4.4;    -999;   -3.6;   94.63;   -2.0;   -6.0;   -9.1;eor
       3927;20190122;-999;-999;-999;    3;   0.0;   0;-999;   0;  -999;   4.4;    -999;   -3.6;   93.33;   -2.7;   -4.7;   -4.4;eor
       3927;20190123;-999;-999;-999;    3;   0.2;   4;-999;   0;  -999;   3.9;    -999;   -4.5;   90.08;   -3.3;   -5.2;   -5.3;eor
       3927;20190124;-999;-999;-999;    3;   1.3;   4;-999;   0;  -999;   3.9;    -999;   -4.4;   88.00;   -3.4;   -5.4;   -5.9;eor
       3927;20190125;-999;-999;-999;    3;   0.2;   4;-999;   6;  -999;   3.5;    -999;   -4.7;   81.00;   -2.0;   -9.4;  -13.7;eor
       3927;20190126;-999;-999;-999;    3;   0.0;   0;-999;   5;  -999;   5.3;    -999;   -0.2;   86.13;    2.1;   -3.0;   -3.1;eor
       3927;20190127;-999;-999;-999;    3;   4.2;   4;-999;   0;  -999;   6.3;    -999;    2.4;   86.38;    5.1;    0.2;   -0.1;eor
       3927;20190128;-999;-999;-999;    3;   0.6;   4;-999;   0;  -999;   5.3;    -999;   -0.3;   88.67;    1.2;   -1.1;   -1.6;eor
       3927;20190129;-999;-999;-999;    3;   0.0;   0;-999;   0;  -999;   4.5;    -999;   -1.8;   84.38;    1.7;   -6.3;   -9.7;eor
       3927;20190130;-999;-999;-999;    3;   0.0;   0;-999;   0;  -999;   4.2;    -999;   -2.1;   80.71;    1.6;   -6.4;   -9.2;eor
       3927;20190131;-999;-999;-999;    3;   0.5;   4;-999;   0;  -999;   4.3;    -999;   -3.4;   89.04;    0.2;   -9.5;  -12.4;eor
       3927;20190201;-999;-999;-999;    3;   1.8;   4;-999;   0;  -999;   5.5;    -999;   -0.1;   89.79;    1.9;   -1.6;   -2.9;eor
       3927;20190202;-999;-999;-999;    3;   1.1;   4;-999;   0;  -999;   6.5;    -999;    1.1;   98.13;    3.4;   -0.4;   -1.7;eor
       3927;20190203;-999;-999;-999;    3;   8.5;   4;-999;   0;  -999;   5.9;    -999;   -0.4;   99.13;    1.6;   -2.4;   -3.9;eor
       3927;20190204;-999;-999;-999;    3;   0.0;   0;-999;  17;  -999;   4.0;    -999;   -5.4;   94.33;    0.3;  -12.8;  -17.9;eor
       3927;20190205;-999;-999;-999;    3;   0.0;   0;-999;  12;  -999;   3.8;    -999;   -6.0;   95.92;   -1.5;  -10.9;  -14.5;eor
       3927;20190206;-999;-999;-999;    3;   0.0;   0;-999;  11;  -999;   4.2;    -999;   -5.2;   99.29;   -2.0;  -10.2;  -10.4;eor
       3927;20190207;-999;-999;-999;    3;   2.8;   4;-999;  11;  -999;   5.3;    -999;   -1.9;   98.29;    1.3;   -5.3;   -6.3;eor
       3927;20190208;-999;-999;-999;    3;   0.0;   0;-999;   8;  -999;   6.1;    -999;    1.8;   88.67;    6.0;   -1.4;   -4.3;eor
       3927;20190209;-999;-999;-999;    3;   0.0;   0;-999;   0;  -999;   6.2;    -999;    4.7;   73.38;    8.4;   -0.1;   -3.7;eor
       3927;20190210;-999;-999;-999;    3;   6.0;   4;-999;   0;  -999;   6.6;    -999;    5.3;   74.88;   10.7;    1.7;    0.2;eor
       3927;20190211;-999;-999;-999;    3;   0.3;   4;-999;   0;  -999;   5.7;    -999;    1.3;   84.63;    3.2;   -0.6;   -2.2;eor
       3927;20190212;-999;-999;-999;    3;   0.0;   0;-999;   0;  -999;   5.1;    -999;   -0.2;   84.29;    3.4;   -4.7;   -6.2;eor
       3927;20190213;-999;-999;-999;    3;   0.0;   0;-999;   0;  -999;   4.5;    -999;   -1.0;   81.08;    7.9;   -6.4;   -7.7;eor
       3927;20190214;-999;-999;-999;    3;   0.0;   0;-999;   0;  -999;   5.1;    -999;    0.5;   82.25;   10.7;   -4.7;   -5.9;eor
       3927;20190215;-999;-999;-999;    3;   0.0;   0;-999;   0;  -999;   5.4;    -999;    1.1;   83.25;   11.0;   -4.6;   -6.5;eor
       3927;20190216;-999;-999;-999;    3;   0.0;   0;-999;   0;  -999;   5.1;    -999;    1.9;   78.17;   13.6;   -4.3;   -6.3;eor
       3927;20190217;-999;-999;-999;    3;   0.0;   0;-999;   0;  -999;   5.0;    -999;    2.4;   74.42;   14.5;   -4.1;   -6.5;eor
       3927;20190218;-999;-999;-999;    3;   0.0;   0;-999;   0;  -999;   5.2;    -999;    2.1;   76.58;   13.7;   -5.0;   -7.3;eor
       3927;20190219;-999;-999;-999;    3;   0.0;   0;-999;   0;  -999;   6.6;    -999;    5.0;   76.04;   10.9;   -0.2;   -3.5;eor
       3927;20190220;-999;-999;-999;    3;   0.0;   0;-999;   0;  -999;   6.7;    -999;    4.0;   83.58;   10.8;   -0.3;   -2.4;eor
       3927;20190221;-999;-999;-999;    3;   0.2;   4;-999;   0;  -999;   6.3;    -999;    4.5;   77.88;   13.7;   -1.8;   -3.6;eor
       3927;20190222;-999;-999;-999;    3;   0.0;   0;-999;   0;  -999;   7.7;    -999;    5.9;   82.96;   10.2;    0.2;   -2.7;eor
       3927;20190223;-999;-999;-999;    3;   0.0;   0;-999;   0;  -999;   4.6;    -999;    2.9;   63.25;    7.8;   -2.2;   -4.4;eor
       3927;20190224;-999;-999;-999;    3;   0.0;   0;-999;   0;  -999;   3.3;    -999;    1.7;   48.25;   10.6;   -3.8;   -5.7;eor
       3927;20190225;-999;-999;-999;    3;   0.0;   0;-999;   0;  -999;   5.1;    -999;    5.0;   56.75;   13.3;   -0.6;   -2.8;eor
       3927;20190226;-999;-999;-999;    3;   0.0;   0;-999;   0;  -999;   6.3;    -999;    5.3;   74.67;   15.9;   -2.1;   -4.6;eor
       3927;20190227;-999;-999;-999;    3;   0.0;   0;-999;   0;  -999;   5.6;    -999;    5.2;   70.25;   17.3;   -2.8;   -5.3;eor
       3927;20190228;-999;-999;-999;    3;   2.5;   4;-999;   0;  -999;   6.6;    -999;    8.7;   60.75;   16.3;    0.7;   -3.0;eor
       3927;20190301;-999;-999;-999;    3;   6.7;   4;-999;   0;  -999;   8.3;    -999;    5.8;   89.96;    7.3;    4.3;    3.4;eor
       3927;20190302;-999;-999;-999;    3;   0.0;   0;-999;   0;  -999;   7.7;    -999;    5.5;   85.50;    8.5;    3.7;    1.2;eor
       3927;20190303;-999;-999;-999;    3;   0.0;   0;-999;   0;  -999;   7.6;    -999;    8.0;   71.63;   11.9;    4.3;    2.5;eor
       3927;20190304;-999;-999;-999;    3;   1.7;   4;-999;   0;  -999;   6.1;    -999;    6.6;   63.58;   10.1;    1.3;    0.0;eor
       3927;20190305;-999;-999;-999;    3;   0.0;   0;-999;   0;  -999;   6.0;    -999;    5.1;   70.13;    9.2;    1.6;   -0.8;eor
       3927;20190306;-999;-999;-999;    3;   0.0;   0;-999;   0;  -999;   6.2;    -999;    5.0;   74.54;   14.1;   -3.0;   -4.6;eor
       3927;20190307;-999;-999;-999;    3;   0.0;   4;-999;   0;  -999;   6.9;    -999;    5.6;   76.88;   10.5;   -0.1;   -2.1;eor
       3927;20190308;-999;-999;-999;    3;   0.2;   4;-999;   0;  -999;   6.6;    -999;    5.6;   73.83;   10.2;    2.8;   -1.5;eor
       3927;20190309;-999;-999;-999;    3;   4.0;   4;-999;   0;  -999;   8.1;    -999;    7.0;   80.71;    9.4;    4.4;    3.2;eor
       3927;20190310;-999;-999;-999;    3;   9.3;   4;-999;   0;  -999;   9.0;    -999;    8.3;   81.33;   12.0;    3.5;    1.3;eor
       3927;20190311;-999;-999;-999;    3;   1.5;   4;-999;   0;  -999;   5.2;    -999;    0.8;   80.83;    3.6;   -1.7;   -3.9;eor
       3927;20190312;-999;-999;-999;    3;   0.0;   4;-999;   0;  -999;   4.6;    -999;    2.6;   66.08;    7.0;   -3.0;   -5.6;eor
       3927;20190313;-999;-999;-999;    3;   2.7;   4;-999;   0;  -999;   6.0;    -999;    3.8;   75.29;    7.5;    1.0;   -0.4;eor
       3927;20190314;-999;-999;-999;    3;  12.0;   4;-999;   0;  -999;   6.7;    -999;    2.2;   93.08;    3.2;    1.5;    0.5;eor
       3927;20190315;-999;-999;-999;    3;   8.3;   4;-999;   0;  -999;   9.0;    -999;    6.4;   92.79;    9.1;    2.6;    1.1;eor
       3927;20190316;-999;-999;-999;    3;   0.0;   0;-999;   0;  -999;   8.5;    -999;    9.2;   74.50;   14.3;    6.1;   -0.4;eor
       3927;20190317;-999;-999;-999;    3;   1.9;   4;-999;   0;  -999;   6.4;    -999;    7.6;   63.92;   14.5;    1.1;   -0.4;eor
       3927;20190318;-999;-999;-999;    3;   0.6;   4;-999;   0;  -999;   6.1;    -999;    1.8;   87.67;    6.2;   -2.1;   -4.1;eor
       3927;20190319;-999;-999;-999;    3;   0.0;   4;-999;   0;  -999;   5.5;    -999;    0.8;   85.83;    6.9;   -3.5;   -5.2;eor
       3927;20190320;-999;-999;-999;    3;   0.0;   0;-999;   0;  -999;   4.7;    -999;    1.5;   72.54;    8.8;   -5.3;   -7.0;eor
       3927;20190321;-999;-999;-999;    3;   0.0;   0;-999;   0;  -999;   4.7;    -999;    3.9;   61.50;   12.4;   -2.2;   -4.6;eor
       3927;20190322;-999;-999;-999;    3;   0.0;   0;-999;   0;  -999;   5.6;    -999;    4.4;   71.21;   15.4;   -3.6;   -6.4;eor
       3927;20190323;-999;-999;-999;    3;   0.0;   0;-999;   0;  -999;   6.1;    -999;    6.7;   69.58;   18.5;   -2.1;   -4.7;eor
       3927;20190324;-999;-999;-999;    3;   0.0;   0;-999;   0;  -999;   6.6;    -999;    6.9;   71.00;   17.2;   -1.6;   -4.1;eor
       3927;20190325;-999;-999;-999;    3;   0.3;   4;-999;   0;  -999;   5.9;    -999;    3.3;   78.71;    8.4;   -0.7;   -3.6;eor
       3927;20190326;-999;-999;-999;    3;   0.0;   0;-999;   0;  -999;   5.3;    -999;    2.7;   73.17;    7.4;    0.1;   -1.6;eor
       3927;20190327;-999;-999;-999;    3;   0.0;   0;-999;   0;  -999;   6.1;    -999;    3.7;   76.75;    8.4;   -0.4;   -3.6;eor
       3927;20190328;-999;-999;-999;    3;   0.0;   0;-999;   0;  -999;   6.2;    -999;    5.6;   71.08;   12.6;   -2.3;   -4.8;eor
       3927;20190329;-999;-999;-999;    3;   0.0;   0;-999;   0;  -999;   7.1;    -999;    7.5;   72.42;   15.3;    0.0;   -2.9;eor
       3927;20190330;-999;-999;-999;    3;   0.0;   0;-999;   0;  -999;   6.0;    -999;    6.9;   68.04;   17.8;   -2.6;   -4.7;eor
       3927;20190331;-999;-999;-999;    3;   0.0;   0;-999;   0;  -999;   5.9;    -999;    8.4;   60.13;   17.3;   -1.9;   -4.3;eor
       3927;20190401;-999;-999;-999;    3;   0.0;   0;-999;   0;  -999;   7.8;    -999;    7.8;   75.63;   15.7;    1.8;   -1.5;eor
       3927;20190402;-999;-999;-999;    3;   0.0;   0;-999;   0;  -999;   7.1;    -999;    8.9;   68.04;   18.5;   -1.1;   -3.6;eor
       3927;20190403;-999;-999;-999;    3;   0.0;   4;-999;   0;  -999;   7.4;    -999;    8.3;   69.67;   16.6;    2.9;    0.3;eor
       3927;20190404;-999;-999;-999;    3;   7.7;   4;-999;   0;  -999;   6.7;    -999;    2.4;   91.88;    4.0;    0.8;    0.6;eor
       3927;20190405;-999;-999;-999;    3;   0.3;   4;-999;   0;  -999;   6.8;    -999;    3.1;   89.63;    7.1;   -1.2;   -2.9;eor
       3927;20190406;-999;-999;-999;    3;   0.0;   0;-999;   0;  -999;   7.3;    -999;    4.6;   85.63;   13.6;   -3.1;   -4.1;eor
       3927;20190407;-999;-999;-999;    3;   2.7;   4;-999;   0;  -999;   8.7;    -999;    6.8;   87.50;   14.0;   -0.2;   -1.9;eor
       3927;20190408;-999;-999;-999;    3;   1.8;   4;-999;   0;  -999;   9.2;    -999;    8.1;   85.58;   11.1;    5.6;    5.1;eor
       3927;20190409;-999;-999;-999;    3;   3.7;   4;-999;   0;  -999;   9.8;    -999;    7.0;   96.83;    9.4;    3.4;    2.4;eor
       3927;20190410;-999;-999;-999;    3;   4.2;   4;-999;   0;  -999;   9.5;    -999;    6.5;   97.33;    8.0;    4.3;    4.7;eor
       3927;20190411;-999;-999;-999;    3;   0.0;   0;-999;   0;  -999;   7.3;    -999;    5.3;   82.67;    9.4;    2.0;   -0.8;eor
       3927;20190412;-999;-999;-999;    3;   0.0;   0;-999;   0;  -999;   5.7;    -999;    3.9;   71.21;    9.0;   -0.9;   -2.6;eor
       3927;20190413;-999;-999;-999;    3;   2.1;   4;-999;   0;  -999;   6.0;    -999;    2.7;   81.04;    6.4;    1.1;   -0.4;eor
       3927;20190414;-999;-999;-999;    3;   0.6;   4;-999;   0;  -999;   6.2;    -999;    3.1;   82.79;    6.2;    0.3;    0.1;eor
       3927;20190415;-999;-999;-999;    3;   0.0;   0;-999;   0;  -999;   7.0;    -999;    6.5;   74.00;   14.2;   -0.6;   -2.5;eor
       3927;20190416;-999;-999;-999;    3;   0.1;   4;-999;   0;  -999;   7.9;    -999;    7.9;   74.92;   16.4;   -1.5;   -3.3;eor
       3927;20190417;-999;-999;-999;    3;   0.0;   0;-999;   0;  -999;   8.8;    -999;   11.0;   68.54;   17.3;    5.6;    1.4;eor
       3927;20190418;-999;-999;-999;    3;   0.0;   0;-999;   0;  -999;   7.4;    -999;   10.7;   59.63;   19.5;    1.2;   -1.5;eor
       3927;20190419;-999;-999;-999;    3;   0.0;   0;-999;   0;  -999;   7.6;    -999;   11.3;   62.21;   21.6;    1.6;   -1.3;eor
       3927;20190420;-999;-999;-999;    3;   0.0;   0;-999;   0;  -999;   7.4;    -999;   11.6;   59.63;   21.4;    1.6;   -1.2;eor
       3927;20190421;-999;-999;-999;    3;   0.0;   0;-999;   0;  -999;   7.1;    -999;   12.3;   52.58;   21.9;    3.0;   -0.5;eor
       3927;20190422;-999;-999;-999;    3;   0.0;   0;-999;   0;  -999;   7.2;    -999;   12.8;   51.46;   22.6;    2.9;   -0.5;eor
       3927;20190423;-999;-999;-999;    3;   0.0;   0;-999;   0;  -999;   8.4;    -999;   13.4;   58.21;   21.8;    5.4;    2.8;eor
       3927;20190424;-999;-999;-999;    3;   0.0;   0;-999;   0;  -999;   8.2;    -999;   12.1;   64.00;   23.0;    2.3;   -0.7;eor
       3927;20190425;-999;-999;-999;    3;   0.0;   0;-999;   0;  -999;   7.3;    -999;   12.2;   58.67;   22.1;    1.1;   -0.9;eor
       3927;20190426;-999;-999;-999;    3;   9.2;   4;-999;   0;  -999;   8.4;    -999;    5.6;   92.33;    7.6;    3.2;   -0.5;eor
       3927;20190427;-999;-999;-999;    3;   4.2;   4;-999;   0;  -999;   8.4;    -999;    6.1;   89.08;   11.1;    2.3;   -1.1;eor
       3927;20190428;-999;-999;-999;    3;   0.2;   4;-999;   0;  -999;   6.9;    -999;    4.5;   83.00;    9.7;    1.0;   -1.2;eor
       3927;20190429;-999;-999;-999;    3;   1.7;   4;-999;   0;  -999;   7.9;    -999;    5.4;   88.42;    9.0;    0.5;   -1.6;eor
       3927;20190430;-999;-999;-999;    3;   0.2;   4;-999;   0;  -999;   9.1;    -999;    7.0;   90.63;   11.8;    1.5;   -0.8;eor
       3927;20190501;-999;-999;-999;    3;   0.0;   0;-999;-999;  -999;   7.7;    -999;    8.3;   74.50;   17.2;    0.0;   -0.7;eor
       3927;20190502;-999;-999;-999;    3;   4.9;   4;-999;-999;  -999;   8.8;    -999;    9.5;   75.96;   17.4;    0.7;   -1.9;eor
       3927;20190503;-999;-999;-999;    3;   6.0;   4;-999;-999;  -999;   9.4;    -999;    7.2;   92.63;    9.7;    3.5;    1.3;eor
       3927;20190504;-999;-999;-999;    3;   4.4;   4;-999;-999;  -999;   7.9;    -999;    4.6;   92.63;    9.8;    0.6;    0.6;eor
       3927;20190505;-999;-999;-999;    3;   0.0;   4;-999;-999;  -999;   5.7;    -999;    2.2;   81.21;    6.6;   -1.9;   -3.6;eor
       3927;20190506;-999;-999;-999;    3;   0.0;   0;-999;-999;  -999;   5.9;    -999;    3.1;   78.25;    7.8;   -3.1;   -4.8;eor
       3927;20190507;-999;-999;-999;    3;   0.2;   4;-999;-999;  -999;   6.3;    -999;    6.2;   70.21;   13.5;   -2.0;   -3.8;eor
       3927;20190508;-999;-999;-999;    3;   9.3;   4;-999;-999;  -999;   9.7;    -999;    7.8;   90.00;   11.8;    3.0;    2.1;eor
       3927;20190509;-999;-999;-999;    3;   1.1;   4;-999;-999;  -999;   9.4;    -999;    8.7;   84.17;   14.1;    3.8;    0.1;eor
       3927;20190510;-999;-999;-999;    3;   0.5;   4;-999;-999;  -999;  10.2;    -999;   10.4;   81.58;   15.2;    7.2;    5.2;eor
       3927;20190511;-999;-999;-999;    3;   2.8;   4;-999;-999;  -999;  10.0;    -999;    9.6;   84.67;   14.2;    6.1;    4.8;eor
       3927;20190512;-999;-999;-999;    3;   0.0;   0;-999;-999;  -999;   7.7;    -999;    6.7;   78.83;   10.1;    4.8;    3.3;eor
       3927;20190513;-999;-999;-999;    3;   0.0;   0;-999;-999;  -999;   6.5;    -999;    7.1;   67.00;   12.9;    1.2;   -1.5;eor
       3927;20190514;-999;-999;-999;    3;   0.0;   0;-999;-999;  -999;   5.2;    -999;    6.6;   54.88;   12.7;    0.7;   -2.4;eor
       3927;20190515;-999;-999;-999;    3;   0.0;   0;-999;-999;  -999;   6.1;    -999;    6.4;   64.83;   10.7;    0.2;   -2.4;eor
       3927;20190516;-999;-999;-999;    3;   0.0;   0;-999;-999;  -999;   7.6;    -999;    6.3;   80.33;   12.0;    1.9;   -1.5;eor
       3927;20190517;-999;-999;-999;    3;   0.0;   0;-999;-999;  -999;   8.9;    -999;   10.0;   75.21;   19.8;   -0.2;   -2.2;eor
       3927;20190518;-999;-999;-999;    3;   1.7;   4;-999;-999;  -999;  10.7;    -999;   12.2;   77.46;   18.8;    5.5;    2.9;eor
       3927;20190519;-999;-999;-999;    3;  20.1;   4;-999;-999;  -999;  12.3;    -999;   11.8;   89.58;   18.6;    8.8;    7.0;eor
       3927;20190520;-999;-999;-999;    3;  16.9;   4;-999;-999;  -999;  12.7;    -999;   10.9;   97.42;   13.4;    9.2;    9.1;eor
       3927;20190521;-999;-999;-999;    3;   9.6;   4;-999;-999;  -999;  11.8;    -999;   10.0;   95.79;   11.2;    8.9;    9.0;eor
       3927;20190522;-999;-999;-999;    3;   0.1;   4;-999;-999;  -999;  11.5;    -999;   11.7;   84.46;   17.9;    6.2;    3.7;eor
       3927;20190523;-999;-999;-999;    3;   0.0;   0;-999;-999;  -999;   9.8;    -999;   11.2;   76.67;   18.8;    3.2;    1.5;eor
       3927;20190524;-999;-999;-999;    3;   0.0;   0;-999;-999;  -999;  10.4;    -999;   12.7;   74.13;   21.0;    3.3;    1.2;eor
       3927;20190525;-999;-999;-999;    3;   3.2;   4;-999;-999;  -999;  11.8;    -999;   11.9;   85.92;   20.1;    6.3;    4.4;eor
       3927;20190526;-999;-999;-999;    3;   0.0;   0;-999;-999;  -999;  11.7;    -999;   12.2;   83.21;   19.8;    5.3;    3.7;eor
       3927;20190527;-999;-999;-999;    3;   4.4;   4;-999;-999;  -999;  12.2;    -999;   13.9;   78.21;   19.6;    8.1;    6.1;eor
       3927;20190528;-999;-999;-999;    3;   1.5;   4;-999;-999;  -999;  11.3;    -999;   10.4;   89.54;   14.0;    6.7;    5.4;eor
       3927;20190529;-999;-999;-999;    3;   3.7;   4;-999;-999;  -999;  10.8;    -999;    9.1;   93.25;   13.4;    5.1;    2.9;eor
       3927;20190530;-999;-999;-999;    3;   0.0;   0;-999;-999;  -999;   9.9;    -999;   11.1;   77.75;   18.3;    2.5;    1.8;eor
       3927;20190531;-999;-999;-999;    3;   0.0;   0;-999;-999;  -999;  12.1;    -999;   14.8;   74.46;   21.9;    8.3;    6.3;eor
       3927;20190601;-999;-999;-999;    3;   0.0;   0;-999;-999;  -999;  12.2;    -999;   15.9;   72.04;   25.3;    6.3;    4.4;eor
       3927;20190602;-999;-999;-999;    3;   0.0;   0;-999;-999;  -999;  12.1;    -999;   17.4;   66.92;   27.7;    6.9;    4.7;eor
       3927;20190603;-999;-999;-999;    3;   0.0;   0;-999;-999;  -999;  14.1;    -999;   17.9;   71.79;   28.3;    8.6;    7.0;eor
       3927;20190604;-999;-999;-999;    3;   0.0;   0;-999;-999;  -999;  14.3;    -999;   19.4;   69.42;   29.0;    9.6;    7.9;eor
       3927;20190605;-999;-999;-999;    3;   0.0;   0;-999;-999;  -999;  14.1;    -999;   20.8;   62.13;   29.0;   11.2;    8.7;eor
       3927;20190606;-999;-999;-999;    3;   0.0;   0;-999;-999;  -999;  11.8;    -999;   12.4;   81.79;   18.9;    7.6;    5.0;eor
       3927;20190607;-999;-999;-999;    3;   0.0;   0;-999;-999;  -999;  11.9;    -999;   15.4;   71.83;   27.9;    6.1;    4.1;eor
       3927;20190608;-999;-999;-999;    3;   0.0;   0;-999;-999;  -999;   9.1;    -999;   14.3;   58.88;   20.9;    7.2;    2.4;eor
       3927;20190609;-999;-999;-999;    3;   3.3;   4;-999;-999;  -999;  12.0;    -999;   12.4;   83.25;   18.9;    5.1;    1.3;eor
       3927;20190610;-999;-999;-999;    3;  34.9;   4;-999;-999;  -999;  14.8;    -999;   13.2;   96.92;   17.8;    8.5;    6.9;eor
       3927;20190611;-999;-999;-999;    3;   6.0;   4;-999;-999;  -999;  14.1;    -999;   13.3;   92.00;   16.4;    9.5;    7.8;eor
       3927;20190612;-999;-999;-999;    3;   4.3;   4;-999;-999;  -999;  13.6;    -999;   13.7;   87.33;   19.4;    9.0;    6.9;eor
       3927;20190613;-999;-999;-999;    3;   0.0;   0;-999;-999;  -999;  12.8;    -999;   15.4;   76.67;   22.5;    9.2;    6.4;eor
       3927;20190614;-999;-999;-999;    3;   0.1;   4;-999;-999;  -999;  13.9;    -999;   17.9;   71.08;   26.2;    6.9;    4.8;eor
       3927;20190615;-999;-999;-999;    3;  25.7;   4;-999;-999;  -999;  15.5;    -999;   17.9;   76.29;   23.7;   12.0;   12.0;eor
       3927;20190616;-999;-999;-999;    3;   0.4;   4;-999;-999;  -999;  14.4;    -999;   14.4;   88.92;   20.5;    9.3;    8.0;eor
       3927;20190617;-999;-999;-999;    3;   0.0;   0;-999;-999;  -999;  14.6;    -999;   16.0;   81.63;   24.2;    7.9;    6.5;eor
       3927;20190618;-999;-999;-999;    3;   0.0;   0;-999;-999;  -999;  15.7;    -999;   18.5;   76.29;   27.4;    9.5;    8.2;eor
       3927;20190619;-999;-999;-999;    3;   0.2;   4;-999;-999;  -999;  15.7;    -999;   20.5;   68.50;   28.0;   11.2;   10.0;eor
       3927;20190620;-999;-999;-999;    3;   0.2;   4;-999;-999;  -999;  16.2;    -999;   17.1;   83.83;   21.5;   13.4;   11.7;eor
       3927;20190621;-999;-999;-999;    3;   0.5;   4;-999;-999;  -999;  15.8;    -999;   16.5;   84.75;   21.2;   11.8;   10.5;eor
       3927;20190622;-999;-999;-999;    3;   3.5;   4;-999;-999;  -999;  16.8;    -999;   16.4;   90.00;   20.1;   14.7;   13.8;eor
       3927;20190623;-999;-999;-999;    3;   0.0;   0;-999;-999;  -999;  17.2;    -999;   18.1;   83.67;   24.1;   14.0;   11.9;eor
       3927;20190624;-999;-999;-999;    3;   0.0;   0;-999;-999;  -999;  18.3;    -999;   20.4;   79.13;   28.7;   12.3;   10.6;eor
       3927;20190625;-999;-999;-999;    3;   0.0;   0;-999;-999;  -999;  19.5;    -999;   22.1;   76.17;   32.1;   12.0;   10.3;eor
       3927;20190626;-999;-999;-999;    3;   0.0;   0;-999;-999;  -999;  21.5;    -999;   24.3;   75.00;   34.5;   14.5;   12.8;eor
       3927;20190627;-999;-999;-999;    3;   0.0;   0;-999;-999;  -999;  21.9;    -999;   24.5;   73.54;   31.6;   15.6;   14.1;eor
       3927;20190628;-999;-999;-999;    3;   0.0;   0;-999;-999;  -999;  14.2;    -999;   20.5;   63.67;   28.5;   12.3;    9.5;eor
       3927;20190629;-999;-999;-999;    3;   0.0;   0;-999;-999;  -999;  14.1;    -999;   20.0;   65.88;   29.8;    9.7;    7.0;eor
       3927;20190630;-999;-999;-999;    3;   0.0;   0;-999;-999;  -999;  17.8;    -999;   22.7;   68.08;   32.6;   11.4;    9.1;eor
       3927;20190701;-999;-999;-999;    3;  11.1;   4;-999;-999;  -999;  20.3;    -999;   23.5;   72.83;   31.0;   17.0;   15.1;eor
       3927;20190702;-999;-999;-999;    3;   0.0;   0;-999;-999;  -999;  16.9;    -999;   19.3;   76.75;   25.3;   13.6;   11.9;eor
       3927;20190703;-999;-999;-999;    3;   0.0;   0;-999;-999;  -999;  13.3;    -999;   17.9;   66.38;   24.3;   11.8;    8.5;eor
       3927;20190704;-999;-999;-999;    3;   0.0;   0;-999;-999;  -999;  11.7;    -999;   17.1;   64.75;   26.0;    8.1;    5.8;eor
       3927;20190705;-999;-999;-999;    3;   0.0;   0;-999;-999;  -999;  13.3;    -999;   19.2;   64.75;   28.6;    9.5;    7.4;eor
       3927;20190706;-999;-999;-999;    3;   1.1;   4;-999;-999;  -999;  14.9;    -999;   18.8;   70.04;   27.6;    9.2;    6.5;eor
       3927;20190707;-999;-999;-999;    3;   0.2;   4;-999;-999;  -999;  16.4;    -999;   18.4;   77.96;   23.9;   14.6;   12.2;eor
       3927;20190708;-999;-999;-999;    3;   1.9;   4;-999;-999;  -999;  14.6;    -999;   14.5;   88.21;   16.8;   11.1;    8.7;eor
       3927;20190709;-999;-999;-999;    3;   0.0;   0;-999;-999;  -999;  10.7;    -999;   14.3;   68.00;   20.5;    8.0;    4.3;eor
       3927;20190710;-999;-999;-999;    3;   0.0;   0;-999;-999;  -999;   9.3;    -999;   13.3;   65.33;   21.6;    5.1;    2.5;eor
       3927;20190711;-999;-999;-999;    3;   4.0;   4;-999;-999;  -999;  13.1;    -999;   13.1;   85.96;   18.4;    7.1;    4.5;eor
       3927;20190712;-999;-999;-999;    3;  24.4;   4;-999;-999;  -999;  15.8;    -999;   14.5;   95.25;   19.1;   12.1;   11.2;eor
       3927;20190713;-999;-999;-999;    3;   0.0;   0;-999;-999;  -999;  13.3;    -999;   14.4;   82.21;   20.5;    9.3;    7.5;eor
       3927;20190714;-999;-999;-999;    3;   0.0;   0;-999;-999;  -999;  13.3;    -999;   15.2;   78.63;   21.3;   10.1;    8.8;eor
       3927;20190715;-999;-999;-999;    3;   0.0;   0;-999;-999;  -999;  13.4;    -999;   15.3;   78.38;   22.5;    9.8;    7.6;eor
       3927;20190716;-999;-999;-999;    3;   0.0;   0;-999;-999;  -999;  13.6;    -999;   15.7;   78.67;   25.0;    7.5;    5.9;eor
       3927;20190717;-999;-999;-999;    3;   0.0;   0;-999;-999;  -999;  13.0;    -999;   17.3;   69.96;   25.9;    9.0;    7.1;eor
       3927;20190718;-999;-999;-999;    3;   0.0;   0;-999;-999;  -999;  13.1;    -999;   17.9;   68.17;   25.7;    9.6;    7.7;eor
       3927;20190719;-999;-999;-999;    3;   0.0;   0;-999;-999;  -999;  14.8;    -999;   19.5;   68.33;   26.5;   12.8;   10.7;eor
       3927;20190720;-999;-999;-999;    3;   9.8;   4;-999;-999;  -999;  15.7;    -999;   20.1;   70.79;   29.3;   10.5;    8.2;eor
       3927;20190721;-999;-999;-999;    3;   9.0;   4;-999;-999;  -999;  19.4;    -999;   18.5;   90.58;   24.5;   14.6;   12.8;eor
       3927;20190722;-999;-999;-999;    3;   0.0;   0;-999;-999;  -999;  17.7;    -999;   20.0;   79.25;   28.7;   12.4;   11.3;eor
       3927;20190723;-999;-999;-999;    3;   0.0;   0;-999;-999;  -999;  15.9;    -999;   21.2;   69.92;   31.0;   11.8;   10.4;eor
       3927;20190724;-999;-999;-999;    3;   0.0;   0;-999;-999;  -999;  18.3;    -999;   22.5;   71.71;   32.6;   12.1;   10.3;eor
       3927;20190725;-999;-999;-999;    3;   0.0;   0;-999;-999;  -999;  18.4;    -999;   23.7;   68.25;   33.6;   15.1;   13.4;eor
       3927;20190726;-999;-999;-999;    3;   4.9;   4;-999;-999;  -999;  19.9;    -999;   23.0;   72.54;   31.7;   15.0;   13.3;eor
       3927;20190727;-999;-999;-999;    3;   0.6;   4;-999;-999;  -999;  18.3;    -999;   19.9;   80.83;   27.4;   14.9;   14.1;eor
       3927;20190728;-999;-999;-999;    3;   1.5;   4;-999;-999;  -999;  17.8;    -999;   16.9;   92.08;   20.2;   14.8;   14.3;eor
       3927;20190729;-999;-999;-999;    3;   0.0;   0;-999;-999;  -999;  16.7;    -999;   17.9;   81.92;   23.4;   14.4;   14.3;eor
       3927;20190730;-999;-999;-999;    3;  21.4;   4;-999;-999;  -999;  17.4;    -999;   20.6;   73.75;   27.0;   15.2;   15.1;eor
       3927;20190731;-999;-999;-999;    3;   0.4;   4;-999;-999;  -999;  16.5;    -999;   16.7;   87.50;   21.4;   12.6;   10.8;eor
       3927;20190801;-999;-999;-999;    3;   0.0;   4;-999;-999;  -999;  13.8;    -999;   17.2;   73.79;   24.9;    9.9;    8.2;eor
       3927;20190802;-999;-999;-999;    3;   0.2;   4;-999;-999;  -999;  14.4;    -999;   16.8;   76.75;   22.9;   11.0;    9.5;eor
       3927;20190803;-999;-999;-999;    3;   0.0;   4;-999;-999;  -999;  13.5;    -999;   16.8;   73.63;   22.8;   10.3;    8.6;eor
       3927;20190804;-999;-999;-999;    3;   0.1;   4;-999;-999;  -999;  14.1;    -999;   16.8;   76.67;   25.5;    8.5;    7.3;eor
       3927;20190805;-999;-999;-999;    3;  12.1;   4;-999;-999;  -999;  15.7;    -999;   19.6;   71.75;   28.2;   11.5;   10.1;eor
       3927;20190806;-999;-999;-999;    3;   0.3;   4;-999;-999;  -999;  19.4;    -999;   18.9;   89.08;   22.5;   16.0;   14.9;eor
       3927;20190807;-999;-999;-999;    3;   3.9;   4;-999;-999;  -999;  18.4;    -999;   17.1;   93.83;   20.4;   15.8;   14.5;eor
       3927;20190808;-999;-999;-999;    3;   0.1;   4;-999;-999;  -999;  16.2;    -999;   18.0;   80.75;   25.3;   11.8;   10.9;eor
       3927;20190809;-999;-999;-999;    3;   8.7;   4;-999;-999;  -999;  17.8;    -999;   20.6;   76.00;   29.9;    9.9;    8.9;eor
       3927;20190810;-999;-999;-999;    3;   6.6;   4;-999;-999;  -999;  18.9;    -999;   18.1;   91.00;   20.8;   12.8;   11.4;eor
       3927;20190811;-999;-999;-999;    3;  17.4;   4;-999;-999;  -999;  16.2;    -999;   17.8;   82.54;   26.7;   10.3;    9.2;eor
       3927;20190812;-999;-999;-999;    3;   0.7;   4;-999;-999;  -999;  15.8;    -999;   14.4;   96.29;   17.5;   11.2;    9.4;eor
       3927;20190813;-999;-999;-999;    3;   4.1;   4;-999;-999;  -999;  13.4;    -999;   13.3;   88.46;   18.1;    8.9;    7.0;eor
       3927;20190814;-999;-999;-999;    3;   0.0;   0;-999;-999;  -999;  11.5;    -999;   13.2;   79.75;   20.7;    6.9;    5.5;eor
       3927;20190815;-999;-999;-999;    3;   6.6;   4;-999;-999;  -999;  13.6;    -999;   13.1;   89.88;   20.6;    6.4;    5.4;eor
       3927;20190816;-999;-999;-999;    3;   0.0;   4;-999;-999;  -999;  13.6;    -999;   15.3;   80.63;   22.9;    9.9;    8.4;eor
       3927;20190817;-999;-999;-999;    3;   0.0;   0;-999;-999;  -999;  15.5;    -999;   16.2;   84.79;   21.6;    9.8;    8.8;eor
       3927;20190818;-999;-999;-999;    3;  13.4;   4;-999;-999;  -999;  17.2;    -999;   20.8;   74.04;   29.2;   12.0;   10.6;eor
       3927;20190819;-999;-999;-999;    3;  15.5;   4;-999;-999;  -999;  18.3;    -999;   17.2;   93.00;   21.9;   14.7;   14.6;eor
       3927;20190820;-999;-999;-999;    3;  18.0;   4;-999;-999;  -999;  15.2;    -999;   13.5;   98.04;   15.5;   10.7;   10.3;eor
       3927;20190821;-999;-999;-999;    3;   0.0;   0;-999;-999;  -999;  13.5;    -999;   13.3;   88.92;   18.7;    8.5;    8.1;eor
       3927;20190822;-999;-999;-999;    3;   0.0;   0;-999;-999;  -999;  13.9;    -999;   13.6;   89.58;   20.5;    8.5;    6.7;eor
       3927;20190823;-999;-999;-999;    3;   0.0;   0;-999;-999;  -999;  14.9;    -999;   15.0;   87.96;   22.6;    7.9;    7.1;eor
       3927;20190824;-999;-999;-999;    3;   0.0;   0;-999;-999;  -999;  16.6;    -999;   16.5;   88.75;   25.7;    9.4;    8.5;eor
       3927;20190825;-999;-999;-999;    3;   0.0;   0;-999;-999;  -999;  15.5;    -999;   17.3;   81.58;   27.3;    9.2;    7.6;eor
       3927;20190826;-999;-999;-999;    3;   0.0;   0;-999;-999;  -999;  17.1;    -999;   18.2;   83.92;   27.5;   10.6;    9.1;eor
       3927;20190827;-999;-999;-999;    3;   0.0;   0;-999;-999;  -999;  17.2;    -999;   19.1;   81.33;   27.8;   11.6;   10.0;eor
       3927;20190828;-999;-999;-999;    3;   0.5;   4;-999;-999;  -999;  18.2;    -999;   20.9;   76.92;   28.9;   14.8;   12.9;eor
       3927;20190829;-999;-999;-999;    3;   0.0;   0;-999;-999;  -999;  19.0;    -999;   18.9;   87.46;   24.3;   14.1;   12.0;eor
       3927;20190830;-999;-999;-999;    3;   0.0;   0;-999;-999;  -999;  17.6;    -999;   18.9;   83.21;   27.5;   11.9;   10.2;eor
       3927;20190831;-999;-999;-999;    3;   0.0;   0;-999;-999;  -999;  17.9;    -999;   19.0;   82.67;   27.6;   10.8;    8.7;eor
       3927;20190901;-999;-999;-999;    3;   1.5;   4;-999;-999;  -999;  17.5;    -999;   17.5;   87.75;   22.8;   13.3;   11.2;eor
       3927;20190902;-999;-999;-999;    3;   0.0;   0;-999;-999;  -999;  13.6;    -999;   13.6;   88.08;   17.0;    8.2;    5.1;eor
       3927;20190903;-999;-999;-999;    3;   0.0;   0;-999;-999;  -999;  11.1;    -999;   12.5;   80.21;   21.5;    5.0;    2.4;eor
       3927;20190904;-999;-999;-999;    3;   0.0;   0;-999;-999;  -999;  12.2;    -999;   13.8;   79.33;   22.9;    5.0;    2.5;eor
       3927;20190905;-999;-999;-999;    3;   0.3;   4;-999;-999;  -999;  11.6;    -999;   10.8;   89.21;   14.4;    7.4;    4.6;eor
       3927;20190906;-999;-999;-999;    3;   0.1;   4;-999;-999;  -999;  11.9;    -999;   11.5;   88.50;   14.8;    9.1;    8.5;eor
       3927;20190907;-999;-999;-999;    3;   6.9;   4;-999;-999;  -999;  12.6;    -999;   11.3;   93.71;   14.8;    8.5;    7.0;eor
       3927;20190908;-999;-999;-999;    3;  12.3;   4;-999;-999;  -999;  11.8;    -999;    9.7;   97.71;   10.6;    9.0;    8.9;eor
       3927;20190909;-999;-999;-999;    3;   0.0;   0;-999;-999;  -999;  10.9;    -999;   10.0;   89.38;   15.5;    6.2;    5.2;eor
       3927;20190910;-999;-999;-999;    3;   0.0;   0;-999;-999;  -999;  10.8;    -999;   11.1;   83.96;   18.3;    5.9;    4.4;eor
       3927;20190911;-999;-999;-999;    3;   0.1;   4;-999;-999;  -999;  12.2;    -999;   12.0;   87.25;   20.4;    4.6;    2.1;eor
       3927;20190912;-999;-999;-999;    3;   0.0;   0;-999;-999;  -999;  12.9;    -999;   14.9;   79.04;   23.3;    9.0;    5.8;eor
       3927;20190913;-999;-999;-999;    3;   0.0;   0;-999;-999;  -999;  14.2;    -999;   15.4;   82.88;   24.5;    7.3;    4.4;eor
       3927;20190914;-999;-999;-999;    3;   0.0;   0;-999;-999;  -999;  15.0;    -999;   15.1;   88.29;   22.6;    9.4;    6.1;eor
       3927;20190915;-999;-999;-999;    3;   0.0;   0;-999;-999;  -999;  16.3;    -999;   16.1;   88.63;   24.8;    8.0;    5.3;eor
       3927;20190916;-999;-999;-999;    3;   0.0;   0;-999;-999;  -999;  16.7;    -999;   17.1;   86.75;   25.6;    9.8;    7.0;eor
       3927;20190917;-999;-999;-999;    3;   0.0;   0;-999;-999;  -999;  13.9;    -999;   14.9;   83.04;   21.1;    9.0;    4.4;eor
       3927;20190918;-999;-999;-999;    3;   0.0;   0;-999;-999;  -999;   9.1;    -999;    9.9;   76.00;   15.8;    5.7;    1.5;eor
       3927;20190919;-999;-999;-999;    3;   0.0;   0;-999;-999;  -999;   7.6;    -999;    8.9;   67.96;   14.9;    3.7;   -0.8;eor
       3927;20190920;-999;-999;-999;    3;   0.0;   0;-999;-999;  -999;   7.8;    -999;    8.2;   73.67;   15.8;    1.3;   -2.9;eor
       3927;20190921;-999;-999;-999;    3;   0.0;   0;-999;-999;  -999;   9.7;    -999;    9.4;   83.50;   20.7;    0.8;   -2.3;eor
       3927;20190922;-999;-999;-999;    3;   6.4;   4;-999;-999;  -999;  12.6;    -999;   12.6;   86.67;   22.4;    4.5;    1.5;eor
       3927;20190923;-999;-999;-999;    3;   9.7;   4;-999;-999;  -999;  13.4;    -999;   11.7;   97.04;   15.0;    5.9;    4.1;eor
       3927;20190924;-999;-999;-999;    3;   1.5;   4;-999;-999;  -999;  12.4;    -999;   10.6;   95.63;   15.2;    5.2;    3.9;eor
       3927;20190925;-999;-999;-999;    3;   1.6;   4;-999;-999;  -999;  13.3;    -999;   12.9;   89.42;   16.6;   10.4;    6.4;eor
       3927;20190926;-999;-999;-999;    3;   0.3;   4;-999;-999;  -999;  14.8;    -999;   13.5;   94.79;   15.6;   10.8;    7.6;eor
       3927;20190927;-999;-999;-999;    3;   5.2;   4;-999;-999;  -999;  14.5;    -999;   14.9;   86.21;   19.9;   11.4;    7.8;eor
       3927;20190928;-999;-999;-999;    3;   0.0;   0;-999;-999;  -999;  12.7;    -999;   13.0;   85.08;   17.4;    9.5;    6.6;eor
       3927;20190929;-999;-999;-999;    3;   0.1;   4;-999;-999;  -999;  11.7;    -999;   13.7;   76.42;   20.2;    5.1;    1.8;eor
       3927;20190930;-999;-999;-999;    3;   0.0;   0;-999;-999;  -999;  11.4;    -999;   13.6;   74.46;   17.9;    5.8;    2.6;eor
       3927;20191001;-999;-999;-999;    3;   1.3;   4;-999;   0;  -999;  12.6;    -999;   12.9;   84.83;   21.0;    4.4;    1.4;eor
       3927;20191002;-999;-999;-999;    3;  13.1;   4;-999;   0;  -999;  11.9;    -999;   10.5;   92.25;   16.1;    3.6;    0.7;eor
       3927;20191003;-999;-999;-999;    3;   0.0;   0;-999;   0;  -999;   7.8;    -999;    5.6;   87.25;   11.3;    1.2;   -1.4;eor
       3927;20191004;-999;-999;-999;    3;   1.1;   4;-999;   0;  -999;   9.5;    -999;    6.6;   96.29;   10.2;    0.8;   -1.4;eor
       3927;20191005;-999;-999;-999;    3;   4.2;   4;-999;   0;  -999;  11.1;    -999;    9.6;   92.88;   12.7;    6.2;    5.1;eor
       3927;20191006;-999;-999;-999;    3;   5.2;   4;-999;   0;  -999;  10.8;    -999;    8.4;   96.67;   11.1;    5.0;    3.8;eor
       3927;20191007;-999;-999;-999;    3;   0.0;   0;-999;   0;  -999;  10.4;    -999;    9.4;   88.58;   14.3;    5.6;    2.1;eor
       3927;20191008;-999;-999;-999;    3;   4.4;   4;-999;   0;  -999;  11.6;    -999;   11.6;   84.67;   15.9;    8.1;    6.4;eor
       3927;20191009;-999;-999;-999;    3;  10.7;   4;-999;   0;  -999;  11.3;    -999;    9.6;   94.33;   14.0;    7.7;    5.3;eor
       3927;20191010;-999;-999;-999;    3;   1.6;   4;-999;   0;  -999;  10.2;    -999;    9.1;   88.21;   13.1;    4.6;    0.0;eor
       3927;20191011;-999;-999;-999;    3;   0.0;   0;-999;   0;  -999;   9.9;    -999;    8.6;   88.75;   16.0;    2.2;   -0.8;eor
       3927;20191012;-999;-999;-999;    3;   0.0;   0;-999;   0;  -999;  12.1;    -999;   13.0;   80.54;   19.1;    5.4;    0.8;eor
       3927;20191013;-999;-999;-999;    3;   0.0;   0;-999;   0;  -999;  13.2;    -999;   14.0;   83.88;   21.6;    7.6;    4.6;eor
       3927;20191014;-999;-999;-999;    3;   0.0;   0;-999;   0;  -999;  12.7;    -999;   12.1;   89.83;   23.1;    5.4;    2.6;eor
       3927;20191015;-999;-999;-999;    3;  11.0;   4;-999;   0;  -999;  11.4;    -999;    9.4;   95.54;   15.7;    3.9;    2.1;eor
       3927;20191016;-999;-999;-999;    3;   0.0;   0;-999;   0;  -999;   9.7;    -999;    8.8;   86.79;   15.0;    2.9;    0.4;eor
       3927;20191017;-999;-999;-999;    3;   0.2;   4;-999;   0;  -999;  10.8;    -999;   10.3;   86.54;   17.5;    2.5;   -0.5;eor
       3927;20191018;-999;-999;-999;    3;   3.5;   4;-999;   0;  -999;  12.6;    -999;   11.6;   92.63;   15.6;    8.5;    5.5;eor
       3927;20191019;-999;-999;-999;    3;   4.4;   4;-999;   0;  -999;  12.7;    -999;   11.0;   96.75;   14.9;    9.1;    8.0;eor
       3927;20191020;-999;-999;-999;    3;   0.5;   4;-999;   0;  -999;  12.5;    -999;   10.8;   95.63;   18.3;    7.3;    5.3;eor
       3927;20191021;-999;-999;-999;    3;   0.4;   4;-999;   0;  -999;  13.7;    -999;   12.2;   96.00;   16.4;    7.3;    5.2;eor
       3927;20191022;-999;-999;-999;    3;   0.0;   0;-999;   0;  -999;  12.5;    -999;   11.2;   93.42;   16.3;    6.6;    4.6;eor
       3927;20191023;-999;-999;-999;    3;   0.0;   0;-999;   0;  -999;  12.7;    -999;   11.2;   95.63;   15.6;    9.3;    9.4;eor
       3927;20191024;-999;-999;-999;    3;   0.0;   0;-999;   0;  -999;  12.9;    -999;   11.4;   95.38;   16.2;    7.9;    7.2;eor
       3927;20191025;-999;-999;-999;    3;   0.0;   0;-999;   0;  -999;  11.8;    -999;   11.5;   87.46;   16.4;    4.9;    2.6;eor
       3927;20191026;-999;-999;-999;    3;   0.0;   0;-999;   0;  -999;  10.9;    -999;    9.2;   92.75;   17.1;    2.5;    0.2;eor
       3927;20191027;-999;-999;-999;    3;   1.1;   4;-999;   0;  -999;  12.5;    -999;   12.2;   88.75;   17.8;    7.1;    3.2;eor
       3927;20191028;-999;-999;-999;    3;   3.2;   4;-999;   0;  -999;  10.2;    -999;    7.3;   98.58;   11.0;    5.4;    5.4;eor
       3927;20191029;-999;-999;-999;    3;   7.7;   4;-999;   0;  -999;   8.7;    -999;    5.2;   98.21;    6.4;    4.5;    4.6;eor
       3927;20191030;-999;-999;-999;    3;  10.0;   4;-999;   0;  -999;   8.3;    -999;    4.8;   96.71;    6.6;    3.6;    3.7;eor
       3927;20191031;-999;-999;-999;    3;   0.0;   4;-999;   0;  -999;   7.8;    -999;    3.4;   99.83;    4.0;    2.7;    3.2;eor
       3927;20191101;-999;-999;-999;    3;   4.7;   4;-999;   0;  -999;  10.4;    -999;    7.7;   98.13;   10.5;    3.9;    4.3;eor
       3927;20191102;-999;-999;-999;    3;   2.5;   4;-999;   0;  -999;  12.7;    -999;   11.6;   92.75;   15.7;   10.1;    8.2;eor
       3927;20191103;-999;-999;-999;    3;   4.7;   4;-999;   0;  -999;  11.1;    -999;    9.2;   95.54;   11.5;    7.0;    6.3;eor
       3927;20191104;-999;-999;-999;    3;   2.5;   4;-999;   0;  -999;   9.7;    -999;    8.7;   86.63;   12.3;    6.6;    4.8;eor
       3927;20191105;-999;-999;-999;    3;   3.7;   4;-999;   0;  -999;   8.7;    -999;    6.9;   88.46;   11.2;    3.4;    0.6;eor
       3927;20191106;-999;-999;-999;    3;   1.1;   4;-999;   0;  -999;   8.8;    -999;    5.7;   95.67;    7.5;    4.3;    2.0;eor
       3927;20191107;-999;-999;-999;    3;   5.2;   4;-999;   0;  -999;   7.6;    -999;    3.8;   94.33;    7.1;   -1.5;   -3.0;eor
       3927;20191108;-999;-999;-999;    3;   6.7;   4;-999;   0;  -999;   7.1;    -999;    2.2;   99.21;    3.7;    0.5;   -1.2;eor
       3927;20191109;-999;-999;-999;    3;   0.0;   0;-999;   0;  -999;   7.0;    -999;    2.3;   95.96;    6.0;   -1.4;   -3.1;eor
       3927;20191110;-999;-999;-999;    3;   0.0;   0;-999;   0;  -999;   5.9;    -999;   -0.5;  100.00;    1.4;   -1.9;   -1.8;eor
       3927;20191111;-999;-999;-999;    3;   0.5;   4;-999;   0;  -999;   6.3;    -999;    0.7;   98.00;    3.0;   -2.0;   -1.4;eor
       3927;20191112;-999;-999;-999;    3;   0.0;   0;-999;   0;  -999;   6.7;    -999;    3.0;   88.71;    6.3;    0.8;   -1.9;eor
       3927;20191113;-999;-999;-999;    3;   0.0;   0;-999;   0;  -999;   6.0;    -999;    1.8;   86.88;    5.2;   -1.6;   -3.8;eor
       3927;20191114;-999;-999;-999;    3;   0.0;   0;-999;   0;  -999;   5.7;    -999;    0.1;   92.08;    4.8;   -4.4;   -6.3;eor
       3927;20191115;-999;-999;-999;    3;   2.2;   4;-999;   0;  -999;   6.6;    -999;    1.8;   95.00;    4.5;   -0.7;   -1.7;eor
       3927;20191116;-999;-999;-999;    3;   0.3;   4;-999;   0;  -999;   7.2;    -999;    2.5;   98.17;    5.5;   -0.8;   -2.3;eor
       3927;20191117;-999;-999;-999;    3;   2.0;   4;-999;   0;  -999;   7.3;    -999;    2.5;   99.42;    3.2;    0.3;   -1.3;eor
       3927;20191118;-999;-999;-999;    3;   0.0;   0;-999;   0;  -999;   6.3;    -999;    2.2;   87.67;    4.5;   -0.3;   -2.7;eor
       3927;20191119;-999;-999;-999;    3;   0.0;   0;-999;   0;  -999;   6.1;    -999;    1.3;   91.38;    5.7;   -2.8;   -4.7;eor
       3927;20191120;-999;-999;-999;    3;   0.0;   0;-999;   0;  -999;   6.9;    -999;    2.8;   92.58;    4.0;    2.1;    2.1;eor
       3927;20191121;-999;-999;-999;    3;   0.0;   0;-999;   0;  -999;   6.8;    -999;    2.1;   96.21;    4.8;    0.1;   -2.3;eor
       3927;20191122;-999;-999;-999;    3;   0.0;   0;-999;   0;  -999;   6.8;    -999;    1.7;   98.88;    3.4;    0.5;    0.9;eor
       3927;20191123;-999;-999;-999;    3;   0.0;   0;-999;   0;  -999;   7.2;    -999;    2.5;   98.46;    5.7;    0.1;    0.3;eor
       3927;20191124;-999;-999;-999;    3;   0.0;   0;-999;   0;  -999;   7.9;    -999;    3.7;   98.21;    7.4;    0.1;   -1.7;eor
       3927;20191125;-999;-999;-999;    3;   0.5;   4;-999;   0;  -999;   7.5;    -999;    2.7;   99.92;    5.1;   -0.7;   -1.9;eor
       3927;20191126;-999;-999;-999;    3;   0.0;   0;-999;   0;  -999;   8.5;    -999;    4.9;   97.29;    9.5;    0.1;   -1.2;eor
       3927;20191127;-999;-999;-999;    3;   1.3;   4;-999;   0;  -999;   8.5;    -999;    6.5;   88.17;    9.6;    1.9;    1.6;eor
       3927;20191128;-999;-999;-999;    3;   6.5;   4;-999;   0;  -999;   8.7;    -999;    7.2;   85.67;    8.5;    6.0;    4.6;eor
       3927;20191129;-999;-999;-999;    3;   8.3;   4;-999;   0;  -999;   8.2;    -999;    4.7;   95.58;    6.6;    1.5;    1.6;eor
       3927;20191130;-999;-999;-999;    3;   0.0;   0;-999;   0;  -999;   6.1;    -999;    0.5;   95.67;    4.0;   -2.2;   -4.1;eor
       3927;20191201;-999;-999;-999;    3;   0.1;   4;-999;   0;  -999;   5.5;    -999;   -0.9;   96.00;    0.4;   -2.3;   -3.2;eor
       3927;20191202;-999;-999;-999;    3;   0.0;   4;-999;   0;  -999;   5.2;    -999;   -0.5;   87.83;    1.2;   -4.9;   -6.7;eor
       3927;20191203;-999;-999;-999;    3;   0.0;   0;-999;   0;  -999;   4.3;    -999;   -2.1;   83.75;    3.0;   -6.2;   -8.4;eor
       3927;20191204;-999;-999;-999;    3;   0.0;   0;-999;   0;  -999;   4.6;    -999;   -3.3;   96.79;   -2.5;   -4.6;   -7.1;eor
       3927;20191205;-999;-999;-999;    3;   0.0;   0;-999;   0;  -999;   5.3;    -999;   -1.9;  100.00;   -0.7;   -3.2;   -2.8;eor
       3927;20191206;-999;-999;-999;    3;   0.4;   4;-999;   0;  -999;   5.8;    -999;    0.9;   89.83;    4.7;   -2.2;   -2.6;eor
       3927;20191207;-999;-999;-999;    3;   0.0;   0;-999;   0;  -999;   7.6;    -999;    5.5;   84.58;    8.6;    1.7;   -1.9;eor
       3927;20191208;-999;-999;-999;    3;   0.1;   4;-999;   0;  -999;   7.8;    -999;    6.3;   81.79;    8.0;    3.4;   -1.1;eor
       3927;20191209;-999;-999;-999;    3;   3.5;   4;-999;   0;  -999;   7.2;    -999;    4.7;   84.46;    8.2;    2.2;    1.8;eor
       3927;20191210;-999;-999;-999;    3;   0.0;   0;-999;   0;  -999;   5.5;    -999;   -0.2;   91.50;    2.9;   -5.3;   -7.4;eor
       3927;20191211;-999;-999;-999;    3;   0.9;   4;-999;   0;  -999;   5.0;    -999;   -2.0;   93.04;    1.2;   -6.8;   -8.2;eor
       3927;20191212;-999;-999;-999;    3;   1.1;   4;-999;   0;  -999;   5.9;    -999;    0.0;   95.83;    2.9;   -4.5;   -6.5;eor
       3927;20191213;-999;-999;-999;    3;   5.4;   4;-999;   0;  -999;   6.0;    -999;    0.4;   95.25;    2.5;   -4.3;   -4.7;eor
       3927;20191214;-999;-999;-999;    3;   1.4;   4;-999;   0;  -999;   6.8;    -999;    5.0;   77.50;    7.6;    1.6;   -0.1;eor
       3927;20191215;-999;-999;-999;    3;   0.0;   0;-999;   0;  -999;   9.1;    -999;    8.7;   81.25;   11.8;    3.2;    1.3;eor
       3927;20191216;-999;-999;-999;    3;   0.0;   0;-999;   0;  -999;   6.8;    -999;    1.7;   98.29;    7.1;   -1.4;   -3.0;eor
       3927;20191217;-999;-999;-999;    3;   0.0;   0;-999;   0;  -999;   6.6;    -999;    1.2;   98.33;    6.6;   -1.6;   -2.9;eor
       3927;20191218;-999;-999;-999;    3;   0.0;   0;-999;   0;  -999;   8.0;    -999;    4.6;   93.67;   12.4;   -0.5;   -2.2;eor
       3927;20191219;-999;-999;-999;    3;   0.0;   0;-999;   0;  -999;   6.8;    -999;    1.6;   98.21;    9.3;   -2.0;   -3.2;eor
       3927;20191220;-999;-999;-999;    3;   2.1;   4;-999;   0;  -999;   6.7;    -999;    1.3;   97.33;    8.5;   -3.4;   -4.8;eor
       3927;20191221;-999;-999;-999;    3;   2.4;   4;-999;   0;  -999;   7.2;    -999;    2.5;   97.92;    5.7;   -1.1;   -2.9;eor
       3927;20191222;-999;-999;-999;    3;   1.3;   4;-999;   0;  -999;   7.8;    -999;    4.2;   94.21;    6.0;    1.9;    0.7;eor
       3927;20191223;-999;-999;-999;    3;   2.9;   4;-999;   0;  -999;   7.7;    -999;    3.8;   95.58;    5.0;    2.9;    0.9;eor
       3927;20191224;-999;-999;-999;    3;   0.8;   4;-999;   0;  -999;   7.5;    -999;    3.4;   95.38;    5.3;    1.8;   -1.2;eor
       3927;20191225;-999;-999;-999;    3;   1.2;   4;-999;   0;  -999;   7.3;    -999;    3.3;   93.58;    6.3;   -2.3;   -4.6;eor
       3927;20191226;-999;-999;-999;    3;   1.2;   4;-999;   0;  -999;   5.9;    -999;   -0.5;   98.92;    2.9;   -4.4;   -6.3;eor
       3927;20191227;-999;-999;-999;    3;   0.9;   4;-999;   0;  -999;   8.0;    -999;    4.1;   98.17;    5.1;    2.6;    2.5;eor
       3927;20191228;-999;-999;-999;    3;   0.0;   0;-999;   0;  -999;   5.7;    -999;   -0.1;   93.67;    2.6;   -3.8;   -5.3;eor
       3927;20191229;-999;-999;-999;    3;   0.0;   0;-999;   0;  -999;   4.5;    -999;   -3.4;   94.04;    0.5;   -6.5;   -8.9;eor
       3927;20191230;-999;-999;-999;    3;   0.0;   0;-999;   0;  -999;   4.7;    -999;   -2.6;   93.75;    4.1;   -6.1;   -8.1;eor
       3927;20191231;-999;-999;-999;    3;   0.0;   0;-999;   0;  -999;   5.2;    -999;   -1.7;   95.75;    3.5;   -5.6;   -7.6;eor
       3927;20200101;-999;-999;-999;    3;   0.0;   0;-999;   0;  -999;   5.0;    -999;   -2.9;   99.88;   -0.9;   -6.3;   -8.6;eor
       3927;20200102;-999;-999;-999;    3;   0.0;   0;-999;   0;  -999;   5.2;    -999;   -2.2;  100.00;   -1.2;   -3.1;   -2.6;eor
       3927;20200103;-999;-999;-999;    3;   0.0;   4;-999;   0;  -999;   6.7;    -999;    1.5;   97.83;    5.0;   -2.0;   -1.7;eor
       3927;20200104;-999;-999;-999;    3;   0.1;   4;-999;   0;  -999;   6.9;    -999;    3.3;   89.21;    4.7;    0.9;   -0.9;eor
       3927;20200105;-999;-999;-999;    3;   0.0;   0;-999;   0;  -999;   5.8;    -999;    0.7;   90.00;    5.1;   -4.2;   -5.3;eor
       3927;20200106;-999;-999;-999;    3;   0.0;   0;-999;   0;  -999;   5.1;    -999;   -2.5;   99.96;   -0.4;   -4.3;   -5.4;eor
       3927;20200107;-999;-999;-999;    3;   0.1;   4;-999;   0;  -999;   6.0;    -999;    0.1;   97.04;    4.1;   -3.8;   -5.8;eor
       3927;20200108;-999;-999;-999;    3;   0.0;   0;-999;   0;  -999;   6.0;    -999;    0.8;   93.08;    4.4;   -4.1;   -5.5;eor
       3927;20200109;-999;-999;-999;    3;   0.0;   0;-999;   0;  -999;   5.7;    -999;    4.1;   70.29;    9.7;   -1.3;   -3.8;eor
       3927;20200110;-999;-999;-999;    3;   0.0;   4;-999;   0;  -999;   6.9;    -999;    5.7;   75.50;    8.5;    0.1;   -2.7;eor
       3927;20200111;-999;-999;-999;    3;   0.0;   0;-999;   0;  -999;   6.2;    -999;    1.9;   88.25;    6.4;   -4.5;   -6.5;eor
       3927;20200112;-999;-999;-999;    3;   0.0;   0;-999;   0;  -999;   5.5;    -999;   -1.1;   97.17;    1.4;   -5.1;   -7.0;eor
       3927;20200113;-999;-999;-999;    3;   0.0;   0;-999;   0;  -999;   5.6;    -999;    0.1;   91.79;    5.2;   -4.1;   -5.9;eor
       3927;20200114;-999;-999;-999;    3;   0.0;   0;-999;   0;  -999;   5.4;    -999;    1.4;   80.13;    6.7;   -4.4;   -7.0;eor
       3927;20200115;-999;-999;-999;    3;   0.0;   0;-999;   0;  -999;   5.7;    -999;    3.3;   75.21;    8.6;   -3.0;   -4.9;eor
       3927;20200116;-999;-999;-999;    3;   0.0;   0;-999;   0;  -999;   6.5;    -999;    4.0;   81.96;   11.1;   -2.1;   -4.5;eor
       3927;20200117;-999;-999;-999;    3;   3.1;   4;-999;   0;  -999;   6.6;    -999;    2.6;   89.67;    7.4;   -3.4;   -5.9;eor
       3927;20200118;-999;-999;-999;    3;   0.0;   4;-999;   0;  -999;   6.3;    -999;    2.1;   88.75;    5.0;   -2.2;   -4.4;eor
       3927;20200119;-999;-999;-999;    3;   1.1;   4;-999;   0;  -999;   5.4;    -999;   -1.4;   96.92;    1.3;   -4.3;   -6.5;eor
       3927;20200120;-999;-999;-999;    3;   0.0;   0;-999;   0;  -999;   5.2;    -999;   -0.6;   89.13;    1.9;   -2.2;   -5.0;eor
       3927;20200121;-999;-999;-999;    3;   0.0;   0;-999;   0;  -999;   4.7;    -999;   -2.6;   92.17;    1.0;   -4.5;   -6.5;eor
       3927;20200122;-999;-999;-999;    3;   0.0;   0;-999;   0;  -999;   4.5;    -999;   -3.8;   98.50;    0.8;   -5.2;   -4.9;eor
       3927;20200123;-999;-999;-999;    3;   0.0;   0;-999;   0;  -999;   4.4;    -999;   -4.2;   97.88;   -2.4;   -5.4;   -5.0;eor
       3927;20200124;-999;-999;-999;    3;   0.0;   0;-999;   0;  -999;   5.3;    -999;   -1.3;   94.92;    4.2;   -4.0;   -4.1;eor
       3927;20200125;-999;-999;-999;    3;   0.0;   0;-999;   0;  -999;   5.8;    -999;    0.2;   93.79;    6.1;   -2.3;   -4.3;eor
       3927;20200126;-999;-999;-999;    3;   0.2;   4;-999;   0;  -999;   6.1;    -999;    1.3;   91.38;    6.3;   -3.0;   -4.4;eor
       3927;20200127;-999;-999;-999;    3;   5.3;   4;-999;   0;  -999;   7.3;    -999;    4.1;   89.33;    7.4;    1.1;   -0.8;eor
       3927;20200128;-999;-999;-999;    3;   6.6;   4;-999;   0;  -999;   6.8;    -999;    2.9;   89.92;    5.5;    0.1;   -1.2;eor
       3927;20200129;-999;-999;-999;    3;   0.2;   4;-999;   0;  -999;   6.1;    -999;    1.3;   91.21;    4.0;    0.1;   -2.1;eor
       3927;20200130;-999;-999;-999;    3;   1.0;   4;-999;   0;  -999;   7.0;    -999;    4.1;   85.38;    6.8;   -0.6;   -2.5;eor
       3927;20200131;-999;-999;-999;    3;   0.0;   0;-999;   0;  -999;  10.8;    -999;    9.1;   93.21;   11.0;    6.6;    6.3;eor
       3927;20200201;-999;-999;-999;    3;   0.4;   4;-999;   0;  -999;  10.2;    -999;    9.3;   87.33;   11.2;    6.5;    4.4;eor
       3927;20200202;-999;-999;-999;    3;   3.5;   4;-999;   0;  -999;  10.9;    -999;    9.3;   92.08;   11.4;    7.5;    6.5;eor
       3927;20200203;-999;-999;-999;    3;  22.2;   4;-999;   0;  -999;  10.7;    -999;    9.1;   92.33;   12.1;    6.6;    6.4;eor
       3927;20200204;-999;-999;-999;    3;   2.5;   4;-999;   0;  -999;   6.7;    -999;    2.9;   87.83;   12.1;    0.0;   -1.6;eor
       3927;20200205;-999;-999;-999;    3;   0.0;   0;-999;   0;  -999;   5.1;    -999;    0.2;   82.25;    3.9;   -4.2;   -5.9;eor
       3927;20200206;-999;-999;-999;    3;   0.0;   0;-999;   0;  -999;   4.4;    -999;   -2.0;   85.08;    5.3;   -6.5;   -8.1;eor
       3927;20200207;-999;-999;-999;    3;   0.0;   0;-999;   0;  -999;   4.5;    -999;   -2.1;   87.13;    5.1;   -6.8;   -8.2;eor
       3927;20200208;-999;-999;-999;    3;   0.0;   0;-999;   0;  -999;   5.1;    -999;   -0.1;   85.88;    7.1;   -5.9;   -7.5;eor
       3927;20200209;-999;-999;-999;    3;   0.8;   4;-999;   0;  -999;   5.7;    -999;    5.4;   66.17;   10.4;   -0.8;   -3.3;eor
       3927;20200210;-999;-999;-999;    3;  13.7;   4;-999;   0;  -999;   7.8;    -999;    8.3;   70.83;   11.1;    5.3;    4.2;eor
       3927;20200211;-999;-999;-999;    3;   4.2;   4;-999;   0;  -999;   6.4;    -999;    2.4;   88.33;    7.2;    0.2;   -1.4;eor
       3927;20200212;-999;-999;-999;    3;   0.4;   4;-999;   0;  -999;   5.8;    -999;    1.5;   85.38;    4.9;   -0.6;   -2.7;eor
       3927;20200213;-999;-999;-999;    3;   8.8;   4;-999;   0;  -999;   5.7;    -999;    1.9;   82.54;    6.2;   -2.2;   -3.6;eor
       3927;20200214;-999;-999;-999;    3;   1.1;   4;-999;   0;  -999;   7.0;    -999;    3.3;   90.71;    7.2;   -1.4;   -2.9;eor
       3927;20200215;-999;-999;-999;    3;   0.0;   0;-999;   0;  -999;   6.4;    -999;    2.1;   90.00;    8.6;   -2.6;   -3.6;eor
       3927;20200216;-999;-999;-999;    3;   0.0;   0;-999;   0;  -999;   6.2;    -999;    8.6;   55.96;   12.4;    2.5;   -0.2;eor
       3927;20200217;-999;-999;-999;    3;   4.1;   4;-999;   0;  -999;   8.1;    -999;    7.6;   78.00;   11.3;    4.1;    1.9;eor
       3927;20200218;-999;-999;-999;    3;   0.2;   4;-999;   0;  -999;   5.8;    -999;    4.0;   72.33;    7.1;    1.3;   -1.9;eor
       3927;20200219;-999;-999;-999;    3;   4.2;   4;-999;   0;  -999;   5.8;    -999;    2.0;   83.29;    4.7;   -1.7;   -3.5;eor
       3927;20200220;-999;-999;-999;    3;   0.6;   4;-999;   0;  -999;   6.3;    -999;    4.4;   75.50;    8.5;    0.1;   -1.9;eor
       3927;20200221;-999;-999;-999;    3;   0.0;   0;-999;   0;  -999;   5.4;    -999;    2.8;   72.17;    6.9;   -2.0;   -3.9;eor
       3927;20200222;-999;-999;-999;    3;   1.4;   4;-999;   0;  -999;   4.9;    -999;    6.2;   54.50;   11.8;   -1.0;   -3.0;eor
       3927;20200223;-999;-999;-999;    3;   0.0;   0;-999;   0;  -999;   7.3;    -999;   10.1;   58.17;   13.7;    5.6;    4.2;eor
       3927;20200224;-999;-999;-999;    3;   0.0;   0;-999;   0;  -999;   9.3;    -999;   10.3;   74.54;   14.5;    4.8;    3.6;eor
       3927;20200225;-999;-999;-999;    3;   3.2;   4;-999;   0;  -999;   7.1;    -999;    6.7;   73.13;    9.2;    4.0;    1.7;eor
       3927;20200226;-999;-999;-999;    3;   1.3;   4;-999;   0;  -999;   5.8;    -999;    0.6;   90.17;    4.4;   -1.2;   -2.2;eor
       3927;20200227;-999;-999;-999;    3;   7.4;   4;-999;   0;  -999;   5.7;    -999;    0.2;   91.46;    3.5;   -0.9;   -1.8;eor
       3927;20200228;-999;-999;-999;    3;   0.0;   0;-999;   5;  -999;   4.9;    -999;    1.5;   74.92;    5.3;   -2.6;   -6.0;eor
       3927;20200229;-999;-999;-999;    3;   6.6;   4;-999;   0;  -999;   6.5;    -999;    6.9;   65.29;   12.1;    3.2;    1.6;eor
       3927;20200301;-999;-999;-999;    3;   2.5;   4;-999;   0;  -999;   7.4;    -999;    6.0;   80.67;   11.5;    2.8;    1.1;eor
       3927;20200302;-999;-999;-999;    3;   1.9;   4;-999;   0;  -999;   6.7;    -999;    3.4;   86.33;    7.2;   -1.3;   -3.0;eor
       3927;20200303;-999;-999;-999;    3;   0.1;   4;-999;   0;  -999;   5.5;    -999;    2.0;   77.83;    6.1;   -2.0;   -3.5;eor
       3927;20200304;-999;-999;-999;    3;   0.2;   4;-999;   0;  -999;   5.3;    -999;    1.2;   81.38;    6.2;   -2.8;   -4.5;eor
       3927;20200305;-999;-999;-999;    3;  11.2;   4;-999;   0;  -999;   7.6;    -999;    3.6;   94.67;    6.3;   -1.7;   -2.3;eor
       3927;20200306;-999;-999;-999;    3;   1.9;   4;-999;   0;  -999;   6.8;    -999;    3.7;   86.00;    5.7;    1.9;    1.5;eor
       3927;20200307;-999;-999;-999;    3;   0.7;   4;-999;   0;  -999;   6.2;    -999;    1.6;   90.13;    5.5;   -2.7;   -4.4;eor
       3927;20200308;-999;-999;-999;    3;   2.3;   4;-999;   0;  -999;   5.4;    -999;    2.3;   77.50;    8.0;   -3.2;   -5.0;eor
       3927;20200309;-999;-999;-999;    3;   0.9;   4;-999;   0;  -999;   7.2;    -999;    4.0;   88.58;    7.7;    1.3;   -0.8;eor
       3927;20200310;-999;-999;-999;    3;  11.2;   4;-999;   0;  -999;   7.6;    -999;    3.5;   95.38;    7.4;    1.1;    0.0;eor
       3927;20200311;-999;-999;-999;    3;   0.0;   0;-999;   0;  -999;  10.5;    -999;   10.3;   84.08;   14.7;    7.4;    5.1;eor
       3927;20200312;-999;-999;-999;    3;   0.0;   0;-999;   0;  -999;   9.6;    -999;   10.7;   74.63;   14.5;    6.9;    5.1;eor
       3927;20200313;-999;-999;-999;    3;   0.0;   0;-999;   0;  -999;   5.5;    -999;    5.6;   62.33;   10.6;   -2.1;   -3.6;eor
       3927;20200314;-999;-999;-999;    3;   0.0;   0;-999;   0;  -999;   5.5;    -999;    2.3;   78.58;    8.3;   -3.2;   -4.5;eor
       3927;20200315;-999;-999;-999;    3;   0.0;   0;-999;   0;  -999;   5.7;    -999;    3.5;   77.08;   13.5;   -4.1;   -5.4;eor
       3927;20200316;-999;-999;-999;    3;   0.0;   0;-999;   0;  -999;   6.3;    -999;    6.2;   72.79;   17.5;   -2.1;   -3.8;eor
       3927;20200317;-999;-999;-999;    3;   0.0;   0;-999;   0;  -999;   8.1;    -999;    7.8;   78.46;   15.4;    2.2;   -0.2;eor
       3927;20200318;-999;-999;-999;    3;   0.0;   0;-999;   0;  -999;   8.1;    -999;    7.7;   80.25;   17.2;   -0.4;   -2.1;eor
       3927;20200319;-999;-999;-999;    3;   0.0;   0;-999;   0;  -999;   8.5;    -999;    8.5;   79.79;   18.6;    0.2;   -1.7;eor
       3927;20200320;-999;-999;-999;    3;   0.1;   4;-999;   0;  -999;   8.7;    -999;    8.4;   80.75;   17.8;    0.5;   -1.6;eor
       3927;20200321;-999;-999;-999;    3;   0.2;   4;-999;   0;  -999;   8.0;    -999;    3.9;   96.83;    8.9;    1.0;    0.7;eor
       3927;20200322;-999;-999;-999;    3;   0.0;   0;-999;   0;  -999;   4.6;    -999;    1.0;   70.25;    5.7;   -2.8;   -4.7;eor
       3927;20200323;-999;-999;-999;    3;   0.0;   0;-999;   0;  -999;   2.6;    -999;   -0.6;   46.46;    5.7;   -5.2;   -6.9;eor
       3927;20200324;-999;-999;-999;    3;   0.0;   0;-999;   0;  -999;   2.9;    -999;   -0.4;   50.58;    5.1;   -5.9;   -8.0;eor
       3927;20200325;-999;-999;-999;    3;   0.0;   0;-999;   0;  -999;   3.2;    -999;    0.1;   53.04;    5.6;   -4.4;   -6.5;eor
       3927;20200326;-999;-999;-999;    3;   0.0;   0;-999;   0;  -999;   4.2;    -999;    0.2;   67.67;    5.4;   -4.9;   -6.8;eor
       3927;20200327;-999;-999;-999;    3;   0.0;   0;-999;   0;  -999;   5.6;    -999;    3.8;   72.21;   12.4;   -4.0;   -6.4;eor
       3927;20200328;-999;-999;-999;    3;   0.0;   0;-999;   0;  -999;   6.1;    -999;    5.9;   70.96;   15.4;   -2.3;   -4.8;eor
       3927;20200329;-999;-999;-999;    1;   5.5;   4;-999;   0;  -999;   6.4;    -999;    2.1;   90.29;    5.3;    0.3;   -1.7;eor
       3927;20200330;-999;-999;-999;    1;   0.0;   0;-999;   3;  -999;   4.7;    -999;   -0.9;   82.17;    4.0;   -5.2;   -7.0;eor
       3927;20200331;-999;-999;-999;    1;   0.0;   0;-999;   0;  -999;   3.4;    -999;   -0.2;   58.54;    6.1;   -6.6;   -8.6;eor
       3927;20200401;-999;-999;-999;    1;   0.0;   0;-999;   0;  -999;   4.0;    -999;    0.8;   65.33;    9.1;   -5.7;   -8.1;eor
       3927;20200402;-999;-999;-999;    1;   0.0;   0;-999;   0;  -999;   4.4;    -999;    3.3;   61.67;   13.3;   -5.7;   -8.1;eor
       3927;20200403;-999;-999;-999;    1;   0.0;   0;-999;   0;  -999;   4.9;    -999;    4.0;   63.08;   11.8;   -3.8;   -6.6;eor
       3927;20200404;-999;-999;-999;    1;   0.0;   0;-999;   0;  -999;   5.4;    -999;    5.3;   65.21;   14.2;   -3.4;   -6.3;eor
       3927;20200405;-999;-999;-999;    1;   0.0;   0;-999;   0;  -999;   5.7;    -999;    6.9;   62.00;   17.0;   -2.8;   -5.8;eor
       3927;20200406;-999;-999;-999;    1;   0.0;   0;-999;   0;  -999;   6.0;    -999;    8.8;   59.79;   20.4;   -1.5;   -4.7;eor
       3927;20200407;-999;-999;-999;    1;   0.0;   0;-999;   0;  -999;   6.2;    -999;   10.1;   57.04;   20.2;   -0.8;   -3.5;eor
       3927;20200408;-999;-999;-999;    1;   0.0;   0;-999;   0;  -999;   7.0;    -999;   10.5;   59.75;   20.6;    0.4;   -2.4;eor
       3927;20200409;-999;-999;-999;    1;   0.0;   0;-999;   0;  -999;   6.9;    -999;   10.7;   59.79;   20.4;    1.9;   -0.8;eor
       3927;20200410;-999;-999;-999;    1;   0.0;   0;-999;   0;  -999;   6.9;    -999;   10.6;   60.17;   20.6;    0.8;   -1.6;eor
       3927;20200411;-999;-999;-999;    1;   0.0;   0;-999;   0;  -999;   7.5;    -999;   10.9;   62.42;   20.7;    1.0;   -1.6;eor
       3927;20200412;-999;-999;-999;    1;   0.0;   0;-999;   0;  -999;   7.5;    -999;   11.8;   60.04;   21.7;    2.1;   -0.2;eor
       3927;20200413;-999;-999;-999;    1;   0.1;   4;-999;   0;  -999;   7.7;    -999;   11.0;   61.58;   19.3;    2.2;   -0.8;eor
       3927;20200414;-999;-999;-999;    1;   0.0;   0;-999;   0;  -999;   4.0;    -999;    2.6;   57.17;    8.6;   -3.8;   -7.6;eor
       3927;20200415;-999;-999;-999;    1;   0.0;   0;-999;   0;  -999;   4.7;    -999;    6.1;   54.25;   17.6;   -4.4;   -8.0;eor
       3927;20200416;-999;-999;-999;    1;   0.0;   0;-999;   0;  -999;   6.2;    -999;   10.1;   56.00;   21.3;   -1.4;   -4.0;eor
       3927;20200417;-999;-999;-999;    1;   0.0;   0;-999;   0;  -999;   8.2;    -999;   13.1;   58.46;   23.2;    2.4;   -0.7;eor
       3927;20200418;-999;-999;-999;    1;   0.0;   0;-999;   0;  -999;   9.6;    -999;   14.5;   62.38;   23.0;    5.4;    2.3;eor
       3927;20200419;-999;-999;-999;    1;   0.0;   0;-999;   0;  -999;   9.8;    -999;   13.4;   66.46;   20.5;    5.2;    1.6;eor
       3927;20200420;-999;-999;-999;    1;   0.0;   0;-999;   0;  -999;   7.6;    -999;   11.2;   58.04;   16.8;    6.7;    5.4;eor
       3927;20200421;-999;-999;-999;    1;   0.0;   0;-999;   0;  -999;   6.1;    -999;   11.6;   45.46;   18.5;    5.9;    4.7;eor
       3927;20200422;-999;-999;-999;    1;   0.0;   0;-999;   0;  -999;   5.6;    -999;   11.7;   42.29;   19.8;    4.3;    1.3;eor
       3927;20200423;-999;-999;-999;    1;   0.0;   0;-999;   0;  -999;   6.4;    -999;   10.7;   52.54;   19.8;    1.2;   -2.7;eor
       3927;20200424;-999;-999;-999;    1;   0.0;   0;-999;   0;  -999;   7.3;    -999;   11.8;   58.08;   20.8;    1.2;   -1.9;eor
       3927;20200425;-999;-999;-999;    1;   0.0;   0;-999;   0;  -999;   7.9;    -999;   12.9;   55.79;   20.3;    6.0;    2.0;eor
       3927;20200426;-999;-999;-999;    1;   0.2;   4;-999;   0;  -999;   7.0;    -999;   11.7;   54.25;   20.6;    1.1;   -2.4;eor
       3927;20200427;-999;-999;-999;    1;   0.0;   0;-999;   0;  -999;   9.2;    -999;   13.9;   61.00;   20.9;    6.3;    3.0;eor
       3927;20200428;-999;-999;-999;    1;  12.0;   4;-999;   0;  -999;  11.5;    -999;   11.9;   82.67;   14.8;    7.1;    5.6;eor
       3927;20200429;-999;-999;-999;    1;   2.1;   4;-999;   0;  -999;   9.7;    -999;    9.8;   81.38;   15.0;    4.5;    2.6;eor
       3927;20200430;-999;-999;-999;    1;   4.8;   4;-999;   0;  -999;   9.7;    -999;    8.5;   87.13;   11.2;    4.5;    2.5;eor
       3927;20200501;-999;-999;-999;    1;   2.0;   4;-999;-999;  -999;   9.3;    -999;    8.8;   82.46;   12.7;    6.6;    4.1;eor
       3927;20200502;-999;-999;-999;    1;   6.2;   4;-999;-999;  -999;   8.7;    -999;    6.6;   89.38;   11.0;    0.8;   -1.7;eor
       3927;20200503;-999;-999;-999;    1;   0.0;   4;-999;-999;  -999;   7.5;    -999;    8.4;   71.54;   15.6;   -0.4;   -2.4;eor
       3927;20200504;-999;-999;-999;    1;   0.0;   4;-999;-999;  -999;  11.1;    -999;   12.9;   76.75;   19.7;    7.0;    4.4;eor
       3927;20200505;-999;-999;-999;    1;   1.8;   4;-999;-999;  -999;  10.2;    -999;    8.7;   90.25;   10.4;    7.4;    5.6;eor
       3927;20200506;-999;-999;-999;    1;   0.0;   0;-999;-999;  -999;   6.5;    -999;    7.4;   66.29;   13.6;    0.5;   -2.3;eor
       3927;20200507;-999;-999;-999;    1;   0.0;   0;-999;-999;  -999;   6.7;    -999;    9.6;   62.79;   20.6;   -1.6;   -4.0;eor
       3927;20200508;-999;-999;-999;    1;   0.0;   0;-999;-999;  -999;  10.7;    -999;   14.6;   66.29;   24.1;    2.9;   -0.3;eor
       3927;20200509;-999;-999;-999;    1;   1.9;   4;-999;-999;  -999;  12.1;    -999;   16.9;   66.38;   24.3;    9.5;    7.5;eor
       3927;20200510;-999;-999;-999;    1;   1.5;   4;-999;-999;  -999;  13.5;    -999;   15.2;   79.96;   22.8;   10.2;    8.1;eor
       3927;20200511;-999;-999;-999;    1;  11.0;   4;-999;-999;  -999;  11.0;    -999;    9.2;   90.96;   16.3;    1.4;    1.8;eor
       3927;20200512;-999;-999;-999;    1;   0.0;   0;-999;-999;  -999;   6.5;    -999;    5.7;   72.58;   11.6;    0.3;   -1.1;eor
       3927;20200513;-999;-999;-999;    1;  12.5;   4;-999;-999;  -999;   8.5;    -999;    6.4;   87.83;    9.0;    4.3;    3.8;eor
       3927;20200514;-999;-999;-999;    1;   0.0;   0;-999;-999;  -999;   9.0;    -999;    7.2;   88.58;    8.9;    5.0;    5.1;eor
       3927;20200515;-999;-999;-999;    1;   0.0;   0;-999;-999;  -999;   8.7;    -999;    8.4;   79.38;   11.8;    1.8;    0.2;eor
       3927;20200516;-999;-999;-999;    1;   0.0;   0;-999;-999;  -999;   7.9;    -999;    8.5;   74.54;   16.7;   -0.1;   -0.3;eor
       3927;20200517;-999;-999;-999;    1;   0.0;   0;-999;-999;  -999;   8.0;    -999;   11.1;   65.58;   20.2;    1.5;   -1.2;eor
       3927;20200518;-999;-999;-999;    1;   0.0;   0;-999;-999;  -999;   9.0;    -999;   13.1;   64.29;   22.4;    2.3;   -0.5;eor
       3927;20200519;-999;-999;-999;    1;   0.0;   0;-999;-999;  -999;   9.8;    -999;   15.0;   61.29;   22.5;    4.7;    2.0;eor
       3927;20200520;-999;-999;-999;    1;   0.0;   0;-999;-999;  -999;  10.8;    -999;   14.4;   68.13;   21.1;    7.3;    4.0;eor
       3927;20200521;-999;-999;-999;    1;   0.0;   0;-999;-999;  -999;  11.1;    -999;   14.7;   70.00;   23.6;    5.4;    2.2;eor
       3927;20200522;-999;-999;-999;    1;   0.4;   4;-999;-999;  -999;  12.2;    -999;   16.5;   67.75;   23.9;    7.0;    3.7;eor
       3927;20200523;-999;-999;-999;    1;  23.0;   4;-999;-999;  -999;  12.9;    -999;   12.0;   89.79;   19.1;    4.7;    1.6;eor
       3927;20200524;-999;-999;-999;    1;   0.4;   4;-999;-999;  -999;   9.5;    -999;   10.7;   75.96;   17.2;    4.7;    2.5;eor
       3927;20200525;-999;-999;-999;    1;   0.0;   0;-999;-999;  -999;   9.5;    -999;   10.6;   76.29;   16.7;    3.9;    1.9;eor
       3927;20200526;-999;-999;-999;    1;   0.0;   0;-999;-999;  -999;   8.6;    -999;   10.8;   70.29;   17.9;    3.0;    0.4;eor
       3927;20200527;-999;-999;-999;    1;   0.0;   0;-999;-999;  -999;   8.2;    -999;   11.7;   64.63;   19.8;    2.0;   -0.6;eor
       3927;20200528;-999;-999;-999;    1;   0.0;   0;-999;-999;  -999;   8.9;    -999;   12.6;   63.58;   20.1;    4.8;    2.1;eor
       3927;20200529;-999;-999;-999;    1;   0.0;   0;-999;-999;  -999;   8.0;    -999;   11.1;   62.25;   17.5;    4.0;    0.6;eor
       3927;20200530;-999;-999;-999;    1;   0.0;   0;-999;-999;  -999;   8.1;    -999;   11.4;   62.79;   17.8;    4.5;    1.4;eor
       3927;20200531;-999;-999;-999;    1;   0.0;   0;-999;-999;  -999;   7.8;    -999;   11.5;   60.29;   18.0;    3.4;    0.1;eor
       3927;20200601;-999;-999;-999;    1;   0.0;   0;-999;-999;  -999;   9.2;    -999;   14.6;   58.46;   23.1;    6.0;    2.7;eor
       3927;20200602;-999;-999;-999;    1;   0.0;   0;-999;-999;  -999;   9.6;    -999;   14.8;   61.71;   23.8;    4.4;    1.4;eor
       3927;20200603;-999;-999;-999;    1;   4.3;   4;-999;-999;  -999;  11.8;    -999;   14.8;   72.08;   23.2;    6.1;    3.6;eor
       3927;20200604;-999;-999;-999;    1;   8.0;   4;-999;-999;  -999;  13.2;    -999;   13.0;   87.79;   16.2;   10.3;   10.1;eor
       3927;20200605;-999;-999;-999;    1;   0.5;   4;-999;-999;  -999;  11.0;    -999;   11.4;   81.54;   14.3;    9.4;    9.3;eor
       3927;20200606;-999;-999;-999;    1;  12.2;   4;-999;-999;  -999;  12.5;    -999;   14.3;   77.04;   19.1;   11.2;   10.3;eor
       3927;20200607;-999;-999;-999;    1;   4.3;   4;-999;-999;  -999;  11.2;    -999;   10.0;   90.96;   13.2;    7.7;    7.5;eor
       3927;20200608;-999;-999;-999;    1;   4.1;   4;-999;-999;  -999;  10.0;    -999;   12.4;   71.83;   18.5;    6.3;    5.1;eor
       3927;20200609;-999;-999;-999;    1;   3.0;   4;-999;-999;  -999;  12.2;    -999;   10.8;   94.17;   12.7;    9.3;    9.4;eor
