STATIONS_ID;MESS_DATUM;QN_3;  FX;  FM;QN_4; RSK;RSKF; SDK;SHK_TAG;  NM; VPM;  PM; TMK; UPM; TXK; TNK; TGK;eor
       5692;20181208;-999;-999;-999;    3;   4.5;   4;-999;   0;  -999;   8.5;    -999;    7.9;   79.04;   10.7;    6.5;    3.3;eor
       5692;20181209;-999;-999;-999;    3;   0.6;   4;-999;   0;  -999;   8.5;    -999;    8.6;   75.79;   10.9;    6.1;    5.0;eor
       5692;20181210;-999;-999;-999;    3;   0.6;   4;-999;   0;  -999;   6.8;    -999;    5.5;   75.33;    8.5;    2.0;   -0.2;eor
       5692;20181211;-999;-999;-999;    3;   0.0;   0;-999;   0;  -999;   6.2;    -999;    3.2;   81.63;    7.0;    0.2;   -3.1;eor
       5692;20181212;-999;-999;-999;    3;   0.0;   0;-999;   0;  -999;   6.1;    -999;    2.1;   86.00;    5.0;   -1.5;   -4.6;eor
       5692;20181213;-999;-999;-999;    3;   0.0;   0;-999;   0;  -999;   4.5;    -999;    0.5;   71.46;    2.7;   -2.4;   -5.7;eor
       5692;20181214;-999;-999;-999;    3;   0.0;   0;-999;   0;  -999;   4.3;    -999;    1.0;   65.38;    1.6;    0.0;   -0.8;eor
       5692;20181215;-999;-999;-999;    3;   1.8;   4;-999;   0;  -999;   4.3;    -999;    0.6;   68.29;    1.5;   -0.9;   -2.2;eor
       5692;20181216;-999;-999;-999;    3;   1.4;   4;-999;   3;  -999;   5.3;    -999;   -0.1;   87.54;    1.2;   -1.7;   -1.8;eor
       5692;20181217;-999;-999;-999;    3;   0.9;   4;-999;   0;  -999;   7.2;    -999;    2.7;   95.96;    5.7;    0.6;   -2.5;eor
       5692;20181218;-999;-999;-999;    3;   0.8;   4;-999;   0;  -999;   6.4;    -999;    0.9;   98.33;    3.7;   -2.3;   -4.0;eor
       5692;20181219;-999;-999;-999;    3;   0.6;   4;-999;   0;  -999;   6.9;    -999;    3.1;   90.67;    6.1;    0.1;   -1.3;eor
       5692;20181220;-999;-999;-999;    3;   1.1;   4;-999;   0;  -999;   8.5;    -999;    6.0;   90.88;    8.2;    2.5;    0.1;eor
       5692;20181221;-999;-999;-999;    3;   1.8;   4;-999;   0;  -999;   9.9;    -999;    9.4;   83.58;   12.4;    6.7;    5.1;eor
       5692;20181222;-999;-999;-999;    3;   0.0;   4;-999;   0;  -999;  10.0;    -999;   10.6;   78.67;   12.9;    8.1;    3.0;eor
       5692;20181223;-999;-999;-999;    3;   8.8;   4;-999;   0;  -999;  10.4;    -999;    9.5;   87.17;   13.4;    7.3;    4.4;eor
       5692;20181224;-999;-999;-999;    3;   0.0;   0;-999;   0;  -999;   7.2;    -999;    6.0;   75.13;   13.5;   -3.4;   -5.6;eor
       5692;20181225;-999;-999;-999;    3;   0.0;   0;-999;   0;  -999;   5.0;    -999;   -1.2;   89.04;    4.6;   -5.5;   -8.1;eor
       5692;20181226;-999;-999;-999;    3;   0.0;   0;-999;   0;  -999;   5.2;    -999;   -1.8;   96.54;   -0.9;   -4.7;   -8.7;eor
       5692;20181227;-999;-999;-999;    3;   0.0;   0;-999;   0;  -999;   5.5;    -999;   -0.7;   95.21;    0.1;   -1.4;   -1.2;eor
       5692;20181228;-999;-999;-999;    3;   0.0;   0;-999;   0;  -999;   5.5;    -999;   -0.2;   90.92;    0.7;   -1.3;   -0.9;eor
       5692;20181229;-999;-999;-999;    3;   1.0;   4;-999;   0;  -999;   6.2;    -999;    1.8;   87.92;    4.7;   -0.2;   -0.3;eor
       5692;20181230;-999;-999;-999;    3;   0.6;   4;-999;   0;  -999;   7.9;    -999;    6.0;   83.67;    7.3;    4.5;    4.0;eor
       5692;20181231;-999;-999;-999;    3;   0.2;   4;-999;   0;  -999;   9.4;    -999;    6.8;   94.83;    9.8;    5.4;    4.8;eor
       5692;20190101;-999;-999;-999;    3;   0.6;   4;-999;   0;  -999;   8.2;    -999;    6.6;   84.38;    8.1;    4.7;    1.6;eor
       5692;20190102;-999;-999;-999;    3;   0.0;   0;-999;   0;  -999;   5.2;    -999;    3.8;   65.08;    6.4;   -0.9;   -6.0;eor
       5692;20190103;-999;-999;-999;    3;   0.0;   0;-999;   0;  -999;   5.3;    -999;   -0.4;   88.00;    2.1;   -3.4;   -8.0;eor
       5692;20190104;-999;-999;-999;    3;   4.3;   4;-999;   0;  -999;   5.8;    -999;    1.2;   86.54;    4.6;   -4.8;   -6.2;eor
       5692;20190105;-999;-999;-999;    3;   2.5;   4;-999;   0;  -999;   7.2;    -999;    5.2;   82.00;    8.2;    2.3;    1.9;eor
       5692;20190106;-999;-999;-999;    3;   2.1;   4;-999;   0;  -999;   7.7;    -999;    6.0;   82.58;    7.0;    4.8;    3.7;eor
       5692;20190107;-999;-999;-999;    3;   4.2;   4;-999;   0;  -999;   7.2;    -999;    4.8;   83.50;    6.9;    3.8;    3.0;eor
       5692;20190108;-999;-999;-999;    3;   0.8;   4;-999;   0;  -999;   7.3;    -999;    6.0;   78.63;    7.3;    3.8;    2.0;eor
       5692;20190109;-999;-999;-999;    3;   1.2;   4;-999;   0;  -999;   5.7;    -999;    3.6;   71.25;    5.2;    1.7;    0.3;eor
       5692;20190110;-999;-999;-999;    3;   0.0;   0;-999;   0;  -999;   5.0;    -999;    1.6;   72.46;    3.0;   -1.9;   -4.2;eor
       5692;20190111;-999;-999;-999;    3;   2.1;   4;-999;   0;  -999;   5.8;    -999;    0.7;   90.25;    3.1;   -1.3;   -2.6;eor
       5692;20190112;-999;-999;-999;    3;   2.2;   4;-999;   0;  -999;   7.4;    -999;    4.7;   86.92;    6.4;    3.0;    2.5;eor
       5692;20190113;-999;-999;-999;    3;   2.8;   4;-999;   0;  -999;   9.0;    -999;    8.0;   83.92;   10.1;    4.3;    0.9;eor
       5692;20190114;-999;-999;-999;    3;   3.0;   4;-999;   0;  -999;   6.7;    -999;    5.0;   76.46;    7.4;    1.7;   -1.0;eor
       5692;20190115;-999;-999;-999;    3;   0.0;   0;-999;   0;  -999;   6.6;    -999;    4.3;   79.21;    6.6;    1.1;   -1.7;eor
       5692;20190116;-999;-999;-999;    3;   0.2;   4;-999;   0;  -999;   6.5;    -999;    5.4;   72.79;    7.2;    3.2;   -1.3;eor
       5692;20190117;-999;-999;-999;    3;   0.7;   4;-999;   0;  -999;   7.1;    -999;    5.7;   76.75;    8.6;    1.1;   -0.8;eor
       5692;20190118;-999;-999;-999;    3;   0.0;   0;-999;   0;  -999;   5.0;    -999;    0.7;   78.75;    4.4;   -4.1;   -8.0;eor
       5692;20190119;-999;-999;-999;    3;   0.0;   0;-999;   0;  -999;   4.1;    -999;   -3.0;   83.67;    4.1;   -7.0;  -11.3;eor
       5692;20190120;-999;-999;-999;    3;   0.0;   0;-999;   0;  -999;   3.6;    -999;   -4.6;   83.25;    0.6;   -8.9;  -12.6;eor
       5692;20190121;-999;-999;-999;    3;   0.0;   0;-999;   0;  -999;   3.6;    -999;   -4.8;   83.33;    0.4;   -9.5;  -13.4;eor
       5692;20190122;-999;-999;-999;    3;   0.0;   0;-999;   0;  -999;   3.9;    -999;   -4.3;   86.83;   -0.7;  -10.8;  -14.0;eor
       5692;20190123;-999;-999;-999;    3;   0.0;   0;-999;   0;  -999;   4.0;    -999;   -1.5;   72.67;    0.0;   -2.7;   -3.7;eor
       5692;20190124;-999;-999;-999;    3;   0.0;   0;-999;   0;  -999;   3.8;    -999;   -2.2;   73.75;   -1.3;   -3.7;   -5.7;eor
       5692;20190125;-999;-999;-999;    3;   2.6;   4;-999;   0;  -999;   4.5;    -999;   -0.9;   78.79;    2.4;   -3.9;   -7.7;eor
       5692;20190126;-999;-999;-999;    3;   0.1;   4;-999;   0;  -999;   6.7;    -999;    3.0;   88.71;    5.0;    0.1;    0.0;eor
       5692;20190127;-999;-999;-999;    3;   1.5;   4;-999;   0;  -999;   7.5;    -999;    5.6;   82.08;    8.4;    2.6;    1.5;eor
       5692;20190128;-999;-999;-999;    3;   0.4;   4;-999;   0;  -999;   6.0;    -999;    3.0;   79.25;    4.1;    0.8;   -1.8;eor
       5692;20190129;-999;-999;-999;    3;   0.0;   0;-999;   0;  -999;   5.3;    -999;    1.1;   80.75;    4.8;   -2.6;   -5.8;eor
       5692;20190130;-999;-999;-999;    3;   0.4;   4;-999;   0;  -999;   5.2;    -999;    0.7;   81.00;    3.5;   -4.1;   -7.2;eor
       5692;20190131;-999;-999;-999;    3;   3.8;   4;-999;   2;  -999;   5.2;    -999;   -0.3;   87.21;    3.5;   -3.3;   -6.2;eor
       5692;20190201;-999;-999;-999;    3;   1.3;   4;-999;   0;  -999;   6.4;    -999;    2.0;   91.13;    3.5;    0.1;   -0.6;eor
       5692;20190202;-999;-999;-999;    3;   0.5;   4;-999;   0;  -999;   7.4;    -999;    3.5;   94.00;    6.4;    1.4;    1.1;eor
       5692;20190203;-999;-999;-999;    3;   0.0;   0;-999;   0;  -999;   5.8;    -999;    3.1;   76.50;    4.4;    0.9;   -2.0;eor
       5692;20190204;-999;-999;-999;    3;   0.0;   0;-999;   0;  -999;   5.0;    -999;    0.7;   78.79;    6.7;   -5.2;   -8.9;eor
       5692;20190205;-999;-999;-999;    3;   0.0;   0;-999;   0;  -999;   5.4;    -999;    1.7;   79.79;    8.4;   -3.3;   -8.0;eor
       5692;20190206;-999;-999;-999;    3;   0.0;   0;-999;   0;  -999;   4.9;    -999;   -0.6;   84.21;    6.4;   -5.2;   -8.7;eor
       5692;20190207;-999;-999;-999;    3;   0.4;   4;-999;   0;  -999;   6.3;    -999;    2.1;   87.71;    6.9;   -3.4;   -5.6;eor
       5692;20190208;-999;-999;-999;    3;   2.5;   4;-999;   0;  -999;   7.4;    -999;    6.2;   78.21;   10.0;    1.7;   -1.4;eor
       5692;20190209;-999;-999;-999;    3;   0.1;   4;-999;   0;  -999;   8.0;    -999;    7.7;   76.25;    9.8;    5.6;    1.2;eor
       5692;20190210;-999;-999;-999;    3;   1.4;   4;-999;   0;  -999;   8.1;    -999;    7.8;   76.13;   11.6;    4.9;    0.5;eor
       5692;20190211;-999;-999;-999;    3;   0.0;   0;-999;   0;  -999;   6.3;    -999;    5.4;   70.42;    8.6;   -0.8;   -4.6;eor
       5692;20190212;-999;-999;-999;    3;   0.0;   0;-999;   0;  -999;   5.7;    -999;    3.3;   74.75;    8.0;   -2.6;   -6.7;eor
       5692;20190213;-999;-999;-999;    3;   0.0;   0;-999;   0;  -999;   5.2;    -999;    1.2;   80.25;   10.3;   -5.3;   -8.5;eor
       5692;20190214;-999;-999;-999;    3;   0.0;   0;-999;   0;  -999;   5.2;    -999;    0.2;   83.63;    9.3;   -5.5;   -9.5;eor
       5692;20190215;-999;-999;-999;    3;   0.0;   0;-999;   0;  -999;   5.5;    -999;    2.4;   78.00;   13.0;   -4.6;   -8.4;eor
       5692;20190216;-999;-999;-999;    3;   0.0;   0;-999;   0;  -999;   5.6;    -999;    2.7;   77.63;   14.5;   -5.8;   -8.9;eor
       5692;20190217;-999;-999;-999;    3;   0.0;   0;-999;   0;  -999;   5.5;    -999;    3.4;   73.92;   17.0;   -4.9;   -7.8;eor
       5692;20190218;-999;-999;-999;    3;   0.0;   0;-999;   0;  -999;   5.6;    -999;    3.5;   73.83;   15.7;   -5.2;   -7.8;eor
       5692;20190219;-999;-999;-999;    3;   0.0;   4;-999;   0;  -999;   6.4;    -999;    3.8;   80.71;   12.1;   -2.1;   -4.9;eor
       5692;20190220;-999;-999;-999;    3;   0.0;   0;-999;   0;  -999;   6.2;    -999;    3.3;   81.13;   12.9;   -4.1;   -6.1;eor
       5692;20190221;-999;-999;-999;    3;   0.0;   0;-999;   0;  -999;   7.7;    -999;    5.8;   83.17;   13.7;   -1.8;   -4.3;eor
       5692;20190222;-999;-999;-999;    3;   0.0;   0;-999;   0;  -999;   8.9;    -999;    9.4;   76.29;   13.7;    0.5;   -3.8;eor
       5692;20190223;-999;-999;-999;    3;   0.0;   0;-999;   0;  -999;   5.2;    -999;    3.7;   67.92;   11.2;   -2.6;   -6.2;eor
       5692;20190224;-999;-999;-999;    3;   0.0;   0;-999;   0;  -999;   3.6;    -999;    3.5;   50.96;   12.6;   -4.0;   -7.9;eor
       5692;20190225;-999;-999;-999;    3;   0.0;   0;-999;   0;  -999;   4.5;    -999;    5.9;   52.00;   16.7;   -3.2;   -6.4;eor
       5692;20190226;-999;-999;-999;    3;   0.0;   0;-999;   0;  -999;   5.8;    -999;    6.1;   64.13;   18.0;   -3.0;   -5.9;eor
       5692;20190227;-999;-999;-999;    3;   0.0;   0;-999;   0;  -999;   5.6;    -999;    5.8;   65.46;   19.3;   -3.4;   -6.5;eor
       5692;20190228;-999;-999;-999;    3;   0.3;   4;-999;   0;  -999;   7.4;    -999;    8.6;   66.75;   18.8;   -3.1;   -6.1;eor
       5692;20190301;-999;-999;-999;    3;   0.4;   4;-999;   0;  -999;   9.1;    -999;    9.7;   75.63;   12.3;    6.1;    5.2;eor
       5692;20190302;-999;-999;-999;    3;   0.0;   0;-999;   0;  -999;   8.6;    -999;    8.9;   76.04;   12.8;    5.9;    4.4;eor
       5692;20190303;-999;-999;-999;    3;   0.0;   4;-999;   0;  -999;   9.0;    -999;   11.0;   68.58;   12.7;    8.2;    3.9;eor
       5692;20190304;-999;-999;-999;    3;   2.0;   4;-999;   0;  -999;   8.1;    -999;   10.0;   66.54;   13.6;    5.7;    2.4;eor
       5692;20190305;-999;-999;-999;    3;   0.0;   4;-999;   0;  -999;   7.4;    -999;    7.0;   74.42;    9.0;    5.6;    1.5;eor
       5692;20190306;-999;-999;-999;    3;   0.1;   4;-999;   0;  -999;   7.9;    -999;    9.7;   69.17;   17.6;    1.4;   -2.2;eor
       5692;20190307;-999;-999;-999;    3;   2.8;   4;-999;   0;  -999;   8.2;    -999;   10.5;   65.21;   13.3;    6.0;    2.2;eor
       5692;20190308;-999;-999;-999;    3;   0.4;   4;-999;   0;  -999;   7.6;    -999;    8.5;   67.96;   10.9;    6.3;    1.5;eor
       5692;20190309;-999;-999;-999;    3;   2.3;   4;-999;   0;  -999;   8.6;    -999;   10.5;   67.67;   12.4;    8.1;    5.8;eor
       5692;20190310;-999;-999;-999;    3;   1.9;   4;-999;   0;  -999;   8.9;    -999;   11.0;   68.17;   16.4;    4.3;    1.3;eor
       5692;20190311;-999;-999;-999;    3;   0.0;   0;-999;   0;  -999;   5.4;    -999;    6.0;   58.21;    9.3;    3.1;   -1.5;eor
       5692;20190312;-999;-999;-999;    3;   0.3;   4;-999;   0;  -999;   5.3;    -999;    6.8;   55.96;   11.6;    0.1;   -4.2;eor
       5692;20190313;-999;-999;-999;    3;   4.6;   4;-999;   0;  -999;   6.8;    -999;    6.9;   68.96;    9.7;    3.0;    0.9;eor
       5692;20190314;-999;-999;-999;    3;   1.1;   4;-999;   0;  -999;   7.9;    -999;    6.7;   80.54;    9.0;    4.2;    3.1;eor
       5692;20190315;-999;-999;-999;    3;   2.9;   4;-999;   0;  -999;  10.3;    -999;   10.2;   82.29;   14.3;    5.7;    3.8;eor
       5692;20190316;-999;-999;-999;    3;   0.0;   0;-999;   0;  -999;   9.7;    -999;   11.5;   71.04;   13.4;    7.9;    1.0;eor
       5692;20190317;-999;-999;-999;    3;   1.5;   4;-999;   0;  -999;   7.9;    -999;    8.7;   70.58;   13.1;    2.7;   -1.5;eor
       5692;20190318;-999;-999;-999;    3;   0.0;   4;-999;   0;  -999;   6.7;    -999;    5.2;   75.71;   10.6;    1.1;   -2.3;eor
       5692;20190319;-999;-999;-999;    3;   0.0;   0;-999;   0;  -999;   5.4;    -999;    3.9;   70.29;   10.3;   -2.4;   -4.6;eor
       5692;20190320;-999;-999;-999;    3;   0.0;   0;-999;   0;  -999;   5.3;    -999;    4.6;   66.83;   13.3;   -4.2;   -6.1;eor
       5692;20190321;-999;-999;-999;    3;   0.0;   0;-999;   0;  -999;   5.7;    -999;    7.1;   61.54;   17.1;   -3.3;   -4.8;eor
       5692;20190322;-999;-999;-999;    3;   0.0;   0;-999;   0;  -999;   6.5;    -999;    8.7;   62.79;   20.6;   -0.8;   -3.6;eor
       5692;20190323;-999;-999;-999;    3;   0.0;   0;-999;   0;  -999;   7.6;    -999;    8.8;   68.96;   18.2;   -1.9;   -3.3;eor
       5692;20190324;-999;-999;-999;    3;   0.0;   0;-999;   0;  -999;   8.3;    -999;    9.0;   72.88;   14.5;    1.5;   -2.9;eor
       5692;20190325;-999;-999;-999;    3;   0.5;   4;-999;   0;  -999;   6.3;    -999;    5.7;   69.50;   11.5;    0.4;   -4.1;eor
       5692;20190326;-999;-999;-999;    3;   0.0;   0;-999;   0;  -999;   6.2;    -999;    6.0;   67.79;    9.7;   -1.4;   -4.3;eor
       5692;20190327;-999;-999;-999;    3;   0.0;   0;-999;   0;  -999;   6.4;    -999;    6.5;   68.33;   12.5;    0.2;   -4.2;eor
       5692;20190328;-999;-999;-999;    3;   0.0;   0;-999;   0;  -999;   7.3;    -999;    7.5;   71.33;   15.6;   -1.9;   -5.7;eor
       5692;20190329;-999;-999;-999;    3;   0.0;   0;-999;   0;  -999;   8.0;    -999;   10.5;   66.88;   18.8;    2.7;   -2.3;eor
       5692;20190330;-999;-999;-999;    3;   0.0;   0;-999;   0;  -999;   7.2;    -999;   10.1;   63.29;   21.9;   -0.5;   -3.8;eor
       5692;20190331;-999;-999;-999;    3;   0.0;   0;-999;   0;  -999;   7.7;    -999;   11.2;   61.75;   20.4;    0.7;   -2.9;eor
       5692;20190401;-999;-999;-999;    3;   0.0;   0;-999;   0;  -999;   8.0;    -999;   11.2;   62.08;   18.4;    4.8;    0.9;eor
       5692;20190402;-999;-999;-999;    3;   0.0;   0;-999;   0;  -999;   8.3;    -999;   12.5;   60.33;   21.5;    2.8;   -1.0;eor
       5692;20190403;-999;-999;-999;    3;   8.8;   4;-999;   0;  -999;   9.0;    -999;    8.3;   82.21;   11.7;    5.2;    4.7;eor
       5692;20190404;-999;-999;-999;    3;   1.9;   4;-999;   0;  -999;   8.2;    -999;    5.5;   90.21;    7.6;    4.4;    4.0;eor
       5692;20190405;-999;-999;-999;    3;   0.5;   4;-999;   0;  -999;   8.7;    -999;    6.8;   87.88;    9.1;    4.3;    1.5;eor
       5692;20190406;-999;-999;-999;    3;   0.0;   0;-999;   0;  -999;   9.4;    -999;    9.8;   79.21;   16.3;    2.7;    2.4;eor
       5692;20190407;-999;-999;-999;    3;   0.0;   0;-999;   0;  -999;   9.8;    -999;   12.2;   71.79;   18.9;    4.1;    0.8;eor
       5692;20190408;-999;-999;-999;    3;   0.0;   0;-999;   0;  -999;  10.8;    -999;   11.2;   81.92;   15.4;    5.7;    2.4;eor
       5692;20190409;-999;-999;-999;    3;   3.4;   4;-999;   0;  -999;  11.2;    -999;   10.5;   88.08;   16.1;    4.4;    1.6;eor
       5692;20190410;-999;-999;-999;    3;   0.4;   4;-999;   0;  -999;   8.2;    -999;    9.8;   68.13;   13.9;    5.9;    3.4;eor
       5692;20190411;-999;-999;-999;    3;   0.0;   0;-999;   0;  -999;   5.2;    -999;    7.1;   52.88;   12.4;    2.5;   -0.2;eor
       5692;20190412;-999;-999;-999;    3;   0.0;   0;-999;   0;  -999;   5.0;    -999;    5.1;   56.88;    9.8;    0.6;   -2.6;eor
       5692;20190413;-999;-999;-999;    3;   0.8;   4;-999;   0;  -999;   5.7;    -999;    4.3;   68.67;    7.1;    2.4;    2.2;eor
       5692;20190414;-999;-999;-999;    3;   0.0;   0;-999;   0;  -999;   6.3;    -999;    6.0;   70.13;   12.4;    1.4;   -2.7;eor
       5692;20190415;-999;-999;-999;    3;   0.0;   0;-999;   0;  -999;   7.2;    -999;    9.6;   64.04;   18.7;    0.5;   -3.9;eor
       5692;20190416;-999;-999;-999;    3;   2.7;   4;-999;   0;  -999;   8.2;    -999;   11.5;   62.54;   19.0;    2.2;   -2.6;eor
       5692;20190417;-999;-999;-999;    3;   0.1;   4;-999;   0;  -999;  11.1;    -999;   13.2;   74.33;   18.9;    6.9;    1.5;eor
       5692;20190418;-999;-999;-999;    3;   0.0;   0;-999;   0;  -999;   8.3;    -999;   14.4;   54.46;   22.6;    5.4;    0.1;eor
       5692;20190419;-999;-999;-999;    3;   0.0;   0;-999;   0;  -999;   8.0;    -999;   15.7;   48.67;   25.5;    7.5;    1.0;eor
       5692;20190420;-999;-999;-999;    3;   0.0;   0;-999;   0;  -999;   7.7;    -999;   16.5;   45.17;   25.5;    8.0;    1.8;eor
       5692;20190421;-999;-999;-999;    3;   0.0;   0;-999;   0;  -999;   7.6;    -999;   16.1;   46.83;   25.7;    6.8;    0.4;eor
       5692;20190422;-999;-999;-999;    3;   0.0;   0;-999;   0;  -999;   7.2;    -999;   16.5;   43.75;   25.2;    4.5;   -0.4;eor
       5692;20190423;-999;-999;-999;    3;   0.0;   0;-999;   0;  -999;   9.6;    -999;   15.1;   56.67;   21.1;    9.2;    4.5;eor
       5692;20190424;-999;-999;-999;    3;   0.9;   4;-999;   0;  -999;  10.9;    -999;   14.3;   70.13;   25.4;    5.3;    1.2;eor
       5692;20190425;-999;-999;-999;    3;   1.3;   4;-999;   0;  -999;  10.1;    -999;   13.7;   67.83;   25.9;    2.5;   -0.2;eor
       5692;20190426;-999;-999;-999;    3;   2.2;   4;-999;   0;  -999;  10.4;    -999;   10.4;   82.71;   13.6;    6.1;    2.5;eor
       5692;20190427;-999;-999;-999;    3;   2.9;   4;-999;   0;  -999;   9.6;    -999;    9.2;   82.08;   13.3;    4.9;    1.9;eor
       5692;20190428;-999;-999;-999;    3;   0.0;   0;-999;   0;  -999;   8.0;    -999;    8.0;   75.00;   13.3;    2.4;   -1.3;eor
       5692;20190429;-999;-999;-999;    3;   1.5;   4;-999;   0;  -999;   8.6;    -999;    8.7;   77.79;   14.9;    0.4;   -2.2;eor
       5692;20190430;-999;-999;-999;    3;   0.0;   0;-999;   0;  -999;   8.9;    -999;   12.9;   62.88;   19.1;    6.1;    1.5;eor
       5692;20190501;-999;-999;-999;    3;   0.0;   0;-999;-999;  -999;   8.8;    -999;   13.0;   63.42;   21.5;    3.5;   -0.1;eor
       5692;20190502;-999;-999;-999;    3;   1.0;   4;-999;-999;  -999;   9.9;    -999;   13.3;   67.92;   21.0;    5.5;    1.7;eor
       5692;20190503;-999;-999;-999;    3;   0.1;   4;-999;-999;  -999;   8.4;    -999;   12.0;   60.96;   15.5;    8.7;    6.9;eor
       5692;20190504;-999;-999;-999;    3;   3.3;   4;-999;-999;  -999;   7.5;    -999;    6.5;   76.79;    9.4;    3.6;    2.0;eor
       5692;20190505;-999;-999;-999;    3;   0.0;   0;-999;-999;  -999;   6.2;    -999;    6.9;   64.17;   11.2;    1.9;   -1.9;eor
       5692;20190506;-999;-999;-999;    3;   0.0;   0;-999;-999;  -999;   6.3;    -999;    8.3;   60.25;   13.4;    2.9;   -0.9;eor
       5692;20190507;-999;-999;-999;    3;   0.2;   4;-999;-999;  -999;   6.9;    -999;    9.6;   61.58;   16.4;    3.4;    1.4;eor
       5692;20190508;-999;-999;-999;    3;   5.6;   4;-999;-999;  -999;  10.4;    -999;    9.7;   84.96;   13.4;    3.9;    0.8;eor
       5692;20190509;-999;-999;-999;    3;   8.0;   4;-999;-999;  -999;  11.4;    -999;   11.1;   85.50;   15.3;    7.7;    4.5;eor
       5692;20190510;-999;-999;-999;    3;  17.7;   4;-999;-999;  -999;  10.2;    -999;   13.5;   67.38;   18.9;    8.5;    4.8;eor
       5692;20190511;-999;-999;-999;    3;   1.8;   4;-999;-999;  -999;  11.8;    -999;   11.4;   87.21;   15.4;    5.0;    1.4;eor
       5692;20190512;-999;-999;-999;    3;   0.0;   0;-999;-999;  -999;   7.6;    -999;    9.6;   66.38;   15.3;    3.8;    0.4;eor
       5692;20190513;-999;-999;-999;    3;   0.0;   0;-999;-999;  -999;   6.4;    -999;   11.0;   51.71;   17.4;    5.1;    0.3;eor
       5692;20190514;-999;-999;-999;    3;   0.0;   0;-999;-999;  -999;   6.2;    -999;   10.9;   49.04;   16.9;    3.5;   -0.8;eor
       5692;20190515;-999;-999;-999;    3;   0.0;   0;-999;-999;  -999;   6.1;    -999;   10.1;   52.33;   16.5;    2.9;   -1.7;eor
       5692;20190516;-999;-999;-999;    3;   0.0;   0;-999;-999;  -999;   8.2;    -999;   11.4;   61.42;   17.5;    6.3;    2.8;eor
       5692;20190517;-999;-999;-999;    3;   0.0;   0;-999;-999;  -999;  10.9;    -999;   14.0;   70.00;   20.4;    8.9;    5.8;eor
       5692;20190518;-999;-999;-999;    3;   2.1;   4;-999;-999;  -999;  12.2;    -999;   14.9;   74.46;   22.1;    7.2;    4.3;eor
       5692;20190519;-999;-999;-999;    3;   0.0;   0;-999;-999;  -999;  13.3;    -999;   16.8;   71.96;   23.6;    9.9;    7.0;eor
       5692;20190520;-999;-999;-999;    3;   6.4;   4;-999;-999;  -999;  13.2;    -999;   14.7;   78.96;   17.6;    9.0;    6.1;eor
       5692;20190521;-999;-999;-999;    3;  11.3;   4;-999;-999;  -999;  13.3;    -999;   13.3;   86.33;   14.1;   12.1;   11.0;eor
       5692;20190522;-999;-999;-999;    3;   0.0;   0;-999;-999;  -999;  11.5;    -999;   13.3;   76.38;   18.4;    6.3;    3.6;eor
       5692;20190523;-999;-999;-999;    3;   0.0;   0;-999;-999;  -999;  10.5;    -999;   14.0;   69.33;   22.0;    4.9;    2.3;eor
       5692;20190524;-999;-999;-999;    3;   0.0;   0;-999;-999;  -999;  11.3;    -999;   17.0;   62.38;   24.2;    7.6;    5.2;eor
       5692;20190525;-999;-999;-999;    3;   0.0;   0;-999;-999;  -999;  11.0;    -999;   17.6;   56.67;   22.6;   11.6;    8.3;eor
       5692;20190526;-999;-999;-999;    3;   0.0;   0;-999;-999;  -999;  11.2;    -999;   16.8;   61.13;   23.5;    8.7;    5.3;eor
       5692;20190527;-999;-999;-999;    3;   4.0;   4;-999;-999;  -999;  14.1;    -999;   15.3;   81.46;   20.6;   10.3;    7.3;eor
       5692;20190528;-999;-999;-999;    3;   0.1;   4;-999;-999;  -999;  12.1;    -999;   15.3;   71.50;   20.9;   11.2;    8.9;eor
       5692;20190529;-999;-999;-999;    3;   0.0;   0;-999;-999;  -999;  10.5;    -999;   14.3;   66.17;   19.9;    7.8;    5.0;eor
       5692;20190530;-999;-999;-999;    3;   0.0;   4;-999;-999;  -999;  11.8;    -999;   15.4;   70.54;   21.9;    7.2;    4.0;eor
       5692;20190531;-999;-999;-999;    3;   0.0;   0;-999;-999;  -999;  14.7;    -999;   19.8;   66.46;   26.0;   13.2;   10.2;eor
       5692;20190601;-999;-999;-999;    3;   0.0;   0;-999;-999;  -999;  14.6;    -999;   20.8;   64.00;   29.5;   10.7;    8.4;eor
       5692;20190602;-999;-999;-999;    3;   0.0;   0;-999;-999;  -999;  14.4;    -999;   23.0;   57.63;   31.8;   11.7;    9.0;eor
       5692;20190603;-999;-999;-999;    3;  34.3;   4;-999;-999;  -999;  16.8;    -999;   20.2;   73.50;   31.6;   13.1;   10.6;eor
       5692;20190604;-999;-999;-999;    3;   0.0;   0;-999;-999;  -999;  16.3;    -999;   23.0;   62.25;   31.1;   12.1;   10.6;eor
       5692;20190605;-999;-999;-999;    3;   4.3;   4;-999;-999;  -999;  17.4;    -999;   23.3;   62.83;   29.5;   16.0;   13.6;eor
       5692;20190606;-999;-999;-999;    3;   0.3;   4;-999;-999;  -999;  12.8;    -999;   14.5;   77.00;   18.2;    8.8;    6.0;eor
       5692;20190607;-999;-999;-999;    3;   0.0;   0;-999;-999;  -999;  12.4;    -999;   16.5;   68.38;   28.1;    6.4;    4.5;eor
       5692;20190608;-999;-999;-999;    3;   0.0;   0;-999;-999;  -999;   9.7;    -999;   16.1;   55.00;   21.4;    8.3;    5.6;eor
       5692;20190609;-999;-999;-999;    3;   0.0;   0;-999;-999;  -999;  12.4;    -999;   17.5;   64.13;   24.4;    6.6;    4.3;eor
       5692;20190610;-999;-999;-999;    3;  12.3;   4;-999;-999;  -999;  16.7;    -999;   18.1;   80.63;   22.5;   15.5;   13.3;eor
       5692;20190611;-999;-999;-999;    3;   0.0;   0;-999;-999;  -999;  15.0;    -999;   17.6;   75.75;   21.8;   13.5;   11.9;eor
       5692;20190612;-999;-999;-999;    3;   0.9;   4;-999;-999;  -999;  14.0;    -999;   16.3;   76.92;   21.4;   11.3;    9.0;eor
       5692;20190613;-999;-999;-999;    3;   0.0;   0;-999;-999;  -999;  12.8;    -999;   17.9;   66.08;   24.5;   10.7;    8.2;eor
       5692;20190614;-999;-999;-999;    3;   1.0;   4;-999;-999;  -999;  15.7;    -999;   17.5;   79.42;   25.4;    8.6;    6.9;eor
       5692;20190615;-999;-999;-999;    3;   6.0;   4;-999;-999;  -999;  16.0;    -999;   19.5;   72.29;   25.3;   13.2;   11.6;eor
       5692;20190616;-999;-999;-999;    3;   0.5;   4;-999;-999;  -999;  15.5;    -999;   18.4;   75.21;   23.9;   12.4;    9.9;eor
       5692;20190617;-999;-999;-999;    3;   0.0;   0;-999;-999;  -999;  14.6;    -999;   19.7;   67.17;   27.7;   10.3;    8.2;eor
       5692;20190618;-999;-999;-999;    3;   0.0;   0;-999;-999;  -999;  16.9;    -999;   22.3;   68.09;   29.9;   13.3;   10.8;eor
       5692;20190619;-999;-999;-999;    3;   2.3;   4;-999;-999;  -999;  17.2;    -999;   24.2;   60.25;   31.3;   16.2;   13.8;eor
       5692;20190620;-999;-999;-999;    3;   0.1;   4;-999;-999;  -999;  17.2;    -999;   20.1;   74.00;   25.2;   14.9;   13.2;eor
       5692;20190621;-999;-999;-999;    3;   0.0;   0;-999;-999;  -999;  13.4;    -999;   20.1;   59.42;   25.3;   14.3;   10.9;eor
       5692;20190622;-999;-999;-999;    3;   0.0;   0;-999;-999;  -999;  14.9;    -999;   20.3;   63.21;   27.7;   15.0;   11.4;eor
       5692;20190623;-999;-999;-999;    3;   0.0;   0;-999;-999;  -999;  18.1;    -999;   22.4;   68.83;   29.5;   16.1;   12.9;eor
       5692;20190624;-999;-999;-999;    3;   0.0;   0;-999;-999;  -999;  18.8;    -999;   25.0;   62.29;   31.6;   16.0;   13.3;eor
       5692;20190625;-999;-999;-999;    3;   0.0;   0;-999;-999;  -999;  20.3;    -999;   25.8;   64.08;   34.8;   15.9;   13.5;eor
       5692;20190626;-999;-999;-999;    3;   0.0;   0;-999;-999;  -999;  21.6;    -999;   28.8;   58.04;   36.0;   18.4;   16.2;eor
       5692;20190627;-999;-999;-999;    3;   0.0;   0;-999;-999;  -999;  15.7;    -999;   25.9;   48.63;   31.2;   19.0;   13.2;eor
       5692;20190628;-999;-999;-999;    3;   0.0;   0;-999;-999;  -999;  12.8;    -999;   22.2;   50.54;   29.3;   16.4;   11.3;eor
       5692;20190629;-999;-999;-999;    3;   0.0;   0;-999;-999;  -999;  13.7;    -999;   24.1;   49.63;   33.6;   14.7;    9.4;eor
       5692;20190630;-999;-999;-999;    3;   0.0;   0;-999;-999;  -999;  17.9;    -999;   27.3;   53.29;   37.8;   13.8;   11.1;eor
       5692;20190701;-999;-999;-999;    3;   0.0;   0;-999;-999;  -999;  15.7;    -999;   25.0;   51.54;   30.4;   20.1;   17.5;eor
       5692;20190702;-999;-999;-999;    3;   0.0;   0;-999;-999;  -999;  11.2;    -999;   21.0;   46.42;   26.2;   13.9;   10.2;eor
       5692;20190703;-999;-999;-999;    3;   0.0;   0;-999;-999;  -999;  10.2;    -999;   20.1;   45.33;   25.9;   12.1;    8.0;eor
       5692;20190704;-999;-999;-999;    3;   0.0;   0;-999;-999;  -999;  10.0;    -999;   19.7;   46.29;   26.8;   13.2;   10.5;eor
       5692;20190705;-999;-999;-999;    3;   0.0;   0;-999;-999;  -999;  11.9;    -999;   21.3;   50.08;   30.0;   11.5;    8.2;eor
       5692;20190706;-999;-999;-999;    3;   4.9;   4;-999;-999;  -999;  11.8;    -999;   23.9;   45.17;   32.8;   13.0;    9.6;eor
       5692;20190707;-999;-999;-999;    3;   0.1;   4;-999;-999;  -999;  12.8;    -999;   18.6;   60.75;   22.7;   15.6;   13.5;eor
       5692;20190708;-999;-999;-999;    3;   0.0;   0;-999;-999;  -999;   9.6;    -999;   17.1;   50.38;   22.0;   10.3;    6.5;eor
       5692;20190709;-999;-999;-999;    3;   0.0;   0;-999;-999;  -999;   9.5;    -999;   15.0;   58.42;   21.0;    8.3;    4.8;eor
       5692;20190710;-999;-999;-999;    3;   0.0;   0;-999;-999;  -999;   9.6;    -999;   17.1;   54.25;   25.5;    5.8;    3.1;eor
       5692;20190711;-999;-999;-999;    3;   4.6;   4;-999;-999;  -999;  15.3;    -999;   17.3;   76.96;   19.8;   14.5;   12.4;eor
       5692;20190712;-999;-999;-999;    3;  10.6;   4;-999;-999;  -999;  17.4;    -999;   17.3;   88.42;   22.1;   13.0;   11.8;eor
       5692;20190713;-999;-999;-999;    3;   2.9;   4;-999;-999;  -999;  15.7;    -999;   17.3;   80.17;   23.0;   13.3;   11.8;eor
       5692;20190714;-999;-999;-999;    3;   0.2;   4;-999;-999;  -999;  14.2;    -999;   17.2;   73.79;   21.2;   13.6;   11.5;eor
       5692;20190715;-999;-999;-999;    3;   0.0;   0;-999;-999;  -999;  12.8;    -999;   17.5;   64.75;   22.7;   11.0;    8.0;eor
       5692;20190716;-999;-999;-999;    3;   0.0;   0;-999;-999;  -999;  12.2;    -999;   17.4;   64.42;   24.8;    7.9;    5.6;eor
       5692;20190717;-999;-999;-999;    3;   0.0;   0;-999;-999;  -999;  13.6;    -999;   19.8;   61.00;   26.3;   13.6;   10.2;eor
       5692;20190718;-999;-999;-999;    3;   0.5;   4;-999;-999;  -999;  14.1;    -999;   21.1;   59.08;   28.7;   13.7;   10.3;eor
       5692;20190719;-999;-999;-999;    3;   0.3;   4;-999;-999;  -999;  16.6;    -999;   20.9;   69.04;   26.6;   15.4;   13.1;eor
       5692;20190720;-999;-999;-999;    3;   1.8;   4;-999;-999;  -999;  17.3;    -999;   23.1;   65.38;   32.2;   13.2;   11.4;eor
       5692;20190721;-999;-999;-999;    3;   0.0;   0;-999;-999;  -999;  16.4;    -999;   23.2;   61.13;   29.2;   17.0;   13.8;eor
       5692;20190722;-999;-999;-999;    3;   0.0;   0;-999;-999;  -999;  15.2;    -999;   23.0;   58.04;   31.2;   13.6;   10.4;eor
       5692;20190723;-999;-999;-999;    3;   0.0;   0;-999;-999;  -999;  16.3;    -999;   25.8;   54.13;   35.3;   14.7;   12.5;eor
       5692;20190724;-999;-999;-999;    3;   0.0;   0;-999;-999;  -999;  17.0;    -999;   27.6;   51.38;   37.4;   16.7;   14.5;eor
       5692;20190725;-999;-999;-999;    3;   0.0;   0;-999;-999;  -999;  17.6;    -999;   28.7;   50.33;   39.0;   17.7;   15.7;eor
       5692;20190726;-999;-999;-999;    3;  18.9;   4;-999;-999;  -999;  17.8;    -999;   28.9;   47.13;   37.8;   19.4;   16.8;eor
       5692;20190727;-999;-999;-999;    3;  57.3;   4;-999;-999;  -999;  22.4;    -999;   22.1;   84.13;   26.6;   17.8;   17.9;eor
       5692;20190728;-999;-999;-999;    3;  15.1;   4;-999;-999;  -999;  20.7;    -999;   20.1;   87.71;   25.1;   18.2;   18.1;eor
       5692;20190729;-999;-999;-999;    3;   0.0;   0;-999;-999;  -999;  17.3;    -999;   21.4;   69.42;   27.1;   17.4;   16.0;eor
       5692;20190730;-999;-999;-999;    3;   0.1;   4;-999;-999;  -999;  17.7;    -999;   23.0;   66.38;   30.3;   16.7;   15.4;eor
       5692;20190731;-999;-999;-999;    3;   0.0;   0;-999;-999;  -999;  13.9;    -999;   20.5;   59.92;   25.4;   13.5;   10.8;eor
       5692;20190801;-999;-999;-999;    3;   0.0;   0;-999;-999;  -999;  13.5;    -999;   19.2;   63.92;   26.4;   11.2;   10.1;eor
       5692;20190802;-999;-999;-999;    3;   0.0;   0;-999;-999;  -999;  16.0;    -999;   19.6;   71.88;   26.8;   14.3;   13.4;eor
       5692;20190803;-999;-999;-999;    3;   0.0;   0;-999;-999;  -999;  15.2;    -999;   20.3;   65.13;   25.1;   14.6;   12.5;eor
       5692;20190804;-999;-999;-999;    3;   0.7;   4;-999;-999;  -999;  15.3;    -999;   20.9;   64.92;   28.7;   13.2;   10.5;eor
       5692;20190805;-999;-999;-999;    3;   0.8;   4;-999;-999;  -999;  16.5;    -999;   22.4;   63.00;   29.5;   17.0;   16.1;eor
       5692;20190806;-999;-999;-999;    3;  26.3;   4;-999;-999;  -999;  19.4;    -999;   21.2;   77.75;   26.8;   16.9;   15.6;eor
       5692;20190807;-999;-999;-999;    3;   0.7;   4;-999;-999;  -999;  19.7;    -999;   19.1;   88.96;   22.5;   16.4;   14.5;eor
       5692;20190808;-999;-999;-999;    3;   0.0;   0;-999;-999;  -999;  17.9;    -999;   21.0;   74.58;   27.3;   16.2;   14.1;eor
       5692;20190809;-999;-999;-999;    3;   3.4;   4;-999;-999;  -999;  21.0;    -999;   21.9;   80.50;   29.5;   14.4;   13.0;eor
       5692;20190810;-999;-999;-999;    3;   0.0;   0;-999;-999;  -999;  16.9;    -999;   21.3;   68.13;   26.2;   13.7;   11.8;eor
       5692;20190811;-999;-999;-999;    3;   1.8;   4;-999;-999;  -999;  14.8;    -999;   18.6;   72.33;   26.4;   12.0;   10.4;eor
       5692;20190812;-999;-999;-999;    3;   2.4;   4;-999;-999;  -999;  15.2;    -999;   17.4;   78.17;   23.5;   13.0;   11.6;eor
       5692;20190813;-999;-999;-999;    3;   0.0;   0;-999;-999;  -999;  12.2;    -999;   16.7;   66.75;   21.9;   11.9;   10.3;eor
       5692;20190814;-999;-999;-999;    3;   0.3;   4;-999;-999;  -999;  13.4;    -999;   17.2;   69.54;   23.2;   12.6;   10.8;eor
       5692;20190815;-999;-999;-999;    3;   0.2;   4;-999;-999;  -999;  15.0;    -999;   18.4;   71.88;   24.0;   14.7;   13.1;eor
       5692;20190816;-999;-999;-999;    3;   0.0;   0;-999;-999;  -999;  14.4;    -999;   18.7;   68.75;   24.7;   13.7;   11.6;eor
       5692;20190817;-999;-999;-999;    3;   4.0;   4;-999;-999;  -999;  17.4;    -999;   18.7;   80.54;   22.1;   16.9;   14.9;eor
       5692;20190818;-999;-999;-999;    3;   0.8;   4;-999;-999;  -999;  19.8;    -999;   22.0;   76.92;   28.8;   16.6;   15.4;eor
       5692;20190819;-999;-999;-999;    3;   0.0;   0;-999;-999;  -999;  14.7;    -999;   20.3;   64.75;   25.6;   14.6;   13.0;eor
       5692;20190820;-999;-999;-999;    3;   0.0;   0;-999;-999;  -999;  13.7;    -999;   16.6;   72.96;   19.4;   11.9;   10.0;eor
       5692;20190821;-999;-999;-999;    3;   0.0;   0;-999;-999;  -999;  13.5;    -999;   16.6;   74.29;   24.4;    9.3;    6.8;eor
       5692;20190822;-999;-999;-999;    3;   0.0;   0;-999;-999;  -999;  13.2;    -999;   18.2;   66.96;   26.9;    9.9;    7.1;eor
       5692;20190823;-999;-999;-999;    3;   0.0;   0;-999;-999;  -999;  13.3;    -999;   19.2;   64.92;   28.8;    9.6;    7.5;eor
       5692;20190824;-999;-999;-999;    3;   0.0;   0;-999;-999;  -999;  15.8;    -999;   20.9;   66.88;   30.4;   11.9;    9.3;eor
       5692;20190825;-999;-999;-999;    3;   0.0;   0;-999;-999;  -999;  17.4;    -999;   22.2;   68.25;   31.3;   13.6;   12.3;eor
       5692;20190826;-999;-999;-999;    3;   0.0;   0;-999;-999;  -999;  18.4;    -999;   23.2;   67.71;   32.4;   14.8;   13.5;eor
       5692;20190827;-999;-999;-999;    3;   0.0;   0;-999;-999;  -999;  18.7;    -999;   23.5;   67.38;   32.8;   15.6;   14.2;eor
       5692;20190828;-999;-999;-999;    3;   4.0;   4;-999;-999;  -999;  19.4;    -999;   22.7;   73.17;   32.1;   16.7;   15.6;eor
       5692;20190829;-999;-999;-999;    3;   4.9;   4;-999;-999;  -999;  21.2;    -999;   22.4;   79.58;   30.7;   16.4;   15.1;eor
       5692;20190830;-999;-999;-999;    3;   0.0;   0;-999;-999;  -999;  17.4;    -999;   22.2;   67.42;   29.1;   16.3;   14.6;eor
       5692;20190831;-999;-999;-999;    3;   1.6;   4;-999;-999;  -999;  17.5;    -999;   23.3;   63.58;   31.9;   15.0;   13.5;eor
       5692;20190901;-999;-999;-999;    3;   0.0;   0;-999;-999;  -999;  15.9;    -999;   19.9;   68.92;   22.8;   13.2;   10.2;eor
       5692;20190902;-999;-999;-999;    3;   0.0;   0;-999;-999;  -999;  10.3;    -999;   15.8;   61.63;   22.4;    9.4;    6.6;eor
       5692;20190903;-999;-999;-999;    3;   0.0;   0;-999;-999;  -999;  10.6;    -999;   16.4;   60.96;   25.8;    6.8;    4.6;eor
       5692;20190904;-999;-999;-999;    3;   0.1;   4;-999;-999;  -999;  12.6;    -999;   18.7;   61.25;   26.7;    9.7;    6.9;eor
       5692;20190905;-999;-999;-999;    3;   0.0;   0;-999;-999;  -999;  11.1;    -999;   16.8;   58.38;   21.0;   12.6;    9.8;eor
       5692;20190906;-999;-999;-999;    3;   0.0;   0;-999;-999;  -999;  10.0;    -999;   13.8;   65.54;   21.3;    8.3;    4.4;eor
       5692;20190907;-999;-999;-999;    3;   7.1;   4;-999;-999;  -999;  12.3;    -999;   12.6;   83.88;   16.2;    8.1;    6.4;eor
       5692;20190908;-999;-999;-999;    3;   2.2;   4;-999;-999;  -999;  13.1;    -999;   13.3;   85.79;   15.0;   12.2;   11.7;eor
       5692;20190909;-999;-999;-999;    3;   0.0;   0;-999;-999;  -999;  11.8;    -999;   13.2;   79.17;   18.4;    7.4;    5.4;eor
       5692;20190910;-999;-999;-999;    3;   0.0;   0;-999;-999;  -999;  10.3;    -999;   12.3;   75.13;   21.2;    5.0;    3.1;eor
       5692;20190911;-999;-999;-999;    3;   0.1;   4;-999;-999;  -999;  10.9;    -999;   14.6;   68.04;   22.7;    5.0;    2.7;eor
       5692;20190912;-999;-999;-999;    3;   0.0;   0;-999;-999;  -999;  15.2;    -999;   18.3;   72.79;   23.7;   12.8;   10.2;eor
       5692;20190913;-999;-999;-999;    3;   0.0;   0;-999;-999;  -999;  15.0;    -999;   17.2;   78.29;   23.4;   10.6;    8.8;eor
       5692;20190914;-999;-999;-999;    3;   0.0;   0;-999;-999;  -999;  13.7;    -999;   17.1;   71.88;   24.0;   11.3;    8.2;eor
       5692;20190915;-999;-999;-999;    3;   0.0;   0;-999;-999;  -999;  13.1;    -999;   17.2;   69.63;   27.5;    8.1;    5.7;eor
       5692;20190916;-999;-999;-999;    3;   0.0;   4;-999;-999;  -999;  12.9;    -999;   17.3;   66.96;   23.9;    8.0;    6.0;eor
       5692;20190917;-999;-999;-999;    3;   0.0;   0;-999;-999;  -999;  10.9;    -999;   16.5;   58.58;   21.0;   10.2;    6.7;eor
       5692;20190918;-999;-999;-999;    3;   0.0;   0;-999;-999;  -999;   8.5;    -999;   12.0;   62.71;   18.0;    3.8;    0.9;eor
       5692;20190919;-999;-999;-999;    3;   0.0;   0;-999;-999;  -999;   7.9;    -999;   11.5;   60.67;   17.7;    5.5;    1.3;eor
       5692;20190920;-999;-999;-999;    3;   0.0;   0;-999;-999;  -999;   7.7;    -999;   11.4;   60.63;   20.2;    4.5;    0.5;eor
       5692;20190921;-999;-999;-999;    3;   0.0;   0;-999;-999;  -999;   8.7;    -999;   13.4;   62.00;   24.4;    3.1;    0.2;eor
       5692;20190922;-999;-999;-999;    3;   8.2;   4;-999;-999;  -999;  11.6;    -999;   14.7;   70.17;   23.3;    5.0;    2.8;eor
       5692;20190923;-999;-999;-999;    3;   1.0;   4;-999;-999;  -999;  14.4;    -999;   16.2;   79.04;   21.0;   10.1;    8.0;eor
       5692;20190924;-999;-999;-999;    3;   1.3;   4;-999;-999;  -999;  13.9;    -999;   14.2;   86.13;   19.5;    8.1;    6.2;eor
       5692;20190925;-999;-999;-999;    3;   2.8;   4;-999;-999;  -999;  14.1;    -999;   15.5;   80.63;   19.4;   13.5;   11.8;eor
       5692;20190926;-999;-999;-999;    3;   0.3;   4;-999;-999;  -999;  15.9;    -999;   16.3;   85.50;   18.8;   13.6;   12.5;eor
       5692;20190927;-999;-999;-999;    3;   6.2;   4;-999;-999;  -999;  14.8;    -999;   15.3;   85.04;   17.8;   11.6;    8.8;eor
       5692;20190928;-999;-999;-999;    3;   0.2;   4;-999;-999;  -999;  13.1;    -999;   15.3;   76.21;   19.1;   12.7;    9.2;eor
       5692;20190929;-999;-999;-999;    3;   2.1;   4;-999;-999;  -999;  13.2;    -999;   16.9;   69.17;   21.7;   11.8;    8.8;eor
       5692;20190930;-999;-999;-999;    3;   0.9;   4;-999;-999;  -999;  12.4;    -999;   14.9;   73.42;   18.4;    8.4;    6.2;eor
       5692;20191001;-999;-999;-999;    3;   6.2;   4;-999;   0;  -999;  14.5;    -999;   15.1;   84.00;   20.7;   10.2;    7.5;eor
       5692;20191002;-999;-999;-999;    3;   0.3;   4;-999;   0;  -999;  11.0;    -999;   12.4;   75.42;   15.3;    5.7;    2.8;eor
       5692;20191003;-999;-999;-999;    3;   0.0;   0;-999;   0;  -999;   9.4;    -999;    9.4;   79.75;   14.2;    4.8;    2.5;eor
       5692;20191004;-999;-999;-999;    3;   2.9;   4;-999;   0;  -999;  11.1;    -999;   10.6;   86.29;   14.3;    6.9;    6.1;eor
       5692;20191005;-999;-999;-999;    3;   0.0;   0;-999;   0;  -999;  10.2;    -999;   11.3;   76.75;   13.6;    7.3;    5.3;eor
       5692;20191006;-999;-999;-999;    3;  23.9;   4;-999;   0;  -999;  10.5;    -999;    9.2;   89.92;   10.3;    6.8;    5.0;eor
       5692;20191007;-999;-999;-999;    3;   0.6;   4;-999;   0;  -999;  11.3;    -999;   10.8;   87.71;   13.5;    8.6;    8.2;eor
       5692;20191008;-999;-999;-999;    3;   7.4;   4;-999;   0;  -999;  13.1;    -999;   12.7;   88.71;   14.8;   11.0;    8.3;eor
       5692;20191009;-999;-999;-999;    3;  12.4;   4;-999;   0;  -999;  11.7;    -999;   12.1;   83.17;   15.1;    9.7;    7.6;eor
       5692;20191010;-999;-999;-999;    3;   0.0;   0;-999;   0;  -999;  10.9;    -999;   11.7;   79.58;   15.6;    6.3;    3.9;eor
       5692;20191011;-999;-999;-999;    3;   0.0;   0;-999;   0;  -999;  12.1;    -999;   12.8;   82.21;   18.4;    6.6;    3.9;eor
       5692;20191012;-999;-999;-999;    3;   0.0;   4;-999;   0;  -999;  13.7;    -999;   15.7;   76.75;   22.0;    7.6;    4.8;eor
       5692;20191013;-999;-999;-999;    3;   0.0;   0;-999;   0;  -999;  15.6;    -999;   17.4;   80.38;   24.7;   11.1;    8.2;eor
       5692;20191014;-999;-999;-999;    3;   0.0;   0;-999;   0;  -999;  14.5;    -999;   16.0;   81.33;   24.7;   10.1;    7.8;eor
       5692;20191015;-999;-999;-999;    3;   3.4;   4;-999;   0;  -999;  13.6;    -999;   14.4;   83.79;   21.4;    9.0;    7.6;eor
       5692;20191016;-999;-999;-999;    3;   0.3;   4;-999;   0;  -999;  11.8;    -999;   13.6;   76.17;   16.9;   11.7;    8.9;eor
       5692;20191017;-999;-999;-999;    3;   4.9;   4;-999;   0;  -999;  13.5;    -999;   14.7;   80.63;   18.6;   11.8;   10.0;eor
       5692;20191018;-999;-999;-999;    3;   3.5;   4;-999;   0;  -999;  13.1;    -999;   13.2;   85.79;   17.1;    8.1;    6.7;eor
       5692;20191019;-999;-999;-999;    3;   6.3;   4;-999;   0;  -999;  13.2;    -999;   13.6;   85.25;   17.2;    9.3;    8.3;eor
       5692;20191020;-999;-999;-999;    3;   0.2;   4;-999;   0;  -999;  14.9;    -999;   14.7;   89.08;   17.6;   12.9;   11.8;eor
       5692;20191021;-999;-999;-999;    3;   0.2;   4;-999;   0;  -999;  14.3;    -999;   14.9;   84.33;   18.2;   11.7;   10.9;eor
       5692;20191022;-999;-999;-999;    3;   0.0;   0;-999;   0;  -999;  11.9;    -999;   12.5;   83.46;   17.0;    9.1;    6.7;eor
       5692;20191023;-999;-999;-999;    3;   0.0;   0;-999;   0;  -999;  12.0;    -999;   11.3;   89.29;   15.2;    8.3;    6.0;eor
       5692;20191024;-999;-999;-999;    3;   0.0;   0;-999;   0;  -999;  14.0;    -999;   14.2;   86.46;   20.7;    9.6;    8.0;eor
       5692;20191025;-999;-999;-999;    3;   0.0;   0;-999;   0;  -999;  12.0;    -999;   12.9;   81.17;   17.4;    7.4;    4.9;eor
       5692;20191026;-999;-999;-999;    3;   0.0;   0;-999;   0;  -999;  11.5;    -999;   11.4;   86.17;   19.0;    5.2;    3.1;eor
       5692;20191027;-999;-999;-999;    3;   0.3;   4;-999;   0;  -999;  10.8;    -999;   10.6;   84.21;   16.6;    7.5;    5.1;eor
       5692;20191028;-999;-999;-999;    3;   0.0;   0;-999;   0;  -999;   8.4;    -999;    6.1;   89.17;    9.0;    2.0;   -0.1;eor
       5692;20191029;-999;-999;-999;    3;   0.0;   0;-999;   0;  -999;   8.2;    -999;    6.4;   85.63;   10.0;    2.0;   -1.1;eor
       5692;20191030;-999;-999;-999;    3;   0.0;   0;-999;   0;  -999;   6.8;    -999;    5.1;   78.75;    9.3;    0.4;   -2.5;eor
       5692;20191031;-999;-999;-999;    3;   0.0;   0;-999;   0;  -999;   6.3;    -999;    4.3;   76.92;   11.1;   -0.1;   -3.3;eor
       5692;20191101;-999;-999;-999;    3;   7.4;   4;-999;   0;  -999;   9.6;    -999;    7.5;   89.92;   12.1;    2.4;    2.1;eor
       5692;20191102;-999;-999;-999;    3;   1.8;   4;-999;   0;  -999;  13.2;    -999;   13.5;   84.92;   17.1;   10.6;    8.7;eor
       5692;20191103;-999;-999;-999;    3;   0.8;   4;-999;   0;  -999;  12.2;    -999;   12.4;   84.46;   15.3;   10.7;    9.8;eor
       5692;20191104;-999;-999;-999;    3;   6.7;   4;-999;   0;  -999;  11.0;    -999;   10.8;   84.96;   13.8;    9.2;    6.5;eor
       5692;20191105;-999;-999;-999;    3;   1.4;   4;-999;   0;  -999;   9.5;    -999;    9.2;   82.38;   13.2;    4.4;    1.8;eor
       5692;20191106;-999;-999;-999;    3;   0.8;   4;-999;   0;  -999;  10.1;    -999;    9.2;   87.29;   12.0;    7.3;    6.3;eor
       5692;20191107;-999;-999;-999;    3;   0.6;   4;-999;   0;  -999;   9.4;    -999;    8.6;   83.92;   11.3;    4.6;    3.6;eor
       5692;20191108;-999;-999;-999;    3;   7.9;   4;-999;   0;  -999;   8.4;    -999;    5.8;   90.88;    7.8;    3.6;    2.9;eor
       5692;20191109;-999;-999;-999;    3;   0.0;   0;-999;   0;  -999;   7.8;    -999;    5.7;   85.67;    9.6;   -0.7;   -2.2;eor
       5692;20191110;-999;-999;-999;    3;   0.0;   4;-999;   0;  -999;   6.6;    -999;    1.8;   95.08;    3.4;   -2.0;   -3.5;eor
       5692;20191111;-999;-999;-999;    3;   1.0;   4;-999;   0;  -999;   6.8;    -999;    3.2;   88.63;    4.3;    2.0;    2.2;eor
       5692;20191112;-999;-999;-999;    3;   0.8;   4;-999;   0;  -999;   7.5;    -999;    5.7;   82.29;    9.7;    3.3;    0.3;eor
       5692;20191113;-999;-999;-999;    3;   0.0;   0;-999;   0;  -999;   7.0;    -999;    3.6;   87.29;    6.0;   -1.4;   -2.9;eor
       5692;20191114;-999;-999;-999;    3;   0.0;   0;-999;   0;  -999;   6.5;    -999;    3.3;   84.00;    8.4;   -2.7;   -3.5;eor
       5692;20191115;-999;-999;-999;    3;   0.0;   0;-999;   0;  -999;   6.7;    -999;    3.9;   83.42;    6.9;    2.0;    0.9;eor
       5692;20191116;-999;-999;-999;    3;   0.0;   0;-999;   0;  -999;   6.5;    -999;    2.5;   89.00;    8.3;   -1.8;   -3.3;eor
       5692;20191117;-999;-999;-999;    3;   5.2;   4;-999;   0;  -999;   7.7;    -999;    4.1;   92.88;    6.2;   -0.6;   -1.2;eor
       5692;20191118;-999;-999;-999;    3;   0.1;   4;-999;   0;  -999;   7.3;    -999;    4.5;   86.42;    5.5;    3.8;    3.2;eor
       5692;20191119;-999;-999;-999;    3;   0.1;   4;-999;   0;  -999;   7.0;    -999;    3.7;   86.79;    7.6;   -2.9;   -4.2;eor
       5692;20191120;-999;-999;-999;    3;   0.0;   0;-999;   0;  -999;   5.9;    -999;    0.4;   92.75;    3.5;   -2.7;   -4.2;eor
       5692;20191121;-999;-999;-999;    3;   0.0;   0;-999;   0;  -999;   6.1;    -999;    1.1;   91.75;    3.8;   -1.1;   -2.8;eor
       5692;20191122;-999;-999;-999;    3;   0.0;   0;-999;   0;  -999;   6.7;    -999;    2.1;   93.58;    5.0;   -1.3;   -2.7;eor
       5692;20191123;-999;-999;-999;    3;   0.0;   0;-999;   0;  -999;   7.4;    -999;    5.0;   85.08;   10.3;   -2.1;   -3.0;eor
       5692;20191124;-999;-999;-999;    3;   0.0;   0;-999;   0;  -999;   7.0;    -999;    3.0;   91.54;    7.8;   -0.9;   -2.0;eor
       5692;20191125;-999;-999;-999;    3;   0.6;   4;-999;   0;  -999;   8.0;    -999;    4.4;   95.00;    6.2;    0.7;    0.0;eor
       5692;20191126;-999;-999;-999;    3;   0.8;   4;-999;   0;  -999;   9.7;    -999;    8.0;   90.67;   11.4;    3.8;    1.0;eor
       5692;20191127;-999;-999;-999;    3;   1.1;   4;-999;   0;  -999;   9.8;    -999;    9.3;   83.71;   12.7;    4.6;    2.7;eor
       5692;20191128;-999;-999;-999;    3;   0.7;   4;-999;   0;  -999;   9.6;    -999;   10.9;   73.04;   12.7;    9.7;    8.2;eor
       5692;20191129;-999;-999;-999;    3;   1.6;   4;-999;   0;  -999;   8.0;    -999;    7.0;   78.38;   10.2;    3.2;   -0.5;eor
       5692;20191130;-999;-999;-999;    3;   0.0;   0;-999;   0;  -999;   6.1;    -999;    2.7;   82.29;    7.2;   -2.0;   -4.0;eor
       5692;20191201;-999;-999;-999;    3;   0.0;   0;-999;   0;  -999;   5.4;    -999;    2.0;   76.54;    3.4;   -0.4;   -2.1;eor
       5692;20191202;-999;-999;-999;    3;   0.0;   4;-999;   0;  -999;   5.6;    -999;    1.7;   81.13;    5.8;   -2.1;   -5.0;eor
       5692;20191203;-999;-999;-999;    3;   0.3;   4;-999;   0;  -999;   6.4;    -999;    2.1;   90.08;    5.7;   -1.4;   -3.4;eor
       5692;20191204;-999;-999;-999;    3;   0.0;   0;-999;   0;  -999;   5.6;    -999;    0.7;   87.71;    5.7;   -3.9;   -6.2;eor
       5692;20191205;-999;-999;-999;    3;   0.0;   0;-999;   0;  -999;   4.9;    -999;   -2.2;   93.83;   -0.8;   -5.9;   -7.2;eor
       5692;20191206;-999;-999;-999;    3;   1.5;   4;-999;   0;  -999;   6.2;    -999;    2.1;   86.67;    8.0;   -4.3;   -6.0;eor
       5692;20191207;-999;-999;-999;    3;   0.0;   0;-999;   0;  -999;   9.2;    -999;    8.9;   80.54;   10.3;    7.9;    6.2;eor
       5692;20191208;-999;-999;-999;    3;   0.2;   4;-999;   0;  -999;   9.3;    -999;   10.0;   75.29;   12.1;    7.8;    6.5;eor
       5692;20191209;-999;-999;-999;    3;   0.8;   4;-999;   0;  -999;   7.9;    -999;    7.7;   74.88;    9.2;    5.4;    2.5;eor
       5692;20191210;-999;-999;-999;    3;   0.0;   0;-999;   0;  -999;   5.9;    -999;    2.6;   80.04;    7.4;   -1.7;   -3.6;eor
       5692;20191211;-999;-999;-999;    3;   9.2;   4;-999;   0;  -999;   6.0;    -999;    2.1;   83.83;    3.3;    0.8;   -1.1;eor
       5692;20191212;-999;-999;-999;    3;   0.9;   4;-999;   0;  -999;   6.8;    -999;    3.5;   86.25;    6.2;    1.1;   -2.4;eor
       5692;20191213;-999;-999;-999;    3;   5.1;   4;-999;   0;  -999;   7.0;    -999;    4.6;   81.88;    7.5;    1.6;    0.0;eor
       5692;20191214;-999;-999;-999;    3;   6.0;   4;-999;   0;  -999;   7.5;    -999;    7.6;   71.96;    9.7;    4.5;    3.7;eor
       5692;20191215;-999;-999;-999;    3;   4.5;   4;-999;   0;  -999;   9.6;    -999;    9.2;   82.21;   11.5;    7.0;    4.6;eor
       5692;20191216;-999;-999;-999;    3;   0.0;   0;-999;   0;  -999;   9.9;    -999;    8.5;   89.29;   12.3;    5.2;    2.3;eor
       5692;20191217;-999;-999;-999;    3;   0.0;   0;-999;   0;  -999;   9.0;    -999;    8.8;   79.42;   12.4;    6.1;    5.1;eor
       5692;20191218;-999;-999;-999;    3;   0.0;   0;-999;   0;  -999;   9.4;    -999;    9.0;   82.00;   12.9;    1.8;    0.0;eor
       5692;20191219;-999;-999;-999;    3;   0.0;   0;-999;   0;  -999;   7.7;    -999;    3.7;   96.83;    5.8;    0.7;   -1.0;eor
       5692;20191220;-999;-999;-999;    3;   6.6;   4;-999;   0;  -999;   8.0;    -999;    4.5;   94.92;    8.0;    2.0;    2.0;eor
       5692;20191221;-999;-999;-999;    3;   1.3;   4;-999;   0;  -999;   7.6;    -999;    4.2;   91.46;    8.9;   -1.5;   -2.6;eor
       5692;20191222;-999;-999;-999;    3;   0.0;   4;-999;   0;  -999;   8.6;    -999;    7.7;   81.79;   10.3;    4.8;    3.8;eor
       5692;20191223;-999;-999;-999;    3;   0.0;   0;-999;   0;  -999;   8.2;    -999;    7.9;   77.29;   10.2;    5.2;    0.6;eor
       5692;20191224;-999;-999;-999;    3;   1.4;   4;-999;   0;  -999;   8.3;    -999;    7.6;   79.04;   10.1;    4.8;    0.5;eor
       5692;20191225;-999;-999;-999;    3;   0.6;   4;-999;   0;  -999;   8.4;    -999;    7.7;   79.71;   10.1;    3.9;    0.8;eor
       5692;20191226;-999;-999;-999;    3;   2.4;   4;-999;   0;  -999;   7.3;    -999;    4.1;   88.92;    5.9;    1.6;   -1.1;eor
       5692;20191227;-999;-999;-999;    3;   0.2;   4;-999;   0;  -999;   7.9;    -999;    5.3;   88.58;    6.8;    1.7;   -1.4;eor
       5692;20191228;-999;-999;-999;    3;   0.0;   0;-999;   0;  -999;   5.2;    -999;    0.2;   83.42;    4.0;   -3.2;   -5.7;eor
       5692;20191229;-999;-999;-999;    3;   0.0;   0;-999;   0;  -999;   4.5;    -999;   -1.8;   84.79;    2.4;   -5.2;   -8.0;eor
       5692;20191230;-999;-999;-999;    3;   0.0;   0;-999;   0;  -999;   4.6;    -999;   -1.8;   85.42;    3.9;   -6.0;   -7.4;eor
       5692;20191231;-999;-999;-999;    3;   0.0;   0;-999;   0;  -999;   5.4;    -999;    0.1;   87.13;    2.9;   -4.6;   -6.7;eor
       5692;20200101;-999;-999;-999;    3;   0.0;   0;-999;   0;  -999;   5.2;    -999;   -0.7;   88.83;    3.5;   -4.3;   -6.8;eor
       5692;20200102;-999;-999;-999;    3;   0.0;   0;-999;   0;  -999;   5.7;    -999;    0.1;   92.67;    1.8;   -1.6;   -1.4;eor
       5692;20200103;-999;-999;-999;    3;   0.5;   4;-999;   0;  -999;   8.0;    -999;    6.4;   82.63;    9.3;    1.6;    0.3;eor
       5692;20200104;-999;-999;-999;    3;   0.0;   0;-999;   0;  -999;   6.6;    -999;    4.3;   79.67;    7.3;    0.5;   -2.4;eor
       5692;20200105;-999;-999;-999;    3;   0.0;   0;-999;   0;  -999;   7.4;    -999;    4.8;   85.63;    6.9;   -1.0;   -2.9;eor
       5692;20200106;-999;-999;-999;    3;   0.2;   4;-999;   0;  -999;   5.5;    -999;   -0.8;   95.21;    0.7;   -3.9;   -5.8;eor
       5692;20200107;-999;-999;-999;    3;   0.1;   4;-999;   0;  -999;   7.0;    -999;    3.9;   86.92;    8.1;    0.1;   -3.0;eor
       5692;20200108;-999;-999;-999;    3;   0.8;   4;-999;   0;  -999;   8.1;    -999;    5.2;   90.08;    7.5;    1.4;    0.2;eor
       5692;20200109;-999;-999;-999;    3;   0.4;   4;-999;   0;  -999;  10.3;    -999;   10.2;   83.29;   12.6;    7.2;    6.6;eor
       5692;20200110;-999;-999;-999;    3;   0.5;   4;-999;   0;  -999;   8.7;    -999;    8.7;   77.50;   12.1;    5.8;    3.5;eor
       5692;20200111;-999;-999;-999;    3;   0.0;   0;-999;   0;  -999;   6.1;    -999;    3.2;   80.79;    7.4;   -2.9;   -5.1;eor
       5692;20200112;-999;-999;-999;    3;   0.2;   4;-999;   0;  -999;   6.1;    -999;    2.3;   83.75;    6.1;   -3.7;   -6.3;eor
       5692;20200113;-999;-999;-999;    3;   0.1;   4;-999;   0;  -999;   7.8;    -999;    5.7;   84.46;    8.2;    4.2;    2.0;eor
       5692;20200114;-999;-999;-999;    3;   0.0;   0;-999;   0;  -999;   7.1;    -999;    8.1;   66.13;   10.6;    4.6;    1.0;eor
       5692;20200115;-999;-999;-999;    3;   0.0;   0;-999;   0;  -999;   7.6;    -999;    9.4;   65.00;   14.3;    4.3;   -0.7;eor
       5692;20200116;-999;-999;-999;    3;   0.0;   0;-999;   0;  -999;   8.3;    -999;    7.9;   78.38;   14.7;   -0.2;   -2.9;eor
       5692;20200117;-999;-999;-999;    3;   0.0;   0;-999;   0;  -999;   7.2;    -999;    4.4;   85.46;    8.9;   -1.3;   -4.0;eor
       5692;20200118;-999;-999;-999;    3;   0.1;   4;-999;   0;  -999;   6.5;    -999;    3.8;   80.75;    7.0;   -1.6;   -4.0;eor
       5692;20200119;-999;-999;-999;    3;   0.9;   4;-999;   0;  -999;   6.2;    -999;    2.6;   84.38;    6.0;   -0.4;   -3.5;eor
       5692;20200120;-999;-999;-999;    3;   0.0;   0;-999;   0;  -999;   5.8;    -999;    2.2;   81.13;    6.6;   -2.6;   -5.4;eor
       5692;20200121;-999;-999;-999;    3;   0.0;   0;-999;   0;  -999;   4.7;    -999;   -0.9;   82.83;    4.8;   -5.5;   -8.0;eor
       5692;20200122;-999;-999;-999;    3;   0.0;   0;-999;   0;  -999;   4.5;    -999;   -3.2;   91.33;   -0.8;   -7.6;   -9.3;eor
       5692;20200123;-999;-999;-999;    3;   0.0;   0;-999;   0;  -999;   5.6;    -999;    0.9;   86.17;    2.8;   -1.1;   -1.1;eor
       5692;20200124;-999;-999;-999;    3;   0.0;   0;-999;   0;  -999;   5.4;    -999;    0.4;   85.46;    1.6;   -1.9;   -3.9;eor
       5692;20200125;-999;-999;-999;    3;   0.0;   0;-999;   0;  -999;   6.2;    -999;    0.9;   95.71;    2.0;   -0.1;   -0.1;eor
       5692;20200126;-999;-999;-999;    3;   0.0;   0;-999;   0;  -999;   6.5;    -999;    1.6;   95.38;    2.6;    0.7;    1.0;eor
       5692;20200127;-999;-999;-999;    3;   2.4;   4;-999;   0;  -999;   8.0;    -999;    5.3;   89.13;    9.3;    0.8;   -1.4;eor
       5692;20200128;-999;-999;-999;    3;   2.4;   4;-999;   0;  -999;   7.1;    -999;    5.4;   78.71;    7.7;    1.3;   -2.1;eor
       5692;20200129;-999;-999;-999;    3;   0.0;   0;-999;   0;  -999;   6.3;    -999;    4.4;   75.46;    7.8;    2.2;   -1.8;eor
       5692;20200130;-999;-999;-999;    3;   0.9;   4;-999;   0;  -999;   7.9;    -999;    6.8;   80.17;   12.2;    1.0;   -2.2;eor
       5692;20200131;-999;-999;-999;    3;   0.0;   0;-999;   0;  -999;  11.6;    -999;   12.8;   78.38;   14.4;   10.7;    5.7;eor
       5692;20200201;-999;-999;-999;    3;  11.8;   4;-999;   0;  -999;  11.0;    -999;   12.1;   78.00;   13.6;    7.7;    3.9;eor
       5692;20200202;-999;-999;-999;    3;   2.3;   4;-999;   0;  -999;  10.3;    -999;   11.0;   78.54;   14.9;    6.5;    1.6;eor
       5692;20200203;-999;-999;-999;    3;  14.8;   4;-999;   0;  -999;  10.1;    -999;   10.3;   80.88;   12.3;    7.8;    7.5;eor
       5692;20200204;-999;-999;-999;    3;   0.0;   0;-999;   0;  -999;   6.7;    -999;    5.5;   73.75;    7.8;    2.1;   -1.3;eor
       5692;20200205;-999;-999;-999;    3;   0.0;   0;-999;   0;  -999;   5.6;    -999;    3.9;   70.21;    8.0;   -3.1;   -5.2;eor
       5692;20200206;-999;-999;-999;    3;   0.0;   0;-999;   0;  -999;   5.0;    -999;   -0.2;   82.50;    6.3;   -5.8;   -7.2;eor
       5692;20200207;-999;-999;-999;    3;   0.0;   0;-999;   0;  -999;   5.0;    -999;    0.2;   81.63;    7.2;   -5.0;   -7.4;eor
       5692;20200208;-999;-999;-999;    3;   0.0;   0;-999;   0;  -999;   5.4;    -999;    0.8;   83.08;    6.5;   -5.2;   -7.0;eor
       5692;20200209;-999;-999;-999;    3;  10.4;   4;-999;   0;  -999;   7.5;    -999;    8.5;   68.75;   14.9;   -0.4;   -3.1;eor
       5692;20200210;-999;-999;-999;    3;   3.0;   4;-999;   0;  -999;   8.1;    -999;    9.6;   67.67;   14.6;    5.7;    4.3;eor
       5692;20200211;-999;-999;-999;    3;   2.2;   4;-999;   0;  -999;   5.9;    -999;    6.0;   64.33;    9.0;    2.6;    1.1;eor
       5692;20200212;-999;-999;-999;    3;   1.8;   4;-999;   0;  -999;   6.3;    -999;    3.9;   77.67;    6.7;    0.4;   -2.7;eor
       5692;20200213;-999;-999;-999;    3;   4.3;   4;-999;   0;  -999;   6.7;    -999;    3.1;   87.38;    8.0;   -2.4;   -4.5;eor
       5692;20200214;-999;-999;-999;    3;   0.4;   4;-999;   0;  -999;   7.8;    -999;    7.0;   78.46;    9.4;    1.8;   -1.4;eor
       5692;20200215;-999;-999;-999;    3;   0.0;   0;-999;   0;  -999;   7.2;    -999;    5.9;   79.33;   12.5;   -0.9;   -3.1;eor
       5692;20200216;-999;-999;-999;    3;   0.0;   0;-999;   0;  -999;   8.0;    -999;   14.1;   50.71;   19.4;    9.2;    5.1;eor
       5692;20200217;-999;-999;-999;    3;   0.4;   4;-999;   0;  -999;   8.5;    -999;    9.6;   71.21;   16.6;    7.7;    4.7;eor
       5692;20200218;-999;-999;-999;    3;   0.8;   4;-999;   0;  -999;   6.8;    -999;    7.6;   65.29;    9.8;    5.8;    2.2;eor
       5692;20200219;-999;-999;-999;    3;   0.1;   4;-999;   0;  -999;   6.3;    -999;    6.2;   66.25;    9.3;    2.0;   -2.7;eor
       5692;20200220;-999;-999;-999;    3;   0.1;   4;-999;   0;  -999;   7.2;    -999;    7.8;   68.63;   10.4;    4.4;    3.1;eor
       5692;20200221;-999;-999;-999;    3;   0.0;   0;-999;   0;  -999;   5.9;    -999;    5.7;   64.83;    9.7;    0.3;   -3.7;eor
       5692;20200222;-999;-999;-999;    3;   0.1;   4;-999;   0;  -999;   6.6;    -999;    7.9;   62.67;   12.2;    1.5;   -3.3;eor
       5692;20200223;-999;-999;-999;    3;   5.4;   4;-999;   0;  -999;   9.9;    -999;   11.1;   74.29;   13.9;    7.9;    6.4;eor
       5692;20200224;-999;-999;-999;    3;   0.8;   4;-999;   0;  -999;   9.0;    -999;    8.9;   79.25;   13.5;    5.7;    5.2;eor
       5692;20200225;-999;-999;-999;    3;   2.4;   4;-999;   0;  -999;   8.6;    -999;    8.6;   76.63;   11.0;    4.9;    3.1;eor
       5692;20200226;-999;-999;-999;    3;   0.1;   4;-999;   0;  -999;   6.1;    -999;    4.3;   73.04;    6.0;    2.0;   -0.7;eor
       5692;20200227;-999;-999;-999;    3;  10.9;   4;-999;   0;  -999;   6.2;    -999;    3.0;   81.75;    5.3;    0.2;    0.1;eor
       5692;20200228;-999;-999;-999;    3;   0.0;   0;-999;   0;  -999;   5.7;    -999;    5.1;   65.29;    9.1;    1.2;   -1.2;eor
       5692;20200229;-999;-999;-999;    3;   0.3;   4;-999;   0;  -999;   8.2;    -999;    9.6;   68.92;   15.9;    5.9;    2.1;eor
       5692;20200301;-999;-999;-999;    3;   2.6;   4;-999;   0;  -999;   7.5;    -999;    9.0;   66.17;   13.6;    4.6;    3.9;eor
       5692;20200302;-999;-999;-999;    3;   3.0;   4;-999;   0;  -999;   7.4;    -999;    6.7;   75.88;   11.0;    1.0;   -1.9;eor
       5692;20200303;-999;-999;-999;    3;   0.2;   4;-999;   0;  -999;   6.4;    -999;    4.8;   75.21;    7.9;   -1.6;   -3.4;eor
       5692;20200304;-999;-999;-999;    3;   0.1;   4;-999;   0;  -999;   6.5;    -999;    4.1;   80.54;   10.1;   -1.3;   -3.3;eor
       5692;20200305;-999;-999;-999;    3;   9.9;   4;-999;   0;  -999;   8.3;    -999;    6.4;   85.25;    8.6;    3.5;    2.8;eor
       5692;20200306;-999;-999;-999;    3;   0.1;   4;-999;   0;  -999;   7.5;    -999;    6.7;   76.58;    8.7;    5.0;    3.1;eor
       5692;20200307;-999;-999;-999;    3;   0.0;   0;-999;   0;  -999;   6.4;    -999;    5.7;   70.38;    9.3;    1.9;   -1.7;eor
       5692;20200308;-999;-999;-999;    3;   2.0;   4;-999;   0;  -999;   7.4;    -999;    8.1;   68.13;   12.6;    4.5;    3.1;eor
       5692;20200309;-999;-999;-999;    3;   1.6;   4;-999;   0;  -999;   7.8;    -999;    8.2;   72.54;   12.3;    3.8;   -0.4;eor
       5692;20200310;-999;-999;-999;    3;  11.6;   4;-999;   0;  -999;   9.3;    -999;    8.2;   84.96;   12.7;    5.0;    2.7;eor
       5692;20200311;-999;-999;-999;    3;   0.0;   0;-999;   0;  -999;  11.5;    -999;   14.1;   71.83;   15.9;   11.9;    9.5;eor
       5692;20200312;-999;-999;-999;    3;   0.1;   4;-999;   0;  -999;   9.3;    -999;   11.9;   66.17;   14.4;    7.4;    3.6;eor
       5692;20200313;-999;-999;-999;    3;   0.0;   0;-999;   0;  -999;   6.3;    -999;    7.3;   62.42;   11.0;    1.1;   -1.8;eor
       5692;20200314;-999;-999;-999;    3;   0.0;   0;-999;   0;  -999;   6.6;    -999;    5.1;   76.42;   11.4;   -0.5;   -2.6;eor
       5692;20200315;-999;-999;-999;    3;   0.0;   0;-999;   0;  -999;   6.5;    -999;    7.5;   66.96;   16.0;    0.6;   -2.4;eor
       5692;20200316;-999;-999;-999;    3;   0.0;   0;-999;   0;  -999;   7.7;    -999;   10.0;   65.54;   19.1;   -0.3;   -2.3;eor
       5692;20200317;-999;-999;-999;    3;   0.0;   0;-999;   0;  -999;   9.9;    -999;   11.4;   74.00;   17.0;    4.2;    1.2;eor
       5692;20200318;-999;-999;-999;    3;   0.0;   0;-999;   0;  -999;   8.9;    -999;    9.5;   77.13;   17.3;    1.6;   -0.7;eor
       5692;20200319;-999;-999;-999;    3;   0.0;   0;-999;   0;  -999;   8.6;    -999;   11.5;   66.33;   18.9;    1.8;   -0.7;eor
       5692;20200320;-999;-999;-999;    3;   1.3;   4;-999;   0;  -999;   9.3;    -999;   12.7;   63.92;   18.3;    7.7;    7.1;eor
       5692;20200321;-999;-999;-999;    3;   3.3;   4;-999;   0;  -999;   6.8;    -999;    5.8;   73.04;    7.7;    3.1;    0.9;eor
       5692;20200322;-999;-999;-999;    3;   0.0;   0;-999;   0;  -999;   3.6;    -999;    5.1;   42.21;    9.9;    0.6;   -1.4;eor
       5692;20200323;-999;-999;-999;    3;   0.0;   0;-999;   0;  -999;   2.9;    -999;    3.6;   39.29;    9.7;   -4.6;   -7.3;eor
       5692;20200324;-999;-999;-999;    3;   0.0;   0;-999;   0;  -999;   2.9;    -999;    3.4;   40.83;   10.2;   -4.2;   -8.8;eor
       5692;20200325;-999;-999;-999;    3;   0.0;   0;-999;   0;  -999;   2.8;    -999;    4.3;   35.50;   10.3;   -2.6;   -8.0;eor
       5692;20200326;-999;-999;-999;    3;   0.0;   0;-999;   0;  -999;   4.1;    -999;    5.7;   45.25;   11.2;   -1.1;   -5.3;eor
       5692;20200327;-999;-999;-999;    3;   0.0;   0;-999;   0;  -999;   5.9;    -999;    9.6;   49.92;   17.5;    3.1;   -0.5;eor
       5692;20200328;-999;-999;-999;    3;   0.0;   0;-999;   0;  -999;   6.7;    -999;   11.8;   49.42;   18.6;    5.9;   -0.2;eor
       5692;20200329;-999;-999;-999;    1;   0.0;   0;-999;   0;  -999;   5.4;    -999;    5.7;   59.25;    8.3;    3.1;    1.7;eor
       5692;20200330;-999;-999;-999;    1;   0.0;   0;-999;   0;  -999;   3.4;    -999;    2.9;   46.83;    8.5;   -1.3;   -4.7;eor
       5692;20200331;-999;-999;-999;    1;   0.0;   0;-999;   0;  -999;   4.5;    -999;    5.1;   52.71;   10.0;   -2.5;   -7.1;eor
       5692;20200401;-999;-999;-999;    1;   0.0;   0;-999;   0;  -999;   3.7;    -999;    3.2;   52.33;   11.3;   -4.9;   -9.1;eor
       5692;20200402;-999;-999;-999;    1;   0.0;   0;-999;   0;  -999;   4.6;    -999;    6.0;   52.25;   15.0;   -4.8;   -7.9;eor
       5692;20200403;-999;-999;-999;    1;   0.0;   0;-999;   0;  -999;   6.0;    -999;    7.4;   59.96;   13.6;   -1.2;   -4.1;eor
       5692;20200404;-999;-999;-999;    1;   0.0;   0;-999;   0;  -999;   5.8;    -999;    7.2;   60.50;   15.4;   -1.9;   -5.2;eor
       5692;20200405;-999;-999;-999;    1;   0.0;   0;-999;   0;  -999;   5.9;    -999;   10.6;   52.63;   20.8;   -0.6;   -4.0;eor
       5692;20200406;-999;-999;-999;    1;   0.0;   0;-999;   0;  -999;   6.8;    -999;   11.5;   55.46;   23.8;   -0.1;   -3.0;eor
       5692;20200407;-999;-999;-999;    1;   0.0;   0;-999;   0;  -999;   8.2;    -999;   14.4;   53.75;   23.6;    3.5;    0.1;eor
       5692;20200408;-999;-999;-999;    1;   0.0;   0;-999;   0;  -999;   8.6;    -999;   14.9;   55.58;   23.5;    6.5;    1.4;eor
       5692;20200409;-999;-999;-999;    1;   0.0;   0;-999;   0;  -999;   8.7;    -999;   14.8;   56.21;   23.7;    4.6;    1.7;eor
       5692;20200410;-999;-999;-999;    1;   0.0;   0;-999;   0;  -999;   9.0;    -999;   16.2;   50.71;   22.7;   10.0;    5.8;eor
       5692;20200411;-999;-999;-999;    1;   0.0;   0;-999;   0;  -999;   7.6;    -999;   14.1;   49.08;   22.5;    6.3;    2.7;eor
       5692;20200412;-999;-999;-999;    1;   0.1;   4;-999;   0;  -999;   8.6;    -999;   14.0;   58.83;   24.2;    4.4;    1.6;eor
       5692;20200413;-999;-999;-999;    1;   0.1;   4;-999;   0;  -999;   8.3;    -999;    9.2;   69.67;   15.2;    3.6;   -3.0;eor
       5692;20200414;-999;-999;-999;    1;   0.0;   0;-999;   0;  -999;   4.8;    -999;    5.2;   56.08;   10.9;   -1.8;   -5.8;eor
       5692;20200415;-999;-999;-999;    1;   0.0;   0;-999;   0;  -999;   5.6;    -999;    8.2;   56.92;   18.6;   -2.8;   -4.9;eor
       5692;20200416;-999;-999;-999;    1;   0.0;   0;-999;   0;  -999;   7.9;    -999;   13.0;   57.38;   24.1;   -0.1;   -3.0;eor
       5692;20200417;-999;-999;-999;    1;   0.0;   0;-999;   0;  -999;  10.5;    -999;   15.4;   63.79;   25.6;    6.2;    3.2;eor
       5692;20200418;-999;-999;-999;    1;   0.0;   0;-999;   0;  -999;  11.8;    -999;   16.6;   65.67;   24.9;    9.3;    6.3;eor
       5692;20200419;-999;-999;-999;    1;   0.0;   0;-999;   0;  -999;  11.0;    -999;   14.4;   68.04;   20.4;    8.4;    5.0;eor
       5692;20200420;-999;-999;-999;    1;   0.0;   0;-999;   0;  -999;   5.9;    -999;   13.9;   39.00;   20.4;    6.2;    1.4;eor
       5692;20200421;-999;-999;-999;    1;   0.0;   0;-999;   0;  -999;   5.5;    -999;   15.5;   32.83;   22.4;    6.1;    1.0;eor
       5692;20200422;-999;-999;-999;    1;   0.0;   0;-999;   0;  -999;   6.3;    -999;   15.6;   37.54;   23.1;    7.7;    1.9;eor
       5692;20200423;-999;-999;-999;    1;   0.0;   0;-999;   0;  -999;   7.4;    -999;   14.5;   48.54;   23.5;    6.1;   -0.8;eor
       5692;20200424;-999;-999;-999;    1;   0.0;   0;-999;   0;  -999;   7.9;    -999;   14.7;   53.63;   24.1;    3.5;   -0.3;eor
       5692;20200425;-999;-999;-999;    1;   0.0;   0;-999;   0;  -999;   7.1;    -999;   11.7;   53.71;   17.6;    5.4;   -0.1;eor
       5692;20200426;-999;-999;-999;    1;   0.0;   0;-999;   0;  -999;   6.8;    -999;   12.6;   51.75;   21.7;    4.1;   -2.0;eor
       5692;20200427;-999;-999;-999;    1;   0.0;   0;-999;   0;  -999;   7.8;    -999;   14.3;   54.29;   23.8;    3.2;   -0.3;eor
       5692;20200428;-999;-999;-999;    1;   0.1;   4;-999;   0;  -999;  11.0;    -999;   13.7;   70.83;   19.3;    7.8;    4.0;eor
       5692;20200429;-999;-999;-999;    1;   0.5;   4;-999;   0;  -999;  10.2;    -999;   14.8;   62.00;   20.4;   10.0;    6.6;eor
       5692;20200430;-999;-999;-999;    1;   5.5;   4;-999;   0;  -999;  11.4;    -999;   12.5;   78.88;   16.7;    9.5;    7.5;eor
       5692;20200501;-999;-999;-999;    1;  10.4;   4;-999;-999;  -999;  10.1;    -999;   10.6;   78.92;   14.9;    5.9;    4.2;eor
       5692;20200502;-999;-999;-999;    1;   0.4;   4;-999;-999;  -999;   8.6;    -999;   10.0;   71.67;   15.8;    4.6;    1.3;eor
       5692;20200503;-999;-999;-999;    1;   0.0;   0;-999;-999;  -999;   8.6;    -999;   11.5;   66.67;   18.6;    1.8;   -0.8;eor
       5692;20200504;-999;-999;-999;    1;   1.9;   4;-999;-999;  -999;  11.6;    -999;   12.8;   77.83;   20.5;    5.4;    1.7;eor
       5692;20200505;-999;-999;-999;    1;   0.0;   0;-999;-999;  -999;   7.3;    -999;   10.1;   62.21;   16.0;    3.9;    0.5;eor
       5692;20200506;-999;-999;-999;    1;   0.0;   0;-999;-999;  -999;   6.3;    -999;   10.7;   53.13;   17.2;    2.6;   -1.5;eor
       5692;20200507;-999;-999;-999;    1;   0.0;   0;-999;-999;  -999;   8.1;    -999;   12.7;   60.08;   21.9;    2.1;   -0.7;eor
       5692;20200508;-999;-999;-999;    1;   0.2;   4;-999;-999;  -999;   9.3;    -999;   15.7;   57.04;   23.6;    6.7;    4.5;eor
       5692;20200509;-999;-999;-999;    1;   0.0;   0;-999;-999;  -999;  11.4;    -999;   15.1;   66.75;   19.6;   10.4;    8.5;eor
       5692;20200510;-999;-999;-999;    1;   9.0;   4;-999;-999;  -999;  14.2;    -999;   17.8;   72.17;   25.6;   11.0;    8.7;eor
       5692;20200511;-999;-999;-999;    1;  11.3;   4;-999;-999;  -999;   9.3;    -999;    7.3;   88.17;   16.0;    1.8;   -0.2;eor
       5692;20200512;-999;-999;-999;    1;   0.0;   0;-999;-999;  -999;   6.5;    -999;    7.5;   66.08;   13.3;    0.5;   -2.0;eor
       5692;20200513;-999;-999;-999;    1;   0.0;   0;-999;-999;  -999;   7.4;    -999;   10.5;   60.67;   15.1;    3.4;    0.0;eor
       5692;20200514;-999;-999;-999;    1;   0.0;   0;-999;-999;  -999;   7.7;    -999;   11.3;   58.29;   16.2;    6.6;    5.2;eor
       5692;20200515;-999;-999;-999;    1;   0.0;   0;-999;-999;  -999;   7.3;    -999;   12.8;   50.46;   17.8;    8.0;    4.8;eor
       5692;20200516;-999;-999;-999;    1;   0.0;   0;-999;-999;  -999;   7.4;    -999;   13.1;   51.17;   19.5;    5.5;    1.4;eor
       5692;20200517;-999;-999;-999;    1;   0.0;   0;-999;-999;  -999;   8.3;    -999;   13.5;   55.71;   19.8;    7.1;    2.7;eor
       5692;20200518;-999;-999;-999;    1;   0.0;   0;-999;-999;  -999;   9.9;    -999;   15.9;   58.71;   24.4;    4.7;    1.8;eor
       5692;20200519;-999;-999;-999;    1;   0.0;   0;-999;-999;  -999;  10.0;    -999;   18.8;   50.67;   25.6;    7.9;    5.0;eor
       5692;20200520;-999;-999;-999;    1;   0.0;   0;-999;-999;  -999;  12.6;    -999;   18.9;   59.58;   24.8;   10.5;    7.5;eor
       5692;20200521;-999;-999;-999;    1;   0.0;   0;-999;-999;  -999;  13.1;    -999;   18.9;   62.46;   25.6;   12.0;    7.8;eor
       5692;20200522;-999;-999;-999;    1;   0.0;   0;-999;-999;  -999;  15.9;    -999;   20.3;   68.00;   25.5;   11.6;    8.7;eor
       5692;20200523;-999;-999;-999;    1;   2.5;   4;-999;-999;  -999;  11.6;    -999;   14.4;   70.50;   19.1;    8.8;    5.4;eor
       5692;20200524;-999;-999;-999;    1;   0.0;   0;-999;-999;  -999;   9.9;    -999;   14.8;   60.83;   19.9;    9.2;    5.4;eor
       5692;20200525;-999;-999;-999;    1;   0.0;   0;-999;-999;  -999;  11.0;    -999;   16.0;   62.13;   21.5;    9.0;    4.7;eor
       5692;20200526;-999;-999;-999;    1;   0.0;   0;-999;-999;  -999;   9.7;    -999;   15.0;   59.13;   21.3;    7.4;    3.6;eor
       5692;20200527;-999;-999;-999;    1;   0.0;   0;-999;-999;  -999;   9.7;    -999;   16.2;   57.71;   23.7;    5.7;    2.6;eor
       5692;20200528;-999;-999;-999;    1;   0.0;   0;-999;-999;  -999;   9.3;    -999;   17.4;   48.04;   22.6;   11.3;    5.1;eor
       5692;20200529;-999;-999;-999;    1;   0.0;   0;-999;-999;  -999;   8.2;    -999;   16.2;   47.38;   22.8;    7.9;    2.9;eor
       5692;20200530;-999;-999;-999;    1;   0.0;   0;-999;-999;  -999;   7.8;    -999;   16.2;   45.63;   22.3;    8.5;    3.7;eor
       5692;20200531;-999;-999;-999;    1;   0.0;   0;-999;-999;  -999;   8.7;    -999;   16.0;   50.04;   22.3;    8.7;    4.4;eor
       5692;20200601;-999;-999;-999;    1;   0.0;   0;-999;-999;  -999;  10.5;    -999;   19.3;   49.79;   26.9;   10.5;    5.7;eor
       5692;20200602;-999;-999;-999;    1;   0.0;   0;-999;-999;  -999;  11.6;    -999;   20.6;   50.46;   28.7;   11.9;    6.8;eor
       5692;20200603;-999;-999;-999;    1;   3.5;   4;-999;-999;  -999;  13.8;    -999;   18.9;   66.71;   29.3;   11.3;    8.5;eor
       5692;20200604;-999;-999;-999;    1;   7.2;   4;-999;-999;  -999;  14.9;    -999;   15.5;   84.29;   18.5;   11.5;   10.8;eor
       5692;20200605;-999;-999;-999;    1;   9.4;   4;-999;-999;  -999;  11.1;    -999;   12.8;   75.67;   15.7;   10.0;    8.9;eor
       5692;20200606;-999;-999;-999;    1;   1.0;   4;-999;-999;  -999;  12.7;    -999;   14.0;   80.42;   18.8;   10.4;    9.9;eor
       5692;20200607;-999;-999;-999;    1;   0.0;   0;-999;-999;  -999;  11.1;    -999;   15.5;   64.67;   19.7;   10.1;    8.1;eor
       5692;20200608;-999;-999;-999;    1;   0.2;   4;-999;-999;  -999;  10.8;    -999;   15.5;   64.25;   21.7;    7.8;    5.1;eor
       5692;20200609;-999;-999;-999;    1;   0.2;   4;-999;-999;  -999;  11.8;    -999;   15.8;   66.17;   19.7;   12.9;   11.2;eor
