STATIONS_ID;MESS_DATUM;QN_3;  FX;  FM;QN_4; RSK;RSKF; SDK;SHK_TAG;  NM; VPM;  PM; TMK; UPM; TXK; TNK; TGK;eor
        379;20181208;-999;-999;-999;    3;   3.8;   4;-999;   0;  -999;   7.3;    -999;    5.6;   80.00;    7.2;    3.1;    0.9;eor
        379;20181209;-999;-999;-999;    3;   4.1;   4;-999;   0;  -999;   7.7;    -999;    6.1;   81.83;    8.0;    3.9;    2.4;eor
        379;20181210;-999;-999;-999;    3;   1.9;   4;-999;   0;  -999;   6.2;    -999;    2.9;   81.75;    4.6;    1.7;    0.4;eor
        379;20181211;-999;-999;-999;    3;   1.3;   4;-999;   0;  -999;   6.2;    -999;    3.1;   81.00;    4.4;    1.8;    0.8;eor
        379;20181212;-999;-999;-999;    3;   0.5;   4;-999;   0;  -999;   6.1;    -999;    1.3;   90.21;    2.6;    0.0;   -0.7;eor
        379;20181213;-999;-999;-999;    3;   0.0;   0;-999;   0;  -999;   4.8;    -999;   -0.9;   84.08;    0.0;   -2.0;   -3.5;eor
        379;20181214;-999;-999;-999;    3;   0.0;   0;-999;   0;  -999;   4.2;    -999;   -0.9;   72.96;   -0.4;   -2.4;   -4.9;eor
        379;20181215;-999;-999;-999;    3;   0.0;   0;-999;   0;  -999;   4.2;    -999;   -1.7;   77.08;   -0.8;   -3.2;   -4.6;eor
        379;20181216;-999;-999;-999;    3;   0.3;   4;-999;   0;  -999;   4.3;    -999;   -2.0;   80.71;   -0.4;   -4.3;   -6.6;eor
        379;20181217;-999;-999;-999;    3;   0.0;   0;-999;   1;  -999;   5.9;    -999;    1.4;   86.88;    5.3;   -2.3;   -5.2;eor
        379;20181218;-999;-999;-999;    3;   0.0;   0;-999;   0;  -999;   6.2;    -999;    2.5;   85.75;    6.6;   -2.0;   -5.2;eor
        379;20181219;-999;-999;-999;    3;   0.3;   4;-999;   0;  -999;   5.8;    -999;    1.8;   82.83;    3.3;   -2.7;   -5.7;eor
        379;20181220;-999;-999;-999;    3;   0.0;   0;-999;   0;  -999;   7.0;    -999;    3.5;   89.38;    6.2;    0.2;   -1.0;eor
        379;20181221;-999;-999;-999;    3;   4.2;   4;-999;   0;  -999;   8.4;    -999;    7.7;   79.33;   11.8;    4.9;    3.7;eor
        379;20181222;-999;-999;-999;    3;   0.8;   4;-999;   0;  -999;   8.2;    -999;    8.6;   73.17;   10.6;    6.6;    4.7;eor
        379;20181223;-999;-999;-999;    3;  18.3;   4;-999;   0;  -999;   8.0;    -999;    6.0;   85.83;    7.8;    2.6;    1.8;eor
        379;20181224;-999;-999;-999;    3;   2.2;   4;-999;   0;  -999;   6.2;    -999;    2.0;   88.00;    3.9;   -0.1;   -1.4;eor
        379;20181225;-999;-999;-999;    3;   0.0;   0;-999;   0;  -999;   5.9;    -999;    2.4;   81.42;    3.5;    0.6;   -0.7;eor
        379;20181226;-999;-999;-999;    3;   0.1;   4;-999;   0;  -999;   6.4;    -999;    2.9;   84.63;    4.4;    1.3;    0.6;eor
        379;20181227;-999;-999;-999;    3;   0.0;   0;-999;   0;  -999;   7.0;    -999;    3.8;   88.08;    8.7;    0.1;   -1.3;eor
        379;20181228;-999;-999;-999;    3;   0.4;   4;-999;   0;  -999;   6.1;    -999;    1.0;   92.50;    3.5;   -3.3;   -5.8;eor
        379;20181229;-999;-999;-999;    3;   5.2;   4;-999;   0;  -999;   7.0;    -999;    3.4;   89.75;    5.6;    2.1;    1.5;eor
        379;20181230;-999;-999;-999;    3;   0.0;   0;-999;   0;  -999;   7.3;    -999;    5.7;   80.04;    6.4;    4.4;    3.6;eor
        379;20181231;-999;-999;-999;    3;   1.1;   4;-999;   0;  -999;   8.8;    -999;    6.0;   93.75;    7.3;    4.9;    3.0;eor
        379;20190101;-999;-999;-999;    3;   3.8;   4;-999;   0;  -999;   7.6;    -999;    5.6;   82.42;    7.0;    0.8;   -0.2;eor
        379;20190102;-999;-999;-999;    3;   0.0;   0;-999;   0;  -999;   4.6;    -999;    1.4;   67.58;    2.7;   -0.9;   -3.8;eor
        379;20190103;-999;-999;-999;    3;   0.0;   0;-999;   0;  -999;   4.3;    -999;   -1.0;   76.33;    1.6;   -5.6;   -9.0;eor
        379;20190104;-999;-999;-999;    3;   8.4;   4;-999;   0;  -999;   5.6;    -999;    0.9;   85.25;    3.0;   -0.7;   -2.5;eor
        379;20190105;-999;-999;-999;    3;   9.5;   4;-999;   0;  -999;   8.1;    -999;    5.3;   91.04;    7.1;    2.8;    2.2;eor
        379;20190106;-999;-999;-999;    3;   1.9;   4;-999;   0;  -999;   7.5;    -999;    4.0;   91.92;    5.5;    2.3;    2.1;eor
        379;20190107;-999;-999;-999;    3;   2.7;   4;-999;   0;  -999;   7.3;    -999;    4.1;   88.67;    4.9;    2.9;    2.4;eor
        379;20190108;-999;-999;-999;    3;   3.3;   4;-999;   0;  -999;   6.8;    -999;    3.8;   83.83;    5.0;    1.3;    0.1;eor
        379;20190109;-999;-999;-999;    3;  10.7;   4;-999;   1;  -999;   5.7;    -999;    0.1;   92.71;    1.6;   -0.6;   -0.5;eor
        379;20190110;-999;-999;-999;    3;   1.5;   4;-999;   7;  -999;   4.9;    -999;   -1.7;   89.75;   -0.3;   -4.9;   -1.6;eor
        379;20190111;-999;-999;-999;    3;   1.9;   4;-999;  13;  -999;   5.6;    -999;   -0.3;   92.17;    3.7;   -4.0;   -1.6;eor
        379;20190112;-999;-999;-999;    3;   2.8;   4;-999;  10;  -999;   6.6;    -999;    3.0;   86.88;    4.1;    1.9;    0.0;eor
        379;20190113;-999;-999;-999;    3;   7.2;   4;-999;   0;  -999;   7.5;    -999;    5.1;   85.54;    7.7;    3.4;    1.8;eor
        379;20190114;-999;-999;-999;    3;   1.6;   4;-999;   0;  -999;   5.4;    -999;    2.1;   75.46;    5.4;   -0.3;   -1.6;eor
        379;20190115;-999;-999;-999;    3;   0.0;   0;-999;   0;  -999;   5.8;    -999;    2.9;   76.58;    4.8;    0.6;   -0.6;eor
        379;20190116;-999;-999;-999;    3;   0.0;   0;-999;   0;  -999;   6.3;    -999;    3.8;   78.79;    4.9;    1.5;   -0.3;eor
        379;20190117;-999;-999;-999;    3;   3.9;   4;-999;   0;  -999;   6.3;    -999;    3.5;   80.21;    6.0;   -0.1;   -1.5;eor
        379;20190118;-999;-999;-999;    3;   0.0;   0;-999;   0;  -999;   4.0;    -999;   -2.1;   76.29;    1.0;   -7.6;  -10.0;eor
        379;20190119;-999;-999;-999;    3;   0.0;   0;-999;   0;  -999;   3.0;    -999;   -5.2;   74.92;    1.0;   -8.8;  -12.5;eor
        379;20190120;-999;-999;-999;    3;   0.0;   0;-999;   0;  -999;   3.1;    -999;   -6.0;   80.29;   -1.4;  -10.7;  -13.5;eor
        379;20190121;-999;-999;-999;    3;   0.0;   0;-999;   0;  -999;   2.9;    -999;   -7.8;   84.42;   -1.4;  -11.5;  -14.9;eor
        379;20190122;-999;-999;-999;    3;   0.0;   0;-999;   0;  -999;   2.7;    -999;   -7.9;   79.29;   -0.2;  -13.1;  -15.9;eor
        379;20190123;-999;-999;-999;    3;   0.0;   0;-999;   0;  -999;   2.7;    -999;   -8.7;   83.96;   -4.2;  -13.1;  -15.4;eor
        379;20190124;-999;-999;-999;    3;   0.0;   4;-999;   0;  -999;   3.5;    -999;   -5.5;   85.29;   -3.9;   -8.0;   -7.8;eor
        379;20190125;-999;-999;-999;    3;   4.5;   4;-999;   1;  -999;   3.6;    -999;   -4.8;   84.08;   -1.2;   -7.6;  -13.3;eor
        379;20190126;-999;-999;-999;    3;   1.8;   4;-999;   5;  -999;   6.1;    -999;    2.1;   85.88;    5.0;   -1.3;   -1.5;eor
        379;20190127;-999;-999;-999;    3;   0.6;   4;-999;   0;  -999;   6.6;    -999;    3.9;   81.25;    6.5;    2.1;    0.9;eor
        379;20190128;-999;-999;-999;    3;   2.4;   4;-999;   0;  -999;   5.7;    -999;    1.6;   82.50;    3.2;   -0.2;   -2.4;eor
        379;20190129;-999;-999;-999;    3;   0.0;   0;-999;   2;  -999;   4.8;    -999;   -0.4;   81.63;    2.0;   -5.4;   -7.8;eor
        379;20190130;-999;-999;-999;    3;   0.0;   0;-999;   0;  -999;   4.2;    -999;   -1.3;   76.38;    1.6;   -5.5;  -10.4;eor
        379;20190131;-999;-999;-999;    3;   0.0;   0;-999;   0;  -999;   4.1;    -999;   -0.8;   72.46;    3.7;   -5.8;   -8.9;eor
        379;20190201;-999;-999;-999;    3;   0.8;   4;-999;   0;  -999;   5.1;    -999;    0.3;   81.46;    3.5;   -5.8;   -9.0;eor
        379;20190202;-999;-999;-999;    3;   0.4;   4;-999;   2;  -999;   5.9;    -999;    0.4;   94.58;    1.6;   -0.5;   -1.6;eor
        379;20190203;-999;-999;-999;    3;   0.0;   0;-999;   0;  -999;   5.2;    -999;    0.2;   83.67;    1.0;   -0.3;   -3.6;eor
        379;20190204;-999;-999;-999;    3;   0.0;   0;-999;   0;  -999;   4.6;    -999;   -0.3;   76.83;    4.6;   -5.7;   -7.8;eor
        379;20190205;-999;-999;-999;    3;   0.0;   0;-999;   0;  -999;   4.9;    -999;   -0.2;   80.58;    3.1;   -4.8;   -6.5;eor
        379;20190206;-999;-999;-999;    3;   0.0;   0;-999;   0;  -999;   4.5;    -999;   -0.4;   78.00;    8.3;   -5.4;   -8.3;eor
        379;20190207;-999;-999;-999;    3;   0.0;   0;-999;   0;  -999;   4.9;    -999;    0.4;   77.42;    5.1;   -4.4;   -5.7;eor
        379;20190208;-999;-999;-999;    3;   0.0;   0;-999;   0;  -999;   6.3;    -999;    3.9;   77.79;    6.3;   -0.8;   -4.1;eor
        379;20190209;-999;-999;-999;    3;   0.0;   0;-999;   0;  -999;   6.5;    -999;    5.8;   70.38;    9.0;    2.2;   -1.4;eor
        379;20190210;-999;-999;-999;    3;   4.6;   4;-999;   0;  -999;   7.3;    -999;    5.8;   79.25;    9.5;    1.5;   -2.0;eor
        379;20190211;-999;-999;-999;    3;   0.0;   0;-999;   0;  -999;   6.0;    -999;    3.3;   77.92;    5.5;    1.7;   -0.4;eor
        379;20190212;-999;-999;-999;    3;   0.1;   4;-999;   0;  -999;   5.5;    -999;    2.5;   74.67;    4.7;    0.8;   -0.8;eor
        379;20190213;-999;-999;-999;    3;   0.0;   0;-999;   0;  -999;   6.4;    -999;    3.7;   79.83;    7.6;   -2.1;   -3.4;eor
        379;20190214;-999;-999;-999;    3;   0.0;   0;-999;   0;  -999;   5.3;    -999;    1.9;   78.50;   12.1;   -3.1;   -5.4;eor
        379;20190215;-999;-999;-999;    3;   0.0;   0;-999;   0;  -999;   5.7;    -999;    3.6;   76.71;   16.9;   -3.7;   -7.2;eor
        379;20190216;-999;-999;-999;    3;   0.0;   0;-999;   0;  -999;   4.9;    -999;    5.4;   61.00;   17.3;   -3.0;   -6.6;eor
        379;20190217;-999;-999;-999;    3;   0.0;   0;-999;   0;  -999;   5.5;    -999;    5.5;   65.67;   17.6;   -2.2;   -5.7;eor
        379;20190218;-999;-999;-999;    3;   0.0;   0;-999;   0;  -999;   5.4;    -999;    5.3;   64.83;   17.8;   -2.0;   -6.8;eor
        379;20190219;-999;-999;-999;    3;   0.0;   0;-999;   0;  -999;   6.1;    -999;    3.7;   76.58;    9.7;   -1.2;   -5.0;eor
        379;20190220;-999;-999;-999;    3;   0.0;   0;-999;   0;  -999;   6.1;    -999;    3.7;   77.33;    8.9;   -2.0;   -4.5;eor
        379;20190221;-999;-999;-999;    3;   0.0;   4;-999;   0;  -999;   7.2;    -999;    5.7;   78.83;   10.4;   -0.5;   -2.9;eor
        379;20190222;-999;-999;-999;    3;   0.8;   4;-999;   0;  -999;   7.8;    -999;    4.9;   87.71;    8.5;   -1.7;   -5.2;eor
        379;20190223;-999;-999;-999;    3;   0.0;   0;-999;   0;  -999;   3.8;    -999;    0.0;   66.08;    6.4;   -5.2;   -7.9;eor
        379;20190224;-999;-999;-999;    3;   0.0;   0;-999;   0;  -999;   3.6;    -999;    2.1;   56.21;   12.9;   -6.0;   -8.1;eor
        379;20190225;-999;-999;-999;    3;   0.0;   0;-999;   0;  -999;   4.7;    -999;    4.4;   59.88;   16.0;   -3.6;   -6.6;eor
        379;20190226;-999;-999;-999;    3;   0.0;   0;-999;   0;  -999;   4.5;    -999;    5.4;   58.67;   16.6;   -1.9;   -5.0;eor
        379;20190227;-999;-999;-999;    3;   0.0;   0;-999;   0;  -999;   4.5;    -999;    5.6;   55.25;   18.1;   -3.6;   -6.1;eor
        379;20190228;-999;-999;-999;    3;   1.0;   4;-999;   0;  -999;   6.4;    -999;    7.9;   60.25;   15.2;   -1.6;   -5.6;eor
        379;20190301;-999;-999;-999;    3;   3.7;   4;-999;   0;  -999;   8.7;    -999;    7.3;   85.08;   10.7;    2.6;    2.4;eor
        379;20190302;-999;-999;-999;    3;   0.0;   0;-999;   0;  -999;   7.2;    -999;    4.3;   86.92;    7.4;    2.1;    0.1;eor
        379;20190303;-999;-999;-999;    3;   0.0;   0;-999;   0;  -999;   8.6;    -999;    8.9;   75.13;   10.3;    6.7;    5.6;eor
        379;20190304;-999;-999;-999;    3;   1.9;   4;-999;   0;  -999;   7.4;    -999;    8.6;   66.50;   13.4;    3.2;    0.5;eor
        379;20190305;-999;-999;-999;    3;   0.1;   4;-999;   0;  -999;   6.2;    -999;    4.1;   76.42;    7.7;   -1.8;   -4.8;eor
        379;20190306;-999;-999;-999;    3;   0.0;   0;-999;   0;  -999;   7.0;    -999;    5.7;   77.21;   11.2;   -2.8;   -6.2;eor
        379;20190307;-999;-999;-999;    3;   0.7;   4;-999;   0;  -999;   7.5;    -999;    9.6;   63.29;   13.9;    4.6;    2.4;eor
        379;20190308;-999;-999;-999;    3;   0.6;   4;-999;   0;  -999;   6.6;    -999;    6.4;   68.83;    9.2;    1.9;   -2.9;eor
        379;20190309;-999;-999;-999;    3;   3.8;   4;-999;   0;  -999;   7.3;    -999;    7.2;   71.58;   11.6;    2.8;    0.7;eor
        379;20190310;-999;-999;-999;    3;   8.1;   4;-999;   0;  -999;   7.4;    -999;    6.6;   76.13;   12.5;    1.6;    0.5;eor
        379;20190311;-999;-999;-999;    3;   2.7;   4;-999;   0;  -999;   5.9;    -999;    2.5;   80.04;    4.7;    1.1;   -0.4;eor
        379;20190312;-999;-999;-999;    3;   1.1;   4;-999;   0;  -999;   5.5;    -999;    4.9;   65.25;    8.1;    0.9;   -1.6;eor
        379;20190313;-999;-999;-999;    3;   0.5;   4;-999;   0;  -999;   6.1;    -999;    5.2;   69.88;    8.1;    2.4;    0.1;eor
        379;20190314;-999;-999;-999;    3;   1.5;   4;-999;   0;  -999;   6.7;    -999;    4.9;   77.58;    6.8;    3.6;    2.1;eor
        379;20190315;-999;-999;-999;    3;  12.9;   4;-999;   0;  -999;   8.1;    -999;    7.2;   79.08;   11.5;    4.6;    2.9;eor
        379;20190316;-999;-999;-999;    3;   2.3;   4;-999;   0;  -999;   8.2;    -999;    7.3;   79.38;   11.0;    3.8;   -0.2;eor
        379;20190317;-999;-999;-999;    3;   2.2;   4;-999;   0;  -999;   7.4;    -999;    6.3;   77.21;   12.5;    2.5;   -0.9;eor
        379;20190318;-999;-999;-999;    3;   0.7;   4;-999;   0;  -999;   5.8;    -999;    3.8;   72.50;    7.5;    0.9;   -1.9;eor
        379;20190319;-999;-999;-999;    3;   0.0;   0;-999;   0;  -999;   5.2;    -999;    2.5;   73.00;    6.8;   -2.0;   -5.1;eor
        379;20190320;-999;-999;-999;    3;   0.0;   0;-999;   0;  -999;   5.1;    -999;    3.5;   68.63;   11.7;   -4.2;   -6.4;eor
        379;20190321;-999;-999;-999;    3;   0.0;   0;-999;   0;  -999;   6.9;    -999;    6.5;   73.13;   16.1;   -2.0;   -4.2;eor
        379;20190322;-999;-999;-999;    3;   0.0;   0;-999;   0;  -999;   8.4;    -999;    9.3;   74.71;   18.5;   -0.1;   -2.2;eor
        379;20190323;-999;-999;-999;    3;   0.0;   0;-999;   0;  -999;   8.2;    -999;    9.1;   74.58;   18.0;    1.4;   -1.0;eor
        379;20190324;-999;-999;-999;    3;   0.0;   0;-999;   0;  -999;   7.9;    -999;    5.4;   87.83;    8.1;   -0.7;   -3.1;eor
        379;20190325;-999;-999;-999;    3;   1.5;   4;-999;   0;  -999;   6.0;    -999;    3.3;   78.29;    7.7;   -1.7;   -3.6;eor
        379;20190326;-999;-999;-999;    3;   0.7;   4;-999;   0;  -999;   6.4;    -999;    4.4;   77.38;    7.4;    0.7;   -2.4;eor
        379;20190327;-999;-999;-999;    3;   0.5;   4;-999;   0;  -999;   7.0;    -999;    6.5;   72.50;    9.7;    2.5;    0.3;eor
        379;20190328;-999;-999;-999;    3;   0.2;   4;-999;   0;  -999;   9.0;    -999;    8.2;   83.13;   11.0;    5.3;    4.8;eor
        379;20190329;-999;-999;-999;    3;   0.0;   0;-999;   0;  -999;   8.6;    -999;    8.8;   77.75;   13.9;    0.9;   -1.6;eor
        379;20190330;-999;-999;-999;    3;   0.0;   0;-999;   0;  -999;   7.3;    -999;    8.4;   70.33;   18.1;   -1.0;   -3.7;eor
        379;20190331;-999;-999;-999;    3;   0.0;   0;-999;   0;  -999;   7.3;    -999;    5.8;   79.46;   11.8;    0.8;   -1.4;eor
        379;20190401;-999;-999;-999;    3;   0.0;   0;-999;   0;  -999;   5.4;    -999;    5.0;   63.88;   11.4;   -2.6;   -5.9;eor
        379;20190402;-999;-999;-999;    3;   0.5;   4;-999;   0;  -999;   6.9;    -999;    9.1;   62.25;   17.7;   -2.4;   -6.3;eor
        379;20190403;-999;-999;-999;    3;   0.2;   4;-999;   0;  -999;   9.5;    -999;   10.8;   75.00;   15.4;    4.0;    1.6;eor
        379;20190404;-999;-999;-999;    3;   0.0;   0;-999;   0;  -999;   8.6;    -999;    7.5;   82.88;   12.3;    2.7;   -0.3;eor
        379;20190405;-999;-999;-999;    3;   0.0;   4;-999;   0;  -999;   9.2;    -999;    7.3;   90.00;   11.3;    3.9;    2.6;eor
        379;20190406;-999;-999;-999;    3;   0.0;   0;-999;   0;  -999;   9.5;    -999;   11.0;   74.96;   17.6;    4.8;    2.8;eor
        379;20190407;-999;-999;-999;    3;   0.0;   0;-999;   0;  -999;   8.5;    -999;   10.4;   69.21;   16.9;    1.2;   -2.0;eor
        379;20190408;-999;-999;-999;    3;   0.0;   0;-999;   0;  -999;   8.9;    -999;   11.5;   67.46;   17.2;    5.6;    2.0;eor
        379;20190409;-999;-999;-999;    3;   0.0;   0;-999;   0;  -999;   7.6;    -999;    6.3;   80.25;    9.7;    2.1;   -0.3;eor
        379;20190410;-999;-999;-999;    3;   0.0;   0;-999;   0;  -999;   5.3;    -999;    4.1;   67.13;   10.1;   -2.2;   -4.1;eor
        379;20190411;-999;-999;-999;    3;   0.0;   0;-999;   0;  -999;   4.1;    -999;    2.0;   59.83;    6.9;   -4.0;   -6.5;eor
        379;20190412;-999;-999;-999;    3;   0.0;   0;-999;   0;  -999;   4.7;    -999;    1.2;   71.13;    3.0;   -0.7;   -1.4;eor
        379;20190413;-999;-999;-999;    3;   0.6;   4;-999;   0;  -999;   5.4;    -999;    0.8;   83.54;    4.8;   -2.2;   -3.7;eor
        379;20190414;-999;-999;-999;    3;   3.1;   4;-999;   0;  -999;   6.0;    -999;    0.7;   92.00;    3.6;   -3.5;   -5.1;eor
        379;20190415;-999;-999;-999;    3;   0.0;   0;-999;   0;  -999;   6.2;    -999;    6.1;   69.58;   12.6;   -0.4;   -3.6;eor
        379;20190416;-999;-999;-999;    3;   0.0;   0;-999;   0;  -999;   5.5;    -999;    7.5;   57.58;   16.1;   -3.1;   -6.9;eor
        379;20190417;-999;-999;-999;    3;   0.0;   0;-999;   0;  -999;   6.2;    -999;    9.3;   55.96;   17.5;   -2.1;   -6.4;eor
        379;20190418;-999;-999;-999;    3;   0.0;   0;-999;   0;  -999;   6.8;    -999;   11.6;   55.04;   19.6;    0.6;   -2.8;eor
        379;20190419;-999;-999;-999;    3;   0.0;   0;-999;   0;  -999;   7.2;    -999;   12.7;   53.46;   21.5;    0.7;   -2.7;eor
        379;20190420;-999;-999;-999;    3;   0.0;   0;-999;   0;  -999;   6.8;    -999;   11.7;   54.42;   20.6;    0.8;   -2.9;eor
        379;20190421;-999;-999;-999;    3;   0.0;   0;-999;   0;  -999;   7.0;    -999;   11.7;   55.17;   20.7;    0.8;   -3.3;eor
        379;20190422;-999;-999;-999;    3;   0.0;   0;-999;   0;  -999;   6.5;    -999;   11.1;   53.33;   19.2;    0.0;   -3.3;eor
        379;20190423;-999;-999;-999;    3;   0.0;   0;-999;   0;  -999;   8.7;    -999;   13.9;   55.33;   19.8;    7.2;    5.4;eor
        379;20190424;-999;-999;-999;    3;   0.0;   0;-999;   0;  -999;  10.1;    -999;   17.6;   52.96;   25.9;    8.5;    4.6;eor
        379;20190425;-999;-999;-999;    3;   0.0;   0;-999;   0;  -999;   8.1;    -999;   15.4;   51.58;   25.1;    3.2;    0.2;eor
        379;20190426;-999;-999;-999;    3;   5.4;   4;-999;   0;  -999;   9.9;    -999;   11.2;   74.67;   15.9;    7.3;    3.5;eor
        379;20190427;-999;-999;-999;    3;   7.9;   4;-999;   0;  -999;   9.6;    -999;    9.4;   82.88;   16.6;    4.5;    2.5;eor
        379;20190428;-999;-999;-999;    3;   5.2;   4;-999;   0;  -999;   8.4;    -999;    7.5;   81.75;   12.1;    2.9;    1.4;eor
        379;20190429;-999;-999;-999;    3;   7.8;   4;-999;   0;  -999;   8.9;    -999;    6.5;   91.46;    9.0;    0.9;   -0.1;eor
        379;20190430;-999;-999;-999;    3;   0.0;   0;-999;   0;  -999;   7.4;    -999;    8.6;   68.96;   15.2;   -0.4;   -1.9;eor
        379;20190501;-999;-999;-999;    3;   0.0;   0;-999;-999;  -999;   9.2;    -999;   11.1;   73.29;   18.2;    3.6;    0.9;eor
        379;20190502;-999;-999;-999;    3;   0.0;   4;-999;-999;  -999;   8.8;    -999;   10.4;   72.38;   16.3;    2.9;    0.2;eor
        379;20190503;-999;-999;-999;    3;   3.2;   4;-999;-999;  -999;   6.9;    -999;    7.0;   69.17;   10.1;    1.2;   -0.1;eor
        379;20190504;-999;-999;-999;    3;   6.8;   4;-999;-999;  -999;   6.5;    -999;    3.0;   85.46;    6.9;    0.0;   -2.1;eor
        379;20190505;-999;-999;-999;    3;   0.0;   0;-999;-999;  -999;   5.5;    -999;    4.4;   68.75;    9.7;   -0.4;   -2.0;eor
        379;20190506;-999;-999;-999;    3;   0.0;   0;-999;-999;  -999;   5.8;    -999;    5.3;   67.29;   10.3;   -0.1;   -2.5;eor
        379;20190507;-999;-999;-999;    3;   0.0;   0;-999;-999;  -999;   6.8;    -999;    6.1;   73.13;   10.6;    1.0;   -1.0;eor
        379;20190508;-999;-999;-999;    3;   1.8;   4;-999;-999;  -999;   8.8;    -999;    8.9;   77.21;   14.0;    0.1;   -1.3;eor
        379;20190509;-999;-999;-999;    3;   0.2;   4;-999;-999;  -999;   9.8;    -999;   10.9;   75.92;   15.7;    5.1;    2.1;eor
        379;20190510;-999;-999;-999;    3;   1.7;   4;-999;-999;  -999;   9.5;    -999;   10.4;   76.75;   15.0;    5.2;    3.3;eor
        379;20190511;-999;-999;-999;    3;  23.9;   4;-999;-999;  -999;   9.8;    -999;    7.7;   92.75;    9.8;    5.2;    4.5;eor
        379;20190512;-999;-999;-999;    3;   0.0;   0;-999;-999;  -999;   7.0;    -999;    8.0;   67.54;   13.6;    1.8;   -0.6;eor
        379;20190513;-999;-999;-999;    3;   0.0;   0;-999;-999;  -999;   5.8;    -999;    6.5;   63.88;   13.6;   -1.3;   -3.0;eor
        379;20190514;-999;-999;-999;    3;   0.1;   4;-999;-999;  -999;   6.3;    -999;    6.7;   64.92;   12.2;    0.5;   -1.5;eor
        379;20190515;-999;-999;-999;    3;   0.0;   0;-999;-999;  -999;   5.8;    -999;    5.4;   65.75;    9.9;   -2.2;   -4.4;eor
        379;20190516;-999;-999;-999;    3;   1.0;   4;-999;-999;  -999;   8.4;    -999;    6.3;   87.08;    7.5;    5.1;    4.6;eor
        379;20190517;-999;-999;-999;    3;   0.0;   0;-999;-999;  -999;   9.7;    -999;   10.3;   78.63;   16.3;    3.6;    1.2;eor
        379;20190518;-999;-999;-999;    3;   0.0;   0;-999;-999;  -999;  10.9;    -999;   12.9;   74.63;   20.6;    1.7;   -0.5;eor
        379;20190519;-999;-999;-999;    3;   1.0;   4;-999;-999;  -999;  12.5;    -999;   14.1;   79.21;   22.2;    5.5;    4.0;eor
        379;20190520;-999;-999;-999;    3;   9.7;   4;-999;-999;  -999;  14.0;    -999;   13.9;   88.21;   22.0;    7.8;    6.4;eor
        379;20190521;-999;-999;-999;    3;   1.8;   4;-999;-999;  -999;  14.3;    -999;   14.5;   86.88;   18.9;   12.9;   12.2;eor
        379;20190522;-999;-999;-999;    3;   0.0;   0;-999;-999;  -999;  11.3;    -999;   11.4;   83.63;   13.1;    4.4;    2.2;eor
        379;20190523;-999;-999;-999;    3;   0.0;   0;-999;-999;  -999;   9.6;    -999;   11.7;   72.42;   19.3;    2.3;    0.6;eor
        379;20190524;-999;-999;-999;    3;   0.0;   0;-999;-999;  -999;  10.6;    -999;   14.0;   69.67;   21.0;    5.8;    4.5;eor
        379;20190525;-999;-999;-999;    3;   0.0;   0;-999;-999;  -999;  11.0;    -999;   12.8;   75.79;   18.9;    5.5;    4.4;eor
        379;20190526;-999;-999;-999;    3;   0.0;   0;-999;-999;  -999;  10.7;    -999;   14.0;   69.21;   21.8;    4.3;    2.1;eor
        379;20190527;-999;-999;-999;    3;   1.7;   4;-999;-999;  -999;  13.1;    -999;   14.8;   78.17;   20.0;   11.0;    7.8;eor
        379;20190528;-999;-999;-999;    3;   8.5;   4;-999;-999;  -999;  12.1;    -999;   12.3;   85.88;   17.0;    9.4;    8.5;eor
        379;20190529;-999;-999;-999;    3;   0.0;   0;-999;-999;  -999;   8.9;    -999;   10.0;   74.67;   15.2;    3.0;    1.2;eor
        379;20190530;-999;-999;-999;    3;   0.0;   0;-999;-999;  -999;   9.7;    -999;   13.0;   67.00;   20.7;    1.0;   -1.1;eor
        379;20190531;-999;-999;-999;    3;   0.0;   0;-999;-999;  -999;  14.3;    -999;   17.1;   74.42;   23.1;   11.1;    9.2;eor
        379;20190601;-999;-999;-999;    3;   0.0;   0;-999;-999;  -999;  14.4;    -999;   18.3;   71.54;   26.2;    9.2;    7.4;eor
        379;20190602;-999;-999;-999;    3;   0.0;   0;-999;-999;  -999;  14.1;    -999;   20.6;   63.04;   29.7;   10.4;    8.5;eor
        379;20190603;-999;-999;-999;    3;   0.0;   0;-999;-999;  -999;  14.3;    -999;   20.9;   63.13;   30.8;   11.2;    8.1;eor
        379;20190604;-999;-999;-999;    3;   0.0;   0;-999;-999;  -999;  15.4;    -999;   20.3;   67.92;   28.2;   10.8;    9.3;eor
        379;20190605;-999;-999;-999;    3;   0.0;   0;-999;-999;  -999;  15.0;    -999;   22.2;   60.88;   31.0;   11.3;    9.1;eor
        379;20190606;-999;-999;-999;    3;   2.5;   4;-999;-999;  -999;  14.0;    -999;   16.2;   76.13;   22.5;    8.2;    6.7;eor
        379;20190607;-999;-999;-999;    3;   3.7;   4;-999;-999;  -999;  14.0;    -999;   15.2;   81.08;   23.6;    7.7;    6.2;eor
        379;20190608;-999;-999;-999;    3;   0.0;   0;-999;-999;  -999;  10.0;    -999;   14.1;   64.75;   20.7;    5.7;    3.3;eor
        379;20190609;-999;-999;-999;    3;   0.7;   4;-999;-999;  -999;  11.1;    -999;   15.8;   65.29;   23.4;    4.7;    1.8;eor
        379;20190610;-999;-999;-999;    3;   1.9;   4;-999;-999;  -999;  15.4;    -999;   18.4;   75.63;   25.7;   12.6;   11.1;eor
        379;20190611;-999;-999;-999;    3;   3.6;   4;-999;-999;  -999;  15.7;    -999;   18.3;   76.29;   23.5;   11.5;   10.7;eor
        379;20190612;-999;-999;-999;    3;   0.3;   4;-999;-999;  -999;  15.7;    -999;   15.6;   87.92;   22.8;   10.6;    9.4;eor
        379;20190613;-999;-999;-999;    3;   0.0;   0;-999;-999;  -999;  12.4;    -999;   17.3;   66.50;   24.7;    9.7;    7.2;eor
        379;20190614;-999;-999;-999;    3;   0.0;   0;-999;-999;  -999;  13.6;    -999;   20.4;   60.42;   29.5;    8.2;    5.6;eor
        379;20190615;-999;-999;-999;    3;   0.0;   0;-999;-999;  -999;  15.2;    -999;   21.1;   63.46;   28.5;   13.1;   11.1;eor
        379;20190616;-999;-999;-999;    3;   1.6;   4;-999;-999;  -999;  15.2;    -999;   15.6;   85.42;   19.9;   10.9;    9.2;eor
        379;20190617;-999;-999;-999;    3;   0.0;   0;-999;-999;  -999;  13.9;    -999;   18.3;   69.58;   25.7;    9.9;    8.2;eor
        379;20190618;-999;-999;-999;    3;   0.0;   0;-999;-999;  -999;  14.1;    -999;   20.7;   62.08;   28.7;   10.8;    7.6;eor
        379;20190619;-999;-999;-999;    3;   4.7;   4;-999;-999;  -999;  14.3;    -999;   22.9;   57.21;   31.7;   12.8;   10.8;eor
        379;20190620;-999;-999;-999;    3;   1.7;   4;-999;-999;  -999;  16.7;    -999;   19.1;   76.25;   25.8;   12.3;   11.3;eor
        379;20190621;-999;-999;-999;    3;   0.0;   0;-999;-999;  -999;  14.7;    -999;   17.6;   75.42;   23.7;   11.6;   11.3;eor
        379;20190622;-999;-999;-999;    3;   0.0;   0;-999;-999;  -999;  14.2;    -999;   18.8;   67.21;   25.9;   12.1;   10.6;eor
        379;20190623;-999;-999;-999;    3;   0.0;   0;-999;-999;  -999;  13.5;    -999;   20.5;   58.33;   27.1;   12.3;   10.2;eor
        379;20190624;-999;-999;-999;    3;   0.0;   0;-999;-999;  -999;  13.0;    -999;   21.3;   55.29;   28.2;   11.6;    9.3;eor
        379;20190625;-999;-999;-999;    3;   0.0;   0;-999;-999;  -999;  14.9;    -999;   24.4;   52.63;   34.4;   13.4;   10.1;eor
        379;20190626;-999;-999;-999;    3;   0.0;   0;-999;-999;  -999;  18.4;    -999;   26.6;   56.67;   35.2;   16.0;   13.3;eor
        379;20190627;-999;-999;-999;    3;   0.0;   0;-999;-999;  -999;  12.2;    -999;   20.9;   52.75;   27.5;   11.5;    9.0;eor
        379;20190628;-999;-999;-999;    3;   0.0;   0;-999;-999;  -999;  10.7;    -999;   17.1;   58.25;   25.0;    9.0;    6.7;eor
        379;20190629;-999;-999;-999;    3;   0.0;   0;-999;-999;  -999;  10.4;    -999;   20.8;   49.00;   31.2;    6.9;    3.9;eor
        379;20190630;-999;-999;-999;    3;   0.0;   4;-999;-999;  -999;  13.1;    -999;   26.3;   44.21;   36.8;   11.2;    7.9;eor
        379;20190701;-999;-999;-999;    3;   0.1;   4;-999;-999;  -999;  14.9;    -999;   22.4;   56.33;   28.0;   13.2;   10.1;eor
        379;20190702;-999;-999;-999;    3;   0.0;   0;-999;-999;  -999;  10.2;    -999;   16.7;   54.83;   21.7;    7.8;    5.8;eor
        379;20190703;-999;-999;-999;    3;   0.0;   0;-999;-999;  -999;   8.5;    -999;   14.2;   56.58;   21.6;    4.7;    1.1;eor
        379;20190704;-999;-999;-999;    3;   0.0;   0;-999;-999;  -999;   8.2;    -999;   14.9;   53.33;   23.4;    4.4;    1.0;eor
        379;20190705;-999;-999;-999;    3;   0.0;   0;-999;-999;  -999;  10.3;    -999;   18.1;   52.33;   26.6;   10.2;    8.3;eor
        379;20190706;-999;-999;-999;    3;   0.8;   4;-999;-999;  -999;  11.7;    -999;   20.0;   54.00;   28.0;    9.3;    6.7;eor
        379;20190707;-999;-999;-999;    3;   0.0;   0;-999;-999;  -999;  10.0;    -999;   15.1;   59.46;   18.8;    8.6;    5.3;eor
        379;20190708;-999;-999;-999;    3;   0.0;   0;-999;-999;  -999;   9.0;    -999;   12.8;   61.92;   17.7;    7.3;    3.9;eor
        379;20190709;-999;-999;-999;    3;   0.0;   0;-999;-999;  -999;   9.4;    -999;   12.7;   65.63;   17.7;    7.2;    4.2;eor
        379;20190710;-999;-999;-999;    3;   0.0;   0;-999;-999;  -999;   9.5;    -999;   15.1;   58.75;   21.7;    6.8;    3.5;eor
        379;20190711;-999;-999;-999;    3;   9.6;   4;-999;-999;  -999;  13.7;    -999;   16.2;   75.13;   22.1;   13.0;   12.2;eor
        379;20190712;-999;-999;-999;    3;  22.4;   4;-999;-999;  -999;  14.8;    -999;   15.6;   84.96;   25.1;   11.3;   10.0;eor
        379;20190713;-999;-999;-999;    3;   1.2;   4;-999;-999;  -999;  14.6;    -999;   15.9;   81.33;   20.3;   12.8;   12.7;eor
        379;20190714;-999;-999;-999;    3;   0.0;   4;-999;-999;  -999;  13.6;    -999;   14.8;   81.04;   17.6;   12.9;   13.2;eor
        379;20190715;-999;-999;-999;    3;   0.0;   0;-999;-999;  -999;  12.3;    -999;   15.1;   72.50;   19.6;   10.2;    6.9;eor
        379;20190716;-999;-999;-999;    3;   0.0;   0;-999;-999;  -999;  12.0;    -999;   13.9;   75.38;   19.3;    9.5;    7.1;eor
        379;20190717;-999;-999;-999;    3;   0.0;   0;-999;-999;  -999;  12.5;    -999;   15.0;   75.08;   20.8;    9.4;    7.7;eor
        379;20190718;-999;-999;-999;    3;   0.1;   4;-999;-999;  -999;  11.8;    -999;   17.9;   62.42;   26.3;    7.3;    5.2;eor
        379;20190719;-999;-999;-999;    3;   1.1;   4;-999;-999;  -999;  15.4;    -999;   17.8;   75.92;   22.9;   12.6;   10.9;eor
        379;20190720;-999;-999;-999;    3;   4.1;   4;-999;-999;  -999;  15.3;    -999;   21.3;   65.58;   31.0;   11.7;    9.5;eor
        379;20190721;-999;-999;-999;    3;   0.0;   0;-999;-999;  -999;  14.9;    -999;   19.6;   68.79;   27.1;   12.6;   10.5;eor
        379;20190722;-999;-999;-999;    3;   0.0;   0;-999;-999;  -999;  13.3;    -999;   19.4;   63.17;   27.4;   10.5;    8.9;eor
        379;20190723;-999;-999;-999;    3;   0.0;   0;-999;-999;  -999;  14.4;    -999;   22.5;   57.75;   32.2;   12.4;   10.0;eor
        379;20190724;-999;-999;-999;    3;   0.0;   0;-999;-999;  -999;  14.0;    -999;   25.6;   48.13;   34.7;   13.1;   11.0;eor
        379;20190725;-999;-999;-999;    3;   0.0;   0;-999;-999;  -999;  13.2;    -999;   26.4;   44.04;   36.0;   14.7;   11.9;eor
        379;20190726;-999;-999;-999;    3;   0.0;   0;-999;-999;  -999;  14.1;    -999;   24.3;   49.46;   31.9;   14.9;   11.8;eor
        379;20190727;-999;-999;-999;    3;   0.0;   0;-999;-999;  -999;  12.5;    -999;   22.8;   47.42;   29.9;   13.2;   10.3;eor
        379;20190728;-999;-999;-999;    3;   0.9;   4;-999;-999;  -999;  15.5;    -999;   23.0;   56.54;   29.8;   14.4;   12.8;eor
        379;20190729;-999;-999;-999;    3;   0.0;   0;-999;-999;  -999;  19.0;    -999;   20.4;   79.63;   24.9;   14.4;   12.9;eor
        379;20190730;-999;-999;-999;    3;   0.0;   0;-999;-999;  -999;  16.0;    -999;   21.2;   66.96;   28.5;   13.3;   12.0;eor
        379;20190731;-999;-999;-999;    3;   3.2;   4;-999;-999;  -999;  15.8;    -999;   18.4;   75.67;   24.8;   10.8;    9.5;eor
        379;20190801;-999;-999;-999;    3;   0.0;   0;-999;-999;  -999;  11.8;    -999;   17.5;   63.58;   26.2;    9.2;    7.5;eor
        379;20190802;-999;-999;-999;    3;   1.5;   4;-999;-999;  -999;  13.5;    -999;   16.6;   74.04;   26.3;   11.2;   10.3;eor
        379;20190803;-999;-999;-999;    3;   6.3;   4;-999;-999;  -999;  14.8;    -999;   16.7;   79.25;   23.1;   11.0;   10.5;eor
        379;20190804;-999;-999;-999;    3;   0.0;   0;-999;-999;  -999;  13.8;    -999;   18.4;   68.88;   25.8;   11.0;    9.7;eor
        379;20190805;-999;-999;-999;    3;   1.3;   4;-999;-999;  -999;  16.0;    -999;   18.6;   76.63;   26.3;   12.3;   10.9;eor
        379;20190806;-999;-999;-999;    3;   0.5;   4;-999;-999;  -999;  16.1;    -999;   18.9;   76.42;   26.4;   12.3;   10.8;eor
        379;20190807;-999;-999;-999;    3;   3.8;   4;-999;-999;  -999;  16.9;    -999;   17.4;   85.13;   22.2;   11.9;   10.0;eor
        379;20190808;-999;-999;-999;    3;   0.0;   0;-999;-999;  -999;  13.4;    -999;   18.2;   68.25;   26.5;   10.0;    8.5;eor
        379;20190809;-999;-999;-999;    3;  26.4;   4;-999;-999;  -999;  15.3;    -999;   21.2;   65.29;   30.9;   11.8;    9.9;eor
        379;20190810;-999;-999;-999;    3;   0.0;   0;-999;-999;  -999;  16.6;    -999;   20.3;   71.17;   25.1;   12.7;    9.8;eor
        379;20190811;-999;-999;-999;    3;   0.0;   0;-999;-999;  -999;  12.2;    -999;   20.3;   55.83;   28.2;    9.9;    7.5;eor
        379;20190812;-999;-999;-999;    3;   2.3;   4;-999;-999;  -999;  12.0;    -999;   18.1;   59.08;   22.8;   12.5;   11.1;eor
        379;20190813;-999;-999;-999;    3;   1.3;   4;-999;-999;  -999;  11.2;    -999;   14.8;   69.21;   20.9;    8.9;    6.5;eor
        379;20190814;-999;-999;-999;    3;   0.1;   4;-999;-999;  -999;   9.3;    -999;   14.2;   61.13;   21.9;    7.1;    5.0;eor
        379;20190815;-999;-999;-999;    3;   0.5;   4;-999;-999;  -999;  12.7;    -999;   14.6;   75.67;   20.5;    6.6;    4.9;eor
        379;20190816;-999;-999;-999;    3;   0.0;   0;-999;-999;  -999;  12.3;    -999;   17.0;   66.00;   24.0;   10.1;    7.6;eor
        379;20190817;-999;-999;-999;    3;   1.1;   4;-999;-999;  -999;  13.5;    -999;   17.7;   68.25;   22.9;    9.5;    7.6;eor
        379;20190818;-999;-999;-999;    3;   2.2;   4;-999;-999;  -999;  17.6;    -999;   20.4;   76.00;   29.6;   15.4;   13.9;eor
        379;20190819;-999;-999;-999;    3;   0.0;   0;-999;-999;  -999;  13.4;    -999;   18.5;   66.38;   24.6;   10.9;    9.1;eor
        379;20190820;-999;-999;-999;    3;   1.4;   4;-999;-999;  -999;  12.5;    -999;   14.9;   76.50;   20.4;    8.6;    7.0;eor
        379;20190821;-999;-999;-999;    3;   0.0;   0;-999;-999;  -999;  10.6;    -999;   14.4;   68.21;   22.2;    7.4;    5.0;eor
        379;20190822;-999;-999;-999;    3;   0.0;   0;-999;-999;  -999;   9.8;    -999;   16.1;   59.42;   25.1;    6.2;    3.2;eor
        379;20190823;-999;-999;-999;    3;   0.0;   0;-999;-999;  -999;  10.1;    -999;   17.7;   56.33;   27.4;    7.2;    4.1;eor
        379;20190824;-999;-999;-999;    3;   0.0;   0;-999;-999;  -999;  14.2;    -999;   19.0;   66.71;   27.2;    7.5;    4.0;eor
        379;20190825;-999;-999;-999;    3;   0.0;   0;-999;-999;  -999;  17.2;    -999;   21.2;   71.17;   31.5;   13.0;   10.8;eor
        379;20190826;-999;-999;-999;    3;   0.0;   0;-999;-999;  -999;  16.8;    -999;   22.2;   66.33;   31.2;   13.2;   10.8;eor
        379;20190827;-999;-999;-999;    3;   0.0;   0;-999;-999;  -999;  16.5;    -999;   22.2;   65.29;   31.3;   14.0;   11.9;eor
        379;20190828;-999;-999;-999;    3;   0.0;   0;-999;-999;  -999;  17.1;    -999;   21.3;   71.71;   32.3;   15.1;   12.6;eor
        379;20190829;-999;-999;-999;    3;   5.6;   4;-999;-999;  -999;  17.8;    -999;   19.7;   79.46;   29.0;   13.8;   11.5;eor
        379;20190830;-999;-999;-999;    3;   4.3;   4;-999;-999;  -999;  19.1;    -999;   19.4;   85.92;   28.3;   14.3;   13.8;eor
        379;20190831;-999;-999;-999;    3;   0.0;   0;-999;-999;  -999;  17.3;    -999;   22.1;   69.83;   30.9;   13.8;   13.2;eor
        379;20190901;-999;-999;-999;    3;   0.0;   0;-999;-999;  -999;  15.5;    -999;   18.8;   72.21;   25.8;   13.2;   10.4;eor
        379;20190902;-999;-999;-999;    3;   0.0;   0;-999;-999;  -999;   9.5;    -999;   13.6;   64.92;   20.6;    5.9;    4.1;eor
        379;20190903;-999;-999;-999;    3;   0.0;   0;-999;-999;  -999;   9.2;    -999;   14.7;   61.13;   24.5;    4.2;    2.0;eor
        379;20190904;-999;-999;-999;    3;   1.1;   4;-999;-999;  -999;  10.4;    -999;   17.3;   59.42;   26.9;    7.1;    4.6;eor
        379;20190905;-999;-999;-999;    3;   0.0;   0;-999;-999;  -999;  11.2;    -999;   15.5;   65.33;   21.0;    8.3;    4.9;eor
        379;20190906;-999;-999;-999;    3;   0.0;   0;-999;-999;  -999;   8.6;    -999;   11.9;   66.33;   20.1;    3.8;    0.7;eor
        379;20190907;-999;-999;-999;    3;   0.0;   4;-999;-999;  -999;   9.7;    -999;   11.2;   75.17;   19.1;    3.8;    1.3;eor
        379;20190908;-999;-999;-999;    3;  12.4;   4;-999;-999;  -999;  11.1;    -999;   12.5;   78.46;   17.6;    7.2;    4.2;eor
        379;20190909;-999;-999;-999;    3;  16.7;   4;-999;-999;  -999;  12.4;    -999;   11.4;   92.08;   13.2;    6.9;    5.5;eor
        379;20190910;-999;-999;-999;    3;   0.0;   4;-999;-999;  -999;  10.0;    -999;   11.2;   78.13;   18.8;    4.3;    2.9;eor
        379;20190911;-999;-999;-999;    3;   0.3;   4;-999;-999;  -999;   9.6;    -999;   13.3;   67.38;   22.6;    3.7;    1.7;eor
        379;20190912;-999;-999;-999;    3;   0.6;   4;-999;-999;  -999;  13.7;    -999;   16.4;   74.96;   23.4;   11.4;    8.6;eor
        379;20190913;-999;-999;-999;    3;   0.0;   0;-999;-999;  -999;  14.2;    -999;   15.6;   80.83;   22.5;    9.9;    7.3;eor
        379;20190914;-999;-999;-999;    3;   0.0;   0;-999;-999;  -999;  10.3;    -999;   13.3;   69.00;   19.1;    7.0;    4.7;eor
        379;20190915;-999;-999;-999;    3;   0.0;   0;-999;-999;  -999;  10.1;    -999;   15.6;   63.42;   26.6;    5.9;    3.5;eor
        379;20190916;-999;-999;-999;    3;   9.4;   4;-999;-999;  -999;  13.0;    -999;   13.9;   81.96;   19.0;    9.3;    7.7;eor
        379;20190917;-999;-999;-999;    3;   0.0;   0;-999;-999;  -999;  10.3;    -999;   11.9;   74.63;   16.5;    7.9;    4.6;eor
        379;20190918;-999;-999;-999;    3;   0.0;   0;-999;-999;  -999;   7.9;    -999;    9.6;   69.04;   16.3;    2.6;    0.2;eor
        379;20190919;-999;-999;-999;    3;   0.0;   0;-999;-999;  -999;   7.7;    -999;    7.6;   75.92;   14.1;    0.6;   -1.6;eor
        379;20190920;-999;-999;-999;    3;   0.0;   0;-999;-999;  -999;   7.4;    -999;    8.0;   73.08;   16.5;    0.6;   -1.3;eor
        379;20190921;-999;-999;-999;    3;   0.0;   0;-999;-999;  -999;   8.5;    -999;   11.3;   68.42;   21.9;    1.1;   -1.0;eor
        379;20190922;-999;-999;-999;    3;   0.0;   0;-999;-999;  -999;   9.8;    -999;   14.4;   64.96;   25.4;    3.9;    0.9;eor
        379;20190923;-999;-999;-999;    3;   0.0;   0;-999;-999;  -999;  12.7;    -999;   13.7;   80.79;   17.8;    7.7;    4.9;eor
        379;20190924;-999;-999;-999;    3;   0.2;   4;-999;-999;  -999;  12.4;    -999;   14.8;   75.92;   20.4;   10.8;    9.5;eor
        379;20190925;-999;-999;-999;    3;   2.3;   4;-999;-999;  -999;  13.0;    -999;   13.5;   84.67;   18.6;    8.4;    5.7;eor
        379;20190926;-999;-999;-999;    3;   1.1;   4;-999;-999;  -999;  13.6;    -999;   14.4;   83.29;   20.3;    7.5;    5.2;eor
        379;20190927;-999;-999;-999;    3;   3.3;   4;-999;-999;  -999;  14.2;    -999;   14.1;   87.67;   16.7;    8.8;    6.1;eor
        379;20190928;-999;-999;-999;    3;   0.1;   4;-999;-999;  -999;  12.2;    -999;   14.0;   77.04;   18.2;   10.6;    6.4;eor
        379;20190929;-999;-999;-999;    3;   1.5;   4;-999;-999;  -999;  11.8;    -999;   14.8;   71.08;   20.5;    8.9;    7.1;eor
        379;20190930;-999;-999;-999;    3;   0.7;   4;-999;-999;  -999;  11.7;    -999;   13.6;   75.13;   15.8;    7.9;    4.0;eor
        379;20191001;-999;-999;-999;    3;   7.3;   4;-999;   0;  -999;  12.9;    -999;   14.1;   80.08;   18.6;    7.8;    5.5;eor
        379;20191002;-999;-999;-999;    3;   4.9;   4;-999;   0;  -999;  10.1;    -999;    9.4;   83.67;   13.7;    3.4;    0.8;eor
        379;20191003;-999;-999;-999;    3;   0.3;   4;-999;   0;  -999;   9.4;    -999;    9.2;   80.71;   12.3;    5.8;    4.5;eor
        379;20191004;-999;-999;-999;    3;  12.2;   4;-999;   0;  -999;   9.6;    -999;    8.2;   88.50;   11.3;    5.5;    4.5;eor
        379;20191005;-999;-999;-999;    3;   1.5;   4;-999;   0;  -999;   9.2;    -999;    7.3;   89.25;   10.7;    1.7;   -0.5;eor
        379;20191006;-999;-999;-999;    3;   0.0;   0;-999;   0;  -999;   7.7;    -999;    5.5;   84.88;    9.4;   -0.1;   -1.1;eor
        379;20191007;-999;-999;-999;    3;   0.0;   0;-999;   0;  -999;   7.7;    -999;    6.1;   83.33;   12.7;    0.5;   -1.2;eor
        379;20191008;-999;-999;-999;    3;  10.1;   4;-999;   0;  -999;  11.5;    -999;   10.9;   87.63;   13.5;    6.8;    5.9;eor
        379;20191009;-999;-999;-999;    3;   2.9;   4;-999;   0;  -999;  10.5;    -999;   10.6;   82.00;   14.9;    7.0;    2.9;eor
        379;20191010;-999;-999;-999;    3;   1.3;   4;-999;   0;  -999;   9.5;    -999;    9.2;   81.75;   13.3;    6.2;    1.1;eor
        379;20191011;-999;-999;-999;    3;   0.0;   0;-999;   0;  -999;  10.8;    -999;   11.4;   79.58;   14.6;    4.6;    1.2;eor
        379;20191012;-999;-999;-999;    3;   0.0;   0;-999;   0;  -999;  12.5;    -999;   16.1;   69.00;   21.4;    7.9;    4.1;eor
        379;20191013;-999;-999;-999;    3;   0.0;   0;-999;   0;  -999;  14.6;    -999;   18.6;   68.92;   24.6;   11.5;    9.4;eor
        379;20191014;-999;-999;-999;    3;   0.0;   0;-999;   0;  -999;  13.7;    -999;   16.4;   76.17;   25.4;    9.8;    6.3;eor
        379;20191015;-999;-999;-999;    3;   2.1;   4;-999;   0;  -999;  13.9;    -999;   15.3;   81.46;   25.1;    8.4;    5.5;eor
        379;20191016;-999;-999;-999;    3;   0.4;   4;-999;   0;  -999;  11.4;    -999;   12.5;   78.50;   15.1;   10.3;    8.3;eor
        379;20191017;-999;-999;-999;    3;   1.1;   4;-999;   0;  -999;  11.5;    -999;   12.7;   79.00;   16.8;    9.2;    7.2;eor
        379;20191018;-999;-999;-999;    3;   2.1;   4;-999;   0;  -999;  12.4;    -999;   12.8;   83.88;   18.6;    6.9;    5.2;eor
        379;20191019;-999;-999;-999;    3;   0.0;   4;-999;   0;  -999;  11.1;    -999;   11.4;   82.92;   14.9;    6.8;    6.2;eor
        379;20191020;-999;-999;-999;    3;   0.0;   0;-999;   0;  -999;  12.8;    -999;   14.1;   80.88;   21.4;    9.4;    7.2;eor
        379;20191021;-999;-999;-999;    3;   0.0;   0;-999;   0;  -999;  12.9;    -999;   12.8;   87.21;   20.6;    6.6;    5.3;eor
        379;20191022;-999;-999;-999;    3;   0.0;   0;-999;   0;  -999;  11.7;    -999;   11.5;   87.08;   18.5;    6.4;    5.1;eor
        379;20191023;-999;-999;-999;    3;   0.1;   4;-999;   0;  -999;  12.1;    -999;   10.9;   92.25;   15.0;    7.8;    5.4;eor
        379;20191024;-999;-999;-999;    3;   0.0;   0;-999;   0;  -999;  11.5;    -999;   11.2;   86.92;   21.0;    4.6;    3.1;eor
        379;20191025;-999;-999;-999;    3;   0.0;   0;-999;   0;  -999;  11.4;    -999;   12.0;   81.46;   16.6;    6.9;    4.3;eor
        379;20191026;-999;-999;-999;    3;   0.0;   0;-999;   0;  -999;  10.8;    -999;   12.6;   75.25;   19.1;    6.7;    3.5;eor
        379;20191027;-999;-999;-999;    3;   4.1;   4;-999;   0;  -999;   9.8;    -999;    9.9;   80.42;   15.5;    0.5;   -0.9;eor
        379;20191028;-999;-999;-999;    3;   0.0;   0;-999;   0;  -999;   7.1;    -999;    3.5;   89.92;    9.6;   -1.2;   -2.6;eor
        379;20191029;-999;-999;-999;    3;   0.0;   0;-999;   0;  -999;   6.7;    -999;    3.2;   87.67;    8.4;   -2.0;   -3.8;eor
        379;20191030;-999;-999;-999;    3;   0.0;   0;-999;   0;  -999;   6.1;    -999;    1.4;   90.33;    7.6;   -2.7;   -4.7;eor
        379;20191031;-999;-999;-999;    3;   0.0;   0;-999;   0;  -999;   5.6;    -999;    0.4;   89.96;    5.4;   -3.4;   -6.8;eor
        379;20191101;-999;-999;-999;    3;   1.5;   4;-999;   0;  -999;   6.5;    -999;    2.3;   87.42;    7.3;   -4.8;   -7.6;eor
        379;20191102;-999;-999;-999;    3;   0.1;   4;-999;   0;  -999;  11.6;    -999;   12.2;   81.71;   16.4;    6.8;    6.0;eor
        379;20191103;-999;-999;-999;    3;   6.0;   4;-999;   0;  -999;  10.8;    -999;   11.3;   81.17;   15.0;    7.4;    5.6;eor
        379;20191104;-999;-999;-999;    3;   0.0;   4;-999;   0;  -999;  10.1;    -999;    9.2;   86.29;   12.7;    3.2;    0.5;eor
        379;20191105;-999;-999;-999;    3;   0.0;   4;-999;   0;  -999;   8.5;    -999;    7.0;   85.00;   11.0;    0.8;   -1.5;eor
        379;20191106;-999;-999;-999;    3;   0.7;   4;-999;   0;  -999;   8.3;    -999;    6.1;   88.38;   10.6;    1.0;   -1.0;eor
        379;20191107;-999;-999;-999;    3;   0.0;   4;-999;   0;  -999;   8.4;    -999;    7.3;   82.92;   10.9;    3.6;    1.3;eor
        379;20191108;-999;-999;-999;    3;  10.2;   4;-999;   0;  -999;   8.1;    -999;    5.1;   91.79;    7.2;    1.5;    0.1;eor
        379;20191109;-999;-999;-999;    3;   0.4;   4;-999;   0;  -999;   7.3;    -999;    3.9;   90.13;    6.4;   -1.7;   -4.0;eor
        379;20191110;-999;-999;-999;    3;   0.0;   0;-999;   0;  -999;   6.2;    -999;    1.8;   88.71;    7.9;   -2.9;   -5.6;eor
        379;20191111;-999;-999;-999;    3;   0.0;   0;-999;   0;  -999;   5.4;    -999;    0.3;   86.83;    4.6;   -4.1;   -7.4;eor
        379;20191112;-999;-999;-999;    3;   0.0;   0;-999;   0;  -999;   6.1;    -999;    3.4;   79.17;    7.2;   -0.6;   -2.6;eor
        379;20191113;-999;-999;-999;    3;   0.0;   0;-999;   0;  -999;   6.1;    -999;    2.8;   82.46;    7.0;   -1.6;   -4.2;eor
        379;20191114;-999;-999;-999;    3;   0.0;   0;-999;   0;  -999;   5.9;    -999;    2.4;   81.54;    7.8;   -2.4;   -5.2;eor
        379;20191115;-999;-999;-999;    3;   6.7;   4;-999;   0;  -999;   6.8;    -999;    2.9;   90.46;    6.3;   -1.0;   -3.1;eor
        379;20191116;-999;-999;-999;    3;   0.0;   0;-999;   0;  -999;   6.8;    -999;    3.3;   87.79;    8.2;   -1.6;   -3.6;eor
        379;20191117;-999;-999;-999;    3;   3.4;   4;-999;   0;  -999;   6.7;    -999;    1.7;   96.46;    3.8;   -1.7;   -3.7;eor
        379;20191118;-999;-999;-999;    3;   1.9;   4;-999;   0;  -999;   7.2;    -999;    4.3;   86.88;    5.7;    2.9;    0.8;eor
        379;20191119;-999;-999;-999;    3;   0.0;   0;-999;   0;  -999;   6.9;    -999;    4.0;   84.75;    5.9;    0.7;   -2.1;eor
        379;20191120;-999;-999;-999;    3;   0.1;   4;-999;   0;  -999;   6.8;    -999;    2.7;   91.63;    4.2;    0.7;   -0.6;eor
        379;20191121;-999;-999;-999;    3;   0.1;   4;-999;   0;  -999;   8.0;    -999;    4.2;   96.83;    5.1;    3.0;   -0.4;eor
        379;20191122;-999;-999;-999;    3;   0.0;   0;-999;   0;  -999;   6.7;    -999;    2.2;   93.83;    6.2;   -1.9;   -4.6;eor
        379;20191123;-999;-999;-999;    3;   0.0;   0;-999;   0;  -999;   6.5;    -999;    1.6;   93.08;    8.4;   -2.8;   -5.5;eor
        379;20191124;-999;-999;-999;    3;   0.0;   0;-999;   0;  -999;   6.1;    -999;    0.3;   96.42;    4.3;   -2.8;   -5.0;eor
        379;20191125;-999;-999;-999;    3;   0.0;   0;-999;   0;  -999;   6.5;    -999;    1.1;   97.54;    3.1;   -0.4;   -0.7;eor
        379;20191126;-999;-999;-999;    3;   0.0;   0;-999;   0;  -999;   7.9;    -999;    4.9;   91.17;    9.8;   -0.1;   -0.8;eor
        379;20191127;-999;-999;-999;    3;   0.2;   4;-999;   0;  -999;   8.6;    -999;    7.5;   82.50;   11.2;    2.7;   -0.2;eor
        379;20191128;-999;-999;-999;    3;   3.9;   4;-999;   0;  -999;   8.9;    -999;    9.0;   77.25;   10.7;    7.0;    5.8;eor
        379;20191129;-999;-999;-999;    3;   0.1;   4;-999;   0;  -999;   6.9;    -999;    5.1;   77.46;    8.5;    1.7;   -0.7;eor
        379;20191130;-999;-999;-999;    3;   0.0;   0;-999;   0;  -999;   6.0;    -999;    2.6;   81.83;    5.2;   -1.4;   -3.3;eor
        379;20191201;-999;-999;-999;    3;   0.0;   0;-999;   0;  -999;   5.1;    -999;   -0.9;   89.25;    2.6;   -4.7;   -7.0;eor
        379;20191202;-999;-999;-999;    3;   0.7;   4;-999;   0;  -999;   5.9;    -999;    1.6;   86.63;    3.7;   -1.8;   -3.7;eor
        379;20191203;-999;-999;-999;    3;   0.0;   0;-999;   0;  -999;   6.6;    -999;    3.1;   86.08;    6.6;    1.2;   -1.2;eor
        379;20191204;-999;-999;-999;    3;   0.0;   0;-999;   0;  -999;   5.4;    -999;    0.7;   84.08;    7.6;   -3.4;   -6.6;eor
        379;20191205;-999;-999;-999;    3;   0.0;   0;-999;   0;  -999;   4.6;    -999;   -1.3;   83.63;    5.3;   -5.1;   -8.1;eor
        379;20191206;-999;-999;-999;    3;   1.8;   4;-999;   0;  -999;   5.4;    -999;    1.5;   77.17;    5.5;   -3.6;   -8.2;eor
        379;20191207;-999;-999;-999;    3;   0.1;   4;-999;   0;  -999;   7.8;    -999;    6.6;   79.79;    8.3;    4.1;    2.8;eor
        379;20191208;-999;-999;-999;    3;   3.9;   4;-999;   0;  -999;   8.1;    -999;    7.9;   75.83;    9.7;    5.3;    3.1;eor
        379;20191209;-999;-999;-999;    3;   3.1;   4;-999;   0;  -999;   7.3;    -999;    5.7;   79.79;    8.4;    3.5;    1.3;eor
        379;20191210;-999;-999;-999;    3;   0.0;   0;-999;   0;  -999;   5.5;    -999;    1.6;   80.75;    5.0;   -3.7;   -6.5;eor
        379;20191211;-999;-999;-999;    3;   5.7;   4;-999;   0;  -999;   4.7;    -999;    2.1;   67.46;    3.8;    0.1;   -0.1;eor
        379;20191212;-999;-999;-999;    3;   0.0;   0;-999;  10;  -999;   5.8;    -999;    0.5;   91.38;    2.7;   -1.9;   -5.2;eor
        379;20191213;-999;-999;-999;    3;   0.8;   4;-999;   4;  -999;   5.6;    -999;    1.1;   84.08;    3.3;   -2.3;   -5.7;eor
        379;20191214;-999;-999;-999;    3;   2.8;   4;-999;   0;  -999;   6.4;    -999;    4.0;   79.04;    6.1;    1.9;   -0.4;eor
        379;20191215;-999;-999;-999;    3;   0.7;   4;-999;   0;  -999;   7.3;    -999;    5.5;   79.63;   10.3;    0.5;   -2.1;eor
        379;20191216;-999;-999;-999;    3;   0.0;   0;-999;   0;  -999;   8.1;    -999;    6.4;   84.46;   11.2;    1.8;   -0.8;eor
        379;20191217;-999;-999;-999;    3;   0.0;   0;-999;   0;  -999;   7.9;    -999;    9.5;   67.67;   16.3;    2.1;    0.8;eor
        379;20191218;-999;-999;-999;    3;   0.1;   4;-999;   0;  -999;   8.3;    -999;    6.5;   85.38;   11.4;   -0.4;   -2.6;eor
        379;20191219;-999;-999;-999;    3;   0.0;   0;-999;   0;  -999;   6.9;    -999;    2.8;   91.38;   11.2;   -1.5;   -3.7;eor
        379;20191220;-999;-999;-999;    3;   0.0;   4;-999;   0;  -999;   7.6;    -999;    5.8;   81.88;   12.2;   -0.5;   -2.8;eor
        379;20191221;-999;-999;-999;    3;   0.0;   0;-999;   0;  -999;   6.9;    -999;    4.2;   83.63;    8.6;   -1.4;   -3.2;eor
        379;20191222;-999;-999;-999;    3;   0.1;   4;-999;   0;  -999;   7.5;    -999;    5.0;   85.75;    7.4;   -1.3;   -3.0;eor
        379;20191223;-999;-999;-999;    3;   1.0;   4;-999;   0;  -999;   7.3;    -999;    5.9;   78.42;    8.0;    3.0;   -1.6;eor
        379;20191224;-999;-999;-999;    3;   7.4;   4;-999;   0;  -999;   7.2;    -999;    5.1;   82.38;    7.4;    1.0;   -1.6;eor
        379;20191225;-999;-999;-999;    3;   6.3;   4;-999;   0;  -999;   7.7;    -999;    5.3;   86.29;    6.9;    3.5;    0.6;eor
        379;20191226;-999;-999;-999;    3;   0.0;   0;-999;   0;  -999;   6.6;    -999;    3.2;   85.38;    5.0;    0.4;   -1.0;eor
        379;20191227;-999;-999;-999;    3;   0.2;   4;-999;   0;  -999;   5.4;    -999;    1.0;   83.00;    4.5;   -3.0;   -4.4;eor
        379;20191228;-999;-999;-999;    3;   0.0;   0;-999;   0;  -999;   4.6;    -999;   -0.9;   79.67;    1.0;   -5.1;   -7.6;eor
        379;20191229;-999;-999;-999;    3;   0.0;   0;-999;   0;  -999;   4.0;    -999;   -2.9;   81.29;    4.3;   -7.2;   -8.9;eor
        379;20191230;-999;-999;-999;    3;   0.0;   0;-999;   0;  -999;   4.1;    -999;    2.4;   58.88;    9.9;   -2.9;   -4.6;eor
        379;20191231;-999;-999;-999;    3;   0.0;   0;-999;   0;  -999;   5.2;    -999;    2.4;   71.79;    5.8;   -2.5;   -4.3;eor
        379;20200101;-999;-999;-999;    3;   0.0;   0;-999;   0;  -999;   4.6;    -999;   -1.8;   86.25;    5.5;   -5.5;   -8.0;eor
        379;20200102;-999;-999;-999;    3;   0.0;   0;-999;   0;  -999;   4.5;    -999;   -1.0;   78.21;    7.4;   -7.2;   -9.7;eor
        379;20200103;-999;-999;-999;    3;   1.1;   4;-999;   0;  -999;   7.2;    -999;    4.7;   83.04;    7.8;    1.8;    0.6;eor
        379;20200104;-999;-999;-999;    3;   5.6;   4;-999;   0;  -999;   6.3;    -999;    3.1;   82.58;    5.0;   -0.8;   -4.1;eor
        379;20200105;-999;-999;-999;    3;   0.0;   0;-999;   0;  -999;   5.9;    -999;    1.4;   87.08;    4.5;   -1.9;   -4.2;eor
        379;20200106;-999;-999;-999;    3;   0.0;   0;-999;   0;  -999;   5.9;    -999;    2.0;   83.79;    5.5;   -2.8;   -6.6;eor
        379;20200107;-999;-999;-999;    3;   0.5;   4;-999;   0;  -999;   6.2;    -999;    2.0;   87.00;    4.7;   -2.1;   -5.5;eor
        379;20200108;-999;-999;-999;    3;   7.2;   4;-999;   0;  -999;   7.3;    -999;    5.1;   83.42;    6.2;    1.5;    0.4;eor
        379;20200109;-999;-999;-999;    3;   6.6;   4;-999;   0;  -999;   9.7;    -999;    7.8;   91.83;   10.0;    5.3;    4.8;eor
        379;20200110;-999;-999;-999;    3;   2.4;   4;-999;   0;  -999;   8.5;    -999;    7.7;   81.17;    9.7;    3.5;    1.7;eor
        379;20200111;-999;-999;-999;    3;   0.0;   0;-999;   0;  -999;   5.8;    -999;    2.2;   80.54;    5.7;   -2.3;   -4.6;eor
        379;20200112;-999;-999;-999;    3;   0.0;   0;-999;   0;  -999;   5.5;    -999;    1.5;   80.75;    4.1;   -3.3;   -5.7;eor
        379;20200113;-999;-999;-999;    3;   0.0;   0;-999;   0;  -999;   6.8;    -999;    3.5;   86.17;    5.0;    0.1;   -2.4;eor
        379;20200114;-999;-999;-999;    3;   0.0;   0;-999;   0;  -999;   6.8;    -999;    7.0;   68.04;    9.6;    1.4;   -1.1;eor
        379;20200115;-999;-999;-999;    3;   0.2;   4;-999;   0;  -999;   7.0;    -999;    8.5;   63.04;   12.6;    3.7;    0.4;eor
        379;20200116;-999;-999;-999;    3;   0.0;   0;-999;   0;  -999;   7.8;    -999;    6.2;   83.50;   12.1;   -0.3;   -2.0;eor
        379;20200117;-999;-999;-999;    3;   0.0;   0;-999;   0;  -999;   6.8;    -999;    3.9;   84.25;    9.4;   -2.2;   -5.2;eor
        379;20200118;-999;-999;-999;    3;   0.4;   4;-999;   0;  -999;   6.1;    -999;    3.7;   77.04;    6.4;    0.6;   -2.5;eor
        379;20200119;-999;-999;-999;    3;   0.5;   4;-999;   0;  -999;   6.1;    -999;    2.1;   85.08;    4.0;   -1.8;   -5.0;eor
        379;20200120;-999;-999;-999;    3;   0.0;   0;-999;   0;  -999;   5.4;    -999;    0.8;   83.67;    4.9;   -4.8;   -7.6;eor
        379;20200121;-999;-999;-999;    3;   0.0;   0;-999;   0;  -999;   4.1;    -999;   -2.4;   81.63;    5.6;   -7.0;   -9.2;eor
        379;20200122;-999;-999;-999;    3;   0.0;   0;-999;   0;  -999;   5.0;    -999;   -1.8;   89.79;    1.9;   -8.2;  -10.6;eor
        379;20200123;-999;-999;-999;    3;   0.0;   0;-999;   0;  -999;   5.3;    -999;   -0.2;   88.63;    2.9;   -5.0;   -8.2;eor
        379;20200124;-999;-999;-999;    3;   0.0;   0;-999;   0;  -999;   4.3;    -999;   -2.8;   85.29;    5.4;   -7.0;   -9.2;eor
        379;20200125;-999;-999;-999;    3;   0.0;   0;-999;   0;  -999;   4.4;    -999;   -3.5;   92.33;   -1.3;   -6.6;   -7.5;eor
        379;20200126;-999;-999;-999;    3;   0.0;   4;-999;   0;  -999;   5.3;    -999;   -1.0;   90.50;    5.8;   -7.0;   -8.0;eor
        379;20200127;-999;-999;-999;    3;   0.5;   4;-999;   0;  -999;   7.0;    -999;    4.4;   83.83;    7.1;   -0.7;   -3.2;eor
        379;20200128;-999;-999;-999;    3;   3.2;   4;-999;   0;  -999;   6.4;    -999;    4.1;   76.92;    6.7;    1.6;   -0.7;eor
        379;20200129;-999;-999;-999;    3;   0.0;   0;-999;   0;  -999;   5.4;    -999;    2.6;   74.17;    4.2;    0.5;   -3.1;eor
        379;20200130;-999;-999;-999;    3;   1.0;   4;-999;   0;  -999;   6.5;    -999;    4.8;   75.54;    7.9;    0.6;   -2.0;eor
        379;20200131;-999;-999;-999;    3;   0.1;   4;-999;   0;  -999;   9.6;    -999;   10.4;   76.33;   13.4;    5.5;    1.8;eor
        379;20200201;-999;-999;-999;    3;   5.0;   4;-999;   0;  -999;   9.7;    -999;   10.1;   78.50;   12.3;    5.8;    3.2;eor
        379;20200202;-999;-999;-999;    3;   4.0;   4;-999;   0;  -999;   8.3;    -999;    7.9;   77.71;   11.5;    6.0;    4.0;eor
        379;20200203;-999;-999;-999;    3;  16.6;   4;-999;   0;  -999;   8.0;    -999;    8.8;   70.63;   11.2;    5.4;    4.6;eor
        379;20200204;-999;-999;-999;    3;   1.2;   4;-999;   0;  -999;   6.3;    -999;    3.4;   81.13;    5.5;    1.7;   -0.4;eor
        379;20200205;-999;-999;-999;    3;   0.0;   0;-999;   0;  -999;   4.8;    -999;    1.1;   73.75;    3.8;   -3.5;   -5.7;eor
        379;20200206;-999;-999;-999;    3;   0.0;   0;-999;   0;  -999;   5.5;    -999;    2.1;   76.83;    3.6;   -2.1;   -3.6;eor
        379;20200207;-999;-999;-999;    3;   0.0;   0;-999;   0;  -999;   5.7;    -999;    2.4;   78.50;    5.0;   -3.1;   -5.7;eor
        379;20200208;-999;-999;-999;    3;   0.0;   0;-999;   0;  -999;   5.6;    -999;    3.2;   74.25;   10.2;   -3.5;   -6.5;eor
        379;20200209;-999;-999;-999;    3;   9.9;   4;-999;   0;  -999;   7.1;    -999;    8.1;   66.08;   12.1;    1.3;   -1.3;eor
        379;20200210;-999;-999;-999;    3;   8.0;   4;-999;   0;  -999;   7.3;    -999;    6.4;   75.50;   11.4;    1.6;    0.1;eor
        379;20200211;-999;-999;-999;    3;   0.0;   0;-999;   0;  -999;   5.2;    -999;    3.2;   67.42;    5.6;    1.4;   -0.7;eor
        379;20200212;-999;-999;-999;    3;   0.0;   0;-999;   0;  -999;   5.0;    -999;    2.5;   69.29;    5.4;    0.0;   -4.8;eor
        379;20200213;-999;-999;-999;    3;   0.2;   4;-999;   0;  -999;   5.6;    -999;    2.0;   79.58;    5.0;   -2.3;   -6.3;eor
        379;20200214;-999;-999;-999;    3;   0.4;   4;-999;   0;  -999;   7.0;    -999;    4.8;   81.75;    7.0;    2.0;   -1.0;eor
        379;20200215;-999;-999;-999;    3;   0.0;   0;-999;   0;  -999;   6.6;    -999;    4.9;   77.00;    9.4;   -1.3;   -2.5;eor
        379;20200216;-999;-999;-999;    3;   0.2;   4;-999;   0;  -999;   7.1;    -999;   12.1;   50.83;   15.8;    6.3;    1.9;eor
        379;20200217;-999;-999;-999;    3;   0.8;   4;-999;   0;  -999;   7.4;    -999;    7.7;   70.88;   14.6;    4.2;    1.3;eor
        379;20200218;-999;-999;-999;    3;   0.0;   0;-999;   0;  -999;   6.4;    -999;    5.5;   70.63;    8.4;    2.6;   -1.3;eor
        379;20200219;-999;-999;-999;    3;   4.1;   4;-999;   0;  -999;   6.0;    -999;    4.0;   73.46;    6.0;   -1.4;   -4.8;eor
        379;20200220;-999;-999;-999;    3;   3.8;   4;-999;   0;  -999;   6.5;    -999;    3.8;   79.79;    6.7;   -2.6;   -6.1;eor
        379;20200221;-999;-999;-999;    3;   0.0;   0;-999;   0;  -999;   6.0;    -999;    4.5;   71.58;    6.8;    2.2;    0.6;eor
        379;20200222;-999;-999;-999;    3;   0.0;   4;-999;   0;  -999;   6.4;    -999;    7.1;   63.33;   11.4;    1.1;   -2.3;eor
        379;20200223;-999;-999;-999;    3;   7.1;   4;-999;   0;  -999;   8.9;    -999;    9.1;   75.79;   12.2;    4.3;    2.3;eor
        379;20200224;-999;-999;-999;    3;   0.8;   4;-999;   0;  -999;   6.6;    -999;    4.8;   74.88;    9.4;    1.1;   -2.4;eor
        379;20200225;-999;-999;-999;    3;   4.8;   4;-999;   0;  -999;   7.7;    -999;    7.3;   74.63;    9.7;   -0.5;   -2.3;eor
        379;20200226;-999;-999;-999;    3;   1.4;   4;-999;   0;  -999;   5.9;    -999;    1.8;   84.21;    3.1;   -0.2;   -1.5;eor
        379;20200227;-999;-999;-999;    3;   1.8;   4;-999;   0;  -999;   5.5;    -999;    1.6;   81.38;    4.6;   -0.3;   -3.3;eor
        379;20200228;-999;-999;-999;    3;   1.7;   4;-999;   2;  -999;   5.5;    -999;    2.1;   77.42;    4.8;    0.3;   -2.1;eor
        379;20200229;-999;-999;-999;    3;   1.4;   4;-999;   0;  -999;   7.4;    -999;    6.3;   77.13;   12.1;    0.6;   -0.8;eor
        379;20200301;-999;-999;-999;    3;   0.8;   4;-999;   0;  -999;   6.6;    -999;    6.0;   71.00;   10.7;    1.1;   -0.9;eor
        379;20200302;-999;-999;-999;    3;   0.5;   4;-999;   0;  -999;   6.4;    -999;    5.8;   69.88;    9.7;    1.7;   -0.2;eor
        379;20200303;-999;-999;-999;    3;   4.2;   4;-999;   0;  -999;   6.2;    -999;    3.2;   80.88;    7.2;   -3.1;   -4.5;eor
        379;20200304;-999;-999;-999;    3;   0.0;   0;-999;   0;  -999;   5.6;    -999;    1.0;   85.88;    6.2;   -3.4;   -6.4;eor
        379;20200305;-999;-999;-999;    3;   3.7;   4;-999;   0;  -999;   5.9;    -999;    3.3;   77.42;    9.5;   -3.4;   -5.6;eor
        379;20200306;-999;-999;-999;    3;   8.3;   4;-999;   0;  -999;   7.3;    -999;    5.0;   83.83;    7.8;    2.9;    1.1;eor
        379;20200307;-999;-999;-999;    3;   2.2;   4;-999;   0;  -999;   6.3;    -999;    3.5;   80.33;    5.8;   -0.7;   -3.4;eor
        379;20200308;-999;-999;-999;    3;   0.9;   4;-999;   0;  -999;   6.5;    -999;    4.4;   77.75;    8.5;   -2.0;   -5.3;eor
        379;20200309;-999;-999;-999;    3;   0.0;   4;-999;   0;  -999;   7.3;    -999;    6.2;   77.13;   10.3;    0.3;   -3.4;eor
        379;20200310;-999;-999;-999;    3;   5.7;   4;-999;   0;  -999;   7.7;    -999;    5.7;   82.88;   11.8;    0.2;   -3.9;eor
        379;20200311;-999;-999;-999;    3;  18.2;   4;-999;   0;  -999;  10.8;    -999;    9.6;   90.29;   12.2;    6.9;    6.3;eor
        379;20200312;-999;-999;-999;    3;   2.4;   4;-999;   0;  -999;   8.2;    -999;    9.1;   69.71;   12.1;    2.7;   -2.3;eor
        379;20200313;-999;-999;-999;    3;   0.3;   4;-999;   0;  -999;   5.9;    -999;    5.5;   66.79;    9.4;    1.5;   -1.0;eor
        379;20200314;-999;-999;-999;    3;   0.0;   0;-999;   0;  -999;   5.5;    -999;    3.7;   70.79;    8.7;   -2.2;   -3.6;eor
        379;20200315;-999;-999;-999;    3;   0.0;   0;-999;   0;  -999;   4.9;    -999;    4.9;   60.54;   12.4;   -2.9;   -4.6;eor
        379;20200316;-999;-999;-999;    3;   0.0;   0;-999;   0;  -999;   6.8;    -999;    7.6;   66.25;   17.0;   -1.8;   -3.9;eor
        379;20200317;-999;-999;-999;    3;   0.1;   4;-999;   0;  -999;   8.2;    -999;    7.5;   80.08;   13.9;    1.2;   -0.8;eor
        379;20200318;-999;-999;-999;    3;   0.0;   0;-999;   0;  -999;   8.1;    -999;    8.4;   74.92;   17.4;   -0.7;   -3.0;eor
        379;20200319;-999;-999;-999;    3;   0.0;   0;-999;   0;  -999;   8.3;    -999;    9.5;   72.25;   15.6;    2.0;   -0.9;eor
        379;20200320;-999;-999;-999;    3;   0.2;   4;-999;   0;  -999;   8.4;    -999;    6.0;   88.92;    7.9;    3.0;    2.3;eor
        379;20200321;-999;-999;-999;    3;   0.0;   0;-999;   0;  -999;   5.3;    -999;    2.7;   71.33;    4.8;   -3.1;   -5.6;eor
        379;20200322;-999;-999;-999;-999;-999;-999;-999;   0;  -999;  -999;    -999;   -0.5;-999;    4.8;   -4.6;   -6.6;eor
        379;20200323;-999;-999;-999;    3;   0.0;   0;-999;   0;  -999;  -999;    -999;   -0.4;-999;    6.4;   -4.9;   -8.3;eor
        379;20200324;-999;-999;-999;    3;   0.0;   0;-999;   0;  -999;  -999;    -999;   -0.5;-999;    6.4;   -5.8;   -9.1;eor
        379;20200325;-999;-999;-999;    3;   0.0;   0;-999;   0;  -999;   2.8;    -999;    0.8;   46.50;    7.7;   -8.9;  -11.8;eor
        379;20200326;-999;-999;-999;    3;   0.0;   0;-999;   0;  -999;   4.0;    -999;    3.5;   50.58;    9.9;   -4.4;   -8.8;eor
        379;20200327;-999;-999;-999;    3;   0.0;   0;-999;   0;  -999;   5.4;    -999;    6.8;   56.17;   16.0;   -3.7;   -6.0;eor
        379;20200328;-999;-999;-999;    3;   0.0;   0;-999;   0;  -999;   5.4;    -999;    5.8;   61.79;   13.4;   -2.2;   -5.8;eor
        379;20200329;-999;-999;-999;    1;   2.0;   4;-999;   0;  -999;   5.7;    -999;    2.0;   79.17;    5.3;   -2.3;   -6.0;eor
        379;20200330;-999;-999;-999;    1;   0.4;   4;-999;   0;  -999;   4.0;    -999;   -0.7;   69.21;    6.6;   -9.0;  -11.4;eor
        379;20200331;-999;-999;-999;    1;   0.0;   0;-999;   0;  -999;   3.9;    -999;    0.4;   63.54;    4.7;   -5.8;   -8.4;eor
        379;20200401;-999;-999;-999;    1;   0.0;   0;-999;   0;  -999;   3.3;    -999;    0.6;   55.75;    9.4;   -7.9;  -10.6;eor
        379;20200402;-999;-999;-999;    1;   0.0;   0;-999;   0;  -999;   4.3;    -999;    4.0;   56.88;   13.1;   -5.6;   -9.0;eor
        379;20200403;-999;-999;-999;    1;   0.5;   4;-999;   0;  -999;   6.5;    -999;    5.0;   74.33;    9.3;   -2.5;   -5.0;eor
        379;20200404;-999;-999;-999;    1;   0.0;   0;-999;   0;  -999;   5.8;    -999;    4.8;   70.21;   11.5;   -1.8;   -3.8;eor
        379;20200405;-999;-999;-999;    1;   0.0;   0;-999;   0;  -999;   5.6;    -999;    7.9;   56.92;   16.8;   -2.5;   -6.2;eor
        379;20200406;-999;-999;-999;    1;   0.0;   0;-999;   0;  -999;   5.9;    -999;   11.0;   50.46;   22.2;   -1.3;   -5.2;eor
        379;20200407;-999;-999;-999;    1;   0.0;   0;-999;   0;  -999;   8.9;    -999;   10.9;   68.42;   18.7;    0.3;   -2.1;eor
        379;20200408;-999;-999;-999;    1;   0.0;   0;-999;   0;  -999;   6.7;    -999;   10.9;   59.33;   20.5;    1.5;   -0.6;eor
        379;20200409;-999;-999;-999;    1;   0.0;   0;-999;   0;  -999;   7.7;    -999;   10.2;   62.75;   18.9;    1.2;   -1.9;eor
        379;20200410;-999;-999;-999;    1;   0.0;   0;-999;   0;  -999;   7.0;    -999;    9.1;   63.63;   18.1;    0.7;   -2.1;eor
        379;20200411;-999;-999;-999;    1;   0.0;   0;-999;   0;  -999;   5.3;    -999;    7.5;   54.63;   16.1;   -2.2;   -5.4;eor
        379;20200412;-999;-999;-999;    1;   0.1;   4;-999;   0;  -999;   6.9;    -999;   12.6;   51.50;   23.1;   -0.5;   -3.3;eor
        379;20200413;-999;-999;-999;    1;   0.2;   4;-999;   0;  -999;   6.1;    -999;    7.3;   58.46;   13.3;    1.3;   -2.0;eor
        379;20200414;-999;-999;-999;    1;   0.0;   0;-999;   0;  -999;   4.2;    -999;    3.7;   54.58;    8.9;   -3.2;   -4.9;eor
        379;20200415;-999;-999;-999;    1;   0.0;   0;-999;   0;  -999;   5.2;    -999;    6.4;   58.33;   17.0;   -3.0;   -4.8;eor
        379;20200416;-999;-999;-999;    1;   0.0;   0;-999;   0;  -999;   6.9;    -999;   11.5;   55.54;   21.7;   -1.1;   -3.0;eor
        379;20200417;-999;-999;-999;    1;   0.0;   0;-999;   0;  -999;   8.1;    -999;   10.7;   65.21;   18.5;    1.8;   -1.6;eor
        379;20200418;-999;-999;-999;    1;   6.8;   4;-999;   0;  -999;   9.0;    -999;   11.8;   67.75;   20.5;    1.3;   -1.1;eor
        379;20200419;-999;-999;-999;    1;   0.4;   4;-999;   0;  -999;   6.6;    -999;    9.0;   59.17;   14.1;    3.1;    0.4;eor
        379;20200420;-999;-999;-999;    1;   0.0;   0;-999;   0;  -999;   5.1;    -999;    8.5;   48.08;   14.0;   -0.8;   -3.5;eor
        379;20200421;-999;-999;-999;    1;   0.0;   0;-999;   0;  -999;   5.7;    -999;   10.7;   45.54;   15.9;    4.3;    1.8;eor
        379;20200422;-999;-999;-999;    1;   0.0;   0;-999;   0;  -999;   5.7;    -999;   10.8;   46.58;   17.6;    1.2;   -1.0;eor
        379;20200423;-999;-999;-999;    1;   0.0;   0;-999;   0;  -999;   6.7;    -999;   11.1;   54.42;   19.6;    0.0;   -3.5;eor
        379;20200424;-999;-999;-999;    1;   0.0;   0;-999;   0;  -999;   7.1;    -999;   12.5;   53.75;   21.5;    1.9;   -1.0;eor
        379;20200425;-999;-999;-999;    1;   0.0;   0;-999;   0;  -999;   6.8;    -999;    8.6;   62.00;   13.5;    3.1;   -0.8;eor
        379;20200426;-999;-999;-999;    1;   0.0;   0;-999;   0;  -999;   6.3;    -999;    9.3;   58.25;   17.7;   -0.7;   -2.8;eor
        379;20200427;-999;-999;-999;    1;   0.0;   0;-999;   0;  -999;   7.0;    -999;   12.7;   53.25;   22.3;    0.1;   -3.0;eor
        379;20200428;-999;-999;-999;    1;   1.3;   4;-999;   0;  -999;   9.6;    -999;   12.9;   65.50;   21.2;    2.9;    0.3;eor
        379;20200429;-999;-999;-999;    1;   0.0;   0;-999;   0;  -999;   9.7;    -999;   13.5;   64.42;   20.2;    5.7;    2.1;eor
        379;20200430;-999;-999;-999;    1;   0.3;   4;-999;   0;  -999;   9.7;    -999;   11.8;   70.58;   18.1;    4.9;    1.0;eor
        379;20200501;-999;-999;-999;    1;   1.4;   4;-999;-999;  -999;   8.8;    -999;    9.5;   74.67;   15.7;    3.8;    0.6;eor
        379;20200502;-999;-999;-999;    1;   5.6;   4;-999;-999;  -999;   8.4;    -999;    7.6;   80.46;   11.3;    1.7;   -0.3;eor
        379;20200503;-999;-999;-999;    1;   0.0;   0;-999;-999;  -999;   8.2;    -999;   10.1;   68.21;   16.0;    5.8;    3.6;eor
        379;20200504;-999;-999;-999;    1;   1.3;   4;-999;-999;  -999;   8.8;    -999;    7.5;   84.79;   13.0;   -0.3;   -1.3;eor
        379;20200505;-999;-999;-999;    1;   0.0;   0;-999;-999;  -999;   5.8;    -999;    5.3;   69.29;   11.7;   -1.2;   -2.9;eor
        379;20200506;-999;-999;-999;    1;   0.0;   0;-999;-999;  -999;   5.9;    -999;    7.3;   61.75;   15.8;   -3.4;   -5.6;eor
        379;20200507;-999;-999;-999;    1;   0.0;   0;-999;-999;  -999;   5.6;    -999;   10.5;   51.33;   19.8;   -1.0;   -3.2;eor
        379;20200508;-999;-999;-999;    1;   0.0;   0;-999;-999;  -999;   7.6;    -999;   13.7;   52.46;   21.7;    4.0;    1.7;eor
        379;20200509;-999;-999;-999;    1;   0.0;   0;-999;-999;  -999;   8.4;    -999;   13.4;   57.67;   21.4;    2.6;    0.0;eor
        379;20200510;-999;-999;-999;    1;   1.2;   4;-999;-999;  -999;  12.1;    -999;   14.5;   73.38;   22.8;    6.0;    4.4;eor
        379;20200511;-999;-999;-999;    1;  25.0;   4;-999;-999;  -999;   8.0;    -999;    5.3;   87.17;   14.5;   -1.0;   -2.8;eor
        379;20200512;-999;-999;-999;    1;   0.0;   0;-999;-999;  -999;   5.7;    -999;    4.5;   70.13;   10.5;   -2.8;   -5.3;eor
        379;20200513;-999;-999;-999;    1;   0.0;   0;-999;-999;  -999;   6.4;    -999;    7.5;   64.96;   13.4;    0.2;   -1.2;eor
        379;20200514;-999;-999;-999;    1;   0.0;   0;-999;-999;  -999;   7.5;    -999;    7.1;   74.83;   12.1;    0.5;   -1.3;eor
        379;20200515;-999;-999;-999;    1;   0.0;   0;-999;-999;  -999;   6.1;    -999;    7.0;   64.54;   14.8;   -1.2;   -2.9;eor
        379;20200516;-999;-999;-999;    1;   0.0;   0;-999;-999;  -999;   7.0;    -999;    8.8;   64.38;   17.0;   -1.1;   -3.1;eor
        379;20200517;-999;-999;-999;    1;   0.0;   0;-999;-999;  -999;   7.8;    -999;   10.4;   64.67;   17.2;    2.6;    1.2;eor
        379;20200518;-999;-999;-999;    1;   0.0;   0;-999;-999;  -999;   9.0;    -999;   13.5;   61.92;   22.5;    1.9;    0.7;eor
        379;20200519;-999;-999;-999;    1;   0.0;   0;-999;-999;  -999;  10.7;    -999;   14.6;   66.21;   21.1;    5.8;    3.0;eor
        379;20200520;-999;-999;-999;    1;   0.0;   0;-999;-999;  -999;  12.2;    -999;   13.2;   80.75;   16.9;    7.0;    5.5;eor
        379;20200521;-999;-999;-999;    1;   0.0;   0;-999;-999;  -999;   9.3;    -999;   13.3;   64.75;   21.2;    3.4;    1.0;eor
        379;20200522;-999;-999;-999;    1;  12.0;   4;-999;-999;  -999;  13.3;    -999;   15.8;   74.67;   24.6;    6.1;    4.6;eor
        379;20200523;-999;-999;-999;    1;   2.2;   4;-999;-999;  -999;  11.6;    -999;   12.7;   78.79;   15.7;    8.1;    4.6;eor
        379;20200524;-999;-999;-999;    1;   4.3;   4;-999;-999;  -999;   9.9;    -999;   11.5;   74.63;   16.2;    4.1;    2.9;eor
        379;20200525;-999;-999;-999;    1;   0.1;   4;-999;-999;  -999;  10.1;    -999;   11.5;   75.67;   15.7;    3.8;    2.1;eor
        379;20200526;-999;-999;-999;    1;   0.0;   0;-999;-999;  -999;   9.6;    -999;   11.0;   75.58;   18.0;    3.6;    1.8;eor
        379;20200527;-999;-999;-999;    1;   2.6;   4;-999;-999;  -999;  10.1;    -999;   14.3;   65.08;   21.1;    4.9;    3.3;eor
        379;20200528;-999;-999;-999;    1;   0.0;   0;-999;-999;  -999;   9.3;    -999;   12.7;   64.88;   17.5;    5.3;    3.0;eor
        379;20200529;-999;-999;-999;    1;   0.0;   0;-999;-999;  -999;   8.3;    -999;   11.6;   64.17;   18.0;    2.8;    0.7;eor
        379;20200530;-999;-999;-999;    1;   0.0;   0;-999;-999;  -999;   8.3;    -999;   11.5;   62.96;   16.4;    4.9;    3.1;eor
        379;20200531;-999;-999;-999;    1;   0.0;   0;-999;-999;  -999;   9.0;    -999;   11.1;   70.58;   18.2;    3.4;    1.6;eor
        379;20200601;-999;-999;-999;    1;   0.0;   0;-999;-999;  -999;   9.4;    -999;   13.9;   62.88;   21.9;    3.3;    1.0;eor
        379;20200602;-999;-999;-999;    1;   0.0;   0;-999;-999;  -999;   9.8;    -999;   15.2;   61.29;   24.4;    4.2;    1.9;eor
        379;20200603;-999;-999;-999;    1;   4.3;   4;-999;-999;  -999;  12.0;    -999;   14.9;   74.21;   25.7;    5.8;    4.9;eor
        379;20200604;-999;-999;-999;    1;   5.2;   4;-999;-999;  -999;  13.9;    -999;   13.7;   88.29;   16.9;    8.1;    6.8;eor
        379;20200605;-999;-999;-999;    1;   1.6;   4;-999;-999;  -999;  10.2;    -999;   11.2;   77.33;   15.3;    6.7;    3.9;eor
        379;20200606;-999;-999;-999;    1;   2.0;   4;-999;-999;  -999;   9.8;    -999;   10.1;   79.67;   16.3;    2.6;    1.4;eor
        379;20200607;-999;-999;-999;    1;   0.0;   0;-999;-999;  -999;  10.3;    -999;   12.1;   74.71;   16.7;    6.6;    6.0;eor
        379;20200608;-999;-999;-999;    1;   0.0;   0;-999;-999;  -999;   9.2;    -999;   12.6;   66.75;   18.7;    5.0;    2.7;eor
        379;20200609;-999;-999;-999;    1;   4.6;   4;-999;-999;  -999;  11.5;    -999;   12.7;   79.38;   19.1;    6.7;    5.6;eor
