STATIONS_ID;MESS_DATUM;QN_3;  FX;  FM;QN_4; RSK;RSKF; SDK;SHK_TAG;  NM; VPM;  PM; TMK; UPM; TXK; TNK; TGK;eor
       3623;20181208;   10;  20.6;   9.0;    3;   4.0;   4;    0.200;-999;  -999;   8.4;  987.74;    8.2;   76.04;   -999;   -999;-999;eor
       3623;20181209;   10;  23.2;   9.7;    3;   8.5;   4;    0.200;-999;  -999;   8.6;  987.25;    7.6;   82.92;   -999;   -999;-999;eor
       3623;20181210;   10;  14.4;   6.6;    3;   2.6;   4;    0.100;   0;   5.3;   7.2; 1005.16;    4.5;   86.46;   -999;   -999;-999;eor
       3623;20181211;   10;  11.8;   4.2;    3;   1.2;   4;    1.000;   0;   5.8;   6.9; 1007.81;    3.5;   87.92;   -999;   -999;-999;eor
       3623;20181212;   10;   4.6;   1.4;    3;   0.0;   0;    0.600;   0;   5.8;   6.3; 1008.33;    1.9;   89.79;   -999;   -999;-999;eor
       3623;20181213;   10;  10.3;   2.8;    3;   0.0;   0;    6.700;   0;  -999;   4.8; 1004.26;    0.7;   75.04;   -999;   -999;-999;eor
       3623;20181214;   10;   8.2;   2.2;    3;   0.0;   0;    0.000;   0;   7.7;   4.1; 1006.28;    0.6;   63.63;   -999;   -999;-999;eor
       3623;20181215;   10;  10.8;   3.3;    3;   2.0;   4;    0.000;-999;  -999;   3.9; 1006.24;   -0.3;   65.21;   -999;   -999;-999;eor
       3623;20181216;   10;  12.9;   2.8;    3;   0.0;   4;    0.300;-999;  -999;   5.3;  995.78;   -0.1;   87.58;   -999;   -999;-999;eor
       3623;20181217;   10;  11.3;   3.1;    3;   0.7;   4;    1.100;   0;   5.5;   7.1; 1002.95;    4.2;   85.29;   -999;   -999;-999;eor
       3623;20181218;   10;  11.3;   3.2;    3;   0.0;   0;    4.000;   0;  -999;   6.9; 1004.35;    4.2;   83.54;   -999;   -999;-999;eor
       3623;20181219;   10;   8.7;   2.8;    3;   0.0;   4;    3.700;   0;   6.3;   7.9;  996.20;    7.6;   75.46;   -999;   -999;-999;eor
       3623;20181220;   10;   9.3;   3.1;    3;   2.3;   4;    1.000;   0;   7.0;   8.0;  996.44;    7.3;   77.75;   -999;   -999;-999;eor
       3623;20181221;   10;  24.2;   8.4;    3;   3.9;   4;    0.200;   0;   7.2;   9.6;  989.62;   10.6;   74.71;   -999;   -999;-999;eor
       3623;20181222;   10;  21.6;   7.5;    3;   5.6;   4;    0.900;-999;  -999;   9.5;  998.09;    9.3;   81.33;   -999;   -999;-999;eor
       3623;20181223;   10;  14.9;   3.3;    3;  19.6;   4;    0.000;-999;  -999;   9.7; 1001.93;    8.2;   89.08;   -999;   -999;-999;eor
       3623;20181224;   10;   9.3;   3.1;    3;   0.0;   0;    2.100;-999;  -999;   7.0; 1013.05;    4.1;   86.21;   -999;   -999;-999;eor
       3623;20181225;   10;   7.2;   2.2;    3;   0.0;   0;    0.600;-999;  -999;   5.7; 1019.30;    2.1;   81.25;   -999;   -999;-999;eor
       3623;20181226;   10;   3.6;   0.9;    3;   0.0;   0;    6.400;   0;   4.3;   4.9; 1016.14;   -1.0;   87.38;   -999;   -999;-999;eor
       3623;20181227;   10;   4.1;   1.2;    3;   0.0;   0;    1.800;-999;  -999;   5.5; 1010.89;    0.4;   86.83;   -999;   -999;-999;eor
       3623;20181228;   10;   3.6;   0.9;    3;   0.1;   4;    6.500;-999;  -999;   5.6; 1013.19;    0.9;   85.92;   -999;   -999;-999;eor
       3623;20181229;   10;  17.0;   4.8;    3;   0.4;   4;    0.000;-999;  -999;   8.1; 1014.47;    5.6;   87.75;   -999;   -999;-999;eor
       3623;20181230;   10;  13.4;   5.4;    3;   1.3;   4;    0.000;-999;  -999;   8.6; 1016.47;    7.1;   85.46;   -999;   -999;-999;eor
       3623;20181231;   10;   8.7;   3.4;    3;   0.4;   4;    0.000;-999;  -999;  10.4; 1017.30;    8.2;   95.42;   -999;   -999;-999;eor
       3623;20190101;   10;  15.9;   6.4;    3;   1.8;   4;    0.000;-999;  -999;   8.5; 1013.76;    6.4;   88.42;   -999;   -999;-999;eor
       3623;20190102;   10;  12.9;   5.4;    3;   0.0;   4;    1.900;   0;   5.0;   5.8; 1019.19;    3.5;   74.75;   -999;   -999;-999;eor
       3623;20190103;   10;   7.7;   3.5;    3;   0.0;   4;    0.000;   0;   6.8;   6.6; 1022.30;    2.6;   88.00;   -999;   -999;-999;eor
       3623;20190104;   10;  11.8;   4.5;    3;   2.1;   4;    0.000;   0;   8.0;   6.8; 1020.61;    2.6;   92.71;   -999;   -999;-999;eor
       3623;20190105;   10;  12.9;   6.9;    3;   1.7;   4;    0.000;-999;  -999;   8.2; 1015.32;    4.9;   94.54;   -999;   -999;-999;eor
       3623;20190106;   10;  10.8;   4.9;    3;   0.4;   4;    0.200;-999;  -999;   7.8; 1016.94;    4.5;   92.78;   -999;   -999;-999;eor
       3623;20190107;   10;  15.4;   4.2;    3;   1.9;   4;    0.100;   0;   7.2;   7.9; 1014.36;    5.3;   88.46;   -999;   -999;-999;eor
       3623;20190108;   10;  21.1;   9.4;    3;   3.4;   4;    0.600;   0;   5.1;   7.7; 1001.22;    5.9;   82.75;   -999;   -999;-999;eor
       3623;20190109;   10;  17.0;   6.4;    3;   0.1;   4;    2.600;   0;   5.2;   5.9; 1002.76;    3.4;   76.50;   -999;   -999;-999;eor
       3623;20190110;   10;   6.7;   2.7;    3;   0.0;   4;    0.000;   0;   6.8;   5.5; 1009.94;    0.7;   85.83;   -999;   -999;-999;eor
       3623;20190111;   10;   9.8;   4.3;    3;   0.4;   4;    0.000;   0;   7.8;   7.6; 1008.29;    3.6;   93.92;   -999;   -999;-999;eor
       3623;20190112;   10;  15.4;   7.1;    3;   3.9;   4;    0.000;-999;  -999;   8.3; 1002.88;    5.9;   88.88;   -999;   -999;-999;eor
       3623;20190113;   10;  19.0;   8.7;    3;  11.3;   4;    0.000;   0;   7.7;   9.5;  991.48;    7.6;   91.25;   -999;   -999;-999;eor
       3623;20190114;   10;  14.9;   6.0;    3;   2.4;   4;    1.100;   0;   6.0;   7.1;  997.86;    4.5;   84.96;   -999;   -999;-999;eor
       3623;20190115;   10;  13.9;   5.7;    3;   0.0;   4;    0.600;   0;   6.7;   7.1; 1002.98;    4.7;   82.33;   -999;   -999;-999;eor
       3623;20190116;   10;  11.3;   3.4;    3;   0.1;   4;    0.100;   0;   7.3;   6.7;  994.26;    5.5;   73.63;   -999;   -999;-999;eor
       3623;20190117;   10;  16.5;   5.9;    3;   0.9;   4;    0.800;   0;   6.3;   6.7;  989.44;    3.8;   84.13;   -999;   -999;-999;eor
       3623;20190118;   10;  10.8;   2.1;    3;   0.0;   0;    4.300;   0;  -999;   5.3; 1002.83;    0.2;   86.08;   -999;   -999;-999;eor
       3623;20190119;   10;   7.7;   1.9;    3;   0.0;   0;    7.300;-999;  -999;   4.3; 1000.08;   -1.3;   78.29;   -999;   -999;-999;eor
       3623;20190120;   10;   5.1;   1.7;    3;   0.0;   0;    7.600;-999;  -999;   3.7; 1000.96;   -3.7;   80.21;   -999;   -999;-999;eor
       3623;20190121;   10;   4.6;   1.0;    3;   0.0;   0;    7.600;   0;   0.8;   3.5; 1005.46;   -5.1;   83.58;   -999;   -999;-999;eor
       3623;20190122;   10;  12.3;   3.3;    3;   0.8;   4;    4.200;   0;   6.1;   3.8;  991.73;   -3.5;   79.54;   -999;   -999;-999;eor
       3623;20190123;   10;   7.2;   2.5;    3;   0.0;   0;    0.600;   3;   7.5;   4.2;  984.25;   -1.9;   79.50;   -999;   -999;-999;eor
       3623;20190124;   10;   5.1;   1.6;    3;   0.0;   4;    0.000;   2;   7.9;   3.8;  994.66;   -3.4;   80.50;   -999;   -999;-999;eor
       3623;20190125;   10;   7.2;   2.0;    3;   1.5;   4;    1.900;   2;   7.8;   5.4;  997.81;    0.4;   84.92;   -999;   -999;-999;eor
       3623;20190126;   10;  15.4;   5.8;    3;   0.1;   4;    0.200;   0;  -999;   8.0;  990.09;    6.1;   85.04;   -999;   -999;-999;eor
       3623;20190127;   10;  12.3;   4.9;    3;   3.1;   4;    0.600;-999;  -999;   7.3;  973.08;    5.6;   80.58;   -999;   -999;-999;eor
       3623;20190128;   10;  19.5;   8.3;    3;   3.8;   4;    0.100;   0;   7.0;   6.3;  980.10;    2.4;   87.08;   -999;   -999;-999;eor
       3623;20190129;   10;  10.3;   3.7;    3;   0.0;   0;    5.100;   0;   6.8;   5.3;  987.94;    1.6;   77.58;   -999;   -999;-999;eor
       3623;20190130;   10;  10.8;   3.1;    3;   6.8;   4;    0.000;   0;   7.8;   5.3;  977.50;   -0.3;   88.33;   -999;   -999;-999;eor
       3623;20190131;   10;   4.1;   1.4;    3;   0.2;   4;    3.300;  10;   5.6;   4.4;  979.78;   -2.8;   88.71;   -999;   -999;-999;eor
       3623;20190201;   10;   9.3;   2.6;    3;   3.4;   4;    2.800;  10;   6.8;   5.9;  973.66;    1.4;   86.46;   -999;   -999;-999;eor
       3623;20190202;   10;   6.7;   2.1;    3;   0.5;   4;    0.000;   2;   7.9;   6.4;  982.27;    1.0;   97.46;   -999;   -999;-999;eor
       3623;20190203;   10;   7.7;   3.5;    3;   0.0;   0;    3.600;   0;   6.0;   5.8; 1003.46;    1.8;   84.08;   -999;   -999;-999;eor
       3623;20190204;   10;  11.3;   2.8;    3;   0.2;   4;    2.500;   0;   5.1;   4.9; 1010.18;    2.0;   70.96;   -999;   -999;-999;eor
       3623;20190205;   10;   6.3;   1.4;    3;   0.0;   4;    0.000;   0;   7.5;   6.6; 1010.97;    3.5;   84.42;   -999;   -999;-999;eor
       3623;20190206;   10;   9.8;   2.9;    3;   0.6;   4;    1.200;   0;   7.0;   6.1; 1006.35;    4.8;   70.17;   -999;   -999;-999;eor
       3623;20190207;   10;  14.4;   5.3;    3;   0.1;   4;    2.900;   0;   6.7;   7.0;  995.93;    7.1;   69.29;   -999;   -999;-999;eor
       3623;20190208;   10;  15.4;   4.5;    3;   0.7;   4;    0.200;   0;   6.3;   7.4;  994.93;    7.4;   71.92;   -999;   -999;-999;eor
       3623;20190209;   10;  20.6;   8.1;    3;   0.4;   4;    4.100;   0;   6.5;   7.1;  990.14;    8.5;   64.33;   -999;   -999;-999;eor
       3623;20190210;   10;  20.6;   7.5;    3;  10.9;   4;    0.000;   0;   7.8;   8.2;  981.09;    7.4;   79.96;   -999;   -999;-999;eor
       3623;20190211;   10;  14.4;   6.2;    3;   0.0;   4;    0.800;   0;   5.6;   6.7; 1003.06;    4.0;   81.79;   -999;   -999;-999;eor
       3623;20190212;   10;   8.7;   3.6;    3;   0.0;   0;    1.700;   0;   5.2;   6.1; 1017.87;    3.0;   81.04;   -999;   -999;-999;eor
       3623;20190213;   10;   4.6;   1.6;    3;   0.0;   0;    6.600;   0;   5.3;   5.9; 1019.95;    3.4;   76.67;   -999;   -999;-999;eor
       3623;20190214;   10;   5.1;   2.1;    3;   0.0;   0;    8.900;   0;   4.9;   5.2; 1018.93;    4.4;   64.42;   -999;   -999;-999;eor
       3623;20190215;   10;   6.7;   2.5;    3;   0.0;   0;    9.200;   0;   0.0;   5.7; 1014.78;    7.6;   55.13;   -999;   -999;-999;eor
       3623;20190216;   10;   6.7;   2.0;    3;   0.0;   0;    9.100;   0;   2.6;   6.1; 1010.05;    7.5;   60.46;   -999;   -999;-999;eor
       3623;20190217;   10;   7.2;   2.7;    3;   0.0;   0;    9.200;   0;   5.3;   6.3; 1005.84;    7.9;   62.17;   -999;   -999;-999;eor
       3623;20190218;   10;  10.3;   3.0;    3;   0.4;   4;    9.200;   0;   2.3;   6.1; 1002.07;    8.6;   56.54;   -999;   -999;-999;eor
       3623;20190219;   10;  12.9;   4.4;    3;   0.0;   0;    5.200;   0;   5.2;   7.3; 1003.52;    7.6;   70.58;   -999;   -999;-999;eor
       3623;20190220;   10;   8.7;   2.5;    3;   0.0;   0;    4.300;   0;   5.8;   6.9; 1007.40;    6.3;   72.63;   -999;   -999;-999;eor
       3623;20190221;   10;   9.8;   2.6;    3;   1.1;   4;    2.300;   0;   6.6;   8.8; 1011.47;    8.8;   76.71;   -999;   -999;-999;eor
       3623;20190222;   10;   6.7;   1.7;    3;   0.1;   4;    0.900;   0;   5.9;   9.8; 1019.18;    8.9;   87.46;   -999;   -999;-999;eor
       3623;20190223;   10;   8.7;   3.1;    3;   0.0;   0;    7.600;   0;   3.5;   6.3; 1021.57;    6.1;   68.46;   -999;   -999;-999;eor
       3623;20190224;   10;   7.2;   2.4;    3;   0.0;   0;    9.700;   0;   2.0;   3.9; 1021.22;    6.6;   42.25;   -999;   -999;-999;eor
       3623;20190225;   10;   6.2;   2.1;    3;   0.0;   0;    9.800;   0;   3.3;   5.1; 1021.05;    8.0;   49.46;   -999;   -999;-999;eor
       3623;20190226;   10;   4.6;   1.5;    3;   0.0;   0;    9.800;   0;   2.3;   6.7; 1017.89;    8.0;   64.96;   -999;   -999;-999;eor
       3623;20190227;   10;   5.1;   2.1;    3;   0.0;   0;   10.000;   0;   0.4;   6.6; 1009.80;    9.0;   62.17;   -999;   -999;-999;eor
       3623;20190228;   10;  17.0;   4.0;    3;   2.2;   4;    5.400;   0;  -999;   8.5; 1001.03;    9.0;   74.46;   -999;   -999;-999;eor
       3623;20190301;   10;   9.8;   4.1;    3;   0.3;   4;    0.000;-999;  -999;   9.0;  999.47;    7.0;   90.04;   -999;   -999;-999;eor
       3623;20190302;   10;  13.4;   3.1;    3;   0.0;   0;    0.400;-999;  -999;   8.5;  999.27;    8.0;   79.33;   -999;   -999;-999;eor
       3623;20190303;   10;  14.9;   5.4;    3;   0.5;   4;    0.000;-999;  -999;   9.4;  991.60;   10.8;   71.63;   -999;   -999;-999;eor
       3623;20190304;   10;  24.7;   9.3;    3;   3.1;   4;    3.700;-999;  -999;   7.5;  980.31;    9.4;   64.17;   -999;   -999;-999;eor
       3623;20190305;   10;  18.0;   6.1;    3;   1.6;   4;    1.100;   0;   6.5;   6.9;  990.78;    6.4;   71.83;   -999;   -999;-999;eor
       3623;20190306;   10;  13.4;   4.0;    3;   0.0;   4;    0.000;   0;   7.5;   8.4;  985.70;    9.7;   70.17;   -999;   -999;-999;eor
       3623;20190307;   10;  19.5;   7.1;    3;   5.3;   4;    3.500;   0;   6.1;   8.1;  980.70;    9.4;   68.29;   -999;   -999;-999;eor
       3623;20190308;   10;  17.5;   6.4;    3;   2.3;   4;    2.700;   0;   6.8;   7.3;  995.23;    7.8;   69.25;   -999;   -999;-999;eor
       3623;20190309;   10;  24.7;   8.8;    3;   4.7;   4;    1.600;-999;  -999;   8.5;  995.84;    9.4;   72.63;   -999;   -999;-999;eor
       3623;20190310;   10;  33.4;   9.9;    3;   6.9;   4;    3.100;   0;   6.7;   8.2;  992.15;    8.0;   77.25;   -999;   -999;-999;eor
       3623;20190311;   10;  19.5;   8.8;    3;   2.0;   4;    2.600;   0;   6.1;   6.2; 1002.88;    4.0;   76.79;   -999;   -999;-999;eor
       3623;20190312;   10;  22.1;   5.5;    3;   0.4;   4;    0.500;   0;   6.7;   5.7;  998.12;    6.1;   62.67;   -999;   -999;-999;eor
       3623;20190313;   10;  20.6;   8.9;    3;   6.2;   4;    0.500;   0;   6.7;   7.0;  990.47;    6.0;   74.75;   -999;   -999;-999;eor
       3623;20190314;   10;  22.6;   7.5;    3;  10.2;   4;    0.800;   0;   6.9;   8.0;  988.55;    6.8;   80.42;   -999;   -999;-999;eor
       3623;20190315;   10;  21.6;   8.9;    3;  17.8;   4;    0.000;   0;   7.7;  10.2;  990.33;    9.4;   84.71;   -999;   -999;-999;eor
       3623;20190316;   10;  17.5;   5.7;    3;   1.9;   4;    0.300;-999;  -999;   9.3;  992.44;    9.5;   78.21;   -999;   -999;-999;eor
       3623;20190317;   10;  18.0;   6.8;    3;   1.8;   4;    2.300;   0;   6.7;   7.2;  988.69;    7.4;   71.04;   -999;   -999;-999;eor
       3623;20190318;   10;  12.9;   4.6;    3;   2.6;   4;    4.000;   0;   4.2;   6.4; 1002.15;    4.6;   75.42;   -999;   -999;-999;eor
       3623;20190319;   10;   5.7;   1.6;    3;   0.0;   0;    9.100;   0;   3.1;   5.7; 1012.36;    4.6;   69.57;   -999;   -999;-999;eor
       3623;20190320;   10;   5.7;   1.3;    3;   0.0;   0;    1.900;   0;   4.6;   7.0; 1017.51;    7.0;   70.83;   -999;   -999;-999;eor
       3623;20190321;   10;   6.2;   1.2;    3;   0.0;   0;   11.200;   0;   3.5;   7.4; 1017.62;    8.6;   69.71;   -999;   -999;-999;eor
       3623;20190322;   10;   7.2;   2.2;    3;   0.0;   4;   11.200;   0;   2.8;   7.1; 1013.03;   10.8;   60.00;   -999;   -999;-999;eor
       3623;20190323;   10;   7.2;   2.5;    3;   0.0;   0;    0.100;   0;  -999;   9.0; 1013.61;    8.4;   82.08;   -999;   -999;-999;eor
       3623;20190324;   10;   9.3;   2.9;    3;   0.0;   4;    5.000;   0;   5.2;   7.8; 1010.73;    7.9;   73.67;   -999;   -999;-999;eor
       3623;20190325;   10;  18.5;   6.8;    3;   3.4;   4;    4.000;   0;   5.8;   7.0; 1007.90;    6.2;   73.50;   -999;   -999;-999;eor
       3623;20190326;   10;   9.3;   3.3;    3;   0.0;   0;    0.400;   0;   7.0;   6.7; 1015.20;    6.4;   69.67;   -999;   -999;-999;eor
       3623;20190327;   10;   5.1;   1.9;    3;   0.0;   0;    1.500;   0;   6.7;   7.1; 1017.23;    6.9;   72.29;   -999;   -999;-999;eor
       3623;20190328;   10;   4.6;   1.2;    3;   0.0;   0;    0.400;   0;   6.3;   7.8; 1018.73;    8.1;   73.33;   -999;   -999;-999;eor
       3623;20190329;   10;   7.7;   2.1;    3;   0.0;   0;   11.800;   0;  -999;   7.9; 1013.86;    9.7;   67.75;   -999;   -999;-999;eor
       3623;20190330;   10;  10.8;   3.3;    3;   0.0;   0;   11.800;-999;  -999;   7.7; 1006.23;   11.4;   60.25;   -999;   -999;-999;eor
       3623;20190331;   10;   9.3;   2.9;    3;   0.0;   0;   10.200;-999;  -999;   8.1; 1006.62;    8.3;   74.08;   -999;   -999;-999;eor
       3623;20190401;   10;   6.2;   2.0;    3;   0.0;   0;   11.900;   0;   1.0;   6.8; 1003.98;    8.8;   60.54;   -999;   -999;-999;eor
       3623;20190402;   10;  17.5;   3.3;    3;   3.7;   4;    1.400;   0;   5.9;   8.5;  991.50;   10.1;   68.96;   -999;   -999;-999;eor
       3623;20190403;   10;   5.7;   1.7;    3;   0.3;   4;    0.000;   0;   7.1;   7.8;  986.28;    7.3;   76.67;   -999;   -999;-999;eor
       3623;20190404;   10;   5.1;   1.3;    3;   1.8;   4;    0.200;   0;   7.3;   7.4;  985.37;    5.3;   82.50;   -999;   -999;-999;eor
       3623;20190405;   10;   4.6;   1.7;    3;   0.0;   0;    3.100;   0;   6.3;   7.9;  989.98;    6.5;   82.25;   -999;   -999;-999;eor
       3623;20190406;   10;  10.3;   2.3;    3;   0.0;   0;    8.500;-999;  -999;   8.9;  988.80;   10.6;   71.13;   -999;   -999;-999;eor
       3623;20190407;   10;   9.8;   2.1;    3;   0.0;   0;   10.700;   0;   4.3;   8.8;  989.31;   12.7;   63.42;   -999;   -999;-999;eor
       3623;20190408;   10;   7.2;   2.5;    3;   0.0;   4;    3.200;   0;   5.3;  11.1;  993.85;   11.7;   81.63;   -999;   -999;-999;eor
       3623;20190409;   10;   9.3;   2.5;    3;   4.2;   4;    1.000;   0;   7.0;  10.9;  994.90;   11.6;   80.83;   -999;   -999;-999;eor
       3623;20190410;   10;  10.3;   3.7;    3;   0.0;   0;   11.200;   0;   4.5;   6.6;  998.89;    8.3;   62.38;   -999;   -999;-999;eor
       3623;20190411;   10;  10.8;   3.3;    3;   0.0;   0;   12.100;   0;   0.8;   4.7; 1005.66;    5.7;   54.13;   -999;   -999;-999;eor
       3623;20190412;   10;   8.7;   3.1;    3;   0.0;   0;    0.000;   0;   6.6;   4.6; 1008.02;    4.0;   56.83;   -999;   -999;-999;eor
       3623;20190413;   10;  11.8;   3.4;    3;   0.1;   4;    4.800;-999;  -999;   5.1; 1007.49;    2.6;   70.29;   -999;   -999;-999;eor
       3623;20190414;   10;  10.8;   3.1;    3;   0.0;   4;    5.900;-999;  -999;   5.6; 1007.70;    4.6;   69.17;   -999;   -999;-999;eor
       3623;20190415;   10;  10.3;   2.6;    3;   0.0;   0;    9.400;   0;   2.5;   6.7; 1006.48;    8.8;   61.83;   -999;   -999;-999;eor
       3623;20190416;   10;  11.3;   3.1;    3;   0.9;   4;    9.600;   0;   4.2;   7.5; 1001.17;   11.9;   53.58;   -999;   -999;-999;eor
       3623;20190417;   10;   9.3;   2.5;    3;   0.1;   4;    5.700;   0;   5.4;  10.4; 1005.47;   12.7;   72.42;   -999;   -999;-999;eor
       3623;20190418;   10;  11.3;   3.4;    3;   0.0;   0;   12.400;   0;   2.9;   7.6; 1008.18;   15.7;   44.96;   -999;   -999;-999;eor
       3623;20190419;   10;  10.3;   2.3;    3;   0.0;   0;   13.000;   0;  -999;   6.9; 1011.34;   15.8;   42.38;   -999;   -999;-999;eor
       3623;20190420;   10;   7.7;   1.8;    3;   0.0;   0;   13.100;   0;  -999;   7.8; 1011.44;   15.3;   48.83;   -999;   -999;-999;eor
       3623;20190421;   10;  11.3;   1.3;    3;   0.0;   0;   13.100;-999;  -999;   7.5; 1003.80;   15.4;   48.21;   -999;   -999;-999;eor
       3623;20190422;   10;  12.3;   3.7;    3;   0.0;   0;   12.600;   0;   4.3;   7.4;  992.87;   16.4;   43.67;   -999;   -999;-999;eor
       3623;20190423;   10;  10.8;   3.2;    3;   0.0;   0;    7.200;   0;   5.8;   8.5;  983.68;   15.3;   48.54;   -999;   -999;-999;eor
       3623;20190424;   10;  19.0;   3.6;    3;   8.4;   4;    6.400;   0;   6.3;  10.1;  985.58;   16.4;   59.17;   -999;   -999;-999;eor
       3623;20190425;   10;  15.4;   3.5;    3;   3.3;   4;    2.600;   0;   5.6;   9.8;  991.43;   13.0;   68.50;   -999;   -999;-999;eor
       3623;20190426;   10;   7.2;   2.4;    3;   0.6;   4;    3.900;   0;  -999;   9.7;  997.50;   11.7;   71.67;   -999;   -999;-999;eor
       3623;20190427;   10;  16.5;   4.5;    3;   1.0;   4;    2.800;-999;  -999;   8.5;  997.58;    9.4;   72.54;   -999;   -999;-999;eor
       3623;20190428;   10;   8.7;   2.7;    3;   2.6;   4;    3.800;   0;   5.3;   7.9; 1002.81;    8.1;   74.58;   -999;   -999;-999;eor
       3623;20190429;   10;  10.3;   2.7;    3;   0.0;   4;    7.800;   0;   4.8;   8.2; 1007.72;    9.4;   71.42;   -999;   -999;-999;eor
       3623;20190430;   10;   8.2;   3.1;    3;   0.0;   0;    8.400;   0;   4.3;   9.5; 1005.98;   11.9;   69.96;   -999;   -999;-999;eor
       3623;20190501;   10;   5.7;   1.8;    3;   0.0;   0;    4.300;   0;   4.7;   9.8; 1001.35;    8.9;   86.67;   -999;   -999;-999;eor
       3623;20190502;   10;  11.3;   3.3;    3;   3.0;   4;    3.300;   0;   6.7;   9.6;  995.64;   10.0;   79.04;   -999;   -999;-999;eor
       3623;20190503;   10;   9.8;   3.6;    3;  13.3;   4;    1.900;   0;   7.1;   8.4;  996.49;    8.6;   76.38;   -999;   -999;-999;eor
       3623;20190504;   10;  14.4;   4.1;    3;   1.9;   4;    4.600;   0;   6.6;   6.9;  995.72;    4.7;   81.71;   -999;   -999;-999;eor
       3623;20190505;   10;  12.9;   3.6;    3;   1.0;   4;    3.200;   0;   5.4;   6.9; 1003.99;    5.5;   77.92;   -999;   -999;-999;eor
       3623;20190506;   10;  12.9;   3.3;    3;   0.0;   4;    0.500;   0;   6.9;   7.1; 1005.23;    6.3;   74.63;   -999;   -999;-999;eor
       3623;20190507;   10;   5.7;   1.4;    3;   0.0;   0;    4.200;   0;   6.9;   7.2; 1001.18;    8.6;   65.46;   -999;   -999;-999;eor
       3623;20190508;   10;   9.3;   2.6;    3;   7.7;   4;    0.300;   0;   7.4;   9.9;  986.13;    9.2;   82.96;   -999;   -999;-999;eor
       3623;20190509;   10;  17.0;   3.4;    3;   3.2;   4;    3.700;   0;   6.2;  10.1;  983.60;   11.4;   75.08;   -999;   -999;-999;eor
       3623;20190510;   10;  10.3;   3.3;    3;  11.2;   4;    3.200;   0;   6.6;   9.9;  993.60;   10.9;   75.96;   -999;   -999;-999;eor
       3623;20190511;   10;  12.3;   2.9;    3;   4.6;   4;    2.300;   0;   6.7;   9.8;  999.08;   10.0;   80.92;   -999;   -999;-999;eor
       3623;20190512;   10;  10.3;   3.3;    3;   0.0;   0;    5.900;   0;   5.0;   7.0; 1016.92;    8.9;   62.75;   -999;   -999;-999;eor
       3623;20190513;   10;  11.3;   2.9;    3;   0.0;   0;   14.100;   0;   2.8;   6.0; 1021.33;    9.6;   53.71;   -999;   -999;-999;eor
       3623;20190514;   10;   9.8;   3.3;    3;   0.0;   0;   13.100;   0;   3.7;   6.7; 1015.89;    9.9;   57.04;   -999;   -999;-999;eor
       3623;20190515;   10;  11.8;   2.9;    3;   0.0;   0;   14.300;   0;   1.4;   5.8; 1009.19;   10.1;   50.96;   -999;   -999;-999;eor
       3623;20190516;   10;   9.8;   3.1;    3;   2.9;   4;    5.400;   0;   6.6;   8.0; 1000.95;   10.1;   65.42;   -999;   -999;-999;eor
       3623;20190517;   10;   5.7;   2.2;    3;   3.8;   4;    0.000;   0;   7.6;  11.2;  991.75;   10.4;   88.54;   -999;   -999;-999;eor
       3623;20190518;   10;   8.2;   1.5;    3;   0.2;   4;    4.800;   0;   6.4;  12.4;  990.15;   14.8;   75.29;   -999;   -999;-999;eor
       3623;20190519;   10;  15.4;   2.2;    3;   0.0;   0;    4.000;   0;   6.9;  13.2;  989.74;   15.3;   76.96;   -999;   -999;-999;eor
       3623;20190520;   10;  11.3;   4.8;    3;   0.2;   4;    0.000;   0;   7.6;  13.1;  992.18;   13.1;   86.88;   -999;   -999;-999;eor
       3623;20190521;   10;  14.4;   5.6;    3;   9.6;   4;    0.000;   0;   7.8;  12.4;  997.72;   11.1;   93.75;   -999;   -999;-999;eor
       3623;20190522;   10;   9.3;   3.3;    3;   0.0;   0;    6.900;   0;   6.4;  10.4; 1003.69;   12.9;   71.42;   -999;   -999;-999;eor
       3623;20190523;   10;   6.7;   1.8;    3;   0.0;   0;   12.000;   0;   6.5;   9.6; 1002.38;   15.6;   57.33;   -999;   -999;-999;eor
       3623;20190524;   10;   9.8;   2.3;    3;   0.0;   0;   10.800;   0;   6.3;  10.1;  999.51;   16.7;   55.88;   -999;   -999;-999;eor
       3623;20190525;   10;   8.7;   2.5;    3;   0.0;   0;   10.000;   0;   4.6;   9.9; 1001.47;   13.8;   63.88;   -999;   -999;-999;eor
       3623;20190526;   10;  10.3;   3.7;    3;   0.4;   4;    5.000;   0;   5.8;  12.0;  998.51;   16.1;   66.46;   -999;   -999;-999;eor
       3623;20190527;   10;   9.3;   3.2;    3;   0.0;   4;    1.400;   0;   7.2;  12.1;  993.91;   15.1;   71.83;   -999;   -999;-999;eor
       3623;20190528;   10;  12.9;   3.6;    3;   1.6;   4;    3.400;   0;   6.7;  10.6;  994.15;   12.6;   73.21;   -999;   -999;-999;eor
       3623;20190529;   10;   4.6;   1.8;    3;   0.0;   4;   13.400;   0;   2.1;   8.4; 1005.06;   13.1;   58.67;   -999;   -999;-999;eor
       3623;20190530;   10;  10.3;   3.7;    3;   0.1;   4;    2.200;-999;  -999;  12.6; 1007.58;   16.1;   68.13;   -999;   -999;-999;eor
       3623;20190531;   10;   9.8;   3.3;    3;   0.0;   0;   10.200;   0;   6.3;  13.2; 1008.93;   18.2;   64.04;   -999;   -999;-999;eor
       3623;20190601;   10;   4.6;   1.3;    3;   0.0;   0;   14.300;-999;  -999;  14.3; 1005.83;   19.3;   66.17;   -999;   -999;-999;eor
       3623;20190602;   10;  10.8;   2.9;    3;   0.1;   4;   14.900;   0;   2.4;  14.1;  998.72;   23.6;   52.08;   -999;   -999;-999;eor
       3623;20190603;   10;  10.8;   3.2;    3;   4.0;   4;    2.700;   0;   6.1;  16.1;  997.74;   20.1;   68.63;   -999;   -999;-999;eor
       3623;20190604;   10;  19.5;   2.8;    3;   3.0;   4;    8.200;   0;   6.5;  17.1;  993.52;   20.8;   72.04;   -999;   -999;-999;eor
       3623;20190605;   10;  17.0;   3.1;    3;  14.6;   4;    9.700;   0;   4.8;  16.6;  990.84;   20.9;   69.00;   -999;   -999;-999;eor
       3623;20190606;   10;  17.5;   4.4;    3;   0.0;   0;    6.700;   0;   5.8;  11.2;  996.83;   14.6;   68.87;   -999;   -999;-999;eor
       3623;20190607;   10;  17.5;   5.0;    3;   0.8;   4;    9.100;   0;   4.3;  11.3;  994.83;   15.2;   67.04;   -999;   -999;-999;eor
       3623;20190608;   10;  18.0;   6.3;    3;   0.0;   4;    4.500;-999;  -999;   9.3; 1002.55;   15.0;   55.38;   -999;   -999;-999;eor
       3623;20190609;   10;   8.2;   2.2;    3;   0.0;   0;    7.400;-999;  -999;  10.8; 1005.62;   15.9;   61.08;   -999;   -999;-999;eor
       3623;20190610;   10;  10.3;   2.7;    3;   0.4;   4;    4.400;   0;   7.0;  13.5;  996.52;   17.4;   68.21;   -999;   -999;-999;eor
       3623;20190611;   10;   6.2;   2.5;    3;   0.0;   4;    5.900;   0;   6.2;  12.2;  996.14;   16.2;   67.25;   -999;   -999;-999;eor
       3623;20190612;   10;  10.3;   3.1;    3;   7.4;   4;    5.600;   0;   5.8;  12.6;  993.98;   16.2;   69.88;   -999;   -999;-999;eor
       3623;20190613;   10;  19.0;   4.0;    3;   0.1;   4;    8.600;   0;   4.8;  11.0;  997.25;   15.9;   62.92;   -999;   -999;-999;eor
       3623;20190614;   10;   6.2;   2.0;    3;   0.5;   4;   10.200;   0;   5.3;  13.9;  997.88;   19.0;   64.92;   -999;   -999;-999;eor
       3623;20190615;   10;  13.4;   3.9;    3;   0.0;   0;    6.500;-999;  -999;  15.1;  997.85;   19.1;   69.46;   -999;   -999;-999;eor
       3623;20190616;   10;   9.8;   2.7;    3;   0.0;   0;    9.500;-999;  -999;  12.7; 1004.52;   18.5;   61.00;   -999;   -999;-999;eor
       3623;20190617;   10;   6.2;   1.7;    3;   0.0;   0;   14.900;   0;   2.7;  13.0; 1003.78;   19.8;   59.33;   -999;   -999;-999;eor
       3623;20190618;   10;   7.7;   1.7;    3;   0.0;   0;   11.900;   0;   5.7;  15.2;  998.16;   21.8;   60.79;   -999;   -999;-999;eor
       3623;20190619;   10;  14.9;   3.3;    3;   3.4;   4;    7.100;   0;   4.5;  15.9;  992.90;   21.6;   65.25;   -999;   -999;-999;eor
       3623;20190620;   10;   9.3;   2.8;    3;   2.4;   4;    3.100;   0;   6.3;  15.5;  997.15;   17.7;   77.38;   -999;   -999;-999;eor
       3623;20190621;   10;   9.8;   3.0;    3;   0.0;   0;   13.600;   0;   2.8;  11.1; 1003.72;   16.9;   59.75;   -999;   -999;-999;eor
       3623;20190622;   10;   9.3;   2.2;    3;   0.0;   0;   13.500;   0;   3.6;  13.1; 1004.07;   18.9;   62.38;   -999;   -999;-999;eor
       3623;20190623;   10;  10.8;   2.4;    3;   0.0;   0;   12.600;   0;  -999;  15.7; 1002.53;   22.4;   60.50;   -999;   -999;-999;eor
       3623;20190624;   10;  11.3;   3.1;    3;   0.0;   0;   12.800;   0;   4.9;  17.1; 1002.57;   25.5;   53.79;   -999;   -999;-999;eor
       3623;20190625;   10;  10.3;   3.0;    3;   0.0;   0;   11.700;   0;   5.8;  18.3; 1002.05;   27.8;   52.21;   -999;   -999;-999;eor
       3623;20190626;   10;   8.2;   3.5;    3;   0.0;   0;   13.200;   0;   1.0;  20.8; 1007.95;   25.4;   64.75;   -999;   -999;-999;eor
       3623;20190627;   10;   8.7;   3.6;    3;   0.0;   0;   14.800;   0;   0.6;  13.0; 1010.90;   20.7;   56.96;   -999;   -999;-999;eor
       3623;20190628;   10;   7.7;   2.3;    3;   0.0;   0;   14.900;   0;   0.1;  11.8; 1008.38;   19.7;   55.13;   -999;   -999;-999;eor
       3623;20190629;   10;   8.7;   2.5;    3;   0.0;   0;   14.900;   0;   0.3;  11.3; 1002.62;   24.3;   42.63;   -999;   -999;-999;eor
       3623;20190630;   10;  14.9;   4.1;    3;   0.0;   4;   12.400;   0;   2.6;  16.5;  999.01;   25.2;   51.04;   -999;   -999;-999;eor
       3623;20190701;   10;  12.9;   4.7;    3;   0.0;   0;   10.300;   0;   4.7;  13.0; 1002.66;   20.4;   55.33;   -999;   -999;-999;eor
       3623;20190702;   10;   9.3;   3.0;    3;   0.0;   0;    9.400;   0;   2.5;  10.8; 1006.71;   17.8;   54.92;   -999;   -999;-999;eor
       3623;20190703;   10;   9.3;   3.2;    3;   0.0;   0;   10.500;   0;   1.9;  10.0; 1008.43;   16.7;   54.13;   -999;   -999;-999;eor
       3623;20190704;   10;   7.7;   2.1;    3;   0.0;   0;   14.000;   0;   3.7;   9.2; 1007.50;   17.5;   48.83;   -999;   -999;-999;eor
       3623;20190705;   10;  10.8;   3.4;    3;   0.0;   0;    9.100;   0;   5.5;  12.0; 1001.89;   20.9;   49.54;   -999;   -999;-999;eor
       3623;20190706;   10;  14.9;   4.2;    3;   0.0;   4;    9.600;-999;  -999;  13.0;  996.40;   21.1;   55.38;   -999;   -999;-999;eor
       3623;20190707;   10;   9.3;   3.6;    3;   0.0;   0;    6.400;   0;   5.0;  10.9;  999.29;   16.6;   59.54;   -999;   -999;-999;eor
       3623;20190708;   10;   8.7;   3.4;    3;   0.0;   0;    0.700;   0;   5.5;  10.2; 1003.81;   14.2;   63.92;   -999;   -999;-999;eor
       3623;20190709;   10;   8.7;   2.9;    3;   0.0;   0;    9.900;   0;   5.2;   9.3; 1005.00;   15.3;   55.96;   -999;   -999;-999;eor
       3623;20190710;   10;   8.2;   2.5;    3;   0.1;   4;    9.400;   0;   6.1;   9.5; 1003.68;   17.1;   51.92;   -999;   -999;-999;eor
       3623;20190711;   10;  11.3;   2.8;    3;   1.2;   4;    2.600;   0;   6.8;  13.9;  997.75;   19.7;   61.25;   -999;   -999;-999;eor
       3623;20190712;   10;  12.9;   3.3;    3;   1.2;   4;    4.900;   0;   6.3;  14.9;  996.53;   18.7;   70.79;   -999;   -999;-999;eor
       3623;20190713;   10;  10.3;   3.7;    3;   4.2;   4;    1.300;   0;   7.7;  15.8; 1002.13;   16.7;   82.75;   -999;   -999;-999;eor
       3623;20190714;   10;   7.7;   3.2;    3;   0.0;   0;    0.600;   0;   6.3;  12.3; 1003.94;   15.9;   68.50;   -999;   -999;-999;eor
       3623;20190715;   10;   6.7;   2.9;    3;   0.0;   0;    0.000;   0;   6.9;  11.9; 1004.05;   14.9;   70.79;   -999;   -999;-999;eor
       3623;20190716;   10;   7.7;   2.4;    3;   0.0;   0;    5.300;   0;   6.3;  12.0; 1003.18;   15.3;   69.58;   -999;   -999;-999;eor
       3623;20190717;   10;   6.7;   1.4;    3;   0.0;   0;    5.500;   0;   5.3;  12.7;  999.80;   16.0;   71.13;   -999;   -999;-999;eor
       3623;20190718;   10;  12.9;   3.1;    3;   0.9;   4;    5.400;   0;   6.2;  13.4;  996.52;   20.2;   58.50;   -999;   -999;-999;eor
       3623;20190719;   10;  10.3;   2.9;    3;   0.0;   0;    5.000;   0;   7.0;  14.6;  998.47;   20.6;   62.67;   -999;   -999;-999;eor
       3623;20190720;   10;  15.4;   3.5;    3;   2.2;   4;    6.100;-999;  -999;  16.6;  996.62;   21.9;   65.33;   -999;   -999;-999;eor
       3623;20190721;   10;   9.8;   3.3;    3;   0.0;   0;    9.200;-999;  -999;  14.6; 1004.94;   20.3;   63.13;   -999;   -999;-999;eor
       3623;20190722;   10;  11.8;   3.1;    3;   0.0;   0;   13.800;   0;   3.6;  14.5; 1007.68;   22.6;   54.79;   -999;   -999;-999;eor
       3623;20190723;   10;   8.7;   2.2;    3;   0.0;   0;   14.500;   0;   2.5;  15.2; 1004.22;   25.9;   50.00;   -999;   -999;-999;eor
       3623;20190724;   10;   6.2;   2.1;    3;   0.0;   0;   13.900;   0;   2.6;  15.0;  999.07;   30.0;   39.92;   -999;   -999;-999;eor
       3623;20190725;   10;   7.7;   2.3;    3;   0.0;   0;    9.300;   0;   2.5;  17.6;  998.53;   30.9;   43.29;   -999;   -999;-999;eor
       3623;20190726;   10;  13.4;   2.9;    3;   0.0;   0;    8.100;   0;  -999;  16.9;  993.10;   27.8;   48.54;   -999;   -999;-999;eor
       3623;20190727;   10;  10.8;   2.3;    3;  36.1;   4;    0.400;-999;  -999;  21.1;  987.71;   21.2;   84.25;   -999;   -999;-999;eor
       3623;20190728;   10;  11.8;   4.2;    3;   0.9;   4;    0.000;-999;  -999;  19.4;  988.78;   18.1;   93.75;   -999;   -999;-999;eor
       3623;20190729;   10;  11.8;   2.3;    3;   0.0;   0;   14.100;   0;   2.3;  14.0;  995.95;   20.3;   61.83;   -999;   -999;-999;eor
       3623;20190730;   10;  10.8;   2.9;    3;   0.0;   4;    8.400;   0;   3.2;  13.9;  996.50;   22.2;   55.83;   -999;   -999;-999;eor
       3623;20190731;   10;  13.9;   4.3;    3;   0.0;   4;    6.000;   0;   5.7;  13.0; 1000.45;   20.1;   56.33;   -999;   -999;-999;eor
       3623;20190801;   10;   9.8;   3.4;    3;   0.0;   0;    7.000;   0;   5.5;  13.7; 1001.49;   19.7;   60.63;   -999;   -999;-999;eor
       3623;20190802;   10;  14.4;   4.7;    3;   9.1;   4;    6.500;   0;   6.2;  15.8;  999.69;   19.2;   72.54;   -999;   -999;-999;eor
       3623;20190803;   10;   8.2;   3.3;    3;   0.0;   0;    3.100;-999;  -999;  16.3; 1001.94;   18.3;   78.38;   -999;   -999;-999;eor
       3623;20190804;   10;   5.7;   1.4;    3;   0.6;   4;   11.000;   0;  -999;  15.0;  999.87;   20.1;   66.25;   -999;   -999;-999;eor
       3623;20190805;   10;  11.8;   3.6;    3;   0.0;   4;    8.100;   0;   7.0;  15.6;  995.77;   22.3;   59.75;   -999;   -999;-999;eor
       3623;20190806;   10;   8.7;   2.9;    3;   3.5;   4;    3.700;   0;   6.9;  16.1;  995.01;   20.4;   68.88;   -999;   -999;-999;eor
       3623;20190807;   10;  15.9;   3.5;    3;   0.3;   4;    5.600;   0;   6.3;  15.8;  993.13;   19.2;   72.29;   -999;   -999;-999;eor
       3623;20190808;   10;   9.8;   2.6;    3;   0.0;   4;    4.700;   0;   5.6;  15.2;  996.64;   18.8;   70.17;   -999;   -999;-999;eor
       3623;20190809;   10;  10.8;   2.4;    3;   9.6;   4;    0.100;   0;  -999;  19.4;  993.21;   20.4;   81.33;   -999;   -999;-999;eor
       3623;20190810;   10;  14.9;   5.5;    3;   0.0;   0;    8.000;   0;  -999;  14.5;  996.31;   21.2;   58.63;   -999;   -999;-999;eor
       3623;20190811;   10;   8.2;   2.6;    3;   0.0;   4;    5.500;-999;  -999;  12.3;  999.81;   18.2;   60.00;   -999;   -999;-999;eor
       3623;20190812;   10;  12.9;   2.7;    3;   5.3;   4;    5.500;   0;   4.6;  13.5;  999.89;   16.0;   75.25;   -999;   -999;-999;eor
       3623;20190813;   10;  15.4;   4.4;    3;   0.0;   4;    6.100;   0;   5.2;  12.0; 1002.21;   15.3;   70.13;   -999;   -999;-999;eor
       3623;20190814;   10;   8.7;   2.0;    3;   1.7;   4;    9.100;   0;   3.8;  11.4; 1001.47;   16.3;   64.96;   -999;   -999;-999;eor
       3623;20190815;   10;  15.9;   4.8;    3;   5.6;   4;    3.900;   0;   6.8;  15.9;  996.64;   17.9;   78.50;   -999;   -999;-999;eor
       3623;20190816;   10;   8.7;   2.6;    3;   0.1;   4;    7.400;   0;  -999;  13.9; 1000.30;   18.3;   67.67;   -999;   -999;-999;eor
       3623;20190817;   10;  11.8;   3.3;    3;  12.2;   4;    0.400;   0;  -999;  16.2;  993.70;   19.5;   71.21;   -999;   -999;-999;eor
       3623;20190818;   10;  15.4;   3.3;    3;   3.3;   4;    1.000;   0;  -999;  17.5;  992.22;   17.3;   88.25;   -999;   -999;-999;eor
       3623;20190819;   10;  11.3;   3.8;    3;   0.0;   0;    9.500;   0;   4.0;  12.3; 1001.16;   17.5;   63.29;   -999;   -999;-999;eor
       3623;20190820;   10;   8.7;   2.6;    3;   0.0;   0;   10.900;   0;   4.1;  11.9; 1007.57;   16.3;   66.25;   -999;   -999;-999;eor
       3623;20190821;   10;   6.7;   1.2;    3;   0.0;   0;   11.300;   0;   3.0;  11.9; 1011.77;   16.3;   66.88;   -999;   -999;-999;eor
       3623;20190822;   10;   7.7;   1.9;    3;   0.0;   0;   13.000;   0;   1.0;  11.6; 1009.80;   18.8;   57.25;   -999;   -999;-999;eor
       3623;20190823;   10;   7.2;   1.5;    3;   0.0;   0;   12.600;   0;   2.0;  12.6; 1008.92;   19.9;   58.54;   -999;   -999;-999;eor
       3623;20190824;   10;   7.7;   1.8;    3;   0.0;   0;   12.900;-999;  -999;  12.8; 1004.85;   20.9;   56.63;   -999;   -999;-999;eor
       3623;20190825;   10;   5.1;   1.5;    3;   0.0;   0;   12.200;-999;  -999;  16.3; 1003.17;   22.8;   59.79;   -999;   -999;-999;eor
       3623;20190826;   10;   6.2;   1.6;    3;   0.0;   0;   11.000;   0;   1.6;  18.1; 1002.03;   24.5;   61.71;   -999;   -999;-999;eor
       3623;20190827;   10;   7.2;   1.8;    3;   0.0;   0;    8.400;   0;   2.3;  18.1;  999.63;   24.9;   61.42;   -999;   -999;-999;eor
       3623;20190828;   10;   9.3;   2.5;    3;   0.0;   0;    6.700;   0;   5.9;  17.0;  998.98;   24.0;   59.17;   -999;   -999;-999;eor
       3623;20190829;   10;   8.7;   2.6;    3;   0.0;   0;    4.300;   0;   6.2;  17.1; 1003.65;   21.3;   68.67;   -999;   -999;-999;eor
       3623;20190830;   10;   5.1;   1.8;    3;   0.0;   0;   11.900;   0;   2.3;  14.4; 1006.48;   19.7;   65.13;   -999;   -999;-999;eor
       3623;20190831;   10;  12.7;   3.1;    3;   0.0;   0;   10.800;-999;  -999;  14.4;  997.54;   23.3;   54.67;   -999;   -999;-999;eor
       3623;20190901;   10;   8.7;   3.6;    3;   3.4;   4;    3.100;   0;  -999;  13.5;  999.83;   17.3;   68.71;   -999;   -999;-999;eor
       3623;20190902;   10;   9.8;   2.6;    3;   0.0;   0;   11.500;   0;   2.6;   9.7; 1007.46;   15.3;   58.42;   -999;   -999;-999;eor
       3623;20190903;   10;   9.8;   3.5;    3;   0.0;   0;    1.500;   0;   5.6;  12.0; 1008.07;   16.2;   64.63;   -999;   -999;-999;eor
       3623;20190904;   10;  15.4;   4.0;    3;   0.6;   4;    5.100;   0;   6.0;  13.4; 1001.01;   17.9;   67.38;   -999;   -999;-999;eor
       3623;20190905;   10;  14.9;   4.9;    3;   1.8;   4;    3.900;   0;   4.9;  11.8; 1004.86;   13.9;   74.00;   -999;   -999;-999;eor
       3623;20190906;   10;   7.2;   2.4;    3;   2.3;   4;   10.600;   0;  -999;   9.3; 1007.51;   14.1;   61.33;   -999;   -999;-999;eor
       3623;20190907;   10;   7.2;   2.3;    3;   1.6;   4;    2.300;-999;  -999;  12.8; 1003.00;   14.2;   79.54;   -999;   -999;-999;eor
       3623;20190908;   10;   7.7;   2.9;    3;   3.0;   4;    0.500;-999;  -999;  12.8; 1002.97;   12.6;   88.00;   -999;   -999;-999;eor
       3623;20190909;   10;  12.3;   2.5;    3;   0.0;   0;    4.400;   0;   5.8;  10.7; 1000.06;   12.9;   73.58;   -999;   -999;-999;eor
       3623;20190910;   10;   6.7;   1.3;    3;   0.0;   0;   11.200;   0;   2.0;   9.5; 1002.31;   13.1;   67.42;   -999;   -999;-999;eor
       3623;20190911;   10;  11.3;   2.8;    3;   0.3;   4;    0.700;   0;   6.7;  11.7; 1006.83;   15.2;   68.21;   -999;   -999;-999;eor
       3623;20190912;   10;  12.9;   3.9;    3;   0.1;   4;    6.100;   0;   5.1;  15.9; 1012.14;   19.1;   73.50;   -999;   -999;-999;eor
       3623;20190913;   10;  10.3;   3.5;    3;   0.1;   4;    0.900;   0;   7.3;  15.9; 1016.08;   17.6;   78.92;   -999;   -999;-999;eor
       3623;20190914;   10;   5.1;   1.2;    3;   0.0;   0;   11.300;-999;  -999;  10.8; 1015.60;   14.8;   67.75;   -999;   -999;-999;eor
       3623;20190915;   10;  10.3;   2.5;    3;   0.0;   0;   11.500;   0;   3.2;  10.3; 1007.98;   16.6;   58.04;   -999;   -999;-999;eor
       3623;20190916;   10;   8.2;   2.1;    3;   1.0;   4;    0.000;   0;   7.1;  13.7; 1004.67;   15.6;   79.25;   -999;   -999;-999;eor
       3623;20190917;   10;  12.3;   3.7;    3;   0.0;   0;    5.500;   0;   5.8;  11.2; 1006.31;   14.2;   69.88;   -999;   -999;-999;eor
       3623;20190918;   10;   8.7;   2.5;    3;   0.0;   0;    9.200;   0;   2.9;   8.7; 1010.94;   11.8;   65.25;   -999;   -999;-999;eor
       3623;20190919;   10;   7.2;   1.8;    3;   0.0;   0;   10.500;   0;   3.3;   8.2; 1014.08;   10.9;   66.04;   -999;   -999;-999;eor
       3623;20190920;   10;   7.7;   1.9;    3;   0.0;   0;   11.200;   0;   3.1;   7.6; 1011.56;   11.6;   59.17;   -999;   -999;-999;eor
       3623;20190921;   10;  11.3;   3.3;    3;   0.0;   0;   11.300;-999;  -999;   7.2; 1002.37;   15.8;   44.08;   -999;   -999;-999;eor
       3623;20190922;   10;  10.3;   3.3;    3;   6.8;   4;    5.900;-999;  -999;  12.3;  994.12;   19.0;   55.58;   -999;   -999;-999;eor
       3623;20190923;   10;   9.3;   2.7;    3;   0.0;   0;    1.600;   0;   7.3;  14.4;  998.95;   16.4;   78.67;   -999;   -999;-999;eor
       3623;20190924;   10;  10.8;   2.8;    3;   3.4;   4;    1.100;   0;   7.2;  13.3;  994.52;   14.6;   80.92;   -999;   -999;-999;eor
       3623;20190925;   10;  11.3;   2.9;    3;   1.2;   4;    1.500;   0;   6.9;  13.8;  991.03;   15.7;   78.00;   -999;   -999;-999;eor
       3623;20190926;   10;  11.3;   2.4;    3;   3.9;   4;    0.000;   0;   7.2;  15.8;  993.52;   16.6;   83.96;   -999;   -999;-999;eor
       3623;20190927;   10;  11.3;   3.7;    3;   0.0;   0;    5.600;   0;   5.8;  13.2;  994.04;   15.9;   74.58;   -999;   -999;-999;eor
       3623;20190928;   10;  14.4;   5.5;    3;   0.2;   4;    1.500;-999;  -999;  12.5;  996.66;   15.8;   69.67;   -999;   -999;-999;eor
       3623;20190929;   10;  19.0;   6.3;    3;   0.6;   4;    0.600;-999;  -999;  13.3;  987.23;   16.6;   69.83;   -999;   -999;-999;eor
       3623;20190930;   10;  20.6;   7.6;    3;   0.5;   4;    4.600;   0;   6.6;  12.2;  993.84;   15.2;   71.04;   -999;   -999;-999;eor
       3623;20191001;   10;  15.9;   3.2;    3;  13.5;   4;    0.500;   0;   7.3;  14.8;  986.94;   15.5;   83.96;   -999;   -999;-999;eor
       3623;20191002;   10;  11.8;   4.7;    3;   0.1;   4;    3.500;   0;   5.3;  10.3;  995.02;   10.8;   79.96;   -999;   -999;-999;eor
       3623;20191003;   10;  13.9;   4.5;    3;   0.3;   4;    0.900;   0;   6.0;  10.0; 1001.76;   10.6;   78.42;   -999;   -999;-999;eor
       3623;20191004;   10;  13.9;   4.9;    3;   7.8;   4;    0.000;   0;   7.4;  11.0;  990.87;   11.0;   83.38;   -999;   -999;-999;eor
       3623;20191005;   10;   7.7;   2.5;    3;   0.0;   0;    0.300;   0;   7.0;   9.8;  999.26;    9.8;   81.58;   -999;   -999;-999;eor
       3623;20191006;   10;  11.3;   3.7;    3;  18.8;   4;    0.100;-999;  -999;   9.9;  996.95;    8.5;   89.33;   -999;   -999;-999;eor
       3623;20191007;   10;   7.2;   2.9;    3;   6.3;   4;    0.700;   0;   7.2;  11.0; 1000.38;   10.7;   84.71;   -999;   -999;-999;eor
       3623;20191008;   10;  10.3;   3.3;    3;   1.9;   4;    0.000;   0;   7.0;  13.1;  993.19;   12.9;   88.21;   -999;   -999;-999;eor
       3623;20191009;   10;  15.9;   5.2;    3;   0.0;   4;    1.800;   0;   6.3;  10.6;  992.40;   12.4;   73.96;   -999;   -999;-999;eor
       3623;20191010;   10;  14.9;   5.5;    3;   0.0;   0;    6.400;   0;   4.8;  10.2;  997.43;   12.3;   71.46;   -999;   -999;-999;eor
       3623;20191011;   10;  12.9;   3.8;    3;   0.0;   0;    0.000;   0;   6.4;  11.6;  998.02;   14.6;   69.50;   -999;   -999;-999;eor
       3623;20191012;   10;  10.3;   2.8;    3;   0.1;   4;    4.100;-999;  -999;  13.1;  995.21;   16.2;   71.96;   -999;   -999;-999;eor
       3623;20191013;   10;  13.9;   3.2;    3;   0.2;   4;    5.300;-999;  -999;  16.2;  994.39;   19.4;   72.92;   -999;   -999;-999;eor
       3623;20191014;   10;   9.3;   2.5;    3;   0.0;   0;    6.600;   0;   6.3;  14.7;  995.07;   18.1;   72.13;   -999;   -999;-999;eor
       3623;20191015;   10;   7.7;   2.0;    3;   8.2;   4;    0.000;   0;   6.5;  14.2;  991.59;   14.5;   87.04;   -999;   -999;-999;eor
       3623;20191016;   10;  11.3;   3.6;    3;   1.4;   4;    1.700;   0;   6.9;  12.2;  994.15;   13.4;   79.29;   -999;   -999;-999;eor
       3623;20191017;   10;  10.3;   2.7;    3;   0.7;   4;    1.300;   0;   6.8;  13.7;  994.51;   14.8;   82.25;   -999;   -999;-999;eor
       3623;20191018;   10;  21.1;   3.7;    3;   1.3;   4;    3.900;   0;   5.9;  11.0;  992.22;   12.7;   74.50;   -999;   -999;-999;eor
       3623;20191019;   10;   9.3;   2.4;    3;   3.4;   4;    0.000;-999;  -999;  12.2;  990.60;   12.4;   84.13;   -999;   -999;-999;eor
       3623;20191020;   10;   4.6;   1.7;    3;  14.6;   4;    0.000;-999;  -999;  13.1;  992.38;   11.5;   96.13;   -999;   -999;-999;eor
       3623;20191021;   10;  11.3;   2.3;    3;   0.0;   0;    2.500;   0;   6.7;  12.1; 1000.83;   13.3;   79.29;   -999;   -999;-999;eor
       3623;20191022;   10;   6.7;   1.5;    3;   0.0;   0;    1.600;   0;   6.2;  11.0; 1007.80;   11.0;   84.46;   -999;   -999;-999;eor
       3623;20191023;   10;   9.8;   2.4;    3;   0.0;   0;    5.300;   0;   6.6;  12.2;  999.07;   11.8;   88.04;   -999;   -999;-999;eor
       3623;20191024;   10;  10.3;   2.6;    3;   0.0;   0;    3.300;   0;   6.3;  12.5;  993.68;   14.9;   74.42;   -999;   -999;-999;eor
       3623;20191025;   10;   9.3;   3.2;    3;   0.0;   0;    6.300;   0;   6.0;  11.4; 1002.85;   14.4;   69.75;   -999;   -999;-999;eor
       3623;20191026;   10;   9.8;   2.7;    3;   1.2;   4;    5.800;   0;   5.3;  12.1;  999.59;   16.4;   65.21;   -999;   -999;-999;eor
       3623;20191027;   10;  15.4;   3.4;    3;   0.3;   4;    0.000;   0;   6.0;  10.0; 1004.23;   10.1;   82.04;   -999;   -999;-999;eor
       3623;20191028;   10;   4.1;   1.0;    3;   0.0;   0;    6.800;   0;   3.8;   8.2; 1007.40;    5.8;   88.46;   -999;   -999;-999;eor
       3623;20191029;   10;   5.7;   1.2;    3;   0.0;   0;    4.100;   0;   5.0;   8.1; 1008.49;    6.3;   85.50;   -999;   -999;-999;eor
       3623;20191030;   10;   6.2;   1.8;    3;   0.0;   0;    1.900;   0;   2.6;   6.5; 1010.46;    3.5;   83.71;   -999;   -999;-999;eor
       3623;20191031;   10;   9.8;   2.3;    3;   0.0;   4;    8.000;   0;   2.1;   5.9; 1005.86;    3.7;   75.92;   -999;   -999;-999;eor
       3623;20191101;   10;   7.7;   2.3;    3;   8.1;   4;    0.000;   0;   7.3;   9.3;  991.19;    7.0;   88.38;   -999;   -999;-999;eor
       3623;20191102;   10;  13.9;   3.6;    3;   1.1;   4;    0.700;   0;   6.9;  11.8;  975.95;   13.4;   76.88;   -999;   -999;-999;eor
       3623;20191103;   10;  12.9;   2.4;    3;   0.1;   4;    0.100;   0;   7.1;  11.2;  970.32;   11.7;   81.46;   -999;   -999;-999;eor
       3623;20191104;   10;   9.8;   2.6;    3;   6.4;   4;    1.600;   0;   6.1;  10.3;  973.91;   10.1;   83.88;   -999;   -999;-999;eor
       3623;20191105;   10;   6.7;   1.6;    3;   0.9;   4;    2.200;   0;   7.1;   9.8;  980.87;    9.3;   84.13;   -999;   -999;-999;eor
       3623;20191106;   10;   6.2;   2.0;    3;   2.5;   4;    0.000;   0;   7.6;  10.0;  986.41;    8.1;   92.17;   -999;   -999;-999;eor
       3623;20191107;   10;-999;-999;-999;-999;-999;-999;   0;   6.3;   8.8;  983.74;    7.1;   83.88;   -999;   -999;-999;eor
       3623;20191108;   10;   4.1;   1.2;    3;   0.0;   0;-999;   0;   4.2;   7.5;  990.19;    4.9;   86.58;-999;-999;-999;eor
       3623;20191109;   10;   9.3;   2.2;    3;   0.0;   0;    1.900;   0;   4.0;   7.1;  992.60;    4.4;   85.08;   -999;   -999;-999;eor
       3623;20191110;   10;   5.7;   1.9;    3;   0.0;   0;    2.700;   0;   4.3;   6.4;  996.35;    1.3;   94.58;   -999;   -999;-999;eor
       3623;20191111;   10;   9.8;   3.5;    3;   0.1;   4;    0.000;   0;   6.7;   6.9;  991.25;    4.1;   84.04;   -999;   -999;-999;eor
       3623;20191112;   10;  11.3;   3.4;    3;   0.0;   4;    0.900;   0;   4.5;   6.7;  986.29;    4.7;   78.58;   -999;   -999;-999;eor
       3623;20191113;   10;   9.3;   3.0;    3;   0.0;   0;    0.300;   0;   6.0;   7.1;  985.63;    5.0;   80.58;   -999;   -999;-999;eor
       3623;20191114;   10;  12.3;   2.5;    3;   0.0;   0;    0.500;   0;   6.7;   6.9;  985.68;    5.2;   78.25;   -999;   -999;-999;eor
       3623;20191115;   10;   5.1;   1.7;    3;   0.0;   0;    0.000;   0;   7.3;   6.6;  984.97;    3.8;   81.92;   -999;   -999;-999;eor
       3623;20191116;   10;   5.7;   1.7;    3;   0.0;   0;    5.600;   0;   5.4;   6.3;  992.49;    3.9;   79.21;   -999;   -999;-999;eor
       3623;20191117;   10;  10.8;   2.7;    3;  20.2;   4;    0.000;   0;   8.0;   6.6;  993.97;    1.6;   94.83;   -999;   -999;-999;eor
       3623;20191118;   10;  10.3;   3.6;    3;  26.6;   4;    0.000;   0;   8.0;   8.1;  991.40;    4.5;   95.50;   -999;   -999;-999;eor
       3623;20191119;   10;   8.7;   3.0;    3;   2.7;   4;    0.400;   0;   5.8;   7.3; 1000.53;    4.2;   89.71;   -999;   -999;-999;eor
       3623;20191120;   10;   7.7;   2.1;    3;   0.0;   0;    5.500;   0;   4.1;   6.1; 1000.84;    2.2;   85.38;   -999;   -999;-999;eor
       3623;20191121;   10;   6.7;   2.1;    3;   0.0;   4;    3.400;   0;   6.3;   6.5;  992.80;    2.1;   89.83;   -999;   -999;-999;eor
       3623;20191122;   10;  10.8;   3.3;    3;   0.0;   0;    2.000;   0;  -999;   7.7;  989.23;    5.1;   87.08;   -999;   -999;-999;eor
       3623;20191123;   10;  10.8;   3.0;    3;   0.0;   0;    1.700;   0;   7.0;   7.5;  983.17;    6.4;   78.67;   -999;   -999;-999;eor
       3623;20191124;   10;   4.6;   1.3;    3;   0.0;   0;    5.600;   0;   5.3;   7.8;  990.49;    5.4;   87.63;   -999;   -999;-999;eor
       3623;20191125;   10;   5.7;   1.5;    3;   0.0;   0;    2.100;   0;   6.2;   8.6;  993.31;    6.4;   88.83;   -999;   -999;-999;eor
       3623;20191126;   10;   6.7;   2.3;    3;   0.8;   4;    0.000;   0;   7.0;   9.9;  987.97;    9.5;   82.71;   -999;   -999;-999;eor
       3623;20191127;   10;  10.8;   3.9;    3;   0.2;   4;    0.300;   0;   7.2;  10.1;  975.84;   10.7;   78.33;   -999;   -999;-999;eor
       3623;20191128;   10;  16.5;   7.5;    3;  12.8;   4;    0.200;   0;   7.4;   9.9;  977.81;   10.0;   80.79;   -999;   -999;-999;eor
       3623;20191129;   10;  10.3;   3.6;    3;   0.0;   4;    4.300;   0;   5.2;   7.5;  995.08;    5.7;   81.58;   -999;   -999;-999;eor
       3623;20191130;   10;   4.6;   1.8;    3;   0.0;   0;    6.800;-999;  -999;   6.2; 1006.84;    1.6;   90.42;   -999;   -999;-999;eor
       3623;20191201;   10;   5.7;   2.1;    3;   0.0;   0;    0.000;   0;   7.2;   5.6; 1003.90;    1.1;   86.04;   -999;   -999;-999;eor
       3623;20191202;   10;   7.7;   3.2;    3;   0.0;   4;    0.800;   0;   6.3;   6.7; 1010.12;    2.3;   92.29;   -999;   -999;-999;eor
       3623;20191203;   10;   6.2;   1.7;    3;   0.0;   0;    0.000;   0;   6.5;   8.4; 1012.01;    5.7;   92.25;   -999;   -999;-999;eor
       3623;20191204;   10;   6.2;   2.4;    3;   0.0;   0;    4.800;   0;   2.9;   6.2; 1006.18;    2.3;   87.17;   -999;   -999;-999;eor
       3623;20191205;   10;   4.6;   1.3;    3;   0.1;   4;    6.600;   0;   3.0;   5.1; 1004.47;   -0.5;   86.92;   -999;   -999;-999;eor
       3623;20191206;   10;  12.3;   4.2;    3;   2.3;   4;    0.000;   0;   7.5;   6.7;  995.76;    4.6;   77.08;   -999;   -999;-999;eor
       3623;20191207;   10;  17.0;   5.5;-999;-999;-999;-999;-999;  -999;   8.8;  997.16;    8.8;   77.75;-999;-999;-999;eor
       3623;20191208;   10;  18.5;   6.6;    3;   1.0;   4;    0.000;-999;  -999;  -999;    -999;    9.6;-999;   -999;   -999;-999;eor
       3623;20191209;   10;  17.0;   6.6;    3;   2.4;   4;    0.500;   0;   5.5;   7.5;  988.09;    6.7;   77.04;   -999;   -999;-999;eor
       3623;20191210;   10;  11.8;   4.3;    3;   3.0;   4;    5.200;   0;   5.5;   6.1; 1006.19;    4.2;   74.71;   -999;   -999;-999;eor
       3623;20191211;   10;   7.2;   2.2;    3;   7.9;   4;    0.000;   0;   7.5;   7.2;  992.63;    4.8;   84.92;   -999;   -999;-999;eor
       3623;20191212;   10;  12.9;   3.6;    3;   0.1;   4;    4.700;   0;  -999;   6.4;  982.90;    4.4;   75.88;   -999;   -999;-999;eor
       3623;20191213;   10;  15.4;   5.1;    3;   5.3;   4;    0.000;   0;   7.7;   7.2;  964.19;    4.3;   85.13;   -999;   -999;-999;eor
       3623;20191214;   10;  24.7;   7.9;    3;   2.2;   4;    0.400;   0;   6.7;   7.3;  975.85;    6.2;   77.00;   -999;   -999;-999;eor
       3623;20191215;   10;  18.0;   5.6;    3;   1.4;   4;    3.900;   0;   6.3;   7.5;  985.61;    7.6;   71.58;   -999;   -999;-999;eor
       3623;20191216;   10;   6.2;   1.8;    3;   1.8;   4;    0.000;   0;   7.8;   9.4;  989.56;    7.4;   90.58;   -999;   -999;-999;eor
       3623;20191217;   10;  12.9;   3.5;    3;   3.1;   4;    3.600;   0;   7.2;   9.9;  986.98;   12.3;   70.54;   -999;   -999;-999;eor
       3623;20191218;   10;   7.7;   2.9;    3;   0.0;   0;-999;   0;   5.4;   8.5;  999.16;    7.7;   81.54;   -999;   -999;-999;eor
       3623;20191219;   10;  10.5;   3.1;    3;   0.0;   0;-999;   0;  -999;   9.3;  993.28;    8.8;   82.21;   -999;   -999;-999;eor
       3623;20191220;   10;  13.9;   4.0;    3;   0.0;   0;    0.000;   0;   7.3;   9.0;  975.09;    9.3;   75.92;   -999;   -999;-999;eor
       3623;20191221;   10;  11.8;   3.1;    3;   0.9;   4;    4.100;-999;  -999;   7.8;  974.31;    7.0;   78.21;   -999;   -999;-999;eor
       3623;20191222;   10;  14.4;   5.2;    3;   4.2;   4;    1.800;-999;  -999;   8.8;  970.04;    7.9;   83.21;   -999;   -999;-999;eor
       3623;20191223;   10;  12.3;   5.5;    3;   0.2;   4;    0.400;   0;   7.3;   8.7;  990.95;    7.7;   82.50;   -999;   -999;-999;eor
       3623;20191224;   10;  18.0;   6.1;    3;   6.6;   4;    1.200;   0;  -999;   8.6;  994.54;    8.1;   78.65;   -999;   -999;-999;eor
       3623;20191225;   10;  14.4;   5.4;    3;   2.9;   4;    0.200;-999;  -999;   9.1; 1003.60;    7.1;   90.21;   -999;   -999;-999;eor
       3623;20191226;   10;   6.7;   1.8;    3;   1.7;   4;    0.000;-999;  -999;   7.8; 1007.35;    4.8;   90.46;   -999;   -999;-999;eor
       3623;20191227;   10;   5.7;   2.1;    3;   0.0;   0;    0.000;   0;   7.7;   7.7; 1011.42;    5.1;   88.04;   -999;   -999;-999;eor
       3623;20191228;   10;   6.2;   1.8;    3;   0.0;   0;    3.100;   0;   5.8;   5.6; 1022.92;    0.6;   88.17;   -999;   -999;-999;eor
       3623;20191229;   10;   5.1;   2.1;    3;   0.0;   0;    0.100;-999;  -999;   5.1; 1020.71;    0.5;   80.33;   -999;   -999;-999;eor
       3623;20191230;   10;   5.1;   2.0;    3;   0.0;   0;    6.600;   0;  -999;   4.5; 1014.95;    2.3;   63.17;   -999;   -999;-999;eor
       3623;20191231;   10;   6.7;   1.5;    3;   0.0;   0;    0.000;   0;  -999;   5.7; 1016.91;    2.8;   75.96;   -999;   -999;-999;eor
       3623;20200101;   10;   7.2;   2.4;    3;   0.0;   0;    6.600;-999;  -999;   5.7; 1015.60;    0.7;   88.71;   -999;   -999;-999;eor
       3623;20200102;   10;   6.2;   2.1;    3;   0.0;   0;    2.600;   0;   4.7;   5.9; 1010.25;    0.9;   90.17;   -999;   -999;-999;eor
       3623;20200103;   10;  15.9;   5.2;    3;   1.5;   4;    0.300;   0;   7.3;   8.9; 1004.56;    8.1;   82.63;   -999;   -999;-999;eor
       3623;20200104;   10;  14.4;   6.2;    3;   0.0;   4;    0.000;-999;  -999;   7.7; 1014.17;    5.2;   86.88;   -999;   -999;-999;eor
       3623;20200105;   10;   7.7;   3.2;    3;   0.0;   0;    0.000;-999;  -999;   7.6; 1018.40;    6.3;   79.88;   -999;   -999;-999;eor
       3623;20200106;   10;   8.7;   3.2;    3;   1.8;   4;    6.300;   0;   5.2;   6.2; 1010.33;    5.0;   70.75;   -999;   -999;-999;eor
       3623;20200107;   10;  10.3;   3.3;    3;   0.2;   4;    2.600;   0;   6.8;   8.0; 1009.98;    6.6;   81.17;   -999;   -999;-999;eor
       3623;20200108;   10;   8.2;   2.9;    3;   3.5;   4;    0.000;   0;   7.0;  10.3; 1007.90;    9.8;   83.42;   -999;   -999;-999;eor
       3623;20200109;   10;  11.3;   3.4;    3;   4.6;   4;    0.100;   0;   7.6;  11.4;  998.71;   11.7;   82.71;   -999;   -999;-999;eor
       3623;20200110;   10;  12.9;   4.1;    3;   3.6;   4;    0.100;   0;   6.7;   8.8; 1003.49;    7.7;   84.29;   -999;   -999;-999;eor
       3623;20200111;   10;   5.7;   2.1;    3;   0.0;   0;    1.400;   0;   6.7;   6.7; 1014.92;    4.4;   80.17;   -999;   -999;-999;eor
       3623;20200112;   10;  12.9;   3.7;    3;   0.2;   4;    2.100;-999;  -999;   7.2; 1007.33;    5.2;   80.29;   -999;   -999;-999;eor
       3623;20200113;   10;  10.8;   3.5;    3;   0.1;   4;    1.900;   0;   5.9;   7.9; 1001.72;    7.1;   78.29;   -999;   -999;-999;eor
       3623;20200114;   10;  15.4;   6.2;    3;   0.0;   4;    0.000;   0;   7.3;   8.8;  992.55;   10.2;   69.92;   -999;   -999;-999;eor
       3623;20200115;   10;  16.5;   5.3;    3;   0.0;   4;    3.700;   0;   6.3;   8.8;  998.10;   11.4;   65.71;   -999;   -999;-999;eor
       3623;20200116;   10;  10.3;   2.7;    3;   0.0;   0;    7.100;   0;   2.7;   8.3; 1008.13;    7.5;   79.50;   -999;   -999;-999;eor
       3623;20200117;   10;  12.9;   4.5;    3;   0.1;   4;    0.400;   0;   6.0;   8.2; 1001.30;    8.2;   75.21;   -999;   -999;-999;eor
       3623;20200118;   10;  10.8;   4.3;    3;   3.3;   4;    1.400;-999;  -999;   6.6; 1009.14;    4.5;   78.67;   -999;   -999;-999;eor
       3623;20200119;   10;   7.7;   3.0;    3;   0.0;   0;    0.700;   0;   4.7;   6.7; 1021.75;    2.8;   89.83;   -999;   -999;-999;eor
       3623;20200120;   10;   3.6;   1.0;    3;   0.0;   4;    2.100;   0;   5.8;   6.4; 1030.23;    1.5;   94.21;   -999;   -999;-999;eor
       3623;20200121;   10;   4.1;   1.1;    3;   0.0;   0;    7.400;   0;   0.9;   4.8; 1025.20;   -1.6;   89.08;   -999;   -999;-999;eor
       3623;20200122;   10;   6.2;   1.1;    3;   0.0;   4;    0.000;   0;   7.0;   5.5; 1020.42;   -1.1;   94.46;   -999;   -999;-999;eor
       3623;20200123;   10;   7.2;   2.2;    3;   0.0;   0;    0.000;   0;   7.3;   6.2; 1015.03;    1.6;   90.38;   -999;   -999;-999;eor
       3623;20200124;   10;   4.1;   1.1;    3;   0.0;   0;    0.000;   0;   6.8;   5.4; 1007.79;   -0.7;   92.29;   -999;   -999;-999;eor
       3623;20200125;   10;   4.6;   1.7;    3;   0.0;   0;    0.000;-999;  -999;   6.4; 1005.45;    1.3;   94.63;   -999;   -999;-999;eor
       3623;20200126;   10;   9.8;   2.7;    3;   0.1;   4;    6.000;   0;   5.8;   7.2; 1000.28;    4.6;   85.63;   -999;   -999;-999;eor
       3623;20200127;   10;   9.8;   3.5;    3;   4.0;   4;    0.000;   0;   7.5;   8.4;  990.75;    7.6;   79.79;   -999;   -999;-999;eor
       3623;20200128;   10;  21.6;   8.0;    3;   1.7;   4;    3.300;   0;   6.2;   6.6;  980.61;    5.5;   73.58;   -999;   -999;-999;eor
       3623;20200129;   10;  18.0;   7.2;    3;   0.0;   0;    2.200;   0;   6.6;   6.4;  992.16;    4.6;   74.58;   -999;   -999;-999;eor
       3623;20200130;   10;  18.0;   4.8;    3;   0.1;   4;    1.000;   0;   7.0;   8.4;  993.04;    8.5;   73.67;   -999;   -999;-999;eor
       3623;20200131;   10;  19.5;   5.8;    3;   1.0;   4;    4.400;   0;   7.0;  11.1;  993.27;   12.3;   78.04;   -999;   -999;-999;eor
       3623;20200201;    3;  17.5;   6.2;    3;  14.6;   4;    0.300;   0;  -999;  10.5;  990.40;   10.9;   80.13;   -999;   -999;-999;eor
       3623;20200202;    3;  21.6;   8.2;    3;   2.0;   4;    0.000;-999;  -999;   9.5;  993.45;    9.7;   77.29;   -999;   -999;-999;eor
       3623;20200203;    3;  18.0;   7.4;    3;  15.0;   4;    0.600;   0;   7.4;   9.3;  995.83;    9.8;   77.17;   -999;   -999;-999;eor
       3623;20200204;    3;  16.0;   6.4;    3;   5.5;   4;    2.600;   0;   7.0;   7.2;  999.26;    4.5;   86.42;   -999;   -999;-999;eor
       3623;20200205;    3;   6.7;   2.6;    3;   0.0;   0;    5.700;   0;   5.7;   6.6; 1018.21;    3.8;   82.21;   -999;   -999;-999;eor
       3623;20200206;    3;   5.1;   1.1;    3;   0.0;   0;    0.300;   0;   5.0;   6.0; 1016.19;    2.6;   82.79;   -999;   -999;-999;eor
       3623;20200207;    3;   8.7;   2.9;    3;   0.0;   0;    8.400;   0;   0.0;   5.6; 1009.99;    2.5;   76.38;   -999;   -999;-999;eor
       3623;20200208;    3;   9.3;   2.6;    3;   0.0;   0;    0.000;-999;  -999;   7.1; 1004.51;    6.5;   72.58;   -999;   -999;-999;eor
       3623;20200209;    3;  26.8;   7.7;    3;  17.9;   4;    0.300;   0;   7.0;   8.5;  990.77;   10.8;   67.38;   -999;   -999;-999;eor
       3623;20200210;    3;  29.3;  13.4;    3;   8.1;   4;    2.100;   0;   6.7;   7.5;  981.38;    8.1;   70.71;   -999;   -999;-999;eor
       3623;20200211;    3;  24.7;  12.2;    3;   1.2;   4;    3.700;   0;   5.2;   5.8;  989.56;    5.0;   67.50;   -999;   -999;-999;eor
       3623;20200212;    3;  18.5;   9.0;    3;   0.0;   0;    5.400;   0;   4.6;   5.8;  998.31;    4.7;   68.21;   -999;   -999;-999;eor
       3623;20200213;    3;  17.0;   3.7;    3;   2.4;   4;    1.200;   0;   7.1;   7.0;  989.25;    4.8;   80.58;   -999;   -999;-999;eor
       3623;20200214;    3;  12.9;   4.6;    3;   0.0;   0;    0.000;   0;   7.3;   7.6; 1002.70;    6.7;   77.79;   -999;   -999;-999;eor
       3623;20200215;    3;  11.8;   3.1;    3;   0.2;   4;    5.100;   0;   5.6;   7.9; 1002.24;    8.3;   72.38;   -999;   -999;-999;eor
       3623;20200216;    3;  25.7;   8.9;    3;   2.9;   4;    1.400;-999;  -999;   9.8;  990.40;   14.3;   61.00;   -999;   -999;-999;eor
       3623;20200217;    3;  21.6;   6.7;    3;   0.6;   4;    4.000;   0;   5.7;   7.5;  997.90;    8.6;   67.54;   -999;   -999;-999;eor
       3623;20200218;    3;  15.4;   6.9;    3;   7.6;   4;    2.400;   0;   6.0;   6.9; 1005.11;    7.1;   67.83;   -999;   -999;-999;eor
       3623;20200219;    3;  14.9;   6.2;    3;   0.2;   4;    3.000;   0;   6.3;   6.6; 1002.94;    5.3;   74.63;   -999;   -999;-999;eor
       3623;20200220;    3;  26.2;   5.4;    3;   3.5;   4;    0.400;   0;   7.3;   7.8;  999.96;    7.8;   73.96;   -999;   -999;-999;eor
       3623;20200221;    3;  12.9;   6.3;    3;   0.0;   0;    4.000;   0;   5.3;   6.5; 1009.21;    5.9;   70.21;   -999;   -999;-999;eor
       3623;20200222;    3;  17.5;   6.3;    3;   1.4;   4;    0.400;-999;  -999;   7.3; 1005.64;    8.4;   64.88;   -999;   -999;-999;eor
       3623;20200223;    3;  28.8;  10.3;    3;   3.6;   4;    0.100;-999;  -999;  10.1; 1000.55;   10.3;   80.04;   -999;   -999;-999;eor
       3623;20200224;    3;  19.5;   5.7;    3;   1.5;   4;    0.200;   0;   7.5;   8.5;  998.98;    8.0;   77.17;   -999;   -999;-999;eor
       3623;20200225;    3;  16.5;   7.9;    3;   2.6;   4;    3.300;   0;   6.6;   7.5;  984.67;    7.9;   70.67;   -999;   -999;-999;eor
       3623;20200226;    3;  17.5;   8.6;    3;   2.4;   4;    0.500;   0;   6.7;   6.3;  983.77;    3.2;   82.04;   -999;   -999;-999;eor
       3623;20200227;    3;  13.4;   4.4;    3;   9.8;   4;    0.000;   0;   7.6;   6.2;  986.02;    2.0;   88.08;   -999;   -999;-999;eor
       3623;20200228;    3;  16.5;   5.0;    3;   2.3;   4;    6.200;   0;   5.7;   6.1;  997.26;    4.1;   74.08;   -999;   -999;-999;eor
       3623;20200229;    3;  26.8;   5.8;    3;   1.0;   4;    0.800;-999;  -999;   7.8;  979.79;    8.7;   69.33;   -999;   -999;-999;eor
       3623;20200301;    1;  14.4;-999;    3;  13.6;   4;    4.000;   0;   6.3;   6.7;  978.76;    7.0;   67.96;   -999;   -999;-999;eor
       3623;20200302;    1;  10.8;-999;    3;   4.4;   4;    0.100;   0;   7.3;   7.6;  975.88;    6.2;   80.54;   -999;   -999;-999;eor
       3623;20200303;    1;  10.8;-999;    3;   0.8;   4;    5.400;   0;   5.2;   6.4;  987.20;    4.7;   76.17;   -999;   -999;-999;eor
       3623;20200304;    1;  10.8;-999;    3;   0.7;   4;    5.500;   0;   6.3;   7.0;  994.16;    5.7;   76.58;   -999;   -999;-999;eor
       3623;20200305;    1;   9.8;-999;    3;  14.3;   4;    0.000;   0;   8.0;   8.2;  979.23;    5.5;   90.08;   -999;   -999;-999;eor
       3623;20200306;    1;  11.3;-999;    3;   1.9;   4;    0.000;   0;  -999;   7.8;  980.54;    5.2;   87.92;   -999;   -999;-999;eor
       3623;20200307;    1;   8.7;-999;    3;   0.0;   0;    5.000;-999;  -999;   6.7; 1001.32;    6.3;   71.08;   -999;   -999;-999;eor
       3623;20200308;    1;  12.9;-999;    3;   0.0;   0;    1.800;   0;   6.7;   8.1;  997.27;    8.8;   72.04;   -999;   -999;-999;eor
       3623;20200309;    1;  11.8;-999;    3;   3.6;   4;    2.500;   0;   6.1;   7.6;  997.07;    7.5;   73.63;   -999;   -999;-999;eor
       3623;20200310;    1;  20.1;-999;    3;   3.3;   4;    0.000;   0;   7.7;  10.5;  991.42;   10.6;   80.04;   -999;   -999;-999;eor
       3623;20200311;    1;  13.5;-999;    3;  11.1;   4;    0.100;   0;   7.5;  12.8;  995.47;   12.6;   87.08;   -999;   -999;-999;eor
       3623;20200312;    1;  21.1;-999;    3;   1.4;   4;    6.200;   0;   5.2;   7.7;  995.17;   10.2;   62.42;   -999;   -999;-999;eor
       3623;20200313;    1;  18.0;-999;    3;   0.9;   4;    2.600;   0;   5.2;   7.0; 1001.44;    7.0;   70.21;   -999;   -999;-999;eor
       3623;20200314;    1;   8.7;-999;    3;   0.0;   0;    6.900;-999;  -999;   6.9; 1004.40;    6.9;   70.83;   -999;   -999;-999;eor
       3623;20200315;    1;  11.8;-999;    3;   0.0;   0;    5.700;   0;   6.5;   7.7;  999.11;    9.7;   63.92;   -999;   -999;-999;eor
       3623;20200316;    1;   5.1;-999;    3;   0.0;   0;    8.300;   0;   5.4;   8.8; 1003.40;    9.6;   73.63;   -999;   -999;-999;eor
       3623;20200317;    1;   7.7;-999;    3;   0.0;   0;   10.200;   0;   5.7;   7.7; 1013.14;   10.2;   64.17;   -999;   -999;-999;eor
       3623;20200318;    1;  10.3;-999;    3;   0.0;   0;   10.500;   0;   3.1;   9.1; 1011.12;   10.9;   69.08;   -999;   -999;-999;eor
       3623;20200319;    1;   6.2;-999;    3;   0.0;   0;    6.400;   0;   4.0;   9.4; 1008.72;   11.0;   72.75;   -999;   -999;-999;eor
       3623;20200320;    1;  11.8;-999;    3;   4.8;   4;    0.000;-999;  -999;   9.4; 1008.43;    8.5;   85.04;   -999;   -999;-999;eor
       3623;20200321;    1;  13.4;-999;    3;   0.0;   0;    7.000;   0;   3.8;   5.6; 1009.61;    6.1;   61.29;   -999;   -999;-999;eor
       3623;20200322;    1;  12.9;-999;    3;   0.0;   0;   11.400;   0;   0.0;   3.6; 1013.01;    4.5;   44.92;   -999;   -999;-999;eor
       3623;20200323;    1;  14.4;-999;    3;   0.0;   0;   11.400;   0;   0.0;   2.8; 1015.66;    4.1;   35.88;   -999;   -999;-999;eor
       3623;20200324;    1;  12.9;-999;    3;   0.0;   0;   11.500;   0;   1.0;   2.8; 1014.36;    4.3;   35.88;   -999;   -999;-999;eor
       3623;20200325;    1;  10.3;-999;    3;   0.0;   0;   11.500;-999;  -999;   2.7; 1009.42;    5.2;   33.67;   -999;   -999;-999;eor
       3623;20200326;    1;  10.8;-999;    3;   0.0;   0;   11.500;   0;   1.1;   3.7; 1004.96;    5.6;   41.63;   -999;   -999;-999;eor
       3623;20200327;    1;   6.2;-999;    3;   0.0;   0;   11.000;   0;   0.3;   5.8; 1002.58;    7.8;   56.42;   -999;   -999;-999;eor
       3623;20200328;    1;  12.3;-999;    3;   0.0;   0;   11.000;-999;  -999;   6.4; 1005.30;    8.5;   60.08;   -999;   -999;-999;eor
       3623;20200329;    1;  14.9;-999;    1;   0.3;   4;    1.800;   0;   6.0;   5.3; 1011.91;    3.2;   69.21;   -999;   -999;-999;eor
       3623;20200330;    1;   7.7;-999;    1;   0.0;   4;    7.800;   0;   3.5;   4.3; 1013.46;    2.6;   56.83;   -999;   -999;-999;eor
       3623;20200331;    1;   8.2;-999;    1;   0.0;   0;   11.700;   0;   1.6;   4.9; 1012.00;    4.6;   61.83;   -999;   -999;-999;eor
       3623;20200401;    1;   5.7;-999;    1;   0.0;   0;   11.900;   0;   0.3;   4.1; 1005.23;    3.7;   54.54;   -999;   -999;-999;eor
       3623;20200402;    1;  11.3;-999;    1;   0.0;   0;   10.100;   0;   3.1;   5.6;  998.28;    5.0;   64.42;   -999;   -999;-999;eor
       3623;20200403;    1;  11.8;-999;    1;   0.0;   0;    1.700;   0;   5.8;   6.6; 1000.39;    7.9;   62.46;   -999;   -999;-999;eor
       3623;20200404;    1;   6.2;-999;    1;   0.0;   0;   12.200;   0;   1.6;   5.1; 1007.68;    6.8;   54.75;   -999;   -999;-999;eor
       3623;20200405;    1;  14.4;-999;    1;   0.0;   0;   12.200;   0;   0.0;   6.0; 1005.18;   11.5;   47.67;   -999;   -999;-999;eor
       3623;20200406;    1;  11.3;-999;    1;   0.0;   0;   12.300;   0;   0.5;   6.8; 1004.65;   15.3;   41.29;   -999;   -999;-999;eor
       3623;20200407;    1;   6.7;-999;    1;   0.0;   0;    9.500;   0;   2.7;  10.7; 1013.24;   14.4;   67.71;   -999;   -999;-999;eor
       3623;20200408;    1;   6.2;-999;    1;   0.0;   0;   11.800;   0;   1.4;   9.0; 1008.60;   15.4;   56.13;   -999;   -999;-999;eor
       3623;20200409;    1;   9.3;-999;    1;   0.0;   0;   11.900;   0;   0.4;   9.5; 1008.24;   14.3;   60.08;   -999;   -999;-999;eor
       3623;20200410;    1;   7.7;-999;    1;   0.0;   0;   12.500;   0;   1.6;   8.4; 1009.37;   13.1;   58.50;   -999;   -999;-999;eor
       3623;20200411;    1;   6.7;-999;    1;   0.0;   0;   12.400;   0;   1.9;   7.8; 1006.83;   13.7;   52.96;   -999;   -999;-999;eor
       3623;20200412;    1;   9.3;-999;    1;   0.0;   0;   10.000;   0;   1.9;   8.6;  999.86;   15.1;   53.63;   -999;   -999;-999;eor
       3623;20200413;    1;  11.8;-999;    1;   0.8;   4;    6.300;   0;   3.5;   6.8; 1004.18;    8.2;   62.63;   -999;   -999;-999;eor
       3623;20200414;    1;   7.7;-999;    1;   0.0;   0;    4.500;   0;   4.6;   5.1; 1010.26;    5.5;   57.42;   -999;   -999;-999;eor
       3623;20200415;    1;   6.2;-999;    1;   0.0;   0;   11.500;   0;   4.0;   5.8; 1007.30;    8.8;   55.92;   -999;   -999;-999;eor
       3623;20200416;    1;   6.2;-999;    1;   0.0;   0;   12.400;   0;   3.6;   7.1; 1000.60;   15.0;   43.79;   -999;   -999;-999;eor
       3623;20200417;    1;   7.1;-999;    1;   0.0;   0;   12.000;   0;   1.8;   9.0;  999.74;   13.9;   59.00;   -999;   -999;-999;eor
       3623;20200418;    1;  11.3;-999;    1;   0.1;   4;    2.600;   0;   4.8;  11.2;  999.51;   12.8;   76.50;   -999;   -999;-999;eor
       3623;20200419;    1;   9.8;-999;    1;   0.0;   0;    0.700;   0;   5.8;  10.1; 1001.57;   12.6;   70.58;   -999;   -999;-999;eor
       3623;20200420;    1;  14.4;-999;    1;   0.0;   0;   13.200;   0;   0.0;   4.9; 1001.33;   13.1;   33.96;   -999;   -999;-999;eor
       3623;20200421;    1;  14.4;-999;    1;   0.0;   0;   13.200;   0;   0.5;   5.0; 1000.35;   14.4;   32.46;   -999;   -999;-999;eor
       3623;20200422;    1;  12.3;-999;    1;   0.0;   0;   13.300;   0;   0.0;   5.3; 1002.72;   15.6;   32.83;   -999;   -999;-999;eor
       3623;20200423;    1;   9.8;-999;    1;   0.0;   0;   12.600;   0;   1.3;   6.7; 1002.66;   14.5;   44.54;   -999;   -999;-999;eor
       3623;20200424;    1;   9.8;-999;    1;   0.0;   0;   10.700;   0;   4.0;   7.4;  997.18;   14.3;   48.63;   -999;   -999;-999;eor
       3623;20200425;    1;   8.2;-999;    1;   0.0;   0;    8.300;   0;   3.3;   7.2;  997.59;   10.0;   61.46;   -999;   -999;-999;eor
       3623;20200426;    1;   5.7;-999;    1;   0.0;   0;   13.400;   0;   0.3;   7.1;  995.24;   11.2;   58.08;   -999;   -999;-999;eor
       3623;20200427;    1;   8.7;-999;    1;   0.0;   0;   12.500;   0;   2.6;   7.8;  992.07;   13.7;   53.63;   -999;   -999;-999;eor
       3623;20200428;    1;  11.3;-999;    1;   3.4;   4;    3.000;   0;   6.5;  11.1;  988.24;   14.1;   69.67;   -999;   -999;-999;eor
       3623;20200429;    1;  11.3;-999;    1;   3.1;   4;    2.100;   0;   7.0;  10.4;  989.63;   13.9;   66.88;   -999;   -999;-999;eor
       3623;20200430;    1;  13.4;-999;    1;   4.7;   4;    5.000;   0;   6.7;   9.7;  985.91;   11.1;   75.50;   -999;   -999;-999;eor
       3623;20200501;-999;-999;-999;    1;   4.4;   4;    5.100;   0;   5.6;   8.8;  985.99;   10.3;   72.29;   -999;   -999;-999;eor
       3623;20200502;-999;-999;-999;    1;   1.0;   4;    5.700;   0;   5.0;   9.1;  993.78;    9.6;   76.46;   -999;   -999;-999;eor
       3623;20200503;-999;-999;-999;    1;   1.5;   4;    5.100;   0;   4.9;   8.9; 1001.59;   10.8;   70.08;   -999;   -999;-999;eor
       3623;20200504;-999;-999;-999;    1;   0.6;   4;    3.400;   0;   5.6;   9.9; 1001.92;   11.3;   74.79;   -999;   -999;-999;eor
       3623;20200505;-999;-999;-999;    1;   0.0;   0;   12.600;   0;   2.8;   6.3; 1004.72;    9.4;   56.88;   -999;   -999;-999;eor
       3623;20200506;-999;-999;-999;    1;   0.0;   0;   14.100;   0;   0.6;   6.0; 1008.53;   10.2;   53.29;   -999;   -999;-999;eor
       3623;20200507;-999;-999;-999;    1;   0.0;   0;   12.200;   0;   3.4;   7.3; 1007.22;   12.7;   54.58;   -999;   -999;-999;eor
       3623;20200508;-999;-999;-999;    1;   0.0;   0;    9.700;   0;   6.8;   8.3; 1001.99;   15.1;   52.29;   -999;   -999;-999;eor
       3623;20200509;-999;-999;-999;    1;   0.0;   0;    8.400;   0;   5.3;  10.1;  996.35;   16.4;   57.33;   -999;   -999;-999;eor
       3623;20200510;-999;-999;-999;    1;   1.3;   4;    1.100;   0;   6.9;  12.4;  990.61;   14.6;   75.63;   -999;   -999;-999;eor
       3623;20200511;-999;-999;-999;    1;   0.0;   0;    4.500;   0;   5.3;   5.6;  996.16;    8.3;   53.04;   -999;   -999;-999;eor
       3623;20200512;-999;-999;-999;    1;   0.0;   0;    9.800;   0;   3.5;   5.3; 1002.49;    6.8;   56.25;   -999;   -999;-999;eor
       3623;20200513;-999;-999;-999;    1;   0.0;   0;    7.200;   0;   6.5;   6.2;  997.65;    8.8;   56.46;   -999;   -999;-999;eor
       3623;20200514;-999;-999;-999;    1;   0.0;   0;   13.400;   0;   2.0;   5.5; 1002.40;    9.1;   50.71;   -999;   -999;-999;eor
       3623;20200515;-999;-999;-999;    1;   0.0;   0;   14.400;   0;   0.8;   6.0; 1005.19;    9.5;   52.92;   -999;   -999;-999;eor
       3623;20200516;-999;-999;-999;    1;   0.0;   0;   11.600;   0;   3.2;   6.8; 1006.80;   11.3;   54.46;   -999;   -999;-999;eor
       3623;20200517;-999;-999;-999;    1;   0.0;   0;   14.300;   0;   1.5;   7.7; 1008.08;   12.3;   56.75;   -999;   -999;-999;eor
       3623;20200518;-999;-999;-999;    1;   0.0;   0;   12.700;   0;   4.6;   9.1; 1007.26;   16.2;   50.83;   -999;   -999;-999;eor
       3623;20200519;-999;-999;-999;    1;   0.0;   0;   11.600;   0;   4.2;   9.5; 1006.08;   16.9;   49.75;   -999;   -999;-999;eor
       3623;20200520;-999;-999;-999;    1;   0.0;   0;    7.300;   0;   5.3;  12.4; 1006.50;   16.5;   67.42;   -999;   -999;-999;eor
       3623;20200521;-999;-999;-999;    1;   0.0;   0;   14.700;   0;   3.4;  12.2; 1004.97;   18.7;   60.33;   -999;   -999;-999;eor
       3623;20200522;-999;-999;-999;    1;   0.1;   4;    0.200;   0;   6.7;  14.7; 1002.81;   19.3;   67.67;   -999;   -999;-999;eor
       3623;20200523;-999;-999;-999;    1;   0.0;   0;    5.600;   0;   5.3;   8.5; 1007.45;   15.1;   50.00;   -999;   -999;-999;eor
       3623;20200524;-999;-999;-999;    1;   0.0;   4;    5.200;   0;   4.9;  10.0; 1013.14;   14.0;   62.21;   -999;   -999;-999;eor
       3623;20200525;-999;-999;-999;    1;   0.0;   0;    4.100;   0;   5.4;  11.5; 1017.12;   15.7;   65.96;   -999;   -999;-999;eor
       3623;20200526;-999;-999;-999;    1;   0.0;   0;   14.600;   0;   3.5;   9.5; 1018.45;   15.4;   58.71;   -999;   -999;-999;eor
       3623;20200527;-999;-999;-999;    1;   0.0;   0;   12.800;   0;   2.2;  10.0; 1016.60;   16.7;   55.04;   -999;   -999;-999;eor
       3623;20200528;-999;-999;-999;    1;   0.0;   0;   14.900;   0;   1.0;   7.7; 1015.52;   15.6;   46.25;   -999;   -999;-999;eor
       3623;20200529;-999;-999;-999;    1;   0.0;   0;   14.600;   0;   1.5;   7.5; 1010.56;   15.8;   44.79;   -999;   -999;-999;eor
       3623;20200530;-999;-999;-999;    1;   0.0;   0;    9.400;   0;   1.8;   7.5; 1006.90;   16.5;   43.21;   -999;   -999;-999;eor
       3623;20200531;-999;-999;-999;    1;   0.0;   0;   14.100;   0;   3.2;   7.8; 1005.72;   15.6;   47.54;   -999;   -999;-999;eor
       3623;20200601;-999;-999;-999;    1;   0.0;   0;   13.900;   0;   3.3;   9.7; 1004.96;   18.4;   48.92;   -999;   -999;-999;eor
       3623;20200602;-999;-999;-999;    1;   0.0;   0;   13.700;   0;   5.4;  10.0; 1000.09;   20.4;   46.25;   -999;   -999;-999;eor
       3623;20200603;-999;-999;-999;    1;   0.6;   4;    7.300;   0;   7.0;  10.7;  989.42;   19.9;   46.88;   -999;   -999;-999;eor
       3623;20200604;-999;-999;-999;    1;   5.0;   4;    0.000;   0;   7.8;  12.8;  982.01;   13.5;   84.13;   -999;   -999;-999;eor
       3623;20200605;-999;-999;-999;    1;   5.5;   4;    1.300;   0;   6.5;  10.1;  980.95;   10.3;   81.67;   -999;   -999;-999;eor
       3623;20200606;-999;-999;-999;    1;   0.4;   4;    6.500;   0;   4.6;   8.1;  985.19;   12.6;   57.58;   -999;   -999;-999;eor
       3623;20200607;-999;-999;-999;    1;   0.0;   0;    6.100;   0;   4.6;   8.6;  992.00;   13.5;   56.54;   -999;   -999;-999;eor
       3623;20200608;-999;-999;-999;    1;   0.0;   0;    5.700;   0;   4.8;  10.8;  998.28;   14.2;   67.08;   -999;   -999;-999;eor
       3623;20200609;-999;-999;-999;    1;   0.5;   4;    1.800;   0;   6.7;  12.5; 1001.32;   13.8;   79.54;   -999;   -999;-999;eor
