STATIONS_ID;MESS_DATUM;QN_3;  FX;  FM;QN_4; RSK;RSKF; SDK;SHK_TAG;  NM; VPM;  PM; TMK; UPM; TXK; TNK; TGK;eor
        617;20181208;-999;-999;-999;    3;  12.2;   4;-999;   0;  -999;   9.1;    -999;    8.0;   84.63;   10.2;    5.6;    4.3;eor
        617;20181209;-999;-999;-999;    3;  11.3;   4;-999;   0;  -999;   8.9;    -999;    7.4;   86.00;    9.1;    4.9;    2.9;eor
        617;20181210;-999;-999;-999;    3;   0.6;   4;-999;   0;  -999;   7.0;    -999;    4.3;   84.67;    6.7;    2.5;    0.7;eor
        617;20181211;-999;-999;-999;    3;   0.0;   0;-999;   0;  -999;   7.0;    -999;    3.8;   87.50;    7.1;   -0.3;   -2.2;eor
        617;20181212;-999;-999;-999;    3;   0.0;   0;-999;   0;  -999;   6.6;    -999;    1.9;   93.58;    4.6;   -0.6;   -2.3;eor
        617;20181213;-999;-999;-999;    3;   0.0;   0;-999;   0;  -999;   5.9;    -999;    1.7;   85.63;    3.6;   -0.3;   -1.9;eor
        617;20181214;-999;-999;-999;    3;   0.0;   0;-999;   0;  -999;   5.4;    -999;    0.6;   84.33;    1.6;   -0.8;   -3.1;eor
        617;20181215;-999;-999;-999;    3;   0.1;   4;-999;   0;  -999;   4.5;    -999;   -0.1;   74.29;    0.7;   -1.7;   -3.3;eor
        617;20181216;-999;-999;-999;    3;   0.6;   4;-999;   1;  -999;   5.7;    -999;    0.2;   91.46;    2.6;   -1.5;   -1.9;eor
        617;20181217;-999;-999;-999;    3;   3.0;   4;-999;   0;  -999;   8.3;    -999;    4.9;   95.25;    6.9;    2.5;    1.0;eor
        617;20181218;-999;-999;-999;    3;   0.0;   4;-999;   0;  -999;   7.7;    -999;    5.8;   82.88;    8.3;    4.0;    2.1;eor
        617;20181219;-999;-999;-999;    3;   2.2;   4;-999;   0;  -999;   8.6;    -999;    7.6;   82.17;    9.3;    5.6;    3.8;eor
        617;20181220;-999;-999;-999;    3;   3.7;   4;-999;   0;  -999;   9.3;    -999;    7.5;   90.04;    8.4;    6.3;    4.4;eor
        617;20181221;-999;-999;-999;    3;  21.9;   4;-999;   0;  -999;  10.6;    -999;    9.5;   89.13;   12.8;    7.3;    6.7;eor
        617;20181222;-999;-999;-999;    3;  10.0;   4;-999;   0;  -999;  10.4;    -999;    8.8;   91.54;    9.9;    7.4;    6.0;eor
        617;20181223;-999;-999;-999;    3;  13.6;   4;-999;   0;  -999;   9.9;    -999;    7.3;   96.04;    8.4;    5.2;    4.7;eor
        617;20181224;-999;-999;-999;    3;   0.0;   0;-999;   0;  -999;   7.6;    -999;    5.0;   86.54;    6.7;    2.8;    0.8;eor
        617;20181225;-999;-999;-999;    3;   0.0;   0;-999;   0;  -999;   6.9;    -999;    4.4;   82.50;    6.6;   -0.4;   -2.2;eor
        617;20181226;-999;-999;-999;    3;   0.0;   0;-999;   0;  -999;   6.4;    -999;    1.8;   92.42;    3.9;    0.4;   -0.4;eor
        617;20181227;-999;-999;-999;    3;   0.0;   0;-999;   0;  -999;   5.9;    -999;    1.4;   87.13;    4.3;   -1.2;   -2.5;eor
        617;20181228;-999;-999;-999;    3;   0.1;   4;-999;   0;  -999;   5.8;    -999;    0.3;   93.25;    2.9;   -2.9;   -4.6;eor
        617;20181229;-999;-999;-999;    3;   0.7;   4;-999;   0;  -999;   8.6;    -999;    5.6;   94.08;    9.4;    2.8;    2.6;eor
        617;20181230;-999;-999;-999;    3;   0.7;   4;-999;   0;  -999;   9.3;    -999;    7.5;   89.63;    8.6;    6.3;    5.1;eor
        617;20181231;-999;-999;-999;    3;   0.0;   4;-999;   0;  -999;  10.9;    -999;    8.9;   95.54;    9.8;    7.4;    6.8;eor
        617;20190101;-999;-999;-999;    3;   0.6;   4;-999;   0;  -999;   8.5;    -999;    6.9;   84.00;    8.5;    4.6;    3.1;eor
        617;20190102;-999;-999;-999;    3;   0.0;   4;-999;   0;  -999;   5.9;    -999;    3.7;   74.42;    7.2;   -0.8;   -2.8;eor
        617;20190103;-999;-999;-999;    3;   0.1;   4;-999;   0;  -999;   7.0;    -999;    3.6;   88.42;    5.4;    0.2;   -2.0;eor
        617;20190104;-999;-999;-999;    3;   1.6;   4;-999;   0;  -999;   7.5;    -999;    3.2;   97.00;    5.3;    0.0;   -1.4;eor
        617;20190105;-999;-999;-999;    3;   2.9;   4;-999;   0;  -999;   9.5;    -999;    6.5;   97.67;    7.1;    5.3;    4.9;eor
        617;20190106;-999;-999;-999;    3;   1.8;   4;-999;   0;  -999;   8.9;    -999;    5.7;   96.83;    6.8;    4.3;    3.4;eor
        617;20190107;-999;-999;-999;    3;   5.9;   4;-999;   0;  -999;   8.7;    -999;    5.3;   96.58;    8.8;    1.7;   -0.2;eor
        617;20190108;-999;-999;-999;    3;   5.7;   4;-999;   0;  -999;   7.8;    -999;    6.5;   80.92;    8.3;    4.2;    3.1;eor
        617;20190109;-999;-999;-999;    3;   0.0;   0;-999;   0;  -999;   6.2;    -999;    3.4;   79.96;    5.9;    0.1;   -1.7;eor
        617;20190110;-999;-999;-999;    3;   1.9;   4;-999;   0;  -999;   5.9;    -999;    0.7;   91.00;    2.7;   -1.2;   -2.2;eor
        617;20190111;-999;-999;-999;    3;   2.0;   4;-999;   0;  -999;   8.5;    -999;    4.8;   98.00;    7.4;    0.9;    0.6;eor
        617;20190112;-999;-999;-999;    3;   5.6;   4;-999;   0;  -999;   9.0;    -999;    6.3;   94.42;    7.4;    5.5;    4.7;eor
        617;20190113;-999;-999;-999;    3;  12.1;   4;-999;   0;  -999;  10.0;    -999;    8.0;   92.54;    9.3;    6.6;    4.8;eor
        617;20190114;-999;-999;-999;    3;   0.7;   4;-999;   0;  -999;   7.1;    -999;    4.4;   84.83;    7.2;    1.1;   -1.1;eor
        617;20190115;-999;-999;-999;    3;   0.0;   0;-999;   0;  -999;   7.6;    -999;    4.8;   88.42;    6.8;    0.7;   -0.8;eor
        617;20190116;-999;-999;-999;    3;   3.2;   4;-999;   0;  -999;   7.7;    -999;    6.0;   82.00;    6.9;    4.8;    3.8;eor
        617;20190117;-999;-999;-999;    3;   4.1;   4;-999;   0;  -999;   7.2;    -999;    3.2;   92.67;    5.1;    0.1;   -1.3;eor
        617;20190118;-999;-999;-999;    3;   0.0;   0;-999;   0;  -999;   5.2;    -999;   -0.5;   89.13;    3.6;   -3.0;   -5.6;eor
        617;20190119;-999;-999;-999;    3;   0.0;   0;-999;   0;  -999;   4.4;    -999;   -1.0;   78.63;    2.1;   -4.1;   -6.4;eor
        617;20190120;-999;-999;-999;    3;   0.0;   0;-999;   0;  -999;   3.8;    -999;   -2.8;   77.08;    2.9;   -6.5;   -8.7;eor
        617;20190121;-999;-999;-999;    3;   0.0;   0;-999;   0;  -999;   3.8;    -999;   -3.7;   81.00;    1.2;   -8.7;  -10.3;eor
        617;20190122;-999;-999;-999;    3;   0.5;   4;-999;   0;  -999;   3.8;    -999;   -2.1;   71.96;    0.8;   -4.3;   -6.3;eor
        617;20190123;-999;-999;-999;    3;   0.0;   0;-999;   1;  -999;   4.2;    -999;   -1.9;   78.83;   -0.5;   -3.4;   -4.0;eor
        617;20190124;-999;-999;-999;    3;   0.0;   0;-999;   1;  -999;   3.4;    -999;   -4.3;   75.33;   -3.4;   -4.9;   -5.1;eor
        617;20190125;-999;-999;-999;    3;   2.7;   4;-999;   1;  -999;   4.8;    -999;   -1.9;   88.46;    3.4;   -5.3;   -5.3;eor
        617;20190126;-999;-999;-999;    3;   2.9;   4;-999;   0;  -999;   8.5;    -999;    5.9;   90.92;    6.9;    3.3;    2.6;eor
        617;20190127;-999;-999;-999;    3;   4.9;   4;-999;   0;  -999;   7.9;    -999;    5.4;   87.50;    6.9;    2.7;    1.2;eor
        617;20190128;-999;-999;-999;    3;   2.2;   4;-999;   0;  -999;   6.6;    -999;    2.9;   86.92;    5.0;    0.3;   -1.1;eor
        617;20190129;-999;-999;-999;    3;   0.0;   0;-999;   1;  -999;   5.3;    -999;    1.1;   80.25;    4.1;   -1.2;   -2.9;eor
        617;20190130;-999;-999;-999;    3;   3.2;   4;-999;   0;  -999;   5.1;    -999;   -0.2;   85.42;    0.5;   -1.0;   -2.2;eor
        617;20190131;-999;-999;-999;    3;   1.2;   4;-999;   5;  -999;   5.1;    -999;   -1.0;   90.42;    1.7;   -3.8;   -9.7;eor
        617;20190201;-999;-999;-999;    3;   0.1;   4;-999;   6;  -999;   5.7;    -999;    1.0;   87.04;    4.0;   -2.0;   -4.1;eor
        617;20190202;-999;-999;-999;    3;   3.2;   4;-999;   2;  -999;   5.9;    -999;    0.7;   91.83;    1.5;   -0.9;   -2.0;eor
        617;20190203;-999;-999;-999;    3;   0.0;   0;-999;   1;  -999;   5.7;    -999;    1.5;   84.88;    5.6;   -1.9;   -4.0;eor
        617;20190204;-999;-999;-999;    3;   0.1;   4;-999;   0;  -999;   5.3;    -999;    1.8;   77.42;    4.7;   -1.5;   -3.7;eor
        617;20190205;-999;-999;-999;    3;   0.0;   0;-999;   0;  -999;   6.9;    -999;    3.1;   90.92;    4.1;    2.0;    0.4;eor
        617;20190206;-999;-999;-999;    3;   5.3;   4;-999;   0;  -999;   6.6;    -999;    5.3;   74.00;    7.9;    2.8;    1.1;eor
        617;20190207;-999;-999;-999;    3;   0.6;   4;-999;   0;  -999;   7.8;    -999;    7.3;   76.67;    9.7;    5.3;    4.6;eor
        617;20190208;-999;-999;-999;    3;   4.3;   4;-999;   0;  -999;   8.1;    -999;    7.8;   76.79;    9.8;    5.1;    3.8;eor
        617;20190209;-999;-999;-999;    3;   7.7;   4;-999;   0;  -999;   7.8;    -999;    8.4;   71.54;   10.5;    7.3;    6.0;eor
        617;20190210;-999;-999;-999;    3;  21.8;   4;-999;   0;  -999;   8.6;    -999;    6.8;   86.29;   10.0;    2.7;    2.3;eor
        617;20190211;-999;-999;-999;    3;   0.2;   4;-999;   0;  -999;   6.9;    -999;    4.9;   79.54;    8.8;    1.6;   -1.1;eor
        617;20190212;-999;-999;-999;    3;   0.0;   0;-999;   0;  -999;   6.7;    -999;    3.9;   82.46;    7.5;    0.5;   -1.1;eor
        617;20190213;-999;-999;-999;    3;   0.0;   0;-999;   0;  -999;   6.9;    -999;    4.6;   80.63;    7.4;    2.7;    0.4;eor
        617;20190214;-999;-999;-999;    3;   0.0;   0;-999;   0;  -999;   5.8;    -999;    4.8;   70.58;   13.9;   -0.8;   -2.8;eor
        617;20190215;-999;-999;-999;    3;   0.0;   0;-999;   0;  -999;   5.9;    -999;    6.1;   66.42;   17.4;   -1.9;   -4.1;eor
        617;20190216;-999;-999;-999;    3;   0.0;   0;-999;   0;  -999;   6.4;    -999;    7.4;   63.58;   14.2;    0.3;   -2.1;eor
        617;20190217;-999;-999;-999;    3;   0.0;   0;-999;   0;  -999;   6.3;    -999;    7.1;   66.42;   16.5;   -1.0;   -3.0;eor
        617;20190218;-999;-999;-999;    3;   0.1;   4;-999;   0;  -999;   6.3;    -999;    8.3;   59.71;   16.2;   -0.1;   -2.9;eor
        617;20190219;-999;-999;-999;    3;   0.0;   0;-999;   0;  -999;   7.6;    -999;    6.9;   76.33;    9.9;    2.7;   -0.6;eor
        617;20190220;-999;-999;-999;    3;   0.0;   0;-999;   0;  -999;   7.2;    -999;    6.4;   74.88;   11.2;    2.7;   -0.2;eor
        617;20190221;-999;-999;-999;    3;   0.9;   4;-999;   0;  -999;   8.8;    -999;    7.9;   82.50;   12.4;    3.5;    0.7;eor
        617;20190222;-999;-999;-999;    3;   0.1;   4;-999;   0;  -999;  10.3;    -999;    9.5;   86.46;   13.2;    5.3;    3.8;eor
        617;20190223;-999;-999;-999;    3;   0.0;   0;-999;   0;  -999;   6.6;    -999;    6.3;   70.96;   11.9;    1.9;   -1.5;eor
        617;20190224;-999;-999;-999;    3;   0.0;   0;-999;   0;  -999;   4.7;    -999;    6.1;   56.46;   15.9;   -1.9;   -3.5;eor
        617;20190225;-999;-999;-999;    3;   0.0;   0;-999;   0;  -999;   5.6;    -999;    6.9;   61.75;   18.0;   -1.3;   -3.2;eor
        617;20190226;-999;-999;-999;    3;   0.0;   0;-999;   0;  -999;   6.7;    -999;    7.6;   67.83;   18.9;   -0.7;   -2.8;eor
        617;20190227;-999;-999;-999;    3;   0.0;   0;-999;   0;  -999;   6.7;    -999;    8.5;   64.38;   19.6;   -0.7;   -3.3;eor
        617;20190228;-999;-999;-999;    3;   0.4;   4;-999;   0;  -999;   8.8;    -999;    8.2;   80.75;   13.3;    2.2;   -0.5;eor
        617;20190301;-999;-999;-999;    3;   0.1;   4;-999;   0;  -999;   8.6;    -999;    6.8;   85.38;    9.4;    4.8;    4.2;eor
        617;20190302;-999;-999;-999;    3;   2.4;   4;-999;   0;  -999;   8.6;    -999;    7.6;   82.29;   11.9;    4.0;    2.7;eor
        617;20190303;-999;-999;-999;    3;   7.9;   4;-999;   0;  -999;  10.4;    -999;   10.5;   82.13;   12.9;    8.7;    7.7;eor
        617;20190304;-999;-999;-999;    3;   4.3;   4;-999;   0;  -999;   8.0;    -999;    9.1;   69.00;   13.4;    5.6;    4.5;eor
        617;20190305;-999;-999;-999;    3;   1.5;   4;-999;   0;  -999;   7.2;    -999;    6.5;   74.46;   10.0;    4.7;    2.6;eor
        617;20190306;-999;-999;-999;    3;   0.4;   4;-999;   0;  -999;   8.8;    -999;    9.7;   73.46;   13.6;    5.9;    4.9;eor
        617;20190307;-999;-999;-999;    3;   8.5;   4;-999;   0;  -999;   8.8;    -999;    9.3;   74.42;   11.7;    6.2;    4.9;eor
        617;20190308;-999;-999;-999;    3;   4.9;   4;-999;   0;  -999;   7.6;    -999;    7.7;   73.17;   10.1;    5.6;    4.4;eor
        617;20190309;-999;-999;-999;    3;  10.1;   4;-999;   0;  -999;   8.6;    -999;    8.1;   78.83;   12.0;    4.5;    4.0;eor
        617;20190310;-999;-999;-999;    3;  13.6;   4;-999;   0;  -999;   7.8;    -999;    5.6;   84.67;   11.3;    2.4;    0.8;eor
        617;20190311;-999;-999;-999;    3;   3.1;   4;-999;   0;  -999;   6.7;    -999;    4.2;   80.83;    7.5;    1.2;    0.1;eor
        617;20190312;-999;-999;-999;    3;   1.6;   4;-999;   0;  -999;   6.3;    -999;    6.1;   68.71;   10.6;    1.6;   -0.5;eor
        617;20190313;-999;-999;-999;    3;   6.5;   4;-999;   0;  -999;   7.5;    -999;    6.1;   78.88;    7.8;    4.8;    3.8;eor
        617;20190314;-999;-999;-999;    3;  10.8;   4;-999;   0;  -999;   8.3;    -999;    6.9;   83.04;    9.6;    5.4;    4.0;eor
        617;20190315;-999;-999;-999;    3;   9.0;   4;-999;   0;  -999;   9.2;    -999;    8.7;   81.08;   12.9;    6.5;    5.0;eor
        617;20190316;-999;-999;-999;    3;   3.7;   4;-999;   0;  -999;   9.1;    -999;    9.4;   76.96;   11.2;    6.5;    5.7;eor
        617;20190317;-999;-999;-999;    3;   4.6;   4;-999;   0;  -999;   7.6;    -999;    7.5;   72.88;   11.2;    2.9;    1.4;eor
        617;20190318;-999;-999;-999;    3;   0.0;   0;-999;   0;  -999;   6.4;    -999;    5.1;   74.08;    9.7;    0.6;   -1.9;eor
        617;20190319;-999;-999;-999;    3;   0.0;   0;-999;   0;  -999;   6.1;    -999;    4.5;   74.63;   10.7;   -1.8;   -3.9;eor
        617;20190320;-999;-999;-999;    3;   0.0;   4;-999;   0;  -999;   8.5;    -999;    7.8;   79.42;   11.9;    2.4;   -0.5;eor
        617;20190321;-999;-999;-999;    3;   0.0;   0;-999;   0;  -999;   9.8;    -999;   10.7;   77.33;   16.1;    5.8;    3.8;eor
        617;20190322;-999;-999;-999;    3;   0.0;   0;-999;   0;  -999;   9.3;    -999;   11.2;   74.42;   20.4;    4.6;    3.3;eor
        617;20190323;-999;-999;-999;    3;   0.1;   4;-999;   0;  -999;   9.4;    -999;    8.6;   83.29;   11.6;    5.1;    2.6;eor
        617;20190324;-999;-999;-999;    3;   1.4;   4;-999;   0;  -999;   6.7;    -999;    6.0;   73.38;   11.6;    0.5;   -1.5;eor
        617;20190325;-999;-999;-999;    3;   1.1;   4;-999;   0;  -999;   7.2;    -999;    6.5;   74.54;    9.6;    3.4;    1.7;eor
        617;20190326;-999;-999;-999;    3;   0.3;   4;-999;   0;  -999;   7.2;    -999;    7.0;   71.75;    9.4;    4.1;    3.4;eor
        617;20190327;-999;-999;-999;    3;   0.0;   0;-999;   0;  -999;   7.9;    -999;    8.1;   74.54;   12.2;    1.5;   -1.1;eor
        617;20190328;-999;-999;-999;    3;   0.0;   0;-999;   0;  -999;   8.8;    -999;    9.5;   74.58;   12.2;    4.2;    1.3;eor
        617;20190329;-999;-999;-999;    3;   0.0;   0;-999;   0;  -999;   8.5;    -999;    9.8;   72.63;   18.4;    0.7;   -1.0;eor
        617;20190330;-999;-999;-999;    3;   0.0;   0;-999;   0;  -999;   8.4;    -999;   10.9;   68.21;   18.5;    2.1;   -0.4;eor
        617;20190331;-999;-999;-999;    3;   0.0;   0;-999;   0;  -999;   7.5;    -999;    8.2;   69.50;   13.0;    2.6;    0.9;eor
        617;20190401;-999;-999;-999;    3;   0.0;   0;-999;   0;  -999;   5.9;    -999;    7.6;   57.58;   14.5;    0.2;   -2.3;eor
        617;20190402;-999;-999;-999;    3;   2.0;   4;-999;   0;  -999;   8.7;    -999;    9.4;   73.54;   15.5;    3.6;    0.2;eor
        617;20190403;-999;-999;-999;    3;   1.0;   4;-999;   0;  -999;   8.4;    -999;    7.5;   80.92;    9.3;    5.5;    4.1;eor
        617;20190404;-999;-999;-999;    3;   0.5;   4;-999;   0;  -999;   7.6;    -999;    5.4;   85.13;    8.2;    1.7;   -0.1;eor
        617;20190405;-999;-999;-999;    3;   0.0;   0;-999;   0;  -999;   8.4;    -999;    6.7;   85.13;    9.3;    3.7;    3.1;eor
        617;20190406;-999;-999;-999;    3;   0.0;   0;-999;   0;  -999;  10.4;    -999;   10.6;   81.67;   16.7;    7.3;    4.4;eor
        617;20190407;-999;-999;-999;    3;   0.0;   0;-999;   0;  -999;   9.5;    -999;   14.2;   61.67;   21.3;    6.3;    3.1;eor
        617;20190408;-999;-999;-999;    3;   0.0;   0;-999;   0;  -999;   8.1;    -999;   14.7;   52.00;   21.2;    7.2;    3.3;eor
        617;20190409;-999;-999;-999;    3;   0.0;   0;-999;   0;  -999;   7.5;    -999;   10.0;   62.25;   15.1;    5.4;    4.0;eor
        617;20190410;-999;-999;-999;    3;   0.0;   0;-999;   0;  -999;   5.3;    -999;    6.7;   55.00;   12.1;    1.4;   -0.9;eor
        617;20190411;-999;-999;-999;    3;   0.0;   0;-999;   0;  -999;   4.8;    -999;    5.4;   55.13;   10.6;   -0.6;   -3.8;eor
        617;20190412;-999;-999;-999;    3;   0.1;   4;-999;   0;  -999;   5.1;    -999;    4.2;   62.46;    6.5;    1.5;   -1.4;eor
        617;20190413;-999;-999;-999;    3;   0.0;   0;-999;   0;  -999;   5.2;    -999;    2.7;   71.17;    7.7;   -2.1;   -4.8;eor
        617;20190414;-999;-999;-999;    3;   0.0;   0;-999;   0;  -999;   6.0;    -999;    5.9;   67.58;   11.5;    0.2;   -1.7;eor
        617;20190415;-999;-999;-999;    3;   0.0;   0;-999;   0;  -999;   6.9;    -999;   10.7;   56.92;   17.2;    4.7;    2.8;eor
        617;20190416;-999;-999;-999;    3;   0.0;   0;-999;   0;  -999;   6.8;    -999;   12.4;   48.88;   19.5;    5.6;    3.2;eor
        617;20190417;-999;-999;-999;    3;   0.0;   0;-999;   0;  -999;   8.6;    -999;   13.1;   58.08;   17.8;    5.1;    2.6;eor
        617;20190418;-999;-999;-999;    3;   0.0;   0;-999;   0;  -999;   7.3;    -999;   16.5;   40.00;   21.9;   11.7;    8.6;eor
        617;20190419;-999;-999;-999;    3;   0.0;   0;-999;   0;  -999;   7.6;    -999;   17.3;   40.54;   24.5;   10.0;    6.5;eor
        617;20190420;-999;-999;-999;    3;   0.0;   0;-999;   0;  -999;   7.4;    -999;   16.8;   42.38;   25.2;    5.8;    2.4;eor
        617;20190421;-999;-999;-999;    3;   0.0;   0;-999;   0;  -999;   7.0;    -999;   15.4;   44.50;   24.5;    4.1;    0.9;eor
        617;20190422;-999;-999;-999;    3;   0.0;   0;-999;   0;  -999;   7.1;    -999;   17.7;   37.08;   25.1;   10.4;    7.6;eor
        617;20190423;-999;-999;-999;    3;   0.0;   0;-999;   0;  -999;   8.7;    -999;   16.1;   47.13;   22.3;   10.1;    8.4;eor
        617;20190424;-999;-999;-999;    3;   8.2;   4;-999;   0;  -999;  10.8;    -999;   17.9;   57.38;   26.4;   10.3;    9.1;eor
        617;20190425;-999;-999;-999;    3;   3.6;   4;-999;   0;  -999;  10.5;    -999;   14.0;   67.67;   22.2;    7.8;    5.5;eor
        617;20190426;-999;-999;-999;    3;   0.0;   4;-999;   0;  -999;  11.0;    -999;   11.9;   79.54;   15.7;   10.1;    7.4;eor
        617;20190427;-999;-999;-999;    3;   9.0;   4;-999;   0;  -999;   9.7;    -999;    9.4;   82.75;   12.9;    6.8;    5.5;eor
        617;20190428;-999;-999;-999;    3;   0.3;   4;-999;   0;  -999;   8.9;    -999;    9.4;   76.21;   13.6;    4.7;    2.9;eor
        617;20190429;-999;-999;-999;    3;   0.0;   0;-999;   0;  -999;   9.0;    -999;    9.6;   76.50;   15.6;    2.3;    0.9;eor
        617;20190430;-999;-999;-999;    3;   0.0;   0;-999;   0;  -999;   9.9;    -999;   11.9;   72.50;   16.1;    7.0;    5.5;eor
        617;20190501;-999;-999;-999;    3;   0.0;   0;-999;-999;  -999;   9.7;    -999;   10.1;   79.13;   15.6;    5.7;    3.6;eor
        617;20190502;-999;-999;-999;    3;   0.9;   4;-999;-999;  -999;   9.7;    -999;    9.4;   82.96;   17.2;    3.9;    1.8;eor
        617;20190503;-999;-999;-999;    3;   3.5;   4;-999;-999;  -999;   7.3;    -999;    8.7;   65.88;   11.9;    4.4;    3.8;eor
        617;20190504;-999;-999;-999;    3;   3.7;   4;-999;-999;  -999;   6.8;    -999;    5.7;   74.92;   10.2;    0.9;   -0.7;eor
        617;20190505;-999;-999;-999;    3;   0.2;   4;-999;-999;  -999;   6.7;    -999;    6.5;   70.67;   11.7;    0.5;   -1.0;eor
        617;20190506;-999;-999;-999;    3;   0.6;   4;-999;-999;  -999;   7.2;    -999;    7.2;   72.75;   12.4;    1.1;   -0.6;eor
        617;20190507;-999;-999;-999;    3;   0.0;   0;-999;-999;  -999;   7.5;    -999;    8.0;   72.25;   12.7;    2.8;    1.0;eor
        617;20190508;-999;-999;-999;    3;   2.0;   4;-999;-999;  -999;   9.6;    -999;    9.5;   79.88;   13.8;    5.1;    3.5;eor
        617;20190509;-999;-999;-999;    3;   3.6;   4;-999;-999;  -999;  10.4;    -999;   12.4;   73.25;   17.2;    6.9;    4.2;eor
        617;20190510;-999;-999;-999;    3;   0.0;   4;-999;-999;  -999;   9.9;    -999;   10.9;   76.33;   13.9;    7.6;    6.0;eor
        617;20190511;-999;-999;-999;    3;   0.0;   0;-999;-999;  -999;   8.3;    -999;   10.8;   66.38;   16.1;    5.5;    2.8;eor
        617;20190512;-999;-999;-999;    3;   0.0;   0;-999;-999;  -999;   6.7;    -999;    9.2;   60.17;   14.8;    2.2;    0.2;eor
        617;20190513;-999;-999;-999;    3;   0.0;   0;-999;-999;  -999;   5.7;    -999;    9.5;   54.63;   17.2;    0.0;   -2.2;eor
        617;20190514;-999;-999;-999;    3;   0.0;   0;-999;-999;  -999;   6.8;    -999;   10.4;   58.13;   17.1;    2.2;    0.3;eor
        617;20190515;-999;-999;-999;    3;   0.0;   0;-999;-999;  -999;   6.1;    -999;   11.7;   48.04;   17.8;    3.6;    0.6;eor
        617;20190516;-999;-999;-999;    3;   0.0;   0;-999;-999;  -999;   7.8;    -999;   11.2;   59.33;   16.4;    8.6;    7.6;eor
        617;20190517;-999;-999;-999;    3;   2.4;   4;-999;-999;  -999;  10.8;    -999;   11.3;   80.04;   13.1;    8.8;    7.4;eor
        617;20190518;-999;-999;-999;    3;   6.1;   4;-999;-999;  -999;  12.2;    -999;   15.2;   73.29;   23.3;    8.4;    5.7;eor
        617;20190519;-999;-999;-999;    3;   0.2;   4;-999;-999;  -999;  13.0;    -999;   16.2;   74.17;   24.4;   10.1;    9.0;eor
        617;20190520;-999;-999;-999;    3;   0.0;   0;-999;-999;  -999;  14.3;    -999;   15.0;   83.96;   19.0;   10.6;    9.1;eor
        617;20190521;-999;-999;-999;    3;   0.3;   4;-999;-999;  -999;  13.5;    -999;   13.0;   89.96;   14.3;   11.6;   11.4;eor
        617;20190522;-999;-999;-999;    3;   0.0;   0;-999;-999;  -999;  10.5;    -999;   13.8;   68.83;   20.0;    7.8;    5.5;eor
        617;20190523;-999;-999;-999;    3;   0.0;   0;-999;-999;  -999;   9.0;    -999;   15.0;   58.17;   23.2;    5.0;    3.1;eor
        617;20190524;-999;-999;-999;    3;   0.0;   0;-999;-999;  -999;   9.8;    -999;   16.4;   55.79;   24.1;    8.0;    6.1;eor
        617;20190525;-999;-999;-999;    3;   0.0;   0;-999;-999;  -999;  10.2;    -999;   13.6;   68.00;   20.3;    7.2;    5.3;eor
        617;20190526;-999;-999;-999;    3;   2.6;   4;-999;-999;  -999;  12.2;    -999;   16.2;   67.92;   21.8;    8.3;    6.2;eor
        617;20190527;-999;-999;-999;    3;   0.4;   4;-999;-999;  -999;  11.1;    -999;   15.6;   64.92;   19.3;    8.6;    6.9;eor
        617;20190528;-999;-999;-999;    3;   7.5;   4;-999;-999;  -999;  11.1;    -999;   11.2;   83.29;   14.4;    5.5;    3.8;eor
        617;20190529;-999;-999;-999;    3;   0.0;   0;-999;-999;  -999;   8.3;    -999;   12.3;   62.46;   19.2;    3.1;    1.3;eor
        617;20190530;-999;-999;-999;    3;   0.4;   4;-999;-999;  -999;  13.4;    -999;   16.4;   71.63;   20.5;   13.5;   12.3;eor
        617;20190531;-999;-999;-999;    3;   0.0;   0;-999;-999;  -999;  13.8;    -999;   18.8;   64.79;   23.8;   11.4;    9.2;eor
        617;20190601;-999;-999;-999;    3;   0.0;   0;-999;-999;  -999;  14.2;    -999;   19.6;   65.50;   27.1;   11.0;    8.6;eor
        617;20190602;-999;-999;-999;    3;   9.0;   4;-999;-999;  -999;  14.3;    -999;   24.1;   52.42;   32.3;   13.0;   10.9;eor
        617;20190603;-999;-999;-999;    3;   0.0;   4;-999;-999;  -999;  16.0;    -999;   18.6;   75.33;   22.8;   12.8;   11.6;eor
        617;20190604;-999;-999;-999;    3;   0.0;   4;-999;-999;  -999;  16.1;    -999;   20.4;   68.92;   25.6;   12.9;   11.9;eor
        617;20190605;-999;-999;-999;    3;   8.0;   4;-999;-999;  -999;  16.4;    -999;   22.1;   62.96;   27.2;   17.2;   15.7;eor
        617;20190606;-999;-999;-999;    3;   0.0;   0;-999;-999;  -999;  13.0;    -999;   15.2;   76.63;   19.2;    9.9;    8.4;eor
        617;20190607;-999;-999;-999;    3;   1.7;   4;-999;-999;  -999;  11.8;    -999;   16.2;   67.08;   25.4;    8.3;    6.9;eor
        617;20190608;-999;-999;-999;    3;   1.8;   4;-999;-999;  -999;  10.3;    -999;   15.4;   59.04;   19.2;   12.2;    9.9;eor
        617;20190609;-999;-999;-999;    3;   0.0;   0;-999;-999;  -999;  10.1;    -999;   16.8;   55.29;   22.3;    9.9;    7.5;eor
        617;20190610;-999;-999;-999;    3;   5.2;   4;-999;-999;  -999;  14.0;    -999;   17.9;   69.88;   25.1;   13.4;   12.0;eor
        617;20190611;-999;-999;-999;    3;   0.3;   4;-999;-999;  -999;  13.3;    -999;   16.8;   71.29;   21.5;   13.9;   13.8;eor
        617;20190612;-999;-999;-999;    3;   7.1;   4;-999;-999;  -999;  14.5;    -999;   15.8;   80.96;   18.8;   10.6;    9.4;eor
        617;20190613;-999;-999;-999;    3;   0.9;   4;-999;-999;  -999;  11.9;    -999;   16.2;   66.00;   21.1;   10.6;    9.0;eor
        617;20190614;-999;-999;-999;    3;   3.9;   4;-999;-999;  -999;  13.3;    -999;   19.7;   60.88;   26.2;   10.9;    9.3;eor
        617;20190615;-999;-999;-999;    3;   0.2;   4;-999;-999;  -999;  16.2;    -999;   18.1;   78.92;   22.0;   13.2;   11.8;eor
        617;20190616;-999;-999;-999;    3;   0.0;   0;-999;-999;  -999;  13.9;    -999;   17.5;   71.88;   23.1;   11.7;   10.4;eor
        617;20190617;-999;-999;-999;    3;   0.0;   0;-999;-999;  -999;  14.0;    -999;   20.0;   64.08;   27.4;   10.7;    9.2;eor
        617;20190618;-999;-999;-999;    3;   0.0;   0;-999;-999;  -999;  15.0;    -999;   22.6;   59.38;   29.4;   13.2;   11.7;eor
        617;20190619;-999;-999;-999;    3;   3.4;   4;-999;-999;  -999;  17.2;    -999;   22.2;   67.79;   29.4;   15.1;   13.5;eor
        617;20190620;-999;-999;-999;    3;   2.7;   4;-999;-999;  -999;  16.7;    -999;   18.1;   80.96;   21.0;   13.6;   12.1;eor
        617;20190621;-999;-999;-999;    3;   0.0;   4;-999;-999;  -999;  12.6;    -999;   16.5;   69.38;   21.8;   10.9;    9.5;eor
        617;20190622;-999;-999;-999;    3;   0.0;   0;-999;-999;  -999;  13.3;    -999;   18.8;   64.29;   25.2;   10.9;    9.5;eor
        617;20190623;-999;-999;-999;    3;   0.0;   0;-999;-999;  -999;  14.0;    -999;   23.1;   52.21;   29.9;   15.2;   12.7;eor
        617;20190624;-999;-999;-999;    3;   0.0;   0;-999;-999;  -999;  17.0;    -999;   25.8;   51.96;   32.5;   18.5;   17.1;eor
        617;20190625;-999;-999;-999;    3;   0.0;   0;-999;-999;  -999;  18.6;    -999;   28.5;   50.33;   36.0;   19.8;   17.8;eor
        617;20190626;-999;-999;-999;    3;   0.0;   0;-999;-999;  -999;  19.8;    -999;   23.5;   69.00;   29.9;   15.6;   14.5;eor
        617;20190627;-999;-999;-999;    3;   0.0;   0;-999;-999;  -999;  12.7;    -999;   18.5;   61.25;   25.2;   12.4;   10.6;eor
        617;20190628;-999;-999;-999;    3;   0.0;   0;-999;-999;  -999;  12.2;    -999;   18.3;   61.58;   26.5;    9.9;    8.4;eor
        617;20190629;-999;-999;-999;    3;   0.0;   0;-999;-999;  -999;  12.6;    -999;   23.4;   50.46;   33.8;   10.8;    8.8;eor
        617;20190630;-999;-999;-999;    3;   0.0;   0;-999;-999;  -999;  14.6;    -999;   24.5;   47.42;   30.0;   15.8;   13.9;eor
        617;20190701;-999;-999;-999;    3;   0.0;   0;-999;-999;  -999;  13.1;    -999;   19.2;   60.29;   24.8;   14.2;   11.4;eor
        617;20190702;-999;-999;-999;    3;   0.0;   0;-999;-999;  -999;  10.7;    -999;   17.4;   56.54;   23.5;   11.5;    9.7;eor
        617;20190703;-999;-999;-999;    3;   0.0;   0;-999;-999;  -999;  10.2;    -999;   15.8;   60.17;   21.6;    8.5;    6.8;eor
        617;20190704;-999;-999;-999;    3;   0.0;   0;-999;-999;  -999;  10.3;    -999;   16.6;   58.71;   24.6;    6.3;    4.5;eor
        617;20190705;-999;-999;-999;    3;   0.0;   0;-999;-999;  -999;  12.9;    -999;   20.1;   57.38;   26.0;   12.4;   10.9;eor
        617;20190706;-999;-999;-999;    3;   5.5;   4;-999;-999;  -999;  14.5;    -999;   17.5;   75.08;   25.6;   11.0;    9.3;eor
        617;20190707;-999;-999;-999;    3;   0.0;   0;-999;-999;  -999;  11.2;    -999;   14.5;   70.17;   19.4;    9.0;    7.4;eor
        617;20190708;-999;-999;-999;    3;   0.1;   4;-999;-999;  -999;  11.2;    -999;   13.7;   71.71;   17.4;   10.0;    9.1;eor
        617;20190709;-999;-999;-999;    3;   0.0;   0;-999;-999;  -999;  10.1;    -999;   15.9;   58.21;   22.0;    8.2;    5.9;eor
        617;20190710;-999;-999;-999;    3;   3.4;   4;-999;-999;  -999;  10.9;    -999;   14.3;   70.54;   21.5;    5.8;    4.4;eor
        617;20190711;-999;-999;-999;    3;   4.0;   4;-999;-999;  -999;  16.6;    -999;   17.1;   85.54;   23.7;   13.9;   13.4;eor
        617;20190712;-999;-999;-999;    3;   5.0;   4;-999;-999;  -999;  16.4;    -999;   17.0;   86.08;   23.2;   12.1;   11.8;eor
        617;20190713;-999;-999;-999;    3;   0.3;   4;-999;-999;  -999;  15.3;    -999;   17.3;   78.33;   21.6;   15.0;   14.7;eor
        617;20190714;-999;-999;-999;    3;   0.0;   0;-999;-999;  -999;  12.6;    -999;   15.5;   72.00;   19.0;   10.9;    9.5;eor
        617;20190715;-999;-999;-999;    3;   0.0;   0;-999;-999;  -999;  12.4;    -999;   14.8;   74.63;   19.4;   11.2;    8.6;eor
        617;20190716;-999;-999;-999;    3;   0.0;   0;-999;-999;  -999;  13.5;    -999;   15.3;   78.13;   18.4;   11.6;   10.6;eor
        617;20190717;-999;-999;-999;    3;   0.0;   0;-999;-999;  -999;  14.1;    -999;   17.7;   71.54;   23.6;   12.3;   11.1;eor
        617;20190718;-999;-999;-999;    3;   0.0;   0;-999;-999;  -999;  14.1;    -999;   19.4;   65.54;   25.8;   11.2;   10.5;eor
        617;20190719;-999;-999;-999;    3;   0.0;   0;-999;-999;  -999;  15.1;    -999;   20.6;   64.04;   25.3;   15.8;   14.5;eor
        617;20190720;-999;-999;-999;    3;  10.4;   4;-999;-999;  -999;  17.4;    -999;   20.4;   73.54;   25.6;   15.9;   14.6;eor
        617;20190721;-999;-999;-999;    3;   0.0;   0;-999;-999;  -999;  15.8;    -999;   19.1;   73.50;   24.6;   13.7;   13.0;eor
        617;20190722;-999;-999;-999;    3;   0.0;   0;-999;-999;  -999;  16.2;    -999;   20.6;   69.79;   28.1;   13.5;   13.1;eor
        617;20190723;-999;-999;-999;    3;   0.0;   0;-999;-999;  -999;  17.4;    -999;   24.6;   61.63;   33.6;   14.2;   13.5;eor
        617;20190724;-999;-999;-999;    3;   0.0;   0;-999;-999;  -999;  18.1;    -999;   28.9;   49.50;   38.4;   19.6;   17.5;eor
        617;20190725;-999;-999;-999;    3;   0.0;   0;-999;-999;  -999;  19.1;    -999;   29.6;   51.88;   39.4;   17.9;   17.1;eor
        617;20190726;-999;-999;-999;    3;   0.0;   0;-999;-999;  -999;  16.7;    -999;   29.3;   42.92;   36.0;   22.4;   19.5;eor
        617;20190727;-999;-999;-999;    3;   0.0;   0;-999;-999;  -999;  17.2;    -999;   24.6;   57.88;   32.4;   17.3;   16.0;eor
        617;20190728;-999;-999;-999;    3;   0.0;   0;-999;-999;  -999;  18.9;    -999;   20.1;   81.21;   24.5;   15.4;   14.6;eor
        617;20190729;-999;-999;-999;    3;   0.0;   0;-999;-999;  -999;  15.3;    -999;   21.2;   63.92;   27.8;   14.3;   12.6;eor
        617;20190730;-999;-999;-999;    3;   0.0;   0;-999;-999;  -999;  14.7;    -999;   21.9;   60.58;   30.2;   11.4;   10.6;eor
        617;20190731;-999;-999;-999;    3;   0.2;   4;-999;-999;  -999;  14.4;    -999;   19.3;   65.38;   24.2;   13.4;   12.1;eor
        617;20190801;-999;-999;-999;    3;   0.0;   0;-999;-999;  -999;  14.9;    -999;   18.7;   70.21;   25.6;   13.1;   10.5;eor
        617;20190802;-999;-999;-999;    3;   5.0;   4;-999;-999;  -999;  16.4;    -999;   17.5;   83.04;   24.4;   11.4;   10.0;eor
        617;20190803;-999;-999;-999;    3;   0.0;   0;-999;-999;  -999;  16.5;    -999;   18.0;   80.58;   20.9;   12.9;   11.6;eor
        617;20190804;-999;-999;-999;    3;   0.0;   0;-999;-999;  -999;  15.4;    -999;   19.3;   72.13;   26.9;   11.1;   10.1;eor
        617;20190805;-999;-999;-999;    3;   0.0;   0;-999;-999;  -999;  17.0;    -999;   21.6;   66.79;   26.7;   17.1;   16.9;eor
        617;20190806;-999;-999;-999;    3;   0.0;   0;-999;-999;  -999;  15.0;    -999;   20.3;   64.58;   24.7;   16.3;   15.1;eor
        617;20190807;-999;-999;-999;    3;   0.0;   0;-999;-999;  -999;  14.8;    -999;   20.1;   64.04;   25.2;   14.5;   11.2;eor
        617;20190808;-999;-999;-999;    3;   0.0;   0;-999;-999;  -999;  13.9;    -999;   18.7;   67.04;   24.8;   12.5;   10.7;eor
        617;20190809;-999;-999;-999;    3;   1.7;   4;-999;-999;  -999;  18.7;    -999;   19.7;   80.13;   24.2;   12.5;   11.1;eor
        617;20190810;-999;-999;-999;    3;   0.0;   0;-999;-999;  -999;  15.0;    -999;   21.4;   59.75;   24.9;   18.1;   16.2;eor
        617;20190811;-999;-999;-999;    3;   0.0;   0;-999;-999;  -999;  12.7;    -999;   19.4;   56.83;   22.9;   15.8;   13.5;eor
        617;20190812;-999;-999;-999;    3;   4.2;   4;-999;-999;  -999;  13.5;    -999;   17.0;   72.29;   24.5;   12.6;   11.6;eor
        617;20190813;-999;-999;-999;    3;   1.2;   4;-999;-999;  -999;  13.2;    -999;   13.9;   83.92;   18.8;   10.4;    8.1;eor
        617;20190814;-999;-999;-999;    3;   4.0;   4;-999;-999;  -999;  12.6;    -999;   16.3;   71.54;   23.0;   10.0;    8.1;eor
        617;20190815;-999;-999;-999;    3;   2.3;   4;-999;-999;  -999;  16.6;    -999;   17.6;   82.96;   21.9;   14.0;   12.1;eor
        617;20190816;-999;-999;-999;    3;   0.7;   4;-999;-999;  -999;  14.5;    -999;   17.6;   73.79;   22.5;   12.2;    9.7;eor
        617;20190817;-999;-999;-999;    3;  14.7;   4;-999;-999;  -999;  18.0;    -999;   18.3;   85.25;   19.9;   16.3;   15.2;eor
        617;20190818;-999;-999;-999;    3;   3.4;   4;-999;-999;  -999;  16.8;    -999;   16.3;   90.83;   18.7;   14.1;   12.9;eor
        617;20190819;-999;-999;-999;    3;   0.0;   0;-999;-999;  -999;  13.4;    -999;   16.6;   72.83;   21.5;   11.8;    9.9;eor
        617;20190820;-999;-999;-999;    3;   0.1;   4;-999;-999;  -999;  13.3;    -999;   15.3;   77.29;   22.5;   10.2;    8.5;eor
        617;20190821;-999;-999;-999;    3;   0.0;   0;-999;-999;  -999;  11.6;    -999;   15.2;   71.71;   22.6;    7.4;    6.2;eor
        617;20190822;-999;-999;-999;    3;   0.0;   0;-999;-999;  -999;  12.7;    -999;   17.7;   67.42;   26.0;    8.5;    7.0;eor
        617;20190823;-999;-999;-999;    3;   0.0;   0;-999;-999;  -999;  13.5;    -999;   19.1;   65.71;   28.1;    9.5;    8.2;eor
        617;20190824;-999;-999;-999;    3;   0.0;   0;-999;-999;  -999;  13.0;    -999;   21.7;   54.79;   31.1;   13.8;   11.2;eor
        617;20190825;-999;-999;-999;    3;   0.0;   0;-999;-999;  -999;  15.9;    -999;   22.7;   62.08;   32.5;   12.3;   10.5;eor
        617;20190826;-999;-999;-999;    3;   0.0;   0;-999;-999;  -999;  18.7;    -999;   24.7;   64.75;   34.1;   16.5;   14.9;eor
        617;20190827;-999;-999;-999;    3;   0.0;   0;-999;-999;  -999;  18.0;    -999;   25.7;   58.79;   34.9;   16.6;   14.7;eor
        617;20190828;-999;-999;-999;    3;   9.9;   4;-999;-999;  -999;  18.7;    -999;   24.4;   63.54;   31.1;   17.9;   15.8;eor
        617;20190829;-999;-999;-999;    3;   0.0;   0;-999;-999;  -999;  18.4;    -999;   19.6;   81.33;   24.0;   13.6;   12.5;eor
        617;20190830;-999;-999;-999;    3;   0.0;   0;-999;-999;  -999;  13.8;    -999;   17.6;   73.13;   25.1;   10.6;    9.6;eor
        617;20190831;-999;-999;-999;    3;   0.0;   0;-999;-999;  -999;  16.1;    -999;   21.7;   66.04;   31.3;   10.8;    9.9;eor
        617;20190901;-999;-999;-999;    3;   0.0;   0;-999;-999;  -999;  13.7;    -999;   17.1;   71.00;   21.5;   10.0;    8.0;eor
        617;20190902;-999;-999;-999;    3;   0.0;   0;-999;-999;  -999;  11.1;    -999;   14.6;   69.46;   21.3;    8.5;    6.1;eor
        617;20190903;-999;-999;-999;    3;   0.0;   0;-999;-999;  -999;  13.2;    -999;   15.9;   72.50;   18.7;   11.6;    9.5;eor
        617;20190904;-999;-999;-999;    3;   2.7;   4;-999;-999;  -999;  14.7;    -999;   16.9;   77.08;   22.6;   13.7;   12.3;eor
        617;20190905;-999;-999;-999;    3;   0.8;   4;-999;-999;  -999;  12.4;    -999;   13.6;   79.63;   17.6;    7.7;    5.5;eor
        617;20190906;-999;-999;-999;    3;   1.5;   4;-999;-999;  -999;   9.8;    -999;   13.3;   67.54;   19.6;    5.6;    3.7;eor
        617;20190907;-999;-999;-999;    3;   0.0;   0;-999;-999;  -999;  12.6;    -999;   15.1;   74.50;   19.8;   10.9;    9.5;eor
        617;20190908;-999;-999;-999;    3;   0.5;   4;-999;-999;  -999;  12.8;    -999;   13.4;   84.04;   18.5;   10.2;    8.8;eor
        617;20190909;-999;-999;-999;    3;   0.0;   0;-999;-999;  -999;  10.7;    -999;   12.5;   77.25;   19.1;    5.8;    4.1;eor
        617;20190910;-999;-999;-999;    3;   0.0;   0;-999;-999;  -999;   9.9;    -999;   12.1;   73.58;   21.0;    3.3;    2.0;eor
        617;20190911;-999;-999;-999;    3;   3.5;   4;-999;-999;  -999;  13.2;    -999;   13.2;   86.25;   18.8;    6.7;    4.6;eor
        617;20190912;-999;-999;-999;    3;   0.0;   0;-999;-999;  -999;  16.8;    -999;   19.2;   76.75;   23.4;   15.5;   15.0;eor
        617;20190913;-999;-999;-999;    3;   1.6;   4;-999;-999;  -999;  14.8;    -999;   17.3;   75.25;   22.3;    8.5;    6.7;eor
        617;20190914;-999;-999;-999;    3;   0.0;   0;-999;-999;  -999;   9.9;    -999;   12.8;   71.79;   21.6;    5.1;    3.5;eor
        617;20190915;-999;-999;-999;    3;   1.0;   4;-999;-999;  -999;  11.7;    -999;   15.6;   69.29;   24.8;    4.8;    3.6;eor
        617;20190916;-999;-999;-999;    3;   2.8;   4;-999;-999;  -999;  14.3;    -999;   13.1;   94.63;   14.8;   10.2;    8.1;eor
        617;20190917;-999;-999;-999;    3;   0.0;   0;-999;-999;  -999;  11.2;    -999;   12.1;   80.08;   18.0;    7.0;    4.1;eor
        617;20190918;-999;-999;-999;    3;   0.0;   0;-999;-999;  -999;   9.7;    -999;   10.1;   80.04;   17.1;    3.7;    1.8;eor
        617;20190919;-999;-999;-999;    3;   0.0;   0;-999;-999;  -999;   8.5;    -999;    9.8;   74.58;   17.7;    2.0;    0.5;eor
        617;20190920;-999;-999;-999;    3;   0.0;   0;-999;-999;  -999;   8.5;    -999;   11.1;   69.00;   20.1;    2.1;    0.8;eor
        617;20190921;-999;-999;-999;    3;   0.0;   0;-999;-999;  -999;   9.1;    -999;   15.5;   55.25;   24.8;    6.7;    3.7;eor
        617;20190922;-999;-999;-999;    3;   1.3;   4;-999;-999;  -999;  12.7;    -999;   19.3;   57.38;   28.7;   10.1;    7.5;eor
        617;20190923;-999;-999;-999;    3;   1.5;   4;-999;-999;  -999;  16.1;    -999;   16.5;   85.83;   20.6;   13.6;   11.5;eor
        617;20190924;-999;-999;-999;    3;   2.0;   4;-999;-999;  -999;  13.6;    -999;   15.7;   77.25;   20.6;   11.7;    8.8;eor
        617;20190925;-999;-999;-999;    3;   2.7;   4;-999;-999;  -999;  14.9;    -999;   15.7;   84.08;   19.6;   13.6;   13.0;eor
        617;20190926;-999;-999;-999;    3;  10.4;   4;-999;-999;  -999;  17.0;    -999;   16.1;   92.58;   17.5;   14.2;   13.4;eor
        617;20190927;-999;-999;-999;    3;   0.3;   4;-999;-999;  -999;  14.1;    -999;   15.6;   80.42;   19.9;   13.6;   12.7;eor
        617;20190928;-999;-999;-999;    3;   1.9;   4;-999;-999;  -999;  14.0;    -999;   15.2;   81.04;   17.8;   13.8;   12.6;eor
        617;20190929;-999;-999;-999;    3;  16.4;   4;-999;-999;  -999;  14.9;    -999;   15.0;   86.92;   16.7;   13.7;   12.4;eor
        617;20190930;-999;-999;-999;    3;   3.2;   4;-999;-999;  -999;  13.9;    -999;   14.3;   85.00;   16.9;   12.7;   11.8;eor
        617;20191001;-999;-999;-999;    3;  16.3;   4;-999;   0;  -999;  15.6;    -999;   15.0;   91.25;   17.5;   10.1;    9.8;eor
        617;20191002;-999;-999;-999;    3;   0.3;   4;-999;   0;  -999;   9.9;    -999;   10.2;   80.46;   13.2;    8.4;    7.2;eor
        617;20191003;-999;-999;-999;    3;   2.9;   4;-999;   0;  -999;  11.4;    -999;   10.6;   89.21;   15.4;    7.9;    6.7;eor
        617;20191004;-999;-999;-999;    3;   9.8;   4;-999;   0;  -999;  11.8;    -999;   10.4;   92.71;   13.1;    9.1;    8.4;eor
        617;20191005;-999;-999;-999;    3;   0.0;   0;-999;   0;  -999;   9.9;    -999;    9.9;   81.83;   14.4;    7.8;    6.1;eor
        617;20191006;-999;-999;-999;    3;   5.0;   4;-999;   0;  -999;   9.6;    -999;    8.9;   83.58;   10.4;    8.1;    7.4;eor
        617;20191007;-999;-999;-999;    3;   4.6;   4;-999;   0;  -999;  10.3;    -999;   10.0;   83.25;   12.7;    5.6;    4.4;eor
        617;20191008;-999;-999;-999;    3;   1.7;   4;-999;   0;  -999;  13.6;    -999;   13.1;   90.38;   15.3;   11.7;   10.5;eor
        617;20191009;-999;-999;-999;    3;   7.2;   4;-999;   0;  -999;  11.9;    -999;   11.6;   86.54;   13.8;    9.9;    8.7;eor
        617;20191010;-999;-999;-999;    3;   0.3;   4;-999;   0;  -999;  11.1;    -999;   11.8;   80.54;   15.0;    8.6;    7.2;eor
        617;20191011;-999;-999;-999;    3;   1.9;   4;-999;   0;  -999;  12.9;    -999;   14.3;   78.63;   17.0;   11.8;   10.7;eor
        617;20191012;-999;-999;-999;    3;   0.0;   0;-999;   0;  -999;  14.0;    -999;   15.4;   80.54;   18.8;   10.1;    8.7;eor
        617;20191013;-999;-999;-999;    3;   7.5;   4;-999;   0;  -999;  16.9;    -999;   18.6;   79.63;   23.2;   11.1;    9.7;eor
        617;20191014;-999;-999;-999;    3;   0.0;   0;-999;   0;  -999;  15.6;    -999;   15.7;   87.38;   20.2;   10.6;    9.4;eor
        617;20191015;-999;-999;-999;    3;   6.8;   4;-999;   0;  -999;  15.2;    -999;   15.6;   85.75;   18.3;   13.2;   11.4;eor
        617;20191016;-999;-999;-999;    3;   9.2;   4;-999;   0;  -999;  13.8;    -999;   13.3;   90.83;   15.7;   11.6;   11.0;eor
        617;20191017;-999;-999;-999;    3;   3.7;   4;-999;   0;  -999;  14.8;    -999;   13.9;   93.08;   16.1;   12.9;   11.3;eor
        617;20191018;-999;-999;-999;    3;   3.2;   4;-999;   0;  -999;  12.0;    -999;   13.0;   79.75;   16.4;   11.1;    9.4;eor
        617;20191019;-999;-999;-999;    3;   1.5;   4;-999;   0;  -999;  12.2;    -999;   12.0;   86.92;   14.2;    9.6;    7.9;eor
        617;20191020;-999;-999;-999;    3;   8.1;   4;-999;   0;  -999;  12.9;    -999;   11.3;   95.63;   13.0;   10.2;    8.8;eor
        617;20191021;-999;-999;-999;    3;   0.0;   0;-999;   0;  -999;  12.7;    -999;   13.7;   81.38;   18.6;   11.6;   11.3;eor
        617;20191022;-999;-999;-999;    3;   0.0;   0;-999;   0;  -999;  12.2;    -999;   12.2;   85.58;   14.9;    7.9;    6.2;eor
        617;20191023;-999;-999;-999;    3;   0.0;   0;-999;   0;  -999;  12.8;    -999;   12.3;   89.42;   17.5;    9.0;    7.9;eor
        617;20191024;-999;-999;-999;    3;   0.5;   4;-999;   0;  -999;  13.5;    -999;   14.8;   80.42;   19.4;    8.8;    8.3;eor
        617;20191025;-999;-999;-999;    3;   0.0;   0;-999;   0;  -999;  12.4;    -999;   14.2;   76.92;   16.2;   11.8;   10.2;eor
        617;20191026;-999;-999;-999;    3;   3.5;   4;-999;   0;  -999;  13.1;    -999;   17.0;   68.21;   20.2;   14.4;   12.7;eor
        617;20191027;-999;-999;-999;    3;   0.0;   0;-999;   0;  -999;  10.3;    -999;   10.2;   82.00;   16.5;    5.2;    3.1;eor
        617;20191028;-999;-999;-999;    3;   0.0;   0;-999;   0;  -999;   8.5;    -999;    6.5;   88.38;   12.4;    3.3;    1.5;eor
        617;20191029;-999;-999;-999;    3;   0.0;   0;-999;   0;  -999;   7.7;    -999;    5.6;   85.46;   12.3;    0.6;   -1.6;eor
        617;20191030;-999;-999;-999;    3;   0.0;   0;-999;   0;  -999;   6.8;    -999;    3.8;   85.25;    9.6;   -0.1;   -2.5;eor
        617;20191031;-999;-999;-999;    3;   0.0;   0;-999;   0;  -999;   6.3;    -999;    3.5;   80.63;    9.3;   -0.3;   -3.1;eor
        617;20191101;-999;-999;-999;    3;   9.9;   4;-999;   0;  -999;   9.1;    -999;    6.2;   91.58;   11.8;    0.1;   -1.9;eor
        617;20191102;-999;-999;-999;    3;   3.3;   4;-999;   0;  -999;  12.6;    -999;   13.3;   82.38;   15.3;   11.8;   10.4;eor
        617;20191103;-999;-999;-999;    3;   1.3;   4;-999;   0;  -999;  11.9;    -999;   11.6;   87.00;   13.8;    9.4;    8.4;eor
        617;20191104;-999;-999;-999;    3;   2.4;   4;-999;   0;  -999;  11.5;    -999;   10.7;   89.58;   13.1;    8.8;    6.4;eor
        617;20191105;-999;-999;-999;    3;   6.4;   4;-999;   0;  -999;  10.8;    -999;    9.1;   93.13;   10.5;    8.3;    7.3;eor
        617;20191106;-999;-999;-999;    3;   0.5;   4;-999;   0;  -999;   9.7;    -999;    7.3;   93.88;    9.6;    3.1;    1.8;eor
        617;20191107;-999;-999;-999;    3;   2.2;   4;-999;   0;  -999;   9.2;    -999;    7.6;   88.50;   11.2;    5.7;    3.6;eor
        617;20191108;-999;-999;-999;    3;   0.0;   0;-999;   0;  -999;   7.7;    -999;    5.5;   85.96;   11.5;    0.8;   -0.9;eor
        617;20191109;-999;-999;-999;    3;   0.0;   0;-999;   0;  -999;   7.6;    -999;    4.4;   90.50;    8.5;    0.2;   -1.7;eor
        617;20191110;-999;-999;-999;    3;   0.0;   0;-999;   0;  -999;   6.3;    -999;    2.5;   87.17;    9.6;   -1.8;   -3.4;eor
        617;20191111;-999;-999;-999;    3;   0.9;   4;-999;   0;  -999;   7.5;    -999;    4.8;   87.38;    7.5;    0.5;   -0.5;eor
        617;20191112;-999;-999;-999;    3;   1.3;   4;-999;   0;  -999;   7.4;    -999;    5.0;   84.83;    6.5;    2.7;    0.6;eor
        617;20191113;-999;-999;-999;    3;   3.0;   4;-999;   0;  -999;   8.1;    -999;    5.4;   89.13;    7.9;    3.0;    1.6;eor
        617;20191114;-999;-999;-999;    3;   0.0;   0;-999;   0;  -999;   7.3;    -999;    4.8;   85.58;    8.0;    1.4;   -1.1;eor
        617;20191115;-999;-999;-999;    3;   0.0;   0;-999;   0;  -999;   7.1;    -999;    4.0;   86.83;    6.4;    1.9;    0.3;eor
        617;20191116;-999;-999;-999;    3;   0.0;   0;-999;   0;  -999;   7.1;    -999;    3.8;   88.83;    6.5;    1.7;   -0.7;eor
        617;20191117;-999;-999;-999;    3;  12.9;   4;-999;   0;  -999;   6.7;    -999;    2.6;   91.21;    5.0;   -1.2;   -3.0;eor
        617;20191118;-999;-999;-999;    3;  24.5;   4;-999;   0;  -999;   9.0;    -999;    5.9;   96.42;    7.3;    4.2;    3.7;eor
        617;20191119;-999;-999;-999;    3;   3.9;   4;-999;   0;  -999;   7.8;    -999;    4.4;   92.63;    7.6;   -0.5;   -2.6;eor
        617;20191120;-999;-999;-999;    3;   0.0;   0;-999;   0;  -999;   6.5;    -999;    1.3;   95.63;    4.3;   -1.5;   -2.3;eor
        617;20191121;-999;-999;-999;    3;   0.0;   0;-999;   0;  -999;   7.1;    -999;    3.0;   93.67;    5.3;    0.7;   -1.2;eor
        617;20191122;-999;-999;-999;    3;   0.3;   4;-999;   0;  -999;   8.2;    -999;    5.8;   88.92;   10.1;    0.8;   -0.9;eor
        617;20191123;-999;-999;-999;    3;   0.0;   0;-999;   0;  -999;   7.9;    -999;    5.7;   85.58;   10.3;    2.8;    1.1;eor
        617;20191124;-999;-999;-999;    3;   0.0;   0;-999;   0;  -999;   8.0;    -999;    5.0;   92.04;    9.9;    1.8;   -0.3;eor
        617;20191125;-999;-999;-999;    3;   0.0;   0;-999;   0;  -999;   8.9;    -999;    5.5;   98.29;    8.6;    1.8;   -0.3;eor
        617;20191126;-999;-999;-999;    3;   0.4;   4;-999;   0;  -999;  10.3;    -999;    9.1;   89.50;   11.5;    4.1;    0.6;eor
        617;20191127;-999;-999;-999;    3;   3.8;   4;-999;   0;  -999;  10.9;    -999;   10.6;   85.67;   12.4;    9.1;    8.0;eor
        617;20191128;-999;-999;-999;    3;   6.0;   4;-999;   0;  -999;  10.6;    -999;    9.7;   87.79;   10.9;    7.4;    6.5;eor
        617;20191129;-999;-999;-999;    3;   0.0;   4;-999;   0;  -999;   7.1;    -999;    5.3;   80.17;    8.0;    0.7;   -1.2;eor
        617;20191130;-999;-999;-999;    3;   0.0;   0;-999;   0;  -999;   6.1;    -999;    0.8;   94.08;    6.3;   -2.2;   -3.5;eor
        617;20191201;-999;-999;-999;    3;   0.0;   0;-999;   0;  -999;   5.8;    -999;   -0.2;   96.38;    2.6;   -2.1;   -2.9;eor
        617;20191202;-999;-999;-999;    3;   0.4;   4;-999;   0;  -999;   7.2;    -999;    2.8;   95.58;    7.7;   -0.9;   -2.9;eor
        617;20191203;-999;-999;-999;    3;   0.0;   0;-999;   0;  -999;   8.5;    -999;    5.4;   94.83;    8.1;    1.3;    0.8;eor
        617;20191204;-999;-999;-999;    3;   0.0;   0;-999;   0;  -999;   6.5;    -999;    1.9;   93.08;    7.2;   -1.2;   -3.2;eor
        617;20191205;-999;-999;-999;    3;   0.0;   0;-999;   0;  -999;   6.1;    -999;    0.5;   95.88;    3.3;   -2.6;   -4.2;eor
        617;20191206;-999;-999;-999;    3;  13.7;   4;-999;   0;  -999;   8.0;    -999;    4.8;   92.29;    8.5;    2.0;    1.2;eor
        617;20191207;-999;-999;-999;    3;   0.3;   4;-999;   0;  -999;   9.9;    -999;    8.8;   87.25;    9.3;    8.3;    7.4;eor
        617;20191208;-999;-999;-999;    3;   1.6;   4;-999;   0;  -999;   9.3;    -999;    9.2;   79.58;   11.1;    6.4;    4.8;eor
        617;20191209;-999;-999;-999;    3;   6.2;   4;-999;   0;  -999;   8.2;    -999;    6.6;   83.04;    8.2;    3.2;    1.3;eor
        617;20191210;-999;-999;-999;    3;   0.7;   4;-999;   0;  -999;   6.3;    -999;    3.8;   79.13;    6.3;    0.5;   -1.4;eor
        617;20191211;-999;-999;-999;    3;   5.4;   4;-999;   0;  -999;   8.1;    -999;    5.3;   91.04;    6.7;    4.2;    3.0;eor
        617;20191212;-999;-999;-999;    3;   0.2;   4;-999;   0;  -999;   7.0;    -999;    4.6;   82.54;    5.9;    3.5;    1.2;eor
        617;20191213;-999;-999;-999;    3;   9.5;   4;-999;   0;  -999;   7.4;    -999;    4.1;   89.63;    6.1;    2.8;    2.2;eor
        617;20191214;-999;-999;-999;    3;   9.0;   4;-999;   0;  -999;   7.5;    -999;    5.4;   83.75;    7.6;    3.7;    2.2;eor
        617;20191215;-999;-999;-999;    3;   0.0;   4;-999;   0;  -999;   7.7;    -999;    7.4;   74.88;    9.1;    5.3;    3.1;eor
        617;20191216;-999;-999;-999;    3;   0.0;   0;-999;   0;  -999;   9.1;    -999;    7.8;   85.25;   10.2;    5.3;    2.9;eor
        617;20191217;-999;-999;-999;    3;   5.1;   4;-999;   0;  -999;  10.3;    -999;   11.7;   75.79;   15.4;    4.4;    2.9;eor
        617;20191218;-999;-999;-999;    3;   0.0;   0;-999;   0;  -999;   8.8;    -999;    6.5;   90.46;    9.3;    4.1;    0.9;eor
        617;20191219;-999;-999;-999;    3;   0.0;   0;-999;   0;  -999;   9.8;    -999;   11.6;   72.46;   15.9;    4.7;    2.7;eor
        617;20191220;-999;-999;-999;    3;   2.5;   4;-999;   0;  -999;   9.6;    -999;   11.0;   72.46;   13.1;    8.1;    6.2;eor
        617;20191221;-999;-999;-999;    3;   1.4;   4;-999;   0;  -999;   8.4;    -999;    8.2;   76.88;    9.6;    5.9;    3.6;eor
        617;20191222;-999;-999;-999;    3;   9.7;   4;-999;   0;  -999;   9.6;    -999;    7.8;   89.79;    9.8;    6.1;    4.9;eor
        617;20191223;-999;-999;-999;    3;   1.8;   4;-999;   0;  -999;   9.3;    -999;    7.5;   89.58;    8.4;    6.4;    5.1;eor
        617;20191224;-999;-999;-999;    3;  14.5;   4;-999;   0;  -999;   9.5;    -999;    7.7;   89.75;    9.9;    5.9;    4.2;eor
        617;20191225;-999;-999;-999;    3;   0.4;   4;-999;   0;  -999;   9.3;    -999;    7.5;   89.71;    8.6;    6.2;    5.4;eor
        617;20191226;-999;-999;-999;    3;   0.0;   0;-999;   0;  -999;   8.3;    -999;    5.6;   90.92;    6.7;    4.4;    2.4;eor
        617;20191227;-999;-999;-999;    3;   0.0;   0;-999;   0;  -999;   6.5;    -999;    3.4;   83.71;    6.8;    0.2;   -2.2;eor
        617;20191228;-999;-999;-999;    3;   0.0;   0;-999;   0;  -999;   5.5;    -999;    0.1;   88.79;    3.1;   -2.1;   -3.6;eor
        617;20191229;-999;-999;-999;    3;   0.0;   0;-999;   0;  -999;   5.0;    -999;    1.0;   76.63;    3.7;   -3.3;   -4.8;eor
        617;20191230;-999;-999;-999;    3;   0.0;   0;-999;   0;  -999;   4.4;    -999;    4.2;   54.38;    8.3;    0.9;   -1.9;eor
        617;20191231;-999;-999;-999;    3;   0.0;   0;-999;   0;  -999;   7.0;    -999;    2.9;   92.96;    4.6;   -1.1;   -1.8;eor
        617;20200101;-999;-999;-999;    3;   0.0;   0;-999;   0;  -999;   5.0;    -999;   -2.2;   97.21;   -0.4;   -4.2;   -5.8;eor
        617;20200102;-999;-999;-999;    3;   0.0;   0;-999;   0;  -999;   6.4;    -999;    1.6;   92.88;    5.9;   -1.3;   -3.3;eor
        617;20200103;-999;-999;-999;    3;   4.5;   4;-999;   0;  -999;   9.4;    -999;    7.5;   89.96;    9.5;    3.2;    1.1;eor
        617;20200104;-999;-999;-999;    3;   2.6;   4;-999;   0;  -999;   8.2;    -999;    5.0;   93.21;    7.0;    2.2;    0.0;eor
        617;20200105;-999;-999;-999;    3;   0.0;   0;-999;   0;  -999;   8.5;    -999;    6.0;   91.00;    6.9;    3.1;    2.9;eor
        617;20200106;-999;-999;-999;    3;   1.2;   4;-999;   0;  -999;   7.2;    -999;    5.5;   79.08;    6.5;    3.9;    0.5;eor
        617;20200107;-999;-999;-999;    3;   0.0;   0;-999;   0;  -999;   8.7;    -999;    6.6;   88.92;    8.2;    3.8;    3.3;eor
        617;20200108;-999;-999;-999;    3;   3.6;   4;-999;   0;  -999;  11.3;    -999;    9.7;   93.46;   11.5;    7.2;    6.4;eor
        617;20200109;-999;-999;-999;    3;   6.4;   4;-999;   0;  -999;  12.5;    -999;   11.5;   92.21;   12.7;    9.7;    9.2;eor
        617;20200110;-999;-999;-999;    3;   0.3;   4;-999;   0;  -999;   9.2;    -999;    7.0;   90.75;   10.9;    0.7;   -1.7;eor
        617;20200111;-999;-999;-999;    3;   0.0;   0;-999;   0;  -999;   6.9;    -999;    4.0;   85.29;    6.6;    0.4;   -2.0;eor
        617;20200112;-999;-999;-999;    3;   2.9;   4;-999;   0;  -999;   8.1;    -999;    6.2;   84.92;    8.6;    4.1;    2.5;eor
        617;20200113;-999;-999;-999;    3;   2.1;   4;-999;   0;  -999;   8.9;    -999;    7.5;   86.04;    9.2;    6.6;    4.5;eor
        617;20200114;-999;-999;-999;    3;   0.4;   4;-999;   0;  -999;   9.8;    -999;   10.3;   78.46;   12.6;    8.7;    7.6;eor
        617;20200115;-999;-999;-999;    3;   2.2;   4;-999;   0;  -999;   9.3;    -999;   10.9;   71.79;   13.4;    5.3;    3.3;eor
        617;20200116;-999;-999;-999;    3;   0.0;   4;-999;   0;  -999;   8.5;    -999;    7.3;   84.08;   11.3;    3.7;    0.4;eor
        617;20200117;-999;-999;-999;    3;   1.3;   4;-999;   0;  -999;   8.9;    -999;    8.7;   79.25;   10.5;    5.0;    2.9;eor
        617;20200118;-999;-999;-999;    3;   1.2;   4;-999;   0;  -999;   7.1;    -999;    4.2;   86.58;    6.5;    1.7;    0.1;eor
        617;20200119;-999;-999;-999;    3;   0.0;   0;-999;   0;  -999;   6.7;    -999;    2.5;   92.46;    7.1;   -0.7;   -2.5;eor
        617;20200120;-999;-999;-999;    3;   0.0;   0;-999;   0;  -999;   7.3;    -999;    2.8;   98.08;    5.1;    0.3;   -0.9;eor
        617;20200121;-999;-999;-999;    3;   0.0;   0;-999;   0;  -999;   6.0;    -999;    1.0;   91.42;    5.6;   -1.6;   -2.9;eor
        617;20200122;-999;-999;-999;    3;   0.0;   4;-999;   0;  -999;   6.5;    -999;    0.9;   99.38;    2.6;   -1.1;   -0.9;eor
        617;20200123;-999;-999;-999;    3;   0.0;   0;-999;   0;  -999;   7.0;    -999;    2.6;   94.54;    4.2;    1.3;    1.0;eor
        617;20200124;-999;-999;-999;    3;   0.0;   0;-999;   0;  -999;   6.2;    -999;    1.0;   94.63;    2.4;    0.0;    0.0;eor
        617;20200125;-999;-999;-999;    3;   0.0;   0;-999;   0;  -999;   6.1;    -999;    0.9;   93.88;    1.8;    0.1;    0.0;eor
        617;20200126;-999;-999;-999;    3;   2.0;   4;-999;   0;  -999;   7.7;    -999;    4.9;   89.21;    8.8;    0.8;   -0.2;eor
        617;20200127;-999;-999;-999;    3;   4.7;   4;-999;   0;  -999;   9.3;    -999;    7.5;   89.79;    8.4;    6.5;    4.8;eor
        617;20200128;-999;-999;-999;    3;   3.5;   4;-999;   0;  -999;   7.4;    -999;    5.1;   83.92;    7.7;    2.8;    1.6;eor
        617;20200129;-999;-999;-999;    3;   1.6;   4;-999;   0;  -999;   7.0;    -999;    4.4;   84.00;    6.8;    3.3;    1.7;eor
        617;20200130;-999;-999;-999;    3;   1.3;   4;-999;   0;  -999;   9.0;    -999;    7.9;   84.33;   11.4;    5.1;    3.3;eor
        617;20200131;-999;-999;-999;    3;   2.5;   4;-999;   0;  -999;  11.3;    -999;   11.4;   84.25;   12.4;   10.1;    9.2;eor
        617;20200201;-999;-999;-999;    3;   2.2;   4;-999;   0;  -999;  10.9;    -999;   10.8;   82.88;   12.5;    8.4;    7.0;eor
        617;20200202;-999;-999;-999;    3;   6.0;   4;-999;   0;  -999;   9.8;    -999;    8.8;   86.17;   11.4;    6.4;    6.1;eor
        617;20200203;-999;-999;-999;    3;   2.1;   4;-999;   0;  -999;   9.6;    -999;    9.6;   80.08;   10.9;    5.9;    5.2;eor
        617;20200204;-999;-999;-999;    3;   1.5;   4;-999;   0;  -999;   7.3;    -999;    4.2;   88.25;    7.0;    0.6;   -1.7;eor
        617;20200205;-999;-999;-999;    3;   0.0;   0;-999;   0;  -999;   6.7;    -999;    3.5;   86.33;    6.9;   -1.7;   -3.3;eor
        617;20200206;-999;-999;-999;    3;   0.0;   0;-999;   0;  -999;   7.1;    -999;    4.0;   87.75;    6.4;    0.3;   -2.1;eor
        617;20200207;-999;-999;-999;    3;   0.0;   0;-999;   0;  -999;   6.5;    -999;    5.2;   73.38;    8.7;    2.8;   -1.1;eor
        617;20200208;-999;-999;-999;    3;   0.3;   4;-999;   0;  -999;   7.7;    -999;    7.1;   75.00;   12.0;    2.3;   -0.6;eor
        617;20200209;-999;-999;-999;    3;  22.0;   4;-999;   0;  -999;   9.0;    -999;   10.3;   72.48;   13.3;    6.8;    4.5;eor
        617;20200210;-999;-999;-999;    3;   6.0;   4;-999;   0;  -999;  -999;    -999;    8.0;-999;   11.0;    4.8;    4.0;eor
        617;20200211;-999;-999;-999;    3;   0.8;   4;-999;   0;  -999;   6.0;    -999;    5.3;   67.50;    7.4;    3.3;    2.0;eor
        617;20200212;-999;-999;-999;    3;   0.0;   0;-999;   0;  -999;   6.2;    -999;    4.4;   73.42;    7.0;    2.8;    0.5;eor
        617;20200213;-999;-999;-999;    3;   9.9;   4;-999;   0;  -999;   7.4;    -999;    4.7;   86.13;    6.6;    2.6;    0.4;eor
        617;20200214;-999;-999;-999;    3;   0.0;   4;-999;   0;  -999;   8.4;    -999;    6.6;   86.29;    7.6;    5.6;    3.4;eor
        617;20200215;-999;-999;-999;    3;   2.0;   4;-999;   0;  -999;   8.7;    -999;    9.8;   71.54;   12.8;    6.6;    4.9;eor
        617;20200216;-999;-999;-999;    3;   9.5;   4;-999;   0;  -999;  10.9;    -999;   13.1;   73.04;   17.6;    7.9;    6.8;eor
        617;20200217;-999;-999;-999;    3;   6.6;   4;-999;   0;  -999;   8.0;    -999;    7.9;   75.13;   10.9;    4.7;    2.9;eor
        617;20200218;-999;-999;-999;    3;   5.9;   4;-999;   0;  -999;   7.7;    -999;    7.1;   76.63;    8.3;    4.5;    3.0;eor
        617;20200219;-999;-999;-999;    3;   0.8;   4;-999;   0;  -999;   7.0;    -999;    5.8;   76.54;    8.2;    3.7;    0.5;eor
        617;20200220;-999;-999;-999;    3;   4.4;   4;-999;   0;  -999;   8.7;    -999;    7.7;   82.50;   10.5;    4.5;    2.9;eor
        617;20200221;-999;-999;-999;    3;   0.0;   4;-999;   0;  -999;   7.2;    -999;    6.2;   75.38;    8.5;    2.9;    1.4;eor
        617;20200222;-999;-999;-999;    3;   8.7;   4;-999;   0;  -999;   8.3;    -999;    8.6;   73.75;   10.5;    6.1;    4.9;eor
        617;20200223;-999;-999;-999;    3;  21.4;   4;-999;   0;  -999;  10.0;    -999;    8.8;   87.13;   12.3;    5.1;    3.1;eor
        617;20200224;-999;-999;-999;    3;   6.5;   4;-999;   0;  -999;   8.7;    -999;    6.7;   86.46;   10.8;    3.3;    1.2;eor
        617;20200225;-999;-999;-999;    3;   5.0;   4;-999;   0;  -999;   7.7;    -999;    7.2;   75.88;   10.5;    2.7;    1.2;eor
        617;20200226;-999;-999;-999;    3;   2.5;   4;-999;   0;  -999;   6.9;    -999;    3.0;   90.92;    5.5;    0.9;    0.0;eor
        617;20200227;-999;-999;-999;    3;   3.8;   4;-999;   0;  -999;   6.7;    -999;    2.5;   91.42;    4.5;    0.8;   -0.2;eor
        617;20200228;-999;-999;-999;    3;   5.1;   4;-999;   0;  -999;   6.6;    -999;    3.6;   83.92;    6.6;    1.0;   -0.5;eor
        617;20200229;-999;-999;-999;    3;   2.0;   4;-999;   0;  -999;   8.6;    -999;    8.8;   76.42;   13.9;    5.2;    3.7;eor
        617;20200301;-999;-999;-999;    3;   0.0;   0;-999;   0;  -999;   7.0;    -999;    7.1;   69.79;    9.9;    4.8;    2.3;eor
        617;20200302;-999;-999;-999;    3;   4.8;   4;-999;   0;  -999;   8.1;    -999;    6.4;   84.42;    9.3;    3.8;    2.1;eor
        617;20200303;-999;-999;-999;    3;   2.9;   4;-999;   0;  -999;   7.1;    -999;    4.7;   83.67;    9.0;    1.5;   -0.6;eor
        617;20200304;-999;-999;-999;    3;   1.4;   4;-999;   0;  -999;   7.6;    -999;    5.5;   84.25;    9.7;    1.7;   -1.0;eor
        617;20200305;-999;-999;-999;    3;  12.4;   4;-999;   0;  -999;   8.1;    -999;    5.5;   89.13;    7.4;    3.4;    2.1;eor
        617;20200306;-999;-999;-999;    3;   1.6;   4;-999;   0;  -999;   7.7;    -999;    4.7;   89.88;    5.7;    3.3;    2.9;eor
        617;20200307;-999;-999;-999;    3;   0.0;   4;-999;   0;  -999;   7.0;    -999;    6.4;   73.33;    9.6;    1.5;   -0.7;eor
        617;20200308;-999;-999;-999;    3;   3.3;   4;-999;   0;  -999;   9.3;    -999;    8.7;   82.00;   11.5;    7.5;    5.7;eor
        617;20200309;-999;-999;-999;    3;   7.9;   4;-999;   0;  -999;   8.7;    -999;    7.7;   82.83;   10.6;    6.7;    5.5;eor
        617;20200310;-999;-999;-999;    3;  16.1;   4;-999;   0;  -999;  11.3;    -999;    9.7;   92.88;   12.7;    6.0;    5.2;eor
        617;20200311;-999;-999;-999;    3;   8.9;   4;-999;   0;  -999;  11.6;    -999;   11.0;   88.96;   13.2;    8.4;    8.1;eor
        617;20200312;-999;-999;-999;    3;   4.7;   4;-999;   0;  -999;   8.0;    -999;    9.3;   66.96;   13.1;    5.9;    4.4;eor
        617;20200313;-999;-999;-999;    3;   1.5;   4;-999;   0;  -999;   7.7;    -999;    6.0;   82.50;    9.3;    1.6;   -0.8;eor
        617;20200314;-999;-999;-999;    3;   0.0;   0;-999;   0;  -999;   7.2;    -999;    6.5;   76.50;   11.8;   -0.2;   -1.8;eor
        617;20200315;-999;-999;-999;    3;   0.0;   0;-999;   0;  -999;   8.7;    -999;   10.4;   68.83;   13.6;    7.3;    5.5;eor
        617;20200316;-999;-999;-999;    3;   0.0;   0;-999;   0;  -999;   9.2;    -999;   10.0;   74.17;   14.3;    4.1;    0.8;eor
        617;20200317;-999;-999;-999;    3;   0.0;   0;-999;   0;  -999;   7.4;    -999;    9.4;   65.33;   14.2;    3.4;    0.3;eor
        617;20200318;-999;-999;-999;    3;   0.0;   0;-999;   0;  -999;   8.9;    -999;   10.7;   68.50;   16.2;    5.9;    3.0;eor
        617;20200319;-999;-999;-999;    3;   0.0;   0;-999;   0;  -999;   9.9;    -999;   10.4;   78.83;   15.8;    6.7;    3.5;eor
        617;20200320;-999;-999;-999;    3;   0.2;   4;-999;   0;  -999;   7.9;    -999;    6.8;   79.71;    8.4;    4.7;    3.1;eor
        617;20200321;-999;-999;-999;    3;   0.0;   0;-999;   0;  -999;   5.5;    -999;    4.8;   64.63;    9.1;    0.8;   -1.1;eor
        617;20200322;-999;-999;-999;    3;   0.0;   0;-999;   0;  -999;   4.1;    -999;    4.3;   50.67;    8.8;    0.4;   -1.3;eor
        617;20200323;-999;-999;-999;    3;   0.0;   0;-999;   0;  -999;   3.5;    -999;    4.0;   44.33;    9.7;   -0.9;   -3.3;eor
        617;20200324;-999;-999;-999;    3;   0.0;   0;-999;   0;  -999;   3.4;    -999;    4.9;   41.58;   11.4;   -1.2;   -4.0;eor
        617;20200325;-999;-999;-999;    3;   0.0;   0;-999;   0;  -999;   3.6;    -999;    5.5;   41.96;   11.9;   -1.5;   -5.5;eor
        617;20200326;-999;-999;-999;    3;   0.0;   0;-999;   0;  -999;   4.2;    -999;    6.3;   43.67;   11.7;    0.5;   -4.0;eor
        617;20200327;-999;-999;-999;    3;   0.0;   0;-999;   0;  -999;   5.7;    -999;    9.4;   49.54;   16.7;    2.2;    0.0;eor
        617;20200328;-999;-999;-999;    3;   0.0;   0;-999;   0;  -999;   6.4;    -999;    8.1;   60.08;   14.1;    3.1;    1.4;eor
        617;20200329;-999;-999;-999;    1;   0.3;   4;-999;   0;  -999;   5.0;    -999;    3.1;   64.75;    5.2;   -3.5;   -7.1;eor
        617;20200330;-999;-999;-999;    1;   3.0;   4;-999;   0;  -999;   5.6;    -999;    1.9;   78.29;    8.9;   -5.6;   -8.7;eor
        617;20200331;-999;-999;-999;    1;   0.0;   0;-999;   0;  -999;   5.1;    -999;    3.5;   68.63;    9.2;   -1.6;   -4.0;eor
        617;20200401;-999;-999;-999;    1;   0.0;   0;-999;   0;  -999;   5.4;    -999;    3.9;   68.67;   10.7;   -3.5;   -5.9;eor
        617;20200402;-999;-999;-999;    1;   0.0;   0;-999;   0;  -999;   6.9;    -999;    6.9;   70.63;    9.8;    2.9;    1.7;eor
        617;20200403;-999;-999;-999;    1;   0.0;   0;-999;   0;  -999;   7.6;    -999;    7.2;   75.38;    9.9;   -0.1;   -3.7;eor
        617;20200404;-999;-999;-999;    1;   0.0;   0;-999;   0;  -999;   5.7;    -999;    6.9;   62.54;   14.4;   -2.1;   -5.2;eor
        617;20200405;-999;-999;-999;    1;   0.0;   0;-999;   0;  -999;   6.2;    -999;   12.7;   45.58;   20.4;    4.4;    1.5;eor
        617;20200406;-999;-999;-999;    1;   0.0;   0;-999;   0;  -999;   7.8;    -999;   15.5;   46.63;   23.6;    5.0;    0.5;eor
        617;20200407;-999;-999;-999;    1;   0.0;   0;-999;   0;  -999;  10.1;    -999;   14.2;   64.71;   19.8;    7.0;    3.2;eor
        617;20200408;-999;-999;-999;    1;   0.0;   0;-999;   0;  -999;  10.1;    -999;   15.8;   60.21;   24.5;    6.7;    3.5;eor
        617;20200409;-999;-999;-999;    1;   0.0;   0;-999;   0;  -999;   9.5;    -999;   14.4;   61.21;   21.0;    7.3;    3.6;eor
        617;20200410;-999;-999;-999;    1;   0.0;   0;-999;   0;  -999;   7.0;    -999;   10.9;   56.33;   18.5;    4.3;    1.1;eor
        617;20200411;-999;-999;-999;    1;   0.0;   0;-999;   0;  -999;   6.4;    -999;   12.1;   51.25;   21.7;    2.4;   -1.3;eor
        617;20200412;-999;-999;-999;    1;   0.0;   0;-999;   0;  -999;   8.3;    -999;   14.4;   56.75;   23.9;    3.3;    0.6;eor
        617;20200413;-999;-999;-999;    1;   0.0;   0;-999;   0;  -999;   6.0;    -999;    8.3;   54.75;   11.9;    4.1;    2.3;eor
        617;20200414;-999;-999;-999;    1;   0.0;   0;-999;   0;  -999;   5.8;    -999;    6.5;   61.13;   11.3;    0.6;   -1.9;eor
        617;20200415;-999;-999;-999;    1;   0.0;   0;-999;   0;  -999;   6.7;    -999;    8.8;   63.33;   18.1;   -1.2;   -3.1;eor
        617;20200416;-999;-999;-999;    1;   0.0;   0;-999;   0;  -999;   7.5;    -999;   13.5;   54.50;   23.2;    2.5;   -0.6;eor
        617;20200417;-999;-999;-999;    1;   0.0;   0;-999;   0;  -999;   7.6;    -999;   11.9;   56.42;   19.1;    5.3;    3.7;eor
        617;20200418;-999;-999;-999;    1;   2.6;   4;-999;   0;  -999;  10.9;    -999;   12.6;   75.21;   21.3;    5.0;    3.3;eor
        617;20200419;-999;-999;-999;    1;   0.0;   0;-999;   0;  -999;   7.2;    -999;   13.1;   48.92;   18.4;    8.6;    6.3;eor
        617;20200420;-999;-999;-999;    1;   0.0;   0;-999;   0;  -999;   5.4;    -999;   12.5;   38.00;   18.7;    6.0;    4.2;eor
        617;20200421;-999;-999;-999;    1;   0.0;   0;-999;   0;  -999;   6.2;    -999;   13.6;   40.38;   19.4;    7.6;    5.5;eor
        617;20200422;-999;-999;-999;    1;   0.0;   0;-999;   0;  -999;   6.8;    -999;   15.2;   40.58;   21.9;    9.1;    5.7;eor
        617;20200423;-999;-999;-999;    1;   0.0;   0;-999;   0;  -999;   7.9;    -999;   15.4;   48.42;   23.6;    8.4;    3.6;eor
        617;20200424;-999;-999;-999;    1;   0.0;   0;-999;   0;  -999;   8.3;    -999;   13.1;   59.71;   20.4;    5.6;    2.9;eor
        617;20200425;-999;-999;-999;    1;   0.0;   0;-999;   0;  -999;   7.5;    -999;   10.8;   59.42;   16.3;    6.4;    3.4;eor
        617;20200426;-999;-999;-999;    1;   0.0;   0;-999;   0;  -999;   7.9;    -999;   10.6;   65.58;   18.4;    2.3;   -0.7;eor
        617;20200427;-999;-999;-999;    1;   0.0;   0;-999;   0;  -999;   7.8;    -999;   13.2;   57.75;   22.1;    1.3;   -1.5;eor
        617;20200428;-999;-999;-999;    1;   4.6;   4;-999;   0;  -999;  11.7;    -999;   12.3;   81.96;   17.7;    6.2;    3.4;eor
        617;20200429;-999;-999;-999;    1;   3.5;   4;-999;   0;  -999;  12.0;    -999;   13.3;   79.38;   16.7;   10.3;    9.6;eor
        617;20200430;-999;-999;-999;    1;   0.8;   4;-999;   0;  -999;  10.2;    -999;   11.3;   77.75;   15.6;    8.9;    7.6;eor
        617;20200501;-999;-999;-999;    1;   5.9;   4;-999;-999;  -999;   9.8;    -999;   10.4;   78.54;   16.1;    8.1;    6.3;eor
        617;20200502;-999;-999;-999;    1;   3.6;   4;-999;-999;  -999;  10.0;    -999;    9.2;   85.54;   13.5;    5.7;    3.2;eor
        617;20200503;-999;-999;-999;    1;   2.1;   4;-999;-999;  -999;  10.2;    -999;   10.8;   80.46;   16.1;    4.9;    2.5;eor
        617;20200504;-999;-999;-999;    1;   0.1;   4;-999;-999;  -999;   9.5;    -999;   11.3;   72.75;   16.4;    5.5;    3.0;eor
        617;20200505;-999;-999;-999;    1;   0.0;   0;-999;-999;  -999;   6.7;    -999;    9.0;   62.96;   15.9;    0.4;   -1.2;eor
        617;20200506;-999;-999;-999;    1;   0.0;   0;-999;-999;  -999;   6.9;    -999;   10.9;   57.17;   18.2;    1.9;   -0.3;eor
        617;20200507;-999;-999;-999;    1;   0.0;   0;-999;-999;  -999;   7.1;    -999;   12.7;   55.25;   21.0;    2.2;    0.4;eor
        617;20200508;-999;-999;-999;    1;   0.0;   0;-999;-999;  -999;   8.3;    -999;   14.4;   56.21;   22.8;    4.5;    2.8;eor
        617;20200509;-999;-999;-999;    1;   0.0;   0;-999;-999;  -999;   9.2;    -999;   16.8;   53.29;   25.3;    6.1;    4.5;eor
        617;20200510;-999;-999;-999;    1;   0.9;   4;-999;-999;  -999;  11.1;    -999;   14.3;   69.92;   22.6;    6.2;    5.4;eor
        617;20200511;-999;-999;-999;    1;   0.0;   0;-999;-999;  -999;   5.6;    -999;    8.5;   52.42;   13.6;    4.0;    2.1;eor
        617;20200512;-999;-999;-999;    1;   0.0;   0;-999;-999;  -999;   6.3;    -999;    6.9;   65.92;   12.8;   -0.2;   -2.8;eor
        617;20200513;-999;-999;-999;    1;   0.5;   4;-999;-999;  -999;   6.9;    -999;    8.3;   64.67;   15.1;    1.0;   -2.1;eor
        617;20200514;-999;-999;-999;    1;   0.0;   0;-999;-999;  -999;   5.7;    -999;    8.6;   54.88;   15.2;   -0.3;   -2.7;eor
        617;20200515;-999;-999;-999;    1;   0.0;   0;-999;-999;  -999;   6.7;    -999;    8.6;   62.04;   14.7;    0.3;   -2.8;eor
        617;20200516;-999;-999;-999;    1;   0.0;   0;-999;-999;  -999;   7.9;    -999;   11.0;   64.17;   17.7;    1.2;   -1.5;eor
        617;20200517;-999;-999;-999;    1;   0.0;   0;-999;-999;  -999;   8.4;    -999;   12.0;   63.50;   18.7;    2.7;   -0.4;eor
        617;20200518;-999;-999;-999;    1;   0.0;   0;-999;-999;  -999;   9.7;    -999;   15.4;   59.13;   23.8;    5.7;    3.2;eor
        617;20200519;-999;-999;-999;    1;   0.0;   0;-999;-999;  -999;  11.3;    -999;   17.0;   59.17;   23.0;    7.9;    5.5;eor
        617;20200520;-999;-999;-999;    1;   0.0;   0;-999;-999;  -999;  12.9;    -999;   16.0;   72.29;   20.6;    9.6;    6.8;eor
        617;20200521;-999;-999;-999;    1;   0.0;   0;-999;-999;  -999;  12.0;    -999;   18.4;   61.58;   27.1;    8.1;    5.4;eor
        617;20200522;-999;-999;-999;    1;   0.0;   0;-999;-999;  -999;  14.9;    -999;   18.8;   69.63;   26.9;   11.6;    9.2;eor
        617;20200523;-999;-999;-999;    1;   0.0;   0;-999;-999;  -999;   8.9;    -999;   15.3;   51.46;   19.7;   11.2;    8.1;eor
        617;20200524;-999;-999;-999;    1;   2.4;   4;-999;-999;  -999;  12.2;    -999;   12.8;   82.21;   15.8;   10.6;    8.7;eor
        617;20200525;-999;-999;-999;    1;   0.0;   0;-999;-999;  -999;  12.5;    -999;   14.6;   76.33;   19.3;    8.0;    4.9;eor
        617;20200526;-999;-999;-999;    1;   0.0;   0;-999;-999;  -999;  10.1;    -999;   14.6;   65.92;   23.2;    5.3;    2.9;eor
        617;20200527;-999;-999;-999;    1;   0.0;   0;-999;-999;  -999;  10.9;    -999;   16.3;   62.04;   23.7;    6.5;    4.3;eor
        617;20200528;-999;-999;-999;    1;   0.0;   0;-999;-999;  -999;   8.3;    -999;   14.9;   52.83;   22.0;    8.0;    6.0;eor
        617;20200529;-999;-999;-999;    1;   0.0;   0;-999;-999;  -999;   8.4;    -999;   15.8;   51.63;   23.9;    5.4;    2.7;eor
        617;20200530;-999;-999;-999;    1;   0.0;   0;-999;-999;  -999;   8.6;    -999;   17.0;   48.17;   24.3;    8.5;    4.8;eor
        617;20200531;-999;-999;-999;    1;   0.0;   0;-999;-999;  -999;   9.2;    -999;   15.9;   53.75;   22.1;    8.8;    4.4;eor
        617;20200601;-999;-999;-999;    1;   0.0;   0;-999;-999;  -999;   9.5;    -999;   18.8;   47.33;   25.6;   10.1;    7.3;eor
        617;20200602;-999;-999;-999;    1;   0.0;   0;-999;-999;  -999;  10.6;    -999;   21.6;   44.29;   29.0;   12.9;    9.0;eor
        617;20200603;-999;-999;-999;    1;   0.0;   0;-999;-999;  -999;  11.8;    -999;   19.8;   54.04;   25.5;   14.4;   11.6;eor
        617;20200604;-999;-999;-999;    1;   8.7;   4;-999;-999;  -999;  13.6;    -999;   12.9;   90.54;   14.6;    9.5;    9.3;eor
        617;20200605;-999;-999;-999;    1;  16.6;   4;-999;-999;  -999;  10.7;    -999;    9.7;   88.83;   13.0;    7.2;    5.6;eor
        617;20200606;-999;-999;-999;    1;   0.7;   4;-999;-999;  -999;   9.1;    -999;   12.2;   65.96;   17.3;    7.3;    5.7;eor
        617;20200607;-999;-999;-999;    1;   2.0;   4;-999;-999;  -999;  10.7;    -999;   13.4;   70.00;   17.7;   10.1;    8.0;eor
        617;20200608;-999;-999;-999;    1;   1.0;   4;-999;-999;  -999;  12.8;    -999;   13.9;   81.67;   19.6;    8.6;    6.6;eor
        617;20200609;-999;-999;-999;    1;   0.0;   0;-999;-999;  -999;  11.7;    -999;   14.0;   74.00;   18.4;   11.0;   10.7;eor
