STATIONS_ID;MESS_DATUM;QN_3;  FX;  FM;QN_4; RSK;RSKF; SDK;SHK_TAG;  NM; VPM;  PM; TMK; UPM; TXK; TNK; TGK;eor
        757;20181208;-999;-999;-999;    3;   5.1;   4;    0.100;   0;  -999;   7.2;    -999;    6.7;   73.04;    9.9;    4.7;    3.6;eor
        757;20181209;-999;-999;-999;    3;   7.5;   4;    0.000;   0;  -999;   7.9;    -999;    7.0;   78.92;    9.8;    3.4;    2.4;eor
        757;20181210;-999;-999;-999;    3;   1.4;   4;    0.400;   0;  -999;   6.8;    -999;    4.2;   82.29;    6.4;    2.8;    2.3;eor
        757;20181211;-999;-999;-999;    3;   0.0;   0;    2.600;   0;  -999;   5.6;    -999;    1.1;   85.13;    4.8;   -2.4;   -4.5;eor
        757;20181212;-999;-999;-999;    3;   0.0;   0;    1.600;   0;  -999;   4.5;    -999;   -1.3;   81.58;    2.2;   -4.1;   -6.5;eor
        757;20181213;-999;-999;-999;    3;   0.0;   0;    0.517;   0;  -999;   4.1;    -999;    0.3;   66.33;    1.8;   -2.3;   -5.1;eor
        757;20181214;-999;-999;-999;    3;   0.0;   0;    3.400;   0;  -999;   4.1;    -999;   -1.2;   73.13;    1.1;   -3.5;   -6.0;eor
        757;20181215;-999;-999;-999;    3;   2.6;   4;    4.767;   0;  -999;   3.7;    -999;   -2.2;   72.13;    0.4;   -4.7;   -7.3;eor
        757;20181216;-999;-999;-999;    3;   0.1;   4;    0.900;   0;  -999;   6.2;    -999;    1.3;   91.54;    6.9;   -3.0;   -2.9;eor
        757;20181217;-999;-999;-999;    3;   0.1;   4;    0.117;   0;  -999;   6.7;    -999;    2.3;   92.04;    5.9;   -1.5;   -2.9;eor
        757;20181218;-999;-999;-999;    3;   0.2;   4;    4.600;   0;  -999;   5.7;    -999;    1.6;   82.96;    6.7;   -0.9;   -3.2;eor
        757;20181219;-999;-999;-999;    3;   3.8;   4;    0.000;   0;  -999;   7.7;    -999;    4.9;   86.96;    7.4;    1.7;    0.6;eor
        757;20181220;-999;-999;-999;    3;   0.1;   4;    0.883;   0;  -999;   7.1;    -999;    6.9;   71.08;    9.0;    5.6;    3.9;eor
        757;20181221;-999;-999;-999;    3;  13.7;   4;    0.000;   0;  -999;   9.0;    -999;   10.0;   72.21;   12.7;    6.9;    5.4;eor
        757;20181222;-999;-999;-999;    3;   1.5;   4;    0.083;   0;  -999;   9.4;    -999;   10.8;   72.63;   12.8;    8.8;    6.9;eor
        757;20181223;-999;-999;-999;    3;  18.3;   4;    0.000;   0;  -999;   9.5;    -999;   10.2;   75.54;   12.4;    7.3;    6.5;eor
        757;20181224;-999;-999;-999;    3;   2.8;   4;    0.050;   0;  -999;   8.2;    -999;    5.7;   88.46;   12.5;   -0.4;   -2.5;eor
        757;20181225;-999;-999;-999;    3;   0.0;   0;    4.517;   0;  -999;   5.3;    -999;   -1.1;   93.63;    3.4;   -3.8;   -4.9;eor
        757;20181226;-999;-999;-999;    3;   0.0;   0;    4.700;   0;  -999;   4.3;    -999;   -4.0;   93.58;   -0.4;   -6.8;   -8.8;eor
        757;20181227;-999;-999;-999;    3;   0.0;   0;    4.133;   0;  -999;   4.4;    -999;   -2.9;   87.83;    1.5;   -6.2;   -8.2;eor
        757;20181228;-999;-999;-999;    3;   0.0;   0;    2.267;   0;  -999;   5.3;    -999;    0.0;   86.67;    2.0;   -1.9;   -4.1;eor
        757;20181229;-999;-999;-999;    3;   0.0;   0;    1.050;   0;  -999;   5.3;    -999;   -0.3;   87.88;    1.0;   -1.1;   -2.0;eor
        757;20181230;-999;-999;-999;    3;   0.2;   4;    0.000;   0;  -999;   6.5;    -999;    1.9;   91.63;    4.3;   -0.5;   -0.4;eor
        757;20181231;-999;-999;-999;    3;   0.4;   4;    0.000;   0;  -999;   8.0;    -999;    4.2;   96.50;    6.3;    2.2;    1.6;eor
        757;20190101;-999;-999;-999;    3;   2.8;   4;    0.000;   0;  -999;   7.7;    -999;    3.9;   95.13;    4.7;    2.9;    1.5;eor
        757;20190102;-999;-999;-999;    3;   0.7;   4;    0.000;   0;  -999;   5.7;    -999;    1.5;   83.25;    3.8;   -2.4;   -4.9;eor
        757;20190103;-999;-999;-999;    3;   0.6;   4;    1.467;   0;  -999;   4.3;    -999;   -1.9;   80.96;    0.7;   -4.9;   -7.1;eor
        757;20190104;-999;-999;-999;    3;   0.0;   0;    3.917;   0;  -999;   5.0;    -999;   -0.9;   88.17;    2.3;   -3.6;   -7.0;eor
        757;20190105;-999;-999;-999;    3;  11.0;   4;    0.000;   0;  -999;   5.9;    -999;    0.2;   95.38;    0.9;   -0.6;   -0.8;eor
        757;20190106;-999;-999;-999;    3;   3.4;   4;    0.000;   0;  -999;   6.7;    -999;    1.5;   98.13;    2.3;    0.6;    0.4;eor
        757;20190107;-999;-999;-999;    3;   1.1;   4;    0.000;   0;  -999;   6.3;    -999;    1.2;   94.92;    2.4;    0.2;   -0.7;eor
        757;20190108;-999;-999;-999;    3;   4.2;   4;    0.017;   0;  -999;   6.4;    -999;    2.9;   85.00;    4.6;    0.2;    0.1;eor
        757;20190109;-999;-999;-999;    3;   8.5;   4;    0.000;   0;  -999;   5.7;    -999;    0.4;   90.96;    2.9;   -1.1;   -1.8;eor
        757;20190110;-999;-999;-999;    3;   0.4;   4;    0.000;  12;  -999;   5.2;    -999;   -1.3;   93.71;   -0.8;   -2.8;   -5.9;eor
        757;20190111;-999;-999;-999;    3;   3.8;   4;    0.000;  11;  -999;   4.5;    -999;   -2.8;   90.04;   -0.9;   -5.0;   -8.6;eor
        757;20190112;-999;-999;-999;    3;   4.8;   4;    0.000;  12;  -999;   5.8;    -999;    0.9;   89.67;    4.0;   -1.9;   -1.8;eor
        757;20190113;-999;-999;-999;    3;  22.8;   4;    0.000;   4;  -999;   7.5;    -999;    4.8;   87.58;    7.6;    1.5;    1.1;eor
        757;20190114;-999;-999;-999;    3;   7.0;   4;    0.000;   0;  -999;   7.1;    -999;    3.6;   89.21;    7.5;    0.9;    0.1;eor
        757;20190115;-999;-999;-999;    3;   0.0;   0;    3.833;   0;  -999;   6.1;    -999;    1.8;   87.67;    5.7;   -0.2;   -1.5;eor
        757;20190116;-999;-999;-999;    3;   0.0;   0;    5.667;   0;  -999;   5.7;    -999;    1.8;   82.38;   10.0;   -1.8;   -3.2;eor
        757;20190117;-999;-999;-999;    3;   3.0;   4;    0.000;   0;  -999;   6.4;    -999;    5.5;   70.88;    8.2;   -0.3;   -4.0;eor
        757;20190118;-999;-999;-999;    3;   0.0;   0;    0.667;   2;  -999;   4.7;    -999;   -1.8;   86.63;    1.5;   -4.8;  -10.8;eor
        757;20190119;-999;-999;-999;    3;   0.0;   0;    6.367;   0;  -999;   3.6;    -999;   -3.5;   77.63;    2.0;   -5.8;  -10.5;eor
        757;20190120;-999;-999;-999;    3;   0.0;   0;    0.050;   0;  -999;   4.5;    -999;   -2.3;   86.79;    0.2;   -5.8;   -9.6;eor
        757;20190121;-999;-999;-999;    3;   0.0;   0;    0.000;   0;  -999;   4.7;    -999;   -2.6;   93.83;   -1.9;   -3.0;   -2.6;eor
        757;20190122;-999;-999;-999;    3;   0.0;   4;    6.717;   0;  -999;   4.1;    -999;   -2.8;   82.63;    1.5;   -6.5;  -10.7;eor
        757;20190123;-999;-999;-999;    3;   0.3;   4;    0.150;   0;  -999;   4.2;    -999;   -2.8;   83.13;    0.8;   -6.4;   -8.8;eor
        757;20190124;-999;-999;-999;    3;   0.0;   0;    0.000;   0;  -999;   4.0;    -999;   -3.6;   85.25;   -3.2;   -4.1;   -4.1;eor
        757;20190125;-999;-999;-999;    3;   1.4;   4;    0.250;   0;  -999;   3.9;    -999;   -3.2;   80.96;    0.0;   -5.8;   -8.8;eor
        757;20190126;-999;-999;-999;    3;   0.9;   4;    0.000;   0;  -999;   6.0;    -999;    2.1;   84.00;    5.9;   -1.4;   -1.5;eor
        757;20190127;-999;-999;-999;    3;   6.3;   4;    0.750;   0;  -999;   6.6;    -999;    5.1;   74.83;    7.3;    0.2;    0.0;eor
        757;20190128;-999;-999;-999;    3;   7.9;   4;    0.000;   2;  -999;   5.4;    -999;    0.8;   84.04;    1.9;   -0.3;   -0.6;eor
        757;20190129;-999;-999;-999;    3;   0.1;   4;    6.050;  10;  -999;   4.8;    -999;   -0.5;   81.46;    5.0;   -5.1;   -8.5;eor
        757;20190130;-999;-999;-999;    3;   1.1;   4;    0.750;  10;  -999;   4.4;    -999;    0.9;   67.88;    4.2;   -3.0;   -5.6;eor
        757;20190131;-999;-999;-999;    3;   1.7;   4;    2.450;  10;  -999;   4.7;    -999;    0.3;   75.13;    4.6;   -3.0;   -5.6;eor
        757;20190201;-999;-999;-999;    3;   4.1;   4;    0.000;   9;  -999;   7.0;    -999;    3.0;   92.67;    4.8;    1.8;    1.0;eor
        757;20190202;-999;-999;-999;    3;   1.3;   4;    3.117;   0;  -999;   7.0;    -999;    3.4;   89.46;    6.9;    1.6;    0.8;eor
        757;20190203;-999;-999;-999;    3;   1.6;   4;    0.000;   0;  -999;   6.0;    -999;    0.6;   93.67;    2.9;   -1.6;   -4.6;eor
        757;20190204;-999;-999;-999;    3;   0.0;   0;    6.900;   1;  -999;   4.5;    -999;   -1.1;   81.58;    3.8;   -5.0;  -10.0;eor
        757;20190205;-999;-999;-999;    3;   0.0;   0;    7.617;   0;  -999;   4.3;    -999;   -1.1;   76.63;    5.2;   -5.4;   -7.2;eor
        757;20190206;-999;-999;-999;    3;   0.0;   0;    7.667;   0;  -999;   4.0;    -999;   -0.7;   69.17;    6.1;   -4.9;   -7.6;eor
        757;20190207;-999;-999;-999;    3;   4.1;   4;    0.000;   0;  -999;   6.1;    -999;    2.3;   81.83;    7.8;   -2.8;   -4.7;eor
        757;20190208;-999;-999;-999;    3;   1.3;   4;    5.517;   0;  -999;   6.4;    -999;    4.1;   79.38;    8.8;    1.4;    0.3;eor
        757;20190209;-999;-999;-999;    3;   0.9;   4;    1.067;   0;  -999;   6.8;    -999;    8.1;   63.75;   11.3;    2.7;    1.1;eor
        757;20190210;-999;-999;-999;    3;  16.8;   4;    1.267;   0;  -999;   6.9;    -999;    8.4;   63.92;   13.2;    2.1;    0.3;eor
        757;20190211;-999;-999;-999;    3;   2.9;   4;    0.483;   0;  -999;   6.2;    -999;    2.1;   87.25;    4.7;    0.4;    0.0;eor
        757;20190212;-999;-999;-999;    3;   0.0;   0;    1.883;   0;  -999;   5.7;    -999;    1.3;   86.21;    5.0;   -1.7;   -3.1;eor
        757;20190213;-999;-999;-999;    3;   0.0;   0;    8.533;   0;  -999;   5.1;    -999;    1.3;   76.46;    9.0;   -2.4;   -4.5;eor
        757;20190214;-999;-999;-999;    3;   0.0;   0;    8.717;   0;  -999;   5.4;    -999;    3.8;   67.88;   10.8;   -0.9;   -3.4;eor
        757;20190215;-999;-999;-999;    3;   0.0;   0;    8.817;   0;  -999;   5.7;    -999;    4.5;   68.42;   12.1;   -0.6;   -3.2;eor
        757;20190216;-999;-999;-999;    3;   0.0;   0;    8.917;   0;  -999;   5.3;    -999;    7.0;   54.79;   17.3;    0.8;   -2.9;eor
        757;20190217;-999;-999;-999;    3;   0.0;   0;    8.967;   0;  -999;   4.8;    -999;    8.3;   45.25;   18.5;    2.5;   -0.9;eor
        757;20190218;-999;-999;-999;    3;   0.0;   0;    8.867;   0;  -999;   5.6;    -999;    7.0;   56.67;   15.0;    2.2;   -1.6;eor
        757;20190219;-999;-999;-999;    3;   0.0;   0;    1.433;   0;  -999;   7.0;    -999;    6.7;   71.67;   11.9;    2.0;   -0.6;eor
        757;20190220;-999;-999;-999;    3;   0.0;   0;    6.450;   0;  -999;   7.4;    -999;    6.4;   78.13;   11.9;    2.0;   -0.3;eor
        757;20190221;-999;-999;-999;    3;   0.0;   0;    8.583;   0;  -999;   7.1;    -999;    7.5;   70.92;   15.3;    2.6;   -0.3;eor
        757;20190222;-999;-999;-999;    3;   0.0;   0;    1.350;   0;  -999;   7.9;    -999;    7.8;   74.54;   12.6;    4.8;    1.6;eor
        757;20190223;-999;-999;-999;    3;   0.0;   0;    8.667;   0;  -999;   4.4;    -999;    8.1;   43.21;   14.0;    0.9;   -1.7;eor
        757;20190224;-999;-999;-999;    3;   0.0;   0;    9.433;   0;  -999;   3.6;    -999;    4.4;   44.63;   10.7;   -3.5;   -6.5;eor
        757;20190225;-999;-999;-999;    3;   0.0;   0;    9.483;   0;  -999;   5.4;    -999;    6.5;   56.29;   13.0;   -0.1;   -3.5;eor
        757;20190226;-999;-999;-999;    3;   0.0;   0;    9.450;   0;  -999;   7.2;    -999;    8.6;   65.08;   15.2;    2.3;   -1.1;eor
        757;20190227;-999;-999;-999;    3;   0.0;   0;    9.567;   0;  -999;   6.8;    -999;    8.9;   61.17;   16.8;    2.8;   -1.1;eor
        757;20190228;-999;-999;-999;    3;   5.4;   4;    9.467;   0;  -999;   7.1;    -999;   10.5;   56.83;   17.5;    4.7;    0.2;eor
        757;20190301;-999;-999;-999;    3;  10.7;   4;    0.000;   0;  -999;   8.5;    -999;    7.3;   83.92;    9.8;    5.0;    4.7;eor
        757;20190302;-999;-999;-999;    3;   0.0;   0;    0.900;   0;  -999;   8.0;    -999;    7.1;   79.96;   10.4;    4.3;    4.0;eor
        757;20190303;-999;-999;-999;    3;   0.0;   0;    1.917;   0;  -999;   7.9;    -999;    9.4;   67.67;   15.1;    6.9;    5.3;eor
        757;20190304;-999;-999;-999;    3;  17.3;   4;    1.200;   0;  -999;   6.1;    -999;    9.9;   53.83;   17.2;    3.2;    2.4;eor
        757;20190305;-999;-999;-999;    3;   0.2;   4;    0.083;   0;  -999;   6.4;    -999;    6.7;   65.29;    9.5;    3.6;    2.6;eor
        757;20190306;-999;-999;-999;    3;   5.2;   4;    3.450;   0;  -999;   5.7;    -999;    9.4;   52.04;   15.9;    1.3;   -0.9;eor
        757;20190307;-999;-999;-999;    3;   3.4;   4;    2.900;   0;  -999;   7.4;    -999;    8.6;   66.58;   12.9;    6.1;    4.3;eor
        757;20190308;-999;-999;-999;    3;   0.0;   0;    3.600;   0;  -999;   6.7;    -999;    7.5;   64.50;   10.4;    5.5;    3.0;eor
        757;20190309;-999;-999;-999;    3;   1.2;   4;    0.000;   0;  -999;   8.1;    -999;    9.2;   69.58;   11.5;    7.4;    5.4;eor
        757;20190310;-999;-999;-999;    3;   7.3;   4;    2.250;   0;  -999;   8.8;    -999;   10.5;   68.13;   13.1;    4.9;    2.5;eor
        757;20190311;-999;-999;-999;    3;   5.4;   4;    0.967;   0;  -999;   5.5;    -999;    2.6;   76.04;    5.6;   -0.6;   -1.0;eor
        757;20190312;-999;-999;-999;    3;   4.6;   4;    6.467;   0;  -999;   4.7;    -999;    5.8;   57.13;   14.6;   -1.5;   -3.6;eor
        757;20190313;-999;-999;-999;    3;   4.1;   4;    2.583;   0;  -999;   6.2;    -999;    5.0;   71.38;    7.0;    3.1;    1.6;eor
        757;20190314;-999;-999;-999;    3;  16.5;   4;    0.000;   0;  -999;   6.8;    -999;    5.0;   77.42;    7.3;    3.4;    2.7;eor
        757;20190315;-999;-999;-999;    3;  10.7;   4;    0.000;   0;  -999;   9.4;    -999;    8.7;   83.67;   11.3;    4.7;    4.3;eor
        757;20190316;-999;-999;-999;    3;   0.0;   0;    6.267;   0;  -999;   8.6;    -999;    9.8;   71.17;   13.2;    5.9;    4.4;eor
        757;20190317;-999;-999;-999;    3;  10.3;   4;    4.933;   0;  -999;   6.3;    -999;    9.4;   58.46;   16.3;    1.0;   -0.8;eor
        757;20190318;-999;-999;-999;    3;   0.0;   4;    3.417;   1;  -999;   6.1;    -999;    2.6;   83.46;    7.4;   -0.7;   -2.5;eor
        757;20190319;-999;-999;-999;    3;   0.0;   0;    5.817;   0;  -999;   5.8;    -999;    3.1;   77.33;    9.2;   -1.3;   -3.3;eor
        757;20190320;-999;-999;-999;    3;   0.0;   0;   10.817;   0;  -999;   5.1;    -999;    4.7;   62.75;   12.1;   -1.4;   -3.6;eor
        757;20190321;-999;-999;-999;    3;   0.0;   0;   10.850;   0;  -999;   4.5;    -999;    8.0;   45.00;   16.7;    1.0;   -2.7;eor
        757;20190322;-999;-999;-999;    3;   0.0;   0;   10.917;   0;  -999;   6.4;    -999;    8.4;   59.21;   16.5;    1.4;   -1.5;eor
        757;20190323;-999;-999;-999;    3;   0.0;   0;   10.950;   0;  -999;   6.7;    -999;    9.5;   59.04;   17.4;    3.1;    0.0;eor
        757;20190324;-999;-999;-999;    3;   0.0;   0;   10.183;   0;  -999;   7.6;    -999;    8.8;   68.67;   15.4;    1.9;   -1.5;eor
        757;20190325;-999;-999;-999;    3;   2.0;   4;    3.867;   0;  -999;   6.1;    -999;    5.8;   66.96;    9.0;    1.3;    0.7;eor
        757;20190326;-999;-999;-999;    3;   0.0;   0;    4.333;   0;  -999;   5.8;    -999;    4.1;   72.50;    9.2;    0.5;   -1.3;eor
        757;20190327;-999;-999;-999;    3;   0.0;   0;    0.950;   0;  -999;   5.9;    -999;    4.1;   72.96;   10.5;   -1.2;   -3.3;eor
        757;20190328;-999;-999;-999;    3;   0.0;   0;   10.867;   0;  -999;   5.9;    -999;    7.2;   62.25;   15.3;   -0.4;   -3.3;eor
        757;20190329;-999;-999;-999;    3;   0.0;   0;   11.200;   0;  -999;   7.4;    -999;   10.5;   59.25;   16.8;    4.1;    0.6;eor
        757;20190330;-999;-999;-999;    3;   0.0;   0;   11.167;   0;  -999;   6.7;    -999;   10.7;   55.71;   18.5;    3.6;   -0.3;eor
        757;20190331;-999;-999;-999;    3;   0.0;   0;    9.917;   0;  -999;   7.0;    -999;   11.2;   54.38;   19.1;    3.4;   -0.1;eor
        757;20190401;-999;-999;-999;    3;   0.0;   0;   10.550;   0;  -999;   8.5;    -999;   10.5;   66.88;   16.9;    2.8;   -1.0;eor
        757;20190402;-999;-999;-999;    3;   5.7;   4;    8.700;   0;  -999;   7.6;    -999;   13.0;   53.92;   18.6;    6.1;    2.6;eor
        757;20190403;-999;-999;-999;    3;  16.9;   4;    0.033;   0;  -999;   8.3;    -999;    5.6;   89.88;   10.2;    1.4;    0.9;eor
        757;20190404;-999;-999;-999;    3;  10.0;   4;    0.000;   2;  -999;   6.2;    -999;    1.0;   93.92;    2.0;   -0.1;   -2.3;eor
        757;20190405;-999;-999;-999;    3;   0.0;   0;    0.933;   2;  -999;   6.6;    -999;    2.6;   89.92;    6.9;   -0.5;   -3.2;eor
        757;20190406;-999;-999;-999;    3;   0.0;   0;    8.450;   0;  -999;   8.0;    -999;    6.5;   82.54;   13.4;    0.2;   -1.9;eor
        757;20190407;-999;-999;-999;    3;   2.7;   4;    0.000;   0;  -999;   9.4;    -999;    7.4;   91.25;    9.8;    4.8;    2.7;eor
        757;20190408;-999;-999;-999;    3;   1.3;   4;    0.250;   0;  -999;   9.7;    -999;    8.8;   86.17;   11.9;    6.5;    6.3;eor
        757;20190409;-999;-999;-999;    3;   6.8;   4;    0.550;   0;  -999;   9.9;    -999;    7.8;   93.17;    9.9;    4.0;    1.4;eor
        757;20190410;-999;-999;-999;    3;   7.5;   4;    0.000;   0;  -999;   9.3;    -999;    6.3;   96.17;    8.4;    2.9;    1.0;eor
        757;20190411;-999;-999;-999;    3;   0.0;   0;    6.133;   0;  -999;   7.8;    -999;    6.9;   79.50;   12.6;    1.8;   -1.3;eor
        757;20190412;-999;-999;-999;    3;   0.2;   4;    5.383;   0;  -999;   6.1;    -999;    4.9;   71.75;   11.3;   -0.7;   -3.2;eor
        757;20190413;-999;-999;-999;    3;   0.4;   4;    1.133;   0;  -999;   6.0;    -999;    2.9;   80.33;    6.0;    0.9;   -1.9;eor
        757;20190414;-999;-999;-999;    3;   3.0;   4;    0.000;   0;  -999;   6.6;    -999;    2.1;   93.00;    3.9;    0.7;   -0.7;eor
        757;20190415;-999;-999;-999;    3;   0.0;   0;   11.733;   0;  -999;   7.2;    -999;    7.5;   71.88;   16.3;   -0.8;   -2.9;eor
        757;20190416;-999;-999;-999;    3;   3.3;   4;    5.500;   0;  -999;   8.9;    -999;    9.3;   76.71;   15.0;    3.7;   -0.1;eor
        757;20190417;-999;-999;-999;    3;   0.4;   4;    5.433;   0;  -999;  10.8;    -999;   11.4;   80.58;   17.3;    7.7;    4.5;eor
        757;20190418;-999;-999;-999;    3;   0.0;   0;   12.400;   0;  -999;   8.1;    -999;   13.2;   54.54;   22.2;    5.1;    0.7;eor
        757;20190419;-999;-999;-999;    3;   0.0;   0;   11.300;   0;  -999;   9.4;    -999;   13.9;   60.75;   21.7;    7.5;    2.3;eor
        757;20190420;-999;-999;-999;    3;   0.0;   0;   13.017;   0;  -999;   8.2;    -999;   15.1;   50.17;   24.1;    6.3;    2.8;eor
        757;20190421;-999;-999;-999;    3;   0.0;   0;    8.683;   0;  -999;   8.8;    -999;   14.0;   54.92;   20.6;    8.1;    3.1;eor
        757;20190422;-999;-999;-999;    3;   0.0;   0;   11.017;   0;  -999;   7.9;    -999;   16.3;   44.04;   23.8;    7.9;    3.1;eor
        757;20190423;-999;-999;-999;    3;   0.0;   0;    7.383;   0;  -999;   9.5;    -999;   15.5;   54.25;   21.2;   10.0;    5.8;eor
        757;20190424;-999;-999;-999;    3;   1.7;   4;    6.833;   0;  -999;   9.9;    -999;   13.0;   68.46;   24.9;    5.9;    4.0;eor
        757;20190425;-999;-999;-999;    3;   5.8;   4;    9.067;   0;  -999;   9.9;    -999;   12.9;   68.04;   23.7;    5.0;    1.8;eor
        757;20190426;-999;-999;-999;    3;   3.4;   4;    0.867;   0;  -999;   8.7;    -999;    7.7;   82.96;   10.8;    4.5;    3.3;eor
        757;20190427;-999;-999;-999;    3;   7.8;   4;    0.567;   0;  -999;   8.5;    -999;    6.9;   86.17;   12.3;    3.5;    1.3;eor
        757;20190428;-999;-999;-999;    3;   2.7;   4;    3.433;   0;  -999;   7.5;    -999;    5.6;   83.08;    9.5;    3.3;    3.1;eor
        757;20190429;-999;-999;-999;    3;   0.0;   4;    3.567;   0;  -999;   8.3;    -999;    7.1;   82.42;   10.7;    3.2;    1.9;eor
        757;20190430;-999;-999;-999;    3;   0.0;   0;    4.050;   0;  -999;   9.3;    -999;    8.4;   84.63;   13.4;    4.5;    1.9;eor
        757;20190501;-999;-999;-999;    3;   0.0;   0;   13.250;-999;  -999;   9.0;    -999;   10.9;   71.75;   18.0;    3.1;   -0.3;eor
        757;20190502;-999;-999;-999;    3;  10.0;   4;    7.433;-999;  -999;   9.5;    -999;   11.2;   72.96;   17.6;    5.5;    2.7;eor
        757;20190503;-999;-999;-999;    3;   4.3;   4;    2.750;-999;  -999;   9.7;    -999;    8.9;   85.75;   14.1;    6.5;    6.1;eor
        757;20190504;-999;-999;-999;    3;  10.0;   4;    0.800;-999;  -999;   7.5;    -999;    3.7;   93.21;    9.9;    0.1;    0.1;eor
        757;20190505;-999;-999;-999;    3;   0.0;   0;    2.600;-999;  -999;   6.2;    -999;    3.5;   81.08;    8.7;   -0.6;   -2.2;eor
        757;20190506;-999;-999;-999;    3;   0.0;   0;    1.900;-999;  -999;   6.3;    -999;    4.9;   74.50;    9.3;   -0.8;   -2.3;eor
        757;20190507;-999;-999;-999;    3;   0.4;   4;   10.133;-999;  -999;   7.3;    -999;    8.0;   69.25;   13.7;   -0.1;   -2.1;eor
        757;20190508;-999;-999;-999;    3;  16.6;   4;    0.117;-999;  -999;  10.2;    -999;    9.8;   83.50;   13.0;    7.5;    6.7;eor
        757;20190509;-999;-999;-999;    3;   5.4;   4;    1.767;-999;  -999;   9.4;    -999;   10.7;   73.00;   14.3;    6.2;    4.0;eor
        757;20190510;-999;-999;-999;    3;   2.4;   4;    2.450;-999;  -999;  10.2;    -999;   11.7;   75.13;   16.3;    8.3;    7.9;eor
        757;20190511;-999;-999;-999;    3;  10.5;   4;    4.817;-999;  -999;  10.1;    -999;   11.4;   76.29;   16.1;    6.7;    6.7;eor
        757;20190512;-999;-999;-999;    3;   0.0;   0;    6.600;-999;  -999;   7.9;    -999;    8.3;   74.46;   13.9;    3.0;    1.0;eor
        757;20190513;-999;-999;-999;    3;   0.0;   0;    8.867;-999;  -999;   6.3;    -999;    8.8;   58.46;   14.9;    2.2;   -1.0;eor
        757;20190514;-999;-999;-999;    3;   0.0;   0;   11.400;-999;  -999;   5.3;    -999;    8.9;   48.29;   14.9;    3.6;   -0.4;eor
        757;20190515;-999;-999;-999;    3;   0.0;   0;    9.150;-999;  -999;   6.1;    -999;    8.4;   57.17;   14.7;    1.7;   -0.1;eor
        757;20190516;-999;-999;-999;    3;   0.0;   0;    3.617;-999;  -999;   7.8;    -999;    8.8;   68.83;   14.1;    1.8;   -0.8;eor
        757;20190517;-999;-999;-999;    3;   4.1;   4;    8.017;-999;  -999;  10.2;    -999;   11.4;   76.46;   18.7;    4.5;    1.1;eor
        757;20190518;-999;-999;-999;    3;   2.4;   4;    2.733;-999;  -999;  12.0;    -999;   12.4;   83.88;   17.8;    7.9;    5.9;eor
        757;20190519;-999;-999;-999;    3;  25.3;   4;    1.700;-999;  -999;  12.5;    -999;   12.3;   87.46;   17.1;    8.6;    7.4;eor
        757;20190520;-999;-999;-999;    3;  20.4;   4;    0.000;-999;  -999;  13.3;    -999;   11.8;   95.58;   15.2;   10.2;   10.1;eor
        757;20190521;-999;-999;-999;    3;  15.6;   4;    0.000;-999;  -999;  12.2;    -999;   10.8;   94.25;   11.8;    9.9;    9.8;eor
        757;20190522;-999;-999;-999;    3;   0.0;   4;   13.633;-999;  -999;   9.9;    -999;   12.4;   71.67;   17.9;    6.9;    4.1;eor
        757;20190523;-999;-999;-999;    3;   0.0;   0;   13.867;-999;  -999;  10.9;    -999;   13.6;   71.13;   20.1;    5.6;    3.0;eor
        757;20190524;-999;-999;-999;    3;   0.0;   0;   12.133;-999;  -999;  11.2;    -999;   15.2;   66.96;   21.5;    8.2;    5.7;eor
        757;20190525;-999;-999;-999;    3;   0.1;   4;    8.183;-999;  -999;  12.4;    -999;   15.7;   70.75;   21.5;   10.5;    8.5;eor
        757;20190526;-999;-999;-999;    3;   0.0;   0;   10.633;-999;  -999;  11.6;    -999;   14.8;   70.88;   21.6;    8.5;    6.0;eor
        757;20190527;-999;-999;-999;    3;   9.1;   4;    4.583;-999;  -999;  12.5;    -999;   14.7;   75.08;   19.7;    8.6;    6.2;eor
        757;20190528;-999;-999;-999;    3;  12.8;   4;    3.367;-999;  -999;  11.5;    -999;   11.4;   85.88;   14.8;    7.6;    6.6;eor
        757;20190529;-999;-999;-999;    3;   0.0;   4;    5.367;-999;  -999;  10.5;    -999;   11.4;   79.67;   17.2;    7.1;    4.8;eor
        757;20190530;-999;-999;-999;    3;   0.0;   0;   10.633;-999;  -999;   9.9;    -999;   13.9;   65.00;   20.5;    6.1;    3.9;eor
        757;20190531;-999;-999;-999;    3;   0.0;   0;    4.567;-999;  -999;  12.8;    -999;   16.9;   67.71;   23.2;   11.9;    9.6;eor
        757;20190601;-999;-999;-999;    3;   0.0;   0;   14.233;-999;  -999;  14.8;    -999;   19.3;   67.67;   26.2;   10.9;    7.7;eor
        757;20190602;-999;-999;-999;    3;   0.0;   0;   14.333;-999;  -999;  13.7;    -999;   20.9;   58.08;   28.1;   12.6;    8.1;eor
        757;20190603;-999;-999;-999;    3;   0.1;   4;    9.600;-999;  -999;  15.6;    -999;   20.6;   65.42;   28.3;   15.1;   12.0;eor
        757;20190604;-999;-999;-999;    3;   0.0;   0;   12.433;-999;  -999;  14.8;    -999;   22.5;   58.92;   31.5;   13.9;   10.7;eor
        757;20190605;-999;-999;-999;    3;   0.3;   4;   11.417;-999;  -999;  14.1;    -999;   22.3;   53.46;   30.6;   14.7;   13.4;eor
        757;20190606;-999;-999;-999;    3;   3.7;   4;    2.033;-999;  -999;  11.3;    -999;   11.1;   85.96;   16.1;    8.5;    6.8;eor
        757;20190607;-999;-999;-999;    3;   1.9;   4;    8.800;-999;  -999;  12.8;    -999;   14.8;   76.96;   23.5;    8.1;    5.7;eor
        757;20190608;-999;-999;-999;    3;   0.0;   0;   13.517;-999;  -999;   8.9;    -999;   14.9;   53.83;   20.4;    8.9;    5.9;eor
        757;20190609;-999;-999;-999;    3;   2.4;   4;    3.950;-999;  -999;  12.3;    -999;   14.2;   75.04;   18.5;    8.0;    4.5;eor
        757;20190610;-999;-999;-999;    3;  24.0;   4;    0.433;-999;  -999;  15.5;    -999;   14.4;   93.79;   17.9;   12.2;   11.6;eor
        757;20190611;-999;-999;-999;    3;   5.1;   4;    0.000;-999;  -999;  14.2;    -999;   13.1;   93.75;   15.6;   11.3;   11.5;eor
        757;20190612;-999;-999;-999;    3;   2.5;   4;    7.483;-999;  -999;  12.9;    -999;   14.2;   80.96;   19.4;   10.7;   10.6;eor
        757;20190613;-999;-999;-999;    3;   0.0;   0;   12.467;-999;  -999;  12.5;    -999;   16.6;   68.96;   23.6;   11.2;    7.3;eor
        757;20190614;-999;-999;-999;    3;   0.0;   0;    5.217;-999;  -999;  14.4;    -999;   19.3;   64.17;   24.1;   10.7;    7.1;eor
        757;20190615;-999;-999;-999;    3;  43.5;   4;    5.317;-999;  -999;  15.4;    -999;   17.8;   76.42;   22.2;   13.7;   12.2;eor
        757;20190616;-999;-999;-999;    3;   0.0;   0;    8.467;-999;  -999;  14.3;    -999;   16.3;   79.13;   22.0;   12.1;    9.6;eor
        757;20190617;-999;-999;-999;    3;   0.0;   0;   13.750;-999;  -999;  14.4;    -999;   19.2;   67.75;   26.1;   11.1;    9.4;eor
        757;20190618;-999;-999;-999;    3;   0.0;   0;   10.500;-999;  -999;  15.5;    -999;   20.8;   65.25;   27.8;   13.6;   10.7;eor
        757;20190619;-999;-999;-999;    3;  15.8;   4;   11.683;-999;  -999;  15.4;    -999;   22.2;   59.17;   28.2;   15.4;   11.9;eor
        757;20190620;-999;-999;-999;    3;   0.0;   0;    6.100;-999;  -999;  16.2;    -999;   18.7;   76.38;   23.6;   14.6;   12.8;eor
        757;20190621;-999;-999;-999;    3;   2.1;   4;    7.950;-999;  -999;  16.4;    -999;   18.1;   79.79;   23.1;   13.5;   11.5;eor
        757;20190622;-999;-999;-999;    3;   1.5;   4;    0.050;-999;  -999;  17.2;    -999;   16.3;   92.92;   18.4;   14.6;   14.5;eor
        757;20190623;-999;-999;-999;    3;   0.0;   0;    6.350;-999;  -999;  17.2;    -999;   19.5;   77.67;   27.2;   14.2;   13.1;eor
        757;20190624;-999;-999;-999;    3;   0.0;   0;   13.283;-999;  -999;  19.4;    -999;   22.7;   72.04;   30.0;   14.8;   12.3;eor
        757;20190625;-999;-999;-999;    3;   0.0;   0;   13.883;-999;  -999;  19.9;    -999;   25.6;   63.75;   34.2;   17.2;   14.9;eor
        757;20190626;-999;-999;-999;    3;   0.0;   0;   13.750;-999;  -999;  22.8;    -999;   27.0;   65.54;   35.0;   19.2;   16.7;eor
        757;20190627;-999;-999;-999;    3;   0.0;   0;   14.117;-999;  -999;  24.1;    -999;   25.9;   72.79;   31.5;   19.7;   17.3;eor
        757;20190628;-999;-999;-999;    3;   0.0;   0;   14.467;-999;  -999;  16.4;    -999;   23.4;   57.50;   29.0;   17.4;   13.3;eor
        757;20190629;-999;-999;-999;    3;   0.0;   0;   14.400;-999;  -999;  17.5;    -999;   23.6;   60.42;   31.7;   15.8;   11.7;eor
        757;20190630;-999;-999;-999;    3;   0.0;   0;   14.100;-999;  -999;  18.3;    -999;   26.6;   54.46;   34.8;   17.8;   14.9;eor
        757;20190701;-999;-999;-999;    3;   0.2;   4;   10.183;-999;  -999;  20.5;    -999;   24.9;   65.17;   31.5;   19.0;   16.6;eor
        757;20190702;-999;-999;-999;    3;   0.0;   0;   12.017;-999;  -999;  15.7;    -999;   21.0;   63.67;   26.0;   15.7;   13.8;eor
        757;20190703;-999;-999;-999;    3;   0.0;   0;   10.483;-999;  -999;  14.4;    -999;   20.3;   60.67;   26.3;   15.1;   12.1;eor
        757;20190704;-999;-999;-999;    3;   0.0;   0;   14.133;-999;  -999;  13.7;    -999;   20.4;   57.33;   26.4;   14.2;   10.3;eor
        757;20190705;-999;-999;-999;    3;   0.0;   0;   13.750;-999;  -999;  12.9;    -999;   21.7;   53.08;   29.5;   14.1;   11.9;eor
        757;20190706;-999;-999;-999;    3;   7.6;   4;    6.117;-999;  -999;  15.2;    -999;   21.1;   61.96;   28.5;   14.7;   11.9;eor
        757;20190707;-999;-999;-999;    3;   0.0;   0;    8.767;-999;  -999;  16.1;    -999;   20.0;   70.00;   24.5;   14.5;   12.4;eor
        757;20190708;-999;-999;-999;    3;   1.6;   4;    1.817;-999;  -999;  15.2;    -999;   15.3;   87.17;   18.2;   11.5;   10.0;eor
        757;20190709;-999;-999;-999;    3;   0.0;   0;   13.633;-999;  -999;  11.8;    -999;   16.0;   65.96;   21.5;    9.4;    7.4;eor
        757;20190710;-999;-999;-999;    3;   0.0;   0;   13.950;-999;  -999;  10.0;    -999;   16.8;   54.08;   23.1;    9.2;    6.5;eor
        757;20190711;-999;-999;-999;    3;   3.2;   4;    3.750;-999;  -999;  13.0;    -999;   16.8;   68.08;   22.0;   12.8;   10.9;eor
        757;20190712;-999;-999;-999;    3;  10.2;   4;    2.800;-999;  -999;  15.8;    -999;   17.5;   78.75;   23.8;   13.4;   11.9;eor
        757;20190713;-999;-999;-999;    3;   0.0;   0;    7.100;-999;  -999;  13.5;    -999;   16.0;   76.04;   21.0;   11.9;   10.4;eor
        757;20190714;-999;-999;-999;    3;   7.5;   4;    6.000;-999;  -999;  -999;    -999;   15.1;-999;   20.8;   10.5;    8.5;eor
        757;20190715;-999;-999;-999;    3;   0.0;   0;    6.900;-999;  -999;  -999;    -999;   16.5;-999;   22.5;   12.4;   11.2;eor
        757;20190716;-999;-999;-999;    3;   0.0;   0;   13.500;-999;  -999;  -999;    -999;   18.0;-999;   26.4;   10.5;    9.1;eor
        757;20190717;-999;-999;-999;    3;   0.0;   0;   12.800;-999;  -999;  -999;    -999;   19.5;-999;   27.0;   11.5;   10.2;eor
        757;20190718;-999;-999;-999;    3;   0.0;   0;    9.900;-999;  -999;  -999;    -999;   20.8;-999;   27.5;   12.4;   11.0;eor
        757;20190719;-999;-999;-999;    3;   0.0;   0;   10.783;-999;  -999;  15.1;    -999;   20.6;   64.08;   26.2;   15.2;   13.6;eor
        757;20190720;-999;-999;-999;    3;   1.8;   4;   10.467;-999;  -999;  15.3;    -999;   22.7;   58.08;   30.0;   14.8;   12.0;eor
        757;20190721;-999;-999;-999;    3;   0.0;   4;    9.050;-999;  -999;  18.1;    -999;   21.6;   72.13;   27.2;   17.1;   14.5;eor
        757;20190722;-999;-999;-999;    3;   0.0;   0;   12.500;-999;  -999;  16.6;    -999;   22.2;   64.42;   29.0;   15.4;   12.9;eor
        757;20190723;-999;-999;-999;    3;   0.0;   0;   13.917;-999;  -999;  17.4;    -999;   24.9;   57.46;   32.2;   16.3;   13.5;eor
        757;20190724;-999;-999;-999;    3;   0.0;   0;   13.533;-999;  -999;  15.5;    -999;   26.3;   48.00;   35.2;   18.7;   14.7;eor
        757;20190725;-999;-999;-999;    3;   0.0;   0;   12.500;-999;  -999;  17.4;    -999;   27.2;   49.08;   35.8;   19.1;   15.3;eor
        757;20190726;-999;-999;-999;    3;   0.0;   4;   10.850;-999;  -999;  17.4;    -999;   26.5;   52.08;   33.2;   19.2;   18.1;eor
        757;20190727;-999;-999;-999;    3;  12.2;   4;    6.833;-999;  -999;  18.1;    -999;   21.2;   72.79;   26.5;   17.0;   15.9;eor
        757;20190728;-999;-999;-999;    3;  26.0;   4;    0.000;-999;  -999;  18.2;    -999;   16.5;   96.63;   17.9;   14.9;   14.9;eor
        757;20190729;-999;-999;-999;    3;   0.0;   4;    7.583;-999;  -999;  16.3;    -999;   18.8;   76.67;   24.4;   13.2;   12.0;eor
        757;20190730;-999;-999;-999;    3;   1.4;   4;   10.617;-999;  -999;  16.5;    -999;   21.1;   68.17;   27.0;   15.6;   15.1;eor
        757;20190731;-999;-999;-999;    3;   0.0;   0;    7.267;-999;  -999;  14.0;    -999;   17.6;   70.83;   23.0;   12.6;   11.3;eor
        757;20190801;-999;-999;-999;    3;   0.0;   0;   10.650;-999;  -999;  12.7;    -999;   18.0;   63.17;   24.8;   11.3;    9.2;eor
        757;20190802;-999;-999;-999;    3;   0.1;   4;    6.517;-999;  -999;  13.8;    -999;   19.3;   62.92;   25.1;   14.9;   13.2;eor
        757;20190803;-999;-999;-999;    3;   0.0;   0;   10.767;-999;  -999;  13.6;    -999;   18.3;   66.21;   24.3;   13.0;   11.7;eor
        757;20190804;-999;-999;-999;    3;   0.0;   4;   12.183;-999;  -999;  14.5;    -999;   20.0;   63.79;   27.4;   12.7;   10.2;eor
        757;20190805;-999;-999;-999;    3;  10.3;   4;    7.717;-999;  -999;  15.5;    -999;   22.8;   57.29;   29.2;   17.4;   15.8;eor
        757;20190806;-999;-999;-999;    3;  16.5;   4;    4.333;-999;  -999;  19.2;    -999;   21.3;   77.71;   27.9;   17.0;   16.3;eor
        757;20190807;-999;-999;-999;    3;  18.5;   4;    0.617;-999;  -999;  19.1;    -999;   17.6;   94.75;   20.2;   14.9;   13.7;eor
        757;20190808;-999;-999;-999;    3;   0.0;   0;   12.933;-999;  -999;  16.0;    -999;   19.3;   73.79;   26.4;   13.9;   12.9;eor
        757;20190809;-999;-999;-999;    3;   4.9;   4;    8.633;-999;  -999;  19.1;    -999;   23.5;   68.58;   33.0;   14.3;   12.4;eor
        757;20190810;-999;-999;-999;    3;   0.3;   4;    8.417;-999;  -999;  17.2;    -999;   20.2;   74.33;   24.9;   15.3;   13.9;eor
        757;20190811;-999;-999;-999;    3;  14.6;   4;    8.683;-999;  -999;  16.1;    -999;   18.0;   79.29;   25.9;   13.9;   12.2;eor
        757;20190812;-999;-999;-999;    3;   0.0;   0;    1.733;-999;  -999;  15.5;    -999;   15.3;   89.33;   20.0;   11.6;   10.1;eor
        757;20190813;-999;-999;-999;    3;   0.0;   0;    6.150;-999;  -999;  12.3;    -999;   14.2;   77.08;   19.5;    9.8;    8.4;eor
        757;20190814;-999;-999;-999;    3;   0.0;   0;   12.567;-999;  -999;  11.0;    -999;   15.0;   67.46;   22.2;    8.4;    6.8;eor
        757;20190815;-999;-999;-999;    3;   5.8;   4;    1.483;-999;  -999;  14.1;    -999;   15.6;   79.08;   21.6;   11.2;    9.3;eor
        757;20190816;-999;-999;-999;    3;   0.0;   0;   12.000;-999;  -999;  14.4;    -999;   17.1;   75.79;   24.1;   11.3;   10.0;eor
        757;20190817;-999;-999;-999;    3;   0.1;   4;    1.717;-999;  -999;  15.3;    -999;   18.4;   72.71;   22.7;   13.3;   11.4;eor
        757;20190818;-999;-999;-999;    3;  21.5;   4;   11.233;-999;  -999;  17.3;    -999;   22.2;   67.79;   29.3;   15.7;   14.2;eor
        757;20190819;-999;-999;-999;    3;   4.4;   4;    0.667;-999;  -999;  18.1;    -999;   17.3;   91.71;   21.0;   13.9;   13.2;eor
        757;20190820;-999;-999;-999;    3;  11.8;   4;    0.000;-999;  -999;  15.5;    -999;   14.4;   94.33;   16.9;   10.3;    8.6;eor
        757;20190821;-999;-999;-999;    3;   0.0;   0;    9.833;-999;  -999;  12.4;    -999;   14.8;   76.04;   22.5;    8.8;    6.9;eor
        757;20190822;-999;-999;-999;    3;   0.0;   0;   12.500;-999;  -999;  14.7;    -999;   16.9;   77.17;   24.1;   10.3;    8.0;eor
        757;20190823;-999;-999;-999;    3;   0.0;   0;   11.150;-999;  -999;  15.2;    -999;   18.7;   72.83;   26.2;   11.4;   10.0;eor
        757;20190824;-999;-999;-999;    3;   0.0;   0;   10.317;-999;  -999;  17.4;    -999;   19.3;   78.88;   25.8;   13.1;   11.1;eor
        757;20190825;-999;-999;-999;    3;   0.0;   0;   12.817;-999;  -999;  17.5;    -999;   20.8;   73.33;   27.8;   14.9;   13.0;eor
        757;20190826;-999;-999;-999;    3;   0.0;   0;   12.700;-999;  -999;  18.3;    -999;   21.4;   72.58;   28.0;   14.8;   12.1;eor
        757;20190827;-999;-999;-999;    3;   0.0;   0;   12.033;-999;  -999;  17.1;    -999;   22.2;   66.04;   29.1;   15.6;   13.4;eor
        757;20190828;-999;-999;-999;    3;   0.0;   0;    6.550;-999;  -999;  17.3;    -999;   22.2;   66.08;   29.5;   18.2;   15.9;eor
        757;20190829;-999;-999;-999;    3;   1.0;   4;    8.733;-999;  -999;  19.0;    -999;   21.2;   75.92;   27.8;   17.3;   15.7;eor
        757;20190830;-999;-999;-999;    3;   0.0;   0;   11.867;-999;  -999;  19.6;    -999;   21.0;   79.79;   27.6;   15.5;   13.3;eor
        757;20190831;-999;-999;-999;    3;   0.0;   0;   12.050;-999;  -999;  18.0;    -999;   22.0;   70.17;   29.4;   16.1;   13.6;eor
        757;20190901;-999;-999;-999;    3;   0.0;   0;    4.183;-999;  -999;  16.3;    -999;   19.9;   70.63;   23.2;   16.6;   15.2;eor
        757;20190902;-999;-999;-999;    3;   0.0;   0;    2.533;-999;  -999;  13.3;    -999;   15.9;   73.88;   20.3;   10.5;    8.2;eor
        757;20190903;-999;-999;-999;    3;   0.0;   0;   12.050;-999;  -999;  11.6;    -999;   15.2;   69.88;   22.7;    9.0;    6.1;eor
        757;20190904;-999;-999;-999;    3;   0.5;   4;   12.283;-999;  -999;  11.5;    -999;   16.7;   63.38;   24.5;    9.5;    6.6;eor
        757;20190905;-999;-999;-999;    3;   0.2;   4;    0.233;-999;  -999;  11.5;    -999;   13.1;   76.04;   16.0;   10.0;    8.6;eor
        757;20190906;-999;-999;-999;    3;   0.0;   0;    0.933;-999;  -999;  11.7;    -999;   12.9;   79.04;   17.1;    9.1;    7.5;eor
        757;20190907;-999;-999;-999;    3;   2.5;   4;    2.983;-999;  -999;  11.0;    -999;   12.9;   75.79;   18.8;    8.1;    5.4;eor
        757;20190908;-999;-999;-999;    3;  12.1;   4;    0.000;-999;  -999;  12.0;    -999;   10.6;   93.96;   11.9;    9.7;    9.8;eor
        757;20190909;-999;-999;-999;    3;   0.0;   4;    4.333;-999;  -999;  10.8;    -999;   11.4;   81.75;   16.2;    8.4;    7.0;eor
        757;20190910;-999;-999;-999;    3;   0.0;   0;   10.967;-999;  -999;  11.6;    -999;   13.0;   78.67;   19.2;    7.0;    4.3;eor
        757;20190911;-999;-999;-999;    3;   0.1;   4;    6.300;-999;  -999;  11.9;    -999;   13.7;   77.33;   19.5;    7.9;    5.1;eor
        757;20190912;-999;-999;-999;    3;   0.0;   0;   11.450;-999;  -999;  11.8;    -999;   16.2;   67.00;   24.1;   10.2;    7.6;eor
        757;20190913;-999;-999;-999;    3;   0.0;   0;   11.400;-999;  -999;  15.1;    -999;   17.2;   77.58;   24.0;   11.3;    8.7;eor
        757;20190914;-999;-999;-999;    3;   0.0;   0;   10.767;-999;  -999;  16.7;    -999;   17.4;   84.50;   22.8;   11.9;   10.0;eor
        757;20190915;-999;-999;-999;    3;   0.0;   0;   11.100;-999;  -999;  16.8;    -999;   19.0;   78.04;   26.6;   12.7;    9.9;eor
        757;20190916;-999;-999;-999;    3;   0.0;   0;    9.317;-999;  -999;  16.6;    -999;   19.7;   73.88;   27.5;   13.5;   10.7;eor
        757;20190917;-999;-999;-999;    3;   0.0;   0;    8.533;-999;  -999;  13.4;    -999;   15.5;   76.38;   21.1;   10.4;    7.5;eor
        757;20190918;-999;-999;-999;    3;   0.0;   0;   10.950;-999;  -999;   9.1;    -999;   13.3;   61.58;   20.1;    7.1;    4.2;eor
        757;20190919;-999;-999;-999;    3;   0.0;   0;   10.967;-999;  -999;   7.6;    -999;   11.5;   59.17;   18.8;    4.7;    1.6;eor
        757;20190920;-999;-999;-999;    3;   0.0;   0;   10.917;-999;  -999;   7.4;    -999;   13.3;   49.46;   20.0;    6.5;    2.7;eor
        757;20190921;-999;-999;-999;    3;   0.0;   0;   10.917;-999;  -999;  10.6;    -999;   14.4;   65.46;   22.8;    7.3;    3.9;eor
        757;20190922;-999;-999;-999;    3;  29.4;   4;    5.200;-999;  -999;  14.1;    -999;   17.6;   71.46;   25.3;   10.7;    7.6;eor
        757;20190923;-999;-999;-999;    3;   1.6;   4;    2.717;-999;  -999;  13.4;    -999;   13.7;   86.42;   18.6;    9.3;    7.3;eor
        757;20190924;-999;-999;-999;    3;   2.9;   4;    1.183;-999;  -999;  12.8;    -999;   12.7;   86.54;   16.6;    7.1;    5.4;eor
        757;20190925;-999;-999;-999;    3;   4.1;   4;    1.450;-999;  -999;  12.9;    -999;   14.3;   78.92;   16.4;   12.7;   11.7;eor
        757;20190926;-999;-999;-999;    3;   3.8;   4;    0.000;-999;  -999;  14.8;    -999;   15.4;   85.00;   17.8;   12.9;   12.7;eor
        757;20190927;-999;-999;-999;    3;  16.9;   4;    1.633;-999;  -999;  14.3;    -999;   15.8;   79.96;   19.4;   13.0;   12.6;eor
        757;20190928;-999;-999;-999;    3;   0.0;   0;    2.650;-999;  -999;  12.1;    -999;   13.7;   77.83;   17.8;    8.8;    7.4;eor
        757;20190929;-999;-999;-999;    3;   3.8;   4;    7.383;-999;  -999;  11.7;    -999;   15.4;   69.33;   22.8;    8.2;    6.8;eor
        757;20190930;-999;-999;-999;    3;   0.0;   0;    3.967;-999;  -999;  11.8;    -999;   14.3;   72.92;   18.5;    9.5;    7.8;eor
        757;20191001;-999;-999;-999;    3;   6.4;   4;    1.950;   0;  -999;  13.1;    -999;   14.7;   77.75;   20.8;    8.9;    7.4;eor
        757;20191002;-999;-999;-999;    3;   4.8;   4;    0.317;   0;  -999;  12.0;    -999;   11.6;   87.46;   15.8;    6.9;    5.4;eor
        757;20191003;-999;-999;-999;    3;   0.0;   4;    9.350;   0;  -999;   8.9;    -999;    8.5;   82.04;   13.7;    4.2;    2.1;eor
        757;20191004;-999;-999;-999;    3;   1.9;   4;    0.017;   0;  -999;  10.0;    -999;   10.3;   80.25;   13.4;    6.0;    3.9;eor
        757;20191005;-999;-999;-999;    3;  13.9;   4;    0.000;   0;  -999;  12.1;    -999;   11.3;   90.54;   12.7;    9.2;    9.3;eor
        757;20191006;-999;-999;-999;    3;   8.7;   4;    0.000;   0;  -999;  12.2;    -999;   10.7;   94.71;   13.2;    8.2;    6.2;eor
        757;20191007;-999;-999;-999;    3;   0.0;   4;    0.600;   0;  -999;  11.0;    -999;   10.1;   89.58;   14.7;    6.0;    4.0;eor
        757;20191008;-999;-999;-999;    3;  14.9;   4;    0.933;   0;  -999;  13.3;    -999;   13.9;   83.04;   20.9;    7.7;    6.4;eor
        757;20191009;-999;-999;-999;    3;   9.6;   4;    0.400;   0;  -999;  11.2;    -999;   11.1;   84.83;   12.5;    9.5;    8.2;eor
        757;20191010;-999;-999;-999;    3;   1.5;   4;    1.250;   0;  -999;  10.3;    -999;   11.3;   77.21;   13.7;    8.0;    5.9;eor
        757;20191011;-999;-999;-999;    3;   0.0;   0;    8.233;   0;  -999;  11.2;    -999;   12.0;   80.67;   18.9;    7.2;    5.4;eor
        757;20191012;-999;-999;-999;    3;   0.0;   0;    6.733;   0;  -999;  13.1;    -999;   15.6;   75.21;   23.8;    8.8;    6.8;eor
        757;20191013;-999;-999;-999;    3;   0.0;   0;    9.550;   0;  -999;  14.2;    -999;   18.0;   71.63;   27.1;   13.0;   10.9;eor
        757;20191014;-999;-999;-999;    3;   0.0;   0;    9.383;   0;  -999;  13.3;    -999;   16.8;   71.38;   26.5;   11.8;    8.5;eor
        757;20191015;-999;-999;-999;    3;   7.8;   4;    0.033;   0;  -999;  12.0;    -999;   12.9;   81.33;   16.6;    8.9;    7.3;eor
        757;20191016;-999;-999;-999;    3;   0.2;   4;    7.933;   0;  -999;  10.0;    -999;   11.5;   75.33;   18.0;    7.5;    5.6;eor
        757;20191017;-999;-999;-999;    3;   2.1;   4;    3.133;   0;  -999;  12.3;    -999;   13.6;   79.83;   19.2;   10.0;    9.4;eor
        757;20191018;-999;-999;-999;    3;  16.1;   4;    3.100;   0;  -999;  13.0;    -999;   13.7;   83.71;   19.7;   10.7;   10.4;eor
        757;20191019;-999;-999;-999;    3;   8.3;   4;    0.000;   0;  -999;  13.2;    -999;   11.9;   94.75;   13.7;   10.6;    9.5;eor
        757;20191020;-999;-999;-999;    3;   0.7;   4;    6.617;   0;  -999;  13.7;    -999;   13.4;   88.96;   19.1;   10.0;    7.9;eor
        757;20191021;-999;-999;-999;    3;   5.1;   4;    0.000;   0;  -999;  14.1;    -999;   13.1;   93.88;   15.3;   11.1;   10.4;eor
        757;20191022;-999;-999;-999;    3;   0.1;   4;    0.117;   0;  -999;  13.3;    -999;   11.5;   97.92;   14.1;    9.0;    7.3;eor
        757;20191023;-999;-999;-999;    3;   0.0;   0;    1.017;   0;  -999;  12.8;    -999;   10.9;   98.08;   13.4;    8.6;    8.4;eor
        757;20191024;-999;-999;-999;    3;   0.0;   0;    2.067;   0;  -999;  12.7;    -999;   13.0;   85.17;   17.5;    9.7;    8.9;eor
        757;20191025;-999;-999;-999;    3;   0.0;   0;    5.917;   0;  -999;  11.3;    -999;   11.6;   83.58;   17.1;    7.7;    5.2;eor
        757;20191026;-999;-999;-999;    3;   0.0;   0;    8.617;   0;  -999;  10.4;    -999;   12.2;   75.54;   21.5;    6.8;    4.0;eor
        757;20191027;-999;-999;-999;    3;   3.4;   4;    5.000;   0;  -999;  12.7;    -999;   14.1;   79.50;   19.7;   10.4;    8.6;eor
        757;20191028;-999;-999;-999;    3;   3.8;   4;    0.000;   0;  -999;  10.6;    -999;    7.9;   98.92;   11.6;    6.5;    7.1;eor
        757;20191029;-999;-999;-999;    3;   2.4;   4;    0.000;   0;  -999;   9.5;    -999;    6.9;   96.13;    7.7;    6.3;    6.3;eor
        757;20191030;-999;-999;-999;    3;   5.1;   4;    0.000;   0;  -999;   8.9;    -999;    7.3;   87.21;    8.2;    6.4;    6.2;eor
        757;20191031;-999;-999;-999;    3;   0.0;   4;    0.050;   0;  -999;   9.8;    -999;    7.3;   96.29;    9.4;    6.4;    6.2;eor
        757;20191101;-999;-999;-999;    3;   8.5;   4;    0.000;   0;  -999;  11.5;    -999;    9.9;   94.17;   12.3;    6.6;    6.2;eor
        757;20191102;-999;-999;-999;    3;  14.7;   4;    0.567;   0;  -999;  13.0;    -999;   13.4;   85.04;   16.5;   10.7;    9.6;eor
        757;20191103;-999;-999;-999;    3;   5.9;   4;    0.633;   0;  -999;  11.1;    -999;   10.6;   86.79;   14.2;    9.0;    8.2;eor
        757;20191104;-999;-999;-999;    3;  10.3;   4;    0.383;   0;  -999;   9.5;    -999;   11.0;   72.38;   13.0;    9.2;    7.3;eor
        757;20191105;-999;-999;-999;    3;   2.5;   4;    1.917;   0;  -999;   8.6;    -999;    8.1;   80.13;   12.3;    5.4;    3.6;eor
        757;20191106;-999;-999;-999;    3;   0.4;   4;    0.550;   0;  -999;   8.8;    -999;    7.7;   84.50;   10.3;    6.2;    5.4;eor
        757;20191107;-999;-999;-999;    3;   0.3;   4;    0.683;   0;  -999;   7.9;    -999;    6.7;   80.83;   10.4;    3.1;    0.8;eor
        757;20191108;-999;-999;-999;    3;   6.5;   4;    0.000;   0;  -999;   7.4;    -999;    4.4;   88.25;    6.6;    2.6;    2.2;eor
        757;20191109;-999;-999;-999;    3;   0.0;   0;    1.550;   0;  -999;   6.9;    -999;    3.3;   89.13;    8.6;    0.0;   -2.4;eor
        757;20191110;-999;-999;-999;    3;   0.0;   0;    2.700;   0;  -999;   6.2;    -999;    2.0;   88.00;    6.8;   -1.8;   -3.7;eor
        757;20191111;-999;-999;-999;    3;   1.8;   4;    1.850;   0;  -999;   6.3;    -999;    1.7;   91.29;    5.8;   -3.2;   -4.7;eor
        757;20191112;-999;-999;-999;    3;   0.0;   0;    0.933;   0;  -999;   6.5;    -999;    4.5;   77.67;    7.2;    2.0;   -0.5;eor
        757;20191113;-999;-999;-999;    3;   0.0;   0;    2.550;   0;  -999;   6.3;    -999;    3.1;   82.58;    6.2;   -0.1;   -1.7;eor
        757;20191114;-999;-999;-999;    3;   0.0;   0;    3.183;   0;  -999;   6.1;    -999;    4.0;   75.33;    8.9;   -0.5;   -2.5;eor
        757;20191115;-999;-999;-999;    3;   0.0;   0;    1.583;   0;  -999;   6.7;    -999;    3.2;   87.58;    8.4;    0.8;   -0.4;eor
        757;20191116;-999;-999;-999;    3;   0.0;   0;    3.633;   0;  -999;   6.5;    -999;    2.7;   87.96;    8.0;   -0.1;   -2.5;eor
        757;20191117;-999;-999;-999;    3;   4.4;   4;    0.000;   0;  -999;   6.3;    -999;    0.8;   96.96;    1.6;   -0.2;   -1.0;eor
        757;20191118;-999;-999;-999;    3;   3.4;   4;    0.033;   0;  -999;   6.4;    -999;    3.1;   84.33;    4.9;    0.7;   -0.3;eor
        757;20191119;-999;-999;-999;    3;   0.5;   4;    0.000;   0;  -999;   6.9;    -999;    2.7;   92.96;    4.6;    0.1;   -1.6;eor
        757;20191120;-999;-999;-999;    3;   0.0;   0;    0.083;   0;  -999;   5.9;    -999;   -0.3;   97.79;    2.1;   -2.2;   -3.6;eor
        757;20191121;-999;-999;-999;    3;   0.0;   0;    0.700;   0;  -999;   6.8;    -999;    2.1;   95.08;    7.6;   -1.9;   -2.1;eor
        757;20191122;-999;-999;-999;    3;   0.0;   0;    5.267;   0;  -999;   7.4;    -999;    5.0;   86.00;   10.8;    1.6;    0.4;eor
        757;20191123;-999;-999;-999;    3;   0.0;   0;    0.000;   0;  -999;   6.9;    -999;    1.7;   99.79;    2.7;    0.8;    0.0;eor
        757;20191124;-999;-999;-999;    3;   0.0;   0;    1.567;   0;  -999;   7.7;    -999;    4.0;   93.67;    8.4;    0.7;   -1.2;eor
        757;20191125;-999;-999;-999;    3;   0.0;   0;    1.933;   0;  -999;   8.4;    -999;    5.9;   90.67;   10.1;    3.0;    1.0;eor
        757;20191126;-999;-999;-999;    3;   1.1;   4;    2.417;   0;  -999;   9.1;    -999;    8.1;   84.50;   13.1;    5.9;    3.9;eor
        757;20191127;-999;-999;-999;    3;   1.3;   4;    2.183;   0;  -999;   8.7;    -999;   10.5;   68.71;   13.1;    6.7;    4.5;eor
        757;20191128;-999;-999;-999;    3;  12.1;   4;    0.017;   0;  -999;   8.6;    -999;    9.6;   72.25;   11.2;    8.0;    6.6;eor
        757;20191129;-999;-999;-999;    3;   8.8;   4;    0.000;   0;  -999;   8.6;    -999;    6.3;   89.67;    9.3;    2.3;    0.1;eor
        757;20191130;-999;-999;-999;    3;   0.1;   4;    5.433;   0;  -999;   5.7;    -999;    2.3;   80.29;    6.1;   -0.7;   -2.3;eor
        757;20191201;-999;-999;-999;    3;   0.9;   4;    0.000;   0;  -999;   6.4;    -999;    2.2;   89.54;    4.1;    1.0;   -0.5;eor
        757;20191202;-999;-999;-999;    3;   0.0;   4;    1.667;   0;  -999;   5.6;    -999;    0.2;   89.25;    2.5;   -3.0;   -5.1;eor
        757;20191203;-999;-999;-999;    3;   0.0;   0;    5.933;   0;  -999;   4.3;    -999;    0.4;   70.83;    5.5;   -3.1;   -5.1;eor
        757;20191204;-999;-999;-999;    3;   0.0;   0;    5.850;   0;  -999;   4.3;    -999;   -1.8;   79.71;    2.6;   -4.6;   -7.4;eor
        757;20191205;-999;-999;-999;    3;   0.0;   0;    5.717;   0;  -999;   4.8;    -999;   -0.7;   83.21;    6.4;   -4.2;   -7.6;eor
        757;20191206;-999;-999;-999;    3;   4.9;   4;    5.450;   0;  -999;   5.5;    -999;    5.0;   62.38;   11.9;   -1.5;   -4.8;eor
        757;20191207;-999;-999;-999;    3;   0.0;   0;    0.117;   0;  -999;   7.7;    -999;    8.3;   70.50;   10.8;    6.6;    4.4;eor
        757;20191208;-999;-999;-999;    3;   2.0;   4;    0.317;   0;  -999;   8.2;    -999;    9.7;   67.75;   11.9;    7.2;    5.4;eor
        757;20191209;-999;-999;-999;    3;  15.0;   4;    0.050;   0;  -999;   7.0;    -999;    6.3;   73.54;    9.3;    2.9;    2.5;eor
        757;20191210;-999;-999;-999;    3;   0.0;   0;    4.617;   0;  -999;   5.7;    -999;    1.6;   83.21;    5.3;   -1.9;   -4.3;eor
        757;20191211;-999;-999;-999;    3;   6.0;   4;    0.000;   0;  -999;   5.7;    -999;    1.9;   80.79;    6.6;   -2.0;   -3.9;eor
        757;20191212;-999;-999;-999;    3;   0.5;   4;    1.617;   0;  -999;   5.6;    -999;    2.0;   79.79;    4.3;   -0.7;   -3.0;eor
        757;20191213;-999;-999;-999;    3;   6.2;   4;    0.000;   0;  -999;   6.3;    -999;    4.2;   76.17;    5.9;    1.8;    0.8;eor
        757;20191214;-999;-999;-999;    3;   9.2;   4;    1.283;   0;  -999;   7.0;    -999;    8.1;   64.29;   11.1;    2.7;    2.0;eor
        757;20191215;-999;-999;-999;    3;   5.7;   4;    0.000;   0;  -999;   9.5;    -999;   10.7;   74.83;   13.6;    7.3;    6.4;eor
        757;20191216;-999;-999;-999;    3;   0.0;   0;    1.767;   0;  -999;   8.8;    -999;    8.2;   80.29;   11.8;    5.9;    2.5;eor
        757;20191217;-999;-999;-999;    3;   1.4;   4;    1.550;   0;  -999;   7.9;    -999;    8.6;   70.67;   12.9;    5.2;    2.1;eor
        757;20191218;-999;-999;-999;    3;   0.9;   4;    3.067;   0;  -999;  10.0;    -999;   10.0;   81.42;   13.7;    4.8;    2.1;eor
        757;20191219;-999;-999;-999;    3;   0.0;   0;    2.950;   0;  -999;   8.1;    -999;    6.9;   82.00;   12.6;    3.6;    0.4;eor
        757;20191220;-999;-999;-999;    3;  13.0;   4;    0.000;   0;  -999;   8.2;    -999;    8.8;   74.25;   14.7;    4.6;    1.7;eor
        757;20191221;-999;-999;-999;    3;   2.1;   4;    0.050;   0;  -999;   7.4;    -999;    5.0;   85.21;    8.1;    2.9;    0.7;eor
        757;20191222;-999;-999;-999;    3;   7.8;   4;    0.000;   0;  -999;   7.8;    -999;    6.7;   79.67;    8.7;    4.6;    4.1;eor
        757;20191223;-999;-999;-999;    3;   1.1;   4;    0.000;   0;  -999;   7.3;    -999;    6.1;   77.50;    7.1;    4.9;    4.2;eor
        757;20191224;-999;-999;-999;    3;   1.9;   4;    0.000;   0;  -999;   7.6;    -999;    7.2;   74.75;   10.6;    3.2;    0.8;eor
        757;20191225;-999;-999;-999;    3;   4.6;   4;    0.000;   0;  -999;   7.6;    -999;    5.9;   82.21;    8.5;    0.4;   -1.5;eor
        757;20191226;-999;-999;-999;    3;   2.5;   4;    0.083;   0;  -999;   6.2;    -999;    1.7;   89.75;    7.1;   -1.3;   -4.2;eor
        757;20191227;-999;-999;-999;    3;   5.7;   4;    0.000;   0;  -999;   8.8;    -999;    6.3;   91.79;    7.9;    5.0;    4.6;eor
        757;20191228;-999;-999;-999;    3;   0.0;   0;    3.450;   0;  -999;   6.4;    -999;    1.6;   91.75;    5.0;   -3.0;   -4.6;eor
        757;20191229;-999;-999;-999;    3;   0.0;   0;    0.067;   0;  -999;   4.5;    -999;   -3.4;   94.25;   -1.8;   -5.7;   -7.1;eor
        757;20191230;-999;-999;-999;    3;   0.0;   0;    5.033;   0;  -999;   4.5;    -999;   -1.9;   84.21;    5.0;   -5.6;   -6.8;eor
        757;20191231;-999;-999;-999;    3;   0.0;   0;    3.867;   0;  -999;   5.1;    -999;    1.4;   75.54;    8.0;   -2.3;   -5.4;eor
        757;20200101;-999;-999;-999;    3;   0.0;   0;    5.033;   0;  -999;   4.4;    -999;   -2.9;   87.58;    2.5;   -5.8;   -8.0;eor
        757;20200102;-999;-999;-999;    3;   0.0;   0;    4.900;   0;  -999;   5.2;    -999;   -0.6;   87.25;    6.8;   -5.8;   -8.1;eor
        757;20200103;-999;-999;-999;    3;   2.8;   4;    2.250;   0;  -999;   7.3;    -999;    6.6;   75.71;    9.7;    2.7;    1.0;eor
        757;20200104;-999;-999;-999;    3;   2.8;   4;    2.000;   0;  -999;   7.2;    -999;    4.0;   87.29;    7.6;    0.6;   -1.7;eor
        757;20200105;-999;-999;-999;    3;   0.0;   0;    5.217;   0;  -999;   5.8;    -999;    1.4;   86.00;    6.8;   -0.9;   -3.3;eor
        757;20200106;-999;-999;-999;    3;   0.0;   0;    5.533;   0;  -999;   5.3;    -999;    1.7;   77.13;    7.6;   -1.7;   -3.6;eor
        757;20200107;-999;-999;-999;    3;   0.0;   0;    1.800;   0;  -999;   6.4;    -999;    4.2;   78.00;    7.9;   -0.3;   -2.1;eor
        757;20200108;-999;-999;-999;    3;   0.0;   0;    0.500;   0;  -999;   6.4;    -999;    4.3;   75.96;    9.3;   -0.9;   -3.6;eor
        757;20200109;-999;-999;-999;    3;   1.8;   4;    4.933;   0;  -999;   8.5;    -999;    9.1;   74.38;   14.9;    6.4;    4.8;eor
        757;20200110;-999;-999;-999;    3;   1.9;   4;    0.283;   0;  -999;   8.0;    -999;    7.3;   78.04;   10.0;    4.5;    4.1;eor
        757;20200111;-999;-999;-999;    3;   0.0;   0;    0.917;   0;  -999;   6.8;    -999;    3.2;   88.25;    6.6;   -0.6;   -2.4;eor
        757;20200112;-999;-999;-999;    3;   0.0;   0;    1.017;   0;  -999;   5.7;    -999;    1.2;   85.04;    4.0;   -1.3;   -3.7;eor
        757;20200113;-999;-999;-999;    3;   0.0;   0;    1.983;   0;  -999;   7.3;    -999;    4.3;   87.38;    8.9;    1.6;    0.0;eor
        757;20200114;-999;-999;-999;    3;   0.1;   4;    3.267;   0;  -999;   6.0;    -999;    6.0;   65.92;   14.0;    1.5;   -0.1;eor
        757;20200115;-999;-999;-999;    3;   0.0;   0;    6.117;   0;  -999;   6.4;    -999;    7.4;   63.00;   12.9;    1.8;   -1.4;eor
        757;20200116;-999;-999;-999;    3;   0.0;   0;    5.850;   0;  -999;   7.7;    -999;    8.3;   71.29;   13.4;    3.4;    0.0;eor
        757;20200117;-999;-999;-999;    3;   7.8;   4;    0.283;   0;  -999;   7.4;    -999;    5.6;   81.83;   11.9;    2.5;   -0.2;eor
        757;20200118;-999;-999;-999;    3;   0.0;   0;    1.650;   0;  -999;   6.2;    -999;    3.0;   81.79;    5.7;    0.5;   -1.5;eor
        757;20200119;-999;-999;-999;    3;   0.4;   4;    0.400;   0;  -999;   5.6;    -999;    0.3;   89.21;    3.2;   -1.8;   -4.1;eor
        757;20200120;-999;-999;-999;    3;   0.0;   4;    6.150;   0;  -999;   4.5;    -999;    0.6;   72.25;    4.8;   -2.6;   -4.9;eor
        757;20200121;-999;-999;-999;    3;   0.0;   0;    6.583;   0;  -999;   4.2;    -999;   -1.4;   77.54;    3.2;   -4.0;   -6.6;eor
        757;20200122;-999;-999;-999;    3;   0.0;   0;    1.450;   0;  -999;   4.4;    -999;   -3.4;   91.63;   -1.8;   -4.9;   -7.8;eor
        757;20200123;-999;-999;-999;    3;   0.0;   0;    0.000;   0;  -999;   4.2;    -999;   -3.9;   91.88;   -3.0;   -5.1;   -6.1;eor
        757;20200124;-999;-999;-999;    3;   0.0;   0;    6.467;   0;  -999;   5.9;    -999;    1.4;   86.42;    9.1;   -5.6;   -7.2;eor
        757;20200125;-999;-999;-999;    3;   0.0;   0;    6.183;   0;  -999;   6.8;    -999;    3.6;   86.54;    8.7;    0.9;   -1.6;eor
        757;20200126;-999;-999;-999;    3;   0.2;   4;    1.817;   0;  -999;   7.4;    -999;    5.1;   84.04;    9.9;    0.6;   -2.1;eor
        757;20200127;-999;-999;-999;    3;   8.9;   4;    2.000;   0;  -999;   7.3;    -999;    7.2;   72.46;   10.9;    4.9;    4.2;eor
        757;20200128;-999;-999;-999;    3;  10.5;   4;    0.233;   0;  -999;   6.4;    -999;    5.3;   72.08;    8.2;    0.7;    0.0;eor
        757;20200129;-999;-999;-999;    3;   1.6;   4;    1.517;   0;  -999;   6.0;    -999;    4.0;   74.54;    6.8;    1.1;   -0.3;eor
        757;20200130;-999;-999;-999;    3;   5.8;   4;    3.867;   0;  -999;   7.7;    -999;    7.1;   76.58;   11.9;    1.9;    0.5;eor
        757;20200131;-999;-999;-999;    3;   0.0;   0;    0.000;   0;  -999;  10.7;    -999;   12.1;   75.63;   12.7;   10.9;    8.1;eor
        757;20200201;-999;-999;-999;    3;   3.0;   4;    0.150;   0;  -999;  10.0;    -999;   12.3;   69.71;   14.1;   10.6;    8.4;eor
        757;20200202;-999;-999;-999;    3;  15.0;   4;    0.000;   0;  -999;  10.9;    -999;   12.3;   75.54;   14.3;    9.7;    8.0;eor
        757;20200203;-999;-999;-999;    3;  41.2;   4;    0.000;   0;  -999;  10.5;    -999;   11.6;   78.25;   15.2;    7.9;    8.0;eor
        757;20200204;-999;-999;-999;    3;  15.1;   4;    0.033;   0;  -999;   6.6;    -999;    3.5;   84.50;   14.1;    0.1;    0.1;eor
        757;20200205;-999;-999;-999;    3;   0.0;   0;    3.450;   2;  -999;   5.7;    -999;    1.3;   84.92;    5.8;   -2.2;   -3.6;eor
        757;20200206;-999;-999;-999;    3;   0.0;   0;    7.650;   0;  -999;   4.6;    -999;    0.3;   75.92;    6.9;   -3.1;   -5.0;eor
        757;20200207;-999;-999;-999;    3;   0.0;   0;    7.733;   0;  -999;   4.8;    -999;    0.6;   75.13;    6.9;   -2.8;   -5.1;eor
        757;20200208;-999;-999;-999;    3;   0.0;   0;    6.450;   0;  -999;   5.9;    -999;    3.8;   74.17;   11.6;   -0.7;   -3.0;eor
        757;20200209;-999;-999;-999;    3;   0.5;   4;    5.617;   0;  -999;   6.2;    -999;    9.0;   58.75;   14.9;    2.0;    0.6;eor
        757;20200210;-999;-999;-999;    3;  12.8;   4;    2.450;   0;  -999;   8.0;    -999;   10.4;   63.29;   14.5;    5.4;    4.5;eor
        757;20200211;-999;-999;-999;    3;  10.7;   4;    0.000;   0;  -999;   6.1;    -999;    4.2;   74.88;    8.8;    0.4;    0.1;eor
        757;20200212;-999;-999;-999;    3;   0.1;   4;    0.400;   0;  -999;   5.5;    -999;    4.2;   66.54;    6.4;    2.3;    1.0;eor
        757;20200213;-999;-999;-999;    3;  17.5;   4;    1.317;   0;  -999;   6.2;    -999;    5.2;   70.92;   12.6;    0.3;   -1.6;eor
        757;20200214;-999;-999;-999;    3;   0.1;   4;    2.067;   0;  -999;   6.9;    -999;    5.7;   75.96;    9.6;    1.7;   -0.1;eor
        757;20200215;-999;-999;-999;    3;   0.0;   0;    8.200;   0;  -999;   6.5;    -999;    5.6;   72.38;   13.7;    0.4;   -1.7;eor
        757;20200216;-999;-999;-999;    3;   0.0;   0;    2.917;   0;  -999;   6.5;    -999;   12.9;   46.21;   20.0;    6.4;    4.3;eor
        757;20200217;-999;-999;-999;    3;  14.7;   4;    0.000;   0;  -999;   8.3;    -999;   10.5;   66.58;   16.6;    5.3;    3.6;eor
        757;20200218;-999;-999;-999;    3;   0.2;   4;    2.983;   0;  -999;   5.9;    -999;    5.9;   63.67;    7.9;    4.5;    2.8;eor
        757;20200219;-999;-999;-999;    3;   1.8;   4;    0.883;   0;  -999;   6.1;    -999;    4.8;   70.71;    6.7;    2.4;   -0.3;eor
        757;20200220;-999;-999;-999;    3;   4.2;   4;    5.767;   0;  -999;   6.8;    -999;    6.6;   70.67;   11.0;    3.2;    1.9;eor
        757;20200221;-999;-999;-999;    3;   0.0;   0;    7.733;   0;  -999;   5.4;    -999;    3.4;   71.13;    8.2;   -0.6;   -2.2;eor
        757;20200222;-999;-999;-999;    3;   2.7;   4;    7.833;   0;  -999;   4.1;    -999;    7.5;   44.71;   15.2;   -0.9;   -2.9;eor
        757;20200223;-999;-999;-999;    3;   0.0;   0;    1.050;   0;  -999;   7.5;    -999;   12.2;   52.25;   15.3;    7.9;    5.5;eor
        757;20200224;-999;-999;-999;    3;   0.0;   0;    4.350;   0;  -999;   9.4;    -999;   12.7;   64.92;   15.2;   10.5;    7.9;eor
        757;20200225;-999;-999;-999;    3;   9.1;   4;    0.000;   0;  -999;   7.4;    -999;    8.4;   67.75;   13.3;    5.7;    4.1;eor
        757;20200226;-999;-999;-999;    3;   4.7;   4;    0.467;   0;  -999;   5.5;    -999;    1.8;   79.42;    5.9;   -0.3;   -1.4;eor
        757;20200227;-999;-999;-999;    3;   3.4;   4;    0.367;   1;  -999;   5.7;    -999;    3.0;   75.04;    8.1;   -0.1;   -0.8;eor
        757;20200228;-999;-999;-999;    3;   0.6;   4;    6.283;   0;  -999;   4.8;    -999;    4.3;   59.04;   10.6;    0.9;   -1.8;eor
        757;20200229;-999;-999;-999;    3;   6.6;   4;    2.700;   0;  -999;   7.9;    -999;   10.2;   65.92;   16.2;    6.2;    4.7;eor
        757;20200301;-999;-999;-999;    3;   1.6;   4;    3.667;   0;  -999;   6.6;    -999;    8.6;   59.33;   13.4;    5.0;    2.9;eor
        757;20200302;-999;-999;-999;    3;   8.2;   4;    0.267;   0;  -999;   6.7;    -999;    5.6;   74.29;   10.0;    2.6;    0.0;eor
        757;20200303;-999;-999;-999;    3;   0.0;   0;    1.567;   0;  -999;   5.8;    -999;    3.5;   74.46;    6.1;    0.2;   -2.0;eor
        757;20200304;-999;-999;-999;    3;   0.3;   4;    4.783;   0;  -999;   5.6;    -999;    3.5;   72.83;    8.8;   -0.6;   -2.5;eor
        757;20200305;-999;-999;-999;    3;  17.2;   4;    0.000;   0;  -999;   7.9;    -999;    7.1;   78.21;   11.3;    3.6;    2.7;eor
        757;20200306;-999;-999;-999;    3;   3.2;   4;    0.000;   0;  -999;   6.5;    -999;    4.9;   75.54;    7.1;    3.3;    2.8;eor
        757;20200307;-999;-999;-999;    3;   0.0;   0;    0.083;   0;  -999;   6.1;    -999;    3.1;   81.13;    6.3;   -0.3;   -2.0;eor
        757;20200308;-999;-999;-999;    3;   4.6;   4;    6.033;   0;  -999;   6.3;    -999;    5.0;   72.08;   11.4;   -0.5;   -2.0;eor
        757;20200309;-999;-999;-999;    3;   2.8;   4;    3.333;   0;  -999;   7.4;    -999;    5.6;   81.67;    9.4;    2.5;    0.9;eor
        757;20200310;-999;-999;-999;    3;  20.3;   4;    0.000;   0;  -999;   8.2;    -999;    6.7;   83.29;   11.6;    1.8;   -0.2;eor
        757;20200311;-999;-999;-999;    3;   0.0;   0;    1.050;   0;  -999;  10.5;    -999;   12.6;   72.42;   15.1;   10.0;    7.1;eor
        757;20200312;-999;-999;-999;    3;  10.3;   4;    4.067;   0;  -999;  10.0;    -999;   12.0;   71.75;   15.0;    6.6;    6.2;eor
        757;20200313;-999;-999;-999;    3;   0.0;   0;    9.783;   0;  -999;   6.1;    -999;    6.5;   63.58;   10.6;    1.5;   -1.0;eor
        757;20200314;-999;-999;-999;    3;   0.0;   0;    3.950;   0;  -999;   5.7;    -999;    4.7;   68.92;   10.9;    0.5;   -1.8;eor
        757;20200315;-999;-999;-999;    3;   0.0;   0;   10.233;   0;  -999;   6.2;    -999;    6.9;   64.13;   15.1;    0.1;   -3.3;eor
        757;20200316;-999;-999;-999;    3;   0.0;   0;    9.950;   0;  -999;   7.7;    -999;   10.0;   64.83;   17.1;    3.8;    0.4;eor
        757;20200317;-999;-999;-999;    3;   0.0;   0;    4.517;   0;  -999;   8.6;    -999;   10.5;   68.63;   16.3;    6.4;    2.9;eor
        757;20200318;-999;-999;-999;    3;   0.0;   0;   10.533;   0;  -999;   9.6;    -999;   10.7;   76.25;   17.5;    4.4;    0.8;eor
        757;20200319;-999;-999;-999;    3;   0.0;   0;   10.217;   0;  -999;   9.9;    -999;   11.1;   76.13;   18.5;    5.1;    1.9;eor
        757;20200320;-999;-999;-999;    3;   0.0;   0;    9.500;   0;  -999;   9.7;    -999;   11.1;   75.08;   17.7;    6.1;    2.7;eor
        757;20200321;-999;-999;-999;    3;   0.2;   4;    0.000;   0;  -999;   7.8;    -999;    5.7;   84.58;    8.0;    4.2;    2.2;eor
        757;20200322;-999;-999;-999;    3;   0.0;   0;    7.817;   0;  -999;   4.7;    -999;    4.7;   55.79;   10.5;    0.2;   -2.4;eor
        757;20200323;-999;-999;-999;    3;   0.0;   0;   10.983;   0;  -999;   2.5;    -999;    2.9;   34.67;    9.7;   -2.2;   -4.6;eor
        757;20200324;-999;-999;-999;    3;   0.0;   0;   10.983;   0;  -999;   2.5;    -999;    3.4;   33.08;   10.0;   -3.2;   -8.3;eor
        757;20200325;-999;-999;-999;    3;   0.0;   0;   10.450;   0;  -999;   3.0;    -999;    3.4;   39.75;    9.2;   -3.4;   -7.7;eor
        757;20200326;-999;-999;-999;    3;   0.0;   0;    8.150;   0;  -999;   3.9;    -999;    2.9;   53.54;    9.6;   -2.4;   -6.8;eor
        757;20200327;-999;-999;-999;    3;   0.0;   0;   10.767;   0;  -999;   5.6;    -999;    4.9;   65.88;   11.7;   -0.6;   -3.3;eor
        757;20200328;-999;-999;-999;    3;   0.0;   0;   10.750;   0;  -999;   7.1;    -999;    8.4;   65.88;   15.9;    1.6;   -2.2;eor
        757;20200329;-999;-999;-999;    1;   4.8;   4;    1.517;   0;  -999;   6.1;    -999;    2.5;   84.25;    7.3;    0.3;   -1.4;eor
        757;20200330;-999;-999;-999;    1;   0.0;   0;    6.200;   0;  -999;   4.4;    -999;    1.5;   65.54;    6.1;   -2.6;   -6.4;eor
        757;20200331;-999;-999;-999;    1;   0.0;   0;   11.467;   0;  -999;   3.4;    -999;    3.1;   45.54;    9.7;   -3.3;   -7.8;eor
        757;20200401;-999;-999;-999;    1;   0.0;   0;   11.533;   0;  -999;   4.3;    -999;    3.7;   55.38;   10.8;   -2.6;   -5.9;eor
        757;20200402;-999;-999;-999;    1;   0.0;   0;   11.400;   0;  -999;   4.7;    -999;    5.2;   55.33;   13.0;   -1.3;   -4.9;eor
        757;20200403;-999;-999;-999;    1;   0.0;   0;    9.200;   0;  -999;   5.4;    -999;    5.5;   61.08;   13.1;   -1.2;   -4.1;eor
        757;20200404;-999;-999;-999;    1;   0.0;   0;   11.500;   0;  -999;   6.3;    -999;    8.2;   59.54;   15.6;    0.6;   -2.8;eor
        757;20200405;-999;-999;-999;    1;   0.0;   0;   12.300;   0;  -999;   6.6;    -999;   10.6;   53.04;   19.1;    2.0;   -2.2;eor
        757;20200406;-999;-999;-999;    1;   0.0;   0;   11.500;   0;  -999;   7.2;    -999;   12.6;   51.17;   20.6;    4.9;    0.4;eor
        757;20200407;-999;-999;-999;    1;   0.0;   0;-999;   0;  -999;   6.9;    -999;   14.0;   47.38;   22.7;    5.5;    2.0;eor
        757;20200408;-999;-999;-999;    1;   0.0;   0;-999;   0;  -999;   7.4;    -999;   13.7;   49.17;   21.5;    6.2;    2.1;eor
        757;20200409;-999;-999;-999;    1;   0.0;   0;-999;   0;  -999;   7.4;    -999;   14.5;   47.29;   23.0;    6.8;    2.0;eor
        757;20200410;-999;-999;-999;    1;   0.0;   0;-999;   0;  -999;   8.1;    -999;   14.6;   50.46;   22.2;    7.6;    3.0;eor
        757;20200411;-999;-999;-999;    1;   0.0;   0;-999;   0;  -999;   8.9;    -999;   14.8;   54.88;   22.2;    7.1;    3.2;eor
        757;20200412;-999;-999;-999;    1;   0.0;   0;-999;   0;  -999;   8.7;    -999;   15.4;   51.29;   23.0;    9.9;    5.9;eor
        757;20200413;-999;-999;-999;    1;   0.0;   0;    7.500;   0;  -999;   7.9;    -999;   13.0;   54.92;   20.1;    4.0;   -0.7;eor
        757;20200414;-999;-999;-999;    1;   0.0;   0;   12.700;   0;  -999;   4.4;    -999;    6.1;   48.42;   11.9;   -0.8;   -4.5;eor
        757;20200415;-999;-999;-999;    1;   0.0;   0;   12.800;   0;  -999;   5.3;    -999;    9.8;   44.17;   19.7;    0.2;   -3.5;eor
        757;20200416;-999;-999;-999;    1;   0.0;   0;   12.217;   0;  -999;   7.7;    -999;   14.2;   47.88;   22.7;    3.6;   -0.6;eor
        757;20200417;-999;-999;-999;    1;   0.0;   0;   11.167;   0;  -999;   9.0;    -999;   16.1;   51.71;   23.5;    9.1;    5.6;eor
        757;20200418;-999;-999;-999;    1;   0.1;   4;   10.133;   0;  -999;  10.2;    -999;   15.9;   58.17;   22.5;   10.4;    6.0;eor
        757;20200419;-999;-999;-999;    1;   0.2;   4;    8.100;   0;  -999;  11.3;    -999;   15.9;   64.42;   23.8;    9.1;    6.1;eor
        757;20200420;-999;-999;-999;    1;   0.0;   0;   11.383;   0;  -999;   9.0;    -999;   15.6;   51.04;   20.4;   11.5;    9.0;eor
        757;20200421;-999;-999;-999;    1;   0.0;   0;    7.817;   0;  -999;   7.2;    -999;   14.9;   42.79;   20.8;    9.6;    5.9;eor
        757;20200422;-999;-999;-999;    1;   0.0;   0;   13.067;   0;  -999;   6.8;    -999;   14.9;   40.88;   23.4;    8.4;    2.4;eor
        757;20200423;-999;-999;-999;    1;   0.0;   0;   13.117;   0;  -999;   7.4;    -999;   14.0;   47.79;   21.5;    6.8;    1.0;eor
        757;20200424;-999;-999;-999;    1;   0.0;   0;   10.267;   0;  -999;   8.1;    -999;   14.8;   50.25;   22.5;    7.1;    3.0;eor
        757;20200425;-999;-999;-999;    1;   0.0;   0;   11.500;   0;  -999;   8.4;    -999;   14.6;   52.46;   21.2;    8.0;    3.4;eor
        757;20200426;-999;-999;-999;    1;   0.2;   4;    6.167;   0;  -999;   8.5;    -999;   12.7;   58.92;   20.3;    6.4;    2.5;eor
        757;20200427;-999;-999;-999;    1;   0.2;   4;   12.000;   0;  -999;   9.3;    -999;   15.4;   57.33;   22.0;    8.6;    6.3;eor
        757;20200428;-999;-999;-999;    1;   6.0;   4;    0.200;   0;  -999;  11.2;    -999;   13.5;   73.42;   16.3;    9.8;    9.0;eor
        757;20200429;-999;-999;-999;    1;   1.8;   4;    5.167;   0;  -999;  10.0;    -999;   11.2;   76.25;   16.2;    8.2;    6.5;eor
        757;20200430;-999;-999;-999;    1;   2.0;   4;    0.367;   0;  -999;   9.4;    -999;   11.2;   71.17;   13.1;    9.0;    7.9;eor
        757;20200501;-999;-999;-999;    1;   6.8;   4;    0.100;-999;  -999;   9.2;    -999;   10.1;   74.38;   11.5;    6.9;    4.5;eor
        757;20200502;-999;-999;-999;    1;   7.9;   4;    1.683;-999;  -999;   9.4;    -999;    7.5;   90.04;   10.8;    3.6;    1.2;eor
        757;20200503;-999;-999;-999;    1;   0.0;   0;    9.650;-999;  -999;   8.3;    -999;   10.4;   68.38;   17.2;    2.3;    0.0;eor
        757;20200504;-999;-999;-999;    1;   0.0;   0;    5.967;-999;  -999;  11.6;    -999;   14.9;   70.42;   20.7;    9.1;    7.3;eor
        757;20200505;-999;-999;-999;    1;   1.6;   4;    0.117;-999;  -999;  11.3;    -999;   10.5;   88.67;   13.2;    8.8;    7.0;eor
        757;20200506;-999;-999;-999;    1;   0.0;   0;   10.333;-999;  -999;   8.2;    -999;   12.1;   60.46;   17.7;    6.1;    1.3;eor
        757;20200507;-999;-999;-999;    1;   0.0;   0;   13.200;-999;  -999;   8.0;    -999;   13.3;   54.17;   22.1;    3.8;   -0.6;eor
        757;20200508;-999;-999;-999;    1;   0.0;   0;   10.783;-999;  -999;  11.0;    -999;   17.8;   54.33;   25.3;    8.4;    4.7;eor
        757;20200509;-999;-999;-999;    1;   3.7;   4;   10.567;-999;  -999;  11.8;    -999;   18.3;   59.38;   24.7;   12.4;    9.4;eor
        757;20200510;-999;-999;-999;    1;   0.6;   4;    6.133;-999;  -999;  14.4;    -999;   17.9;   72.25;   24.1;   13.1;   12.7;eor
        757;20200511;-999;-999;-999;    1;  17.0;   4;    0.000;-999;  -999;  10.7;    -999;    8.3;   93.04;   15.2;    2.6;    1.6;eor
        757;20200512;-999;-999;-999;    1;   0.0;   0;   10.933;-999;  -999;   6.8;    -999;    7.5;   67.96;   15.4;    0.2;   -1.8;eor
        757;20200513;-999;-999;-999;    1;  17.0;   4;    0.050;-999;  -999;   9.3;    -999;    8.0;   86.58;   10.9;    6.2;    4.8;eor
        757;20200514;-999;-999;-999;    1;   0.0;   0;    0.000;-999;  -999;   9.4;    -999;    9.5;   79.50;   11.5;    6.7;    6.5;eor
        757;20200515;-999;-999;-999;    1;   0.0;   0;    0.783;-999;  -999;   9.0;    -999;   10.5;   71.46;   15.4;    5.0;    1.8;eor
        757;20200516;-999;-999;-999;    1;   0.0;   0;   13.767;-999;  -999;   9.0;    -999;   12.1;   65.79;   19.1;    3.8;    0.2;eor
        757;20200517;-999;-999;-999;    1;   0.0;   0;   13.933;-999;  -999;   9.4;    -999;   13.0;   64.83;   20.1;    5.7;    2.9;eor
        757;20200518;-999;-999;-999;    1;   0.0;   0;   14.033;-999;  -999;  10.0;    -999;   15.1;   60.08;   22.5;    7.4;    4.2;eor
        757;20200519;-999;-999;-999;    1;   0.0;   0;   10.050;-999;  -999;  11.5;    -999;   17.4;   59.54;   24.5;    9.5;    6.5;eor
        757;20200520;-999;-999;-999;    1;   0.0;   0;   10.033;-999;  -999;  11.2;    -999;   17.7;   57.33;   24.5;   10.9;    7.8;eor
        757;20200521;-999;-999;-999;    1;   0.0;   0;   14.033;-999;  -999;  12.7;    -999;   18.3;   62.46;   25.8;   10.2;    6.3;eor
        757;20200522;-999;-999;-999;    1;   6.9;   4;    6.667;-999;  -999;  13.0;    -999;   19.8;   58.58;   27.4;   12.0;    9.0;eor
        757;20200523;-999;-999;-999;    1;  20.0;   4;    1.150;-999;  -999;  13.4;    -999;   12.7;   89.58;   19.2;    6.2;    4.1;eor
        757;20200524;-999;-999;-999;    1;   0.0;   0;    7.700;-999;  -999;  10.0;    -999;   12.1;   72.75;   18.2;    6.9;    5.5;eor
        757;20200525;-999;-999;-999;    1;   0.0;   0;    8.167;-999;  -999;  10.1;    -999;   13.0;   69.71;   19.6;    6.4;    4.5;eor
        757;20200526;-999;-999;-999;    1;   0.0;   0;   12.767;-999;  -999;  10.0;    -999;   14.7;   62.42;   21.6;    7.0;    3.9;eor
        757;20200527;-999;-999;-999;    1;   0.0;   0;   14.233;-999;  -999;   8.6;    -999;   16.0;   51.42;   23.7;    7.2;    4.3;eor
        757;20200528;-999;-999;-999;    1;   0.0;   0;    7.617;-999;  -999;   9.8;    -999;   15.8;   55.54;   22.4;    8.8;    5.8;eor
        757;20200529;-999;-999;-999;    1;   0.0;   0;   12.167;-999;  -999;   7.9;    -999;   15.0;   47.42;   21.0;    8.8;    4.8;eor
        757;20200530;-999;-999;-999;    1;   0.0;   0;    8.750;-999;  -999;   8.1;    -999;   14.5;   50.75;   20.6;    7.7;    3.9;eor
        757;20200531;-999;-999;-999;    1;   0.0;   0;   12.483;-999;  -999;   8.1;    -999;   14.9;   49.88;   21.9;    7.7;    2.6;eor
        757;20200601;-999;-999;-999;    1;   0.0;   0;   13.100;-999;  -999;   9.2;    -999;   18.7;   44.08;   26.6;   10.2;    6.2;eor
        757;20200602;-999;-999;-999;    1;   0.0;   0;   13.867;-999;  -999;  10.8;    -999;   19.3;   50.71;   26.4;   10.2;    7.3;eor
        757;20200603;-999;-999;-999;    1;   4.8;   4;    8.767;-999;  -999;  11.8;    -999;   18.9;   55.88;   26.0;   13.1;    8.6;eor
        757;20200604;-999;-999;-999;    1;  14.1;   4;    1.333;-999;  -999;  13.4;    -999;   14.6;   81.67;   19.5;   10.9;   10.4;eor
        757;20200605;-999;-999;-999;    1;   8.1;   4;    0.333;-999;  -999;  11.3;    -999;   12.2;   80.13;   15.1;    9.9;    9.9;eor
        757;20200606;-999;-999;-999;    1;  15.3;   4;    0.133;-999;  -999;  12.7;    -999;   13.5;   82.50;   16.1;   10.8;   10.6;eor
        757;20200607;-999;-999;-999;    1;   0.0;   0;    2.617;-999;  -999;  11.5;    -999;   12.5;   79.88;   16.4;   10.0;    9.7;eor
        757;20200608;-999;-999;-999;    1;   0.9;   4;    2.217;-999;  -999;  11.5;    -999;   13.1;   77.00;   18.4;    9.6;    8.9;eor
        757;20200609;-999;-999;-999;    1;   2.7;   4;    0.000;-999;  -999;  12.5;    -999;   11.9;   89.25;   13.5;   10.3;    9.4;eor
