STATIONS_ID;MESS_DATUM;QN_3;  FX;  FM;QN_4; RSK;RSKF; SDK;SHK_TAG;  NM; VPM;  PM; TMK; UPM; TXK; TNK; TGK;eor
       3639;20181208;   10;  20.6;   8.0;    3;  13.1;   4;-999;   0;   6.8;   8.5;  989.07;    7.0;   85.17;   -999;   -999;-999;eor
       3639;20181209;   10;  23.5;   8.6;    3;   4.9;   4;-999;   0;   6.8;   8.3;  989.46;    6.7;   83.79;   -999;   -999;-999;eor
       3639;20181210;   10;  23.2;  10.0;    3;   2.9;   4;-999;   0;   4.2;   6.7; 1007.92;    5.8;   72.08;   -999;   -999;-999;eor
       3639;20181211;   10;   9.3;   4.8;    3;   0.0;   4;-999;   0;   3.5;   6.5; 1016.00;    5.3;   73.17;   -999;   -999;-999;eor
       3639;20181212;   10;   7.7;   2.9;    3;   0.0;   4;-999;   0;   6.7;   6.6; 1023.12;    3.1;   86.58;   -999;   -999;-999;eor
       3639;20181213;   10;   8.2;   3.9;    3;   0.0;   4;-999;   0;   7.3;   6.2; 1021.97;    2.2;   86.00;   -999;   -999;-999;eor
       3639;20181214;   10;   7.7;   2.8;    3;   0.0;   0;-999;   0;   7.5;   5.7; 1022.80;    1.2;   85.88;   -999;   -999;-999;eor
       3639;20181215;   10;  15.4;   4.0;    3;   0.0;   0;-999;   0;   7.5;   4.7; 1022.31;   -0.3;   78.46;   -999;   -999;-999;eor
       3639;20181216;   10;  12.9;   4.4;    3;   0.3;   4;-999;   0;   6.7;   4.6; 1009.43;   -1.0;   81.46;   -999;   -999;-999;eor
       3639;20181217;   10;   6.7;   2.5;    3;   0.5;   4;-999;   0;   8.0;   6.7; 1013.55;    1.6;   96.25;   -999;   -999;-999;eor
       3639;20181218;   10;   8.7;   3.8;    3;   0.0;   0;-999;   0;   7.6;   7.9; 1016.67;    4.6;   92.50;   -999;   -999;-999;eor
       3639;20181219;   10;  10.8;   4.2;    3;   0.3;   4;-999;   0;   7.3;   7.3; 1007.55;    4.4;   85.75;   -999;   -999;-999;eor
       3639;20181220;   10;   7.2;   3.5;    3;   4.9;   4;-999;   0;   7.0;   8.1; 1006.39;    5.2;   91.21;   -999;   -999;-999;eor
       3639;20181221;   10;  18.5;   6.0;    3;  11.7;   4;-999;   0;   8.0;   9.4;  995.96;    7.0;   93.04;   -999;   -999;-999;eor
       3639;20181222;   10;  13.5;   3.8;    3;   6.3;   4;-999;   0;   7.1;   8.8; 1004.34;    6.0;   93.25;   -999;   -999;-999;eor
       3639;20181223;   10;  11.8;   5.3;    3;   2.1;   4;-999;   0;   7.6;   8.9; 1010.69;    6.4;   92.79;   -999;   -999;-999;eor
       3639;20181224;   10;  10.8;   4.1;    3;   0.4;   4;-999;   0;   6.0;   6.8; 1022.77;    3.2;   87.63;   -999;   -999;-999;eor
       3639;20181225;   10;  13.9;   6.7;    3;   0.1;   4;-999;   0;   7.2;   7.6; 1026.03;    5.7;   82.83;   -999;   -999;-999;eor
       3639;20181226;   10;  12.9;   6.4;    3;   0.2;   4;-999;   0;   8.0;   9.4; 1023.78;    6.6;   95.75;   -999;   -999;-999;eor
       3639;20181227;   10;   9.8;   4.7;    3;   0.1;   4;-999;   0;   8.0;   8.7; 1020.40;    5.6;   95.67;   -999;   -999;-999;eor
       3639;20181228;   10;   8.7;   4.4;    3;   0.3;   4;-999;   0;   8.0;   9.3; 1022.03;    6.5;   95.83;   -999;   -999;-999;eor
       3639;20181229;   10;  16.5;   6.5;    3;   4.5;   4;-999;   0;   7.9;   9.7; 1018.64;    7.3;   93.96;   -999;   -999;-999;eor
       3639;20181230;   10;  18.0;   6.4;    3;   0.4;   4;-999;   0;   6.9;   8.8; 1023.69;    6.8;   89.29;   -999;   -999;-999;eor
       3639;20181231;   10;  13.4;   4.8;    3;   0.4;   4;-999;   0;   8.0;   9.7; 1025.51;    7.0;   95.33;   -999;   -999;-999;eor
       3639;20190101;   10;  26.2;  11.3;    3;   0.7;   4;-999;   0;   6.3;   7.7; 1017.26;    6.5;   79.00;   -999;   -999;-999;eor
       3639;20190102;   10;  20.6;   6.6;    3;   0.0;   0;-999;   0;   0.9;   5.0; 1028.02;    3.8;   61.79;   -999;   -999;-999;eor
       3639;20190103;   10;   7.7;   2.3;    3;   0.0;   4;-999;   0;   4.7;   5.6; 1032.45;    1.6;   81.79;   -999;   -999;-999;eor
       3639;20190104;   10;  14.0;   6.9;    3;   2.1;   4;-999;   0;   7.7;   8.1; 1027.09;    5.1;   91.13;   -999;   -999;-999;eor
       3639;20190105;   10;  16.0;   7.5;    3;   0.4;   4;-999;   0;   7.9;   9.4; 1021.03;    6.8;   94.71;   -999;   -999;-999;eor
       3639;20190106;   10;   8.7;   4.2;    3;   2.0;   4;-999;   0;   8.0;   9.1; 1025.32;    6.2;   95.67;   -999;   -999;-999;eor
       3639;20190107;   10;  16.0;   6.6;    3;   5.9;   4;-999;   0;   7.7;   9.0; 1019.52;    6.4;   93.83;   -999;   -999;-999;eor
       3639;20190108;   10;  25.2;  11.2;    3;   2.5;   4;-999;   0;   6.3;   7.4; 1001.39;    5.8;   80.25;   -999;   -999;-999;eor
       3639;20190109;   10;  20.6;   8.3;    3;   0.0;   0;-999;   0;   3.5;   5.1; 1013.00;    2.8;   68.38;   -999;   -999;-999;eor
       3639;20190110;   10;   6.5;   2.4;    3;   1.6;   4;-999;   0;   7.6;   5.9; 1020.75;    1.2;   88.17;   -999;   -999;-999;eor
       3639;20190111;   10;  14.9;   6.6;    3;   0.7;   4;-999;   0;   7.5;   8.5; 1014.75;    5.8;   91.92;   -999;   -999;-999;eor
       3639;20190112;   10;  14.4;   7.8;    3;   6.9;   4;-999;   0;   7.6;   8.5; 1006.65;    5.9;   91.63;   -999;   -999;-999;eor
       3639;20190113;   10;  20.1;   9.8;    3;   5.3;   4;-999;   0;   7.5;   8.8;  993.64;    6.7;   89.33;   -999;   -999;-999;eor
       3639;20190114;   10;  23.7;   9.4;    3;   0.1;   4;-999;   0;   5.0;   5.4; 1003.49;    3.6;   68.38;   -999;   -999;-999;eor
       3639;20190115;   10;  17.5;   8.8;    3;   1.5;   4;-999;   0;   7.6;   8.1; 1006.14;    5.7;   88.00;   -999;   -999;-999;eor
       3639;20190116;   10;  15.4;   6.9;    3;   1.7;   4;-999;   0;   8.0;   8.5;  998.80;    6.2;   89.79;   -999;   -999;-999;eor
       3639;20190117;   10;  14.9;   6.5;    3;   1.4;   4;-999;   0;   6.7;   6.6;  994.36;    3.1;   86.96;   -999;   -999;-999;eor
       3639;20190118;   10;  10.3;   3.1;    3;   0.3;   4;-999;   0;   4.4;   5.4; 1012.42;    0.3;   87.21;   -999;   -999;-999;eor
       3639;20190119;   10;   5.6;   2.4;    3;   0.0;   0;-999;   0;   3.5;   4.5; 1014.69;   -1.2;   81.71;   -999;   -999;-999;eor
       3639;20190120;   10;   4.0;   1.6;    3;   0.0;   0;-999;   0;   3.9;   4.4; 1015.87;   -3.1;   91.00;   -999;   -999;-999;eor
       3639;20190121;   10;   7.7;   3.7;    3;   0.1;   4;-999;   0;   5.9;   4.8; 1015.75;   -2.4;   91.17;   -999;   -999;-999;eor
       3639;20190122;   10;   9.3;   4.0;    3;   0.0;   0;-999;   0;   6.9;   4.1; 1003.48;   -1.3;   74.42;   -999;   -999;-999;eor
       3639;20190123;   10;   6.7;   3.1;    3;   0.0;   0;-999;   0;   6.6;   3.5;  999.68;   -5.0;   83.04;   -999;   -999;-999;eor
       3639;20190124;   10;   7.7;   2.2;    3;   0.0;   0;-999;   0;   7.8;   3.2; 1008.57;   -4.7;   74.50;   -999;   -999;-999;eor
       3639;20190125;   10;  10.3;   2.9;    3;   2.6;   4;-999;   0;   7.8;   3.7; 1008.07;   -3.5;   75.88;   -999;   -999;-999;eor
       3639;20190126;   10;  10.3;   3.6;    3;   8.8;   4;-999;   0;   8.0;   7.8;  995.46;    3.6;   97.54;   -999;   -999;-999;eor
       3639;20190127;   10;  10.8;   4.6;    3;   4.6;   4;-999;   0;   6.7;   8.0;  980.15;    4.7;   94.00;   -999;   -999;-999;eor
       3639;20190128;   10;  13.9;   3.5;    3;   0.6;   4;-999;   0;   6.8;   6.4;  987.07;    1.6;   92.58;   -999;   -999;-999;eor
       3639;20190129;   10;   9.3;   3.6;    3;   0.6;   4;-999;   0;   5.3;   5.8;  997.58;    0.9;   88.33;   -999;   -999;-999;eor
       3639;20190130;   10;  10.8;   3.7;    3;   0.7;   4;-999;   0;   7.3;   5.1;  992.46;   -0.7;   87.08;   -999;   -999;-999;eor
       3639;20190131;   10;   8.2;   2.8;    3;   0.0;   4;-999;   2;   5.8;   5.3;  992.99;   -0.5;   89.42;   -999;   -999;-999;eor
       3639;20190201;   10;   9.8;   4.2;    3;   0.0;   4;-999;   0;   5.3;   4.9;  990.64;   -1.5;   88.38;   -999;   -999;-999;eor
       3639;20190202;   10;   6.7;   3.1;    3;   0.0;   4;-999;   0;   7.5;   5.6;  996.71;   -0.3;   92.38;   -999;   -999;-999;eor
       3639;20190203;   10;  10.8;   3.6;    3;   0.0;   4;-999;   0;   3.1;   5.9; 1012.89;    1.9;   84.50;   -999;   -999;-999;eor
       3639;20190204;   10;  16.0;   6.4;    3;   0.2;   4;-999;   0;   6.5;   5.5; 1017.50;    1.5;   81.29;   -999;   -999;-999;eor
       3639;20190205;   10;  11.8;   5.2;    3;   0.0;   4;-999;   0;   6.9;   7.1; 1019.80;    3.2;   91.50;   -999;   -999;-999;eor
       3639;20190206;   10;  12.0;   4.8;    3;  13.6;   4;-999;   0;   7.8;   7.4; 1015.77;    3.8;   91.21;   -999;   -999;-999;eor
       3639;20190207;   10;  18.0;   6.3;    3;   2.5;   4;-999;   0;   7.6;   8.0; 1002.06;    6.1;   85.58;   -999;   -999;-999;eor
       3639;20190208;   10;  16.5;   6.6;    3;   2.3;   4;-999;   0;   7.8;   8.2; 1001.30;    6.6;   83.83;   -999;   -999;-999;eor
       3639;20190209;   10;  21.6;   8.4;    3;   1.7;   4;-999;   0;   6.8;   7.8;  993.31;    7.2;   76.83;   -999;   -999;-999;eor
       3639;20190210;   10;  15.4;   5.3;    3;  16.5;   4;-999;   0;   7.7;   8.2;  988.35;    5.6;   90.04;   -999;   -999;-999;eor
       3639;20190211;   10;  18.5;   8.7;    3;   0.2;   4;-999;   0;   5.4;   6.6; 1008.24;    4.7;   76.67;   -999;   -999;-999;eor
       3639;20190212;   10;  12.1;   5.3;    3;   0.2;   4;-999;   0;   7.0;   7.0; 1024.94;    4.8;   81.08;   -999;   -999;-999;eor
       3639;20190213;   10;  11.3;   5.6;    3;   0.1;   4;-999;   0;   7.9;   8.9; 1027.64;    6.5;   91.42;   -999;   -999;-999;eor
       3639;20190214;   10;   8.2;   3.4;    3;   0.0;   0;-999;   0;   4.2;   6.9; 1030.07;    5.5;   77.38;   -999;   -999;-999;eor
       3639;20190215;   10;   6.2;   2.7;    3;   0.0;   0;-999;   0;   1.7;   5.7; 1026.98;    7.2;   57.88;   -999;   -999;-999;eor
       3639;20190216;   10;  10.3;   4.4;    3;   0.0;   0;-999;   0;   3.8;   7.2; 1019.72;    8.5;   63.75;   -999;   -999;-999;eor
       3639;20190217;   10;   8.2;   3.0;    3;   0.0;   0;-999;   0;   5.5;   7.8; 1017.42;    9.7;   66.00;   -999;   -999;-999;eor
       3639;20190218;   10;   8.7;   3.4;    3;   0.9;   4;-999;   0;   3.5;   7.1; 1012.47;    8.9;   62.21;   -999;   -999;-999;eor
       3639;20190219;   10;  13.0;   6.2;    3;   0.5;   4;-999;   0;   7.3;   8.4; 1010.02;    6.3;   88.13;   -999;   -999;-999;eor
       3639;20190220;   10;  10.3;   4.8;    3;   0.4;   4;-999;   0;   7.7;   8.4; 1015.75;    6.9;   84.04;   -999;   -999;-999;eor
       3639;20190221;   10;  11.8;   5.8;    3;   0.5;   4;-999;   0;   7.7;   8.9; 1019.65;    7.0;   89.17;   -999;   -999;-999;eor
       3639;20190222;   10;   9.3;   3.5;    3;   0.0;   0;-999;   0;   7.0;   7.4; 1033.41;    4.6;   86.54;   -999;   -999;-999;eor
       3639;20190223;   10;   7.2;   3.0;    3;   0.0;   0;-999;   0;   5.5;   5.0; 1036.38;    3.4;   66.17;   -999;   -999;-999;eor
       3639;20190224;   10;   5.1;   1.6;    3;   0.0;   0;-999;   0;   2.3;   5.1; 1034.46;    4.6;   62.50;   -999;   -999;-999;eor
       3639;20190225;   10;   5.1;   1.7;    3;   0.0;   0;-999;   0;   2.1;   6.1; 1033.80;    5.2;   70.13;   -999;   -999;-999;eor
       3639;20190226;   10;   6.2;   2.4;    3;   0.0;   0;-999;   0;   3.8;   5.9; 1030.35;    5.1;   68.96;   -999;   -999;-999;eor
       3639;20190227;   10;   8.2;   3.0;    3;   0.0;   0;-999;   0;   0.8;   5.6; 1020.59;    8.4;   51.75;   -999;   -999;-999;eor
       3639;20190228;   10;   7.7;   3.1;    3;   0.2;   4;-999;   0;   6.2;   7.8; 1009.48;    5.1;   89.42;   -999;   -999;-999;eor
       3639;20190301;   10;   9.0;   3.3;    3;   0.0;   4;-999;   0;   7.3;   6.8; 1009.35;    4.6;   79.75;   -999;   -999;-999;eor
       3639;20190302;   10;  10.3;   4.4;    3;   0.8;   4;-999;   0;   6.8;   6.8; 1008.35;    5.4;   75.54;   -999;   -999;-999;eor
       3639;20190303;   10;  14.9;   7.1;    3;  12.3;   4;-999;   0;   8.0;  10.4;  996.35;    9.0;   90.54;   -999;   -999;-999;eor
       3639;20190304;   10;  24.2;  10.9;    3;   6.1;   4;-999;   0;   6.2;   8.8;  983.03;    8.2;   79.96;   -999;   -999;-999;eor
       3639;20190305;   10;  16.5;   7.6;    3;   1.4;   4;-999;   0;   4.8;   7.4;  996.49;    5.5;   82.08;   -999;   -999;-999;eor
       3639;20190306;   10;  11.3;   5.0;    3;   3.6;   4;-999;   0;   7.4;   8.3;  996.53;    6.7;   83.00;   -999;   -999;-999;eor
       3639;20190307;   10;  22.1;   7.2;    3;   8.2;   4;-999;   0;   7.2;   9.0;  986.01;    8.9;   79.67;   -999;   -999;-999;eor
       3639;20190308;   10;  18.0;   7.7;    3;   1.5;   4;-999;   0;   6.2;   7.1;  998.91;    6.1;   75.63;   -999;   -999;-999;eor
       3639;20190309;   10;  19.0;  10.0;    3;   1.9;   4;-999;   0;   6.4;   7.6;  998.55;    6.3;   79.75;   -999;   -999;-999;eor
       3639;20190310;   10;  13.9;   4.6;    3;   7.2;   4;-999;   0;   6.6;   7.0;  999.20;    5.2;   79.67;   -999;   -999;-999;eor
       3639;20190311;   10;  20.1;   5.9;    3;   1.8;   4;-999;   0;   5.6;   6.9; 1006.24;    3.3;   88.67;   -999;   -999;-999;eor
       3639;20190312;   10;  19.6;   6.8;    3;   4.1;   4;-999;   0;   7.2;   6.8; 1004.68;    4.8;   79.92;   -999;   -999;-999;eor
       3639;20190313;   10;  19.0;  10.0;    3;  10.7;   4;-999;   0;   7.5;   7.8;  990.73;    5.5;   85.79;   -999;   -999;-999;eor
       3639;20190314;   10;  18.0;   7.7;    3;   7.8;   4;-999;   0;   7.8;   8.3;  990.86;    6.0;   88.71;   -999;   -999;-999;eor
       3639;20190315;   10;  26.2;   9.8;    3;   1.9;   4;-999;   0;   6.0;   8.2;  993.37;    6.9;   82.21;   -999;   -999;-999;eor
       3639;20190316;   10;  19.0;   8.3;    3;   9.8;   4;-999;   0;   8.0;   8.1;  996.85;    7.1;   80.04;   -999;   -999;-999;eor
       3639;20190317;   10;  19.0;  10.1;    3;   2.5;   4;-999;   0;   6.0;   7.7;  992.52;    6.9;   76.92;   -999;   -999;-999;eor
       3639;20190318;   10;  18.0;   8.2;    3;   1.3;   4;-999;   0;   4.9;   7.0; 1006.76;    5.6;   76.46;   -999;   -999;-999;eor
       3639;20190319;   10;  10.8;   3.2;    3;   0.0;   4;-999;   0;   3.7;   6.5; 1022.08;    4.9;   75.08;   -999;   -999;-999;eor
       3639;20190320;   10;  10.3;   4.4;    3;   0.2;   4;-999;   0;   7.3;   9.0; 1026.72;    7.1;   86.79;   -999;   -999;-999;eor
       3639;20190321;   10;  10.3;   4.3;    3;   0.0;   4;-999;   0;   7.9;  10.2; 1029.03;    8.9;   89.88;   -999;   -999;-999;eor
       3639;20190322;   10;   9.8;   2.5;    3;   0.0;   4;-999;   0;   6.0;  10.3; 1026.02;   11.1;   80.17;   -999;   -999;-999;eor
       3639;20190323;   10;   9.3;   3.9;    3;   0.0;   4;-999;   0;   6.7;   8.5; 1024.97;    6.4;   88.25;   -999;   -999;-999;eor
       3639;20190324;   10;  12.3;   3.7;    3;   2.0;   4;-999;   0;   5.0;   7.1; 1022.08;    5.7;   78.71;   -999;   -999;-999;eor
       3639;20190325;   10;  18.0;   7.3;    3;   2.1;   4;-999;   0;   5.0;   7.5; 1014.21;    5.6;   82.42;   -999;   -999;-999;eor
       3639;20190326;   10;  17.0;   7.2;    3;   0.5;   4;-999;   0;   7.2;   8.1; 1023.24;    6.3;   83.96;   -999;   -999;-999;eor
       3639;20190327;   10;  11.8;   5.3;    3;   2.7;   4;-999;   0;   7.8;   9.4; 1026.77;    7.0;   92.79;   -999;   -999;-999;eor
       3639;20190328;   10;   9.3;   3.7;    3;   0.0;   4;-999;   0;   7.4;   9.9; 1030.37;    8.2;   91.13;   -999;   -999;-999;eor
       3639;20190329;   10;   8.2;   2.5;    3;   0.0;   0;-999;   0;   4.2;   8.9; 1026.59;    9.2;   77.29;   -999;   -999;-999;eor
       3639;20190330;   10;  10.3;   3.2;    3;   0.0;   4;-999;   0;   0.9;   8.7; 1017.54;    8.7;   79.17;   -999;   -999;-999;eor
       3639;20190331;   10;  13.0;   4.8;    3;   0.2;   4;-999;   0;   2.8;   6.0; 1021.98;    5.9;   64.67;   -999;   -999;-999;eor
       3639;20190401;   10;  11.8;   3.6;    3;   0.0;   0;-999;   0;   0.5;   4.7; 1021.00;    4.9;   56.63;   -999;   -999;-999;eor
       3639;20190402;   10;  12.3;   4.4;    3;   6.5;   4;-999;   0;   4.4;   7.0; 1004.32;    8.1;   62.38;   -999;   -999;-999;eor
       3639;20190403;   10;   9.3;   2.3;    3;  15.0;   4;-999;   0;   7.5;   9.8;  998.39;    8.6;   87.83;   -999;   -999;-999;eor
       3639;20190404;   10;  12.0;   3.2;    3;   0.0;   0;-999;   0;   7.6;   8.8;  997.33;    7.0;   87.79;   -999;   -999;-999;eor
       3639;20190405;   10;  11.3;   4.0;    3;   0.0;   4;-999;   0;   8.0;   9.4; 1002.06;    7.6;   90.00;   -999;   -999;-999;eor
       3639;20190406;   10;   7.7;   3.2;    3;   0.0;   0;-999;   0;   5.7;  10.8; 1004.10;   11.5;   80.25;   -999;   -999;-999;eor
       3639;20190407;   10;  10.3;   3.6;    3;   0.0;   0;-999;   0;   1.6;   9.4; 1005.12;   12.3;   67.83;   -999;   -999;-999;eor
       3639;20190408;   10;  11.3;   5.7;    3;   0.0;   0;-999;   0;   2.6;   8.2; 1009.11;    9.1;   71.42;   -999;   -999;-999;eor
       3639;20190409;   10;  12.9;   5.5;    3;   0.0;   0;-999;   0;   1.1;   6.0; 1013.70;    5.5;   68.33;   -999;   -999;-999;eor
       3639;20190410;   10;  11.8;   4.8;    3;   0.0;   0;-999;   0;   1.8;   4.7; 1016.87;    3.4;   61.21;   -999;   -999;-999;eor
       3639;20190411;   10;   8.7;   3.4;    3;   0.0;   4;-999;   0;   5.4;   5.5; 1022.52;    3.1;   72.79;   -999;   -999;-999;eor
       3639;20190412;   10;  14.0;   3.8;    3;   0.0;   4;-999;   0;   5.5;   5.0; 1024.51;    3.0;   67.13;   -999;   -999;-999;eor
       3639;20190413;   10;  12.9;   5.1;    3;   0.8;   4;-999;   0;   6.1;   5.8; 1023.45;    1.9;   81.50;   -999;   -999;-999;eor
       3639;20190414;   10;  11.3;   5.1;    3;   0.0;   4;-999;   0;   5.8;   6.5; 1024.51;    4.4;   77.83;   -999;   -999;-999;eor
       3639;20190415;   10;  11.3;   6.1;    3;   0.0;   0;-999;   0;   2.5;   6.4; 1024.42;    7.3;   63.92;   -999;   -999;-999;eor
       3639;20190416;   10;  12.3;   5.6;    3;   0.0;   0;-999;   0;   0.4;   6.4; 1019.21;    6.4;   65.83;   -999;   -999;-999;eor
       3639;20190417;   10;  13.9;   5.1;    3;   0.0;   0;-999;   0;   2.0;   6.1; 1022.47;   10.2;   53.83;   -999;   -999;-999;eor
       3639;20190418;   10;  12.9;   5.2;    3;   0.0;   0;-999;   0;   0.7;   7.7; 1026.85;   11.5;   58.88;   -999;   -999;-999;eor
       3639;20190419;   10;  11.3;   4.7;    3;   0.0;   0;-999;   0;   0.7;   8.1; 1028.90;   12.8;   58.39;   -999;   -999;-999;eor
       3639;20190420;   10;   8.2;   4.2;    3;   0.0;   0;-999;   0;   1.3;   6.2; 1027.98;   11.8;   47.38;   -999;   -999;-999;eor
       3639;20190421;   10;   8.7;   3.9;    3;   0.0;   0;-999;   0;   0.4;   7.6; 1019.36;   12.3;   54.50;   -999;   -999;-999;eor
       3639;20190422;   10;  14.9;   5.2;    3;   0.0;   0;-999;   0;   0.7;   6.2; 1011.09;   14.1;   42.13;   -999;   -999;-999;eor
       3639;20190423;   10;  18.5;   7.2;    3;   0.0;   4;-999;   0;   0.5;   8.0; 1002.76;   14.8;   49.04;   -999;   -999;-999;eor
       3639;20190424;   10;  11.8;   5.5;    3;   1.7;   4;-999;   0;   6.0;  11.3;  998.27;   17.1;   58.96;   -999;   -999;-999;eor
       3639;20190425;   10;  14.4;   4.5;    3;   0.0;   4;-999;   0;   5.5;  10.6; 1004.07;   16.1;   61.13;   -999;   -999;-999;eor
       3639;20190426;   10;  12.0;   5.0;    3;   1.5;   4;-999;   0;   7.3;  11.4; 1007.40;   12.2;   80.67;   -999;   -999;-999;eor
       3639;20190427;   10;  10.8;   3.2;    3;   2.8;   4;-999;   0;   5.8;  10.4; 1007.12;   10.2;   84.50;   -999;   -999;-999;eor
       3639;20190428;   10;   5.6;   2.2;    3;   3.5;   4;-999;   0;   6.1;   9.1; 1014.49;    7.9;   85.67;   -999;   -999;-999;eor
       3639;20190429;   10;   9.8;   4.0;    3;   1.5;   4;-999;   0;   7.0;  10.6; 1019.49;    8.6;   94.75;   -999;   -999;-999;eor
       3639;20190430;   10;  10.3;   4.7;    3;   0.0;   0;-999;   0;   7.3;  10.3; 1018.14;    8.5;   92.75;   -999;   -999;-999;eor
       3639;20190501;   10;  12.3;   6.7;    3;   0.0;   4;-999;   0;   7.8;   9.4; 1011.81;    8.3;   86.00;   -999;   -999;-999;eor
       3639;20190502;   10;  16.0;   7.9;    3;   0.1;   4;-999;   0;   7.4;   9.3; 1003.47;    8.6;   83.00;   -999;   -999;-999;eor
       3639;20190503;   10;  16.5;   7.7;    3;   1.0;   4;-999;   0;   4.8;   6.5; 1004.85;    6.7;   66.38;   -999;   -999;-999;eor
       3639;20190504;   10;  15.4;   6.6;    3;   0.2;   4;-999;   0;   2.9;   5.8; 1004.71;    5.9;   62.92;   -999;   -999;-999;eor
       3639;20190505;   10;  13.4;   4.9;    3;   2.3;   4;-999;   0;   4.9;   6.3; 1013.47;    6.1;   67.17;   -999;   -999;-999;eor
       3639;20190506;   10;  15.4;   6.4;    3;   1.5;   4;-999;   0;   6.0;   7.3; 1013.14;    7.0;   73.00;   -999;   -999;-999;eor
       3639;20190507;   10;  10.8;   3.3;    3;   0.7;   4;-999;   0;   4.0;   6.4; 1012.64;    7.4;   63.67;   -999;   -999;-999;eor
       3639;20190508;   10;  11.3;   3.8;    3;   8.3;   4;-999;   0;   6.6;   8.6;  999.52;    9.2;   74.42;   -999;   -999;-999;eor
       3639;20190509;   10;   9.3;   3.2;    3;   4.2;   4;-999;   0;   6.3;  10.4;  994.01;   12.4;   75.21;   -999;   -999;-999;eor
       3639;20190510;   10;  11.8;   4.3;    3;   0.2;   4;-999;   0;   5.3;   9.2; 1003.97;    8.9;   81.17;   -999;   -999;-999;eor
       3639;20190511;   10;  12.9;   4.8;    3;   0.0;   0;-999;   0;   1.6;   7.2; 1013.50;    7.6;   70.04;   -999;   -999;-999;eor
       3639;20190512;   10;  12.9;   6.1;    3;   0.0;   0;-999;   0;   2.4;   7.4; 1028.33;    8.9;   65.25;   -999;   -999;-999;eor
       3639;20190513;   10;  12.9;   5.2;    3;   0.0;   0;-999;   0;   2.1;   7.5; 1034.68;    8.6;   68.04;   -999;   -999;-999;eor
       3639;20190514;   10;   9.8;   3.3;    3;   0.0;   0;-999;   0;   3.9;   7.2; 1031.00;    9.6;   62.79;   -999;   -999;-999;eor
       3639;20190515;   10;   9.8;   3.1;    3;   0.0;   0;-999;   0;   2.3;   6.4; 1024.86;   10.6;   50.96;   -999;   -999;-999;eor
       3639;20190516;   10;  16.5;   5.9;    3;   1.4;   4;-999;   0;   7.5;   8.3; 1016.25;   11.0;   63.38;   -999;   -999;-999;eor
       3639;20190517;   10;  10.3;   3.9;    3;   0.0;   0;-999;   0;   7.1;  10.9; 1007.27;   12.2;   77.58;   -999;   -999;-999;eor
       3639;20190518;   10;   8.2;   3.3;    3;   0.0;   0;-999;   0;   4.3;  12.7; 1003.93;   16.1;   72.17;   -999;   -999;-999;eor
       3639;20190519;   10;  10.3;   4.9;    3;   0.0;   0;-999;   0;   5.3;  13.9; 1002.77;   15.7;   80.67;   -999;   -999;-999;eor
       3639;20190520;   10;  10.0;   4.6;    3;   0.0;   4;-999;   0;   6.8;  15.0; 1002.62;   15.6;   84.88;   -999;   -999;-999;eor
       3639;20190521;   10;  13.4;   6.4;    3;   0.0;   4;-999;   0;   7.5;  13.6; 1005.51;   13.1;   90.42;   -999;   -999;-999;eor
       3639;20190522;   10;  12.9;   6.6;    3;   0.0;   4;-999;   0;   6.5;  10.4; 1012.94;   10.9;   80.63;   -999;   -999;-999;eor
       3639;20190523;   10;  10.8;   3.6;    3;   0.0;   0;-999;   0;   5.2;   9.4; 1013.40;   13.9;   63.00;   -999;   -999;-999;eor
       3639;20190524;   10;  13.4;   5.7;    3;   0.1;   4;-999;   0;   5.8;  10.8; 1009.87;   13.3;   72.33;   -999;   -999;-999;eor
       3639;20190525;   10;  10.3;   4.9;    3;   0.2;   4;-999;   0;   7.1;  10.0; 1012.30;   11.4;   75.13;   -999;   -999;-999;eor
       3639;20190526;   10;  15.4;   5.1;    3;  14.2;   4;-999;   0;   8.0;  13.5; 1005.36;   13.1;   87.75;   -999;   -999;-999;eor
       3639;20190527;   10;  15.4;   6.1;    3;   0.0;   4;-999;   0;   5.3;  11.6; 1002.73;   13.6;   74.79;   -999;   -999;-999;eor
       3639;20190528;   10;  11.8;   4.3;    3;   0.0;   0;-999;   0;   4.8;   8.5; 1006.31;   10.9;   66.25;   -999;   -999;-999;eor
       3639;20190529;   10;   8.7;   3.2;    3;   0.0;   4;-999;   0;   3.4;   7.6; 1017.16;   11.3;   57.54;   -999;   -999;-999;eor
       3639;20190530;   10;  13.4;   5.0;    3;   3.1;   4;-999;   0;   7.3;  12.7; 1015.82;   14.4;   75.42;   -999;   -999;-999;eor
       3639;20190531;   10;  10.8;   4.7;    3;   0.0;   0;-999;   0;   6.7;  15.6; 1018.05;   16.7;   82.46;   -999;   -999;-999;eor
       3639;20190601;   10;   9.8;   4.1;    3;   0.0;   0;-999;   0;   6.0;  13.6; 1017.04;   16.3;   74.42;   -999;   -999;-999;eor
       3639;20190602;   10;  11.8;   3.3;    3;   0.0;   4;-999;   0;   6.2;  15.0; 1010.11;   20.8;   61.91;   -999;   -999;-999;eor
       3639;20190603;   10;   9.8;   3.1;    3;   0.2;   4;-999;   0;   6.0;  13.5; 1008.72;   17.7;   68.54;   -999;   -999;-999;eor
       3639;20190604;   10;  10.5;   3.6;    3;   0.5;   4;-999;   0;   5.6;  14.0; 1007.62;   16.7;   73.54;   -999;   -999;-999;eor
       3639;20190605;   10;  11.3;   4.2;    3;   0.0;   0;-999;   0;   5.7;  17.0; 1003.44;   20.2;   71.75;   -999;   -999;-999;eor
       3639;20190606;   10;  12.9;   4.9;    3;   0.8;   4;-999;   0;   6.1;  14.6; 1005.71;   16.5;   78.13;   -999;   -999;-999;eor
       3639;20190607;   10;  11.3;   3.5;    3;   3.5;   4;-999;   0;   3.9;  11.3; 1008.76;   16.3;   64.54;   -999;   -999;-999;eor
       3639;20190608;   10;  19.6;   6.8;    3;   0.5;   4;-999;   0;   6.3;  11.4; 1009.76;   14.5;   69.50;   -999;   -999;-999;eor
       3639;20190609;   10;  12.9;   4.6;    3;   0.0;   4;-999;   0;   4.7;  11.1; 1017.94;   15.7;   63.38;   -999;   -999;-999;eor
       3639;20190610;   10;  12.9;   5.6;    3;  19.0;   4;-999;   0;   7.4;  14.3; 1011.03;   15.8;   79.50;   -999;   -999;-999;eor
       3639;20190611;   10;  10.0;   3.5;    3;   8.9;   4;-999;   0;   6.6;  16.0; 1007.19;   16.3;   86.67;   -999;   -999;-999;eor
       3639;20190612;   10;  10.8;   3.5;    3;   4.8;   4;-999;   0;   6.3;  16.6; 1005.79;   16.7;   86.79;   -999;   -999;-999;eor
       3639;20190613;   10;  14.4;   4.3;    3;   0.0;   4;-999;   0;   3.4;  11.9; 1007.89;   17.0;   63.63;   -999;   -999;-999;eor
       3639;20190614;   10;  13.9;   3.6;    3;   0.1;   4;-999;   0;   5.0;  13.7; 1011.30;   18.6;   65.33;   -999;   -999;-999;eor
       3639;20190615;   10;  13.0;   4.1;    3;   1.0;   4;-999;   0;   7.0;  16.8; 1007.94;   16.9;   87.13;   -999;   -999;-999;eor
       3639;20190616;   10;   9.3;   2.8;    3;   1.0;   4;-999;   0;   5.2;  14.1; 1015.38;   15.7;   80.67;   -999;   -999;-999;eor
       3639;20190617;   10;   8.2;   2.8;    3;   0.0;   0;-999;   0;   1.7;  14.2; 1016.42;   19.5;   64.38;   -999;   -999;-999;eor
       3639;20190618;   10;   7.2;   3.1;    3;   0.4;   4;-999;   0;   6.0;  16.0; 1010.88;   21.2;   65.21;   -999;   -999;-999;eor
       3639;20190619;   10;  15.4;   3.3;    3;   9.4;   4;-999;   0;   4.9;  18.2; 1004.00;   21.0;   76.08;   -999;   -999;-999;eor
       3639;20190620;   10;  10.3;   3.5;    3;   0.7;   4;-999;   0;   6.9;  16.2; 1006.38;   16.3;   87.38;   -999;   -999;-999;eor
       3639;20190621;   10;   9.0;   3.3;    3;   0.3;   4;-999;   0;   4.8;  13.1; 1014.33;   14.9;   77.88;   -999;   -999;-999;eor
       3639;20190622;   10;   8.7;   3.0;    3;   0.0;   0;-999;   0;   2.3;  11.9; 1019.83;   15.6;   68.46;   -999;   -999;-999;eor
       3639;20190623;   10;  12.3;   4.7;    3;   0.0;   0;-999;   0;   3.8;  13.4; 1018.84;   19.2;   60.88;   -999;   -999;-999;eor
       3639;20190624;   10;  11.3;   4.4;    3;   0.0;   0;-999;   0;   6.8;  14.4; 1018.68;   21.7;   59.42;   -999;   -999;-999;eor
       3639;20190625;   10;  10.3;   3.5;    3;   0.0;   0;-999;   0;   5.9;  16.5; 1015.27;   25.2;   53.71;   -999;   -999;-999;eor
       3639;20190626;   10;  12.3;   5.7;    3;   0.0;   0;-999;   0;   5.7;  17.0; 1019.07;   19.1;   77.17;   -999;   -999;-999;eor
       3639;20190627;   10;  11.5;   6.1;    3;   0.1;   4;-999;   0;   7.0;  12.5; 1023.39;   14.5;   75.17;   -999;   -999;-999;eor
       3639;20190628;   10;   9.3;   3.6;    3;   0.0;   0;-999;   0;   4.5;  12.9; 1022.10;   15.3;   74.54;   -999;   -999;-999;eor
       3639;20190629;   10;   7.7;   1.9;    3;   0.0;   0;-999;   0;   0.5;  14.1; 1016.10;   19.4;   65.33;   -999;   -999;-999;eor
       3639;20190630;   10;  16.0;   5.6;    3;   0.0;   0;-999;   0;   2.2;  15.6; 1008.54;   21.0;   65.42;   -999;   -999;-999;eor
       3639;20190701;   10;  17.0;   7.4;    3;   1.9;   4;-999;   0;   4.6;  14.6; 1010.75;   17.4;   73.67;   -999;   -999;-999;eor
       3639;20190702;   10;  17.0;   8.0;    3;   0.0;   4;-999;   0;   4.4;  10.6; 1016.94;   14.9;   62.71;   -999;   -999;-999;eor
       3639;20190703;   10;  14.4;   5.8;    3;   1.0;   4;-999;   0;   4.6;  10.5; 1020.05;   14.3;   64.96;   -999;   -999;-999;eor
       3639;20190704;   10;  14.9;   7.2;    3;   0.0;   4;-999;   0;   6.3;  12.2; 1017.78;   15.9;   67.04;   -999;   -999;-999;eor
       3639;20190705;   10;  14.4;   7.0;    3;   1.1;   4;-999;   0;   7.2;  13.7; 1011.15;   15.9;   75.83;   -999;   -999;-999;eor
       3639;20190706;   10;  15.4;   6.5;    3;   1.1;   4;-999;   0;   7.2;  13.6; 1005.20;   14.9;   80.46;   -999;   -999;-999;eor
       3639;20190707;   10;  16.0;   7.1;    3;   4.0;   4;-999;   0;   6.9;   9.5; 1008.55;   13.8;   60.54;   -999;   -999;-999;eor
       3639;20190708;   10;  14.9;   5.7;    3;   0.9;   4;-999;   0;   6.8;  11.2; 1012.24;   13.4;   74.08;   -999;   -999;-999;eor
       3639;20190709;   10;  13.4;   5.7;    3;   0.0;   4;-999;   0;   7.0;  11.0; 1014.93;   13.6;   71.00;   -999;   -999;-999;eor
       3639;20190710;   10;   7.7;   3.2;    3;   2.0;   4;-999;   0;   7.0;  11.3; 1014.90;   15.1;   66.42;   -999;   -999;-999;eor
       3639;20190711;   10;   7.7;   2.5;    3;   5.7;   4;-999;   0;   7.6;  16.0; 1008.85;   15.6;   89.54;   -999;   -999;-999;eor
       3639;20190712;   10;  10.3;   4.5;    3;   0.2;   4;-999;   0;   7.2;  16.1; 1006.66;   16.5;   85.50;   -999;   -999;-999;eor
       3639;20190713;   10;  10.8;   5.2;    3;   0.7;   4;-999;   0;   8.0;  15.3; 1011.61;   15.7;   85.33;   -999;   -999;-999;eor
       3639;20190714;   10;   9.3;   4.3;    3;   0.0;   0;-999;   0;   8.0;  12.9; 1014.42;   14.0;   80.08;   -999;   -999;-999;eor
       3639;20190715;   10;  13.4;   6.3;    3;   0.4;   4;-999;   0;   7.8;  12.1; 1013.54;   14.3;   73.79;   -999;   -999;-999;eor
       3639;20190716;   10;  12.3;   6.5;    3;   0.0;   4;-999;   0;   7.3;  14.1; 1012.38;   14.6;   85.25;   -999;   -999;-999;eor
       3639;20190717;   10;   7.7;   2.7;    3;   0.0;   0;-999;   0;   4.3;  13.0; 1011.59;   15.4;   75.00;   -999;   -999;-999;eor
       3639;20190718;   10;   8.2;   2.5;    3;   0.4;   4;-999;   0;   5.5;  14.5; 1007.71;   18.4;   70.92;   -999;   -999;-999;eor
       3639;20190719;   10;   8.7;   3.2;    3;   0.0;   0;-999;   0;   6.4;  14.2; 1009.11;   17.8;   71.00;   -999;   -999;-999;eor
       3639;20190720;   10;  16.0;   3.9;    3;   4.3;   4;-999;   0;   6.8;  15.3; 1007.34;   19.6;   67.42;   -999;   -999;-999;eor
       3639;20190721;   10;  15.4;   6.0;    3;   0.0;   0;-999;   0;   3.8;  15.8; 1014.05;   17.8;   78.79;   -999;   -999;-999;eor
       3639;20190722;   10;  12.9;   4.2;    3;   0.0;   4;-999;   0;   6.3;  15.9; 1017.70;   17.9;   77.08;   -999;   -999;-999;eor
       3639;20190723;   10;   6.7;   2.7;    3;   0.0;   0;-999;   0;   0.5;  18.7; 1017.16;   22.3;   71.88;   -999;   -999;-999;eor
       3639;20190724;   10;   9.8;   3.7;    3;   0.0;   0;-999;   0;   3.3;  17.9; 1012.81;   26.2;   56.79;   -999;   -999;-999;eor
       3639;20190725;   10;   8.2;   3.7;    3;   0.0;   0;-999;   0;   5.7;  18.5; 1012.33;   27.5;   52.83;   -999;   -999;-999;eor
       3639;20190726;   10;  15.4;   5.6;    3;   0.0;   0;-999;   0;   3.7;  16.0; 1009.93;   24.2;   55.17;   -999;   -999;-999;eor
       3639;20190727;   10;  16.5;   6.8;    3;   0.0;   0;-999;   0;   2.7;  16.2; 1003.68;   22.4;   62.29;   -999;   -999;-999;eor
       3639;20190728;   10;  11.8;   4.7;    3;   0.0;   4;-999;   0;   3.3;  18.4; 1000.21;   22.6;   69.25;   -999;   -999;-999;eor
       3639;20190729;   10;  10.3;   4.7;    3;   0.0;   4;-999;   0;   6.9;  18.3; 1006.38;   20.5;   76.17;   -999;   -999;-999;eor
       3639;20190730;   10;  13.9;   2.9;    3;   1.2;   4;-999;   0;   2.9;  15.9; 1008.11;   21.3;   64.42;   -999;   -999;-999;eor
       3639;20190731;   10;  12.9;   3.4;    3;   0.3;   4;-999;   0;   5.8;  16.3; 1010.05;   19.6;   73.08;   -999;   -999;-999;eor
       3639;20190801;   10;   9.3;   2.6;    3;   0.0;   0;-999;   0;   5.0;  14.6; 1012.11;   19.2;   67.58;   -999;   -999;-999;eor
       3639;20190802;   10;   6.2;   2.1;    3;  14.0;   4;-999;   0;   6.2;  17.2; 1011.13;   17.8;   84.13;   -999;   -999;-999;eor
       3639;20190803;   10;  10.3;   3.5;    3;   0.2;   4;-999;   0;   5.0;  15.8; 1012.35;   18.2;   76.29;   -999;   -999;-999;eor
       3639;20190804;   10;   8.7;   2.9;    3;   0.0;   0;-999;   0;   6.7;  15.6; 1012.02;   18.5;   74.21;   -999;   -999;-999;eor
       3639;20190805;   10;  10.3;   2.2;    3;   2.6;   4;-999;   0;   6.7;  17.1; 1006.52;   18.6;   79.75;   -999;   -999;-999;eor
       3639;20190806;   10;  10.3;   3.3;    3;   5.1;   4;-999;   0;   5.8;  16.5; 1004.43;   18.8;   76.54;   -999;   -999;-999;eor
       3639;20190807;   10;  12.9;   4.0;    3;  12.7;   4;-999;   0;   5.2;  15.5; 1001.87;   17.9;   76.46;   -999;   -999;-999;eor
       3639;20190808;   10;  16.5;   6.5;    3;   0.0;   4;-999;   0;   4.4;  15.9; 1004.75;   18.0;   77.42;   -999;   -999;-999;eor
       3639;20190809;   10;   8.2;   3.2;    3;   2.3;   4;-999;   0;   6.2;  17.0; 1005.47;   17.6;   84.42;   -999;   -999;-999;eor
       3639;20190810;   10;  19.0;   6.4;    3;   1.6;   4;-999;   0;   3.7;  16.7; 1002.98;   20.5;   68.46;   -999;   -999;-999;eor
       3639;20190811;   10;  15.4;   5.4;    3;   0.0;   0;-999;   0;   5.0;  13.0; 1007.98;   18.9;   60.04;   -999;   -999;-999;eor
       3639;20190812;   10;  12.3;   4.4;    3;   2.8;   4;-999;   0;   3.9;  14.3; 1008.69;   17.2;   73.50;   -999;   -999;-999;eor
       3639;20190813;   10;  11.8;   3.9;    3;   2.8;   4;-999;   0;   6.0;  13.0; 1010.31;   14.1;   81.71;   -999;   -999;-999;eor
       3639;20190814;   10;  12.3;   3.4;    3;   4.1;   4;-999;   0;   6.2;  12.7; 1011.36;   14.7;   76.67;   -999;   -999;-999;eor
       3639;20190815;   10;  14.4;   5.0;    3;   3.6;   4;-999;   0;   7.5;  15.9; 1004.56;   16.1;   87.25;   -999;   -999;-999;eor
       3639;20190816;   10;  12.0;   4.1;    3;   1.4;   4;-999;   0;   6.5;  14.0; 1009.30;   17.9;   69.21;   -999;   -999;-999;eor
       3639;20190817;   10;  10.8;   4.5;    3;   4.7;   4;-999;   0;   7.5;  17.0; 1002.65;   17.5;   84.29;   -999;   -999;-999;eor
       3639;20190818;   10;   9.3;   3.1;    3;   2.7;   4;-999;   0;   6.8;  16.2; 1001.84;   16.3;   88.04;   -999;   -999;-999;eor
       3639;20190819;   10;  12.9;   4.6;    3;   4.4;   4;-999;   0;   3.1;  14.4; 1009.22;   16.2;   79.58;   -999;   -999;-999;eor
       3639;20190820;   10;   9.8;   3.5;    3;   3.9;   4;-999;   0;   3.0;  13.6; 1016.95;   15.6;   77.67;   -999;   -999;-999;eor
       3639;20190821;   10;   8.2;   2.8;    3;   0.0;   4;-999;   0;   3.6;  13.0; 1023.30;   15.6;   75.00;   -999;   -999;-999;eor
       3639;20190822;   10;  10.5;   3.3;    3;   0.0;   0;-999;   0;   4.9;  12.6; 1021.49;   17.8;   63.09;   -999;   -999;-999;eor
       3639;20190823;   10;   6.2;   2.7;    3;   0.0;   0;-999;   0;   5.5;  14.9; 1022.00;   18.3;   71.92;   -999;   -999;-999;eor
       3639;20190824;   10;  10.3;   3.4;    3;   0.0;   0;-999;   0;   0.7;  15.5; 1019.72;   20.6;   67.92;   -999;   -999;-999;eor
       3639;20190825;   10;   8.7;   3.1;    3;   0.0;   0;-999;   0;   0.9;  16.9; 1017.05;   21.8;   67.33;   -999;   -999;-999;eor
       3639;20190826;   10;   6.2;   2.4;    3;   0.0;   0;-999;   0;   0.8;  19.1; 1015.57;   23.9;   66.88;   -999;   -999;-999;eor
       3639;20190827;   10;   9.3;   3.1;    3;   0.0;   0;-999;   0;   2.4;  18.9; 1012.85;   23.8;   65.46;   -999;   -999;-999;eor
       3639;20190828;   10;  10.5;   2.7;    3;   7.3;   4;-999;   0;   5.9;  19.5; 1009.18;   23.6;   70.00;   -999;   -999;-999;eor
       3639;20190829;   10;  10.8;   3.3;    3;   0.1;   4;-999;   0;   4.8;  18.8; 1013.69;   19.4;   84.17;   -999;   -999;-999;eor
       3639;20190830;   10;   7.7;   2.5;    3;   0.0;   0;-999;   0;   6.4;  14.8; 1017.92;   18.6;   71.29;   -999;   -999;-999;eor
       3639;20190831;   10;  28.3;   3.2;    3;   4.8;   4;-999;   0;   4.3;  15.4; 1009.58;   21.1;   63.04;   -999;   -999;-999;eor
       3639;20190901;   10;  11.5;   4.2;    3;   3.1;   4;-999;   0;   6.0;  14.9; 1008.32;   16.9;   77.00;   -999;   -999;-999;eor
       3639;20190902;   10;  10.3;   4.4;    3;  11.1;   4;-999;   0;   4.3;  12.4; 1016.21;   14.7;   74.25;   -999;   -999;-999;eor
       3639;20190903;   10;  14.4;   5.6;    3;   3.0;   4;-999;   0;   7.0;  15.2; 1015.60;   15.7;   84.46;   -999;   -999;-999;eor
       3639;20190904;   10;  12.3;   4.8;    3;   6.7;   4;-999;   0;   6.8;  14.7; 1009.30;   16.0;   81.46;   -999;   -999;-999;eor
       3639;20190905;   10;  19.6;   6.9;    3;   5.6;   4;-999;   0;   4.4;  11.8; 1010.60;   13.6;   75.42;   -999;   -999;-999;eor
       3639;20190906;   10;  12.9;   5.5;    3;   0.0;   4;-999;   0;   6.5;  11.3; 1015.57;   13.6;   73.38;   -999;   -999;-999;eor
       3639;20190907;   10;   9.3;   3.1;    3;   0.0;   0;-999;-999;  -999;  12.4; 1012.95;   13.8;   79.71;   -999;   -999;-999;eor
       3639;20190908;   10;   5.6;   1.6;    3;   0.0;   0;-999;   0;   4.7;  12.7; 1014.23;   13.6;   82.83;   -999;   -999;-999;eor
       3639;20190909;   10;   8.7;   2.8;    3;   0.0;   0;-999;   0;   6.0;  12.8; 1010.50;   13.9;   80.58;   -999;   -999;-999;eor
       3639;20190910;   10;  14.9;   6.4;    3;   0.4;   4;-999;   0;   3.6;  12.3; 1011.62;   15.1;   72.46;   -999;   -999;-999;eor
       3639;20190911;   10;  16.5;   5.4;    3;   9.8;   4;-999;   0;   5.5;  13.5; 1014.48;   13.6;   86.83;   -999;   -999;-999;eor
       3639;20190912;   10;  11.3;   4.1;    3;   3.6;   4;-999;   0;   6.2;  15.0; 1020.35;   16.4;   81.00;   -999;   -999;-999;eor
       3639;20190913;   10;  13.4;   5.3;    3;   0.0;   4;-999;   0;   5.3;  13.2; 1026.09;   15.8;   73.25;   -999;   -999;-999;eor
       3639;20190914;   10;   7.2;   2.1;    3;   0.0;   0;-999;   0;   4.3;  10.8; 1028.25;   13.0;   73.25;   -999;   -999;-999;eor
       3639;20190915;   10;  14.9;   6.1;    3;   1.5;   4;-999;   0;   7.7;  12.6; 1016.11;   14.1;   77.25;   -999;   -999;-999;eor
       3639;20190916;   10;  11.3;   3.8;    3;   0.6;   4;-999;   0;   5.9;  10.7; 1014.96;   13.7;   68.58;   -999;   -999;-999;eor
       3639;20190917;   10;  22.1;   9.0;    3;   3.1;   4;-999;   0;   4.8;  10.0; 1012.61;   12.8;   68.13;   -999;   -999;-999;eor
       3639;20190918;   10;  14.9;   6.8;    3;   0.0;   4;-999;   0;   3.6;   8.5; 1020.15;   12.7;   58.04;   -999;   -999;-999;eor
       3639;20190919;   10;  11.8;   3.8;    3;   0.0;   0;-999;   0;   5.3;   8.9; 1025.00;   11.8;   65.33;   -999;   -999;-999;eor
       3639;20190920;   10;   8.2;   2.6;    3;   0.0;   4;-999;   0;   7.2;  12.2; 1024.10;   12.4;   83.92;   -999;   -999;-999;eor
       3639;20190921;   10;   6.2;   2.3;    3;   0.0;   0;-999;   0;   3.0;  13.1; 1017.32;   14.9;   78.50;   -999;   -999;-999;eor
       3639;20190922;   10;   8.2;   3.3;    3;   0.0;   0;-999;   0;   1.8;  11.6; 1007.72;   16.2;   64.79;   -999;   -999;-999;eor
       3639;20190923;   10;   9.3;   2.6;    3;   1.3;   4;-999;   0;   7.0;  13.8; 1009.00;   14.0;   85.63;   -999;   -999;-999;eor
       3639;20190924;   10;   8.7;   2.5;    3;   3.3;   4;-999;   0;   7.1;  14.3; 1006.62;   15.8;   80.96;   -999;   -999;-999;eor
       3639;20190925;   10;   4.1;   1.1;    3;   5.4;   4;-999;   0;   6.9;  14.2; 1001.66;   13.6;   91.21;   -999;   -999;-999;eor
       3639;20190926;   10;   9.3;   3.1;    3;   5.3;   4;-999;   0;   6.8;  15.0; 1003.21;   13.7;   93.79;   -999;   -999;-999;eor
       3639;20190927;   10;  12.3;   4.3;    3;   5.3;   4;-999;   0;   6.4;  14.6; 1002.11;   15.2;   84.50;   -999;   -999;-999;eor
       3639;20190928;   10;  14.9;   6.5;    3;   1.8;   4;-999;   0;  -999;  13.4; 1001.76;   14.7;   80.46;   -999;   -999;-999;eor
       3639;20190929;   10;  12.9;   5.4;    3;  24.1;   4;-999;   0;   8.0;  14.7;  993.59;   13.6;   94.00;   -999;   -999;-999;eor
       3639;20190930;   10;  19.6;   8.1;    3;  12.4;   4;-999;   0;   7.5;  13.2;  997.04;   13.7;   85.25;   -999;   -999;-999;eor
       3639;20191001;   10;  10.8;   3.1;    3;   6.5;   4;-999;   0;   7.7;  11.6;  996.25;   10.2;   92.83;   -999;   -999;-999;eor
       3639;20191002;   10;  18.5;   5.1;    3;  10.2;   4;-999;   0;   5.2;   9.5; 1001.82;    9.9;   79.71;   -999;   -999;-999;eor
       3639;20191003;   10;   6.7;   2.2;    3;   0.0;   4;-999;   0;   2.5;   9.3; 1010.07;    9.6;   77.83;   -999;   -999;-999;eor
       3639;20191004;   10;   9.3;   3.4;    3;   4.8;   4;-999;   0;   7.4;  10.4; 1004.22;    8.4;   93.88;   -999;   -999;-999;eor
       3639;20191005;   10;   9.3;   4.4;    3;   0.0;   0;-999;   0;   3.0;   9.4; 1013.41;    9.1;   82.29;   -999;   -999;-999;eor
       3639;20191006;   10;  12.9;   3.9;    3;   0.0;   0;-999;   0;   5.0;   8.0; 1015.38;    7.2;   80.67;   -999;   -999;-999;eor
       3639;20191007;   10;   7.7;   2.7;    3;   7.4;   4;-999;   0;   5.0;   7.2; 1014.61;    6.8;   73.96;   -999;   -999;-999;eor
       3639;20191008;   10;  11.8;   5.2;    3;   3.7;   4;-999;   0;   6.1;  12.4;  999.71;   12.1;   87.50;   -999;   -999;-999;eor
       3639;20191009;   10;  12.3;   5.1;    3;   0.4;   4;-999;   0;   6.6;  11.2;  998.82;   10.8;   86.50;   -999;   -999;-999;eor
       3639;20191010;   10;  16.0;   5.5;    3;   2.6;   4;-999;   0;   5.8;  10.9; 1002.86;   10.5;   84.71;   -999;   -999;-999;eor
       3639;20191011;   10;  17.0;   8.1;    3;   6.9;   4;-999;   0;   8.0;  13.3; 1001.84;   13.1;   88.08;   -999;   -999;-999;eor
       3639;20191012;   10;  10.3;   4.6;    3;   7.3;   4;-999;   0;   7.8;  12.8; 1003.65;   12.0;   91.96;   -999;   -999;-999;eor
       3639;20191013;   10;  15.4;   3.8;    3;   1.4;   4;-999;   0;   7.8;  15.1; 1003.87;   14.3;   91.46;   -999;   -999;-999;eor
       3639;20191014;   10;  13.4;   4.5;    3;   1.3;   4;-999;   0;   6.3;  13.1; 1008.04;   13.9;   82.79;   -999;   -999;-999;eor
       3639;20191015;   10;   7.2;   2.6;    3;  33.7;   4;-999;   0;   6.3;  14.2; 1002.18;   14.5;   86.08;   -999;   -999;-999;eor
       3639;20191016;   10;   9.8;   3.6;    3;   4.5;   4;-999;   0;   6.9;  13.5; 1003.40;   13.1;   89.75;   -999;   -999;-999;eor
       3639;20191017;   10;   9.8;   3.4;    3;   5.2;   4;-999;   0;   7.5;  13.6; 1004.60;   13.1;   90.96;   -999;   -999;-999;eor
       3639;20191018;   10;  21.0;   5.1;    3;   7.1;   4;-999;   0;   5.6;  12.1; 1000.71;   12.0;   85.75;   -999;   -999;-999;eor
       3639;20191019;   10;  10.8;   4.4;    3;   0.3;   4;-999;   0;   6.8;  11.2; 1000.82;   11.4;   82.54;   -999;   -999;-999;eor
       3639;20191020;   10;   5.6;   2.1;    3;   3.2;   4;-999;   0;   7.4;  12.0; 1006.14;   10.8;   92.46;   -999;   -999;-999;eor
       3639;20191021;   10;  10.3;   3.5;    3;   0.3;   4;-999;   0;   7.0;  12.9; 1012.55;   11.8;   92.29;   -999;   -999;-999;eor
       3639;20191022;   10;   9.3;   3.3;    3;   0.6;   4;-999;   0;   6.5;  12.3; 1017.85;   12.0;   87.38;   -999;   -999;-999;eor
       3639;20191023;   10;   6.0;   2.2;    3;   0.0;   4;-999;   0;   4.9;  11.8; 1013.61;   10.7;   91.83;   -999;   -999;-999;eor
       3639;20191024;   10;  11.3;   3.5;    3;   0.5;   4;-999;   0;   7.0;  13.7; 1003.76;   13.5;   88.25;   -999;   -999;-999;eor
       3639;20191025;   10;  12.3;   5.4;    3;   0.1;   4;-999;   0;   6.8;  12.2; 1009.99;   13.1;   81.00;   -999;   -999;-999;eor
       3639;20191026;   10;  16.5;   7.6;    3;   4.2;   4;-999;   0;   7.0;  13.1; 1004.72;   15.7;   73.92;   -999;   -999;-999;eor
       3639;20191027;   10;  17.0;   8.4;    3;   5.2;   4;-999;   0;   6.0;   9.6; 1010.30;   10.8;   73.96;   -999;   -999;-999;eor
       3639;20191028;   10;  16.0;   4.3;    3;   2.3;   4;-999;   0;   4.2;   9.0; 1016.29;    8.7;   81.33;   -999;   -999;-999;eor
       3639;20191029;   10;   6.7;   2.1;    3;   0.0;   0;-999;   0;   0.8;   7.3; 1022.74;    5.1;   83.71;   -999;   -999;-999;eor
       3639;20191030;   10;   6.2;   1.8;    3;   0.0;   0;-999;   0;   1.3;   6.6; 1026.48;    3.9;   82.54;   -999;   -999;-999;eor
       3639;20191031;   10;   6.7;   2.1;    3;   0.0;   0;-999;   0;   2.6;   5.8; 1021.98;    2.3;   81.54;   -999;   -999;-999;eor
       3639;20191101;   10;   7.2;   3.6;    3;   4.8;   4;-999;   0;   6.5;   6.5; 1004.10;    2.0;   90.50;   -999;   -999;-999;eor
       3639;20191102;   10;  12.3;   4.2;    3;   4.1;   4;-999;   0;   7.2;  11.4;  984.47;   10.7;   87.42;   -999;   -999;-999;eor
       3639;20191103;   10;   9.5;   2.8;    3;   4.7;   4;-999;   0;   7.1;  10.6;  982.72;   10.5;   83.79;   -999;   -999;-999;eor
       3639;20191104;   10;   8.7;   2.5;    3;   0.0;   4;-999;   0;   7.3;  11.2;  984.35;   10.1;   90.33;   -999;   -999;-999;eor
       3639;20191105;   10;   5.6;   2.3;    3;   6.9;   4;-999;   0;   8.0;  10.6;  991.19;    8.4;   96.71;   -999;   -999;-999;eor
       3639;20191106;   10;   7.7;   1.5;    3;   0.2;   4;-999;   0;   6.8;   8.6;  996.74;    6.2;   91.04;   -999;   -999;-999;eor
       3639;20191107;   10;   9.8;   3.2;    3;   5.0;   4;-999;   0;   6.2;   7.8;  996.83;    3.7;   95.67;   -999;   -999;-999;eor
       3639;20191108;   10;   9.3;   2.7;    3;   0.0;   0;-999;   0;   2.4;   8.0; 1002.28;    5.6;   88.17;   -999;   -999;-999;eor
       3639;20191109;   10;   7.5;   1.9;    3;   0.7;   4;-999;   0;   6.3;   7.7; 1003.06;    4.0;   95.29;   -999;   -999;-999;eor
       3639;20191110;   10;   8.7;   3.6;    3;   0.0;   0;-999;   0;   6.4;   7.6; 1007.40;    5.4;   84.25;   -999;   -999;-999;eor
       3639;20191111;   10;  13.9;   5.3;    3;   0.0;   4;-999;   0;   6.3;   6.6; 1001.71;    3.7;   83.04;   -999;   -999;-999;eor
       3639;20191112;   10;  13.9;   5.2;    3;   2.1;   4;-999;   0;   5.9;   7.3;  995.48;    4.9;   84.30;   -999;   -999;-999;eor
       3639;20191113;   10;  11.8;   5.0;    3;   0.0;   0;-999;   0;   4.6;   7.2;  994.42;    4.2;   86.88;   -999;   -999;-999;eor
       3639;20191114;   10;   7.7;   3.3;    3;   0.0;   0;-999;   0;   4.7;   7.1; 1001.98;    3.7;   89.88;   -999;   -999;-999;eor
       3639;20191115;   10;  12.9;   5.5;    3;   0.0;   4;-999;   0;   7.6;   7.5; 1002.43;    4.2;   90.38;   -999;   -999;-999;eor
       3639;20191116;   10;  12.9;   4.4;    3;  11.7;   4;-999;   0;   7.7;   8.3; 1001.56;    5.4;   92.33;   -999;   -999;-999;eor
       3639;20191117;   10;   8.2;   3.5;    3;   3.2;   4;-999;   0;   5.8;   7.0; 1008.63;    3.4;   88.83;   -999;   -999;-999;eor
       3639;20191118;   10;  12.9;   3.5;    3;  20.8;   4;-999;   0;   8.0;   9.1;  999.95;    6.2;   95.79;   -999;   -999;-999;eor
       3639;20191119;   10;  15.5;   5.3;    3;   1.4;   4;-999;   0;   5.9;   8.5; 1006.67;    6.3;   89.04;   -999;   -999;-999;eor
       3639;20191120;   10;   4.6;   1.4;    3;   0.0;   0;-999;   0;   6.8;   6.3; 1014.60;    0.7;   98.00;   -999;   -999;-999;eor
       3639;20191121;   10;   8.2;   2.7;    3;   1.3;   4;-999;   0;   7.9;   8.0; 1008.01;    3.9;   97.96;   -999;   -999;-999;eor
       3639;20191122;   10;  10.8;   3.2;    3;   0.0;   4;-999;   0;   7.5;   8.5; 1003.67;    5.6;   93.46;   -999;   -999;-999;eor
       3639;20191123;   10;  14.9;   6.0;    3;   0.0;   0;-999;   0;   7.4;   8.8; 1002.12;    7.2;   86.25;   -999;   -999;-999;eor
       3639;20191124;   10;  11.8;   4.6;    3;   0.0;   0;-999;   0;   7.6;   8.0; 1005.20;    5.3;   89.33;   -999;   -999;-999;eor
       3639;20191125;   10;   5.1;   2.2;    3;   0.1;   4;-999;   0;   8.0;   8.2; 1006.50;    5.1;   93.79;   -999;   -999;-999;eor
       3639;20191126;   10;   7.5;   3.5;    3;   0.1;   4;-999;   0;   8.0;   9.1;  999.78;    6.4;   93.67;   -999;   -999;-999;eor
       3639;20191127;   10;  10.3;   4.1;    3;   7.4;   4;-999;   0;   7.7;  10.2;  987.39;    8.7;   90.63;   -999;   -999;-999;eor
       3639;20191128;   10;  15.4;   6.5;    3;   7.3;   4;-999;   0;   7.9;  10.2;  981.76;    8.6;   91.25;   -999;   -999;-999;eor
       3639;20191129;   10;  18.5;   5.1;    3;   4.2;   4;-999;   0;   3.9;   6.7; 1001.27;    4.7;   79.04;   -999;   -999;-999;eor
       3639;20191130;   10;   9.0;   2.1;    3;   2.5;   4;-999;   0;   3.6;   7.3; 1016.90;    3.5;   92.25;   -999;   -999;-999;eor
       3639;20191201;   10;   5.1;   2.1;    3;   3.2;   4;-999;   0;   5.4;   7.1; 1017.63;    2.5;   97.71;   -999;   -999;-999;eor
       3639;20191202;   10;  12.9;   3.1;    3;   2.8;   4;-999;   0;   5.1;   7.5; 1017.84;    4.2;   90.00;   -999;   -999;-999;eor
       3639;20191203;   10;  11.3;   4.3;    3;   0.0;   4;-999;   0;   6.9;   8.5; 1020.53;    5.9;   91.46;   -999;   -999;-999;eor
       3639;20191204;   10;  10.8;   4.1;    3;   0.0;   4;-999;   0;   5.7;   7.8; 1017.16;    4.4;   93.79;   -999;   -999;-999;eor
       3639;20191205;   10;  14.9;   5.6;    3;   0.5;   4;-999;   0;   4.6;   6.8; 1011.90;    2.4;   92.50;   -999;   -999;-999;eor
       3639;20191206;   10;  15.5;   8.5;    3;   4.5;   4;-999;   0;   8.0;   8.7;  998.82;    5.7;   93.83;   -999;   -999;-999;eor
       3639;20191207;   10;  16.5;   7.6;    3;  10.5;   4;-999;   0;   7.4;   9.8; 1000.70;    8.0;   90.88;   -999;   -999;-999;eor
       3639;20191208;   10;  18.5;   8.5;    3;   2.7;   4;-999;   0;   6.6;   8.9;  991.65;    8.0;   82.92;   -999;   -999;-999;eor
       3639;20191209;   10;  19.5;   6.9;    3;   2.3;   4;-999;   0;   5.2;   7.7;  994.12;    6.0;   81.38;   -999;   -999;-999;eor
       3639;20191210;   10;  16.0;   5.6;    3;   0.7;   4;-999;   0;   5.9;   6.5; 1013.18;    4.8;   76.08;   -999;   -999;-999;eor
       3639;20191211;   10;  17.5;   5.0;    3;   0.5;   4;-999;   0;   8.0;   7.9; 1001.59;    5.5;   87.50;   -999;   -999;-999;eor
       3639;20191212;   10;  11.3;   4.2;    3;   0.1;   4;-999;   0;   4.9;   7.2;  993.27;    4.1;   87.63;   -999;   -999;-999;eor
       3639;20191213;   10;  11.8;   4.4;    3;   0.6;   4;-999;   0;   6.0;   5.8;  977.15;    1.1;   87.71;   -999;   -999;-999;eor
       3639;20191214;   10;  18.0;   6.4;    3;   4.1;   4;-999;   0;   6.9;   7.3;  980.33;    4.3;   87.92;   -999;   -999;-999;eor
       3639;20191215;   10;  23.7;   8.0;    3;   2.1;   4;-999;   0;   4.0;   7.1;  990.54;    5.6;   78.29;   -999;   -999;-999;eor
       3639;20191216;   10;-999;   4.6;    3;   1.4;   4;-999;   0;   6.4;   7.9; 1000.35;    6.1;   82.54;   -999;   -999;-999;eor
       3639;20191217;   10;  14.4;   4.0;    3;   2.4;   4;-999;   0;   7.3;   9.4;  996.49;    9.3;   81.29;   -999;   -999;-999;eor
       3639;20191218;   10;  16.0;   4.2;    3;   0.0;   0;-999;   0;   6.0;   8.3; 1009.37;    6.0;   88.63;   -999;   -999;-999;eor
       3639;20191219;   10;   8.7;   3.9;    3;   0.0;   0;-999;   0;   5.3;   8.3; 1005.90;    7.0;   81.88;   -999;   -999;-999;eor
       3639;20191220;   10;  10.8;   4.7;    3;   1.9;   4;-999;   0;   5.6;   8.2;  986.95;    7.8;   77.33;   -999;   -999;-999;eor
       3639;20191221;   10;  10.8;   4.1;    3;   0.0;   0;-999;   0;   5.1;   8.0;  985.10;    7.3;   78.25;   -999;   -999;-999;eor
       3639;20191222;   10;   7.2;   3.2;    3;   2.5;   4;-999;   0;   7.2;   7.9;  981.24;    5.3;   88.42;   -999;   -999;-999;eor
       3639;20191223;   10;  13.4;   6.0;    3;   1.4;   4;-999;   0;   7.1;   8.8;  996.21;    7.0;   87.71;   -999;   -999;-999;eor
       3639;20191224;   10;  10.3;   3.3;    3;   9.1;   4;-999;   0;   7.7;   8.3; 1003.05;    5.5;   91.96;   -999;   -999;-999;eor
       3639;20191225;   10;   9.3;   2.6;    3;   0.0;   4;-999;   0;   7.1;   8.3; 1012.06;    5.5;   91.21;   -999;   -999;-999;eor
       3639;20191226;   10;   8.2;   2.5;    3;   2.0;   4;-999;   0;   6.2;   7.7; 1019.29;    4.5;   91.38;   -999;   -999;-999;eor
       3639;20191227;   10;   7.2;   2.3;    3;   0.0;   0;-999;   0;   5.8;   6.0; 1027.78;    1.7;   86.42;   -999;   -999;-999;eor
       3639;20191228;   10;   7.0;   2.4;    3;   0.0;   0;-999;   0;   6.6;   5.0; 1037.02;   -0.9;   86.92;   -999;   -999;-999;eor
       3639;20191229;   10;  11.3;   4.5;    3;   0.0;   0;-999;   0;   6.7;   4.9; 1031.29;    1.0;   75.13;   -999;   -999;-999;eor
       3639;20191230;   10;  11.8;   6.1;    3;   0.2;   4;-999;   0;   4.5;   4.8; 1021.27;    4.8;   56.00;   -999;   -999;-999;eor
       3639;20191231;   10;  10.8;   4.8;    3;   0.0;   0;-999;   0;   4.8;   7.8; 1026.51;    5.8;   85.29;   -999;   -999;-999;eor
       3639;20200101;   10;   8.0;   2.7;    3;   0.0;   0;-999;   0;   6.7;   5.7; 1028.02;    0.0;   94.29;   -999;   -999;-999;eor
       3639;20200102;   10;  13.4;   4.5;    3;   0.2;   4;-999;   0;   8.0;   6.0; 1019.69;    0.1;   95.96;   -999;   -999;-999;eor
       3639;20200103;   10;  13.4;   6.2;    3;  11.8;   4;-999;   0;   7.5;   8.4; 1010.47;    5.9;   89.83;   -999;   -999;-999;eor
       3639;20200104;   10;  20.1;   7.5;    3;   3.8;   4;-999;   0;   5.8;   7.1; 1018.63;    5.4;   79.25;   -999;   -999;-999;eor
       3639;20200105;   10;   9.3;   3.9;    3;   0.3;   4;-999;   0;   6.1;   7.3; 1026.86;    4.2;   87.29;   -999;   -999;-999;eor
       3639;20200106;   10;   9.0;   4.5;    3;   0.0;   4;-999;   0;   7.3;   7.6; 1019.50;    4.9;   87.71;   -999;   -999;-999;eor
       3639;20200107;   10;  12.9;   5.6;    3;   0.7;   4;-999;   0;   6.8;   8.0; 1016.90;    5.5;   87.67;   -999;   -999;-999;eor
       3639;20200108;   10;  13.9;   5.5;    3;   0.8;   4;-999;   0;   7.6;   9.7; 1014.79;    7.9;   90.92;   -999;   -999;-999;eor
       3639;20200109;   10;  12.9;   4.4;    3;   9.1;   4;-999;   0;   7.7;  11.2; 1007.03;    9.3;   94.38;   -999;   -999;-999;eor
       3639;20200110;   10;  14.9;   6.0;    3;   0.7;   4;-999;   0;   6.9;   9.1; 1010.25;    7.4;   88.00;   -999;   -999;-999;eor
       3639;20200111;   10;  14.9;   6.3;    3;   0.0;   4;-999;   0;   6.3;   6.9; 1021.45;    4.4;   82.38;   -999;   -999;-999;eor
       3639;20200112;   10;  15.0;   7.7;    3;   9.9;   4;-999;   0;   7.7;   8.3; 1011.57;    6.1;   87.83;   -999;   -999;-999;eor
       3639;20200113;   10;  13.4;   4.8;    3;   2.5;   4;-999;   0;   5.8;   8.0; 1010.90;    5.7;   87.33;   -999;   -999;-999;eor
       3639;20200114;   10;  18.5;   7.3;    3;   6.5;   4;-999;   0;   7.5;   9.6;  998.21;    8.7;   84.33;   -999;   -999;-999;eor
       3639;20200115;   10;  17.5;   8.0;    3;   1.7;   4;-999;   0;   6.6;   9.2; 1003.45;   10.2;   74.96;   -999;   -999;-999;eor
       3639;20200116;   10;  10.8;   4.8;    3;   0.0;   0;-999;   0;   4.6;   8.0; 1018.70;    5.9;   85.71;   -999;   -999;-999;eor
       3639;20200117;   10;  12.9;   5.1;    3;   1.7;   4;-999;   0;   6.8;   8.4; 1010.26;    7.8;   79.79;   -999;   -999;-999;eor
       3639;20200118;   10;  14.4;   5.6;    3;   2.1;   4;-999;   0;   5.7;   7.2; 1015.55;    4.4;   86.04;   -999;   -999;-999;eor
       3639;20200119;   10;  10.8;   3.7;    3;   0.0;   0;-999;   0;   3.4;   7.2; 1031.50;    4.9;   83.42;   -999;   -999;-999;eor
       3639;20200120;   10;   8.2;   3.4;    3;   0.0;   0;-999;   0;   6.7;   7.9; 1040.42;    4.6;   92.79;   -999;   -999;-999;eor
       3639;20200121;   10;  11.5;   5.3;    3;   0.2;   4;-999;   0;   7.2;   7.4; 1034.69;    4.0;   90.50;   -999;   -999;-999;eor
       3639;20200122;   10;  10.8;   4.4;    3;   0.1;   4;-999;   0;   6.3;   8.2; 1030.01;    5.3;   92.17;   -999;   -999;-999;eor
       3639;20200123;   10;   7.7;   2.9;    3;   0.0;   4;-999;   0;   6.6;   7.3; 1027.44;    3.6;   92.50;   -999;   -999;-999;eor
       3639;20200124;   10;   9.3;   3.8;    3;   0.1;   4;-999;   0;   8.0;   6.9; 1017.87;    2.2;   95.33;   -999;   -999;-999;eor
       3639;20200125;   10;   7.7;   3.9;    3;   0.0;   4;-999;   0;   8.0;   7.0; 1016.03;    2.6;   94.58;   -999;   -999;-999;eor
       3639;20200126;   10;   8.7;   3.9;    3;   1.7;   4;-999;   0;   7.3;   6.5; 1011.29;    2.1;   91.83;   -999;   -999;-999;eor
       3639;20200127;   10;  10.3;   4.5;    3;   2.9;   4;-999;   0;   7.9;   8.8; 1000.07;    6.5;   89.83;   -999;   -999;-999;eor
       3639;20200128;   10;  21.6;   6.6;    3;  23.2;   4;-999;   0;   7.4;   7.6;  984.98;    4.7;   88.67;   -999;   -999;-999;eor
       3639;20200129;   10;  17.5;   7.1;    3;  18.5;   4;-999;   0;   6.8;   7.1;  995.41;    4.0;   87.79;   -999;   -999;-999;eor
       3639;20200130;   10;  15.4;   7.3;    3;   2.3;   4;-999;   0;   8.0;   8.7;  997.24;    6.8;   87.17;   -999;   -999;-999;eor
       3639;20200131;   10;  16.5;   7.5;    3;   3.1;   4;-999;   0;   7.3;   9.7;  997.49;    8.7;   85.38;   -999;   -999;-999;eor
       3639;20200201;    3;  18.5;   7.9;    3;   1.6;   4;-999;   0;   7.5;  10.0;  994.76;    9.7;   82.96;   -999;   -999;-999;eor
       3639;20200202;    3;  17.5;   4.4;    3;   6.1;   4;-999;   0;   7.2;   8.5; 1000.43;    6.1;   90.17;   -999;   -999;-999;eor
       3639;20200203;    3;  15.4;   6.7;    3;   1.7;   4;-999;   0;   7.6;   8.7; 1001.33;    6.9;   87.25;   -999;   -999;-999;eor
       3639;20200204;    3;  18.0;   6.4;    3;   1.0;   4;-999;   0;   4.2;   7.0; 1005.67;    5.2;   79.46;   -999;   -999;-999;eor
       3639;20200205;    3;   9.3;   4.1;    3;   0.0;   0;-999;   0;   3.5;   5.8; 1027.71;    3.2;   74.46;   -999;   -999;-999;eor
       3639;20200206;    3;  10.3;   4.4;    3;   0.0;   4;-999;   0;   7.5;   7.7; 1025.35;    5.4;   85.46;   -999;   -999;-999;eor
       3639;20200207;    3;   9.8;   3.1;    3;   0.0;   0;-999;   0;   5.4;   7.0; 1023.51;    5.3;   78.79;   -999;   -999;-999;eor
       3639;20200208;    3;   9.8;   4.5;    3;   0.0;   4;-999;   0;   5.1;   6.9; 1014.47;    4.9;   77.46;   -999;   -999;-999;eor
       3639;20200209;    3;  27.8;   9.6;    3;  11.4;   4;-999;   0;   7.3;   8.7;  993.33;    9.0;   76.29;   -999;   -999;-999;eor
       3639;20200210;    3;  26.5;  11.0;    3;   7.6;   4;-999;   0;   6.7;   7.3;  981.40;    6.2;   78.25;   -999;   -999;-999;eor
       3639;20200211;    3;  28.3;  12.2;    3;  15.1;   4;-999;   0;   7.3;   6.5;  988.27;    3.9;   79.46;   -999;   -999;-999;eor
       3639;20200212;    3;-999;-999;    3;   7.1;   4;-999;   0;   6.8;   6.4;  999.70;    3.9;   78.63;   -999;   -999;-999;eor
       3639;20200213;    3;-999;-999;    3;   7.8;   4;-999;   0;   6.5;   6.3; 1000.27;    2.0;   88.50;   -999;   -999;-999;eor
       3639;20200214;    3;   6.7;   2.3;    3;   0.0;   0;-999;   0;   7.3;   7.0; 1011.30;    4.1;   85.33;   -999;   -999;-999;eor
       3639;20200215;    3;  18.0;   6.9;    3;   0.0;   4;-999;   0;   7.2;   8.3; 1009.22;    8.4;   74.92;   -999;   -999;-999;eor
       3639;20200216;    3;  23.7;   9.5;    3;  12.2;   4;-999;   0;   7.7;  10.2;  993.05;   11.2;   78.17;   -999;   -999;-999;eor
       3639;20200217;    3;  21.1;   8.2;    3;   0.8;   4;-999;   0;   4.9;   7.4; 1001.73;    7.4;   71.67;   -999;   -999;-999;eor
       3639;20200218;    3;  20.6;   8.0;    3;   6.1;   4;-999;   0;   6.2;   7.3; 1008.50;    6.1;   77.58;   -999;   -999;-999;eor
       3639;20200219;    3;  19.5;   7.7;    3;   3.3;   4;-999;   0;   6.2;   7.2; 1007.68;    5.2;   82.13;   -999;   -999;-999;eor
       3639;20200220;    3;  20.1;   6.7;    3;   4.6;   4;-999;   0;   7.8;   8.2; 1005.29;    6.2;   86.08;   -999;   -999;-999;eor
       3639;20200221;    3;  18.5;   8.5;    3;   3.8;   4;-999;   0;   6.3;   7.5; 1012.20;    6.1;   78.63;   -999;   -999;-999;eor
       3639;20200222;    3;  21.6;  10.3;    3;   8.3;   4;-999;   0;   8.0;   8.1; 1006.43;    7.5;   78.08;   -999;   -999;-999;eor
       3639;20200223;    3;  24.0;   8.3;    3;  13.3;   4;-999;   0;   7.0;   7.4; 1004.62;    5.5;   82.29;   -999;   -999;-999;eor
       3639;20200224;    3;  16.5;   6.0;    3;  16.8;   4;-999;   0;   7.3;   7.7; 1005.40;    4.8;   88.54;   -999;   -999;-999;eor
       3639;20200225;    3;  24.2;  10.1;    3;   2.9;   4;-999;   0;   5.4;   6.9;  988.84;    5.2;   78.75;   -999;   -999;-999;eor
       3639;20200226;    3;  13.9;   4.0;    3;   3.1;   4;-999;   0;   4.9;   6.5;  990.53;    3.0;   85.46;   -999;   -999;-999;eor
       3639;20200227;    3;  10.3;   3.7;    3;   1.9;   4;-999;   0;   7.1;   6.4;  995.98;    2.5;   87.79;   -999;   -999;-999;eor
       3639;20200228;    3;  15.4;   6.2;    3;  12.7;   4;-999;   0;   5.7;   6.4; 1004.55;    4.5;   76.33;   -999;   -999;-999;eor
       3639;20200229;    3;  21.1;   6.9;    3;   3.8;   4;-999;   0;   6.7;   8.3;  985.84;    7.2;   81.17;   -999;   -999;-999;eor
       3639;20200301;    1;  17.5;-999;    3;   0.6;   4;-999;   0;   4.9;   6.5;  985.80;    5.8;   70.29;   -999;   -999;-999;eor
       3639;20200302;    1;   8.5;-999;    3;   4.3;   4;-999;   0;   6.0;   6.9;  987.25;    5.6;   75.75;   -999;   -999;-999;eor
       3639;20200303;    1;  10.8;-999;    3;   0.0;   0;-999;   0;   4.8;   7.2;  995.58;    5.0;   83.29;   -999;   -999;-999;eor
       3639;20200304;    1;   9.3;-999;    3;   0.0;   4;-999;   0;   5.9;   7.1; 1003.65;    3.8;   89.29;   -999;   -999;-999;eor
       3639;20200305;    1;  10.3;-999;    3;   1.2;   4;-999;   0;   5.4;   6.6;  996.35;    3.8;   83.13;   -999;   -999;-999;eor
       3639;20200306;    1;  13.9;-999;    3;   7.6;   4;-999;   0;   7.9;   7.3;  992.61;    4.7;   85.42;   -999;   -999;-999;eor
       3639;20200307;    1;  10.3;-999;    3;   0.0;   0;-999;   0;   5.3;   6.7; 1009.39;    5.5;   74.38;   -999;   -999;-999;eor
       3639;20200308;    1;  15.4;-999;    3;   1.1;   4;-999;   0;   7.5;   8.5; 1005.17;    8.2;   77.88;   -999;   -999;-999;eor
       3639;20200309;    1;  10.3;-999;    3;   5.1;   4;-999;   0;   6.6;   8.6; 1004.69;    7.0;   85.71;   -999;   -999;-999;eor
       3639;20200310;    1;  21.1;-999;    3;   8.3;   4;-999;   0;   7.7;   9.7;  995.33;    7.9;   89.33;   -999;   -999;-999;eor
       3639;20200311;    1;  18.0;-999;    3;   0.5;   4;-999;   0;   3.6;   8.4; 1001.88;    8.5;   75.38;   -999;   -999;-999;eor
       3639;20200312;    1;  27.8;-999;    3;   0.3;   4;-999;   0;   4.8;   7.1;  998.35;    7.3;   69.04;   -999;   -999;-999;eor
       3639;20200313;    1;  23.2;-999;    3;   2.8;   4;-999;   0;   5.3;   6.6; 1006.15;    5.1;   74.63;   -999;   -999;-999;eor
       3639;20200314;    1;  10.8;-999;    3;   0.0;   0;-999;   0;   3.2;   5.3; 1017.22;    3.9;   66.42;   -999;   -999;-999;eor
       3639;20200315;    1;  15.4;-999;    3;   0.0;   0;-999;   0;   6.9;   7.7; 1008.91;    9.1;   64.92;   -999;   -999;-999;eor
       3639;20200316;    1;  10.8;-999;    3;   0.0;   0;-999;   0;   4.6;   8.1; 1014.46;    7.4;   79.25;   -999;   -999;-999;eor
       3639;20200317;    1;-999;-999;    3;   0.0;   4;-999;   0;   6.2;   7.7; 1021.87;    7.4;   75.83;   -999;   -999;-999;eor
       3639;20200318;    1;  11.8;-999;    3;   2.0;   4;-999;   0;   7.5;   8.6; 1019.14;    8.3;   77.92;   -999;   -999;-999;eor
       3639;20200319;    1;   8.2;-999;    3;   0.0;   0;-999;   0;   7.1;   7.9; 1022.37;    6.6;   81.88;   -999;   -999;-999;eor
       3639;20200320;    1;  10.3;-999;    3;   0.0;   0;-999;   0;   5.1;   6.8; 1024.96;    5.9;   73.50;   -999;   -999;-999;eor
       3639;20200321;    1;  14.4;-999;    3;   0.0;   0;-999;   0;   1.2;   4.4; 1029.59;    2.9;   59.67;   -999;   -999;-999;eor
       3639;20200322;    1;  12.0;-999;    3;   0.0;   0;-999;   0;   0.5;   3.8; 1032.60;    2.0;   55.92;   -999;   -999;-999;eor
       3639;20200323;    1;  12.3;-999;    3;   0.0;   0;-999;   0;   0.5;   2.8; 1033.07;    2.2;   41.96;   -999;   -999;-999;eor
       3639;20200324;    1;  10.8;-999;    3;   0.0;   0;-999;   0;   5.5;   2.8; 1029.88;    4.0;   36.08;   -999;   -999;-999;eor
       3639;20200325;    1;   8.7;-999;    3;   0.0;   0;-999;   0;   4.1;   2.9; 1026.80;    5.1;   34.08;   -999;   -999;-999;eor
       3639;20200326;    1;  11.8;-999;    3;   0.0;   0;-999;   0;   1.7;   3.5; 1023.87;    4.4;   44.71;   -999;   -999;-999;eor
       3639;20200327;    1;  11.3;-999;    3;   0.0;   0;-999;   0;   0.1;   5.5; 1021.41;    6.3;   60.42;   -999;   -999;-999;eor
       3639;20200328;    1;  16.0;-999;    3;   0.0;   4;-999;   0;   1.4;   6.4; 1020.03;    5.5;   70.88;   -999;   -999;-999;eor
       3639;20200329;    1;  20.1;-999;    1;   0.2;   4;-999;   0;   4.7;   3.9; 1026.12;    3.3;   50.83;   -999;   -999;-999;eor
       3639;20200330;    1;  14.4;-999;    1;   1.6;   4;-999;   0;   4.7;   5.8; 1024.10;    3.7;   71.67;   -999;   -999;-999;eor
       3639;20200331;    1;   8.5;-999;    1;   0.1;   4;-999;   0;   1.0;   4.2; 1026.49;    2.2;   59.25;   -999;   -999;-999;eor
       3639;20200401;    1;  13.4;-999;    1;   0.0;   4;-999;   0;   7.0;   7.2; 1015.43;    5.6;   78.54;   -999;   -999;-999;eor
       3639;20200402;    1;  19.0;-999;    1;   0.9;   4;-999;   0;   7.3;   7.4; 1005.22;    6.9;   74.96;   -999;   -999;-999;eor
       3639;20200403;    1;  17.0;-999;    1;   1.0;   4;-999;   0;   3.7;   5.7; 1009.41;    5.5;   64.75;   -999;   -999;-999;eor
       3639;20200404;    1;  10.3;-999;    1;   0.0;   0;-999;   0;   5.3;   6.3; 1020.01;    7.2;   63.58;   -999;   -999;-999;eor
       3639;20200405;    1;  12.3;-999;    1;   0.0;   0;-999;   0;   1.0;   5.6; 1020.72;   10.8;   45.17;   -999;   -999;-999;eor
       3639;20200406;    1;   9.3;-999;    1;   0.0;   0;-999;   0;   0.3;   6.9; 1016.15;   13.6;   47.54;   -999;   -999;-999;eor
       3639;20200407;    1;   8.7;-999;    1;   0.0;   0;-999;   0;   6.3;   8.3; 1027.35;   10.1;   69.71;   -999;   -999;-999;eor
       3639;20200408;    1;   7.7;-999;    1;   0.0;   0;-999;   0;   5.7;   8.2; 1022.11;   11.4;   60.88;   -999;   -999;-999;eor
       3639;20200409;    1;   9.3;-999;    1;   0.0;   0;-999;   0;   5.0;   8.1; 1022.18;    8.5;   73.79;   -999;   -999;-999;eor
       3639;20200410;    1;   9.8;-999;    1;   0.0;   0;-999;   0;   7.0;   6.7; 1024.57;    5.7;   74.08;   -999;   -999;-999;eor
       3639;20200411;    1;   6.7;-999;    1;   0.0;   0;-999;   0;   6.0;   7.1; 1021.22;    9.1;   64.63;   -999;   -999;-999;eor
       3639;20200412;    1;   8.7;-999;    1;   0.0;   4;-999;   0;   3.3;   7.4; 1010.98;   11.4;   55.33;   -999;   -999;-999;eor
       3639;20200413;    1;  19.0;-999;    1;   0.5;   4;-999;   0;   3.7;   5.1; 1015.50;    6.2;   53.79;   -999;   -999;-999;eor
       3639;20200414;    1;  13.4;-999;    1;   0.2;   4;-999;   0;   6.7;   5.9; 1020.14;    5.9;   64.50;   -999;   -999;-999;eor
       3639;20200415;    1;  13.4;-999;    1;   0.0;   0;-999;   0;   3.3;   7.4; 1018.29;    8.5;   67.46;   -999;   -999;-999;eor
       3639;20200416;    1;   8.2;-999;    1;   0.0;   0;-999;   0;   6.7;   8.1; 1014.82;    8.4;   74.21;   -999;   -999;-999;eor
       3639;20200417;    1;  10.8;-999;    1;   0.0;   0;-999;   0;   2.3;   7.0; 1015.63;    7.4;   69.42;   -999;   -999;-999;eor
       3639;20200418;    1;  11.3;-999;    1;   0.0;   0;-999;   0;   1.0;   5.7; 1015.50;    9.4;   51.67;   -999;   -999;-999;eor
       3639;20200419;    1;  14.4;-999;    1;   0.0;   0;-999;   0;   0.0;  -999;    -999;    8.3;-999;   -999;   -999;-999;eor
       3639;20200420;    1;  16.5;-999;    1;   0.0;   0;-999;   0;   0.7;   5.3; 1022.62;    9.4;   48.42;   -999;   -999;-999;eor
       3639;20200421;    1;  17.5;-999;    1;   0.0;   0;-999;   0;   0.0;   6.2; 1022.34;   10.4;   50.63;   -999;   -999;-999;eor
       3639;20200422;    1;  12.9;-999;    1;   0.0;   0;-999;   0;   0.0;   6.8; 1022.62;   11.2;   53.61;   -999;   -999;-999;eor
       3639;20200423;    1;   8.7;-999;    1;   0.0;   0;-999;   0;   2.3;   7.3; 1017.68;   13.1;   53.13;   -999;   -999;-999;eor
       3639;20200424;    1;  14.1;-999;    1;   0.0;   0;-999;   0;   5.3;   8.2; 1008.34;   10.1;   66.88;   -999;   -999;-999;eor
       3639;20200425;    1;  11.8;-999;    1;   0.0;   0;-999;   0;   3.0;   8.6; 1009.01;    9.6;   72.17;   -999;   -999;-999;eor
       3639;20200426;    1;   8.7;-999;    1;   0.0;   0;-999;   0;   4.7;   6.8; 1008.23;    7.5;   66.50;   -999;   -999;-999;eor
       3639;20200427;    1;   9.3;-999;    1;   0.0;   0;-999;   0;   5.0;   7.9; 1003.63;   11.3;   60.58;   -999;   -999;-999;eor
       3639;20200428;    1;   8.5;-999;    1;   6.3;   4;-999;   0;   7.0;   8.7; 1002.00;    9.1;   76.29;   -999;   -999;-999;eor
       3639;20200429;    1;   7.2;-999;    1;   6.3;   4;-999;   0;   7.7;  10.2; 1000.02;    8.8;   90.17;   -999;   -999;-999;eor
       3639;20200430;    1;  14.9;-999;    1;   0.1;   4;-999;   0;   6.7;  10.1;  995.78;   10.6;   79.04;   -999;   -999;-999;eor
       3639;20200501;-999;-999;-999;    1;  14.2;   4;-999;   0;   6.3;   9.4;  994.52;    9.5;   79.46;   -999;   -999;-999;eor
       3639;20200502;-999;-999;-999;    1;   0.6;   4;-999;   0;   6.7;   9.6; 1001.18;    9.5;   81.17;   -999;   -999;-999;eor
       3639;20200503;-999;-999;-999;    1;   0.4;   4;-999;   0;   5.7;   9.2; 1012.13;    9.7;   77.71;   -999;   -999;-999;eor
       3639;20200504;-999;-999;-999;    1;   0.0;   0;-999;   0;   3.3;   7.4; 1015.75;    8.5;   67.88;   -999;   -999;-999;eor
       3639;20200505;-999;-999;-999;    1;   0.0;   0;-999;   0;   2.0;   6.7; 1018.31;    8.8;   60.71;   -999;   -999;-999;eor
       3639;20200506;-999;-999;-999;    1;   0.0;   0;-999;   0;   2.7;   7.7; 1021.40;    8.3;   70.46;   -999;   -999;-999;eor
       3639;20200507;-999;-999;-999;    1;   0.0;   0;-999;   0;   5.3;   8.6; 1019.42;    9.3;   73.88;   -999;   -999;-999;eor
       3639;20200508;-999;-999;-999;    1;   0.0;   0;-999;   0;   4.0;   7.6; 1014.86;   11.1;   60.42;   -999;   -999;-999;eor
       3639;20200509;-999;-999;-999;    1;   0.0;   0;-999;   0;   1.7;   9.5; 1010.69;   14.6;   58.08;   -999;   -999;-999;eor
       3639;20200510;-999;-999;-999;    1;   0.0;   0;-999;   0;   5.3;   9.7; 1004.18;   12.3;   67.50;   -999;   -999;-999;eor
       3639;20200511;-999;-999;-999;    1;   0.4;   4;-999;   0;   3.3;   5.5; 1009.16;    7.9;   52.58;   -999;   -999;-999;eor
       3639;20200512;-999;-999;-999;    1;   3.5;   4;-999;   0;   5.6;   7.0; 1011.17;    7.4;   68.71;   -999;   -999;-999;eor
       3639;20200513;-999;-999;-999;    1;   0.8;   4;-999;   0;   6.0;   7.2; 1009.16;    7.4;   70.75;   -999;   -999;-999;eor
       3639;20200514;-999;-999;-999;    1;   0.0;   4;-999;   0;   2.3;   6.0; 1016.18;    7.0;   60.92;   -999;   -999;-999;eor
       3639;20200515;-999;-999;-999;    1;   0.0;   4;-999;   0;   5.7;   8.0; 1016.29;    8.3;   72.50;   -999;   -999;-999;eor
       3639;20200516;-999;-999;-999;    1;   0.0;   0;-999;   0;   5.3;   9.0; 1016.24;   10.4;   72.04;   -999;   -999;-999;eor
       3639;20200517;-999;-999;-999;    1;   0.0;   0;-999;   0;   4.0;   9.4; 1017.19;   11.8;   68.96;   -999;   -999;-999;eor
       3639;20200518;-999;-999;-999;    1;   0.1;   4;-999;   0;   7.3;  10.9; 1016.35;   12.8;   73.83;   -999;   -999;-999;eor
       3639;20200519;-999;-999;-999;    1;   0.0;   4;-999;   0;   4.7;  11.9; 1017.09;   12.8;   80.75;   -999;   -999;-999;eor
       3639;20200520;-999;-999;-999;    1;   0.0;   0;-999;   0;   5.3;  10.8; 1019.67;   13.4;   72.33;   -999;   -999;-999;eor
       3639;20200521;-999;-999;-999;    1;   0.0;   0;-999;   0;   2.0;  11.2; 1018.84;   16.0;   64.83;   -999;   -999;-999;eor
       3639;20200522;-999;-999;-999;    1;   6.1;   4;-999;   0;   7.0;  12.9; 1013.62;   15.2;   75.04;   -999;   -999;-999;eor
       3639;20200523;-999;-999;-999;    1;   0.9;   4;-999;   0;   5.3;  10.8; 1014.90;   13.4;   70.71;   -999;   -999;-999;eor
       3639;20200524;-999;-999;-999;    1;   0.0;   4;-999;   0;   5.0;  11.2; 1019.26;   12.7;   75.88;   -999;   -999;-999;eor
       3639;20200525;-999;-999;-999;    1;   0.0;   4;-999;   0;   7.3;   9.8; 1027.40;   10.8;   75.92;   -999;   -999;-999;eor
       3639;20200526;-999;-999;-999;    1;   0.0;   0;-999;   0;   5.0;  10.3; 1031.74;   12.0;   74.71;   -999;   -999;-999;eor
       3639;20200527;-999;-999;-999;    1;   0.0;   0;-999;   0;   5.7;  10.8; 1030.08;   12.4;   75.25;   -999;   -999;-999;eor
       3639;20200528;-999;-999;-999;    1;   0.0;   0;-999;   0;   4.0;   9.4; 1029.76;   11.9;   68.29;   -999;   -999;-999;eor
       3639;20200529;-999;-999;-999;    1;   0.0;   0;-999;   0;   1.0;   9.4; 1026.08;   13.4;   63.33;   -999;   -999;-999;eor
       3639;20200530;-999;-999;-999;    1;   0.0;   0;-999;   0;   2.7;   9.6; 1022.66;   15.5;   56.75;   -999;   -999;-999;eor
       3639;20200531;-999;-999;-999;    1;   0.0;   0;-999;   0;   6.7;   9.0; 1022.12;   15.6;   52.75;   -999;   -999;-999;eor
       3639;20200601;-999;-999;-999;    1;   0.0;   0;-999;   0;   3.0;   9.1; 1021.42;   16.9;   50.13;   -999;   -999;-999;eor
       3639;20200602;-999;-999;-999;    1;   0.0;   0;-999;   0;   6.3;  10.4; 1014.03;   18.6;   50.46;   -999;   -999;-999;eor
       3639;20200603;-999;-999;-999;    1;  11.1;   4;-999;   0;   6.3;  12.6; 1000.78;   18.2;   62.71;   -999;   -999;-999;eor
       3639;20200604;-999;-999;-999;    1;   7.3;   4;-999;   0;   7.7;  13.5;  990.61;   13.9;   85.54;   -999;   -999;-999;eor
       3639;20200605;-999;-999;-999;    1;   7.7;   4;-999;   0;   5.7;   9.2;  987.70;   11.3;   70.08;   -999;   -999;-999;eor
       3639;20200606;-999;-999;-999;    1;   0.8;   4;-999;   0;   4.7;   9.2;  993.63;   11.2;   70.13;   -999;   -999;-999;eor
       3639;20200607;-999;-999;-999;    1;   3.2;   4;-999;   0;   5.0;   9.9; 1001.02;   12.0;   70.42;   -999;   -999;-999;eor
       3639;20200608;-999;-999;-999;    1;   0.0;   0;-999;   0;   2.7;  10.9; 1010.24;   12.5;   76.21;   -999;   -999;-999;eor
       3639;20200609;-999;-999;-999;    1;   0.2;   4;-999;   0;   4.1;   9.4; 1015.22;   12.3;   66.29;   -999;   -999;-999;eor
