STATIONS_ID;MESS_DATUM;QN_3;  FX;  FM;QN_4; RSK;RSKF; SDK;SHK_TAG;  NM; VPM;  PM; TMK; UPM; TXK; TNK; TGK;eor
       6197;20181208;   10;  15.9;   6.9;    3;  14.5;   6;    0.083;   0;   7.5;   8.0;  969.80;    6.0;   84.63;    8.3;    4.7;    3.6;eor
       6197;20181209;   10;  16.5;   5.8;    3;   2.5;   8;    0.000;   0;   7.4;   8.1;  967.18;    6.1;   86.21;    8.4;    4.1;    2.9;eor
       6197;20181210;   10;  12.8;   5.3;    3;   4.8;   8;    0.050;   0;   7.2;   6.6;  984.49;    3.1;   86.08;    4.3;    1.6;    0.5;eor
       6197;20181211;   10;  13.9;   5.1;    3;   1.5;   8;    0.800;   0;   7.2;   6.6;  988.80;    2.9;   88.29;    4.1;    1.0;    0.1;eor
       6197;20181212;   10;   5.9;   2.8;    3;   0.5;   8;    0.300;   0;   7.3;   6.5;  993.22;    2.0;   91.42;    3.4;    0.3;   -1.4;eor
       6197;20181213;   10;   7.6;   3.0;    3;   0.0;   8;    0.033;   0;   5.3;   5.5;  990.96;    0.1;   88.50;    1.0;   -2.0;   -3.2;eor
       6197;20181214;   10;   6.4;   2.9;    3;   0.0;   7;    0.900;   0;   6.7;   4.9;  992.19;   -0.8;   83.83;   -0.1;   -2.1;   -3.6;eor
       6197;20181215;   10;  12.9;   4.2;    3;   0.0;   7;    0.000;   0;   8.0;   4.1;  993.03;   -0.9;   71.88;   -0.5;   -2.0;   -2.8;eor
       6197;20181216;   10;  12.0;   4.1;    3;   0.4;   8;    0.000;   0;   7.9;   4.4;  981.90;   -2.0;   82.96;   -0.7;   -2.8;   -3.4;eor
       6197;20181217;   10;   9.8;   2.8;    3;   1.5;   6;    0.000;   0;   7.9;   6.6;  987.59;    1.6;   96.38;    4.1;   -1.0;   -1.2;eor
       6197;20181218;   10;  11.5;   4.1;    3;   0.0;   6;    0.567;   0;   7.9;   6.9;  991.10;    3.6;   87.50;    4.7;    2.1;    0.5;eor
       6197;20181219;   10;  13.1;   4.2;    3;   2.7;   6;    0.317;   0;   7.5;   6.6;  982.58;    3.1;   85.83;    4.7;    1.7;   -0.7;eor
       6197;20181220;   10;   9.3;   4.1;    3;   4.6;   6;    0.217;   0;   7.7;   8.2;  981.51;    5.1;   93.54;    6.6;    4.1;    3.5;eor
       6197;20181221;   10;  18.9;   6.7;    3;  16.7;   6;    0.000;   0;   7.7;   9.2;  973.30;    7.4;   89.25;   11.8;    5.0;    4.2;eor
       6197;20181222;   10;  14.0;   4.3;    3;  14.2;   6;    0.000;   0;   7.5;   8.9;  979.54;    6.7;   90.83;    7.8;    5.6;    4.7;eor
       6197;20181223;   10;   7.4;   2.6;    3;  17.0;   6;    0.000;   0;   7.4;   8.6;  985.76;    5.6;   93.96;    6.9;    3.2;    2.8;eor
       6197;20181224;   10;  12.8;   3.9;    3;   1.1;   8;    0.967;   0;   7.3;   6.5;  994.98;    2.2;   90.25;    4.4;    0.4;   -0.2;eor
       6197;20181225;   10;   7.3;   2.8;    3;   0.0;   6;    0.000;   0;   7.8;   6.6; 1001.08;    3.2;   86.25;    4.4;    2.0;    1.2;eor
       6197;20181226;   10;   7.9;   3.3;    3;   0.0;   6;    0.000;   0;   7.9;   6.7;  999.08;    1.9;   95.38;    3.5;    0.7;    0.0;eor
       6197;20181227;   10;   4.7;   2.1;    3;   0.0;   0;    4.300;   0;   8.0;   6.0;  995.03;    1.8;   86.00;    4.1;   -0.2;   -2.0;eor
       6197;20181228;   10;   7.2;   3.4;    3;   0.2;   6;    0.000;   0;   7.5;   5.7;  996.32;    1.2;   85.54;    1.8;   -0.5;   -2.6;eor
       6197;20181229;   10;  15.2;   5.2;    3;   9.0;   6;    0.000;   0;   7.7;   8.1;  995.48;    4.3;   96.71;    7.0;    1.8;    1.6;eor
       6197;20181230;   10;  16.2;   4.7;    3;   2.9;   6;    0.017;   0;   7.8;   8.3;  997.40;    5.7;   90.67;    6.5;    4.8;    4.1;eor
       6197;20181231;   10;   9.5;   2.7;    3;   0.8;   6;    0.000;   0;   7.8;   9.7;  999.70;    7.0;   97.21;    8.0;    5.4;    5.1;eor
       6197;20190101;   10;  16.5;   5.6;    3;   3.5;   8;    0.617;   0;   7.2;   7.8;  993.13;    5.1;   87.63;    7.2;    2.1;    1.2;eor
       6197;20190102;   10;  14.8;   5.8;    3;   0.2;   8;    5.900;   0;   3.3;   4.8;  999.22;    1.6;   69.71;    3.5;   -3.3;   -6.6;eor
       6197;20190103;   10;   5.8;   1.9;    3;   0.5;   8;    0.000;   0;   6.8;   5.4; 1004.28;   -0.6;   91.63;    1.8;   -3.4;   -5.0;eor
       6197;20190104;   10;  11.9;   4.5;    3;  12.6;   8;    0.000;   0;   7.7;   6.6; 1000.93;    1.3;   97.21;    4.2;   -1.3;   -2.1;eor
       6197;20190105;   10;  13.1;   5.4;    3;   7.1;   6;    0.000;   0;   7.6;   8.9;  993.88;    5.9;   95.92;    6.8;    4.2;    3.6;eor
       6197;20190106;   10;   9.1;   3.7;    3;   4.8;   6;    0.000;   0;   7.6;   8.8;  997.55;    5.7;   96.21;    6.4;    4.5;    4.0;eor
       6197;20190107;   10;  12.6;   4.4;    3;   5.4;   6;    0.000;   0;   7.7;   8.0;  995.83;    4.4;   95.17;    6.4;    3.3;    2.7;eor
       6197;20190108;   10;  18.7;   6.8;    3;   8.3;   8;    0.000;   0;   7.3;   7.4;  978.02;    4.4;   88.08;    6.8;    1.9;    0.8;eor
       6197;20190109;   10;  15.9;   7.0;    3;   1.9;   8;    0.000;   0;   7.6;   5.3;  982.88;    0.9;   81.83;    2.6;   -0.3;   -0.4;eor
       6197;20190110;   10;   9.8;   3.1;    3;   1.4;   8;    0.017;   1;   7.9;   5.0;  992.62;   -0.5;   85.38;    0.4;   -1.4;   -2.5;eor
       6197;20190111;   10;   9.5;   4.0;    3;   4.1;   6;    0.000;   1;   7.8;   7.0;  989.29;    2.1;   97.46;    5.6;   -0.5;   -0.5;eor
       6197;20190112;   10;  13.6;   4.4;    3;   8.0;   6;    0.000;   0;   7.5;   7.9;  983.24;    4.5;   93.38;    5.2;    3.7;    3.0;eor
       6197;20190113;   10;  18.5;   5.2;    3;  23.7;   6;    0.000;   0;   7.5;   8.7;  970.77;    6.0;   92.79;    7.6;    4.7;    3.9;eor
       6197;20190114;   10;  16.9;   5.6;    3;   0.2;   8;    0.383;   0;   7.0;   5.7;  977.82;    2.4;   78.46;    5.1;    0.4;   -0.8;eor
       6197;20190115;   10;  14.1;   5.0;    3;   0.1;   6;    0.000;   0;   7.5;   6.9;  983.72;    3.1;   89.79;    4.9;    0.5;   -0.9;eor
       6197;20190116;   10;  12.9;   5.7;    3;   1.1;   6;    0.000;   0;   7.7;   7.1;  976.91;    4.4;   84.88;    5.7;    2.8;    1.8;eor
       6197;20190117;   10;  11.1;   4.5;    3;   9.3;   8;    0.050;   0;   7.4;   6.5;  971.03;    2.3;   90.08;    4.7;   -0.1;   -0.5;eor
       6197;20190118;   10;   9.6;   3.3;    3;   0.0;   0;    6.583;   3;   5.1;   4.6;  986.29;   -2.0;   87.83;    0.3;   -6.4;   -9.4;eor
       6197;20190119;   10;   5.2;   1.5;    3;   0.0;   0;    6.867;   2;   7.1;   3.5;  986.63;   -4.5;   81.63;    0.1;   -7.9;  -13.4;eor
       6197;20190120;   10;   2.7;   0.9;    3;   0.0;   0;    7.533;   0;   0.0;   3.2;  986.51;   -6.1;   83.42;    0.1;  -10.7;  -14.7;eor
       6197;20190121;   10;   6.5;   2.9;    3;   0.0;   0;    7.583;   0;   1.3;   3.3;  989.50;   -5.9;   84.67;   -2.9;  -10.2;  -13.1;eor
       6197;20190122;   10;  11.4;   4.5;    3;   0.0;   0;    6.300;   0;   5.9;   3.4;  977.75;   -5.8;   84.50;   -4.0;   -7.9;  -10.8;eor
       6197;20190123;   10;   8.9;   3.1;    3;   0.0;   7;    0.000;   0;   6.6;   3.3;  970.52;   -6.2;   84.96;   -4.1;  -10.3;  -15.9;eor
       6197;20190124;   10;   5.0;   1.5;    3;   0.0;   7;    0.800;   0;   7.5;   3.3;  979.06;   -6.5;   86.42;   -5.0;   -9.4;  -12.8;eor
       6197;20190125;   10;  12.1;   3.4;    3;  16.4;   8;    0.133;   5;   7.9;   3.8;  981.55;   -4.5;   86.33;   -0.2;   -6.5;   -6.3;eor
       6197;20190126;   10;  11.8;   4.3;    3;  13.5;   6;    0.000;   4;   7.7;   7.5;  972.16;    3.2;   97.21;    4.7;   -0.2;   -0.1;eor
       6197;20190127;   10;  13.6;   6.1;    3;   5.2;   8;    0.267;   2;   7.6;   7.3;  957.15;    3.6;   92.38;    5.5;    2.0;    1.2;eor
       6197;20190128;   10;  11.9;   4.9;    3;   4.2;   8;    0.000;   1;   7.5;   6.2;  960.96;    1.0;   93.79;    2.2;   -0.3;   -1.6;eor
       6197;20190129;   10;   8.6;   3.1;    3;   0.1;   8;    0.650;   2;   7.7;   5.6;  972.39;   -0.2;   91.96;    1.6;   -2.1;   -4.9;eor
       6197;20190130;   10;   7.9;   3.6;    3;   0.0;   8;    0.000;   1;   7.7;   4.7;  964.04;   -1.2;   83.21;    0.0;   -3.3;   -5.6;eor
       6197;20190131;   10;   7.6;   3.2;    3;   0.0;   8;    3.250;   2;   5.5;   4.7;  966.02;   -0.6;   81.83;    1.8;   -3.9;   -9.8;eor
       6197;20190201;   10;   8.4;   2.9;    3;   0.1;   8;    3.383;   2;   6.7;   5.1;  961.28;   -0.1;   84.04;    3.6;   -1.8;   -4.7;eor
       6197;20190202;   10;   6.9;   2.9;    3;   0.5;   8;    0.000;   1;   7.9;   5.8;  967.20;   -0.2;   96.25;    0.6;   -0.7;   -1.0;eor
       6197;20190203;   10;  10.2;   3.5;    3;   0.0;   8;    0.367;   1;   6.4;   5.6;  985.57;    0.2;   89.83;    2.0;   -2.1;   -4.4;eor
       6197;20190204;   10;  12.6;   5.1;    3;   0.4;   8;    3.950;   0;   6.8;   5.2;  994.13;    1.0;   80.21;    2.3;   -2.6;   -5.5;eor
       6197;20190205;   10;   9.9;   3.2;    3;   0.0;   6;    0.000;   0;   7.8;   6.2;  994.81;    1.3;   91.50;    2.2;   -0.4;   -2.4;eor
       6197;20190206;   10;   9.2;   3.7;    3;   0.0;   6;    1.183;   0;   7.9;   5.6;  991.47;    2.5;   77.21;    5.2;   -0.5;   -2.0;eor
       6197;20190207;   10;  12.9;   5.6;    3;   0.3;   6;    0.733;   0;   6.9;   5.9;  980.07;    2.9;   78.88;    4.8;    1.3;   -1.2;eor
       6197;20190208;   10;  19.2;   7.6;    3;   1.6;   6;    0.017;   0;   7.7;   7.2;  979.60;    4.9;   82.38;    6.8;    2.8;    1.9;eor
       6197;20190209;   10;  21.5;   7.7;    3;   2.9;   6;    2.200;   0;   7.1;   7.3;  973.27;    6.5;   75.21;    9.4;    4.5;    2.8;eor
       6197;20190210;   10;  17.7;   7.0;    3;  21.7;   8;    0.000;   0;   7.3;   8.0;  965.05;    5.4;   88.04;    7.7;    1.0;    0.1;eor
       6197;20190211;   10;  17.5;   5.6;    3;   2.3;   8;    1.883;   0;   6.3;   6.3;  982.61;    3.4;   81.29;    5.6;    1.3;    0.5;eor
       6197;20190212;   10;  12.3;   4.0;    3;   0.3;   8;    0.300;   0;   7.6;   6.3;  999.45;    2.9;   83.46;    4.8;    1.2;   -0.5;eor
       6197;20190213;   10;  11.4;   4.1;    3;   0.0;   6;    0.467;   0;   7.8;   7.2; 1003.02;    4.4;   85.33;    7.4;    1.9;   -0.5;eor
       6197;20190214;   10;   5.7;   2.4;    3;   0.0;   0;    6.183;   0;   4.0;   6.1; 1004.10;    4.5;   74.63;   10.4;   -0.1;   -2.2;eor
       6197;20190215;   10;   7.5;   3.0;    3;   0.0;   0;    9.000;   0;   0.0;   5.9; 1001.12;    7.3;   58.00;   13.4;    1.1;   -2.1;eor
       6197;20190216;   10;   6.8;   2.7;    3;   0.0;   0;    9.033;   0;   3.9;   6.4;  995.01;    8.4;   58.04;   14.0;    1.8;   -2.2;eor
       6197;20190217;   10;   8.0;   2.9;    3;   0.0;   0;    8.983;   0;   8.0;   6.6;  991.76;    7.5;   64.54;   13.3;    0.5;   -2.8;eor
       6197;20190218;   10;  11.1;   3.3;    3;   0.0;   0;    9.167;   0;   2.1;   6.5;  987.44;    7.9;   61.33;   14.3;    3.1;   -1.1;eor
       6197;20190219;   10;  11.1;   3.8;    3;   0.0;   6;    0.883;   0;   7.4;   7.1;  986.21;    6.5;   73.29;    8.6;    3.6;   -0.8;eor
       6197;20190220;   10;   8.2;   2.5;    3;   0.0;   0;    1.317;   0;   7.9;   6.9;  991.16;    5.9;   74.83;    9.2;    3.7;    0.9;eor
       6197;20190221;   10;  10.7;   3.3;    3;   0.7;   6;    0.933;   0;   7.8;   8.6;  994.56;    7.7;   81.42;   10.3;    4.7;    2.2;eor
       6197;20190222;   10;   7.3;   3.1;    3;   0.0;   6;    0.000;   0;   7.9;   8.8; 1004.20;    6.1;   92.42;    8.1;    1.8;    0.4;eor
       6197;20190223;   10;   9.2;   3.3;    3;   0.0;   0;    9.200;   0;   6.6;   4.7; 1008.31;    3.0;   64.29;    8.2;   -1.3;   -3.0;eor
       6197;20190224;   10;   5.7;   2.1;    3;   0.0;   0;    9.517;   0;   2.1;   4.1; 1006.83;    6.3;   45.00;   14.6;   -0.7;   -2.8;eor
       6197;20190225;   10;   4.2;   1.3;    3;   0.0;   0;    9.550;   0;   4.6;   5.5; 1006.40;    7.4;   53.79;   17.7;    0.1;   -3.2;eor
       6197;20190226;   10;   3.9;   1.5;    3;   0.0;   0;    9.617;   0;  -999;   5.7; 1003.05;    7.6;   56.67;   16.6;    0.1;   -3.4;eor
       6197;20190227;   10;   4.8;   2.1;    3;   0.0;   0;    9.717;   0;   0.2;   5.6;  994.85;    9.0;   49.08;   17.4;    0.6;   -3.8;eor
       6197;20190228;   10;  10.0;   3.1;    3;   1.1;   6;    3.067;   0;   4.9;   8.4;  983.75;    8.2;   76.38;   11.7;    3.9;   -0.6;eor
       6197;20190301;   10;   9.1;   2.9;    3;   0.3;   6;    0.067;   0;   7.7;   8.7;  982.32;    5.9;   92.38;    8.9;    2.8;    2.4;eor
       6197;20190302;   10;  12.9;   3.0;    3;   0.5;   6;    0.300;   0;   7.7;   7.5;  983.32;    4.7;   87.33;    8.5;    2.0;    1.9;eor
       6197;20190303;   10;  14.2;   6.1;    3;   2.3;   6;    0.000;   0;   7.8;   9.6;  975.21;    9.1;   82.92;   10.5;    8.0;    6.7;eor
       6197;20190304;   10;  21.1;   7.6;    3;   5.8;   8;    1.117;   0;   7.4;   7.8;  963.26;    8.0;   71.79;   11.0;    4.7;    3.0;eor
       6197;20190305;   10;  15.3;   5.1;    3;   0.4;   6;    2.867;   0;   6.1;   6.7;  973.67;    4.6;   79.13;    7.2;    2.1;   -1.8;eor
       6197;20190306;   10;  16.2;   6.1;    3;   3.0;   6;    2.000;   0;   7.7;   7.8;  972.90;    7.3;   77.25;   11.9;    1.5;   -0.9;eor
       6197;20190307;   10;  23.5;   8.0;    3;   1.1;   6;    2.817;   0;   7.3;   8.0;  964.86;    9.3;   68.50;   12.0;    5.7;    3.9;eor
       6197;20190308;   10;  17.9;   5.4;    3;   8.9;   6;    1.867;   0;   7.0;   7.3;  977.08;    5.5;   81.13;    7.5;    2.7;    0.5;eor
       6197;20190309;   10;  21.9;   6.6;    3;   6.5;   8;    1.217;   0;   7.1;   7.7;  977.13;    6.6;   79.21;   12.0;    3.7;    1.2;eor
       6197;20190310;   10;  25.3;   5.0;    3;  15.2;   8;    0.050;   0;   7.7;   7.4;  973.98;    4.2;   88.88;    9.6;    0.0;   -0.1;eor
       6197;20190311;   10;  13.9;   4.7;    3;   6.4;   8;    0.000;   2;   7.2;   6.4;  982.49;    1.8;   91.46;    3.4;    0.2;   -0.3;eor
       6197;20190312;   10;  18.5;   6.8;    3;   0.5;   6;    1.250;   0;   7.7;   6.0;  982.18;    4.7;   72.58;    7.4;    0.9;   -0.4;eor
       6197;20190313;   10;  17.1;   7.2;    3;   4.0;   6;    0.000;   0;   7.6;   6.8;  971.46;    4.5;   80.50;    5.9;    2.9;    1.3;eor
       6197;20190314;   10;  17.8;   6.3;    3;   8.6;   6;    0.000;   0;   7.6;   7.7;  969.28;    5.0;   88.88;    7.2;    3.8;    2.6;eor
       6197;20190315;   10;  18.9;   5.0;    3;   6.0;   6;    0.000;   0;   7.5;   8.3;  971.62;    6.6;   84.46;   10.5;    5.0;    3.5;eor
       6197;20190316;   10;  16.6;   5.7;    3;   3.3;   6;    0.000;   0;   7.6;   8.1;  974.98;    7.2;   80.13;    9.5;    3.6;    3.0;eor
       6197;20190317;   10;  15.3;   5.8;    3;   3.2;   8;    1.517;   0;   6.6;   7.4;  971.00;    6.3;   77.42;    9.2;    1.8;    0.2;eor
       6197;20190318;   10;  14.0;   4.4;    3;   1.3;   8;    2.833;   0;   5.2;   6.3;  983.76;    3.2;   81.67;    7.0;    0.1;   -1.9;eor
       6197;20190319;   10;   8.7;   3.3;    3;   0.0;   0;    4.950;   0;   3.3;   5.7;  995.87;    2.9;   77.92;    7.9;   -0.6;   -3.3;eor
       6197;20190320;   10;   7.8;   3.0;    3;   0.0;   0;    6.267;   0;   4.7;   6.8; 1001.57;    5.5;   74.75;   11.3;   -0.6;   -3.7;eor
       6197;20190321;   10;   6.5;   1.8;    3;   0.0;   0;    9.900;   0;   4.0;   9.0; 1002.49;    9.4;   76.75;   15.4;    4.5;    1.1;eor
       6197;20190322;   10;   6.6;   1.9;    3;   0.0;   0;    9.900;   0;   4.5;   9.5;  998.87;   10.7;   76.50;   18.5;    2.7;    0.1;eor
       6197;20190323;   10;   6.8;   2.6;    3;   0.2;   6;    1.683;   0;   7.3;   8.8;  997.38;    7.2;   86.79;   11.6;    4.8;    0.7;eor
       6197;20190324;   10;   9.3;   2.8;    3;   0.6;   8;    8.067;   0;   5.0;   6.5;  994.41;    5.7;   72.67;   10.6;    0.7;   -1.5;eor
       6197;20190325;   10;  14.1;   4.5;    3;   4.4;   8;    1.567;   0;   7.0;   6.8;  988.24;    4.0;   83.13;    7.5;    2.2;   -0.3;eor
       6197;20190326;   10;   8.7;   3.8;    3;   1.7;   6;    0.367;   0;   7.8;   7.4;  997.06;    4.4;   87.54;    5.5;    3.0;    0.8;eor
       6197;20190327;   10;   7.2;   2.4;    3;   0.0;   6;    1.067;   0;   7.7;   7.7; 1000.57;    6.0;   82.75;    9.5;    2.6;    0.7;eor
       6197;20190328;   10;   6.4;   2.0;    3;   0.0;   6;    0.833;   0;   7.5;   8.6; 1003.02;    7.8;   81.96;   11.3;    3.0;    0.5;eor
       6197;20190329;   10;   6.0;   1.5;    3;   0.0;   0;   11.633;   0;   1.0;   8.5;  999.55;    9.2;   74.04;   16.5;    1.6;   -1.2;eor
       6197;20190330;   10;   9.9;   2.5;    3;   0.0;   0;   10.750;   0;   0.5;   8.2;  991.25;   10.7;   66.21;   17.6;    1.7;   -1.4;eor
       6197;20190331;   10;   7.3;   3.1;    3;   0.0;   0;    2.967;   0;   4.4;   7.2;  992.71;    6.1;   76.38;   10.3;    0.2;   -2.6;eor
       6197;20190401;   10;   9.6;   3.4;    3;   0.0;   0;   11.850;   0;   0.0;   4.8;  991.47;    5.7;   55.29;   12.1;   -2.1;   -6.9;eor
       6197;20190402;   10;  13.4;   3.9;    3;   0.8;   6;    5.783;   0;   5.0;   7.7;  978.11;    9.4;   64.21;   15.9;    1.2;   -3.5;eor
       6197;20190403;   10;  11.0;   3.0;    3;  12.9;   6;    0.667;   0;   7.7;   9.2;  971.67;    8.4;   84.33;   12.0;    4.8;    3.8;eor
       6197;20190404;   10;   6.5;   2.3;    3;   0.1;   6;    0.000;   0;   7.9;   8.3;  969.82;    4.9;   95.96;    6.7;    2.6;    0.9;eor
       6197;20190405;   10;   5.6;   2.3;    3;   0.0;   6;    0.000;   0;   8.0;   8.9;  975.05;    5.6;   98.25;    6.7;    4.5;    4.6;eor
       6197;20190406;   10;   9.9;   3.1;    3;   0.0;   0;    9.350;   0;   5.3;  10.2;  975.58;   11.3;   77.92;   17.9;    6.6;    5.0;eor
       6197;20190407;   10;   9.9;   3.2;    3;   0.0;   0;   11.150;   0;   0.8;   9.0;  976.35;   12.4;   64.13;   18.2;    5.5;    0.7;eor
       6197;20190408;   10;   7.5;   3.0;    3;   0.0;   0;   11.933;   0;   2.8;   8.0;  979.50;   11.9;   60.42;   18.2;    5.8;    0.2;eor
       6197;20190409;   10;   9.4;   4.4;    3;   0.0;   0;   11.250;   0;   4.3;   7.2;  982.45;    6.6;   74.17;   11.4;    2.6;    0.5;eor
       6197;20190410;   10;  10.3;   3.9;    3;   0.0;   0;   11.933;   0;   0.8;   5.2;  985.77;    4.0;   65.42;    9.0;   -1.6;   -4.2;eor
       6197;20190411;   10;   8.2;   3.2;    3;   0.0;   7;    3.117;   0;   5.9;   4.6;  991.90;    3.0;   62.46;    6.7;   -1.9;   -4.2;eor
       6197;20190412;   10;   9.3;   3.5;    3;   1.6;   8;    0.050;   0;   7.4;   5.1;  993.65;    1.9;   73.63;    3.8;   -0.3;   -0.9;eor
       6197;20190413;   10;  10.5;   3.5;    3;   0.6;   8;    1.050;   0;   7.3;   5.9;  992.13;    1.4;   87.08;    4.9;   -0.1;   -1.4;eor
       6197;20190414;   10;  10.1;   4.4;    3;   1.1;   6;    5.350;   0;   5.3;   6.4;  993.74;    2.3;   88.79;    5.9;   -2.1;   -3.5;eor
       6197;20190415;   10;  11.0;   3.8;    3;   0.0;   0;   12.567;   0;   1.6;   6.7;  993.98;    8.1;   65.75;   14.0;    1.8;    0.1;eor
       6197;20190416;   10;   8.9;   3.6;    3;   0.0;   0;   12.683;   0;   1.0;   6.0;  988.95;    9.8;   50.71;   15.8;    0.6;   -2.6;eor
       6197;20190417;   10;   9.4;   2.9;    3;   0.0;   0;   11.967;   0;   3.1;   6.1;  992.80;   11.8;   45.79;   18.3;    2.7;   -1.9;eor
       6197;20190418;   10;  12.6;   3.6;    3;   0.0;   0;   12.467;   0;   3.5;   7.2;  996.72;   13.4;   49.38;   19.5;    4.3;   -0.5;eor
       6197;20190419;   10;  11.5;   3.3;    3;   0.0;   0;   13.000;   0;   0.3;   7.5;  999.16;   14.7;   46.83;   21.2;    6.3;    0.7;eor
       6197;20190420;   10;   8.7;   3.0;    3;   0.0;   0;   13.050;   0;   1.1;   7.1;  998.45;   13.8;   47.25;   20.9;    6.2;    0.0;eor
       6197;20190421;   10;   8.8;   2.6;    3;   0.0;   0;   13.100;   0;   0.3;   7.0;  990.77;   14.3;   44.46;   21.2;    4.7;   -0.9;eor
       6197;20190422;   10;  13.0;   4.1;    3;   0.0;   0;   13.100;   0;   2.6;   7.3;  982.15;   14.1;   46.25;   20.6;    6.2;    1.3;eor
       6197;20190423;   10;  14.7;   5.8;    3;   0.2;   6;   12.450;   0;   3.9;   9.0;  972.83;   14.1;   55.42;   18.8;    6.5;    3.9;eor
       6197;20190424;   10;  16.3;   3.8;    3;   2.6;   6;   10.800;   0;   6.2;  11.7;  972.27;   16.7;   62.88;   24.0;    9.0;    7.7;eor
       6197;20190425;   10;  15.3;   3.9;    3;   0.0;   0;    9.167;   0;   5.7;   9.8;  978.26;   14.7;   61.29;   21.2;    5.3;    2.5;eor
       6197;20190426;   10;   8.8;   2.6;    3;   6.3;   6;    0.633;   0;   6.5;  10.8;  981.73;    9.8;   89.21;   12.4;    7.6;    4.0;eor
       6197;20190427;   10;  12.4;   3.7;    3;   4.9;   6;    4.017;   0;   5.2;   9.9;  982.00;    8.1;   91.79;   13.2;    5.1;    3.7;eor
       6197;20190428;   10;   7.1;   2.0;    3;   0.6;   6;    3.700;   0;   4.9;   8.6;  987.53;    7.1;   85.50;   11.4;    2.1;    0.4;eor
       6197;20190429;   10;   9.6;   3.3;    3;   1.2;   6;    1.500;   0;   7.5;   9.3;  991.35;    6.9;   92.96;   10.6;    1.5;    0.0;eor
       6197;20190430;   10;   9.2;   2.9;    3;   0.0;   0;   10.800;   0;   3.8;   9.4;  989.80;   10.2;   76.79;   15.6;    5.5;    1.8;eor
       6197;20190501;   10;   8.5;   2.7;    3;   0.0;   0;    9.367;-999;   4.5;  10.0;  984.98;   10.3;   80.88;   16.1;    5.1;    2.0;eor
       6197;20190502;   10;   9.3;   3.7;    3;   0.7;   6;    0.617;-999;   7.3;   9.6;  978.57;    8.4;   87.42;   13.9;    5.0;    2.4;eor
       6197;20190503;   10;   9.4;   3.7;    3;   1.7;   8;    3.233;-999;   7.4;   6.6;  979.30;    6.9;   67.42;    9.8;    3.9;    3.2;eor
       6197;20190504;   10;  12.4;   4.0;    3;   0.4;   8;    5.800;-999;   4.3;   6.3;  978.14;    4.1;   78.92;    9.1;   -0.5;   -3.8;eor
       6197;20190505;   10;   9.0;   2.6;    3;   0.0;   6;    2.883;-999;   4.8;   6.2;  986.64;    4.2;   76.21;    9.6;   -2.0;   -4.9;eor
       6197;20190506;   10;   9.9;   3.4;    3;   1.1;   6;    1.717;-999;   7.4;   6.8;  987.96;    5.4;   77.42;   10.2;   -0.3;   -2.9;eor
       6197;20190507;   10;   6.9;   2.0;    3;   0.0;   6;    4.267;-999;   6.1;   7.3;  986.24;    6.1;   78.04;   11.0;    1.3;   -0.8;eor
       6197;20190508;   10;  12.3;   3.7;    3;   9.4;   6;    0.967;-999;   7.7;   9.2;  973.15;    8.3;   83.17;   11.0;    2.0;   -1.1;eor
       6197;20190509;   10;  10.2;   3.5;    3;   0.4;   6;    5.233;-999;   7.1;  10.4;  969.08;   10.6;   82.29;   14.5;    7.8;    5.8;eor
       6197;20190510;   10;   9.0;   3.1;    3;   0.1;   6;    0.917;-999;   7.7;  10.1;  977.85;    9.9;   83.38;   13.1;    6.9;    5.5;eor
       6197;20190511;   10;  10.6;   3.9;    3;   1.5;   6;    0.700;-999;   7.2;   9.4;  983.80;    7.7;   89.25;   10.5;    4.7;    3.3;eor
       6197;20190512;   10;  10.2;   4.0;    3;   0.0;   6;    6.100;-999;   4.0;   7.0; 1000.04;    7.4;   69.08;   12.3;    0.8;   -2.2;eor
       6197;20190513;   10;  10.3;   3.3;    3;   0.0;   0;   14.133;-999;   0.7;   6.2; 1005.78;    7.2;   64.58;   13.7;   -1.1;   -3.9;eor
       6197;20190514;   10;  10.4;   3.5;    3;   0.0;   0;   11.350;-999;   1.8;   6.3; 1001.26;    7.7;   63.33;   13.7;    0.8;   -3.0;eor
       6197;20190515;   10;  12.5;   3.8;    3;   0.0;   6;    9.350;-999;   3.7;   5.9;  995.17;    8.3;   55.13;   14.1;    0.0;   -4.6;eor
       6197;20190516;   10;   9.2;   3.4;    3;   6.3;   6;    0.000;-999;   7.8;   8.4;  986.30;    7.3;   82.54;    8.9;    6.4;    5.7;eor
       6197;20190517;   10;   7.1;   2.5;    3;   0.0;   0;    0.433;-999;   7.0;  10.3;  978.86;   10.0;   84.58;   13.9;    6.4;    2.3;eor
       6197;20190518;   10;   6.5;   1.8;    3;   0.0;   0;   13.400;-999;   3.5;  10.9;  976.13;   14.0;   71.50;   21.2;    5.3;    1.2;eor
       6197;20190519;   10;   7.5;   2.4;    3;   0.0;   0;    9.217;-999;   6.2;  12.2;  974.57;   15.8;   70.79;   22.9;    8.1;    4.7;eor
       6197;20190520;   10;  11.2;   3.1;    3;  68.7;   8;    4.933;-999;   7.3;  14.5;  974.22;   14.7;   86.92;   20.4;    8.7;    6.6;eor
       6197;20190521;   10;  12.2;   5.0;    3;   1.2;   6;    0.000;-999;   7.5;  14.4;  978.28;   13.1;   95.58;   14.2;   11.9;   11.6;eor
       6197;20190522;   10;  10.3;   3.7;    3;   0.2;   6;    3.833;-999;   7.1;  11.4;  986.65;   11.3;   86.00;   15.4;    6.2;    4.2;eor
       6197;20190523;   10;   8.6;   1.9;    3;   0.0;   0;   10.983;-999;   7.8;  10.5;  987.62;   13.0;   72.33;   19.3;    4.9;    3.1;eor
       6197;20190524;   10;   8.2;   2.8;    3;   0.0;   6;   10.300;-999;   7.2;  11.2;  983.99;   15.6;   65.42;   21.9;    8.3;    6.7;eor
       6197;20190525;   10;   7.9;   2.6;    3;   0.0;   6;    4.083;-999;   6.1;  10.2;  985.85;   10.7;   80.00;   15.9;    6.1;    4.0;eor
       6197;20190526;   10;  12.1;   3.9;    3;   0.4;   6;    5.217;-999;   7.8;  11.6;  982.40;   14.4;   71.79;   18.8;    7.0;    4.7;eor
       6197;20190527;   10;  12.7;   3.6;    3;   0.3;   6;    3.233;-999;   7.2;  12.0;  977.85;   14.3;   74.63;   18.3;    8.5;    7.0;eor
       6197;20190528;   10;   8.0;   1.9;    3;  10.0;   6;    1.900;-999;   7.7;  11.0;  978.44;   11.0;   83.96;   16.1;    7.7;    6.4;eor
       6197;20190529;   10;   6.0;   1.9;    3;   0.0;   0;   12.117;-999;   1.8;   8.4;  990.41;   10.7;   67.67;   15.9;    3.5;    1.3;eor
       6197;20190530;   10;   9.6;   3.9;    3;   0.0;   6;    1.633;-999;   7.8;  12.3;  992.29;   13.6;   77.88;   16.8;    8.0;    6.4;eor
       6197;20190531;   10;   7.5;   2.7;    3;   0.0;   6;    4.267;-999;   7.0;  15.2;  993.13;   16.8;   80.04;   22.1;   11.4;    9.2;eor
       6197;20190601;   10;   8.4;   2.1;    3;   0.0;   0;   14.067;-999;   6.2;  14.2;  991.23;   17.7;   72.83;   25.8;   10.6;    8.6;eor
       6197;20190602;   10;  11.5;   3.5;    3;   0.0;   0;   15.083;-999;   4.2;  15.4;  985.51;   21.3;   62.79;   27.4;   12.0;    9.6;eor
       6197;20190603;   10;  11.4;   2.3;    3;  -999;   8;    5.600;-999;   5.7;  17.1;  983.27;   19.1;   78.38;   24.5;   13.3;   11.8;eor
       6197;20190604;   10;   7.6;   2.6;    3;   0.0;   6;    6.883;-999;   6.9;  17.9;  980.95;   19.2;   81.92;   24.9;   13.6;   12.1;eor
       6197;20190605;   10;  11.6;   2.6;    3;   0.1;   6;    5.200;-999;   6.6;  19.4;  976.86;   22.1;   72.50;   26.2;   16.3;   14.8;eor
       6197;20190606;   10;  14.2;   3.1;    3;   0.1;   6;    0.517;-999;   6.3;  13.6;  980.77;   15.0;   79.96;   22.4;    9.3;    7.8;eor
       6197;20190607;   10;  13.5;   3.5;    3;  -999;   8;   11.800;-999;   4.2;  13.4;  982.50;   14.9;   79.96;   21.8;    6.6;    4.3;eor
       6197;20190608;   10;  14.9;   5.6;    3;   0.1;   6;    4.283;-999;   5.5;  10.5;  987.63;   13.5;   68.58;   17.7;    8.8;    5.0;eor
       6197;20190609;   10;   6.7;   2.5;    3;   0.0;   0;   13.733;-999;   6.2;  11.5;  991.65;   15.6;   66.38;   21.4;    7.9;    4.3;eor
       6197;20190610;   10;   9.2;   2.7;    3;   5.7;   6;    5.533;-999;   7.0;  15.4;  982.24;   18.3;   73.21;   23.8;   13.0;   11.6;eor
       6197;20190611;   10;   7.4;   2.6;    3;   0.5;   6;    2.950;-999;   7.3;  15.7;  980.80;   16.1;   86.50;   20.3;   13.2;   11.8;eor
       6197;20190612;   10;   9.1;   2.3;    3;   6.5;   6;    2.417;-999;   5.5;  15.8;  979.59;   15.1;   91.38;   18.5;   10.3;    8.1;eor
       6197;20190613;   10;  14.9;   4.7;    3;   0.0;   0;   11.900;-999;   2.6;  12.0;  983.20;   16.2;   66.75;   21.3;    9.8;    6.8;eor
       6197;20190614;   10;  13.8;   3.3;    3;   0.0;   6;   10.200;-999;   4.8;  14.8;  984.67;   18.8;   68.54;   26.1;    8.8;    5.6;eor
       6197;20190615;   10;  11.5;   3.8;    3;   0.0;   0;    8.350;-999;   5.5;  16.4;  982.02;   18.3;   77.88;   21.8;   11.5;    9.3;eor
       6197;20190616;   10;   6.6;   2.0;    3;   0.3;   6;    6.067;-999;   5.4;  15.2;  989.54;   16.0;   84.21;   20.7;   11.1;    8.8;eor
       6197;20190617;   10;   7.7;   1.7;    3;   0.0;   0;   13.650;-999;   1.0;  14.7;  990.22;   18.4;   71.71;   24.2;    9.8;    7.7;eor
       6197;20190618;   10;   8.3;   2.1;    3;   0.0;   0;   12.300;-999;   3.5;  16.4;  984.72;   21.1;   67.00;   27.2;   12.8;   10.1;eor
       6197;20190619;   10;  13.4;   2.6;    3;   9.6;   8;   11.450;-999;   5.8;  18.4;  979.03;   21.1;   74.63;   28.1;   14.5;   13.7;eor
       6197;20190620;   10;  10.0;   3.0;    3;   0.3;   6;    5.050;-999;   5.7;  16.4;  981.40;   17.9;   81.17;   23.3;   14.0;   12.3;eor
       6197;20190621;   10;   8.7;   2.7;    3;   0.0;   0;   10.433;-999;   3.1;  13.1;  988.05;   16.5;   71.96;   21.5;   11.4;    8.6;eor
       6197;20190622;   10;   9.3;   3.8;    3;   0.0;   0;   11.833;-999;   2.1;  13.7;  990.84;   16.9;   72.17;   22.4;    9.3;    7.7;eor
       6197;20190623;   10;  10.0;   3.4;    3;   0.0;   0;   14.650;-999;   2.0;  14.1;  990.44;   20.2;   61.29;   25.9;   12.3;    9.3;eor
       6197;20190624;   10;   8.5;   3.0;    3;   0.0;   0;   14.783;-999;   1.7;  14.3;  991.20;   21.9;   55.50;   27.5;   14.0;   10.6;eor
       6197;20190625;   10;  10.0;   2.6;    3;   0.0;   0;   14.983;-999;   1.5;  17.7;  989.63;   24.0;   59.17;   30.4;   14.7;   11.9;eor
       6197;20190626;   10;   9.0;   3.7;    3;   0.0;   0;   14.867;-999;   0.1;  21.0;  992.39;   24.7;   67.88;   30.7;   14.2;   13.2;eor
       6197;20190627;   10;   8.1;   4.0;    3;   0.0;   0;   13.250;-999;   1.6;  13.0;  996.01;   16.3;   71.08;   22.0;   10.9;    9.3;eor
       6197;20190628;   10;   6.8;   2.2;    3;   0.0;   0;   12.000;-999;   2.8;  12.2;  994.57;   15.9;   69.00;   22.7;   10.7;    8.5;eor
       6197;20190629;   10;   6.9;   2.0;    3;   0.0;   0;   15.383;-999;   0.0;  13.2;  989.79;   20.5;   58.58;   29.0;    9.8;    5.9;eor
       6197;20190630;   10;  12.3;   3.6;    3;   0.0;   0;   14.833;-999;   1.8;  16.2;  983.82;   24.5;   53.13;   32.9;   13.1;   10.6;eor
       6197;20190701;   10;  12.9;   3.7;    3;   0.0;   6;    9.717;-999;   3.5;  13.1;  986.14;   18.7;   62.29;   24.3;   12.9;   10.0;eor
       6197;20190702;   10;   9.9;   3.5;    3;   0.0;   6;    5.167;-999;   3.3;  10.9;  991.08;   14.8;   66.67;   19.7;    7.7;    5.0;eor
       6197;20190703;   10;   9.5;   2.7;    3;   0.0;   0;    8.617;-999;   3.1;   9.8;  993.37;   13.3;   66.54;   18.7;    6.7;    3.3;eor
       6197;20190704;   10;   7.0;   1.8;    3;   0.0;   0;   13.383;-999;   2.5;  10.0;  992.37;   14.1;   64.58;   21.3;    4.3;    2.3;eor
       6197;20190705;   10;  13.2;   3.3;    3;   0.0;   0;    8.717;-999;   5.9;  12.4;  985.74;   17.7;   63.04;   23.3;   12.4;   10.5;eor
       6197;20190706;   10;  11.6;   3.5;    3;  12.5;   6;    6.083;-999;   5.6;  13.9;  980.52;   16.5;   76.00;   24.2;   10.7;    9.5;eor
       6197;20190707;   10;  10.4;   3.8;    3;   0.0;   6;    2.100;-999;   6.6;  10.7;  983.15;   12.8;   72.92;   17.3;    8.6;    6.2;eor
       6197;20190708;   10;   9.0;   3.0;    3;   2.0;   6;    0.833;-999;   6.4;  10.8;  987.00;   11.4;   79.75;   16.1;    5.7;    4.2;eor
       6197;20190709;   10;  10.2;   2.9;    3;   1.2;   6;    1.217;-999;   6.2;  11.3;  988.91;   11.8;   82.54;   15.6;    6.8;    4.5;eor
       6197;20190710;   10;   6.4;   1.9;    3;   0.6;   6;    2.883;-999;   6.8;  11.7;  988.60;   13.2;   79.21;   18.9;    6.9;    5.5;eor
       6197;20190711;   10;   9.2;   2.4;    3;   8.9;   6;    0.517;-999;   7.2;  15.1;  983.38;   14.7;   90.21;   18.3;   11.6;   11.1;eor
       6197;20190712;   10;   9.6;   2.5;    3;  27.5;   8;    3.350;-999;   5.8;  15.6;  981.05;   15.0;   91.88;   21.7;   10.9;   10.0;eor
       6197;20190713;   10;  11.0;   3.1;    3;   3.7;   6;    0.200;-999;   6.9;  15.4;  985.24;   14.4;   93.67;   16.5;   11.8;   10.6;eor
       6197;20190714;   10;   7.4;   2.3;    3;   0.3;   6;    0.217;-999;   7.7;  12.9;  988.05;   13.2;   85.25;   15.2;   11.4;   11.2;eor
       6197;20190715;   10;   6.3;   2.4;    3;   0.0;   6;    0.833;-999;   6.7;  12.1;  987.95;   12.5;   83.58;   14.6;    9.9;    8.3;eor
       6197;20190716;   10;   7.6;   2.5;    3;   0.0;   6;    0.000;-999;   7.0;  13.2;  987.22;   12.6;   89.75;   15.0;    8.2;    7.0;eor
       6197;20190717;   10;   5.0;   1.6;    3;   0.0;   6;    0.867;-999;   6.2;  13.9;  984.97;   14.6;   84.13;   19.5;   10.8;    9.2;eor
       6197;20190718;   10;   6.4;   1.7;    3;   0.1;   6;   10.467;-999;   5.5;  14.1;  981.93;   18.2;   70.58;   24.1;    9.9;    8.5;eor
       6197;20190719;   10;   6.3;   2.0;    3;   0.0;   6;    3.033;-999;   7.3;  15.9;  983.58;   18.6;   74.92;   23.2;   13.3;   11.0;eor
       6197;20190720;   10;  13.1;   3.2;    3;  13.7;   8;    9.083;-999;   4.9;  17.3;  982.70;   19.6;   78.46;   28.4;   12.7;   10.1;eor
       6197;20190721;   10;   9.7;   2.9;    3;   0.0;   0;    4.983;-999;   5.4;  16.4;  989.38;   18.0;   80.58;   23.4;   12.5;   10.8;eor
       6197;20190722;   10;   9.4;   2.4;    3;   0.0;   6;    6.483;-999;   4.8;  15.3;  992.60;   18.9;   72.38;   25.9;   11.7;    9.8;eor
       6197;20190723;   10;   5.2;   1.4;    3;   0.0;   0;   14.667;-999;   0.1;  17.2;  991.14;   22.9;   65.04;   30.6;   13.7;   11.8;eor
       6197;20190724;   10;   8.9;   1.8;    3;   0.0;   0;   14.567;-999;   0.6;  16.8;  986.65;   25.9;   53.63;   34.0;   16.4;   13.6;eor
       6197;20190725;   10;   6.7;   2.1;    3;   0.0;   0;   13.083;-999;   1.4;  16.8;  986.16;   28.2;   46.54;   35.8;   18.2;   15.8;eor
       6197;20190726;   10;   9.7;   3.3;    3;   0.0;   0;   14.317;-999;   0.7;  16.2;  981.75;   25.4;   51.21;   31.3;   18.2;   14.4;eor
       6197;20190727;   10;  10.9;   4.2;    3;   0.0;   0;   13.033;-999;   1.3;  14.6;  974.60;   23.1;   53.29;   28.6;   15.5;   13.9;eor
       6197;20190728;   10;   9.0;   2.8;    3;   1.5;   6;    7.500;-999;   4.8;  17.2;  972.85;   21.2;   69.04;   27.2;   14.3;   12.1;eor
       6197;20190729;   10;   8.4;   2.6;    3;   0.1;   6;    1.250;-999;   5.9;  18.2;  980.62;   19.0;   83.25;   23.9;   16.0;   14.0;eor
       6197;20190730;   10;  10.0;   1.8;    3;   2.6;   6;   11.317;-999;   2.6;  16.0;  981.98;   22.0;   64.17;   28.8;   14.0;   13.2;eor
       6197;20190731;   10;   9.5;   2.5;    3;   2.6;   8;    7.850;-999;   5.0;  15.3;  985.13;   18.6;   72.88;   23.9;   12.8;   10.7;eor
       6197;20190801;   10;   8.0;   2.1;    3;   0.0;   0;    6.100;-999;   5.1;  13.5;  986.59;   17.8;   68.21;   23.4;   12.0;   10.6;eor
       6197;20190802;   10;   8.8;   2.1;    3;  19.7;   8;    7.467;-999;   3.8;  15.0;  984.58;   17.5;   77.54;   24.7;   11.7;   10.7;eor
       6197;20190803;   10;   9.2;   2.4;    3;   0.0;   6;    4.867;-999;   5.3;  15.7;  985.74;   17.2;   81.67;   22.9;   12.5;   11.5;eor
       6197;20190804;   10;   6.8;   1.3;    3;   0.9;   6;    9.033;-999;   5.6;  14.4;  985.97;   18.3;   70.79;   24.1;   13.6;   12.0;eor
       6197;20190805;   10;  10.0;   2.6;    3;   0.5;   6;    4.467;-999;   6.4;  16.0;  981.00;   20.4;   67.54;   26.1;   14.8;   12.9;eor
       6197;20190806;   10;   9.8;   2.6;    3;   0.4;   6;    6.333;-999;   4.9;  15.2;  979.91;   19.2;   69.38;   24.3;   14.9;   13.3;eor
       6197;20190807;   10;   9.7;   3.1;    3;   0.0;   6;    5.783;-999;   5.1;  14.6;  977.52;   19.1;   67.54;   23.4;   14.7;   13.2;eor
       6197;20190808;   10;  15.3;   3.6;    3;   0.0;   0;   12.067;-999;   2.0;  13.2;  981.15;   17.8;   67.21;   23.9;   12.1;   11.2;eor
       6197;20190809;   10;  10.3;   3.0;    3;   0.9;   6;    1.667;-999;   5.9;  17.0;  980.18;   19.5;   76.21;   26.2;   11.8;    9.2;eor
       6197;20190810;   10;  15.3;   5.4;    3;   0.0;   0;    8.483;-999;   4.4;  15.2;  980.80;   20.9;   63.00;   25.0;   17.0;   13.8;eor
       6197;20190811;   10;   9.5;   2.5;    3;   0.0;   6;    6.867;-999;   3.7;  12.3;  984.48;   18.5;   58.67;   23.8;   11.4;    9.7;eor
       6197;20190812;   10;  10.4;   3.1;    3;   1.0;   6;    7.450;-999;   4.0;  13.0;  984.62;   16.4;   71.29;   23.2;   11.3;    8.7;eor
       6197;20190813;   10;  10.8;   3.4;    3;   1.3;   6;    3.300;-999;   4.8;  11.9;  986.21;   13.4;   79.13;   18.9;    8.5;    6.8;eor
       6197;20190814;   10;  10.4;   2.8;    3;   1.8;   6;   10.467;-999;   2.8;  10.4;  986.75;   14.6;   66.13;   21.2;    7.0;    6.1;eor
       6197;20190815;   10;  10.5;   3.9;    3;   6.4;   6;    0.533;-999;   6.8;  15.0;  981.29;   15.5;   85.63;   20.4;   12.5;   12.0;eor
       6197;20190816;   10;   9.2;   2.7;    3;   0.1;   6;    8.067;-999;   4.3;  13.5;  985.24;   16.7;   72.75;   21.6;   12.1;    9.3;eor
       6197;20190817;   10;  11.0;   4.7;    3;   0.2;   6;    1.200;-999;   7.0;  15.4;  979.28;   18.3;   73.42;   21.8;   14.8;   14.2;eor
       6197;20190818;   10;  14.4;   3.5;    3;   8.3;   8;    0.000;-999;   7.3;  17.7;  977.38;   16.9;   91.96;   19.7;   13.9;   12.8;eor
       6197;20190819;   10;  11.8;   3.4;    3;   0.0;   0;    8.200;-999;   3.7;  12.6;  985.72;   16.0;   70.75;   21.7;   11.0;    9.3;eor
       6197;20190820;   10;   7.6;   2.6;    3;   0.0;   6;    6.667;-999;   3.4;  11.8;  992.02;   15.3;   68.96;   19.5;    9.2;    7.7;eor
       6197;20190821;   10;   6.6;   1.9;    3;   0.0;   0;   11.533;-999;   2.0;  11.2;  997.27;   15.2;   68.38;   21.4;    8.4;    6.1;eor
       6197;20190822;   10;   9.3;   2.1;    3;   0.0;   0;   12.883;-999;   0.4;  10.9;  995.68;   17.8;   56.00;   25.4;    9.1;    5.7;eor
       6197;20190823;   10;   6.3;   1.6;    3;   0.0;   0;   12.667;-999;   0.9;  11.8;  995.00;   19.1;   57.25;   27.5;    9.4;    6.8;eor
       6197;20190824;   10;   7.8;   2.4;    3;   0.0;   0;   12.917;-999;   0.0;  13.2;  991.89;   20.9;   55.75;   28.2;   12.3;    7.5;eor
       6197;20190825;   10;   8.0;   1.9;    3;   0.1;   6;   11.083;-999;   0.8;  17.8;  989.46;   23.0;   64.21;   30.5;   15.5;   11.9;eor
       6197;20190826;   10;  10.4;   2.1;    3;   0.0;   0;   12.483;-999;   0.0;  17.5;  988.58;   24.4;   60.50;   32.0;   17.1;   13.8;eor
       6197;20190827;   10;  10.1;   2.1;    3;   0.0;   0;   10.250;-999;   2.5;  17.3;  986.38;   23.8;   61.17;   31.5;   15.6;   12.8;eor
       6197;20190828;   10;  11.3;   2.6;    3;   0.9;   6;    5.333;-999;   4.8;  17.9;  984.55;   23.0;   66.04;   31.3;   17.3;   15.1;eor
       6197;20190829;   10;   7.2;   2.1;    3;   4.3;   6;    6.633;-999;   3.9;  18.6;  988.43;   19.4;   83.13;   24.7;   15.6;   13.6;eor
       6197;20190830;   10;   4.4;   1.4;    3;   0.0;   0;    7.083;-999;   3.0;  16.9;  991.85;   19.0;   79.00;   25.5;   13.8;   12.0;eor
       6197;20190831;   10;  14.2;   2.9;    3;   0.0;   0;   11.950;-999;   0.6;  17.3;  984.16;   22.9;   65.54;   31.1;   12.9;   10.8;eor
       6197;20190901;   10;  12.1;   2.9;    3;   3.1;   6;    0.567;-999;   6.3;  15.9;  983.35;   16.2;   86.29;   21.8;    9.4;    8.1;eor
       6197;20190902;   10;   8.9;   2.9;    3;   0.0;   0;    9.267;-999;   1.4;  10.6;  991.45;   13.1;   72.54;   19.1;    8.3;    6.2;eor
       6197;20190903;   10;  10.6;   2.6;    3;   0.0;   6;    0.233;-999;   7.2;  11.9;  992.28;   14.1;   73.29;   18.5;    9.6;    8.3;eor
       6197;20190904;   10;  10.3;   3.2;    3;   1.0;   6;    4.767;-999;   6.0;  13.5;  985.53;   16.8;   72.58;   23.7;   12.6;   10.5;eor
       6197;20190905;   10;  12.9;   3.8;    3;   0.3;   6;    4.867;-999;   4.1;  11.8;  987.53;   12.8;   79.92;   19.1;    7.8;    6.1;eor
       6197;20190906;   10;   7.8;   2.8;    3;   0.0;   6;   10.150;-999;   2.8;   9.5;  991.92;   12.3;   69.79;   19.2;    4.9;    3.0;eor
       6197;20190907;   10;   6.6;   2.2;    3;   1.6;   6;    1.833;-999;   4.7;  11.5;  987.66;   12.0;   82.17;   15.1;    8.1;    5.8;eor
       6197;20190908;   10;   5.3;   2.0;    3;   0.4;   6;    3.533;-999;   6.4;  12.3;  987.25;   11.6;   89.79;   16.4;    6.3;    5.0;eor
       6197;20190909;   10;   9.2;   2.5;    3;   0.0;   6;    1.450;-999;   7.3;  11.6;  984.02;   12.5;   81.00;   17.4;    8.5;    6.1;eor
       6197;20190910;   10;   8.5;   2.4;    3;   0.0;   0;    7.833;-999;   1.6;   9.4;  986.95;   11.7;   71.29;   18.5;    5.6;    3.3;eor
       6197;20190911;   10;  13.2;   3.6;    3;   3.6;   6;    4.233;-999;   4.5;  11.0;  991.25;   13.2;   74.04;   22.0;    6.0;    2.6;eor
       6197;20190912;   10;  10.2;   2.8;    3;   0.0;   6;    3.283;-999;   5.7;  15.4;  996.17;   16.8;   81.21;   21.9;   13.0;   11.2;eor
       6197;20190913;   10;   8.4;   3.0;    3;   1.2;   6;    0.350;-999;   6.5;  14.6; 1000.15;   15.7;   80.96;   18.3;    7.0;    3.1;eor
       6197;20190914;   10;   5.5;   1.5;    3;   0.0;   0;   11.600;-999;   0.5;   9.4; 1001.49;   11.9;   70.88;   19.1;    4.7;    1.0;eor
       6197;20190915;   10;  11.0;   3.5;    3;   2.7;   6;   11.233;-999;   3.6;  10.6;  991.88;   16.0;   60.71;   22.5;    8.1;    5.5;eor
       6197;20190916;   10;   6.8;   2.0;    3;   5.7;   6;    0.000;-999;   7.4;  13.2;  989.24;   11.9;   94.54;   14.2;   10.2;    9.1;eor
       6197;20190917;   10;  13.6;   4.1;    3;   1.2;   6;    4.300;-999;   3.9;  10.5;  988.63;   10.9;   81.33;   14.9;    8.1;    6.2;eor
       6197;20190918;   10;  10.3;   3.3;    3;   0.0;   6;    6.200;-999;   4.2;   9.0;  994.33;   10.0;   75.13;   15.4;    4.4;    3.0;eor
       6197;20190919;   10;   8.5;   2.1;    3;   0.0;   0;    7.567;-999;   3.0;   8.3;  998.36;    8.5;   76.58;   15.0;    3.2;    2.2;eor
       6197;20190920;   10;   3.7;   1.1;    3;   0.0;   0;   10.283;-999;   0.8;   8.4;  997.57;    9.5;   73.79;   17.7;    2.3;    0.1;eor
       6197;20190921;   10;   7.3;   2.1;    3;   0.0;   0;   11.233;-999;   0.0;   9.2;  990.30;   13.4;   62.96;   21.9;    4.2;    0.8;eor
       6197;20190922;   10;   8.9;   2.2;    3;   0.0;   6;   11.150;-999;   2.4;  10.8;  981.35;   16.2;   60.96;   24.5;    7.3;    2.9;eor
       6197;20190923;   10;   9.2;   2.5;    3;   0.1;   6;    0.000;-999;   7.5;  14.4;  983.42;   14.8;   85.58;   16.9;   12.7;   10.1;eor
       6197;20190924;   10;   9.3;   3.0;    3;   2.9;   6;    2.867;-999;   6.0;  13.1;  981.14;   14.6;   80.42;   19.4;    8.8;    6.4;eor
       6197;20190925;   10;   8.4;   2.7;    3;   1.8;   6;    0.883;-999;   6.7;  14.1;  975.98;   13.7;   90.38;   17.8;   11.9;    9.7;eor
       6197;20190926;   10;  10.5;   3.8;    3;  12.0;   6;    1.067;-999;   7.6;  15.6;  979.22;   14.8;   92.54;   17.3;   12.9;   12.4;eor
       6197;20190927;   10;  11.9;   3.1;    3;   2.2;   6;    3.650;-999;   5.4;  14.0;  978.79;   14.4;   85.71;   18.0;   12.3;    8.4;eor
       6197;20190928;   10;  13.4;   4.9;    3;   7.4;   6;    1.767;-999;   7.1;  13.2;  980.27;   13.7;   84.58;   16.8;   12.2;   11.0;eor
       6197;20190929;   10;  14.5;   6.0;    3;  18.2;   6;    0.083;-999;   7.3;  13.7;  971.85;   14.0;   85.79;   15.6;   12.1;   11.0;eor
       6197;20190930;   10;  22.3;   5.7;    3;   0.8;   6;    4.233;-999;   5.3;  12.7;  975.05;   13.0;   85.25;   16.1;   10.7;    8.5;eor
       6197;20191001;   10;  13.9;   4.6;    3;  24.1;   6;    0.700;-999;   7.3;  13.8;  971.15;   13.6;   88.33;   17.3;   11.2;   10.1;eor
       6197;20191002;   10;  12.4;   4.2;    3;   1.8;   6;    6.233;   0;   5.5;   9.6;  976.91;    9.0;   84.21;   13.4;    6.1;    5.8;eor
       6197;20191003;   10;  11.1;   3.7;    3;   5.4;   6;    0.667;   0;   6.4;  10.7;  984.31;    9.0;   93.71;   12.8;    6.4;    5.6;eor
       6197;20191004;   10;  10.2;   3.6;    3;  18.6;   6;    0.000;   0;   6.4;  10.6;  975.98;    8.4;   96.08;   11.0;    7.4;    6.9;eor
       6197;20191005;   10;   9.3;   3.2;    3;   0.0;   0;    2.300;   0;   6.6;   9.2;  984.14;    7.6;   88.67;   12.0;    4.0;    0.8;eor
       6197;20191006;   10;   9.8;   3.7;    3;   0.1;   6;    0.017;   0;   7.1;   8.3;  986.03;    7.1;   82.88;    9.2;    3.2;    0.4;eor
       6197;20191007;   10;  10.7;   2.9;    3;   3.2;   6;    8.117;   0;   3.6;   8.6;  986.94;    7.7;   81.75;   12.5;    0.7;   -1.2;eor
       6197;20191008;   10;   9.8;   3.9;    3;   1.7;   6;    0.150;   0;   6.9;  12.4;  977.01;   11.4;   91.88;   13.5;    9.3;    8.9;eor
       6197;20191009;   10;  12.0;   4.7;    3;   8.4;   6;    1.083;   0;   6.8;  11.2;  976.10;   11.2;   84.17;   13.2;    8.0;    7.5;eor
       6197;20191010;   10;  11.6;   3.9;    3;   0.0;   6;    0.833;   0;   6.9;  10.4;  980.63;   10.0;   84.21;   12.5;    8.0;    7.7;eor
       6197;20191011;   10;  13.9;   5.8;    3;   0.6;   6;    0.283;   0;   7.0;  11.8;  981.89;   12.5;   81.13;   15.3;    9.9;    9.0;eor
       6197;20191012;   10;  13.4;   5.4;    3;   0.0;   6;    3.950;   0;   5.8;  13.3;  979.70;   15.5;   75.67;   17.8;   11.7;   10.6;eor
       6197;20191013;   10;  13.3;   4.9;    3;   1.1;   6;    2.867;   0;   5.5;  16.3;  980.37;   17.6;   81.00;   21.2;   13.3;   10.4;eor
       6197;20191014;   10;   7.8;   2.4;    3;   0.0;   0;    7.517;   0;   3.6;  15.2;  982.00;   17.1;   78.25;   21.9;   11.8;    8.9;eor
       6197;20191015;   10;  14.0;   2.5;    3;  43.6;   8;    6.850;   0;   4.9;  15.2;  976.42;   16.6;   80.42;   22.1;   12.4;    9.4;eor
       6197;20191016;   10;  10.4;   4.5;    3;   2.7;   6;    1.450;   0;   6.8;  12.7;  979.28;   12.1;   89.63;   14.8;   10.5;   10.0;eor
       6197;20191017;   10;  10.8;   5.0;    3;   3.9;   6;    0.333;   0;   7.3;  13.6;  980.34;   13.4;   88.08;   16.7;   11.9;   11.2;eor
       6197;20191018;   10;  20.0;   5.3;    3;   0.6;   6;    2.000;   0;   5.6;  11.8;  978.00;   12.1;   83.13;   16.6;    9.0;    7.7;eor
       6197;20191019;   10;  14.0;   4.5;    3;  15.2;   6;    1.533;   0;   6.2;  11.6;  976.95;   11.2;   86.08;   14.6;    8.0;    6.9;eor
       6197;20191020;   10;   4.3;   1.6;    3;   4.8;   6;    0.000;   0;   7.2;  13.8;  978.75;   11.9;   99.00;   13.0;   10.7;   10.6;eor
       6197;20191021;   10;   8.7;   2.5;    3;   0.1;   6;    2.833;   0;   6.8;  13.9;  986.26;   13.4;   90.17;   17.7;   10.0;    8.3;eor
       6197;20191022;   10;   6.5;   1.9;    3;   0.0;   0;    0.850;   0;   6.6;  10.8;  992.87;    9.9;   88.42;   11.7;    7.4;    5.7;eor
       6197;20191023;   10;   8.7;   2.7;    3;   0.0;   0;    6.300;   0;   5.5;  12.5;  986.43;   11.3;   93.04;   15.7;    7.6;    6.6;eor
       6197;20191024;   10;   9.5;   4.3;    3;   0.0;   0;    4.367;   0;   7.0;  13.8;  979.43;   13.6;   88.83;   16.7;   11.6;   11.3;eor
       6197;20191025;   10;  12.7;   4.9;    3;   0.0;   0;    5.167;   0;   5.5;  11.1;  987.32;   13.4;   72.38;   15.6;   11.3;    9.8;eor
       6197;20191026;   10;  13.6;   6.6;    3;   1.0;   6;    7.417;   0;   4.9;  12.4;  984.33;   13.5;   79.83;   16.4;   11.0;    9.9;eor
       6197;20191027;   10;  14.3;   3.6;    3;   0.5;   6;    0.083;   0;   6.3;  10.0;  987.11;    9.5;   83.38;   16.3;    4.5;    1.3;eor
       6197;20191028;   10;   6.5;   2.4;    3;   0.5;   6;    3.717;   0;   3.6;   8.6;  991.13;    5.9;   92.08;    9.7;    2.6;    1.4;eor
       6197;20191029;   10;   5.7;   1.5;    3;   0.0;   0;    5.433;   0;   3.7;   7.4;  993.99;    4.1;   90.83;    8.6;    0.5;   -2.2;eor
       6197;20191030;   10;   7.6;   2.3;    3;   0.0;   0;    6.983;   0;   1.2;   6.4;  997.18;    3.0;   86.04;    8.2;   -1.4;   -3.7;eor
       6197;20191031;   10;   8.3;   2.3;    3;   0.0;   0;    6.733;   0;   1.8;   5.4;  993.12;    1.8;   79.29;    7.6;   -2.9;   -6.1;eor
       6197;20191101;   10;  12.1;   4.8;    3;   5.4;   6;    0.000;   0;   6.3;   7.2;  978.30;    3.2;   91.17;    8.8;    0.0;   -1.5;eor
       6197;20191102;   10;  13.9;   5.8;    3;   2.6;   6;    0.367;   0;   7.7;  12.0;  961.70;   11.8;   87.29;   14.0;    8.8;    8.2;eor
       6197;20191103;   10;  10.6;   4.6;    3;   3.3;   6;    0.767;   0;   7.8;  11.3;  957.42;   10.9;   86.54;   13.5;    8.8;    8.1;eor
       6197;20191104;   10;  11.4;   3.3;    3;   1.7;   6;    0.533;   0;   7.5;  10.9;  959.47;    9.6;   91.29;   11.5;    7.1;    4.4;eor
       6197;20191105;   10;   7.2;   2.3;    3;   2.5;   6;    0.550;   0;   7.7;   9.9;  965.58;    7.6;   95.00;    8.6;    5.1;    3.1;eor
       6197;20191106;   10;   6.9;   2.0;    3;   4.9;   6;    0.050;   0;   7.5;   9.2;  970.36;    6.4;   95.88;    8.2;    2.1;    0.7;eor
       6197;20191107;   10;  12.6;   3.1;    3;   0.9;   6;    0.533;   0;   6.9;   8.8;  970.31;    6.4;   91.96;    9.9;    2.1;   -0.2;eor
       6197;20191108;   10;   4.5;   1.5;    3;   4.0;   6;    2.017;   0;   7.5;   8.0;  975.72;    5.1;   90.79;    7.9;    1.6;   -0.3;eor
       6197;20191109;   10;   6.2;   1.8;    3;   0.0;   6;    1.183;   0;   5.9;   7.8;  977.10;    4.6;   91.50;    7.2;    1.4;   -1.9;eor
       6197;20191110;   10;   6.1;   2.3;    3;   0.0;   0;    3.383;   0;   3.5;   6.7;  981.76;    2.2;   93.17;    5.4;   -0.8;   -3.4;eor
       6197;20191111;   10;  12.9;   5.9;    3;   0.0;   6;    0.017;   0;   8.0;   6.4;  977.44;    2.3;   88.25;    3.4;    1.4;    1.1;eor
       6197;20191112;   10;  14.4;   5.7;    3;   1.1;   6;    1.983;   0;   4.5;   6.8;  971.70;    3.7;   85.25;    6.4;    1.2;   -0.8;eor
       6197;20191113;   10;   9.6;   4.1;    3;   0.2;   6;    0.033;   0;   7.4;   6.8;  970.64;    2.9;   89.50;    4.3;    1.0;   -0.4;eor
       6197;20191114;   10;   9.6;   3.5;    3;   0.0;   0;    5.867;   0;   7.0;   6.7;  973.81;    4.2;   81.04;    8.0;    0.2;   -2.1;eor
       6197;20191115;   10;   8.0;   2.6;    3;   1.5;   6;    0.000;   0;   7.9;   7.1;  971.97;    3.5;   91.00;    5.9;    0.7;   -0.7;eor
       6197;20191116;   10;   9.9;   3.1;    3;   0.3;   6;    0.383;   0;   5.5;   7.0;  977.18;    3.4;   89.33;    5.5;    0.0;   -2.9;eor
       6197;20191117;   10;  12.3;   3.9;    3;   0.4;   6;    0.000;   0;   7.4;   7.2;  979.28;    3.1;   95.17;    5.1;    0.8;   -0.4;eor
       6197;20191118;   10;  12.2;   4.0;    3;  11.0;   8;    0.000;   0;   7.8;   7.9;  974.33;    4.0;   96.46;    4.9;    0.9;    0.4;eor
       6197;20191119;   10;  11.0;   3.8;    3;   1.5;   6;    0.033;   0;   7.5;   7.3;  983.58;    3.6;   92.54;    5.1;    0.7;    0.0;eor
       6197;20191120;   10;   5.3;   1.7;    3;   0.0;   6;    3.017;   0;   6.6;   7.1;  986.45;    2.9;   93.71;    6.5;    1.0;   -1.9;eor
       6197;20191121;   10;   6.7;   2.6;    3;   0.0;   6;    0.000;   0;   8.0;   7.4;  979.36;    3.5;   95.04;    4.8;    1.6;    1.5;eor
       6197;20191122;   10;   7.8;   3.7;    3;   0.0;   6;    1.133;   0;   7.7;   7.5;  977.10;    3.9;   93.00;    5.7;    2.4;    0.6;eor
       6197;20191123;   10;   8.1;   2.7;    3;   0.0;   0;    6.183;   0;   7.7;   7.5;  972.52;    3.8;   93.33;    7.5;    0.2;   -2.6;eor
       6197;20191124;   10;   4.9;   1.7;    3;   0.0;   0;    2.033;   0;   7.9;   7.3;  976.53;    3.0;   96.54;    7.2;    0.8;   -1.8;eor
       6197;20191125;   10;   5.5;   2.3;    3;   0.1;   6;    0.000;   0;   8.0;   7.6;  979.05;    3.2;   99.54;    4.7;    1.8;    1.8;eor
       6197;20191126;   10;  11.1;   4.3;    3;   0.0;   6;    0.000;   0;   8.0;   9.2;  974.45;    6.9;   92.00;    9.0;    4.5;    4.2;eor
       6197;20191127;   10;  13.1;   5.7;    3;   4.2;   6;    0.100;   0;   7.7;   9.9;  962.96;    8.5;   89.63;    9.9;    6.9;    6.3;eor
       6197;20191128;   10;  16.0;   6.6;    3;   6.9;   6;    0.017;   0;   7.5;   9.9;  960.54;    8.4;   89.83;    9.6;    7.0;    6.3;eor
       6197;20191129;   10;  12.6;   4.2;    3;   0.0;   6;    2.033;   0;   5.5;   6.9;  976.56;    4.2;   83.17;    7.0;    2.3;    0.4;eor
       6197;20191130;   10;   7.5;   3.1;    3;   0.0;   0;    0.500;   0;   3.3;   6.3;  990.87;    1.1;   94.92;    3.5;   -2.8;   -5.1;eor
       6197;20191201;   10;   3.0;   1.2;    3;   0.0;   8;    0.350;   0;   7.6;   5.2;  990.10;   -2.2;   99.08;   -0.3;   -4.4;   -5.6;eor
       6197;20191202;   10;   9.3;   3.8;    3;   0.7;   6;    0.000;   0;   7.6;   6.6;  992.08;    1.2;   98.13;    3.4;   -1.6;   -1.9;eor
       6197;20191203;   10;   6.4;   2.2;    3;   0.0;   6;    0.000;   0;   7.0;   7.8;  995.48;    4.1;   95.50;    5.6;    1.6;   -0.6;eor
       6197;20191204;   10;   6.2;   3.0;    3;   0.0;   0;    0.000;   0;   5.0;   6.3;  991.68;    0.7;   97.33;    2.8;   -3.1;   -4.2;eor
       6197;20191205;   10;   9.5;   3.5;    3;   0.0;   0;    6.933;   0;   2.9;   5.4;  987.93;   -0.1;   89.50;    3.1;   -2.5;   -2.7;eor
       6197;20191206;   10;  14.1;   5.3;    3;   3.2;   8;    0.000;   0;   7.9;   6.0;  979.01;    0.9;   91.58;    4.9;   -1.8;   -2.6;eor
       6197;20191207;   10;  14.2;   4.8;    3;   1.7;   6;    0.000;   0;   7.4;   9.0;  978.77;    7.0;   89.58;    7.6;    4.8;    3.8;eor
       6197;20191208;   10;  14.4;   6.2;    3;   1.7;   6;    0.000;-999;   7.6;   8.5;  971.75;    7.7;   80.63;    9.7;    5.9;    4.5;eor
       6197;20191209;   10;  14.0;   5.8;    3;   4.5;   6;    0.000;   0;   6.8;   7.5;  970.36;    5.2;   84.54;    6.1;    2.2;    0.1;eor
       6197;20191210;   10;  18.2;   5.5;    3;   4.5;   6;    5.033;   0;   4.5;   5.9;  989.59;    2.4;   81.63;    4.5;   -0.1;   -1.4;eor
       6197;20191211;   10;  16.4;   4.5;    3;   9.2;   8;    0.000;   0;   7.8;   6.2;  977.73;    1.5;   91.46;    3.3;    0.3;    0.0;eor
       6197;20191212;   10;  14.3;   3.7;    3;   0.0;   6;    0.233;   0;   5.8;   6.4;  968.76;    1.9;   90.50;    3.7;    1.0;   -0.2;eor
       6197;20191213;   10;  14.3;   4.9;    3;   4.3;   8;    0.033;   0;   6.7;   5.9;  950.65;    1.5;   86.71;    4.2;    0.6;   -0.6;eor
       6197;20191214;   10;  17.9;   5.6;    3;   5.8;   6;    0.033;   0;   7.0;   6.9;  958.89;    3.6;   87.58;    5.2;    1.8;    0.9;eor
       6197;20191215;   10;  15.6;   5.9;    3;   4.1;   6;    4.050;   0;   6.1;   6.9;  969.73;    5.6;   76.21;    7.5;    2.6;   -0.2;eor
       6197;20191216;   10;  11.3;   3.9;    3;   0.0;   6;    0.000;   0;   7.9;   8.8;  975.90;    6.3;   91.29;    8.1;    1.9;   -1.8;eor
       6197;20191217;   10;  13.1;   6.1;    3;   3.3;   6;    2.533;   0;   7.3;   9.2;  973.05;   10.3;   73.17;   12.5;    5.7;    3.9;eor
       6197;20191218;   10;  12.4;   2.9;    3;   0.0;   6;    4.100;   0;   4.9;   8.6;  984.31;    6.6;   87.50;   10.6;    3.2;   -0.5;eor
       6197;20191219;   10;   9.2;   3.7;    3;   0.0;   0;    5.967;   0;   4.0;   8.8;  981.24;    7.7;   84.38;   11.4;    5.2;    3.9;eor
       6197;20191220;   10;  12.2;   4.7;    3;   3.6;   6;    0.533;   0;   6.4;   8.3;  962.87;    7.3;   81.13;    9.2;    3.9;    1.8;eor
       6197;20191221;   10;  11.9;   4.2;    3;   0.6;   6;    4.850;   0;   5.2;   7.9;  961.04;    6.0;   84.92;    7.7;    3.5;    1.3;eor
       6197;20191222;   10;  11.3;   4.8;    3;   6.2;   6;    0.067;   0;   7.6;   8.3;  955.93;    6.0;   88.71;    7.6;    3.9;    2.1;eor
       6197;20191223;   10;  10.3;   3.7;    3;   1.0;   6;    0.600;   0;   7.3;   8.6;  973.14;    6.1;   91.17;    7.6;    5.3;    4.3;eor
       6197;20191224;   10;  12.6;   4.7;    3;   6.6;   6;    0.000;   0;   7.4;   8.3;  978.22;    5.8;   89.58;    7.7;    4.5;    2.9;eor
       6197;20191225;   10;  10.3;   3.4;    3;   3.9;   6;    0.000;   0;   7.3;   8.4;  985.47;    5.6;   92.46;    7.0;    4.2;    3.1;eor
       6197;20191226;   10;   5.5;   2.2;    3;   0.1;   6;    0.783;   0;   7.3;   7.3;  992.57;    3.7;   91.42;    5.1;    1.4;    0.3;eor
       6197;20191227;   10;   6.6;   2.2;    3;   0.0;   0;    5.767;   0;   5.1;   5.8;  997.76;    1.2;   87.13;    3.7;   -2.3;   -5.1;eor
       6197;20191228;   10;   5.9;   2.0;    3;   0.0;   0;    3.883;   0;   7.1;   4.9; 1008.48;   -1.4;   89.50;    1.1;   -3.8;   -6.6;eor
       6197;20191229;   10;   7.4;   3.9;    3;   0.0;   0;    2.883;   0;   7.8;   4.6; 1005.75;   -0.3;   77.42;    1.5;   -2.3;   -3.2;eor
       6197;20191230;   10;  12.1;   4.3;    3;   0.0;   6;    2.800;   0;   5.0;   4.3;  998.67;    2.6;   58.63;    7.1;    0.2;   -1.2;eor
       6197;20191231;   10;  11.3;   3.2;    3;   0.0;   6;    0.017;   0;   6.2;   6.7; 1000.37;    3.3;   87.50;    6.5;   -0.5;   -3.1;eor
       6197;20200101;   10;   7.2;   3.3;    3;   0.0;   0;    6.850;   0;   2.1;   5.4; 1001.15;    0.2;   88.08;    2.6;   -3.3;   -6.1;eor
       6197;20200102;   10;  11.2;   4.2;    3;   0.0;   6;    4.050;   0;   3.9;   5.4;  994.63;   -0.1;   88.71;    1.7;   -1.4;   -3.1;eor
       6197;20200103;   10;  17.0;   5.2;    3;   7.7;   6;    0.000;   0;   7.5;   7.7;  987.00;    4.1;   93.25;    7.9;    1.1;    0.2;eor
       6197;20200104;   10;  15.3;   4.5;    3;   7.1;   8;    0.000;   0;   6.3;   7.3;  994.48;    3.5;   92.67;    5.1;    1.1;   -1.9;eor
       6197;20200105;   10;   7.2;   2.5;    3;   0.2;   8;    0.000;   0;   7.2;   6.9; 1001.65;    2.5;   94.50;    4.6;   -0.5;   -1.6;eor
       6197;20200106;   10;   8.7;   3.2;    3;   1.0;   6;    0.517;   0;   6.3;   6.4;  994.66;    2.9;   84.38;    4.2;    0.0;   -0.9;eor
       6197;20200107;   10;  12.0;   3.6;    3;   0.4;   6;    0.000;   0;   7.5;   7.4;  993.44;    3.7;   92.88;    6.0;    0.1;   -0.8;eor
       6197;20200108;   10;   9.5;   3.3;    3;   5.5;   6;    0.000;   0;   7.9;   8.8;  991.85;    5.7;   95.00;    7.8;    4.2;    3.4;eor
       6197;20200109;   10;  12.4;   5.2;    3;   1.6;   6;    0.000;   0;   7.7;  10.7;  983.87;    8.7;   94.88;   10.5;    6.5;    6.1;eor
       6197;20200110;   10;  13.9;   4.1;    3;   3.5;   6;    1.117;   0;   7.0;   9.1;  985.89;    6.8;   90.83;    9.8;    3.0;    1.4;eor
       6197;20200111;   10;  11.9;   4.4;    3;   0.0;   0;    2.000;   0;   6.8;   6.6;  998.19;    2.9;   87.33;    5.1;    1.5;    0.2;eor
       6197;20200112;   10;  13.5;   5.7;    3;   3.4;   8;    0.000;   0;   7.5;   6.8;  990.38;    3.3;   86.88;    7.1;    0.9;    0.1;eor
       6197;20200113;   10;  15.7;   4.6;    3;   0.5;   6;    2.000;   0;   7.1;   7.9;  986.84;    5.4;   88.08;    6.7;    4.4;    3.4;eor
       6197;20200114;   10;  18.2;   9.3;    3;   0.4;   6;    0.000;   0;   7.7;   8.2;  977.40;    7.6;   79.25;    9.2;    5.7;    4.9;eor
       6197;20200115;   10;  16.5;   7.7;    3;   0.9;   6;    4.867;   0;   6.4;   8.6;  982.42;    9.2;   73.67;   11.1;    6.6;    4.5;eor
       6197;20200116;   10;  10.4;   3.3;    3;   0.0;   0;    6.900;   0;   2.1;   8.1;  994.07;    5.8;   87.25;    9.4;    1.9;   -2.1;eor
       6197;20200117;   10;  11.0;   3.7;    3;   0.6;   6;    4.717;   0;   4.2;   8.0;  986.41;    6.2;   84.83;    8.8;    4.0;    1.1;eor
       6197;20200118;   10;  11.6;   3.9;    3;   1.8;   6;    0.233;   0;   7.4;   6.7;  991.69;    3.4;   86.00;    5.4;    1.5;    1.1;eor
       6197;20200119;   10;   7.5;   2.5;    3;   0.3;   8;    0.000;   0;   6.8;   6.8; 1004.02;    2.5;   92.67;    4.1;    0.2;   -2.0;eor
       6197;20200120;   10;   3.9;   1.7;    3;   0.0;   6;    1.350;   0;   5.5;   6.7; 1013.81;    1.9;   94.79;    5.6;   -0.6;   -3.4;eor
       6197;20200121;   10;   4.9;   2.3;    3;   0.0;   0;    7.633;   0;   1.4;   5.2; 1009.01;   -0.1;   86.67;    3.7;   -3.3;   -6.3;eor
       6197;20200122;   10;   5.1;   1.9;    3;   0.0;   6;    0.000;   0;   7.3;   6.2; 1003.50;    0.5;   97.54;    1.9;   -3.0;   -4.9;eor
       6197;20200123;   10;   5.9;   1.7;    3;   0.0;   0;    0.000;   0;   6.0;   6.1; 1000.10;    0.9;   93.54;    3.0;   -2.1;   -4.5;eor
       6197;20200124;   10;   7.3;   3.3;    3;   0.0;   6;    0.000;   0;   6.5;   5.2;  991.84;   -1.5;   95.04;   -0.9;   -2.2;   -3.2;eor
       6197;20200125;   10;   5.9;   2.7;    3;   0.0;   6;    0.000;   0;   8.0;   5.3;  990.04;   -1.6;   98.25;   -0.7;   -2.4;   -1.9;eor
       6197;20200126;   10;   8.9;   4.3;    3;   0.0;   6;    0.000;   0;   8.0;   6.3;  986.05;    0.5;   98.58;    2.4;   -1.1;   -1.0;eor
       6197;20200127;   10;  14.2;   5.2;    3;   3.3;   8;    0.000;   0;   7.8;   7.7;  976.51;    4.5;   91.33;    6.3;    1.9;    0.3;eor
       6197;20200128;   10;  17.1;   6.9;    3;   4.3;   8;    0.067;   0;   7.3;   6.9;  963.38;    3.8;   85.17;    5.7;    1.1;    0.2;eor
       6197;20200129;   10;  13.3;   5.5;    3;   0.3;   6;    0.117;   0;   7.1;   6.4;  973.60;    3.0;   84.33;    4.2;    2.4;    1.0;eor
       6197;20200130;   10;  14.2;   6.5;    3;   2.0;   6;    0.017;   0;   7.7;   7.7;  976.05;    6.1;   81.58;    9.8;    3.5;    2.8;eor
       6197;20200131;   10;  16.5;   6.2;    3;   0.0;   0;    1.067;   0;   7.6;  10.4;  975.50;   10.4;   81.75;   11.9;    9.0;    7.4;eor
       6197;20200201;    3;  16.6;   5.5;    3;  13.2;   6;    0.000;   0;   7.3;  10.0;  973.10;    9.6;   83.38;   11.4;    7.0;    5.3;eor
       6197;20200202;    3;  18.9;   4.9;    3;   7.5;   6;    0.000;   0;   7.4;   8.8;  976.24;    7.0;   87.79;    9.7;    5.3;    5.1;eor
       6197;20200203;    3;  13.6;   4.6;    3;   8.3;   6;    0.717;   0;   7.4;   9.1;  977.85;    7.8;   85.96;    9.2;    4.6;    3.9;eor
       6197;20200204;    3;  12.5;   4.5;    3;   2.8;   8;    0.233;   0;   7.1;   6.9;  980.16;    3.2;   89.13;    4.9;    0.9;    0.4;eor
       6197;20200205;    3;  12.5;   3.8;    3;   0.0;   0;    8.367;   0;   4.0;   5.6; 1000.46;    1.9;   79.38;    4.2;   -1.1;   -3.6;eor
       6197;20200206;    3;   5.1;   2.1;    3;   0.0;   0;    0.000;   0;   7.6;   6.6;  999.47;    2.9;   88.00;    4.1;    1.4;   -0.6;eor
       6197;20200207;    3;   9.2;   3.1;    3;   0.0;   0;    4.900;   0;   3.9;   6.2;  996.41;    3.3;   80.88;    6.4;    1.0;   -0.1;eor
       6197;20200208;    3;   9.0;   4.1;    3;   0.0;   6;    2.267;   0;   5.3;   6.0;  990.33;    3.1;   78.04;    5.6;    0.2;   -1.9;eor
       6197;20200209;    3;  27.8;  10.3;    3;  12.8;   6;    2.050;   0;   7.0;   8.0;  975.08;    7.9;   75.04;   12.4;    4.2;    3.0;eor
       6197;20200210;    3;  23.7;   7.7;    3;   6.9;   8;    1.250;   0;   7.3;   7.5;  961.91;    5.7;   81.33;    9.4;    2.5;    1.9;eor
       6197;20200211;    3;  22.2;   7.1;    3;   2.1;   8;    1.750;   0;   7.1;   5.8;  969.40;    2.6;   79.33;    4.6;    0.5;   -0.4;eor
       6197;20200212;    3;  15.7;   6.1;    3;   0.1;   8;    1.150;   0;   5.8;   5.6;  979.43;    2.6;   75.75;    4.9;    0.8;   -0.3;eor
       6197;20200213;    3;  15.1;   5.0;    3;   6.4;   8;    0.000;   0;   7.1;   6.3;  975.62;    2.2;   88.46;    3.7;    0.7;   -1.3;eor
       6197;20200214;    3;   8.5;   2.9;    3;   4.0;   6;    0.000;   0;   7.5;   7.8;  985.51;    4.8;   90.25;    6.0;    3.5;    2.8;eor
       6197;20200215;    3;  16.2;   7.0;    3;   0.0;   0;    5.483;   0;   7.4;   7.6;  987.31;    6.5;   78.29;    9.3;    3.9;    2.8;eor
       6197;20200216;    3;  20.5;   9.0;    3;   7.6;   6;    0.167;   0;   7.6;   9.2;  974.69;   10.8;   72.17;   15.6;    6.8;    6.1;eor
       6197;20200217;    3;  15.1;   5.7;    3;   5.6;   6;    2.400;   0;   7.2;   7.4;  981.14;    6.8;   74.75;    9.7;    4.1;    2.2;eor
       6197;20200218;    3;  15.5;   6.3;    3;   4.2;   6;    1.167;   0;   7.4;   7.0;  987.13;    5.2;   79.13;    7.1;    3.3;    2.6;eor
       6197;20200219;    3;  14.1;   5.2;    3;   3.3;   8;    0.267;   0;   6.5;   6.5;  984.61;    3.8;   81.17;    5.4;    1.3;   -1.3;eor
       6197;20200220;    3;  16.6;   5.7;    3;   6.0;   8;    0.000;   0;   7.8;   7.5;  983.20;    5.0;   86.00;    8.0;    1.5;    0.9;eor
       6197;20200221;    3;  17.3;   6.1;    3;   0.0;   6;    1.283;   0;   7.5;   6.5;  990.42;    4.7;   76.13;    6.7;    2.3;    0.8;eor
       6197;20200222;    3;  21.3;   7.6;    3;   8.3;   6;    0.800;   0;   7.3;   7.3;  986.65;    7.4;   70.46;   10.5;    3.0;    1.7;eor
       6197;20200223;    3;  20.6;   6.5;    3;  25.0;   6;    0.000;   0;   7.1;   9.0;  981.24;    6.9;   88.92;   11.1;    3.6;    1.9;eor
       6197;20200224;    3;  17.5;   5.8;    3;   8.0;   8;    0.033;   0;   7.4;   7.6;  982.45;    4.8;   87.29;    9.2;    2.1;    0.8;eor
       6197;20200225;    3;  16.1;   6.0;    3;   4.6;   8;    2.283;   0;   6.6;   7.6;  967.09;    6.1;   79.42;    9.2;    1.6;    0.7;eor
       6197;20200226;    3;  12.7;   3.7;    3;   7.6;   8;    0.150;   0;   7.4;   6.4;  965.54;    1.6;   93.42;    3.5;    0.3;    0.0;eor
       6197;20200227;    3;   9.6;   3.1;    3;   3.0;   8;    0.000;   0;   6.4;   6.2;  970.34;    1.5;   90.67;    3.8;    0.1;    0.0;eor
       6197;20200228;    3;  17.1;   5.3;    3;   4.9;   8;    2.033;   1;   7.5;   6.1;  980.77;    2.2;   85.58;    5.2;    0.1;    0.0;eor
       6197;20200229;    3;  19.9;   7.6;    3;   1.5;   8;    3.800;   0;   6.5;   7.8;  964.66;    6.2;   82.54;   11.7;    1.9;    1.1;eor
       6197;20200301;    3;  15.9;   5.9;    3;   6.8;   6;    0.917;   0;   6.4;   6.5;  963.46;    5.4;   72.67;    8.3;    2.7;    1.3;eor
       6197;20200302;    3;  11.3;   3.5;    3;   5.5;   6;    6.050;   0;   6.5;   7.2;  961.60;    5.3;   81.04;    9.1;    2.0;    0.5;eor
       6197;20200303;    3;  11.0;   3.1;    3;   0.1;   8;    2.750;   0;   5.5;   6.8;  970.18;    4.1;   82.88;    6.8;    0.8;   -2.1;eor
       6197;20200304;    3;   8.7;   2.1;    3;   2.4;   8;    0.550;   0;   5.7;   6.5;  978.38;    2.3;   89.21;    5.5;    0.0;   -1.9;eor
       6197;20200305;    3;  10.9;   3.5;    3;   5.6;   6;    0.133;   0;   6.8;   6.8;  967.79;    4.0;   83.50;    7.2;    0.3;   -2.6;eor
       6197;20200306;    3;  10.8;   3.5;    3;  11.6;   8;    0.000;   0;   7.5;   7.6;  962.30;    3.4;   96.63;    5.3;    1.0;    0.5;eor
       6197;20200307;    3;  10.1;   3.4;    3;   0.0;   6;    1.017;   0;   6.8;   6.5;  983.78;    3.9;   80.71;    6.7;    0.8;   -2.3;eor
       6197;20200308;    3;  13.1;   5.2;    3;   0.0;   6;    1.450;   0;   7.9;   7.6;  982.19;    6.9;   75.75;   10.2;    4.1;    3.5;eor
       6197;20200309;    3;  11.8;   3.7;    3;   3.7;   6;    2.500;   0;   6.1;   7.9;  980.44;    6.4;   81.67;    9.2;    4.2;    1.6;eor
       6197;20200310;    3;  18.2;   6.4;    3;  17.4;   8;    0.000;   0;   7.5;   9.6;  974.20;    7.1;   93.42;   11.1;    3.4;    2.8;eor
       6197;20200311;    3;  16.1;   4.1;    3;   4.8;   6;    0.267;   0;   7.5;  10.5;  978.62;    9.1;   90.96;   11.5;    6.3;    5.9;eor
       6197;20200312;    3;  20.3;   6.3;    3;   3.8;   6;    5.900;   0;   5.1;   7.7;  977.04;    8.3;   69.17;   12.1;    3.1;    1.3;eor
       6197;20200313;    3;  16.1;   5.4;    3;   6.4;   6;    0.683;   0;   6.3;   7.0;  983.25;    4.4;   84.13;    6.8;    1.9;    0.3;eor
       6197;20200314;    3;   7.9;   2.6;    3;   0.0;   0;    6.833;   0;   4.8;   6.4;  990.40;    4.0;   79.75;    9.1;   -1.9;   -3.9;eor
       6197;20200315;    3;  15.2;   6.1;    3;   0.0;   0;    9.617;   0;   7.4;   6.7;  985.22;    7.6;   65.29;   12.5;    2.4;   -1.4;eor
       6197;20200316;    3;   8.5;   2.4;    3;   2.5;   6;   10.800;   0;   4.3;   7.8;  988.19;    9.2;   66.88;   15.6;    4.0;   -1.1;eor
       6197;20200317;    3;   9.0;   3.1;    3;   0.0;   0;    8.900;   0;   6.3;   7.6;  996.71;    9.3;   65.92;   12.8;    5.6;    1.1;eor
       6197;20200318;    3;  10.9;   3.4;    3;   0.0;   0;   10.000;   0;   6.2;   7.6;  995.11;    9.9;   62.79;   15.1;    4.4;    0.3;eor
       6197;20200319;    3;   7.4;   2.8;    3;   0.0;   6;    1.900;   0;   6.5;   9.2;  993.89;    9.5;   77.92;   14.8;    3.9;    1.4;eor
       6197;20200320;    3;  12.8;   4.1;    3;   1.2;   6;    0.000;   0;   7.6;   8.2;  994.38;    5.7;   88.58;    7.5;    3.8;    2.8;eor
       6197;20200321;    3;  13.1;   5.2;    3;   0.0;   0;    5.967;   0;   3.8;   5.1;  997.63;    2.9;   67.92;    5.7;   -0.1;   -2.7;eor
       6197;20200322;    3;  10.5;   4.2;    3;   0.0;   0;   11.300;   0;   0.0;   3.7; 1001.73;    1.9;   53.38;    6.1;   -1.7;   -4.6;eor
       6197;20200323;    3;  10.6;   4.4;    3;   0.0;   0;   11.350;   0;   0.0;   2.9; 1003.90;    1.6;   43.75;    6.3;   -2.1;   -5.2;eor
       6197;20200324;    3;   9.6;   3.8;    3;   0.0;   0;   11.417;   0;   0.1;   3.1; 1001.69;    2.6;   42.67;    7.5;   -2.1;   -6.5;eor
       6197;20200325;    3;   9.4;   3.4;    3;   0.0;   0;   11.400;   0;   0.7;   3.2;  997.10;    3.0;   43.88;    8.9;   -5.2;  -10.3;eor
       6197;20200326;    3;  12.5;   4.2;    3;   0.0;   0;   11.533;   0;   1.0;   4.0;  992.62;    4.4;   47.63;    9.3;   -2.8;   -7.8;eor
       6197;20200327;    3;  11.4;   4.9;    3;   0.0;   0;   11.117;   0;   0.7;   5.7;  989.62;    7.8;   54.75;   15.0;   -0.4;   -2.5;eor
       6197;20200328;    3;  11.2;   4.9;    3;   0.0;   8;   11.550;   0;   0.5;   6.0;  990.25;    6.6;   63.38;   12.1;    1.5;   -1.9;eor
       6197;20200329;    1;  14.5;   5.5;    1;   0.8;   8;    0.367;   0;   6.1;   5.2;  994.61;    1.6;   74.33;    3.4;   -4.5;   -8.5;eor
       6197;20200330;    1;   8.6;   2.5;    1;   0.9;   8;    1.950;   0;   5.0;   4.8;  996.53;   -0.5;   79.04;    3.1;   -6.2;   -9.5;eor
       6197;20200331;    1;   7.1;   2.4;    1;   0.0;   0;    8.917;   0;   0.8;   4.6;  997.27;    1.1;   71.92;    6.3;   -3.6;   -7.3;eor
       6197;20200401;    1;   8.6;   2.5;    1;   0.0;   0;   11.267;   0;   0.4;   4.5;  989.52;    2.3;   63.46;    9.1;   -4.5;   -8.2;eor
       6197;20200402;    1;  10.9;   3.4;    1;   0.2;   6;    2.500;   0;   7.2;   5.8;  981.40;    4.5;   70.21;    8.3;   -0.6;   -2.7;eor
       6197;20200403;    1;   8.2;   2.7;    1;   0.0;   6;    1.400;   0;   7.6;   6.3;  983.54;    6.1;   67.63;    9.0;    3.7;    1.4;eor
       6197;20200404;    1;   6.8;   2.5;    1;   0.0;   0;   11.717;   0;   1.0;   5.8;  993.33;    6.6;   62.13;   12.6;   -1.0;   -4.4;eor
       6197;20200405;    1;  11.9;   3.9;    1;   0.0;   0;   12.167;   0;   0.0;   6.3;  993.33;   10.1;   52.71;   16.5;    1.0;   -3.8;eor
       6197;20200406;    1;   9.8;   3.4;    1;   0.0;   0;   12.250;   0;   0.0;   6.9;  990.44;   13.9;   44.13;   21.6;    7.0;    1.3;eor
       6197;20200407;    1;   7.2;   2.4;    1;   0.0;   0;    9.517;   0;   3.0;   9.6;  999.22;   12.9;   66.38;   17.9;    6.2;    2.9;eor
       6197;20200408;    1;   6.7;   1.8;    1;   0.0;   0;   12.267;   0;   2.3;   8.9;  994.62;   14.6;   56.79;   22.5;    6.6;    1.3;eor
       6197;20200409;    1;   8.2;   3.0;    1;   0.0;   0;   11.767;   0;   0.9;   8.6;  993.75;   12.1;   62.50;   18.2;    6.3;    1.6;eor
       6197;20200410;    1;   7.6;   2.7;    1;   0.0;   0;   12.317;   0;   4.1;   6.8;  995.42;    8.4;   64.25;   14.2;    2.5;   -2.1;eor
       6197;20200411;    1;   6.9;   2.0;    1;   0.0;   0;   12.517;   0;   5.6;   6.2;  993.62;   10.1;   53.08;   18.0;    1.1;   -3.7;eor
       6197;20200412;    1;   8.3;   2.7;    1;   0.0;   6;   12.100;   0;   1.3;   7.4;  984.77;   13.8;   48.00;   21.2;    6.6;    2.5;eor
       6197;20200413;    1;  13.3;   5.9;    1;   0.0;   8;    4.817;   0;   5.4;   5.6;  987.35;    6.3;   57.63;   13.4;    2.6;    0.8;eor
       6197;20200414;    1;  10.0;   3.6;    1;   0.0;   8;    2.167;   0;   6.0;   5.3;  992.98;    4.5;   64.42;    8.3;    0.2;   -2.4;eor
       6197;20200415;    1;   7.7;   2.2;    1;   0.0;   0;   10.250;   0;   6.5;   6.1;  992.30;    7.1;   63.17;   15.9;   -1.3;   -2.8;eor
       6197;20200416;    1;   7.2;   2.4;    1;   0.0;   0;   12.567;   0;   5.9;   7.5;  986.41;   12.3;   55.33;   21.2;    2.7;   -1.0;eor
       6197;20200417;    1;   5.8;   2.6;    1;   0.0;   0;   12.833;   0;   2.8;   7.9;  986.45;    9.7;   67.63;   17.0;    1.2;   -1.8;eor
       6197;20200418;    1;   7.6;   2.9;    1;   3.3;   6;   10.217;   0;   3.7;   8.9;  985.01;   12.7;   61.71;   20.8;    4.4;   -0.3;eor
       6197;20200419;    1;  10.5;   4.5;    1;   0.0;   0;   12.983;   0;   1.7;   6.1;  988.91;    9.4;   53.13;   14.5;    3.9;    2.4;eor
       6197;20200420;    1;  14.9;   5.5;    1;   0.0;   0;   13.033;   0;   0.0;   5.3;  991.23;    9.7;   44.17;   14.7;    3.1;    0.7;eor
       6197;20200421;    1;  13.4;   5.2;    1;   0.0;   0;   13.100;   0;   0.0;   6.1;  990.50;   11.1;   45.96;   15.9;    5.3;    3.5;eor
       6197;20200422;    1;  12.7;   4.7;    1;   0.0;   0;   13.133;   0;   0.0;   6.5;  991.63;   12.7;   44.88;   18.2;    4.1;    0.6;eor
       6197;20200423;    1;   8.2;   1.9;    1;   0.0;   0;   13.050;   0;   1.7;   7.3;  989.63;   12.3;   53.33;   20.5;    3.4;   -1.7;eor
       6197;20200424;    1;  12.8;   3.7;    1;   0.0;   0;   10.667;   0;   4.7;   7.7;  980.83;   12.8;   53.67;   18.3;    6.0;    2.5;eor
       6197;20200425;    1;  10.3;   2.8;    1;   0.0;   0;    5.350;   0;   4.4;   7.0;  981.83;    8.1;   66.29;   13.6;    2.2;   -2.1;eor
       6197;20200426;    1;   6.6;   1.7;    1;   0.0;   0;   13.233;   0;   1.1;   7.1;  980.45;    9.5;   63.42;   17.6;    0.0;   -2.9;eor
       6197;20200427;    1;   8.8;   2.1;    1;   0.0;   0;   13.050;   0;   1.5;   8.1;  977.25;   12.4;   60.00;   21.1;    2.4;   -0.7;eor
       6197;20200428;    1;  11.2;   2.1;    1;   4.3;   6;    5.400;   0;   6.9;  10.7;  973.74;   12.3;   75.25;   19.0;    5.8;    2.8;eor
       6197;20200429;    1;  10.0;   3.1;    1;   3.9;   6;    1.367;   0;   6.8;  11.5;  974.42;   11.4;   85.71;   14.0;    8.3;    4.8;eor
       6197;20200430;    1;  14.4;   4.6;    1;  15.0;   6;    3.033;   0;   6.7;  10.4;  971.15;   10.9;   80.92;   15.8;    6.7;    4.9;eor
       6197;20200501;    1;  11.0;   4.1;    1;   1.1;   6;    4.067;-999;   6.3;   9.2;  970.47;    9.0;   81.17;   14.0;    5.4;    3.9;eor
       6197;20200502;    1;  12.6;   3.5;    1;   2.9;   6;    1.250;-999;   7.1;   9.2;  976.60;    7.8;   87.54;   11.2;    5.2;    3.6;eor
       6197;20200503;    1;   8.9;   2.9;    1;   2.5;   6;    3.517;-999;   6.9;   9.7;  985.92;    9.5;   81.88;   13.5;    6.0;    4.4;eor
       6197;20200504;    1;   8.0;   3.0;    1;   1.7;   6;    3.433;-999;   4.8;   9.0;  987.10;    8.4;   81.67;   12.8;    3.2;   -0.9;eor
       6197;20200505;    1;  10.1;   3.0;    1;   0.0;   0;   11.533;-999;   1.8;   6.1;  990.01;    6.2;   67.58;   12.4;   -1.3;   -3.0;eor
       6197;20200506;    1;   9.3;   2.5;    1;   0.0;   0;   13.783;-999;   1.8;   6.7;  993.45;    8.8;   62.46;   15.3;   -0.7;   -2.6;eor
       6197;20200507;    1;   8.2;   2.1;    1;   0.0;   0;   13.633;-999;   2.8;   5.9;  992.36;   10.0;   55.42;   18.7;    0.4;   -2.1;eor
       6197;20200508;    1;   7.3;   1.9;    1;   0.0;   0;    9.567;-999;   5.6;   7.1;  987.64;   12.4;   51.67;   19.9;    3.7;    1.7;eor
       6197;20200509;    1;   6.9;   2.3;    1;   0.0;   0;   11.917;-999;   2.8;   8.2;  983.19;   14.3;   52.54;   20.9;    6.0;    1.1;eor
       6197;20200510;    1;  11.4;   2.1;    1;   0.1;   6;    2.617;-999;   6.2;  11.0;  976.22;   13.0;   72.67;   17.8;    5.4;    3.5;eor
       6197;20200511;    1;  14.7;   6.0;    1;   0.1;   6;    2.150;-999;   6.8;   5.7;  979.91;    5.8;   62.50;    9.6;    2.4;   -0.8;eor
       6197;20200512;    1;   8.7;   3.0;    1;   0.0;   6;    4.600;-999;   4.9;   5.7;  986.02;    5.1;   66.58;   10.7;   -1.1;   -4.0;eor
       6197;20200513;    1;  10.9;   2.8;    1;   0.0;   6;    5.217;-999;   5.4;   6.5;  982.02;    7.0;   66.46;   12.3;    2.4;    1.0;eor
       6197;20200514;    1;   8.3;   3.4;    1;   0.0;   0;    7.183;-999;   3.5;   6.1;  987.30;    7.0;   62.83;   12.2;    3.0;   -0.1;eor
       6197;20200515;    1;  10.0;   3.5;    1;   0.0;   0;    8.750;-999;   3.5;   6.3;  989.52;    7.7;   61.33;   13.7;    0.1;   -2.6;eor
       6197;20200516;    1;   9.3;   2.9;    1;   0.0;   0;    9.633;-999;   3.9;   7.1;  990.77;   10.0;   59.50;   15.8;    1.1;   -1.9;eor
       6197;20200517;    1;   8.3;   2.7;    1;   0.0;   0;    7.250;-999;   3.8;   7.8;  991.82;   10.9;   61.79;   16.3;    5.5;    2.4;eor
       6197;20200518;    1;  10.8;   3.5;    1;   0.0;   0;   12.400;-999;   3.3;   9.1;  991.18;   14.5;   57.67;   21.9;    4.7;    2.4;eor
       6197;20200519;    1;   8.9;   2.6;    1;   0.2;   6;    3.417;-999;   6.3;  10.2;  990.57;   14.4;   62.75;   20.4;    5.7;    3.9;eor
       6197;20200520;    1;   4.4;   1.9;    1;   0.2;   6;    0.233;-999;   6.5;  12.2;  992.01;   13.1;   81.42;   16.8;    7.4;    4.4;eor
       6197;20200521;    1;   7.2;   1.7;    1;   0.0;   0;   14.583;-999;   1.3;  10.2;  991.65;   15.3;   62.79;   23.1;    5.9;    3.5;eor
       6197;20200522;    1;  12.2;   2.6;    1;   8.1;   6;    0.567;-999;   7.1;  14.4;  988.29;   16.6;   75.63;   21.4;    9.9;    6.3;eor
       6197;20200523;    1;  13.1;   3.8;    1;   0.0;   6;    2.433;-999;   5.8;  10.1;  990.60;   13.6;   64.88;   16.5;    8.1;    4.8;eor
       6197;20200524;    1;  11.4;   3.9;    1;   5.3;   6;    1.050;-999;   6.5;  10.6;  995.49;   11.2;   79.54;   14.2;    8.0;    4.0;eor
       6197;20200525;    1;  15.1;   5.0;    1;   0.0;   0;    5.467;-999;   4.7;  10.6;  999.98;   12.3;   75.38;   17.3;    5.7;    1.9;eor
       6197;20200526;    1;   6.9;   1.5;    1;   0.0;   0;    6.350;-999;   4.9;   9.8; 1003.92;   11.3;   75.54;   18.5;    2.9;    0.8;eor
       6197;20200527;    1;  11.3;   2.9;    1;   0.0;   0;   10.633;-999;   3.1;   9.9; 1001.72;   15.0;   61.58;   21.7;    6.1;    4.0;eor
       6197;20200528;    1;  10.0;   3.5;    1;   0.0;   0;   14.567;-999;   2.1;   8.3; 1000.77;   12.7;   58.54;   18.0;    6.8;    3.2;eor
       6197;20200529;    1;   9.3;   3.0;    1;   0.0;   0;   13.500;-999;   0.8;   8.5;  997.22;   13.1;   59.58;   19.4;    5.5;    3.4;eor
       6197;20200530;    1;  11.6;   3.3;    1;   0.0;   0;   10.700;-999;   3.5;   7.9;  993.91;   13.6;   53.00;   19.0;    6.4;    1.5;eor
       6197;20200531;    1;   8.9;   3.1;    1;   0.0;   0;    9.983;-999;   4.5;   9.0;  992.62;   13.2;   60.46;   19.2;    6.3;    2.6;eor
       6197;20200601;    1;   9.8;   3.0;    1;   0.0;   0;   14.900;-999;   0.7;   9.4;  992.15;   15.5;   55.04;   22.6;    5.3;    0.3;eor
       6197;20200602;    1;   6.8;   2.0;    1;   0.0;   6;   14.450;-999;   2.8;  10.7;  986.72;   17.6;   55.92;   24.6;    8.3;    4.3;eor
       6197;20200603;    1;  10.7;   2.1;    1;   3.2;   8;    6.517;-999;   7.0;  12.3;  974.50;   18.2;   60.96;   25.4;   11.3;    8.5;eor
       6197;20200604;    1;  10.7;   2.7;    1;  11.6;   6;    0.117;-999;   7.3;  13.6;  965.39;   12.9;   91.04;   15.5;    9.6;    9.3;eor
       6197;20200605;    1;  14.6;   4.6;    1;   6.2;   6;    3.750;-999;   6.8;   9.6;  964.92;    9.3;   82.67;   14.1;    6.2;    5.0;eor
       6197;20200606;    1;  18.0;   3.9;    1;   0.6;   6;    8.833;-999;   5.5;   9.1;  970.14;   10.8;   71.96;   15.5;    6.0;    4.7;eor
       6197;20200607;    1;  11.6;   3.5;    1;   0.0;   0;    9.017;-999;   5.2;   9.5;  976.67;   12.7;   65.71;   16.8;    7.8;    4.4;eor
       6197;20200608;    1;   6.7;   2.1;    1;   0.0;   6;    6.483;-999;   5.0;  11.0;  983.23;   12.9;   74.58;   17.7;    7.2;    5.4;eor
       6197;20200609;    1;   6.0;   2.4;    1;  14.8;   6;    6.183;-999;   5.0;  12.4;  986.23;   13.8;   79.38;   18.2;    8.6;    6.2;eor
