STATIONS_ID;MESS_DATUM;QN_3;  FX;  FM;QN_4; RSK;RSKF; SDK;SHK_TAG;  NM; VPM;  PM; TMK; UPM; TXK; TNK; TGK;eor
       5280;20181208;-999;-999;-999;    3;   9.9;   4;-999;   0;  -999;   8.5;    -999;    6.9;   85.21;    8.2;    5.4;    3.9;eor
       5280;20181209;-999;-999;-999;    3;   2.4;   4;-999;   0;  -999;   8.4;    -999;    6.2;   88.21;    7.9;    4.5;    3.0;eor
       5280;20181210;-999;-999;-999;    3;   0.5;   4;-999;   0;  -999;   6.7;    -999;    4.6;   78.46;    5.6;    3.7;    1.8;eor
       5280;20181211;-999;-999;-999;    3;   0.8;   4;-999;   0;  -999;   6.5;    -999;    4.0;   80.17;    5.1;    2.6;    1.0;eor
       5280;20181212;-999;-999;-999;    3;   0.1;   4;-999;   0;  -999;   6.7;    -999;    3.1;   88.00;    4.6;    0.2;   -2.9;eor
       5280;20181213;-999;-999;-999;    3;   1.0;   4;-999;   0;  -999;   6.2;    -999;    1.6;   89.63;    3.2;    0.0;   -2.3;eor
       5280;20181214;-999;-999;-999;    3;   0.0;   0;-999;   0;  -999;   5.7;    -999;    0.5;   89.79;    1.2;    0.0;   -1.0;eor
       5280;20181215;-999;-999;-999;    3;   0.0;   0;-999;   0;  -999;   4.8;    -999;   -0.3;   80.79;    0.6;   -1.6;   -4.3;eor
       5280;20181216;-999;-999;-999;    3;   0.2;   4;-999;   0;  -999;   4.7;    -999;   -0.6;   79.63;    0.1;   -1.5;   -3.0;eor
       5280;20181217;-999;-999;-999;    3;   2.5;   4;-999;   0;  -999;   6.0;    -999;    0.3;   95.54;    2.6;   -1.2;   -1.2;eor
       5280;20181218;-999;-999;-999;    3;   0.2;   4;-999;   0;  -999;   8.0;    -999;    4.4;   95.71;    6.0;    2.3;    0.7;eor
       5280;20181219;-999;-999;-999;    3;   1.0;   4;-999;   0;  -999;   6.8;    -999;    2.7;   91.42;    4.1;    1.5;   -0.4;eor
       5280;20181220;-999;-999;-999;    3;   3.8;   4;-999;   0;  -999;   8.2;    -999;    4.4;   97.54;    5.7;    3.0;    1.5;eor
       5280;20181221;-999;-999;-999;    3;   8.7;   4;-999;   0;  -999;   9.3;    -999;    6.4;   95.67;    9.8;    5.5;    4.0;eor
       5280;20181222;-999;-999;-999;    3;   1.4;   4;-999;   0;  -999;   8.1;    -999;    5.1;   92.17;    6.6;    2.1;   -1.4;eor
       5280;20181223;-999;-999;-999;    3;   7.1;   4;-999;   0;  -999;   9.0;    -999;    6.1;   95.04;    7.1;    3.4;    3.3;eor
       5280;20181224;-999;-999;-999;    3;   0.3;   4;-999;   0;  -999;   6.3;    -999;    1.9;   90.42;    4.1;   -0.2;   -1.4;eor
       5280;20181225;-999;-999;-999;    3;   0.5;   4;-999;   0;  -999;   7.5;    -999;    5.7;   81.92;    6.9;    3.9;    2.3;eor
       5280;20181226;-999;-999;-999;    3;   0.3;   4;-999;   0;  -999;   9.9;    -999;    7.1;   97.63;    8.5;    5.5;    5.1;eor
       5280;20181227;-999;-999;-999;    3;   0.4;   4;-999;   0;  -999;   9.4;    -999;    6.3;   98.71;    6.8;    5.4;    5.3;eor
       5280;20181228;-999;-999;-999;    3;   1.3;   4;-999;   0;  -999;   9.4;    -999;    7.0;   93.08;    7.5;    6.5;    6.0;eor
       5280;20181229;-999;-999;-999;    3;   7.0;   4;-999;   0;  -999;   9.8;    -999;    7.4;   95.04;    8.2;    6.5;    6.2;eor
       5280;20181230;-999;-999;-999;    3;   0.0;   0;-999;   0;  -999;   8.3;    -999;    6.3;   86.79;    8.3;    3.9;    1.2;eor
       5280;20181231;-999;-999;-999;    3;   2.4;   4;-999;   0;  -999;   9.6;    -999;    6.7;   98.13;    7.9;    5.1;    3.9;eor
       5280;20190101;-999;-999;-999;    3;   0.9;   4;-999;   0;  -999;   7.4;    -999;    6.3;   75.92;    8.1;    3.9;    2.2;eor
       5280;20190102;-999;-999;-999;    3;   0.0;   0;-999;   0;  -999;   4.5;    -999;    2.8;   60.75;    4.6;   -0.7;   -2.5;eor
       5280;20190103;-999;-999;-999;    3;   0.3;   4;-999;   0;  -999;   4.6;    -999;   -0.9;   80.50;    2.4;   -4.8;   -8.7;eor
       5280;20190104;-999;-999;-999;    3;   1.9;   4;-999;   0;  -999;   7.7;    -999;    4.1;   92.88;    7.2;   -1.8;   -4.1;eor
       5280;20190105;-999;-999;-999;    3;   0.1;   4;-999;   0;  -999;   9.1;    -999;    6.6;   93.00;    8.9;   -0.3;   -3.2;eor
       5280;20190106;-999;-999;-999;    3;   1.3;   4;-999;   0;  -999;   7.6;    -999;    3.3;   97.75;    6.2;   -0.8;   -3.4;eor
       5280;20190107;-999;-999;-999;    3;  17.8;   4;-999;   0;  -999;   9.1;    -999;    6.3;   94.88;    7.7;    5.3;    5.1;eor
       5280;20190108;-999;-999;-999;    3;   4.0;   4;-999;   0;  -999;   7.5;    -999;    5.4;   82.25;    7.2;    2.1;    1.0;eor
       5280;20190109;-999;-999;-999;    3;   0.3;   4;-999;   0;  -999;   5.5;    -999;    2.6;   74.63;    3.4;    1.2;    0.7;eor
       5280;20190110;-999;-999;-999;    3;   0.8;   4;-999;   0;  -999;   5.6;    -999;    1.1;   84.67;    2.5;   -0.2;   -1.7;eor
       5280;20190111;-999;-999;-999;    3;   0.2;   4;-999;   0;  -999;   7.9;    -999;    5.0;   90.75;    7.4;    1.4;    1.3;eor
       5280;20190112;-999;-999;-999;    3;   7.5;   4;-999;   0;  -999;   8.2;    -999;    5.7;   89.67;    6.7;    4.7;    3.5;eor
       5280;20190113;-999;-999;-999;    3;   8.3;   4;-999;   0;  -999;   8.8;    -999;    6.5;   90.13;    8.3;    3.9;    2.8;eor
       5280;20190114;-999;-999;-999;    3;   0.5;   4;-999;   0;  -999;   4.9;    -999;    2.3;   68.79;    3.8;    1.2;   -0.3;eor
       5280;20190115;-999;-999;-999;    3;   8.1;   4;-999;   0;  -999;   8.3;    -999;    5.6;   90.13;    7.3;    3.2;    2.1;eor
       5280;20190116;-999;-999;-999;    3;   5.8;   4;-999;   0;  -999;   8.7;    -999;    6.3;   91.00;    7.5;    4.3;    3.9;eor
       5280;20190117;-999;-999;-999;    3;   2.4;   4;-999;   0;  -999;   6.8;    -999;    3.4;   87.42;    5.4;   -1.4;   -2.7;eor
       5280;20190118;-999;-999;-999;    3;   0.1;   4;-999;   2;  -999;   5.3;    -999;   -0.7;   90.25;    2.4;   -5.2;   -8.6;eor
       5280;20190119;-999;-999;-999;    3;   0.0;   0;-999;   0;  -999;   4.9;    -999;   -1.4;   88.96;    3.2;   -5.0;   -8.0;eor
       5280;20190120;-999;-999;-999;    3;   0.1;   4;-999;   0;  -999;   4.1;    -999;   -4.3;   92.96;   -1.4;   -6.0;   -8.3;eor
       5280;20190121;-999;-999;-999;    3;   0.1;   4;-999;   0;  -999;   4.5;    -999;   -3.0;   92.00;   -0.3;   -5.8;   -6.0;eor
       5280;20190122;-999;-999;-999;    3;   0.0;   0;-999;   0;  -999;   4.8;    -999;   -1.1;   85.50;    0.2;   -3.8;   -5.9;eor
       5280;20190123;-999;-999;-999;    3;   0.0;   0;-999;   0;  -999;   3.5;    -999;   -5.5;   86.25;   -3.8;   -8.3;  -11.5;eor
       5280;20190124;-999;-999;-999;    3;   0.1;   4;-999;   0;  -999;   3.2;    -999;   -4.9;   76.08;   -3.7;   -7.0;   -6.7;eor
       5280;20190125;-999;-999;-999;    3;   2.1;   4;-999;   0;  -999;   3.5;    -999;   -3.7;   75.29;   -2.6;   -4.3;   -4.4;eor
       5280;20190126;-999;-999;-999;    3;   5.8;   4;-999;   0;  -999;   7.0;    -999;    2.1;   98.08;    4.7;   -2.6;   -2.5;eor
       5280;20190127;-999;-999;-999;    3;   5.1;   4;-999;   0;  -999;   8.1;    -999;    4.4;   96.54;    5.2;    2.3;   -0.1;eor
       5280;20190128;-999;-999;-999;    3;   0.7;   4;-999;   0;  -999;   6.5;    -999;    1.8;   92.79;    3.2;   -1.9;   -3.6;eor
       5280;20190129;-999;-999;-999;    3;   0.0;   0;-999;   0;  -999;   5.4;    -999;   -0.7;   92.33;    3.0;   -3.7;   -7.6;eor
       5280;20190130;-999;-999;-999;    3;   0.0;   0;-999;   0;  -999;   4.9;    -999;   -0.3;   81.79;    2.3;   -3.3;   -5.9;eor
       5280;20190131;-999;-999;-999;    3;   0.0;   0;-999;   0;  -999;   5.0;    -999;    0.4;   79.88;    2.5;   -1.6;   -5.0;eor
       5280;20190201;-999;-999;-999;    3;   0.0;   0;-999;   0;  -999;   4.9;    -999;   -1.0;   85.63;   -0.1;   -2.5;   -4.7;eor
       5280;20190202;-999;-999;-999;    3;   0.1;   4;-999;   0;  -999;   5.6;    -999;   -0.2;   92.33;    2.0;   -3.2;   -5.6;eor
       5280;20190203;-999;-999;-999;    3;   0.1;   4;-999;   0;  -999;   5.6;    -999;    1.4;   83.38;    4.5;   -1.7;   -4.9;eor
       5280;20190204;-999;-999;-999;    3;   0.6;   4;-999;   0;  -999;   5.2;    -999;    1.2;   78.92;    3.9;   -3.7;   -7.0;eor
       5280;20190205;-999;-999;-999;    3;   0.5;   4;-999;   0;  -999;   7.0;    -999;    3.3;   90.42;    5.0;   -0.3;   -3.5;eor
       5280;20190206;-999;-999;-999;    3;  11.1;   4;-999;   0;  -999;   7.1;    -999;    2.9;   93.67;    4.6;   -1.0;   -3.3;eor
       5280;20190207;-999;-999;-999;    3;   3.5;   4;-999;   0;  -999;   7.8;    -999;    5.4;   87.33;    8.9;    3.3;    2.9;eor
       5280;20190208;-999;-999;-999;    3;   1.9;   4;-999;   0;  -999;   8.0;    -999;    6.6;   82.58;    8.4;    5.4;    4.1;eor
       5280;20190209;-999;-999;-999;    3;   4.1;   4;-999;   0;  -999;   7.8;    -999;    7.6;   75.54;    9.2;    5.3;    3.9;eor
       5280;20190210;-999;-999;-999;    3;  20.5;   4;-999;   0;  -999;   8.2;    -999;    5.6;   90.08;    7.8;    0.5;    0.0;eor
       5280;20190211;-999;-999;-999;    3;   0.5;   4;-999;   0;  -999;   6.4;    -999;    4.7;   75.08;    7.6;    2.4;    0.6;eor
       5280;20190212;-999;-999;-999;    3;   0.0;   4;-999;   0;  -999;   6.2;    -999;    4.5;   74.17;    7.2;    2.0;    0.7;eor
       5280;20190213;-999;-999;-999;    3;   0.1;   4;-999;   0;  -999;   9.4;    -999;    6.9;   93.88;    7.6;    5.4;    5.0;eor
       5280;20190214;-999;-999;-999;    3;   0.0;   0;-999;   0;  -999;   7.6;    -999;    5.7;   83.17;   10.9;   -0.5;   -3.9;eor
       5280;20190215;-999;-999;-999;    3;   0.0;   0;-999;   0;  -999;   5.8;    -999;    3.8;   76.21;   14.4;   -2.7;   -5.4;eor
       5280;20190216;-999;-999;-999;    3;   0.0;   0;-999;   0;  -999;   6.8;    -999;    5.5;   76.54;   13.0;   -1.5;   -4.5;eor
       5280;20190217;-999;-999;-999;    3;   0.0;   0;-999;   0;  -999;   8.6;    -999;    8.4;   78.33;   13.4;    1.1;   -2.4;eor
       5280;20190218;-999;-999;-999;    3;   0.9;   4;-999;   0;  -999;   7.0;    -999;    5.3;   80.46;   14.7;   -0.5;   -3.8;eor
       5280;20190219;-999;-999;-999;    3;   1.3;   4;-999;   0;  -999;   8.1;    -999;    5.6;   88.71;    7.9;    1.1;   -1.8;eor
       5280;20190220;-999;-999;-999;    3;   0.4;   4;-999;   0;  -999;   8.5;    -999;    7.0;   84.92;    8.6;    5.5;    5.0;eor
       5280;20190221;-999;-999;-999;    3;   2.1;   4;-999;   0;  -999;   9.2;    -999;    7.5;   88.42;    8.4;    6.6;    5.1;eor
       5280;20190222;-999;-999;-999;    3;   0.0;   0;-999;   0;  -999;   6.6;    -999;    3.7;   81.58;    6.9;   -0.2;   -2.8;eor
       5280;20190223;-999;-999;-999;    3;   0.0;   0;-999;   0;  -999;   4.4;    -999;    2.0;   63.54;    6.5;   -1.6;   -4.1;eor
       5280;20190224;-999;-999;-999;    3;   0.0;   0;-999;   0;  -999;   5.3;    -999;    3.9;   68.75;   14.0;   -2.3;   -5.0;eor
       5280;20190225;-999;-999;-999;    3;   0.0;   0;-999;   0;  -999;   6.0;    -999;    4.0;   74.75;   14.3;   -3.1;   -5.8;eor
       5280;20190226;-999;-999;-999;    3;   0.0;   0;-999;   0;  -999;   6.4;    -999;    5.1;   76.21;   15.0;   -1.2;   -4.4;eor
       5280;20190227;-999;-999;-999;    3;   0.0;   0;-999;   0;  -999;   5.6;    -999;    6.4;   64.50;   16.3;   -2.2;   -5.4;eor
       5280;20190228;-999;-999;-999;    3;   0.0;   0;-999;   0;  -999;   7.7;    -999;    5.4;   85.75;    8.4;    3.9;    1.4;eor
       5280;20190301;-999;-999;-999;    3;   0.0;   0;-999;   0;  -999;   6.5;    -999;    4.5;   77.21;    7.1;    2.6;   -0.9;eor
       5280;20190302;-999;-999;-999;    3;   0.6;   4;-999;   0;  -999;   6.6;    -999;    4.8;   76.88;    6.9;    3.3;    1.4;eor
       5280;20190303;-999;-999;-999;    3;   6.2;   4;-999;   0;  -999;  10.5;    -999;    9.0;   90.71;   10.4;    6.9;    6.2;eor
       5280;20190304;-999;-999;-999;    3;  13.2;   4;-999;   0;  -999;   9.0;    -999;    8.3;   81.50;   11.2;    5.6;    4.9;eor
       5280;20190305;-999;-999;-999;    3;   1.8;   4;-999;   0;  -999;   7.4;    -999;    5.0;   85.13;    7.3;   -0.1;   -3.2;eor
       5280;20190306;-999;-999;-999;    3;   3.1;   4;-999;   0;  -999;   7.9;    -999;    5.3;   87.54;   10.1;   -0.9;   -3.7;eor
       5280;20190307;-999;-999;-999;    3;   9.9;   4;-999;   0;  -999;   8.8;    -999;    9.1;   76.21;   13.2;    5.1;    3.0;eor
       5280;20190308;-999;-999;-999;    3;   5.4;   4;-999;   0;  -999;   7.1;    -999;    6.1;   75.83;    8.3;    3.9;    1.0;eor
       5280;20190309;-999;-999;-999;    3;   8.9;   4;-999;   0;  -999;   7.4;    -999;    5.8;   79.92;    9.1;    2.2;    0.9;eor
       5280;20190310;-999;-999;-999;    3;   3.1;   4;-999;   0;  -999;   6.8;    -999;    4.9;   79.08;    8.2;    2.3;   -0.9;eor
       5280;20190311;-999;-999;-999;    3;  10.4;   4;-999;   1;  -999;   6.7;    -999;    2.2;   93.29;    4.5;    0.2;   -1.4;eor
       5280;20190312;-999;-999;-999;    3;   3.1;   4;-999;   0;  -999;   6.7;    -999;    4.2;   82.54;    7.0;   -1.0;   -3.6;eor
       5280;20190313;-999;-999;-999;    3;  14.3;   4;-999;   0;  -999;   7.7;    -999;    5.4;   85.25;    6.8;    4.1;    2.8;eor
       5280;20190314;-999;-999;-999;    3;   6.5;   4;-999;   0;  -999;   8.2;    -999;    5.5;   90.04;    6.4;    4.6;    3.1;eor
       5280;20190315;-999;-999;-999;    3;   3.4;   4;-999;   0;  -999;   7.9;    -999;    6.6;   81.38;    9.2;    5.0;    4.0;eor
       5280;20190316;-999;-999;-999;    3;   9.9;   4;-999;   0;  -999;   8.1;    -999;    6.8;   82.13;    9.9;    4.3;    4.3;eor
       5280;20190317;-999;-999;-999;    3;   3.8;   4;-999;   0;  -999;   7.8;    -999;    7.2;   76.25;   10.0;    4.0;    2.5;eor
       5280;20190318;-999;-999;-999;    3;   2.3;   4;-999;   0;  -999;   7.0;    -999;    5.1;   79.83;    8.1;    2.1;    1.2;eor
       5280;20190319;-999;-999;-999;    3;   0.0;   0;-999;   0;  -999;   5.7;    -999;    4.1;   71.33;    9.7;   -0.9;   -4.0;eor
       5280;20190320;-999;-999;-999;    3;   0.1;   4;-999;   0;  -999;   8.6;    -999;    5.6;   90.79;    9.1;   -1.4;   -4.2;eor
       5280;20190321;-999;-999;-999;    3;   0.0;   0;-999;   0;  -999;  10.6;    -999;    9.2;   90.67;   11.2;    7.4;    7.6;eor
       5280;20190322;-999;-999;-999;    3;   0.0;   0;-999;   0;  -999;  10.6;    -999;    9.3;   90.71;   14.2;    7.1;    2.9;eor
       5280;20190323;-999;-999;-999;    3;   0.0;   0;-999;   0;  -999;   8.6;    -999;    7.4;   83.63;   12.3;    4.2;    1.7;eor
       5280;20190324;-999;-999;-999;    3;   2.3;   4;-999;   0;  -999;   6.7;    -999;    5.5;   76.50;   10.6;    2.4;    1.1;eor
       5280;20190325;-999;-999;-999;    3;   2.9;   4;-999;   0;  -999;   7.1;    -999;    4.6;   83.92;    9.4;    1.2;   -2.1;eor
       5280;20190326;-999;-999;-999;    3;   0.4;   4;-999;   0;  -999;   7.4;    -999;    6.0;   79.38;    9.4;    2.5;    0.3;eor
       5280;20190327;-999;-999;-999;    3;   2.0;   4;-999;   0;  -999;   9.5;    -999;    7.4;   91.96;    8.7;    5.9;    5.1;eor
       5280;20190328;-999;-999;-999;    3;   0.0;   0;-999;   0;  -999;  10.4;    -999;    9.1;   90.08;   11.3;    7.2;    6.7;eor
       5280;20190329;-999;-999;-999;    3;   0.0;   0;-999;   0;  -999;   9.3;    -999;    9.7;   78.42;   14.7;    3.3;   -0.3;eor
       5280;20190330;-999;-999;-999;    3;   0.0;   0;-999;   0;  -999;   8.8;    -999;    9.4;   77.00;   17.8;    0.8;   -0.9;eor
       5280;20190331;-999;-999;-999;    3;   0.0;   0;-999;   0;  -999;   6.1;    -999;    6.3;   65.50;   10.6;   -0.8;   -4.3;eor
       5280;20190401;-999;-999;-999;    3;   0.0;   0;-999;   0;  -999;   5.3;    -999;    3.9;   68.54;   10.1;   -2.5;   -5.7;eor
       5280;20190402;-999;-999;-999;    3;   0.3;   4;-999;   0;  -999;   6.1;    -999;    8.6;   54.21;   14.3;    1.9;   -2.1;eor
       5280;20190403;-999;-999;-999;    3;   4.6;   4;-999;   0;  -999;   9.9;    -999;    8.7;   87.67;   11.0;    5.0;    2.8;eor
       5280;20190404;-999;-999;-999;    3;   0.0;   0;-999;   0;  -999;   9.9;    -999;    9.0;   87.21;   13.4;    6.0;    3.7;eor
       5280;20190405;-999;-999;-999;    3;   0.0;   0;-999;   0;  -999;   9.8;    -999;    8.7;   87.21;   14.3;    4.4;    2.1;eor
       5280;20190406;-999;-999;-999;    3;   0.0;   0;-999;   0;  -999;  10.2;    -999;   11.0;   79.13;   19.6;    3.9;    2.0;eor
       5280;20190407;-999;-999;-999;    3;   0.0;   0;-999;   0;  -999;   8.8;    -999;   11.4;   69.04;   19.4;    3.7;    0.4;eor
       5280;20190408;-999;-999;-999;    3;   0.0;   0;-999;   0;  -999;   7.6;    -999;    7.5;   73.88;   12.1;    1.8;   -2.2;eor
       5280;20190409;-999;-999;-999;    3;   0.0;   0;-999;   0;  -999;   6.0;    -999;    3.9;   75.88;    9.4;   -1.6;   -5.4;eor
       5280;20190410;-999;-999;-999;    3;   0.0;   0;-999;   0;  -999;   5.0;    -999;    3.0;   69.25;    8.8;   -3.1;   -6.8;eor
       5280;20190411;-999;-999;-999;    3;   0.0;   0;-999;   0;  -999;   5.6;    -999;    2.8;   76.04;    6.5;   -2.0;   -5.9;eor
       5280;20190412;-999;-999;-999;    3;   4.8;   4;-999;   0;  -999;   5.1;    -999;    3.0;   68.67;    7.0;   -0.3;   -2.9;eor
       5280;20190413;-999;-999;-999;    3;   0.8;   4;-999;   1;  -999;   5.9;    -999;    2.5;   80.96;    6.9;    0.0;   -0.3;eor
       5280;20190414;-999;-999;-999;    3;   0.1;   4;-999;   0;  -999;   6.8;    -999;    4.8;   78.38;    7.9;    1.0;   -2.1;eor
       5280;20190415;-999;-999;-999;    3;   0.0;   0;-999;   0;  -999;   6.6;    -999;    6.2;   70.17;   10.5;    2.7;    1.0;eor
       5280;20190416;-999;-999;-999;    3;   0.0;   0;-999;   0;  -999;   6.7;    -999;    6.8;   68.75;   12.4;    1.9;   -0.8;eor
       5280;20190417;-999;-999;-999;    3;   0.0;   0;-999;   0;  -999;   6.8;    -999;    9.3;   59.33;   14.7;    1.7;   -2.2;eor
       5280;20190418;-999;-999;-999;    3;   0.0;   0;-999;   0;  -999;   8.3;    -999;   10.1;   69.38;   17.3;    3.2;   -1.1;eor
       5280;20190419;-999;-999;-999;    3;   0.0;   0;-999;   0;  -999;   8.5;    -999;   11.1;   66.38;   19.0;    3.5;   -0.8;eor
       5280;20190420;-999;-999;-999;    3;   0.0;   0;-999;   0;  -999;   6.3;    -999;    9.9;   55.96;   17.2;    2.2;   -1.6;eor
       5280;20190421;-999;-999;-999;    3;   0.0;   0;-999;   0;  -999;   6.9;    -999;   11.3;   55.33;   20.7;    0.7;   -3.1;eor
       5280;20190422;-999;-999;-999;    3;   0.0;   0;-999;   0;  -999;   7.6;    -999;   12.6;   54.96;   19.3;    4.4;    0.6;eor
       5280;20190423;-999;-999;-999;    3;   0.3;   4;-999;   0;  -999;   8.5;    -999;   14.6;   52.46;   19.3;    9.6;    7.3;eor
       5280;20190424;-999;-999;-999;    3;   0.4;   4;-999;   0;  -999;  11.6;    -999;   16.3;   63.79;   22.7;   10.9;    9.3;eor
       5280;20190425;-999;-999;-999;    3;   0.0;   0;-999;   0;  -999;  11.1;    -999;   16.6;   61.79;   22.8;   11.3;    8.0;eor
       5280;20190426;-999;-999;-999;    3;   5.2;   4;-999;   0;  -999;  11.7;    -999;   13.6;   75.46;   18.4;    9.7;    8.0;eor
       5280;20190427;-999;-999;-999;    3;   4.5;   4;-999;   0;  -999;  11.3;    -999;   12.3;   81.75;   19.3;    8.3;    8.2;eor
       5280;20190428;-999;-999;-999;    3;   6.0;   4;-999;   0;  -999;  10.0;    -999;    8.0;   93.67;   10.0;    5.4;    3.2;eor
       5280;20190429;-999;-999;-999;    3;   2.3;   4;-999;   0;  -999;   9.9;    -999;   10.0;   81.50;   17.0;    3.6;    0.5;eor
       5280;20190430;-999;-999;-999;    3;   0.0;   0;-999;   0;  -999;   9.0;    -999;   11.8;   68.29;   20.9;    1.6;   -1.1;eor
       5280;20190501;-999;-999;-999;    3;   0.0;   0;-999;-999;  -999;   9.5;    -999;    8.8;   83.83;   11.0;    7.7;    7.4;eor
       5280;20190502;-999;-999;-999;    3;   1.6;   4;-999;-999;  -999;   9.2;    -999;    8.1;   84.38;    9.6;    3.8;    1.1;eor
       5280;20190503;-999;-999;-999;    3;   1.4;   4;-999;-999;  -999;   6.4;    -999;    5.7;   71.46;   10.6;    1.8;   -1.3;eor
       5280;20190504;-999;-999;-999;    3;   0.0;   0;-999;-999;  -999;   6.2;    -999;    5.1;   73.13;   10.3;    0.4;   -3.3;eor
       5280;20190505;-999;-999;-999;    3;   0.6;   4;-999;-999;  -999;   6.2;    -999;    5.8;   69.75;   13.0;   -1.7;   -5.6;eor
       5280;20190506;-999;-999;-999;    3;   1.0;   4;-999;-999;  -999;   6.9;    -999;    6.3;   73.25;   11.0;    1.9;   -1.7;eor
       5280;20190507;-999;-999;-999;    3;   0.6;   4;-999;-999;  -999;   6.3;    -999;    6.4;   68.50;   12.3;    0.4;   -3.6;eor
       5280;20190508;-999;-999;-999;    3;  10.8;   4;-999;-999;  -999;   8.5;    -999;    9.0;   74.21;   14.8;    1.0;   -2.4;eor
       5280;20190509;-999;-999;-999;    3;   0.7;   4;-999;-999;  -999;  11.3;    -999;   12.2;   80.79;   16.9;    8.7;    7.5;eor
       5280;20190510;-999;-999;-999;    3;   0.7;   4;-999;-999;  -999;   9.8;    -999;    9.0;   84.92;   11.6;    1.9;   -1.5;eor
       5280;20190511;-999;-999;-999;    3;   0.0;   0;-999;-999;  -999;   7.0;    -999;    8.4;   66.25;   14.7;   -0.1;   -2.7;eor
       5280;20190512;-999;-999;-999;    3;   0.0;   0;-999;-999;  -999;   6.8;    -999;    9.3;   60.21;   14.8;    3.4;    1.4;eor
       5280;20190513;-999;-999;-999;    3;   0.0;   0;-999;-999;  -999;   6.8;    -999;    9.6;   59.79;   15.5;    4.3;    0.0;eor
       5280;20190514;-999;-999;-999;    3;   0.0;   0;-999;-999;  -999;   6.7;    -999;    8.6;   62.79;   14.2;    1.9;   -1.8;eor
       5280;20190515;-999;-999;-999;    3;   0.0;   0;-999;-999;  -999;   6.1;    -999;    9.1;   56.79;   16.0;    0.1;   -2.7;eor
       5280;20190516;-999;-999;-999;    3;   2.5;   4;-999;-999;  -999;   8.8;    -999;   10.3;   69.83;   13.8;    7.8;    6.1;eor
       5280;20190517;-999;-999;-999;    3;   0.0;   0;-999;-999;  -999;  12.0;    -999;   12.1;   86.04;   17.4;    8.9;    8.8;eor
       5280;20190518;-999;-999;-999;    3;   0.0;   0;-999;-999;  -999;  14.0;    -999;   15.1;   82.67;   21.6;   10.6;    9.2;eor
       5280;20190519;-999;-999;-999;    3;   0.0;   0;-999;-999;  -999;  14.0;    -999;   14.6;   85.83;   22.4;   10.2;    9.9;eor
       5280;20190520;-999;-999;-999;    3;   0.1;   4;-999;-999;  -999;  15.2;    -999;   15.4;   87.58;   21.3;   11.2;   11.4;eor
       5280;20190521;-999;-999;-999;    3;  29.6;   4;-999;-999;  -999;  15.7;    -999;   15.1;   91.50;   17.3;   11.7;   11.6;eor
       5280;20190522;-999;-999;-999;    3;   0.2;   4;-999;-999;  -999;  11.4;    -999;   11.1;   86.46;   15.1;    6.5;    3.0;eor
       5280;20190523;-999;-999;-999;    3;   0.0;   0;-999;-999;  -999;  10.1;    -999;   13.4;   69.21;   19.8;    6.2;    3.0;eor
       5280;20190524;-999;-999;-999;    3;   0.0;   0;-999;-999;  -999;  10.8;    -999;   14.4;   68.67;   21.8;    6.8;    3.3;eor
       5280;20190525;-999;-999;-999;    3;   0.0;   0;-999;-999;  -999;  10.0;    -999;   11.8;   72.63;   15.1;    8.4;    6.1;eor
       5280;20190526;-999;-999;-999;    3;  14.0;   4;-999;-999;  -999;  13.7;    -999;   12.9;   90.25;   16.7;    8.2;    6.2;eor
       5280;20190527;-999;-999;-999;    3;   0.0;   0;-999;-999;  -999;  12.1;    -999;   13.9;   77.13;   17.4;    9.3;    6.1;eor
       5280;20190528;-999;-999;-999;    3;   0.0;   0;-999;-999;  -999;   9.1;    -999;   11.2;   69.50;   15.9;    6.0;    2.9;eor
       5280;20190529;-999;-999;-999;    3;   0.0;   0;-999;-999;  -999;   7.5;    -999;    9.9;   64.79;   15.9;    3.1;   -0.2;eor
       5280;20190530;-999;-999;-999;    3;   0.8;   4;-999;-999;  -999;  12.6;    -999;   12.9;   82.04;   17.3;    5.1;    1.4;eor
       5280;20190531;-999;-999;-999;    3;   0.0;   0;-999;-999;  -999;  15.7;    -999;   17.7;   78.67;   22.9;   13.0;   10.1;eor
       5280;20190601;-999;-999;-999;    3;   0.0;   0;-999;-999;  -999;  14.4;    -999;   17.4;   74.29;   23.4;   10.5;    7.3;eor
       5280;20190602;-999;-999;-999;    3;   0.0;   0;-999;-999;  -999;  16.3;    -999;   20.0;   71.17;   30.2;    8.6;    5.5;eor
       5280;20190603;-999;-999;-999;    3;   1.6;   4;-999;-999;  -999;  16.8;    -999;   19.9;   72.50;   25.5;   13.4;   12.5;eor
       5280;20190604;-999;-999;-999;    3;   5.9;   4;-999;-999;  -999;  14.4;    -999;   15.8;   81.21;   20.3;   12.4;   11.4;eor
       5280;20190605;-999;-999;-999;    3;   0.0;   0;-999;-999;  -999;  19.7;    -999;   22.7;   72.50;   28.0;   17.2;   14.9;eor
       5280;20190606;-999;-999;-999;    3;   0.0;   4;-999;-999;  -999;  15.5;    -999;   18.2;   73.83;   25.4;   10.9;    9.7;eor
       5280;20190607;-999;-999;-999;    3;  10.3;   4;-999;-999;  -999;  12.9;    -999;   15.7;   73.50;   20.5;    9.9;    7.2;eor
       5280;20190608;-999;-999;-999;    3;   0.1;   4;-999;-999;  -999;  12.3;    -999;   15.2;   72.21;   18.1;   12.1;    8.4;eor
       5280;20190609;-999;-999;-999;    3;   0.6;   4;-999;-999;  -999;  11.3;    -999;   16.3;   62.50;   21.4;   11.3;    8.3;eor
       5280;20190610;-999;-999;-999;    3;  11.3;   4;-999;-999;  -999;  15.2;    -999;   16.3;   81.63;   21.6;   13.5;   13.1;eor
       5280;20190611;-999;-999;-999;    3;  10.2;   4;-999;-999;  -999;  17.5;    -999;   17.3;   89.33;   23.3;   13.8;   13.4;eor
       5280;20190612;-999;-999;-999;    3;   2.9;   4;-999;-999;  -999;  18.7;    -999;   17.5;   93.29;   21.7;   12.9;    9.6;eor
       5280;20190613;-999;-999;-999;    3;   0.0;   0;-999;-999;  -999;  14.2;    -999;   17.4;   74.21;   23.8;   11.8;    8.5;eor
       5280;20190614;-999;-999;-999;    3;   7.5;   4;-999;-999;  -999;  16.3;    -999;   18.8;   76.96;   26.8;   11.2;    8.9;eor
       5280;20190615;-999;-999;-999;    3;   7.3;   4;-999;-999;  -999;  17.6;    -999;   17.3;   89.13;   21.7;   14.2;   14.1;eor
       5280;20190616;-999;-999;-999;    3;   6.5;   4;-999;-999;  -999;  14.6;    -999;   17.5;   75.29;   22.6;   11.9;   10.3;eor
       5280;20190617;-999;-999;-999;    3;   0.0;   0;-999;-999;  -999;  15.5;    -999;   18.8;   74.54;   24.7;   11.9;   10.5;eor
       5280;20190618;-999;-999;-999;    3;   0.8;   4;-999;-999;  -999;  17.8;    -999;   21.1;   73.58;   28.6;   14.7;   12.5;eor
       5280;20190619;-999;-999;-999;    3;   7.3;   4;-999;-999;  -999;  19.1;    -999;   20.4;   81.13;   29.3;   15.4;   14.1;eor
       5280;20190620;-999;-999;-999;    3;   0.1;   4;-999;-999;  -999;  17.4;    -999;   17.8;   85.71;   21.4;   14.9;   13.6;eor
       5280;20190621;-999;-999;-999;    3;   0.0;   0;-999;-999;  -999;  13.6;    -999;   16.2;   74.88;   21.6;   10.1;    8.1;eor
       5280;20190622;-999;-999;-999;    3;   0.0;   0;-999;-999;  -999;  11.8;    -999;   15.0;   71.54;   21.2;    8.0;    6.2;eor
       5280;20190623;-999;-999;-999;    3;   0.0;   0;-999;-999;  -999;  13.8;    -999;   17.4;   70.88;   23.5;    9.7;    8.3;eor
       5280;20190624;-999;-999;-999;    3;   0.0;   0;-999;-999;  -999;  15.8;    -999;   19.6;   70.00;   24.9;   12.5;   10.2;eor
       5280;20190625;-999;-999;-999;    3;   0.0;   0;-999;-999;  -999;  18.4;    -999;   23.5;   65.04;   32.0;   13.3;   10.8;eor
       5280;20190626;-999;-999;-999;    3;   0.0;   0;-999;-999;  -999;  19.0;    -999;   22.4;   70.96;   29.8;   13.9;   13.0;eor
       5280;20190627;-999;-999;-999;    3;   0.0;   0;-999;-999;  -999;  12.4;    -999;   15.3;   71.17;   19.1;   12.5;   11.3;eor
       5280;20190628;-999;-999;-999;    3;   0.0;   0;-999;-999;  -999;  13.3;    -999;   16.9;   70.38;   23.9;   11.2;    8.5;eor
       5280;20190629;-999;-999;-999;    3;   0.0;   0;-999;-999;  -999;  13.8;    -999;   19.3;   67.04;   29.1;    9.7;    6.8;eor
       5280;20190630;-999;-999;-999;    3;   0.0;   0;-999;-999;  -999;  16.3;    -999;   21.9;   66.25;   34.3;   13.3;    9.9;eor
       5280;20190701;-999;-999;-999;    3;   3.1;   4;-999;-999;  -999;  14.3;    -999;   17.6;   72.75;   23.1;   13.0;   10.1;eor
       5280;20190702;-999;-999;-999;    3;   0.2;   4;-999;-999;  -999;  11.2;    -999;   14.2;   70.17;   17.6;    9.3;    7.0;eor
       5280;20190703;-999;-999;-999;    3;   0.0;   0;-999;-999;  -999;  10.2;    -999;   13.8;   65.92;   18.5;    8.7;    5.9;eor
       5280;20190704;-999;-999;-999;    3;   1.2;   4;-999;-999;  -999;  12.0;    -999;   14.7;   71.58;   19.6;    8.3;    5.4;eor
       5280;20190705;-999;-999;-999;    3;   0.5;   4;-999;-999;  -999;  14.4;    -999;   15.4;   82.13;   18.5;   13.0;   12.8;eor
       5280;20190706;-999;-999;-999;    3;   0.7;   4;-999;-999;  -999;  13.8;    -999;   14.9;   81.67;   17.6;   13.5;   12.8;eor
       5280;20190707;-999;-999;-999;    3;   0.2;   4;-999;-999;  -999;  10.5;    -999;   13.3;   69.33;   17.3;   11.1;   10.2;eor
       5280;20190708;-999;-999;-999;    3;   0.5;   4;-999;-999;  -999;  11.3;    -999;   13.2;   74.96;   16.2;   10.3;    9.0;eor
       5280;20190709;-999;-999;-999;    3;   0.0;   0;-999;-999;  -999;  11.3;    -999;   13.9;   72.71;   17.7;    9.9;    8.1;eor
       5280;20190710;-999;-999;-999;    3;   0.0;   0;-999;-999;  -999;  11.5;    -999;   15.5;   67.17;   22.0;    9.9;    8.3;eor
       5280;20190711;-999;-999;-999;    3;  12.5;   4;-999;-999;  -999;  14.4;    -999;   16.4;   77.08;   20.3;   12.4;   12.5;eor
       5280;20190712;-999;-999;-999;    3;   5.7;   4;-999;-999;  -999;  17.4;    -999;   16.8;   91.42;   21.7;   14.2;   14.2;eor
       5280;20190713;-999;-999;-999;    3;  20.5;   4;-999;-999;  -999;  17.1;    -999;   17.4;   85.54;   22.2;   14.1;   13.6;eor
       5280;20190714;-999;-999;-999;    3;   0.0;   0;-999;-999;  -999;  13.6;    -999;   14.5;   82.46;   16.6;   13.1;   13.0;eor
       5280;20190715;-999;-999;-999;    3;   0.0;   0;-999;-999;  -999;  12.2;    -999;   14.2;   75.29;   16.7;   12.7;   12.6;eor
       5280;20190716;-999;-999;-999;    3;   0.0;   0;-999;-999;  -999;  13.8;    -999;   15.9;   77.33;   20.7;   13.0;   12.4;eor
       5280;20190717;-999;-999;-999;    3;   0.0;   0;-999;-999;  -999;  13.9;    -999;   14.7;   83.13;   19.7;   10.9;    8.9;eor
       5280;20190718;-999;-999;-999;    3;   0.0;   4;-999;-999;  -999;  14.6;    -999;   17.8;   73.63;   24.8;    9.3;    7.8;eor
       5280;20190719;-999;-999;-999;    3;   0.0;   0;-999;-999;  -999;  15.1;    -999;   18.4;   73.50;   23.6;   12.2;   10.2;eor
       5280;20190720;-999;-999;-999;    3;  10.4;   4;-999;-999;  -999;  16.7;    -999;   19.0;   79.25;   28.3;   11.8;    9.9;eor
       5280;20190721;-999;-999;-999;    3;   0.0;   0;-999;-999;  -999;  16.2;    -999;   18.0;   79.63;   22.9;   12.7;   10.3;eor
       5280;20190722;-999;-999;-999;    3;   0.9;   4;-999;-999;  -999;  16.2;    -999;   16.7;   85.00;   20.9;   11.6;    9.7;eor
       5280;20190723;-999;-999;-999;    3;   0.0;   0;-999;-999;  -999;  19.5;    -999;   22.3;   75.42;   29.7;   14.6;   12.5;eor
       5280;20190724;-999;-999;-999;    3;   0.0;   0;-999;-999;  -999;  19.4;    -999;   23.5;   70.08;   31.3;   15.3;   13.8;eor
       5280;20190725;-999;-999;-999;    3;   0.0;   0;-999;-999;  -999;  19.4;    -999;   24.8;   63.92;   32.4;   18.6;   16.1;eor
       5280;20190726;-999;-999;-999;    3;   0.0;   0;-999;-999;  -999;  17.0;    -999;   22.8;   62.71;   28.6;   16.4;   13.9;eor
       5280;20190727;-999;-999;-999;    3;   0.0;   0;-999;-999;  -999;  18.2;    -999;   21.3;   72.79;   25.9;   17.6;   16.2;eor
       5280;20190728;-999;-999;-999;    3;   0.0;   0;-999;-999;  -999;  19.8;    -999;   22.1;   75.63;   27.1;   18.0;   16.9;eor
       5280;20190729;-999;-999;-999;    3;  20.8;   4;-999;-999;  -999;  21.7;    -999;   22.0;   83.00;   29.2;   18.2;   16.9;eor
       5280;20190730;-999;-999;-999;    3;  16.8;   4;-999;-999;  -999;  17.0;    -999;   18.6;   80.46;   24.3;   15.1;   13.6;eor
       5280;20190731;-999;-999;-999;    3;  11.4;   4;-999;-999;  -999;  18.5;    -999;   17.8;   91.04;   22.7;   14.7;   13.8;eor
       5280;20190801;-999;-999;-999;    3;   0.0;   0;-999;-999;  -999;  15.7;    -999;   18.4;   77.00;   24.3;   13.0;   11.4;eor
       5280;20190802;-999;-999;-999;    3;   1.1;   4;-999;-999;  -999;  17.3;    -999;   17.4;   87.79;   23.6;   13.2;   11.7;eor
       5280;20190803;-999;-999;-999;    3;   6.1;   4;-999;-999;  -999;  17.4;    -999;   17.7;   86.58;   24.1;   13.6;   11.8;eor
       5280;20190804;-999;-999;-999;    3;   0.0;   0;-999;-999;  -999;  16.0;    -999;   16.5;   85.75;   20.9;   12.3;   10.6;eor
       5280;20190805;-999;-999;-999;    3;   0.0;   4;-999;-999;  -999;  17.5;    -999;   18.6;   83.13;   24.3;   12.7;   11.9;eor
       5280;20190806;-999;-999;-999;    3;   0.0;   0;-999;-999;  -999;  16.4;    -999;   18.9;   77.25;   24.5;   13.3;   11.4;eor
       5280;20190807;-999;-999;-999;    3;   0.8;   4;-999;-999;  -999;  15.4;    -999;   17.2;   79.42;   23.8;   12.3;   10.3;eor
       5280;20190808;-999;-999;-999;    3;   5.2;   4;-999;-999;  -999;  15.1;    -999;   16.7;   80.46;   22.1;   12.5;   10.1;eor
       5280;20190809;-999;-999;-999;    3;   3.4;   4;-999;-999;  -999;  15.8;    -999;   17.4;   80.13;   22.1;   11.7;    8.7;eor
       5280;20190810;-999;-999;-999;    3;   1.9;   4;-999;-999;  -999;  17.1;    -999;   19.8;   74.63;   23.5;   16.5;   14.1;eor
       5280;20190811;-999;-999;-999;    3;   0.0;   0;-999;-999;  -999;  12.7;    -999;   18.9;   59.08;   23.2;   15.1;   12.0;eor
       5280;20190812;-999;-999;-999;    3;   5.0;   4;-999;-999;  -999;  14.7;    -999;   17.4;   75.38;   22.9;   13.0;   10.4;eor
       5280;20190813;-999;-999;-999;    3;   0.2;   4;-999;-999;  -999;  12.8;    -999;   14.6;   77.04;   18.0;    9.1;    6.7;eor
       5280;20190814;-999;-999;-999;    3;  15.3;   4;-999;-999;  -999;  12.0;    -999;   14.3;   75.04;   20.1;    9.2;    6.5;eor
       5280;20190815;-999;-999;-999;    3;   6.9;   4;-999;-999;  -999;  15.4;    -999;   15.1;   89.33;   18.3;   12.1;   12.0;eor
       5280;20190816;-999;-999;-999;    3;   1.5;   4;-999;-999;  -999;  15.0;    -999;   17.1;   78.21;   20.9;   14.6;   13.4;eor
       5280;20190817;-999;-999;-999;    3;  10.5;   4;-999;-999;  -999;  16.5;    -999;   17.1;   83.88;   20.1;   14.1;   13.6;eor
       5280;20190818;-999;-999;-999;    3;   1.0;   4;-999;-999;  -999;  16.6;    -999;   16.6;   87.92;   18.6;   13.0;   10.2;eor
       5280;20190819;-999;-999;-999;    3;   0.0;   0;-999;-999;  -999;  14.4;    -999;   16.4;   78.79;   21.4;   11.0;    8.8;eor
       5280;20190820;-999;-999;-999;    3;   0.1;   4;-999;-999;  -999;  12.9;    -999;   16.0;   73.42;   21.7;   10.0;    7.7;eor
       5280;20190821;-999;-999;-999;    3;   0.0;   0;-999;-999;  -999;  12.9;    -999;   15.2;   76.83;   20.9;   10.4;    8.0;eor
       5280;20190822;-999;-999;-999;    3;   0.0;   0;-999;-999;  -999;  12.4;    -999;   17.4;   67.58;   25.5;    9.3;    6.7;eor
       5280;20190823;-999;-999;-999;    3;   0.0;   0;-999;-999;  -999;  13.7;    -999;   18.0;   70.21;   25.1;   10.6;    8.2;eor
       5280;20190824;-999;-999;-999;    3;   0.0;   0;-999;-999;  -999;  15.8;    -999;   19.7;   71.54;   27.0;   12.5;   10.4;eor
       5280;20190825;-999;-999;-999;    3;   0.0;   0;-999;-999;  -999;  17.2;    -999;   21.3;   69.75;   28.4;   13.0;   10.3;eor
       5280;20190826;-999;-999;-999;    3;   0.0;   0;-999;-999;  -999;  16.9;    -999;   23.0;   62.96;   30.4;   16.7;   14.9;eor
       5280;20190827;-999;-999;-999;    3;   1.3;   4;-999;-999;  -999;  20.0;    -999;   22.3;   76.79;   30.8;   17.0;   15.1;eor
       5280;20190828;-999;-999;-999;    3;   6.9;   4;-999;-999;  -999;  20.4;    -999;   24.1;   70.67;   31.6;   18.2;   16.6;eor
       5280;20190829;-999;-999;-999;    3;   0.6;   4;-999;-999;  -999;  18.6;    -999;   19.5;   83.13;   24.3;   15.1;   12.7;eor
       5280;20190830;-999;-999;-999;    3;   0.0;   0;-999;-999;  -999;  15.3;    -999;   18.4;   75.42;   24.5;   13.1;   10.8;eor
       5280;20190831;-999;-999;-999;    3;   0.0;   0;-999;-999;  -999;  17.2;    -999;   21.0;   72.29;   30.3;   12.1;    9.3;eor
       5280;20190901;-999;-999;-999;    3;   3.4;   4;-999;-999;  -999;  15.0;    -999;   17.7;   73.83;   22.6;   10.9;    7.5;eor
       5280;20190902;-999;-999;-999;    3;   1.8;   4;-999;-999;  -999;  11.7;    -999;   14.1;   74.08;   19.3;   10.4;    7.8;eor
       5280;20190903;-999;-999;-999;    3;   1.5;   4;-999;-999;  -999;  14.4;    -999;   15.1;   83.46;   19.4;   11.8;   11.4;eor
       5280;20190904;-999;-999;-999;    3;   2.7;   4;-999;-999;  -999;  14.4;    -999;   15.8;   80.79;   19.8;   11.7;    8.9;eor
       5280;20190905;-999;-999;-999;    3;   1.7;   4;-999;-999;  -999;  11.9;    -999;   13.1;   79.17;   17.3;    8.3;    5.3;eor
       5280;20190906;-999;-999;-999;    3;   0.1;   4;-999;-999;  -999;  10.9;    -999;   13.4;   71.75;   17.8;    8.5;    5.6;eor
       5280;20190907;-999;-999;-999;    3;   0.0;   0;-999;-999;  -999;  11.7;    -999;   13.6;   75.92;   18.7;    8.2;    5.7;eor
       5280;20190908;-999;-999;-999;    3;   0.0;   0;-999;-999;  -999;  11.7;    -999;   12.8;   80.67;   19.4;    6.5;    4.3;eor
       5280;20190909;-999;-999;-999;    3;   9.1;   4;-999;-999;  -999;  13.2;    -999;   13.3;   86.63;   18.2;   10.0;    8.4;eor
       5280;20190910;-999;-999;-999;    3;   1.3;   4;-999;-999;  -999;  13.8;    -999;   14.1;   85.96;   17.7;   12.0;   10.5;eor
       5280;20190911;-999;-999;-999;    3;   4.4;   4;-999;-999;  -999;  12.6;    -999;   14.3;   78.67;   19.9;    8.5;    5.4;eor
       5280;20190912;-999;-999;-999;    3;   1.3;   4;-999;-999;  -999;  14.1;    -999;   15.9;   79.00;   20.3;   12.1;   10.1;eor
       5280;20190913;-999;-999;-999;    3;   1.2;   4;-999;-999;  -999;  12.7;    -999;   15.3;   73.46;   18.8;    7.6;    4.8;eor
       5280;20190914;-999;-999;-999;    3;   0.0;   0;-999;-999;  -999;  10.3;    -999;   11.9;   77.13;   18.4;    6.2;    2.8;eor
       5280;20190915;-999;-999;-999;    3;   1.5;   4;-999;-999;  -999;  12.0;    -999;   13.2;   78.42;   17.1;    8.6;    6.7;eor
       5280;20190916;-999;-999;-999;    3;   0.7;   4;-999;-999;  -999;  10.4;    -999;   11.3;   78.75;   16.2;    7.2;    5.9;eor
       5280;20190917;-999;-999;-999;    3;   3.7;   4;-999;-999;  -999;  10.1;    -999;   10.8;   78.17;   14.5;    7.8;    5.6;eor
       5280;20190918;-999;-999;-999;    3;   0.0;   0;-999;-999;  -999;   8.9;    -999;   11.1;   68.42;   15.7;    7.6;    5.6;eor
       5280;20190919;-999;-999;-999;    3;   0.0;   0;-999;-999;  -999;   9.0;    -999;   10.7;   71.79;   16.2;    6.4;    3.8;eor
       5280;20190920;-999;-999;-999;    3;   0.0;   0;-999;-999;  -999;  11.5;    -999;   11.6;   83.75;   16.0;    5.4;    2.9;eor
       5280;20190921;-999;-999;-999;    3;   0.0;   0;-999;-999;  -999;  13.1;    -999;   13.9;   83.21;   20.4;    9.2;    6.3;eor
       5280;20190922;-999;-999;-999;    3;   0.0;   0;-999;-999;  -999;  11.6;    -999;   14.5;   74.04;   23.2;    7.2;    4.5;eor
       5280;20190923;-999;-999;-999;    3;   0.0;   0;-999;-999;  -999;  12.6;    -999;   15.3;   74.92;   21.9;    9.3;    6.6;eor
       5280;20190924;-999;-999;-999;    3;   0.0;   0;-999;-999;  -999;  14.6;    -999;   15.8;   82.08;   20.1;   11.5;    9.1;eor
       5280;20190925;-999;-999;-999;    3;   0.9;   4;-999;-999;  -999;  14.1;    -999;   13.6;   90.58;   15.9;   10.8;    8.5;eor
       5280;20190926;-999;-999;-999;    3;   6.8;   4;-999;-999;  -999;  15.1;    -999;   14.4;   92.17;   17.3;   11.8;    9.5;eor
       5280;20190927;-999;-999;-999;    3;   0.5;   4;-999;-999;  -999;  14.5;    -999;   15.2;   84.17;   18.7;   12.5;   10.4;eor
       5280;20190928;-999;-999;-999;    3;   1.1;   4;-999;-999;  -999;  12.9;    -999;   15.1;   75.88;   18.6;   12.9;   10.8;eor
       5280;20190929;-999;-999;-999;    3;  17.8;   4;-999;-999;  -999;  14.3;    -999;   13.7;   90.71;   15.4;   12.9;   11.9;eor
       5280;20190930;-999;-999;-999;    3;  10.2;   4;-999;-999;  -999;  12.8;    -999;   13.3;   84.13;   15.8;   10.4;    9.6;eor
       5280;20191001;-999;-999;-999;    3;   8.8;   4;-999;   0;  -999;  11.4;    -999;    9.8;   93.46;   11.3;    6.7;    4.7;eor
       5280;20191002;-999;-999;-999;    3;   2.7;   4;-999;   0;  -999;   9.3;    -999;    9.4;   79.50;   13.3;    5.6;    3.3;eor
       5280;20191003;-999;-999;-999;    3;   0.0;   0;-999;   0;  -999;   9.1;    -999;    8.2;   84.54;   13.3;    4.3;    2.0;eor
       5280;20191004;-999;-999;-999;    3;   5.8;   4;-999;   0;  -999;  10.0;    -999;    7.8;   93.46;    9.6;    4.4;    2.6;eor
       5280;20191005;-999;-999;-999;    3;   0.2;   4;-999;   0;  -999;   8.9;    -999;    8.2;   82.92;   12.7;    4.0;    1.9;eor
       5280;20191006;-999;-999;-999;    3;   0.0;   0;-999;   0;  -999;   7.9;    -999;    6.4;   82.63;   10.5;    1.0;   -1.3;eor
       5280;20191007;-999;-999;-999;    3;   3.9;   4;-999;   0;  -999;   7.3;    -999;    5.8;   79.96;   11.5;   -0.5;   -2.8;eor
       5280;20191008;-999;-999;-999;    3;   3.8;   4;-999;   0;  -999;  11.7;    -999;   11.0;   88.33;   15.5;    7.2;    6.7;eor
       5280;20191009;-999;-999;-999;    3;   1.3;   4;-999;   0;  -999;  11.2;    -999;   11.3;   83.96;   14.2;    9.0;    8.0;eor
       5280;20191010;-999;-999;-999;    3;   3.6;   4;-999;   0;  -999;  10.5;    -999;   10.1;   85.00;   13.2;    8.1;    6.7;eor
       5280;20191011;-999;-999;-999;    3;   7.0;   4;-999;   0;  -999;  12.8;    -999;   12.8;   86.25;   14.6;   10.0;    9.1;eor
       5280;20191012;-999;-999;-999;    3;   4.6;   4;-999;   0;  -999;  12.7;    -999;   12.2;   88.88;   14.7;   10.3;   10.1;eor
       5280;20191013;-999;-999;-999;    3;   2.1;   4;-999;   0;  -999;  14.9;    -999;   14.2;   91.17;   19.5;   10.4;   10.2;eor
       5280;20191014;-999;-999;-999;    3;   0.0;   0;-999;   0;  -999;  12.8;    -999;   14.5;   77.67;   16.7;   12.4;   11.0;eor
       5280;20191015;-999;-999;-999;    3;  10.8;   4;-999;   0;  -999;  13.9;    -999;   14.3;   85.25;   20.6;   10.9;    9.4;eor
       5280;20191016;-999;-999;-999;    3;   6.4;   4;-999;   0;  -999;  13.2;    -999;   12.1;   93.58;   14.4;    7.9;    5.7;eor
       5280;20191017;-999;-999;-999;    3;   2.7;   4;-999;   0;  -999;  14.0;    -999;   13.0;   93.08;   15.2;   10.8;    8.1;eor
       5280;20191018;-999;-999;-999;    3;   1.5;   4;-999;   0;  -999;  12.7;    -999;   13.0;   84.17;   17.5;   10.2;    8.4;eor
       5280;20191019;-999;-999;-999;    3;   1.0;   4;-999;   0;  -999;  11.1;    -999;   11.2;   82.50;   14.6;    8.1;    5.4;eor
       5280;20191020;-999;-999;-999;    3;   9.6;   4;-999;   0;  -999;  12.1;    -999;   10.8;   93.33;   13.4;    8.6;    6.1;eor
       5280;20191021;-999;-999;-999;    3;   0.0;   0;-999;   0;  -999;  12.9;    -999;   11.7;   93.33;   14.4;    9.7;    6.5;eor
       5280;20191022;-999;-999;-999;    3;   0.0;   0;-999;   0;  -999;  11.5;    -999;   11.1;   87.29;   13.8;    8.3;    5.7;eor
       5280;20191023;-999;-999;-999;    3;   0.0;   0;-999;   0;  -999;  11.7;    -999;   11.2;   87.88;   14.3;    8.6;    6.7;eor
       5280;20191024;-999;-999;-999;    3;   1.7;   4;-999;   0;  -999;  13.3;    -999;   12.3;   92.54;   14.2;   10.0;    7.4;eor
       5280;20191025;-999;-999;-999;    3;   0.9;   4;-999;   0;  -999;  11.8;    -999;   13.2;   77.63;   14.9;   11.5;    9.0;eor
       5280;20191026;-999;-999;-999;    3;   3.0;   4;-999;   0;  -999;  12.4;    -999;   15.8;   69.33;   18.0;   13.1;   11.8;eor
       5280;20191027;-999;-999;-999;    3;   1.6;   4;-999;   0;  -999;   9.9;    -999;   10.5;   77.79;   16.1;    7.4;    6.0;eor
       5280;20191028;-999;-999;-999;    3;   0.1;   4;-999;   0;  -999;   8.8;    -999;    7.6;   84.04;   11.8;    1.9;   -0.9;eor
       5280;20191029;-999;-999;-999;    3;   0.0;   0;-999;   0;  -999;   6.5;    -999;    4.3;   80.79;   10.2;   -0.6;   -3.1;eor
       5280;20191030;-999;-999;-999;    3;   0.0;   0;-999;   0;  -999;   5.5;    -999;    1.8;   81.96;    9.1;   -2.2;   -4.6;eor
       5280;20191031;-999;-999;-999;    3;   0.0;   0;-999;   0;  -999;   5.5;    -999;    0.9;   85.00;    8.0;   -2.9;   -5.3;eor
       5280;20191101;-999;-999;-999;    3;   5.4;   4;-999;   0;  -999;   6.2;    -999;    2.0;   86.79;    5.3;   -1.8;   -4.9;eor
       5280;20191102;-999;-999;-999;    3;   7.9;   4;-999;   0;  -999;  11.2;    -999;    9.5;   93.92;   14.1;    5.3;    5.0;eor
       5280;20191103;-999;-999;-999;    3;   1.2;   4;-999;   0;  -999;  10.8;    -999;    9.8;   89.17;   12.3;    7.0;    5.2;eor
       5280;20191104;-999;-999;-999;    3;   7.9;   4;-999;   0;  -999;  11.2;    -999;    9.6;   93.75;   11.2;    6.8;    4.7;eor
       5280;20191105;-999;-999;-999;    3;   3.8;   4;-999;   0;  -999;  10.0;    -999;    7.8;   93.83;    9.9;    6.7;    6.0;eor
       5280;20191106;-999;-999;-999;    3;   1.9;   4;-999;   0;  -999;   8.8;    -999;    6.1;   93.63;    7.2;    4.6;    3.0;eor
       5280;20191107;-999;-999;-999;    3;   1.8;   4;-999;   0;  -999;   8.2;    -999;    4.9;   94.00;    7.9;    2.6;    3.1;eor
       5280;20191108;-999;-999;-999;    3;   0.0;   0;-999;   0;  -999;   7.9;    -999;    4.9;   91.58;    9.0;    0.9;   -2.0;eor
       5280;20191109;-999;-999;-999;    3;   0.1;   4;-999;   0;  -999;   7.9;    -999;    4.8;   91.17;    9.0;    2.2;    0.5;eor
       5280;20191110;-999;-999;-999;    3;   0.0;   0;-999;   0;  -999;   6.9;    -999;    3.8;   85.92;    8.6;   -0.3;   -2.6;eor
       5280;20191111;-999;-999;-999;    3;   0.0;   0;-999;   0;  -999;   6.3;    -999;    2.1;   88.08;    4.5;   -0.1;   -3.2;eor
       5280;20191112;-999;-999;-999;    3;   0.0;   0;-999;   0;  -999;   6.8;    -999;    5.0;   77.67;    7.3;    2.3;   -0.9;eor
       5280;20191113;-999;-999;-999;    3;   0.8;   4;-999;   0;  -999;   6.9;    -999;    3.6;   86.42;    5.6;    0.8;   -1.8;eor
       5280;20191114;-999;-999;-999;    3;   0.0;   0;-999;   0;  -999;   6.8;    -999;    3.3;   87.71;    7.3;   -0.7;   -3.1;eor
       5280;20191115;-999;-999;-999;    3;   0.0;   0;-999;   0;  -999;   7.5;    -999;    4.9;   85.71;    7.1;    2.5;    0.2;eor
       5280;20191116;-999;-999;-999;    3;  13.5;   4;-999;   0;  -999;   8.5;    -999;    6.0;   90.33;    7.3;    3.3;    0.7;eor
       5280;20191117;-999;-999;-999;    3;   1.3;   4;-999;   0;  -999;   6.9;    -999;    3.3;   88.08;    7.3;   -1.3;   -3.8;eor
       5280;20191118;-999;-999;-999;    3;   2.8;   4;-999;   0;  -999;   9.3;    -999;    7.0;   91.83;    8.0;    5.0;    3.8;eor
       5280;20191119;-999;-999;-999;    3;   0.8;   4;-999;   0;  -999;   8.3;    -999;    6.2;   87.08;    8.7;    3.2;   -0.7;eor
       5280;20191120;-999;-999;-999;    3;   1.5;   4;-999;   0;  -999;   7.4;    -999;    3.4;   95.25;    4.1;    2.3;    2.5;eor
       5280;20191121;-999;-999;-999;    3;   2.0;   4;-999;   0;  -999;   8.5;    -999;    5.2;   94.92;    8.1;    1.9;    2.2;eor
       5280;20191122;-999;-999;-999;    3;   0.0;   0;-999;   0;  -999;   9.0;    -999;    6.8;   90.25;    8.4;    5.1;    2.9;eor
       5280;20191123;-999;-999;-999;    3;   0.0;   0;-999;   0;  -999;   8.5;    -999;    6.8;   85.54;    8.4;    4.6;    4.1;eor
       5280;20191124;-999;-999;-999;    3;   0.0;   0;-999;   0;  -999;   7.4;    -999;    4.1;   90.63;    4.6;    3.3;    3.4;eor
       5280;20191125;-999;-999;-999;    3;   0.5;   4;-999;   0;  -999;   8.0;    -999;    4.8;   92.83;    5.6;    4.3;    4.3;eor
       5280;20191126;-999;-999;-999;    3;   0.0;   4;-999;   0;  -999;   8.6;    -999;    5.8;   92.54;    7.5;    4.4;    4.4;eor
       5280;20191127;-999;-999;-999;    3;   5.0;   4;-999;   0;  -999;   9.4;    -999;    7.5;   90.25;    8.4;    6.8;    5.4;eor
       5280;20191128;-999;-999;-999;    3;   6.0;   4;-999;   0;  -999;  10.0;    -999;    8.6;   89.63;    9.8;    6.1;    4.4;eor
       5280;20191129;-999;-999;-999;    3;   0.0;   0;-999;   0;  -999;   5.7;    -999;    3.0;   75.33;    6.1;   -1.9;   -4.8;eor
       5280;20191130;-999;-999;-999;    3;   0.1;   4;-999;   0;  -999;   6.1;    -999;    1.4;   90.42;    6.2;   -2.1;   -5.2;eor
       5280;20191201;-999;-999;-999;    3;   0.1;   4;-999;   0;  -999;   6.4;    -999;    1.0;   96.67;    2.5;   -0.8;   -3.0;eor
       5280;20191202;-999;-999;-999;    3;   0.2;   4;-999;   0;  -999;   6.7;    -999;    2.8;   89.67;    6.1;    0.7;   -1.2;eor
       5280;20191203;-999;-999;-999;    3;   0.1;   4;-999;   0;  -999;   7.7;    -999;    4.8;   89.75;    7.1;    0.5;   -1.8;eor
       5280;20191204;-999;-999;-999;    3;   0.0;   0;-999;   0;  -999;   7.7;    -999;    5.0;   88.50;    6.4;    1.3;   -1.8;eor
       5280;20191205;-999;-999;-999;    3;   0.7;   4;-999;   0;  -999;   6.3;    -999;    2.4;   87.50;    5.3;   -0.9;   -3.4;eor
       5280;20191206;-999;-999;-999;    3;  13.2;   4;-999;   0;  -999;   8.2;    -999;    5.4;   91.04;    7.5;    3.1;    2.6;eor
       5280;20191207;-999;-999;-999;    3;   3.4;   4;-999;   0;  -999;   9.6;    -999;    8.0;   89.54;    8.7;    7.4;    6.3;eor
       5280;20191208;-999;-999;-999;    3;   3.5;   4;-999;   0;  -999;   8.8;    -999;    8.1;   81.17;    9.7;    5.3;    3.8;eor
       5280;20191209;-999;-999;-999;    3;   0.9;   4;-999;   0;  -999;   7.4;    -999;    5.7;   80.58;    7.4;    2.9;    0.1;eor
       5280;20191210;-999;-999;-999;    3;   0.5;   4;-999;   0;  -999;   6.0;    -999;    3.1;   78.79;    5.3;   -0.2;   -3.1;eor
       5280;20191211;-999;-999;-999;    3;   3.6;   4;-999;   0;  -999;   7.3;    -999;    4.6;   85.88;    5.4;    3.5;    2.3;eor
       5280;20191212;-999;-999;-999;    3;   0.0;   4;-999;   0;  -999;   7.4;    -999;    3.9;   90.88;    5.3;    2.0;   -0.8;eor
       5280;20191213;-999;-999;-999;    3;   1.3;   4;-999;   0;  -999;   5.7;    -999;    1.4;   83.83;    2.7;    0.4;   -1.5;eor
       5280;20191214;-999;-999;-999;    3;   2.3;   4;-999;   0;  -999;   6.8;    -999;    3.8;   85.58;    5.8;    0.3;    0.0;eor
       5280;20191215;-999;-999;-999;    3;   4.9;   4;-999;   0;  -999;   6.9;    -999;    5.7;   75.42;    8.4;    1.9;   -0.6;eor
       5280;20191216;-999;-999;-999;    3;   0.0;   4;-999;   0;  -999;   7.4;    -999;    4.9;   85.08;    7.5;    2.9;   -0.5;eor
       5280;20191217;-999;-999;-999;    3;   2.8;   4;-999;   0;  -999;   9.1;    -999;    8.1;   84.29;   12.0;    3.7;    1.6;eor
       5280;20191218;-999;-999;-999;    3;   0.0;   4;-999;   0;  -999;   8.2;    -999;    5.9;   88.08;   10.4;    1.4;   -1.2;eor
       5280;20191219;-999;-999;-999;    3;   0.0;   0;-999;   0;  -999;   8.0;    -999;    5.8;   86.63;    9.7;    1.4;   -1.5;eor
       5280;20191220;-999;-999;-999;    3;   4.3;   4;-999;   0;  -999;   8.5;    -999;    6.5;   87.63;    8.5;    4.3;    4.2;eor
       5280;20191221;-999;-999;-999;    3;   0.0;   0;-999;   0;  -999;   8.3;    -999;    6.2;   87.17;    8.8;    2.2;   -0.9;eor
       5280;20191222;-999;-999;-999;    3;   2.5;   4;-999;   0;  -999;   7.0;    -999;    3.3;   90.63;    4.3;    1.3;   -1.3;eor
       5280;20191223;-999;-999;-999;    3;   1.0;   4;-999;   0;  -999;   8.6;    -999;    6.4;   89.25;    7.7;    4.3;    4.1;eor
       5280;20191224;-999;-999;-999;    3;   6.7;   4;-999;   0;  -999;   8.2;    -999;    5.6;   90.17;    6.8;    3.0;    1.0;eor
       5280;20191225;-999;-999;-999;    3;   1.7;   4;-999;   0;  -999;   7.9;    -999;    4.8;   92.25;    6.4;    3.5;    2.8;eor
       5280;20191226;-999;-999;-999;    3;   3.1;   4;-999;   0;  -999;   8.0;    -999;    4.8;   92.50;    6.4;    2.3;    0.5;eor
       5280;20191227;-999;-999;-999;    3;   0.0;   0;-999;   0;  -999;   6.0;    -999;    1.8;   85.83;    4.1;   -1.3;   -3.4;eor
       5280;20191228;-999;-999;-999;    3;   0.0;   0;-999;   0;  -999;   4.9;    -999;   -0.8;   85.08;    1.1;   -3.1;   -5.4;eor
       5280;20191229;-999;-999;-999;    3;   0.0;   0;-999;   0;  -999;   4.7;    -999;    0.1;   76.83;    3.9;   -3.1;   -5.5;eor
       5280;20191230;-999;-999;-999;    3;   0.0;   0;-999;   0;  -999;   4.2;    -999;    5.5;   47.00;    7.9;    3.8;    2.7;eor
       5280;20191231;-999;-999;-999;    3;   0.0;   0;-999;   0;  -999;   7.4;    -999;    5.3;   82.67;    8.1;    0.6;   -1.8;eor
       5280;20200101;-999;-999;-999;    3;   0.0;   0;-999;   0;  -999;   5.9;    -999;    0.4;   93.46;    3.9;   -2.2;   -3.6;eor
       5280;20200102;-999;-999;-999;    3;   0.0;   0;-999;   0;  -999;   5.5;    -999;   -0.6;   94.63;    3.4;   -2.3;   -2.0;eor
       5280;20200103;-999;-999;-999;    3;  10.1;   4;-999;   0;  -999;   8.3;    -999;    5.5;   90.96;    8.0;    3.5;    1.5;eor
       5280;20200104;-999;-999;-999;    3;   3.5;   4;-999;   0;  -999;   6.8;    -999;    4.3;   81.75;    6.6;    0.5;   -1.9;eor
       5280;20200105;-999;-999;-999;    3;   0.8;   4;-999;   0;  -999;   6.6;    -999;    2.8;   87.17;    5.8;   -1.6;   -4.1;eor
       5280;20200106;-999;-999;-999;    3;   1.0;   4;-999;   0;  -999;   7.8;    -999;    5.0;   89.83;    6.0;    0.9;   -1.5;eor
       5280;20200107;-999;-999;-999;    3;   0.2;   4;-999;   0;  -999;   7.6;    -999;    5.1;   86.42;    7.5;    0.5;   -2.1;eor
       5280;20200108;-999;-999;-999;    3;   0.7;   4;-999;   0;  -999;   9.6;    -999;    7.8;   89.25;   10.2;    5.6;    3.7;eor
       5280;20200109;-999;-999;-999;    3;   7.8;   4;-999;   0;  -999;  10.6;    -999;    8.6;   93.88;   11.4;    4.6;    2.0;eor
       5280;20200110;-999;-999;-999;    3;   1.7;   4;-999;   0;  -999;   9.5;    -999;    7.7;   88.42;   11.2;    4.0;    3.1;eor
       5280;20200111;-999;-999;-999;    3;   0.0;   4;-999;   0;  -999;   6.5;    -999;    3.8;   81.88;    6.0;    0.6;   -2.7;eor
       5280;20200112;-999;-999;-999;    3;  12.3;   4;-999;   0;  -999;   8.1;    -999;    5.9;   86.21;    7.9;    4.6;    4.3;eor
       5280;20200113;-999;-999;-999;    3;   1.9;   4;-999;   0;  -999;   8.1;    -999;    5.6;   88.67;    7.0;    3.9;    0.9;eor
       5280;20200114;-999;-999;-999;    3;   4.8;   4;-999;   0;  -999;   9.2;    -999;    8.3;   83.17;   11.6;    4.9;    3.5;eor
       5280;20200115;-999;-999;-999;    3;   1.0;   4;-999;   0;  -999;   9.1;    -999;   11.1;   69.29;   13.4;    5.2;    3.1;eor
       5280;20200116;-999;-999;-999;    3;   0.0;   0;-999;   0;  -999;   7.9;    -999;    6.0;   84.17;    8.3;    4.5;    2.1;eor
       5280;20200117;-999;-999;-999;    3;   1.7;   4;-999;   0;  -999;   8.2;    -999;    7.2;   81.21;   10.7;    4.0;    0.4;eor
       5280;20200118;-999;-999;-999;    3;   0.5;   4;-999;   0;  -999;   7.0;    -999;    4.6;   83.08;    7.6;    1.7;    0.0;eor
       5280;20200119;-999;-999;-999;    3;   0.0;   0;-999;   0;  -999;   6.1;    -999;    2.2;   85.75;    6.9;   -1.8;   -4.7;eor
       5280;20200120;-999;-999;-999;    3;   0.0;   0;-999;   0;  -999;   7.5;    -999;    4.3;   89.88;    6.6;    0.9;   -1.5;eor
       5280;20200121;-999;-999;-999;    3;   0.6;   4;-999;   0;  -999;   7.4;    -999;    4.5;   87.13;    5.1;    3.3;    3.2;eor
       5280;20200122;-999;-999;-999;    3;   0.1;   4;-999;   0;  -999;   8.0;    -999;    5.4;   89.21;    7.6;    2.5;   -0.3;eor
       5280;20200123;-999;-999;-999;    3;   0.0;   0;-999;   0;  -999;   7.3;    -999;    4.4;   87.33;    6.1;    2.0;   -0.6;eor
       5280;20200124;-999;-999;-999;    3;   0.4;   4;-999;   0;  -999;   6.8;    -999;    2.3;   94.42;    3.2;    1.2;    1.3;eor
       5280;20200125;-999;-999;-999;    3;   0.1;   4;-999;   0;  -999;   7.1;    -999;    2.8;   93.96;    3.6;    2.0;    1.8;eor
       5280;20200126;-999;-999;-999;    3;   0.1;   4;-999;   0;  -999;   6.3;    -999;    1.7;   90.54;    3.1;    0.6;   -0.6;eor
       5280;20200127;-999;-999;-999;    3;   3.3;   4;-999;   0;  -999;   8.2;    -999;    5.3;   91.38;    7.4;    2.1;    0.8;eor
       5280;20200128;-999;-999;-999;    3;   6.5;   4;-999;   0;  -999;   7.5;    -999;    4.6;   87.79;    6.6;    0.3;    0.0;eor
       5280;20200129;-999;-999;-999;    3;  22.6;   4;-999;   0;  -999;   6.8;    -999;    2.9;   89.88;    4.2;    0.3;    0.0;eor
       5280;20200130;-999;-999;-999;    3;   7.7;   4;-999;   0;  -999;   8.4;    -999;    6.4;   87.46;    8.3;    3.4;    2.9;eor
       5280;20200131;-999;-999;-999;    3;   6.2;   4;-999;   0;  -999;   9.6;    -999;    9.0;   83.58;   11.2;    7.6;    7.1;eor
       5280;20200201;-999;-999;-999;    3;   5.3;   4;-999;   0;  -999;  10.3;    -999;    9.9;   83.75;   11.5;    7.2;    6.1;eor
       5280;20200202;-999;-999;-999;    3;   1.3;   4;-999;   0;  -999;   7.8;    -999;    5.7;   84.63;    8.0;    4.2;    2.5;eor
       5280;20200203;-999;-999;-999;    3;   2.4;   4;-999;   0;  -999;   8.6;    -999;    6.4;   89.29;    8.5;    4.6;    3.5;eor
       5280;20200204;-999;-999;-999;    3;   0.7;   4;-999;   0;  -999;   6.7;    -999;    4.4;   80.13;    7.2;    2.2;    0.2;eor
       5280;20200205;-999;-999;-999;    3;   0.0;   0;-999;   0;  -999;   5.5;    -999;    2.8;   73.63;    6.4;   -1.8;   -3.7;eor
       5280;20200206;-999;-999;-999;    3;   0.2;   4;-999;   0;  -999;   7.3;    -999;    5.6;   80.71;    7.5;    3.5;    2.4;eor
       5280;20200207;-999;-999;-999;    3;   0.0;   0;-999;   0;  -999;   7.7;    -999;    5.2;   87.04;    6.4;    4.1;    1.7;eor
       5280;20200208;-999;-999;-999;    3;   0.1;   4;-999;   0;  -999;   6.6;    -999;    4.9;   76.08;    7.9;    0.8;   -1.8;eor
       5280;20200209;-999;-999;-999;    3;  22.8;   4;-999;   0;  -999;   8.4;    -999;    9.0;   73.63;   13.0;    5.5;    2.3;eor
       5280;20200210;-999;-999;-999;    3;  19.7;   4;-999;   0;  -999;   7.5;    -999;    5.9;   79.92;    8.5;    2.4;    1.5;eor
       5280;20200211;-999;-999;-999;    3;  29.2;   4;-999;   0;  -999;   6.5;    -999;    2.8;   86.50;    4.9;    0.6;    0.0;eor
       5280;20200212;-999;-999;-999;    3;   5.7;   4;-999;   0;  -999;   6.3;    -999;    2.8;   84.13;    5.2;    0.7;    0.0;eor
       5280;20200213;-999;-999;-999;    3;   5.8;   4;-999;   0;  -999;   6.2;    -999;    2.3;   86.42;    4.1;    0.4;   -2.0;eor
       5280;20200214;-999;-999;-999;    3;   0.3;   4;-999;   0;  -999;   7.1;    -999;    3.9;   87.63;    6.0;    2.2;    1.4;eor
       5280;20200215;-999;-999;-999;    3;   0.0;   4;-999;   0;  -999;   7.8;    -999;    7.4;   75.88;   11.3;    4.0;    2.4;eor
       5280;20200216;-999;-999;-999;    3;   5.8;   4;-999;   0;  -999;  10.0;    -999;   12.1;   71.08;   16.7;    7.2;    6.8;eor
       5280;20200217;-999;-999;-999;    3;   1.0;   4;-999;   0;  -999;   7.1;    -999;    7.8;   66.96;   10.0;    5.7;    4.3;eor
       5280;20200218;-999;-999;-999;    3;   6.5;   4;-999;   0;  -999;   7.3;    -999;    5.9;   78.42;    7.8;    3.6;    3.0;eor
       5280;20200219;-999;-999;-999;    3;   1.7;   4;-999;   0;  -999;   7.2;    -999;    5.2;   81.21;    7.6;    2.7;    0.5;eor
       5280;20200220;-999;-999;-999;    3;   8.8;   4;-999;   0;  -999;   7.8;    -999;    5.2;   87.54;    8.2;    0.8;   -2.5;eor
       5280;20200221;-999;-999;-999;    3;   2.1;   4;-999;   0;  -999;   7.4;    -999;    5.4;   82.21;    7.3;    3.0;    1.6;eor
       5280;20200222;-999;-999;-999;    3;  12.0;   4;-999;   0;  -999;   7.8;    -999;    7.3;   76.42;    8.6;    5.4;    4.3;eor
       5280;20200223;-999;-999;-999;    3;  12.4;   4;-999;   0;  -999;   7.1;    -999;    4.8;   83.00;    6.8;    2.5;    1.1;eor
       5280;20200224;-999;-999;-999;    3;  15.2;   4;-999;   0;  -999;   7.4;    -999;    4.5;   86.83;    9.3;    0.5;    0.0;eor
       5280;20200225;-999;-999;-999;    3;   5.2;   4;-999;   0;  -999;   6.9;    -999;    5.4;   76.46;    9.3;    2.9;    2.0;eor
       5280;20200226;-999;-999;-999;    3;   0.6;   4;-999;   0;  -999;   6.1;    -999;    2.9;   81.83;    7.1;   -1.3;   -3.9;eor
       5280;20200227;-999;-999;-999;    3;   0.9;   4;-999;   0;  -999;   6.1;    -999;    2.7;   82.54;    5.8;   -0.2;   -0.7;eor
       5280;20200228;-999;-999;-999;    3;   6.6;   4;-999;   0;  -999;   6.2;    -999;    4.1;   76.92;    8.1;    0.6;   -1.0;eor
       5280;20200229;-999;-999;-999;    3;   5.7;   4;-999;   0;  -999;   7.9;    -999;    6.5;   82.00;   11.8;    1.3;    1.0;eor
       5280;20200301;-999;-999;-999;    3;   0.3;   4;-999;   0;  -999;   6.5;    -999;    5.4;   72.63;    9.6;    1.6;   -0.8;eor
       5280;20200302;-999;-999;-999;    3;   0.9;   4;-999;   0;  -999;   6.8;    -999;    5.1;   78.75;    9.1;    0.1;   -2.3;eor
       5280;20200303;-999;-999;-999;    3;   3.5;   4;-999;   0;  -999;   7.0;    -999;    4.7;   81.46;    8.6;   -0.1;   -2.9;eor
       5280;20200304;-999;-999;-999;    3;   0.1;   4;-999;   0;  -999;   6.5;    -999;    2.7;   87.92;    6.7;   -1.0;   -4.0;eor
       5280;20200305;-999;-999;-999;    3;   0.1;   4;-999;   0;  -999;   6.6;    -999;    3.6;   84.13;    8.7;   -1.4;   -3.4;eor
       5280;20200306;-999;-999;-999;    3;   1.9;   4;-999;   0;  -999;   7.0;    -999;    4.2;   84.83;    5.3;    3.7;    3.1;eor
       5280;20200307;-999;-999;-999;    3;   0.0;   0;-999;   0;  -999;   6.2;    -999;    3.5;   79.92;    8.4;   -0.3;   -2.7;eor
       5280;20200308;-999;-999;-999;    3;   1.3;   4;-999;   0;  -999;   7.9;    -999;    7.8;   74.71;   12.1;    3.7;    2.3;eor
       5280;20200309;-999;-999;-999;    3;   3.3;   4;-999;   0;  -999;   8.8;    -999;    7.2;   87.00;   10.6;    3.5;    0.4;eor
       5280;20200310;-999;-999;-999;    3;  18.4;   4;-999;   0;  -999;   9.5;    -999;    7.5;   90.13;   11.0;    4.5;    3.7;eor
       5280;20200311;-999;-999;-999;    3;   0.7;   4;-999;   0;  -999;   8.0;    -999;    8.7;   71.38;   11.9;    5.7;    3.6;eor
       5280;20200312;-999;-999;-999;    3;   2.7;   4;-999;   0;  -999;   7.3;    -999;    7.0;   71.96;   10.3;    3.8;    2.2;eor
       5280;20200313;-999;-999;-999;    3;   3.4;   4;-999;   0;  -999;   6.4;    -999;    4.8;   74.96;    8.3;   -0.9;   -3.9;eor
       5280;20200314;-999;-999;-999;    3;   0.0;   0;-999;   0;  -999;   5.2;    -999;    2.9;   71.04;    8.0;   -3.6;   -6.5;eor
       5280;20200315;-999;-999;-999;    3;   0.0;   0;-999;   0;  -999;   6.9;    -999;    8.8;   60.29;   13.6;    3.2;    1.0;eor
       5280;20200316;-999;-999;-999;    3;   0.0;   0;-999;   0;  -999;   7.6;    -999;    7.8;   72.50;   12.1;    0.7;   -2.4;eor
       5280;20200317;-999;-999;-999;    3;   0.0;   0;-999;   0;  -999;   7.1;    -999;    7.0;   72.33;   12.3;   -0.1;   -2.9;eor
       5280;20200318;-999;-999;-999;    3;   1.8;   4;-999;   0;  -999;   8.6;    -999;    9.0;   74.08;   10.8;    6.5;    5.1;eor
       5280;20200319;-999;-999;-999;    3;   0.0;   0;-999;   0;  -999;   7.7;    -999;    6.8;   78.42;   10.8;    3.5;    1.1;eor
       5280;20200320;-999;-999;-999;    3;   0.0;   4;-999;   0;  -999;   6.7;    -999;    5.5;   74.29;    9.4;    0.3;   -4.0;eor
       5280;20200321;-999;-999;-999;    3;   0.4;   4;-999;   0;  -999;   4.5;    -999;    2.3;   63.75;    6.5;   -2.6;   -5.5;eor
       5280;20200322;-999;-999;-999;    3;   0.0;   0;-999;   0;  -999;   3.9;    -999;    1.8;   58.21;    6.2;   -3.3;   -6.3;eor
       5280;20200323;-999;-999;-999;    3;   0.0;   0;-999;   0;  -999;   3.4;    -999;    1.9;   50.46;    7.1;   -2.7;   -7.0;eor
       5280;20200324;-999;-999;-999;    3;   0.0;   0;-999;   0;  -999;   3.3;    -999;    3.4;   43.79;    8.5;   -2.7;   -7.2;eor
       5280;20200325;-999;-999;-999;    3;   0.0;   0;-999;   0;  -999;   3.4;    -999;    4.1;   43.75;   10.9;   -3.0;   -7.4;eor
       5280;20200326;-999;-999;-999;    3;   0.0;   0;-999;   0;  -999;   4.0;    -999;    4.2;   50.88;   10.4;   -2.5;   -6.7;eor
       5280;20200327;-999;-999;-999;    3;   0.0;   0;-999;   0;  -999;   5.7;    -999;    5.9;   64.88;   13.3;   -0.8;   -4.2;eor
       5280;20200328;-999;-999;-999;    3;   3.1;   4;-999;   0;  -999;   5.9;    -999;    6.4;   63.38;   12.4;   -0.2;   -4.1;eor
       5280;20200329;-999;-999;-999;    1;   2.9;   4;-999;   0;  -999;   4.4;    -999;    2.3;   61.50;    5.4;   -2.9;   -6.8;eor
       5280;20200330;-999;-999;-999;    1;   4.3;   4;-999;   2;  -999;   5.0;    -999;    1.9;   71.33;    8.8;   -2.9;   -6.6;eor
       5280;20200331;-999;-999;-999;    1;   0.0;   0;-999;   0;  -999;   4.4;    -999;    2.0;   63.92;    7.7;   -3.4;   -6.8;eor
       5280;20200401;-999;-999;-999;    1;   0.1;   4;-999;   0;  -999;   6.6;    -999;    4.6;   76.71;    8.2;   -0.4;   -2.3;eor
       5280;20200402;-999;-999;-999;    1;   1.6;   4;-999;   0;  -999;   7.2;    -999;    6.9;   73.38;   10.8;    4.2;    1.5;eor
       5280;20200403;-999;-999;-999;    1;   0.1;   4;-999;   0;  -999;   5.6;    -999;    5.0;   64.79;    9.7;   -0.5;   -3.6;eor
       5280;20200404;-999;-999;-999;    1;   0.0;   0;-999;   0;  -999;   6.3;    -999;    5.4;   72.29;   13.5;   -1.6;   -5.3;eor
       5280;20200405;-999;-999;-999;    1;   0.0;   0;-999;   0;  -999;   6.1;    -999;    9.2;   55.50;   16.7;   -0.2;   -3.6;eor
       5280;20200406;-999;-999;-999;    1;   0.0;   0;-999;   0;  -999;   6.8;    -999;   12.9;   47.67;   21.9;    4.4;   -0.8;eor
       5280;20200407;-999;-999;-999;    1;   0.0;   0;-999;   0;  -999;   7.9;    -999;   11.7;   60.42;   17.7;    5.1;    0.0;eor
       5280;20200408;-999;-999;-999;    1;   0.0;   0;-999;   0;  -999;   8.2;    -999;   12.6;   57.83;   21.7;    3.5;   -1.2;eor
       5280;20200409;-999;-999;-999;    1;   0.0;   0;-999;   0;  -999;   7.8;    -999;   10.0;   64.33;   15.5;    2.4;   -2.9;eor
       5280;20200410;-999;-999;-999;    1;   0.0;   0;-999;   0;  -999;   6.2;    -999;    6.2;   67.88;   13.2;   -1.2;   -5.9;eor
       5280;20200411;-999;-999;-999;    1;   0.0;   0;-999;   0;  -999;   6.6;    -999;    8.6;   63.13;   16.2;   -0.2;   -4.1;eor
       5280;20200412;-999;-999;-999;    1;   0.0;   0;-999;   0;  -999;   7.4;    -999;   12.6;   53.54;   20.9;    3.1;   -1.9;eor
       5280;20200413;-999;-999;-999;    1;   0.0;   0;-999;   0;  -999;   4.6;    -999;    6.2;   49.38;   11.3;    2.0;   -0.9;eor
       5280;20200414;-999;-999;-999;    1;   0.0;   0;-999;   0;  -999;   5.2;    -999;    5.2;   60.25;    9.7;    0.1;   -3.0;eor
       5280;20200415;-999;-999;-999;    1;   0.0;   0;-999;   0;  -999;   6.9;    -999;    9.0;   61.21;   15.1;    4.0;   -1.4;eor
       5280;20200416;-999;-999;-999;    1;   0.0;   0;-999;   0;  -999;   7.6;    -999;    8.8;   68.79;   16.1;    2.3;   -2.3;eor
       5280;20200417;-999;-999;-999;    1;   0.0;   0;-999;   0;  -999;   6.4;    -999;    7.8;   62.96;   14.5;    2.0;   -2.4;eor
       5280;20200418;-999;-999;-999;    1;   0.0;   0;-999;   0;  -999;   5.2;    -999;    8.0;   52.33;   14.2;    1.7;   -3.3;eor
       5280;20200419;-999;-999;-999;    1;   0.0;   0;-999;   0;  -999;   5.1;    -999;    7.2;   53.54;   12.6;    1.2;   -4.5;eor
       5280;20200420;-999;-999;-999;    1;   0.0;   0;-999;   0;  -999;   5.7;    -999;    8.7;   53.29;   15.1;    0.1;   -5.4;eor
       5280;20200421;-999;-999;-999;    1;   0.0;   0;-999;   0;  -999;   6.8;    -999;   10.0;   55.96;   14.7;    4.3;   -1.3;eor
       5280;20200422;-999;-999;-999;    1;   0.0;   0;-999;   0;  -999;   7.7;    -999;   10.0;   64.42;   15.6;    4.6;   -0.4;eor
       5280;20200423;-999;-999;-999;    1;   0.0;   0;-999;   0;  -999;   7.7;    -999;   12.2;   59.54;   20.9;    2.3;   -1.6;eor
       5280;20200424;-999;-999;-999;    1;   0.0;   0;-999;   0;  -999;   7.3;    -999;   11.5;   57.38;   18.7;    6.3;    1.7;eor
       5280;20200425;-999;-999;-999;    1;   0.0;   0;-999;   0;  -999;   7.2;    -999;   10.1;   60.13;   15.7;    4.9;    0.4;eor
       5280;20200426;-999;-999;-999;    1;   0.0;   0;-999;   0;  -999;   6.9;    -999;    6.9;   70.92;   12.4;    1.5;   -3.0;eor
       5280;20200427;-999;-999;-999;    1;   0.0;   0;-999;   0;  -999;   7.4;    -999;   11.3;   59.83;   19.7;    0.3;   -3.4;eor
       5280;20200428;-999;-999;-999;    1;   4.3;   4;-999;   0;  -999;   8.2;    -999;   10.5;   66.17;   15.2;    7.4;    5.1;eor
       5280;20200429;-999;-999;-999;    1;   2.5;   4;-999;   0;  -999;  10.3;    -999;    8.9;   90.13;   12.6;    5.9;    3.2;eor
       5280;20200430;-999;-999;-999;    1;  12.1;   4;-999;   0;  -999;  10.6;    -999;   10.7;   82.46;   14.9;    6.0;    4.7;eor
       5280;20200501;-999;-999;-999;    1;   4.3;   4;-999;-999;  -999;   9.4;    -999;    9.5;   81.04;   15.5;    6.5;    4.6;eor
       5280;20200502;-999;-999;-999;    1;   2.3;   4;-999;-999;  -999;   9.3;    -999;    9.2;   80.04;   13.2;    6.2;    4.1;eor
       5280;20200503;-999;-999;-999;    1;   0.0;   0;-999;-999;  -999;   9.0;    -999;    9.8;   75.88;   15.0;    4.9;    2.4;eor
       5280;20200504;-999;-999;-999;    1;   0.0;   0;-999;-999;  -999;   7.1;    -999;    8.8;   65.29;   14.8;    3.6;    1.0;eor
       5280;20200505;-999;-999;-999;    1;   0.0;   0;-999;-999;  -999;   6.3;    -999;    8.1;   62.04;   13.8;    2.2;   -1.0;eor
       5280;20200506;-999;-999;-999;    1;   0.0;   0;-999;-999;  -999;   6.7;    -999;    8.8;   62.75;   15.3;    0.4;   -2.6;eor
       5280;20200507;-999;-999;-999;    1;   0.0;   0;-999;-999;  -999;   8.2;    -999;   10.5;   65.71;   15.7;    3.7;   -0.4;eor
       5280;20200508;-999;-999;-999;    1;   0.0;   0;-999;-999;  -999;   8.2;    -999;   11.0;   66.54;   19.6;    1.6;   -2.4;eor
       5280;20200509;-999;-999;-999;    1;   0.0;   0;-999;-999;  -999;  10.0;    -999;   13.9;   65.75;   22.1;    6.1;    2.7;eor
       5280;20200510;-999;-999;-999;    1;   1.3;   4;-999;-999;  -999;   9.6;    -999;   14.6;   60.75;   24.0;    6.7;    4.0;eor
       5280;20200511;-999;-999;-999;    1;   0.0;   0;-999;-999;  -999;   5.5;    -999;    7.4;   54.42;   11.2;    3.5;    1.2;eor
       5280;20200512;-999;-999;-999;    1;   2.8;   4;-999;-999;  -999;   7.0;    -999;    6.6;   71.96;   10.8;    1.1;   -1.5;eor
       5280;20200513;-999;-999;-999;    1;   3.5;   4;-999;-999;  -999;   7.9;    -999;    6.1;   84.67;    9.0;    2.7;   -0.7;eor
       5280;20200514;-999;-999;-999;    1;   0.0;   0;-999;-999;  -999;   6.1;    -999;    7.4;   61.96;   13.0;    1.8;   -0.6;eor
       5280;20200515;-999;-999;-999;    1;   2.1;   4;-999;-999;  -999;   7.9;    -999;    7.1;   78.71;   12.4;    0.3;   -3.5;eor
       5280;20200516;-999;-999;-999;    1;   0.0;   0;-999;-999;  -999;   8.1;    -999;   10.4;   66.75;   15.5;    4.9;    1.7;eor
       5280;20200517;-999;-999;-999;    1;   0.0;   0;-999;-999;  -999;   8.9;    -999;   11.8;   66.79;   17.6;    5.3;    1.8;eor
       5280;20200518;-999;-999;-999;    1;   0.0;   0;-999;-999;  -999;  10.7;    -999;   13.0;   71.63;   16.3;   10.6;    9.8;eor
       5280;20200519;-999;-999;-999;    1;   0.0;   0;-999;-999;  -999;  10.9;    -999;   13.7;   70.88;   18.8;    6.8;    1.5;eor
       5280;20200520;-999;-999;-999;    1;   0.0;   0;-999;-999;  -999;   9.2;    -999;   12.6;   65.67;   19.9;    4.5;   -0.3;eor
       5280;20200521;-999;-999;-999;    1;   0.0;   0;-999;-999;  -999;  10.1;    -999;   14.3;   64.75;   21.6;    6.9;    3.2;eor
       5280;20200522;-999;-999;-999;    1;   7.7;   4;-999;-999;  -999;  12.4;    -999;   15.2;   72.17;   19.2;   10.3;    8.2;eor
       5280;20200523;-999;-999;-999;    1;   1.4;   4;-999;-999;  -999;  11.2;    -999;   13.2;   74.54;   17.1;    7.8;    4.7;eor
       5280;20200524;-999;-999;-999;    1;   0.1;   4;-999;-999;  -999;  10.1;    -999;   12.4;   70.58;   16.3;    8.6;    6.9;eor
       5280;20200525;-999;-999;-999;    1;   0.0;   0;-999;-999;  -999;  10.3;    -999;   12.5;   71.42;   17.1;    8.1;    4.3;eor
       5280;20200526;-999;-999;-999;    1;   0.0;   0;-999;-999;  -999;  11.1;    -999;   13.1;   75.75;   19.8;    7.9;    4.4;eor
       5280;20200527;-999;-999;-999;    1;   0.0;   0;-999;-999;  -999;  10.2;    -999;   13.9;   65.96;   20.7;    6.9;    2.9;eor
       5280;20200528;-999;-999;-999;    1;   0.0;   0;-999;-999;  -999;   8.6;    -999;   13.0;   60.42;   19.7;    6.2;    1.4;eor
       5280;20200529;-999;-999;-999;    1;   0.0;   0;-999;-999;  -999;   9.2;    -999;   13.8;   61.96;   21.2;    5.6;    0.7;eor
       5280;20200530;-999;-999;-999;    1;   0.0;   0;-999;-999;  -999;   9.3;    -999;   14.0;   61.46;   21.5;    5.5;    1.3;eor
       5280;20200531;-999;-999;-999;    1;   0.0;   0;-999;-999;  -999;   9.9;    -999;   14.3;   63.17;   20.3;    8.1;    3.1;eor
       5280;20200601;-999;-999;-999;    1;   0.0;   0;-999;-999;  -999;   9.1;    -999;   15.3;   56.08;   21.5;    7.6;    1.8;eor
       5280;20200602;-999;-999;-999;    1;   0.0;   0;-999;-999;  -999;  10.4;    -999;   17.9;   55.21;   26.7;    7.4;    3.2;eor
       5280;20200603;-999;-999;-999;    1;   1.2;   4;-999;-999;  -999;  12.7;    -999;   17.3;   67.17;   24.8;   10.2;    6.8;eor
       5280;20200604;-999;-999;-999;    1;   5.7;   4;-999;-999;  -999;  13.0;    -999;   14.0;   80.75;   19.5;   11.0;   10.1;eor
       5280;20200605;-999;-999;-999;    1;   5.8;   4;-999;-999;  -999;   9.7;    -999;   12.0;   71.33;   17.2;    8.5;    7.9;eor
       5280;20200606;-999;-999;-999;    1;   0.4;   4;-999;-999;  -999;   9.2;    -999;   11.3;   70.58;   17.2;    7.2;    5.5;eor
       5280;20200607;-999;-999;-999;    1;   0.1;   4;-999;-999;  -999;   9.9;    -999;   12.8;   68.42;   18.3;    7.2;    3.5;eor
       5280;20200608;-999;-999;-999;    1;   0.0;   0;-999;-999;  -999;  10.8;    -999;   13.5;   71.21;   19.3;    5.9;    2.6;eor
       5280;20200609;-999;-999;-999;    1;   0.0;   0;-999;-999;  -999;  10.9;    -999;   13.8;   70.08;   19.7;    8.6;    7.1;eor
