STATIONS_ID;MESS_DATUM;QN_3;  FX;  FM;QN_4; RSK;RSKF; SDK;SHK_TAG;  NM; VPM;  PM; TMK; UPM; TXK; TNK; TGK;eor
        377;20181208;-999;-999;-999;    3;  15.8;   4;    0.017;   0;  -999;   8.8;    -999;    7.3;   85.75;    9.9;    6.1;    5.0;eor
        377;20181209;-999;-999;-999;    3;   7.6;   4;    0.117;   0;  -999;   9.2;    -999;    8.0;   86.17;   10.5;    6.1;    4.4;eor
        377;20181210;-999;-999;-999;    3;   0.4;   4;    4.867;   0;  -999;   7.2;    -999;    5.5;   80.54;    7.9;    2.4;    0.1;eor
        377;20181211;-999;-999;-999;    3;   0.0;   0;    5.600;   0;  -999;   6.1;    -999;    2.0;   86.79;    4.5;    0.2;   -1.7;eor
        377;20181212;-999;-999;-999;    3;   0.0;   0;    3.033;   0;  -999;   6.3;    -999;    2.5;   85.75;    5.6;    0.2;   -1.5;eor
        377;20181213;-999;-999;-999;    3;   0.0;   0;    2.083;   0;  -999;   4.8;    -999;    0.5;   75.88;    1.7;   -0.7;   -2.0;eor
        377;20181214;-999;-999;-999;    3;   0.0;   0;    0.000;   0;  -999;   4.4;    -999;    0.3;   69.96;    0.7;   -0.3;   -0.7;eor
        377;20181215;-999;-999;-999;    3;   4.0;   4;    0.083;   0;  -999;   4.1;    -999;   -0.8;   71.17;    0.3;   -2.3;   -4.6;eor
        377;20181216;-999;-999;-999;    3;   0.4;   4;    0.000;   3;  -999;   5.9;    -999;    0.1;   94.75;    4.3;   -2.9;   -2.8;eor
        377;20181217;-999;-999;-999;    3;   1.5;   4;    0.033;   0;  -999;   7.5;    -999;    2.9;   98.29;    5.9;    0.3;   -0.5;eor
        377;20181218;-999;-999;-999;    3;   0.5;   4;    4.850;   0;  -999;   7.0;    -999;    3.1;   91.42;    6.1;   -0.3;   -1.1;eor
        377;20181219;-999;-999;-999;    3;   2.9;   4;    0.000;   0;  -999;   7.4;    -999;    3.4;   94.04;    7.1;    0.8;    0.4;eor
        377;20181220;-999;-999;-999;    3;   8.4;   4;    0.467;   0;  -999;   8.7;    -999;    5.9;   93.46;    6.9;    4.6;    3.3;eor
        377;20181221;-999;-999;-999;    3;  19.6;   4;    0.000;   0;  -999;  10.3;    -999;    8.9;   89.71;   12.0;    5.8;    4.8;eor
        377;20181222;-999;-999;-999;    3;  16.2;   4;    1.050;   0;  -999;  11.2;    -999;   10.4;   88.54;   12.3;    8.5;    7.4;eor
        377;20181223;-999;-999;-999;    3;  22.1;   4;    0.000;   0;  -999;  11.2;    -999;    9.7;   91.92;   12.8;    7.9;    6.7;eor
        377;20181224;-999;-999;-999;    3;   0.0;   4;    0.917;   0;  -999;   8.0;    -999;    6.5;   80.21;   12.8;    0.0;   -1.9;eor
        377;20181225;-999;-999;-999;    3;   0.0;   0;    7.300;   0;  -999;   5.3;    -999;    1.0;   80.42;    4.7;   -3.7;   -3.7;eor
        377;20181226;-999;-999;-999;    3;   0.0;   0;    0.000;   0;  -999;   5.1;    -999;   -2.2;   98.50;   -1.3;   -3.6;   -3.5;eor
        377;20181227;-999;-999;-999;    3;   0.0;   0;    0.000;   0;  -999;   5.3;    -999;   -1.9;   98.67;   -1.2;   -2.7;   -2.4;eor
        377;20181228;-999;-999;-999;    3;   0.0;   0;    1.067;   0;  -999;   5.4;    -999;   -1.0;   95.67;    0.0;   -2.3;   -2.6;eor
        377;20181229;-999;-999;-999;    3;   0.2;   4;    0.000;   0;  -999;   6.0;    -999;    0.9;   92.29;    3.3;   -1.1;   -1.3;eor
        377;20181230;-999;-999;-999;    3;   1.1;   4;    0.000;   0;  -999;   7.9;    -999;    4.9;   91.17;    6.2;    1.9;    1.8;eor
        377;20181231;-999;-999;-999;    3;   0.0;   0;    0.000;   0;  -999;   9.1;    -999;    6.2;   96.00;    7.5;    4.7;    4.6;eor
        377;20190101;-999;-999;-999;    3;   0.8;   4;    0.000;   0;  -999;   8.6;    -999;    6.2;   90.54;    7.0;    4.2;    2.1;eor
        377;20190102;-999;-999;-999;    3;   0.9;   4;    2.783;   0;  -999;   5.4;    -999;    3.1;   70.58;    5.5;    0.2;   -2.8;eor
        377;20190103;-999;-999;-999;    3;   0.1;   4;    0.000;   0;  -999;   5.3;    -999;    1.0;   80.17;    2.8;   -1.5;   -3.2;eor
        377;20190104;-999;-999;-999;    3;   2.1;   4;    2.050;   0;  -999;   6.0;    -999;    1.9;   85.29;    3.4;   -0.7;   -2.7;eor
        377;20190105;-999;-999;-999;    3;   2.3;   4;    0.000;   0;  -999;   7.1;    -999;    3.3;   90.67;    5.5;    0.9;    0.1;eor
        377;20190106;-999;-999;-999;    3;   0.8;   4;    0.000;   0;  -999;   7.4;    -999;    4.6;   87.88;    5.3;    3.8;    3.3;eor
        377;20190107;-999;-999;-999;    3;   2.6;   4;    0.000;   0;  -999;   7.1;    -999;    3.9;   87.96;    5.0;    3.1;    2.7;eor
        377;20190108;-999;-999;-999;    3;   5.8;   4;    1.183;   0;  -999;   7.6;    -999;    4.7;   89.33;    7.7;    2.8;    2.1;eor
        377;20190109;-999;-999;-999;    3;   0.3;   4;    1.800;   0;  -999;   6.0;    -999;    2.8;   80.00;    4.5;    0.9;   -0.3;eor
        377;20190110;-999;-999;-999;    3;   0.0;   0;    0.000;   0;  -999;   5.0;    -999;    1.3;   74.79;    2.3;   -0.7;   -2.2;eor
        377;20190111;-999;-999;-999;    3;   1.0;   4;    0.000;   0;  -999;   5.4;    -999;    0.2;   86.96;    1.6;   -0.9;   -1.8;eor
        377;20190112;-999;-999;-999;    3;   6.8;   4;    0.000;   0;  -999;   7.1;    -999;    2.6;   95.50;    5.8;    0.8;    0.7;eor
        377;20190113;-999;-999;-999;    3;  11.3;   4;    0.000;   0;  -999;   9.7;    -999;    7.7;   91.46;    9.3;    5.8;    4.8;eor
        377;20190114;-999;-999;-999;    3;   1.5;   4;    3.183;   0;  -999;   7.3;    -999;    4.8;   84.88;    7.9;    1.1;   -0.8;eor
        377;20190115;-999;-999;-999;    3;   0.0;   0;    0.333;   0;  -999;   6.8;    -999;    4.0;   83.21;    6.0;    0.4;   -1.2;eor
        377;20190116;-999;-999;-999;    3;   1.6;   4;    3.700;   0;  -999;   6.4;    -999;    4.4;   76.29;    7.0;    1.5;   -0.1;eor
        377;20190117;-999;-999;-999;    3;   5.5;   4;    2.550;   0;  -999;   7.4;    -999;    5.1;   83.75;    8.1;    1.0;   -1.1;eor
        377;20190118;-999;-999;-999;    3;   0.0;   0;    2.600;   0;  -999;   5.3;    -999;    1.1;   79.79;    4.1;   -1.2;   -3.2;eor
        377;20190119;-999;-999;-999;    3;   0.0;   0;    6.867;   0;  -999;   4.4;    -999;   -1.6;   81.33;    1.2;   -3.9;   -5.7;eor
        377;20190120;-999;-999;-999;    3;   0.0;   0;    0.000;   0;  -999;   4.2;    -999;   -2.6;   82.50;   -0.7;   -4.4;   -5.5;eor
        377;20190121;-999;-999;-999;    3;   0.0;   0;    7.750;   0;  -999;   4.0;    -999;   -2.8;   80.58;    0.0;   -5.1;   -7.6;eor
        377;20190122;-999;-999;-999;    3;   0.6;   4;    0.000;   0;  -999;   4.2;    -999;   -3.7;   90.17;   -1.6;   -7.6;   -9.2;eor
        377;20190123;-999;-999;-999;    3;   0.3;   4;    0.000;   1;  -999;   4.4;    -999;   -2.3;   85.42;   -1.2;   -3.4;   -3.4;eor
        377;20190124;-999;-999;-999;    3;   0.1;   4;    0.000;   1;  -999;   4.0;    -999;   -2.5;   77.96;   -1.4;   -3.7;   -4.9;eor
        377;20190125;-999;-999;-999;    3;   0.0;   4;    0.017;   1;  -999;   4.5;    -999;   -1.5;   82.50;    0.8;   -4.5;   -6.1;eor
        377;20190126;-999;-999;-999;    3;   4.2;   4;    0.000;   0;  -999;   6.8;    -999;    2.6;   92.33;    4.7;    0.3;   -0.1;eor
        377;20190127;-999;-999;-999;    3;   3.5;   4;    0.517;   0;  -999;   7.7;    -999;    5.2;   87.08;    7.8;    2.0;    1.2;eor
        377;20190128;-999;-999;-999;    3;   4.1;   4;    0.000;   0;  -999;   6.3;    -999;    2.0;   88.88;    2.9;    0.8;   -1.5;eor
        377;20190129;-999;-999;-999;    3;   0.0;   4;    0.800;   0;  -999;   5.6;    -999;    1.3;   83.42;    4.4;   -1.2;   -3.2;eor
        377;20190130;-999;-999;-999;    3;   2.8;   4;    0.000;   0;  -999;   5.3;    -999;    0.3;   85.00;    1.9;   -1.3;   -4.2;eor
        377;20190131;-999;-999;-999;    3;   3.3;   4;    2.500;   2;  -999;   5.5;    -999;    0.1;   88.54;    3.8;   -1.7;   -4.2;eor
        377;20190201;-999;-999;-999;    3;   2.7;   4;    0.000;   2;  -999;   6.8;    -999;    2.0;   95.17;    4.8;   -0.2;   -0.3;eor
        377;20190202;-999;-999;-999;    3;   0.1;   4;    0.417;   0;  -999;   7.5;    -999;    4.0;   92.33;    6.9;    1.9;    1.1;eor
        377;20190203;-999;-999;-999;    3;   0.0;   0;    0.167;   0;  -999;   5.8;    -999;    2.9;   76.96;    4.3;    2.1;    1.1;eor
        377;20190204;-999;-999;-999;    3;   0.0;   0;    7.533;   0;  -999;   5.2;    -999;    1.7;   76.00;    5.3;   -1.9;   -3.8;eor
        377;20190205;-999;-999;-999;    3;   0.0;   0;    8.550;   0;  -999;   5.3;    -999;    1.8;   76.67;    6.8;   -2.3;   -4.4;eor
        377;20190206;-999;-999;-999;    3;   0.0;   0;    8.467;   0;  -999;   5.3;    -999;    0.6;   83.08;    5.6;   -3.4;   -5.2;eor
        377;20190207;-999;-999;-999;    3;   2.3;   4;    0.000;   0;  -999;   6.7;    -999;    2.7;   89.58;    6.0;   -1.4;   -2.8;eor
        377;20190208;-999;-999;-999;    3;   4.7;   4;    0.583;   0;  -999;   7.5;    -999;    6.1;   79.75;    9.2;    2.8;    1.0;eor
        377;20190209;-999;-999;-999;    3;   1.6;   4;    1.550;   0;  -999;   8.2;    -999;    7.9;   76.58;   11.2;    4.9;    3.7;eor
        377;20190210;-999;-999;-999;    3;  13.9;   4;    0.017;   0;  -999;   8.3;    -999;    7.8;   78.46;   10.7;    4.4;    2.7;eor
        377;20190211;-999;-999;-999;    3;   0.0;   0;    1.183;   0;  -999;   6.7;    -999;    4.3;   80.42;    6.9;    2.4;   -0.2;eor
        377;20190212;-999;-999;-999;    3;   0.0;   0;    3.733;   0;  -999;   6.0;    -999;    2.9;   80.71;    6.3;   -0.7;   -2.6;eor
        377;20190213;-999;-999;-999;    3;   0.0;   0;    8.900;   0;  -999;   5.8;    -999;    3.6;   75.04;    7.9;   -1.9;   -3.7;eor
        377;20190214;-999;-999;-999;    3;   0.0;   0;    8.617;   0;  -999;   5.9;    -999;    5.2;   67.13;   10.1;   -0.6;   -3.1;eor
        377;20190215;-999;-999;-999;    3;   0.0;   0;    8.983;   0;  -999;   6.0;    -999;    7.7;   57.92;   12.0;    3.0;    0.3;eor
        377;20190216;-999;-999;-999;    3;   0.0;   0;    9.050;   0;  -999;   6.7;    -999;    7.6;   64.67;   15.0;   -0.3;   -2.6;eor
        377;20190217;-999;-999;-999;    3;   0.0;   0;    9.117;   0;  -999;   6.6;    -999;    8.3;   61.71;   15.7;    2.0;   -1.1;eor
        377;20190218;-999;-999;-999;    3;   0.0;   0;    9.183;   0;  -999;   6.2;    -999;    9.4;   54.17;   15.5;    2.0;   -1.2;eor
        377;20190219;-999;-999;-999;    3;   0.0;   0;    2.517;   0;  -999;   7.2;    -999;    7.6;   69.25;   11.6;    4.2;    1.6;eor
        377;20190220;-999;-999;-999;    3;   0.0;   0;    7.350;   0;  -999;   7.8;    -999;    7.0;   77.75;   12.9;    0.4;   -1.4;eor
        377;20190221;-999;-999;-999;    3;   0.0;   0;    5.617;   0;  -999;   8.7;    -999;    9.2;   75.25;   15.1;    2.6;    0.4;eor
        377;20190222;-999;-999;-999;    3;   0.0;   0;    1.467;   0;  -999;   9.3;    -999;   10.1;   75.21;   13.0;    6.3;    4.6;eor
        377;20190223;-999;-999;-999;    3;   0.0;   0;    8.233;   0;  -999;   5.4;    -999;    5.4;   61.75;    9.4;    1.7;    0.3;eor
        377;20190224;-999;-999;-999;    3;   0.0;   0;    9.483;   0;  -999;   3.0;    -999;    6.1;   32.50;   10.8;    0.7;   -1.1;eor
        377;20190225;-999;-999;-999;    3;   0.0;   0;    9.433;   0;  -999;   4.2;    -999;    9.9;   32.79;   14.8;    4.5;    2.3;eor
        377;20190226;-999;-999;-999;    3;   0.0;   0;    9.333;   0;  -999;   6.7;    -999;   12.5;   46.54;   17.2;    6.6;    3.0;eor
        377;20190227;-999;-999;-999;    3;   0.0;   0;    9.567;   0;  -999;   6.5;    -999;   11.7;   49.00;   17.8;    6.1;    2.4;eor
        377;20190228;-999;-999;-999;    3;   2.5;   4;    8.917;   0;  -999;   8.1;    -999;   12.1;   57.88;   18.9;    6.9;    4.1;eor
        377;20190301;-999;-999;-999;    3;   2.1;   4;    1.100;   0;  -999;   9.6;    -999;    8.7;   84.63;   11.8;    6.9;    5.3;eor
        377;20190302;-999;-999;-999;    3;   0.0;   0;    0.717;   0;  -999;   9.1;    -999;    8.6;   81.63;   12.3;    5.8;    5.1;eor
        377;20190303;-999;-999;-999;    3;   0.4;   4;    0.033;   0;  -999;   9.2;    -999;   10.4;   73.04;   12.4;    7.9;    6.3;eor
        377;20190304;-999;-999;-999;    3;   2.5;   4;    0.550;   0;  -999;   7.8;    -999;    9.7;   66.33;   13.7;    5.4;    4.0;eor
        377;20190305;-999;-999;-999;    3;   5.4;   4;    0.383;   0;  -999;   8.0;    -999;    6.3;   83.79;    7.3;    5.4;    3.8;eor
        377;20190306;-999;-999;-999;    3;   0.2;   4;    5.183;   0;  -999;   8.3;    -999;    8.9;   75.75;   14.4;    2.6;    0.5;eor
        377;20190307;-999;-999;-999;    3;   5.9;   4;    3.417;   0;  -999;   8.7;    -999;    9.6;   73.00;   12.6;    7.2;    5.8;eor
        377;20190308;-999;-999;-999;    3;   1.7;   4;    5.250;   0;  -999;   7.5;    -999;    8.6;   67.13;   11.2;    6.1;    4.1;eor
        377;20190309;-999;-999;-999;    3;   6.2;   4;    0.450;   0;  -999;   9.3;    -999;    9.7;   76.96;   12.1;    6.8;    5.9;eor
        377;20190310;-999;-999;-999;    3;   4.9;   4;    2.783;   0;  -999;   9.3;    -999;   10.6;   72.00;   14.7;    5.8;    3.5;eor
        377;20190311;-999;-999;-999;    3;   0.1;   4;    7.250;   0;  -999;   5.3;    -999;    5.9;   57.04;    8.4;    2.9;    0.1;eor
        377;20190312;-999;-999;-999;    3;   0.2;   4;    5.583;   0;  -999;   5.5;    -999;    6.4;   59.29;   11.6;    0.4;   -1.9;eor
        377;20190313;-999;-999;-999;    3;   5.7;   4;    4.700;   0;  -999;   7.2;    -999;    6.4;   75.08;    9.1;    4.0;    2.9;eor
        377;20190314;-999;-999;-999;    3;  14.0;   4;    0.000;   0;  -999;   8.1;    -999;    6.0;   86.42;    7.8;    5.0;    3.1;eor
        377;20190315;-999;-999;-999;    3;   9.1;   4;    0.000;   0;  -999;  10.8;    -999;    9.5;   90.42;   11.6;    6.0;    3.5;eor
        377;20190316;-999;-999;-999;    3;   0.0;   4;    0.917;   0;  -999;  10.1;    -999;   10.8;   77.54;   12.4;    9.6;    6.7;eor
        377;20190317;-999;-999;-999;    3;   4.1;   4;    3.700;   0;  -999;   7.8;    -999;    8.7;   70.92;   13.9;    3.4;    0.7;eor
        377;20190318;-999;-999;-999;    3;   0.5;   4;    3.967;   0;  -999;   6.7;    -999;    5.1;   77.00;    9.9;    1.2;   -0.6;eor
        377;20190319;-999;-999;-999;    3;   0.0;   0;    9.033;   0;  -999;   6.2;    -999;    6.3;   66.08;   10.5;    2.8;    0.3;eor
        377;20190320;-999;-999;-999;    3;   0.0;   0;   10.450;   0;  -999;   5.4;    -999;    7.2;   54.08;   11.9;    1.0;   -1.6;eor
        377;20190321;-999;-999;-999;    3;   0.0;   0;   10.567;   0;  -999;   5.6;    -999;   10.0;   46.42;   15.2;    4.6;    1.5;eor
        377;20190322;-999;-999;-999;    3;   0.0;   0;   10.233;   0;  -999;   6.5;    -999;   11.9;   46.92;   17.1;    7.2;    4.3;eor
        377;20190323;-999;-999;-999;    3;   0.0;   0;   10.483;   0;  -999;   8.0;    -999;   12.3;   56.17;   18.5;    5.2;    2.4;eor
        377;20190324;-999;-999;-999;    3;   0.0;   0;    7.067;   0;  -999;   8.6;    -999;    9.6;   72.33;   14.4;    4.7;    1.8;eor
        377;20190325;-999;-999;-999;    3;   2.3;   4;    5.333;   0;  -999;   6.6;    -999;    6.3;   70.42;   11.8;    3.3;    1.3;eor
        377;20190326;-999;-999;-999;    3;   0.0;   0;    2.750;   0;  -999;   6.4;    -999;    6.3;   67.33;    9.7;    3.7;    1.5;eor
        377;20190327;-999;-999;-999;    3;   0.0;   0;    7.767;   0;  -999;   6.6;    -999;    8.0;   61.96;   11.8;    3.9;    2.3;eor
        377;20190328;-999;-999;-999;    3;   0.0;   0;    9.083;   0;  -999;   7.5;    -999;    9.6;   63.54;   14.5;    3.2;    0.1;eor
        377;20190329;-999;-999;-999;    3;   0.0;   0;   10.867;   0;  -999;   8.7;    -999;   12.2;   62.67;   17.0;    7.4;    5.6;eor
        377;20190330;-999;-999;-999;    3;   0.0;   0;   10.883;   0;  -999;   7.3;    -999;   13.9;   49.17;   20.5;    5.2;    3.2;eor
        377;20190331;-999;-999;-999;    3;   0.0;   0;   10.933;   0;  -999;   7.5;    -999;   13.6;   50.50;   19.9;    7.3;    3.9;eor
        377;20190401;-999;-999;-999;    3;   0.0;   0;   10.533;   0;  -999;   8.5;    -999;   11.7;   62.79;   17.1;    6.2;    4.8;eor
        377;20190402;-999;-999;-999;    3;   1.9;   4;    9.600;   0;  -999;   8.7;    -999;   13.8;   57.04;   21.0;    8.4;    6.4;eor
        377;20190403;-999;-999;-999;    3;   9.4;   4;    0.000;   0;  -999;   9.2;    -999;    7.0;   91.42;   10.4;    4.5;    4.4;eor
        377;20190404;-999;-999;-999;    3;   8.0;   4;    0.000;   0;  -999;   7.9;    -999;    4.8;   92.08;    5.9;    3.1;    2.3;eor
        377;20190405;-999;-999;-999;    3;   0.0;   0;    0.650;   0;  -999;   8.3;    -999;    6.2;   88.13;    8.6;    3.0;    1.7;eor
        377;20190406;-999;-999;-999;    3;   0.0;   0;    5.000;   0;  -999;   9.4;    -999;    9.8;   78.63;   14.3;    4.0;    1.5;eor
        377;20190407;-999;-999;-999;    3;   0.0;   0;    4.483;   0;  -999;  10.1;    -999;   11.7;   74.21;   16.4;    7.1;    4.6;eor
        377;20190408;-999;-999;-999;    3;   0.0;   0;    0.000;   0;  -999;  10.9;    -999;   11.1;   83.38;   14.1;    8.9;    8.0;eor
        377;20190409;-999;-999;-999;    3;   0.8;   4;    0.000;   0;  -999;  11.7;    -999;   10.8;   89.88;   13.6;    8.6;    7.9;eor
        377;20190410;-999;-999;-999;    3;   0.2;   4;    0.400;   0;  -999;   9.1;    -999;   10.0;   74.54;   12.0;    6.8;    4.2;eor
        377;20190411;-999;-999;-999;    3;   0.0;   0;   11.750;   0;  -999;   5.2;    -999;    7.4;   51.58;   11.3;    3.5;    0.8;eor
        377;20190412;-999;-999;-999;    3;   0.0;   0;    5.467;   0;  -999;   5.1;    -999;    5.1;   58.04;    9.5;    1.4;   -0.4;eor
        377;20190413;-999;-999;-999;    3;   0.0;   0;    1.967;   0;  -999;   5.6;    -999;    3.9;   69.58;    5.9;    1.4;   -0.6;eor
        377;20190414;-999;-999;-999;    3;   0.0;   0;    2.200;   0;  -999;   6.2;    -999;    5.5;   69.96;   10.6;    2.0;    0.8;eor
        377;20190415;-999;-999;-999;    3;   0.0;   0;   11.217;   0;  -999;   7.5;    -999;    9.9;   63.29;   17.3;    2.7;    0.9;eor
        377;20190416;-999;-999;-999;    3;   4.0;   4;    6.717;   0;  -999;   8.3;    -999;   12.0;   59.08;   18.6;    7.5;    4.5;eor
        377;20190417;-999;-999;-999;    3;   0.0;   0;    3.700;   0;  -999;  11.5;    -999;   13.4;   76.50;   17.8;    9.8;    9.3;eor
        377;20190418;-999;-999;-999;    3;   0.0;   0;   11.933;   0;  -999;   8.1;    -999;   15.8;   45.50;   21.0;    9.8;    7.5;eor
        377;20190419;-999;-999;-999;    3;   0.0;   0;   12.233;   0;  -999;   8.1;    -999;   17.5;   41.42;   23.2;   12.1;    9.9;eor
        377;20190420;-999;-999;-999;    3;   0.0;   0;   12.350;   0;  -999;   6.6;    -999;   18.8;   31.50;   24.1;   12.8;    9.2;eor
        377;20190421;-999;-999;-999;    3;   0.0;   0;   12.383;   0;  -999;   6.7;    -999;   18.5;   32.63;   24.3;   12.7;    9.4;eor
        377;20190422;-999;-999;-999;    3;   0.0;   0;   11.800;   0;  -999;   6.7;    -999;   18.3;   32.50;   24.2;   12.3;    9.3;eor
        377;20190423;-999;-999;-999;    3;   0.0;   0;    3.567;   0;  -999;   9.4;    -999;   16.2;   50.88;   20.3;   12.2;   10.9;eor
        377;20190424;-999;-999;-999;    3;   7.1;   4;    7.900;   0;  -999;  11.3;    -999;   15.3;   67.63;   24.1;    6.8;    4.9;eor
        377;20190425;-999;-999;-999;    3;   3.0;   4;    7.033;   0;  -999;  10.4;    -999;   13.0;   71.29;   23.3;    5.9;    3.9;eor
        377;20190426;-999;-999;-999;    3;   2.2;   4;    0.833;   0;  -999;  10.5;    -999;   10.3;   83.46;   14.0;    8.0;    5.3;eor
        377;20190427;-999;-999;-999;    3;   5.1;   4;    2.433;   0;  -999;   9.8;    -999;    8.4;   88.29;   12.0;    5.8;    3.8;eor
        377;20190428;-999;-999;-999;    3;   8.5;   4;    4.183;   0;  -999;   8.5;    -999;    7.1;   84.17;   11.5;    3.8;    1.5;eor
        377;20190429;-999;-999;-999;    3;   3.0;   4;    5.117;   0;  -999;   9.1;    -999;    9.1;   79.13;   14.0;    4.8;    3.8;eor
        377;20190430;-999;-999;-999;    3;   0.0;   0;    7.250;   0;  -999;   9.3;    -999;   12.1;   68.29;   17.3;    7.9;    5.2;eor
        377;20190501;-999;-999;-999;    3;   0.0;   4;   12.700;-999;  -999;   9.3;    -999;   13.7;   61.33;   19.9;    6.3;    3.1;eor
        377;20190502;-999;-999;-999;    3;   1.8;   4;    5.017;-999;  -999;  10.4;    -999;   13.6;   68.71;   19.8;    8.4;    6.9;eor
        377;20190503;-999;-999;-999;    3;   1.1;   4;    1.533;-999;  -999;  10.1;    -999;   11.4;   75.25;   14.7;    9.6;    7.7;eor
        377;20190504;-999;-999;-999;    3;   4.8;   4;    0.217;-999;  -999;   7.9;    -999;    6.2;   83.25;   10.1;    2.7;    1.7;eor
        377;20190505;-999;-999;-999;    3;   1.0;   4;    5.233;-999;  -999;   6.3;    -999;    6.5;   65.67;   10.1;    2.4;    0.5;eor
        377;20190506;-999;-999;-999;    3;   0.1;   4;    3.217;-999;  -999;   6.6;    -999;    8.2;   61.29;   12.1;    4.2;    2.2;eor
        377;20190507;-999;-999;-999;    3;   0.8;   4;    7.833;-999;  -999;   6.5;    -999;    9.8;   55.83;   15.0;    2.0;   -1.0;eor
        377;20190508;-999;-999;-999;    3;   5.7;   4;    0.000;-999;  -999;  10.6;    -999;   10.1;   84.63;   13.0;    7.3;    5.7;eor
        377;20190509;-999;-999;-999;    3;  11.4;   4;    0.800;-999;  -999;  11.2;    -999;   10.5;   87.88;   13.4;    7.4;    5.8;eor
        377;20190510;-999;-999;-999;    3;   7.4;   4;    6.850;-999;  -999;  10.7;    -999;   12.8;   74.00;   18.0;    6.7;    4.7;eor
        377;20190511;-999;-999;-999;    3;   2.1;   4;    3.883;-999;  -999;  11.6;    -999;   12.1;   81.88;   17.8;    8.3;    5.6;eor
        377;20190512;-999;-999;-999;    3;   0.0;   0;    8.717;-999;  -999;   7.9;    -999;   10.1;   64.96;   13.7;    6.5;    4.3;eor
        377;20190513;-999;-999;-999;    3;   0.0;   0;   13.500;-999;  -999;   6.3;    -999;   11.5;   48.00;   15.9;    7.2;    5.0;eor
        377;20190514;-999;-999;-999;    3;   0.0;   0;   10.317;-999;  -999;   5.8;    -999;   11.2;   44.46;   15.8;    7.5;    5.1;eor
        377;20190515;-999;-999;-999;    3;   0.0;   0;   12.683;-999;  -999;   6.1;    -999;   10.8;   48.38;   15.6;    7.0;    3.9;eor
        377;20190516;-999;-999;-999;    3;   0.0;   0;   10.167;-999;  -999;   7.7;    -999;   11.5;   56.79;   16.6;    7.1;    5.1;eor
        377;20190517;-999;-999;-999;    3;   0.0;   0;   11.933;-999;  -999;  10.4;    -999;   14.5;   65.25;   21.2;    7.8;    6.1;eor
        377;20190518;-999;-999;-999;    3;   4.8;   4;    5.767;-999;  -999;  12.6;    -999;   15.1;   74.42;   21.1;   11.6;    9.8;eor
        377;20190519;-999;-999;-999;    3;   1.6;   4;    4.433;-999;  -999;  13.7;    -999;   15.4;   79.67;   21.3;   11.4;   10.2;eor
        377;20190520;-999;-999;-999;    3;   0.4;   4;    2.783;-999;  -999;  13.9;    -999;   15.6;   78.25;   19.8;   12.7;   11.6;eor
        377;20190521;-999;-999;-999;    3;  16.6;   4;    0.000;-999;  -999;  13.4;    -999;   12.7;   90.46;   13.6;   11.6;   10.9;eor
        377;20190522;-999;-999;-999;    3;   0.0;   0;    5.633;-999;  -999;  11.8;    -999;   13.5;   77.67;   18.9;    9.7;    7.1;eor
        377;20190523;-999;-999;-999;    3;   0.0;   4;   12.917;-999;  -999;  10.2;    -999;   15.2;   61.67;   20.2;    8.3;    5.9;eor
        377;20190524;-999;-999;-999;    3;   0.0;   0;   12.150;-999;  -999;  11.3;    -999;   17.9;   56.33;   22.8;   11.2;    9.1;eor
        377;20190525;-999;-999;-999;    3;   6.8;   4;    7.233;-999;  -999;  13.2;    -999;   17.2;   67.54;   21.2;   12.7;    9.3;eor
        377;20190526;-999;-999;-999;    3;   0.0;   0;   12.867;-999;  -999;  11.3;    -999;   17.4;   58.75;   22.6;   12.2;   11.3;eor
        377;20190527;-999;-999;-999;    3;   5.9;   4;    4.200;-999;  -999;  14.2;    -999;   16.2;   77.00;   20.5;   12.7;   11.0;eor
        377;20190528;-999;-999;-999;    3;   0.2;   4;    6.967;-999;  -999;  12.0;    -999;   14.5;   73.96;   18.8;   11.3;   10.6;eor
        377;20190529;-999;-999;-999;    3;   0.3;   4;    2.100;-999;  -999;  11.3;    -999;   13.2;   74.75;   17.4;    9.6;    7.5;eor
        377;20190530;-999;-999;-999;    3;   0.0;   0;    9.150;-999;  -999;  12.1;    -999;   16.1;   67.63;   21.7;    8.1;    6.0;eor
        377;20190531;-999;-999;-999;    3;   0.0;   0;    5.283;-999;  -999;  14.9;    -999;   19.4;   67.33;   24.3;   15.3;   13.2;eor
        377;20190601;-999;-999;-999;    3;   0.0;   0;   14.383;-999;  -999;  14.4;    -999;   21.6;   58.54;   28.0;   13.9;   11.9;eor
        377;20190602;-999;-999;-999;    3;   0.0;   0;   14.317;-999;  -999;  14.6;    -999;   24.2;   50.75;   30.6;   15.6;   13.4;eor
        377;20190603;-999;-999;-999;    3;   2.0;   4;    9.333;-999;  -999;  17.0;    -999;   21.1;   69.79;   30.2;   16.1;   14.1;eor
        377;20190604;-999;-999;-999;    3;   0.0;   0;   13.600;-999;  -999;  17.1;    -999;   23.3;   63.21;   31.5;   14.3;   13.0;eor
        377;20190605;-999;-999;-999;    3;   5.6;   4;    9.917;-999;  -999;  14.8;    -999;   24.4;   49.54;   28.6;   17.5;   16.5;eor
        377;20190606;-999;-999;-999;    3;   0.2;   4;    1.583;-999;  -999;  12.5;    -999;   13.5;   80.21;   17.8;   10.3;    9.0;eor
        377;20190607;-999;-999;-999;    3;   0.1;   4;   10.433;-999;  -999;  12.7;    -999;   15.9;   71.58;   25.3;    9.5;    8.2;eor
        377;20190608;-999;-999;-999;    3;   0.1;   4;   12.917;-999;  -999;   9.5;    -999;   16.5;   51.88;   20.8;   11.5;    9.1;eor
        377;20190609;-999;-999;-999;    3;   1.7;   4;    7.517;-999;  -999;  12.3;    -999;   17.7;   61.25;   23.2;   10.0;    8.2;eor
        377;20190610;-999;-999;-999;    3;   7.3;   4;    0.550;-999;  -999;  16.9;    -999;   16.6;   89.67;   19.7;   14.6;   13.9;eor
        377;20190611;-999;-999;-999;    3;   0.3;   4;    1.883;-999;  -999;  14.8;    -999;   16.4;   79.92;   20.3;   12.8;   12.4;eor
        377;20190612;-999;-999;-999;    3;   5.2;   4;    5.733;-999;  -999;  13.7;    -999;   16.1;   76.13;   20.9;   13.0;   11.1;eor
        377;20190613;-999;-999;-999;    3;   0.0;   0;   12.333;-999;  -999;  12.0;    -999;   18.6;   58.46;   24.2;   12.5;   11.1;eor
        377;20190614;-999;-999;-999;    3;   0.6;   4;    2.700;-999;  -999;  15.6;    -999;   18.1;   74.96;   22.0;   13.3;   10.4;eor
        377;20190615;-999;-999;-999;    3;   8.2;   4;    6.683;-999;  -999;  15.7;    -999;   19.7;   69.63;   24.6;   15.4;   13.5;eor
        377;20190616;-999;-999;-999;    3;   0.0;   0;    6.217;-999;  -999;  14.9;    -999;   18.3;   72.75;   23.4;   14.3;   13.0;eor
        377;20190617;-999;-999;-999;    3;   0.0;   0;   14.600;-999;  -999;  15.2;    -999;   20.9;   62.67;   25.8;   13.4;   11.4;eor
        377;20190618;-999;-999;-999;    3;   0.0;   0;   12.517;-999;  -999;  17.1;    -999;   23.6;   60.21;   29.2;   16.9;   14.6;eor
        377;20190619;-999;-999;-999;    3;   6.2;   4;   12.317;-999;  -999;  16.0;    -999;   24.6;   54.67;   30.9;   16.9;   15.4;eor
        377;20190620;-999;-999;-999;    3;   0.0;   0;    6.367;-999;  -999;  17.5;    -999;   20.1;   74.79;   24.7;   15.9;   15.1;eor
        377;20190621;-999;-999;-999;    3;   0.0;   0;    6.317;-999;  -999;  14.0;    -999;   20.3;   60.08;   25.0;   16.1;   15.0;eor
        377;20190622;-999;-999;-999;    3;   5.8;   4;    0.650;-999;  -999;  16.0;    -999;   18.7;   73.96;   24.1;   16.2;   15.1;eor
        377;20190623;-999;-999;-999;    3;   0.0;   0;    9.017;-999;  -999;  18.9;    -999;   21.3;   75.46;   26.6;   14.9;   13.4;eor
        377;20190624;-999;-999;-999;    3;   0.0;   0;   14.583;-999;  -999;  20.2;    -999;   24.7;   66.25;   30.4;   19.0;   17.3;eor
        377;20190625;-999;-999;-999;    3;   0.0;   0;   12.667;-999;  -999;  21.5;    -999;   26.6;   61.92;   33.3;   20.7;   19.0;eor
        377;20190626;-999;-999;-999;    3;   0.0;   0;   14.133;-999;  -999;  21.4;    -999;   29.1;   54.92;   34.5;   20.9;   19.4;eor
        377;20190627;-999;-999;-999;    3;   0.0;   0;   14.167;-999;  -999;  17.5;    -999;   26.8;   50.33;   30.2;   21.6;   19.8;eor
        377;20190628;-999;-999;-999;    3;   0.0;   0;   14.650;-999;  -999;  12.4;    -999;   23.5;   44.50;   28.6;   17.2;   14.9;eor
        377;20190629;-999;-999;-999;    3;   0.0;   0;   14.683;-999;  -999;  13.5;    -999;   25.4;   42.50;   31.6;   18.8;   16.6;eor
        377;20190630;-999;-999;-999;    3;   0.0;   0;   14.617;-999;  -999;  19.0;    -999;   28.8;   49.08;   37.0;   19.7;   16.6;eor
        377;20190701;-999;-999;-999;    3;   0.0;   0;    7.833;-999;  -999;  16.8;    -999;   25.2;   53.08;   29.4;   19.3;   17.4;eor
        377;20190702;-999;-999;-999;    3;   0.0;   0;   14.250;-999;  -999;  12.2;    -999;   21.4;   48.63;   25.7;   16.9;   15.3;eor
        377;20190703;-999;-999;-999;    3;   0.0;   0;   14.417;-999;  -999;  10.4;    -999;   20.5;   44.38;   25.0;   15.4;   13.6;eor
        377;20190704;-999;-999;-999;    3;   0.0;   0;   14.550;-999;  -999;   9.9;    -999;   20.8;   41.46;   26.9;   14.5;   12.7;eor
        377;20190705;-999;-999;-999;    3;   0.0;   0;   10.483;-999;  -999;  11.0;    -999;   23.2;   40.79;   30.5;   14.2;   11.8;eor
        377;20190706;-999;-999;-999;    3;   2.2;   4;   13.283;-999;  -999;  11.6;    -999;   24.8;   39.71;   32.1;   15.9;   13.1;eor
        377;20190707;-999;-999;-999;    3;   1.6;   4;    2.017;-999;  -999;  16.2;    -999;   18.7;   75.83;   21.8;   15.6;   14.3;eor
        377;20190708;-999;-999;-999;    3;   0.0;   0;    9.950;-999;  -999;  10.8;    -999;   17.2;   55.54;   23.0;   12.9;   11.2;eor
        377;20190709;-999;-999;-999;    3;   0.0;   0;   13.217;-999;  -999;  10.0;    -999;   16.4;   54.79;   20.9;   12.3;   10.4;eor
        377;20190710;-999;-999;-999;    3;   0.2;   4;   14.283;-999;  -999;   9.6;    -999;   18.4;   47.54;   24.8;   10.1;    7.9;eor
        377;20190711;-999;-999;-999;    3;   4.1;   4;    2.567;-999;  -999;  14.7;    -999;   17.3;   74.21;   21.5;   15.0;   13.4;eor
        377;20190712;-999;-999;-999;    3;   9.4;   4;    2.500;-999;  -999;  17.0;    -999;   17.7;   83.75;   23.1;   14.8;   13.6;eor
        377;20190713;-999;-999;-999;    3;   0.2;   4;    6.717;-999;  -999;  15.1;    -999;   17.8;   75.75;   23.3;   13.6;   12.4;eor
        377;20190714;-999;-999;-999;    3;   0.0;   0;    0.167;-999;  -999;  15.0;    -999;   16.7;   78.88;   19.4;   13.8;   11.5;eor
        377;20190715;-999;-999;-999;    3;   0.0;   0;    8.100;-999;  -999;  13.3;    -999;   17.4;   67.75;   23.0;   12.9;   10.6;eor
        377;20190716;-999;-999;-999;    3;   0.0;   0;   13.717;-999;  -999;  13.2;    -999;   18.6;   62.42;   25.1;   11.8;   10.1;eor
        377;20190717;-999;-999;-999;    3;   0.0;   0;   13.183;-999;  -999;  13.6;    -999;   20.9;   57.33;   27.9;   13.4;   11.4;eor
        377;20190718;-999;-999;-999;    3;   0.0;   0;    7.283;-999;  -999;  13.9;    -999;   21.8;   55.96;   28.8;   13.5;   12.0;eor
        377;20190719;-999;-999;-999;    3;   0.0;   0;    4.683;-999;  -999;  16.6;    -999;   21.7;   64.42;   26.2;   17.7;   16.1;eor
        377;20190720;-999;-999;-999;    3;  13.1;   4;   10.800;-999;  -999;  17.6;    -999;   24.2;   61.33;   32.5;   16.6;   14.8;eor
        377;20190721;-999;-999;-999;    3;   0.0;   0;   11.450;-999;  -999;  17.3;    -999;   23.5;   62.25;   28.7;   18.4;   17.6;eor
        377;20190722;-999;-999;-999;    3;   0.0;   0;   12.667;-999;  -999;  14.0;    -999;   24.5;   48.08;   31.3;   16.9;   15.2;eor
        377;20190723;-999;-999;-999;    3;   0.0;   0;   13.867;-999;  -999;  14.6;    -999;   27.3;   41.71;   33.2;   17.7;   15.3;eor
        377;20190724;-999;-999;-999;    3;   0.0;   0;   13.667;-999;  -999;  17.2;    -999;   29.3;   43.46;   36.6;   21.8;   18.8;eor
        377;20190725;-999;-999;-999;    3;   0.0;   0;   13.317;-999;  -999;  16.6;    -999;   30.6;   40.25;   37.2;   21.4;   20.0;eor
        377;20190726;-999;-999;-999;    3;  15.5;   4;    9.967;-999;  -999;  17.5;    -999;   30.5;   41.58;   37.0;   20.0;   19.7;eor
        377;20190727;-999;-999;-999;    3;   0.1;   4;    5.300;-999;  -999;  21.3;    -999;   22.8;   77.79;   27.5;   19.6;   19.2;eor
        377;20190728;-999;-999;-999;    3;   0.0;   0;    1.967;-999;  -999;  19.3;    -999;   20.2;   81.17;   24.9;   18.5;   18.3;eor
        377;20190729;-999;-999;-999;    3;   0.0;   0;   11.183;-999;  -999;  15.6;    -999;   21.7;   62.25;   28.1;   15.6;   14.4;eor
        377;20190730;-999;-999;-999;    3;   0.1;   4;    7.217;-999;  -999;  16.4;    -999;   23.4;   58.75;   30.5;   18.7;   17.7;eor
        377;20190731;-999;-999;-999;    3;   0.0;   0;    9.917;-999;  -999;  12.9;    -999;   21.3;   52.29;   25.2;   16.9;   15.6;eor
        377;20190801;-999;-999;-999;    3;   0.0;   0;    8.667;-999;  -999;  11.7;    -999;   21.2;   47.42;   26.5;   15.4;   13.7;eor
        377;20190802;-999;-999;-999;    3;   0.0;   0;    5.483;-999;  -999;  14.2;    -999;   21.6;   56.75;   28.2;   16.6;   14.8;eor
        377;20190803;-999;-999;-999;    3;   0.0;   0;    4.900;-999;  -999;  14.9;    -999;   20.4;   63.21;   25.8;   15.4;   13.3;eor
        377;20190804;-999;-999;-999;    3;   0.1;   4;   12.583;-999;  -999;  13.8;    -999;   22.7;   52.46;   29.0;   15.5;   13.4;eor
        377;20190805;-999;-999;-999;    3;   0.1;   4;    4.267;-999;  -999;  15.8;    -999;   23.9;   54.25;   29.6;   18.8;   17.3;eor
        377;20190806;-999;-999;-999;    3;   2.8;   4;    6.667;-999;  -999;  17.7;    -999;   23.6;   62.33;   28.5;   18.8;   17.6;eor
        377;20190807;-999;-999;-999;    3;   5.7;   4;    0.867;-999;  -999;  20.7;    -999;   19.0;   94.04;   20.9;   16.0;   14.3;eor
        377;20190808;-999;-999;-999;    3;   0.0;   0;    6.667;-999;  -999;  18.5;    -999;   21.1;   76.38;   27.4;   15.3;   14.9;eor
        377;20190809;-999;-999;-999;    3;  14.3;   4;    6.400;-999;  -999;  20.2;    -999;   23.0;   73.38;   31.3;   16.1;   14.1;eor
        377;20190810;-999;-999;-999;    3;   0.0;   0;    6.383;-999;  -999;  17.1;    -999;   22.3;   64.17;   26.4;   19.1;   16.2;eor
        377;20190811;-999;-999;-999;    3;   7.1;   4;    7.383;-999;  -999;  15.1;    -999;   19.4;   70.08;   26.9;   14.1;   13.2;eor
        377;20190812;-999;-999;-999;    3;   0.5;   4;    8.033;-999;  -999;  14.9;    -999;   16.9;   78.42;   22.5;   13.2;   11.4;eor
        377;20190813;-999;-999;-999;    3;   0.0;   0;    9.917;-999;  -999;  12.3;    -999;   16.9;   64.79;   21.4;   12.9;   11.1;eor
        377;20190814;-999;-999;-999;    3;   0.8;   4;    5.883;-999;  -999;  12.8;    -999;   17.2;   66.04;   23.2;   11.9;   10.8;eor
        377;20190815;-999;-999;-999;    3;   0.0;   4;    2.800;-999;  -999;  14.8;    -999;   18.1;   72.00;   23.8;   13.8;   11.8;eor
        377;20190816;-999;-999;-999;    3;   0.0;   0;    9.600;-999;  -999;  14.4;    -999;   19.1;   66.46;   25.1;   12.6;   10.3;eor
        377;20190817;-999;-999;-999;    3;   3.0;   4;    0.067;-999;  -999;  16.9;    -999;   18.6;   79.50;   23.5;   15.8;   14.7;eor
        377;20190818;-999;-999;-999;    3;   0.0;   0;   10.817;-999;  -999;  19.2;    -999;   22.7;   72.13;   30.9;   16.5;   15.6;eor
        377;20190819;-999;-999;-999;    3;   0.0;   0;    8.867;-999;  -999;  14.7;    -999;   20.9;   61.33;   26.1;   16.6;   14.7;eor
        377;20190820;-999;-999;-999;    3;   0.0;   0;    0.000;-999;  -999;  13.2;    -999;   17.4;   66.54;   19.4;   12.2;   10.1;eor
        377;20190821;-999;-999;-999;    3;   0.0;   0;   11.917;-999;  -999;  12.4;    -999;   17.3;   66.00;   23.6;   10.1;    8.5;eor
        377;20190822;-999;-999;-999;    3;   0.0;   0;   12.217;-999;  -999;  12.5;    -999;   20.3;   53.21;   25.9;   14.3;   11.8;eor
        377;20190823;-999;-999;-999;    3;   0.0;   0;   12.250;-999;  -999;  12.9;    -999;   21.7;   51.54;   27.7;   14.7;   11.9;eor
        377;20190824;-999;-999;-999;    3;   0.0;   0;   11.267;-999;  -999;  16.1;    -999;   22.6;   59.50;   28.7;   15.6;   13.4;eor
        377;20190825;-999;-999;-999;    3;   0.0;   0;   11.667;-999;  -999;  17.1;    -999;   24.2;   59.13;   31.3;   16.2;   14.7;eor
        377;20190826;-999;-999;-999;    3;   0.0;   0;   11.833;-999;  -999;  16.7;    -999;   24.5;   56.17;   32.0;   16.6;   14.7;eor
        377;20190827;-999;-999;-999;    3;   0.0;   0;   11.433;-999;  -999;  17.4;    -999;   25.4;   55.67;   32.7;   18.6;   16.7;eor
        377;20190828;-999;-999;-999;    3;   0.0;   0;    8.533;-999;  -999;  17.5;    -999;   26.3;   52.13;   33.2;   19.9;   19.0;eor
        377;20190829;-999;-999;-999;    3;   0.0;   0;    9.500;-999;  -999;  17.8;    -999;   25.9;   54.54;   31.8;   19.1;   17.2;eor
        377;20190830;-999;-999;-999;    3;   0.0;   0;   11.650;-999;  -999;  16.7;    -999;   24.7;   55.21;   30.9;   18.3;   16.2;eor
        377;20190831;-999;-999;-999;    3;   0.0;   4;   11.667;-999;  -999;  16.7;    -999;   26.3;   49.67;   32.7;   20.3;   17.9;eor
        377;20190901;-999;-999;-999;    3;   0.0;   0;    6.650;-999;  -999;  14.9;    -999;   21.2;   58.88;   26.1;   16.2;   14.6;eor
        377;20190902;-999;-999;-999;    3;   0.0;   0;    7.950;-999;  -999;  10.3;    -999;   18.1;   50.21;   23.0;   14.5;   11.7;eor
        377;20190903;-999;-999;-999;    3;   0.0;   0;   11.667;-999;  -999;   9.2;    -999;   18.6;   45.75;   25.6;   10.0;    7.5;eor
        377;20190904;-999;-999;-999;    3;   0.0;   0;   11.617;-999;  -999;  11.9;    -999;   20.5;   51.58;   27.1;   12.0;    9.5;eor
        377;20190905;-999;-999;-999;    3;   0.0;   0;    5.117;-999;  -999;  11.4;    -999;   16.8;   60.25;   21.3;   13.5;   12.1;eor
        377;20190906;-999;-999;-999;    3;   0.0;   0;    9.333;-999;  -999;   9.9;    -999;   15.5;   57.42;   21.0;   10.9;    8.9;eor
        377;20190907;-999;-999;-999;    3;   7.2;   4;    1.700;-999;  -999;  11.5;    -999;   13.5;   74.58;   19.2;   11.5;   10.4;eor
        377;20190908;-999;-999;-999;    3;   2.1;   4;    0.183;-999;  -999;  13.3;    -999;   12.8;   90.04;   15.5;   11.5;   11.3;eor
        377;20190909;-999;-999;-999;    3;   0.0;   0;    2.217;-999;  -999;  11.8;    -999;   13.6;   77.13;   18.4;   10.1;    8.3;eor
        377;20190910;-999;-999;-999;    3;   0.0;   0;    9.300;-999;  -999;  11.1;    -999;   14.6;   69.04;   20.5;    7.8;    6.7;eor
        377;20190911;-999;-999;-999;    3;   0.0;   0;    6.400;-999;  -999;  10.9;    -999;   16.5;   60.08;   23.4;    9.0;    6.6;eor
        377;20190912;-999;-999;-999;    3;   0.0;   0;    4.567;-999;  -999;  14.9;    -999;   19.2;   67.17;   24.6;   13.4;   11.6;eor
        377;20190913;-999;-999;-999;    3;   0.0;   0;    7.383;-999;  -999;  16.5;    -999;   19.9;   71.63;   24.5;   16.4;   15.1;eor
        377;20190914;-999;-999;-999;    3;   0.0;   0;    9.850;-999;  -999;  15.2;    -999;   18.9;   70.71;   23.8;   13.7;   12.1;eor
        377;20190915;-999;-999;-999;    3;   0.0;   0;   10.800;-999;  -999;  13.6;    -999;   20.5;   58.71;   28.7;   12.8;   10.5;eor
        377;20190916;-999;-999;-999;    3;   0.2;   4;    5.950;-999;  -999;  11.9;    -999;   20.2;   52.33;   27.3;   12.5;   11.0;eor
        377;20190917;-999;-999;-999;    3;   0.0;   0;    3.867;-999;  -999;  12.6;    -999;   16.8;   66.71;   22.2;   11.4;    9.0;eor
        377;20190918;-999;-999;-999;    3;   0.0;   0;   10.700;-999;  -999;   8.6;    -999;   13.3;   57.33;   17.7;    8.4;    6.3;eor
        377;20190919;-999;-999;-999;    3;   0.0;   0;   10.133;-999;  -999;   8.2;    -999;   13.0;   55.63;   16.9;    9.2;    7.0;eor
        377;20190920;-999;-999;-999;    3;   0.0;   0;   10.400;-999;  -999;   7.4;    -999;   13.3;   49.83;   19.2;    8.0;    6.1;eor
        377;20190921;-999;-999;-999;    3;   0.0;   0;   10.633;-999;  -999;   8.3;    -999;   16.2;   45.92;   22.5;   10.0;    8.2;eor
        377;20190922;-999;-999;-999;    3;   5.4;   4;    4.967;-999;  -999;  12.0;    -999;   17.7;   59.29;   23.4;   11.0;    8.6;eor
        377;20190923;-999;-999;-999;    3;   0.2;   4;    1.100;-999;  -999;  15.1;    -999;   15.7;   84.79;   19.1;   12.4;   11.1;eor
        377;20190924;-999;-999;-999;    3;   1.3;   4;    1.967;-999;  -999;  14.1;    -999;   14.0;   88.75;   17.8;    9.3;    7.6;eor
        377;20190925;-999;-999;-999;    3;   6.2;   4;    1.717;-999;  -999;  14.9;    -999;   15.1;   87.08;   18.0;   13.6;   12.4;eor
        377;20190926;-999;-999;-999;    3;   0.6;   4;    0.000;-999;  -999;  16.7;    -999;   15.5;   94.29;   17.6;   13.2;   12.0;eor
        377;20190927;-999;-999;-999;    3;  12.1;   4;    0.833;-999;  -999;  15.5;    -999;   14.8;   92.33;   16.8;   11.9;   10.6;eor
        377;20190928;-999;-999;-999;    3;   0.8;   4;    2.283;-999;  -999;  14.1;    -999;   14.9;   83.13;   18.0;   12.0;   10.4;eor
        377;20190929;-999;-999;-999;    3;   2.9;   4;    5.817;-999;  -999;  13.7;    -999;   16.5;   74.13;   21.8;   10.9;    9.9;eor
        377;20190930;-999;-999;-999;    3;   0.0;   4;    1.983;-999;  -999;  12.9;    -999;   15.1;   75.67;   19.1;   10.1;    8.3;eor
        377;20191001;-999;-999;-999;    3;   6.5;   4;    1.733;   0;  -999;  15.0;    -999;   15.2;   86.13;   21.2;    9.9;    8.4;eor
        377;20191002;-999;-999;-999;    3;   1.0;   4;    2.217;   0;  -999;  11.9;    -999;   12.6;   80.29;   16.5;    7.8;    5.5;eor
        377;20191003;-999;-999;-999;    3;   0.0;   0;    6.950;   0;  -999;   9.2;    -999;    9.3;   79.79;   15.0;    6.1;    4.2;eor
        377;20191004;-999;-999;-999;    3;  15.3;   4;    0.783;   0;  -999;  11.6;    -999;   10.3;   92.17;   14.7;    6.8;    5.6;eor
        377;20191005;-999;-999;-999;    3;   0.6;   4;    0.000;   0;  -999;  11.3;    -999;   11.5;   83.08;   13.3;    8.4;    6.3;eor
        377;20191006;-999;-999;-999;    3;  11.4;   4;    0.000;   0;  -999;  11.6;    -999;    9.8;   95.13;   12.2;    7.8;    7.5;eor
        377;20191007;-999;-999;-999;    3;   0.0;   0;    0.300;   0;  -999;  12.0;    -999;   11.2;   89.79;   14.3;    8.8;    8.2;eor
        377;20191008;-999;-999;-999;    3;   8.0;   4;    0.050;   0;  -999;  13.8;    -999;   13.0;   91.46;   15.7;   11.0;   10.8;eor
        377;20191009;-999;-999;-999;    3;  11.8;   4;    0.733;   0;  -999;  12.3;    -999;   11.7;   89.58;   15.1;    9.4;    7.7;eor
        377;20191010;-999;-999;-999;    3;   0.6;   4;    2.633;   0;  -999;  11.7;    -999;   11.6;   85.50;   16.5;    8.1;    6.3;eor
        377;20191011;-999;-999;-999;    3;   0.0;   4;    4.217;   0;  -999;  12.7;    -999;   13.4;   83.00;   19.4;    8.5;    7.4;eor
        377;20191012;-999;-999;-999;    3;   0.4;   4;    6.617;   0;  -999;  14.5;    -999;   17.0;   74.79;   22.0;   11.0;    8.4;eor
        377;20191013;-999;-999;-999;    3;   0.0;   0;    8.783;   0;  -999;  16.0;    -999;   19.1;   73.42;   25.1;   13.5;   11.5;eor
        377;20191014;-999;-999;-999;    3;   0.0;   0;    9.500;   0;  -999;  14.5;    -999;   18.2;   70.42;   24.4;   12.5;   10.4;eor
        377;20191015;-999;-999;-999;    3;   3.8;   4;    1.167;   0;  -999;  14.7;    -999;   15.4;   84.08;   19.5;   11.9;   10.9;eor
        377;20191016;-999;-999;-999;    3;   0.8;   4;    5.983;   0;  -999;  11.9;    -999;   13.6;   77.21;   18.2;   10.0;    8.6;eor
        377;20191017;-999;-999;-999;    3;   6.8;   4;    3.400;   0;  -999;  13.9;    -999;   14.9;   82.17;   19.3;   12.3;   11.0;eor
        377;20191018;-999;-999;-999;    3;  10.1;   4;    2.300;   0;  -999;  14.0;    -999;   13.7;   88.46;   16.7;   10.5;    9.5;eor
        377;20191019;-999;-999;-999;    3;  13.5;   4;    0.117;   0;  -999;  14.2;    -999;   13.3;   92.96;   16.0;   11.0;   10.6;eor
        377;20191020;-999;-999;-999;    3;   1.6;   4;    1.450;   0;  -999;  15.6;    -999;   14.7;   92.75;   17.5;   12.6;   12.0;eor
        377;20191021;-999;-999;-999;    3;   1.3;   4;    0.300;   0;  -999;  14.8;    -999;   14.9;   87.63;   17.6;   12.0;   11.5;eor
        377;20191022;-999;-999;-999;    3;   0.0;   0;    0.817;   0;  -999;  13.4;    -999;   13.5;   86.58;   16.0;   11.7;   10.6;eor
        377;20191023;-999;-999;-999;    3;   0.0;   0;    0.000;   0;  -999;  13.5;    -999;   12.7;   91.50;   13.7;   11.6;   10.3;eor
        377;20191024;-999;-999;-999;    3;   0.0;   0;    5.433;   0;  -999;  14.0;    -999;   15.3;   81.79;   20.9;   11.4;   10.4;eor
        377;20191025;-999;-999;-999;    3;   0.0;   0;    4.117;   0;  -999;  12.7;    -999;   14.2;   78.29;   18.0;   10.2;    7.9;eor
        377;20191026;-999;-999;-999;    3;   0.0;   0;    8.867;   0;  -999;  12.3;    -999;   12.9;   82.75;   18.3;    6.7;    4.4;eor
        377;20191027;-999;-999;-999;    3;   4.3;   4;    1.483;   0;  -999;  12.6;    -999;   13.4;   81.42;   18.2;    7.0;    6.8;eor
        377;20191028;-999;-999;-999;    3;   0.0;   0;    2.250;   0;  -999;   8.9;    -999;    7.6;   85.58;   10.1;    6.2;    5.2;eor
        377;20191029;-999;-999;-999;    3;   0.0;   0;    0.000;   0;  -999;   8.6;    -999;    7.1;   85.75;    8.7;    5.0;    3.9;eor
        377;20191030;-999;-999;-999;    3;   0.0;   0;    2.233;   0;  -999;   7.7;    -999;    6.0;   81.83;    8.2;    3.4;    1.8;eor
        377;20191031;-999;-999;-999;    3;   0.1;   4;    8.583;   0;  -999;   7.2;    -999;    6.0;   77.33;    9.3;    2.9;    1.4;eor
        377;20191101;-999;-999;-999;    3;  10.4;   4;    0.000;   0;  -999;  10.6;    -999;    8.3;   94.92;   12.0;    5.3;    5.3;eor
        377;20191102;-999;-999;-999;    3;   6.8;   4;    0.200;   0;  -999;  14.0;    -999;   13.7;   89.58;   16.9;   10.9;   10.1;eor
        377;20191103;-999;-999;-999;    3;   4.6;   4;    0.267;   0;  -999;  12.7;    -999;   11.6;   93.08;   13.6;    9.9;    9.0;eor
        377;20191104;-999;-999;-999;    3;   2.8;   4;    1.417;   0;  -999;  11.3;    -999;   10.7;   88.46;   13.5;    8.6;    7.3;eor
        377;20191105;-999;-999;-999;    3;   0.5;   4;    4.767;   0;  -999;   9.7;    -999;    9.5;   82.08;   13.7;    5.9;    3.4;eor
        377;20191106;-999;-999;-999;    3;   0.5;   4;    0.050;   0;  -999;  10.6;    -999;    8.8;   93.00;   10.8;    7.3;    6.1;eor
        377;20191107;-999;-999;-999;    3;   2.5;   4;    0.833;   0;  -999;   9.6;    -999;    7.6;   91.29;    9.4;    5.1;    4.0;eor
        377;20191108;-999;-999;-999;    3;   4.9;   4;    0.000;   0;  -999;   8.8;    -999;    6.0;   93.54;    7.6;    4.2;    3.4;eor
        377;20191109;-999;-999;-999;    3;   1.3;   4;    1.717;   0;  -999;   8.4;    -999;    5.5;   92.58;    9.1;    2.2;    0.3;eor
        377;20191110;-999;-999;-999;    3;   0.0;   0;    0.083;   0;  -999;   7.0;    -999;    2.5;   96.13;    4.9;   -0.3;   -1.8;eor
        377;20191111;-999;-999;-999;    3;   2.1;   4;    0.000;   0;  -999;   7.3;    -999;    2.9;   97.00;    5.2;    1.2;    1.7;eor
        377;20191112;-999;-999;-999;    3;   0.4;   4;    1.283;   0;  -999;   7.6;    -999;    5.3;   85.83;    7.7;    2.7;    0.6;eor
        377;20191113;-999;-999;-999;    3;   0.1;   4;    0.917;   0;  -999;   7.3;    -999;    3.9;   90.33;    5.5;    0.2;   -1.7;eor
        377;20191114;-999;-999;-999;    3;   0.0;   0;    3.200;   0;  -999;   6.8;    -999;    4.2;   82.96;    6.8;    1.0;   -0.8;eor
        377;20191115;-999;-999;-999;    3;   0.0;   0;    0.283;   0;  -999;   7.0;    -999;    3.9;   86.79;    5.9;    2.4;    1.4;eor
        377;20191116;-999;-999;-999;    3;   0.0;   0;    4.283;   0;  -999;   7.2;    -999;    3.5;   91.17;    6.6;    0.1;   -2.0;eor
        377;20191117;-999;-999;-999;    3;   6.8;   4;    0.000;   0;  -999;   8.1;    -999;    4.5;   95.63;    5.7;    2.3;    1.5;eor
        377;20191118;-999;-999;-999;    3;   0.9;   4;    0.000;   0;  -999;   7.3;    -999;    3.3;   93.96;    4.9;    2.3;    2.2;eor
        377;20191119;-999;-999;-999;    3;   0.5;   4;    0.000;   0;  -999;   7.8;    -999;    4.1;   95.25;    5.8;    0.1;   -1.8;eor
        377;20191120;-999;-999;-999;    3;   0.0;   0;    0.000;   0;  -999;   6.3;    -999;    0.6;   98.21;    2.3;   -2.2;   -3.6;eor
        377;20191121;-999;-999;-999;    3;   0.0;   0;    0.000;   0;  -999;   7.0;    -999;    2.4;   95.96;    4.1;    1.2;    0.0;eor
        377;20191122;-999;-999;-999;    3;   0.0;   0;    2.550;   0;  -999;   7.5;    -999;    3.7;   94.04;    6.4;    1.3;    0.5;eor
        377;20191123;-999;-999;-999;    3;   0.0;   0;    0.267;   0;  -999;   7.7;    -999;    6.2;   81.50;   10.1;    3.3;    2.4;eor
        377;20191124;-999;-999;-999;    3;   0.0;   0;    2.883;   0;  -999;   8.2;    -999;    5.2;   92.75;    9.0;    1.3;   -0.3;eor
        377;20191125;-999;-999;-999;    3;   0.6;   4;    0.000;   0;  -999;   8.8;    -999;    5.3;   98.33;    6.6;    3.5;    1.8;eor
        377;20191126;-999;-999;-999;    3;   1.5;   4;    1.633;   0;  -999;  10.3;    -999;    8.1;   94.96;   11.7;    4.7;    3.9;eor
        377;20191127;-999;-999;-999;    3;   3.5;   4;    1.067;   0;  -999;  10.4;    -999;    9.8;   86.13;   13.1;    6.4;    4.8;eor
        377;20191128;-999;-999;-999;    3;   6.4;   4;    0.667;   0;  -999;  10.3;    -999;    9.8;   85.00;   11.8;    8.6;    7.4;eor
        377;20191129;-999;-999;-999;    3;   2.1;   4;    0.000;   0;  -999;   8.7;    -999;    6.7;   87.63;   10.0;    2.7;    0.7;eor
        377;20191130;-999;-999;-999;    3;   0.0;   0;    5.750;   0;  -999;   6.6;    -999;    3.6;   83.25;    6.8;    1.0;   -0.7;eor
        377;20191201;-999;-999;-999;    3;   0.1;   4;    0.000;   0;  -999;   5.7;    -999;    1.9;   81.58;    3.0;    0.7;   -0.3;eor
        377;20191202;-999;-999;-999;    3;   0.0;   0;    6.800;   0;  -999;   5.6;    -999;    2.7;   75.83;    5.7;   -0.5;   -2.9;eor
        377;20191203;-999;-999;-999;    3;   0.0;   0;    5.233;   0;  -999;   6.4;    -999;    3.0;   84.71;    6.6;    0.4;   -1.4;eor
        377;20191204;-999;-999;-999;    3;   0.0;   0;    7.467;   0;  -999;   5.8;    -999;    1.4;   86.50;    4.0;   -1.8;   -3.7;eor
        377;20191205;-999;-999;-999;    3;   0.0;   0;    1.017;   0;  -999;   4.9;    -999;   -2.7;   97.38;    0.6;   -5.2;   -6.3;eor
        377;20191206;-999;-999;-999;    3;   2.2;   4;    3.950;   0;  -999;   6.4;    -999;    3.3;   82.75;    8.7;   -1.9;   -4.4;eor
        377;20191207;-999;-999;-999;    3;   0.7;   4;    0.967;   0;  -999;   9.9;    -999;    8.7;   87.63;   10.4;    7.7;    6.3;eor
        377;20191208;-999;-999;-999;    3;   2.8;   4;    0.000;   0;  -999;   9.8;    -999;    9.4;   82.54;   11.7;    7.8;    5.8;eor
        377;20191209;-999;-999;-999;    3;   2.4;   4;    0.000;   0;  -999;   8.4;    -999;    6.8;   85.21;    8.7;    4.3;    1.5;eor
        377;20191210;-999;-999;-999;    3;   0.0;   0;    5.967;   0;  -999;   6.3;    -999;    2.7;   84.96;    5.5;   -0.3;   -2.4;eor
        377;20191211;-999;-999;-999;    3;   8.6;   4;    0.000;   0;  -999;   6.2;    -999;    2.2;   86.38;    4.1;    0.3;   -1.4;eor
        377;20191212;-999;-999;-999;    3;   4.9;   4;    0.417;   0;  -999;   6.9;    -999;    2.7;   92.13;    5.2;   -0.5;   -2.6;eor
        377;20191213;-999;-999;-999;    3;  20.8;   4;    0.033;   2;  -999;   7.2;    -999;    3.4;   92.17;    6.4;   -0.1;   -0.2;eor
        377;20191214;-999;-999;-999;    3;   6.0;   4;    4.167;   0;  -999;   8.0;    -999;    7.4;   77.71;    9.4;    3.9;    3.2;eor
        377;20191215;-999;-999;-999;    3;   5.0;   4;    0.000;   0;  -999;  10.2;    -999;    9.3;   87.17;   12.9;    7.2;    6.4;eor
        377;20191216;-999;-999;-999;    3;   0.0;   0;    1.183;   0;  -999;  10.2;    -999;    8.8;   90.25;   12.6;    6.4;    5.5;eor
        377;20191217;-999;-999;-999;    3;   0.8;   4;    0.983;   0;  -999;   9.7;    -999;    9.4;   82.46;   15.5;    5.9;    4.4;eor
        377;20191218;-999;-999;-999;    3;   0.5;   4;    1.183;   0;  -999;  11.2;    -999;   10.7;   87.54;   13.6;    6.5;    4.1;eor
        377;20191219;-999;-999;-999;    3;   0.0;   0;    0.433;   0;  -999;   8.7;    -999;    5.0;   98.92;    8.4;    1.8;    0.5;eor
        377;20191220;-999;-999;-999;    3;  12.2;   4;    0.000;   0;  -999;   8.5;    -999;    5.0;   96.50;    8.2;    0.3;   -0.6;eor
        377;20191221;-999;-999;-999;    3;   2.4;   4;    2.783;   0;  -999;   8.4;    -999;    5.4;   93.63;    8.4;    1.6;   -0.3;eor
        377;20191222;-999;-999;-999;    3;   2.7;   4;    0.433;   0;  -999;   9.1;    -999;    7.2;   89.13;    9.1;    4.6;    3.4;eor
        377;20191223;-999;-999;-999;    3;   2.4;   4;    1.033;   0;  -999;   9.1;    -999;    7.3;   88.96;    9.1;    6.6;    4.5;eor
        377;20191224;-999;-999;-999;    3;   3.1;   4;    1.550;   0;  -999;   8.8;    -999;    7.7;   83.96;    9.8;    5.5;    3.7;eor
        377;20191225;-999;-999;-999;    3;   5.0;   4;    1.533;   0;  -999;   8.9;    -999;    7.6;   85.13;    9.4;    4.6;    2.3;eor
        377;20191226;-999;-999;-999;    3;   1.3;   4;    2.033;   0;  -999;   7.5;    -999;    3.7;   93.71;    4.9;    1.1;   -1.0;eor
        377;20191227;-999;-999;-999;    3;   1.6;   4;    0.000;   0;  -999;   8.6;    -999;    5.3;   96.21;    6.5;    4.2;    3.2;eor
        377;20191228;-999;-999;-999;    3;   0.0;   0;    6.133;   0;  -999;   5.7;    -999;    1.6;   83.50;    4.2;   -0.2;   -1.5;eor
        377;20191229;-999;-999;-999;    3;   0.0;   0;    7.467;   0;  -999;   4.8;    -999;    0.4;   77.00;    2.1;   -1.3;   -3.0;eor
        377;20191230;-999;-999;-999;    3;   0.0;   0;    4.300;   0;  -999;   5.0;    -999;   -1.4;   90.58;    1.5;   -3.1;   -4.6;eor
        377;20191231;-999;-999;-999;    3;   0.0;   0;    6.383;   0;  -999;   5.6;    -999;    1.5;   82.46;    4.7;   -3.1;   -4.6;eor
        377;20200101;-999;-999;-999;    3;   0.0;   0;    2.733;   0;  -999;   5.9;    -999;    0.6;   92.25;    2.9;   -1.7;   -1.6;eor
        377;20200102;-999;-999;-999;    3;   0.0;   4;    0.000;   0;  -999;   5.8;    -999;   -0.6;   99.38;    1.4;   -2.2;   -2.0;eor
        377;20200103;-999;-999;-999;    3;   1.6;   4;    0.317;   0;  -999;   8.7;    -999;    6.2;   91.50;    8.7;    1.4;    1.2;eor
        377;20200104;-999;-999;-999;    3;   0.0;   0;    0.867;   0;  -999;   7.5;    -999;    5.1;   84.75;    8.6;    2.8;    0.8;eor
        377;20200105;-999;-999;-999;    3;   0.0;   0;    0.383;   0;  -999;   7.4;    -999;    4.3;   89.63;    6.4;    0.9;   -1.3;eor
        377;20200106;-999;-999;-999;    3;   1.1;   4;    0.000;   0;  -999;   6.3;    -999;    0.6;   98.58;    3.1;   -1.7;   -2.7;eor
        377;20200107;-999;-999;-999;    3;   0.1;   4;    1.933;   0;  -999;   7.7;    -999;    4.6;   90.88;    7.9;    1.0;   -1.0;eor
        377;20200108;-999;-999;-999;    3;   0.1;   4;    0.000;   0;  -999;   8.4;    -999;    5.2;   93.33;    9.1;    1.9;    1.7;eor
        377;20200109;-999;-999;-999;    3;   3.7;   4;    0.000;   0;  -999;  10.5;    -999;   10.1;   85.63;   12.3;    7.6;    6.8;eor
        377;20200110;-999;-999;-999;    3;   1.4;   4;    0.667;   0;  -999;   9.4;    -999;    7.8;   88.75;   10.0;    5.5;    3.4;eor
        377;20200111;-999;-999;-999;    3;   0.0;   0;    0.517;   0;  -999;   7.0;    -999;    4.9;   80.54;    6.7;    0.2;   -2.3;eor
        377;20200112;-999;-999;-999;    3;   0.0;   0;    0.000;   0;  -999;   6.6;    -999;    2.7;   88.04;    5.1;   -1.5;   -3.7;eor
        377;20200113;-999;-999;-999;    3;   0.0;   0;    0.433;   0;  -999;   7.9;    -999;    4.9;   91.21;    7.1;    3.8;    1.8;eor
        377;20200114;-999;-999;-999;    3;   0.0;   0;    0.233;   0;  -999;   7.1;    -999;    8.4;   64.92;   12.0;    4.3;    1.9;eor
        377;20200115;-999;-999;-999;    3;   0.0;   0;    7.400;   0;  -999;   7.9;    -999;    9.7;   65.25;   12.9;    4.1;    1.2;eor
        377;20200116;-999;-999;-999;    3;   0.0;   0;    6.583;   0;  -999;   9.1;    -999;    9.9;   74.83;   13.7;    5.5;    2.5;eor
        377;20200117;-999;-999;-999;    3;   0.3;   4;    1.000;   0;  -999;   8.1;    -999;    6.3;   84.46;    9.8;    1.9;   -0.6;eor
        377;20200118;-999;-999;-999;    3;   0.7;   4;    1.150;   0;  -999;   6.9;    -999;    4.2;   84.33;    6.9;    1.5;   -0.6;eor
        377;20200119;-999;-999;-999;    3;   0.0;   4;    1.150;   0;  -999;   6.3;    -999;    2.9;   84.17;    5.2;    0.4;   -0.6;eor
        377;20200120;-999;-999;-999;    3;   0.0;   0;    5.950;   0;  -999;   6.2;    -999;    3.4;   79.17;    6.2;    0.8;   -1.0;eor
        377;20200121;-999;-999;-999;    3;   0.0;   0;    7.833;   0;  -999;   5.3;    -999;    0.6;   82.33;    3.3;   -1.9;   -3.7;eor
        377;20200122;-999;-999;-999;    3;   0.0;   0;    0.000;   0;  -999;   5.0;    -999;   -2.2;   95.46;   -1.3;   -2.7;   -4.1;eor
        377;20200123;-999;-999;-999;    3;   0.0;   0;    0.000;   0;  -999;   5.7;    -999;   -0.2;   93.83;    0.8;   -1.4;   -1.3;eor
        377;20200124;-999;-999;-999;    3;   0.0;   0;    2.983;   0;  -999;   5.5;    -999;   -0.2;   91.04;    3.2;   -1.9;   -3.3;eor
        377;20200125;-999;-999;-999;    3;   0.0;   0;    1.550;   0;  -999;   5.6;    -999;   -0.9;   97.58;    2.2;   -3.3;   -3.9;eor
        377;20200126;-999;-999;-999;    3;   0.4;   4;    0.000;   0;  -999;   6.1;    -999;   -0.1;   99.67;    2.2;   -1.6;   -2.4;eor
        377;20200127;-999;-999;-999;    3;  17.6;   4;    0.183;   0;  -999;   8.6;    -999;    5.4;   94.75;    8.7;   -0.2;   -0.4;eor
        377;20200128;-999;-999;-999;    3;  12.4;   4;    4.400;   0;  -999;   7.4;    -999;    5.1;   83.83;    7.7;    1.2;    0.0;eor
        377;20200129;-999;-999;-999;    3;   2.4;   4;    0.700;   0;  -999;   6.9;    -999;    3.5;   88.00;    5.5;    1.6;    0.4;eor
        377;20200130;-999;-999;-999;    3;   4.1;   4;    2.633;   0;  -999;   8.5;    -999;    6.8;   85.67;   11.6;    2.9;    1.0;eor
        377;20200131;-999;-999;-999;    3;   0.5;   4;    0.050;   0;  -999;  12.7;    -999;   12.0;   90.71;   13.2;   10.9;    9.8;eor
        377;20200201;-999;-999;-999;    3;   8.6;   4;    0.600;   0;  -999;  11.8;    -999;   11.9;   84.67;   13.8;   10.7;    8.6;eor
        377;20200202;-999;-999;-999;    3;  11.8;   4;    0.000;   0;  -999;  11.9;    -999;   11.6;   86.71;   14.3;    9.0;    7.9;eor
        377;20200203;-999;-999;-999;    3;  13.8;   4;    0.067;   0;  -999;  10.7;    -999;   10.0;   87.04;   14.2;    8.4;    7.8;eor
        377;20200204;-999;-999;-999;    3;   0.9;   4;    4.750;   0;  -999;   7.4;    -999;    5.3;   82.21;   13.4;    2.8;    1.0;eor
        377;20200205;-999;-999;-999;    3;   0.0;   0;    8.433;   0;  -999;   6.0;    -999;    4.2;   73.54;    7.8;    0.0;   -2.4;eor
        377;20200206;-999;-999;-999;    3;   0.0;   0;    8.467;   0;  -999;   5.7;    -999;    1.9;   82.04;    6.0;   -2.1;   -4.0;eor
        377;20200207;-999;-999;-999;    3;   0.0;   0;    8.550;   0;  -999;   5.6;    -999;    2.4;   77.54;    5.9;   -0.6;   -2.6;eor
        377;20200208;-999;-999;-999;    3;   0.0;   0;    5.033;   0;  -999;   6.2;    -999;    3.7;   77.88;    9.5;   -2.0;   -3.5;eor
        377;20200209;-999;-999;-999;    3;   7.6;   4;    4.300;   0;  -999;   8.0;    -999;    9.5;   67.92;   14.5;    3.4;    1.3;eor
        377;20200210;-999;-999;-999;    3;  25.9;   4;    3.733;   0;  -999;   8.7;    -999;    9.5;   73.42;   14.2;    5.2;    4.2;eor
        377;20200211;-999;-999;-999;    3;   0.2;   4;    3.017;   0;  -999;   6.3;    -999;    6.1;   67.29;    8.8;    4.1;    2.9;eor
        377;20200212;-999;-999;-999;    3;   5.2;   4;    1.733;   0;  -999;   6.6;    -999;    4.3;   79.67;    6.4;    1.8;   -0.1;eor
        377;20200213;-999;-999;-999;    3;  15.2;   4;    0.100;   0;  -999;   7.3;    -999;    4.3;   86.96;    7.9;    1.1;   -0.8;eor
        377;20200214;-999;-999;-999;    3;   0.1;   4;    2.050;   0;  -999;   8.4;    -999;    7.5;   81.21;   10.2;    4.4;    2.2;eor
        377;20200215;-999;-999;-999;    3;   0.0;   0;    6.667;   0;  -999;   7.9;    -999;    7.3;   78.29;   12.0;    1.3;   -0.6;eor
        377;20200216;-999;-999;-999;    3;   2.8;   4;    4.283;   0;  -999;   8.1;    -999;   13.9;   52.42;   18.2;    8.8;    6.6;eor
        377;20200217;-999;-999;-999;    3;   7.7;   4;    0.000;   0;  -999;   9.5;    -999;    8.9;   83.88;   17.5;    6.9;    5.1;eor
        377;20200218;-999;-999;-999;    3;   2.7;   4;    0.867;   0;  -999;   7.4;    -999;    6.7;   75.46;    8.0;    5.2;    4.0;eor
        377;20200219;-999;-999;-999;    3;   7.5;   4;    4.100;   0;  -999;   7.0;    -999;    5.7;   76.21;    8.7;    2.3;    0.0;eor
        377;20200220;-999;-999;-999;    3;   2.0;   4;    0.200;   0;  -999;   7.7;    -999;    7.1;   76.38;   10.0;    3.8;    3.0;eor
        377;20200221;-999;-999;-999;    3;   0.0;   0;    5.967;   0;  -999;   6.3;    -999;    5.9;   68.42;    9.2;    3.4;    0.6;eor
        377;20200222;-999;-999;-999;    3;   3.3;   4;    6.150;   0;  -999;   6.7;    -999;    8.1;   63.67;   12.8;    1.9;    0.0;eor
        377;20200223;-999;-999;-999;    3;   8.1;   4;    0.150;   0;  -999;  10.9;    -999;   11.1;   82.42;   13.4;    8.2;    7.3;eor
        377;20200224;-999;-999;-999;    3;   2.4;   4;    1.650;   0;  -999;  10.2;    -999;    9.3;   87.54;   13.7;    5.8;    5.8;eor
        377;20200225;-999;-999;-999;    3;   6.1;   4;    0.317;   0;  -999;   8.9;    -999;    7.6;   84.96;   10.5;    3.9;    2.6;eor
        377;20200226;-999;-999;-999;    3;   0.3;   4;    1.600;   0;  -999;   6.2;    -999;    3.7;   78.29;    6.2;    1.8;    1.3;eor
        377;20200227;-999;-999;-999;    3;  15.9;   4;    0.000;   0;  -999;   6.4;    -999;    2.4;   87.42;    4.2;    0.1;    0.0;eor
        377;20200228;-999;-999;-999;    3;   0.5;   4;    4.817;   4;  -999;   5.8;    -999;    4.8;   68.38;    8.6;    1.1;   -1.7;eor
        377;20200229;-999;-999;-999;    3;   5.0;   4;    3.200;   0;  -999;   8.7;    -999;    9.3;   74.63;   15.0;    5.4;    3.5;eor
        377;20200301;-999;-999;-999;    3;   6.2;   4;    4.083;   0;  -999;   8.0;    -999;    8.3;   73.75;   12.5;    3.3;    2.7;eor
        377;20200302;-999;-999;-999;    3;   6.8;   4;    2.333;   0;  -999;   7.9;    -999;    5.7;   85.46;    8.0;    3.1;    1.2;eor
        377;20200303;-999;-999;-999;    3;   0.2;   4;    2.150;   0;  -999;   6.7;    -999;    4.7;   79.25;    7.8;    0.6;   -0.5;eor
        377;20200304;-999;-999;-999;    3;   0.2;   4;    0.983;   0;  -999;   6.9;    -999;    4.3;   83.04;    8.8;    0.2;   -2.1;eor
        377;20200305;-999;-999;-999;    3;  18.2;   4;    0.000;   0;  -999;   8.7;    -999;    5.7;   94.04;    9.0;    3.4;    3.0;eor
        377;20200306;-999;-999;-999;    3;   5.0;   4;    0.033;   0;  -999;   8.1;    -999;    5.7;   88.58;    8.2;    4.6;    3.6;eor
        377;20200307;-999;-999;-999;    3;   0.0;   0;    2.200;   0;  -999;   7.0;    -999;    5.5;   77.58;    7.9;    3.3;    2.1;eor
        377;20200308;-999;-999;-999;    3;   2.8;   4;    2.883;   0;  -999;   7.7;    -999;    7.1;   75.88;   11.9;    2.7;    1.4;eor
        377;20200309;-999;-999;-999;    3;   2.1;   4;    4.650;   0;  -999;   8.1;    -999;    7.3;   79.79;   11.7;    4.2;    1.9;eor
        377;20200310;-999;-999;-999;    3;   9.8;   4;    0.000;   0;  -999;   9.6;    -999;    7.4;   92.46;   11.3;    4.6;    3.7;eor
        377;20200311;-999;-999;-999;    3;   0.2;   4;    1.167;   0;  -999;  12.1;    -999;   13.5;   78.79;   16.5;   11.1;   10.2;eor
        377;20200312;-999;-999;-999;    3;   3.4;   4;    2.383;   0;  -999;  10.5;    -999;   11.4;   78.17;   15.0;    7.2;    5.2;eor
        377;20200313;-999;-999;-999;    3;   0.0;   0;    6.683;   0;  -999;   6.7;    -999;    7.2;   65.71;   10.9;    4.6;    1.7;eor
        377;20200314;-999;-999;-999;    3;   0.0;   0;    3.667;   0;  -999;   6.7;    -999;    6.1;   71.83;   10.0;    1.8;   -0.1;eor
        377;20200315;-999;-999;-999;    3;   0.0;   0;   10.150;   0;  -999;   6.7;    -999;    8.1;   64.38;   14.7;    1.6;   -1.1;eor
        377;20200316;-999;-999;-999;    3;   0.0;   0;    9.267;   0;  -999;   7.8;    -999;   12.2;   56.29;   18.5;    3.3;    1.3;eor
        377;20200317;-999;-999;-999;    3;   0.0;   0;    2.850;   0;  -999;  10.1;    -999;   13.2;   66.63;   17.4;    8.0;    5.5;eor
        377;20200318;-999;-999;-999;    3;   0.0;   0;    7.433;   0;  -999;  10.6;    -999;   12.6;   73.25;   17.7;    6.9;    4.7;eor
        377;20200319;-999;-999;-999;    3;   0.0;   0;    9.983;   0;  -999;   9.7;    -999;   13.6;   63.08;   18.0;    8.2;    5.0;eor
        377;20200320;-999;-999;-999;    3;   0.5;   4;    8.017;   0;  -999;   9.8;    -999;   12.6;   67.54;   17.2;    7.9;    5.1;eor
        377;20200321;-999;-999;-999;    3;  13.2;   4;    0.000;   0;  -999;   7.5;    -999;    4.7;   87.63;    8.2;    3.2;    2.4;eor
        377;20200322;-999;-999;-999;    3;   0.0;   0;   10.700;   0;  -999;   4.4;    -999;    4.0;   55.58;    8.3;    0.7;   -0.7;eor
        377;20200323;-999;-999;-999;    3;   0.0;   0;   10.767;   0;  -999;   3.2;    -999;    2.6;   45.38;    7.8;   -1.5;   -3.2;eor
        377;20200324;-999;-999;-999;    3;   0.0;   0;   10.800;   0;  -999;   3.1;    -999;    3.3;   41.42;    8.2;   -1.5;   -3.1;eor
        377;20200325;-999;-999;-999;    3;   0.0;   0;   10.833;   0;  -999;   3.1;    -999;    4.0;   38.54;    8.5;   -0.5;   -2.3;eor
        377;20200326;-999;-999;-999;    3;   0.0;   0;    9.317;   0;  -999;   4.4;    -999;    4.8;   50.42;    9.4;    0.4;   -1.5;eor
        377;20200327;-999;-999;-999;    3;   0.0;   0;   10.350;   0;  -999;   6.1;    -999;    9.4;   51.79;   14.6;    3.8;    1.6;eor
        377;20200328;-999;-999;-999;    3;   0.0;   0;   10.450;   0;  -999;   7.0;    -999;   12.5;   48.83;   17.1;    7.1;    3.3;eor
        377;20200329;-999;-999;-999;    1;   0.0;   0;    0.283;   0;  -999;   5.7;    -999;    5.4;   64.00;    9.5;    2.5;    2.2;eor
        377;20200330;-999;-999;-999;    1;   0.0;   0;   11.217;   0;  -999;   3.4;    -999;    3.0;   46.54;    6.6;   -1.0;   -2.6;eor
        377;20200331;-999;-999;-999;    1;   0.0;   0;    4.583;   0;  -999;   4.4;    -999;    4.2;   54.58;    8.6;   -1.2;   -4.1;eor
        377;20200401;-999;-999;-999;    1;   0.0;   0;   11.350;   0;  -999;   3.5;    -999;    4.9;   41.83;    9.9;   -0.2;   -2.8;eor
        377;20200402;-999;-999;-999;    1;   0.0;   0;   11.367;   0;  -999;   4.2;    -999;    7.9;   40.29;   14.4;   -1.5;   -4.0;eor
        377;20200403;-999;-999;-999;    1;   0.0;   0;    2.400;   0;  -999;   6.4;    -999;    8.0;   60.13;   13.0;    3.6;    2.1;eor
        377;20200404;-999;-999;-999;    1;   0.0;   0;   11.433;   0;  -999;   6.0;    -999;    9.3;   53.21;   14.2;    1.1;   -1.0;eor
        377;20200405;-999;-999;-999;    1;   0.0;   0;   11.517;   0;  -999;   6.3;    -999;   12.9;   44.04;   18.8;    6.7;    4.5;eor
        377;20200406;-999;-999;-999;    1;   0.0;   0;   11.567;   0;  -999;   6.6;    -999;   15.7;   38.75;   22.6;    7.3;    3.2;eor
        377;20200407;-999;-999;-999;    1;   0.0;   0;   11.600;   0;  -999;   7.6;    -999;   16.8;   41.04;   22.9;    9.8;    5.9;eor
        377;20200408;-999;-999;-999;    1;   0.0;   0;   11.500;   0;  -999;   7.7;    -999;   17.3;   40.17;   22.7;   10.9;    8.0;eor
        377;20200409;-999;-999;-999;    1;   0.0;   0;    7.600;   0;  -999;   8.1;    -999;   17.2;   43.00;   23.1;    8.1;    6.1;eor
        377;20200410;-999;-999;-999;    1;   0.0;   0;   11.450;   0;  -999;   9.4;    -999;   17.2;   49.00;   22.2;   11.0;    7.2;eor
        377;20200411;-999;-999;-999;    1;   0.0;   0;   11.833;   0;  -999;   8.3;    -999;   16.7;   44.46;   22.2;   11.1;    8.8;eor
        377;20200412;-999;-999;-999;    1;   0.1;   4;    8.433;   0;  -999;   8.6;    -999;   16.9;   45.83;   24.6;    9.4;    6.6;eor
        377;20200413;-999;-999;-999;    1;   0.1;   4;    5.800;   0;  -999;   8.3;    -999;   12.5;   56.33;   19.5;    4.8;    1.8;eor
        377;20200414;-999;-999;-999;    1;   0.0;   0;   11.083;   0;  -999;   4.5;    -999;    6.3;   47.46;   10.0;    1.9;   -0.1;eor
        377;20200415;-999;-999;-999;    1;   0.0;   0;   11.150;   0;  -999;   4.8;    -999;   10.3;   40.96;   17.1;    2.0;   -0.3;eor
        377;20200416;-999;-999;-999;    1;   0.0;   0;   10.033;   0;  -999;   8.2;    -999;   16.4;   43.75;   23.8;    6.4;    2.5;eor
        377;20200417;-999;-999;-999;    1;   0.0;   0;    8.017;   0;  -999;  10.3;    -999;   18.5;   50.17;   24.6;   11.2;    8.9;eor
        377;20200418;-999;-999;-999;    1;   0.0;   0;    8.183;   0;  -999;  11.6;    -999;   18.3;   55.96;   24.4;   12.7;   10.8;eor
        377;20200419;-999;-999;-999;    1;   0.0;   0;   10.083;   0;  -999;  11.9;    -999;   15.6;   68.00;   20.2;   10.1;    7.8;eor
        377;20200420;-999;-999;-999;    1;   0.0;   0;   12.283;   0;  -999;   6.4;    -999;   13.9;   42.25;   19.3;    8.8;    7.5;eor
        377;20200421;-999;-999;-999;    1;   0.0;   0;   12.383;   0;  -999;   5.7;    -999;   14.9;   34.54;   21.6;    9.2;    8.3;eor
        377;20200422;-999;-999;-999;    1;   0.0;   0;   12.483;   0;  -999;   5.9;    -999;   15.8;   33.71;   21.9;   10.3;    8.3;eor
        377;20200423;-999;-999;-999;    1;   0.0;   0;   12.533;   0;  -999;   6.5;    -999;   16.1;   36.17;   21.4;   11.3;    8.8;eor
        377;20200424;-999;-999;-999;    1;   0.0;   0;   12.233;   0;  -999;   7.3;    -999;   17.4;   38.46;   23.5;    8.4;    4.7;eor
        377;20200425;-999;-999;-999;    1;   0.0;   0;   12.483;   0;  -999;   7.0;    -999;   14.2;   43.17;   17.8;    9.5;    7.6;eor
        377;20200426;-999;-999;-999;    1;   0.0;   0;   12.667;   0;  -999;   6.8;    -999;   14.5;   42.96;   20.6;    7.2;    4.2;eor
        377;20200427;-999;-999;-999;    1;   0.3;   4;   12.050;   0;  -999;   8.4;    -999;   16.9;   47.04;   23.5;    9.0;    7.0;eor
        377;20200428;-999;-999;-999;    1;   0.4;   4;    2.333;   0;  -999;  11.5;    -999;   15.1;   67.00;   18.3;   12.4;   11.2;eor
        377;20200429;-999;-999;-999;    1;   5.9;   4;    3.400;   0;  -999;  11.0;    -999;   13.8;   70.83;   18.4;   11.2;    9.2;eor
        377;20200430;-999;-999;-999;    1;  25.1;   4;    0.183;   0;  -999;  12.0;    -999;   11.4;   88.71;   14.8;    9.0;    8.0;eor
        377;20200501;-999;-999;-999;    1;   9.3;   4;    4.033;-999;  -999;  10.8;    -999;   10.7;   84.25;   14.4;    8.1;    6.5;eor
        377;20200502;-999;-999;-999;    1;   0.0;   0;    8.250;-999;  -999;   8.4;    -999;   10.5;   67.63;   15.8;    5.7;    3.6;eor
        377;20200503;-999;-999;-999;    1;   0.0;   0;   10.233;-999;  -999;   8.7;    -999;   12.1;   63.63;   18.1;    5.2;    3.0;eor
        377;20200504;-999;-999;-999;    1;   1.9;   4;    2.283;-999;  -999;  11.9;    -999;   13.7;   75.54;   20.1;    8.7;    7.5;eor
        377;20200505;-999;-999;-999;    1;   0.0;   0;    8.317;-999;  -999;   7.8;    -999;   11.4;   59.33;   15.7;    8.3;    6.9;eor
        377;20200506;-999;-999;-999;    1;   0.0;   0;   13.067;-999;  -999;   5.7;    -999;   11.8;   42.38;   16.3;    6.8;    4.8;eor
        377;20200507;-999;-999;-999;    1;   0.0;   0;   13.317;-999;  -999;   7.1;    -999;   14.9;   43.88;   21.0;    6.4;    3.4;eor
        377;20200508;-999;-999;-999;    1;   0.0;   0;   10.917;-999;  -999;   8.8;    -999;   18.5;   43.00;   24.6;    9.8;    6.3;eor
        377;20200509;-999;-999;-999;    1;   0.0;   4;    4.550;-999;  -999;  11.4;    -999;   17.1;   58.13;   18.8;   14.4;   12.6;eor
        377;20200510;-999;-999;-999;    1;   0.8;   4;    9.717;-999;  -999;  13.7;    -999;   19.6;   61.58;   25.7;   13.0;   11.7;eor
        377;20200511;-999;-999;-999;    1;  24.6;   4;    0.000;-999;  -999;  10.0;    -999;    8.2;   89.25;   16.8;    4.0;    2.5;eor
        377;20200512;-999;-999;-999;    1;   0.0;   0;   11.700;-999;  -999;   6.5;    -999;    8.1;   61.88;   12.1;    2.0;    0.0;eor
        377;20200513;-999;-999;-999;    1;   0.0;   0;    4.550;-999;  -999;   8.0;    -999;   10.2;   64.25;   13.3;    6.6;    4.8;eor
        377;20200514;-999;-999;-999;    1;   0.0;   0;    7.017;-999;  -999;   8.1;    -999;   11.2;   61.63;   14.8;    6.9;    5.9;eor
        377;20200515;-999;-999;-999;    1;   0.0;   0;   11.650;-999;  -999;   7.5;    -999;   13.1;   50.38;   17.8;    9.5;    7.0;eor
        377;20200516;-999;-999;-999;    1;   0.0;   0;   12.833;-999;  -999;   7.4;    -999;   14.0;   47.63;   19.6;    6.1;    3.2;eor
        377;20200517;-999;-999;-999;    1;   0.0;   0;   13.533;-999;  -999;   8.7;    -999;   15.1;   50.75;   20.1;   10.4;    8.1;eor
        377;20200518;-999;-999;-999;    1;   0.0;   0;   13.667;-999;  -999;   9.3;    -999;   17.8;   47.17;   24.4;    8.9;    5.7;eor
        377;20200519;-999;-999;-999;    1;   0.0;   0;   12.217;-999;  -999;  10.2;    -999;   20.2;   44.75;   25.1;   12.6;   10.2;eor
        377;20200520;-999;-999;-999;    1;   0.0;   0;   10.183;-999;  -999;  12.5;    -999;   20.4;   52.25;   24.2;   15.3;   12.4;eor
        377;20200521;-999;-999;-999;    1;   0.0;   0;   13.450;-999;  -999;  13.7;    -999;   20.2;   59.25;   25.4;   15.1;   12.8;eor
        377;20200522;-999;-999;-999;    1;   0.0;   0;    3.767;-999;  -999;  15.8;    -999;   21.2;   63.33;   25.7;   13.5;   10.6;eor
        377;20200523;-999;-999;-999;    1;   4.5;   4;    0.183;-999;  -999;  12.9;    -999;   14.1;   79.83;   21.5;   10.0;    7.6;eor
        377;20200524;-999;-999;-999;    1;   0.0;   0;   11.083;-999;  -999;  10.1;    -999;   14.1;   65.29;   18.9;    8.8;    6.3;eor
        377;20200525;-999;-999;-999;    1;   0.0;   0;    4.150;-999;  -999;  11.3;    -999;   15.7;   64.58;   20.4;   12.2;   10.3;eor
        377;20200526;-999;-999;-999;    1;   0.0;   0;   14.083;-999;  -999;   9.5;    -999;   16.6;   51.50;   21.1;   10.7;    8.1;eor
        377;20200527;-999;-999;-999;    1;   0.0;   0;   14.217;-999;  -999;   9.2;    -999;   17.7;   46.96;   22.8;   12.0;    9.5;eor
        377;20200528;-999;-999;-999;    1;   0.0;   0;   12.333;-999;  -999;   8.9;    -999;   17.7;   44.54;   21.3;   13.7;   12.1;eor
        377;20200529;-999;-999;-999;    1;   0.0;   0;   12.750;-999;  -999;   7.7;    -999;   16.9;   40.67;   22.2;   11.5;    9.2;eor
        377;20200530;-999;-999;-999;    1;   0.0;   0;   11.667;-999;  -999;   7.8;    -999;   16.8;   41.21;   21.8;   12.2;   10.2;eor
        377;20200531;-999;-999;-999;    1;   0.0;   0;   13.467;-999;  -999;   8.3;    -999;   16.4;   45.00;   21.3;   11.3;    9.1;eor
        377;20200601;-999;-999;-999;    1;   0.0;   0;   14.300;-999;  -999;  10.1;    -999;   19.8;   45.13;   25.4;   13.0;   11.6;eor
        377;20200602;-999;-999;-999;    1;   0.0;   0;   14.400;-999;  -999;  10.5;    -999;   21.4;   42.42;   27.6;   15.8;   13.8;eor
        377;20200603;-999;-999;-999;    1;   2.1;   4;    7.183;-999;  -999;  12.9;    -999;   20.4;   55.13;   27.4;   14.4;   11.6;eor
        377;20200604;-999;-999;-999;    1;   5.9;   4;    1.150;-999;  -999;  15.3;    -999;   15.5;   86.50;   19.4;   11.2;   10.2;eor
        377;20200605;-999;-999;-999;    1;  10.2;   4;    0.650;-999;  -999;  11.9;    -999;   12.1;   84.04;   15.8;   10.4;    9.6;eor
        377;20200606;-999;-999;-999;    1;   2.0;   4;    1.883;-999;  -999;  13.1;    -999;   13.1;   86.92;   16.8;   10.0;    9.5;eor
        377;20200607;-999;-999;-999;    1;   4.1;   4;    5.000;-999;  -999;  11.4;    -999;   14.7;   69.58;   19.6;   11.4;    9.5;eor
        377;20200608;-999;-999;-999;    1;  -999;-999;    8.483;-999;  -999;  11.0;    -999;   15.7;   62.88;   20.8;   11.2;    9.5;eor
        377;20200609;-999;-999;-999;    1;  -999;-999;    0.100;-999;  -999;  12.0;    -999;   15.5;   68.00;   18.1;   12.5;   11.4;eor
