STATIONS_ID;MESS_DATUM;QN_3;  FX;  FM;QN_4; RSK;RSKF; SDK;SHK_TAG;  NM; VPM;  PM; TMK; UPM; TXK; TNK; TGK;eor
       5851;20181208;   10;  17.8;   8.0;-999;-999;-999;-999;-999;-999;-999;-999;-999;-999;-999;-999;-999;eor
       5851;20181209;   10;  17.8;   7.1;-999;-999;-999;-999;-999;-999;-999;-999;-999;-999;-999;-999;-999;eor
       5851;20181210;   10;  13.9;   6.0;-999;-999;-999;-999;-999;-999;-999;-999;-999;-999;-999;-999;-999;eor
       5851;20181211;   10;  12.2;   3.9;-999;-999;-999;-999;-999;-999;-999;-999;-999;-999;-999;-999;-999;eor
       5851;20181212;   10;  10.1;   3.8;-999;-999;-999;-999;-999;-999;-999;-999;-999;-999;-999;-999;-999;eor
       5851;20181213;   10;  12.5;   5.2;-999;-999;-999;-999;-999;-999;-999;-999;-999;-999;-999;-999;-999;eor
       5851;20181214;   10;  13.0;   4.3;-999;-999;-999;-999;-999;-999;-999;-999;-999;-999;-999;-999;-999;eor
       5851;20181215;   10;  11.7;   5.1;-999;-999;-999;-999;-999;-999;-999;-999;-999;-999;-999;-999;-999;eor
       5851;20181216;   10;   8.7;   4.2;-999;-999;-999;-999;-999;-999;-999;-999;-999;-999;-999;-999;-999;eor
       5851;20181217;   10;   7.3;   3.4;-999;-999;-999;-999;-999;-999;-999;-999;-999;-999;-999;-999;-999;eor
       5851;20181218;   10;   8.7;   4.2;-999;-999;-999;-999;-999;-999;-999;-999;-999;-999;-999;-999;-999;eor
       5851;20181219;   10;   8.1;   3.5;-999;-999;-999;-999;-999;-999;-999;-999;-999;-999;-999;-999;-999;eor
       5851;20181220;   10;  12.3;   5.4;-999;-999;-999;-999;-999;-999;-999;-999;-999;-999;-999;-999;-999;eor
       5851;20181221;   10;  25.0;   8.5;-999;-999;-999;-999;-999;-999;-999;-999;-999;-999;-999;-999;-999;eor
       5851;20181222;   10;  18.9;   7.2;-999;-999;-999;-999;-999;-999;-999;-999;-999;-999;-999;-999;-999;eor
       5851;20181223;   10;   7.5;   3.7;-999;-999;-999;-999;-999;-999;-999;-999;-999;-999;-999;-999;-999;eor
       5851;20181224;   10;  10.6;   3.9;-999;-999;-999;-999;-999;-999;-999;-999;-999;-999;-999;-999;-999;eor
       5851;20181225;   10;   6.3;   3.2;-999;-999;-999;-999;-999;-999;-999;-999;-999;-999;-999;-999;-999;eor
       5851;20181226;   10;   5.2;   3.1;-999;-999;-999;-999;-999;-999;-999;-999;-999;-999;-999;-999;-999;eor
       5851;20181227;   10;   5.1;   2.7;-999;-999;-999;-999;-999;-999;-999;-999;-999;-999;-999;-999;-999;eor
       5851;20181228;   10;   4.5;   1.8;-999;-999;-999;-999;-999;-999;-999;-999;-999;-999;-999;-999;-999;eor
       5851;20181229;   10;  14.2;   4.8;-999;-999;-999;-999;-999;-999;-999;-999;-999;-999;-999;-999;-999;eor
       5851;20181230;   10;  16.9;   5.1;-999;-999;-999;-999;-999;-999;-999;-999;-999;-999;-999;-999;-999;eor
       5851;20181231;   10;   6.3;   2.0;-999;-999;-999;-999;-999;-999;-999;-999;-999;-999;-999;-999;-999;eor
       5851;20190101;   10;  21.6;   6.4;-999;-999;-999;-999;-999;-999;-999;-999;-999;-999;-999;-999;-999;eor
       5851;20190102;   10;  17.6;   6.7;-999;-999;-999;-999;-999;-999;-999;-999;-999;-999;-999;-999;-999;eor
       5851;20190103;   10;   7.3;   2.4;-999;-999;-999;-999;-999;-999;-999;-999;-999;-999;-999;-999;-999;eor
       5851;20190104;   10;  11.3;   3.3;-999;-999;-999;-999;-999;-999;-999;-999;-999;-999;-999;-999;-999;eor
       5851;20190105;   10;  12.5;   5.0;-999;-999;-999;-999;-999;-999;-999;-999;-999;-999;-999;-999;-999;eor
       5851;20190106;   10;   9.0;   3.6;-999;-999;-999;-999;-999;-999;-999;-999;-999;-999;-999;-999;-999;eor
       5851;20190107;   10;  12.0;   4.0;-999;-999;-999;-999;-999;-999;-999;-999;-999;-999;-999;-999;-999;eor
       5851;20190108;   10;  19.2;   8.4;-999;-999;-999;-999;-999;-999;-999;-999;-999;-999;-999;-999;-999;eor
       5851;20190109;   10;  18.2;   8.3;-999;-999;-999;-999;-999;-999;-999;-999;-999;-999;-999;-999;-999;eor
       5851;20190110;   10;  13.0;   4.4;-999;-999;-999;-999;-999;-999;-999;-999;-999;-999;-999;-999;-999;eor
       5851;20190111;   10;   7.6;   2.7;-999;-999;-999;-999;-999;-999;-999;-999;-999;-999;-999;-999;-999;eor
       5851;20190112;   10;  11.1;   4.9;-999;-999;-999;-999;-999;-999;-999;-999;-999;-999;-999;-999;-999;eor
       5851;20190113;   10;  17.2;   6.0;-999;-999;-999;-999;-999;-999;-999;-999;-999;-999;-999;-999;-999;eor
       5851;20190114;   10;  16.2;   6.1;-999;-999;-999;-999;-999;-999;-999;-999;-999;-999;-999;-999;-999;eor
       5851;20190115;   10;  11.3;   5.9;-999;-999;-999;-999;-999;-999;-999;-999;-999;-999;-999;-999;-999;eor
       5851;20190116;   10;  13.0;   6.0;-999;-999;-999;-999;-999;-999;-999;-999;-999;-999;-999;-999;-999;eor
       5851;20190117;   10;  15.7;   5.9;-999;-999;-999;-999;-999;-999;-999;-999;-999;-999;-999;-999;-999;eor
       5851;20190118;   10;   8.1;   2.2;-999;-999;-999;-999;-999;-999;-999;-999;-999;-999;-999;-999;-999;eor
       5851;20190119;   10;   6.9;   1.6;-999;-999;-999;-999;-999;-999;-999;-999;-999;-999;-999;-999;-999;eor
       5851;20190120;   10;   6.1;   2.1;-999;-999;-999;-999;-999;-999;-999;-999;-999;-999;-999;-999;-999;eor
       5851;20190121;   10;   3.9;   1.6;-999;-999;-999;-999;-999;-999;-999;-999;-999;-999;-999;-999;-999;eor
       5851;20190122;   10;  11.7;   4.8;-999;-999;-999;-999;-999;-999;-999;-999;-999;-999;-999;-999;-999;eor
       5851;20190123;   10;   6.7;   3.2;-999;-999;-999;-999;-999;-999;-999;-999;-999;-999;-999;-999;-999;eor
       5851;20190124;   10;   5.3;   1.5;-999;-999;-999;-999;-999;-999;-999;-999;-999;-999;-999;-999;-999;eor
       5851;20190125;   10;  10.2;   3.8;-999;-999;-999;-999;-999;-999;-999;-999;-999;-999;-999;-999;-999;eor
       5851;20190126;   10;  11.4;   5.9;-999;-999;-999;-999;-999;-999;-999;-999;-999;-999;-999;-999;-999;eor
       5851;20190127;   10;  13.9;   6.6;-999;-999;-999;-999;-999;-999;-999;-999;-999;-999;-999;-999;-999;eor
       5851;20190128;   10;  15.4;   6.2;-999;-999;-999;-999;-999;-999;-999;-999;-999;-999;-999;-999;-999;eor
       5851;20190129;   10;   8.8;   3.8;-999;-999;-999;-999;-999;-999;-999;-999;-999;-999;-999;-999;-999;eor
       5851;20190130;   10;   9.5;   5.1;-999;-999;-999;-999;-999;-999;-999;-999;-999;-999;-999;-999;-999;eor
       5851;20190131;   10;   8.9;   4.1;-999;-999;-999;-999;-999;-999;-999;-999;-999;-999;-999;-999;-999;eor
       5851;20190201;   10;  10.9;   3.6;-999;-999;-999;-999;-999;-999;-999;-999;-999;-999;-999;-999;-999;eor
       5851;20190202;   10;   9.0;   2.5;-999;-999;-999;-999;-999;-999;-999;-999;-999;-999;-999;-999;-999;eor
       5851;20190203;   10;  11.3;   5.0;-999;-999;-999;-999;-999;-999;-999;-999;-999;-999;-999;-999;-999;eor
       5851;20190204;   10;  10.5;   4.7;-999;-999;-999;-999;-999;-999;-999;-999;-999;-999;-999;-999;-999;eor
       5851;20190205;   10;   9.3;   3.9;-999;-999;-999;-999;-999;-999;-999;-999;-999;-999;-999;-999;-999;eor
       5851;20190206;   10;   8.7;   4.3;-999;-999;-999;-999;-999;-999;-999;-999;-999;-999;-999;-999;-999;eor
       5851;20190207;   10;   9.6;   5.0;-999;-999;-999;-999;-999;-999;-999;-999;-999;-999;-999;-999;-999;eor
       5851;20190208;   10;  16.0;   7.1;-999;-999;-999;-999;-999;-999;-999;-999;-999;-999;-999;-999;-999;eor
       5851;20190209;   10;  18.8;   9.0;-999;-999;-999;-999;-999;-999;-999;-999;-999;-999;-999;-999;-999;eor
       5851;20190210;   10;  18.2;   8.5;-999;-999;-999;-999;-999;-999;-999;-999;-999;-999;-999;-999;-999;eor
       5851;20190211;   10;  13.1;   5.1;-999;-999;-999;-999;-999;-999;-999;-999;-999;-999;-999;-999;-999;eor
       5851;20190212;   10;  10.6;   3.8;-999;-999;-999;-999;-999;-999;-999;-999;-999;-999;-999;-999;-999;eor
       5851;20190213;   10;   7.1;   3.2;-999;-999;-999;-999;-999;-999;-999;-999;-999;-999;-999;-999;-999;eor
       5851;20190214;   10;   5.4;   2.5;-999;-999;-999;-999;-999;-999;-999;-999;-999;-999;-999;-999;-999;eor
       5851;20190215;   10;   6.6;   1.8;-999;-999;-999;-999;-999;-999;-999;-999;-999;-999;-999;-999;-999;eor
       5851;20190216;   10;   7.2;   3.4;-999;-999;-999;-999;-999;-999;-999;-999;-999;-999;-999;-999;-999;eor
       5851;20190217;   10;   9.3;   3.2;-999;-999;-999;-999;-999;-999;-999;-999;-999;-999;-999;-999;-999;eor
       5851;20190218;   10;   7.1;   3.3;-999;-999;-999;-999;-999;-999;-999;-999;-999;-999;-999;-999;-999;eor
       5851;20190219;   10;  12.4;   4.5;-999;-999;-999;-999;-999;-999;-999;-999;-999;-999;-999;-999;-999;eor
       5851;20190220;   10;   7.6;   3.2;-999;-999;-999;-999;-999;-999;-999;-999;-999;-999;-999;-999;-999;eor
       5851;20190221;   10;   9.5;   3.4;-999;-999;-999;-999;-999;-999;-999;-999;-999;-999;-999;-999;-999;eor
       5851;20190222;   10;   8.9;   3.9;-999;-999;-999;-999;-999;-999;-999;-999;-999;-999;-999;-999;-999;eor
       5851;20190223;   10;   6.7;   2.5;-999;-999;-999;-999;-999;-999;-999;-999;-999;-999;-999;-999;-999;eor
       5851;20190224;   10;   4.2;   1.4;-999;-999;-999;-999;-999;-999;-999;-999;-999;-999;-999;-999;-999;eor
       5851;20190225;   10;   4.1;   1.1;-999;-999;-999;-999;-999;-999;-999;-999;-999;-999;-999;-999;-999;eor
       5851;20190226;   10;   5.4;   1.6;-999;-999;-999;-999;-999;-999;-999;-999;-999;-999;-999;-999;-999;eor
       5851;20190227;   10;   5.9;   2.2;-999;-999;-999;-999;-999;-999;-999;-999;-999;-999;-999;-999;-999;eor
       5851;20190228;   10;  15.0;   4.1;-999;-999;-999;-999;-999;-999;-999;-999;-999;-999;-999;-999;-999;eor
       5851;20190301;   10;   8.5;   3.6;-999;-999;-999;-999;-999;-999;-999;-999;-999;-999;-999;-999;-999;eor
       5851;20190302;   10;   9.6;   4.1;-999;-999;-999;-999;-999;-999;-999;-999;-999;-999;-999;-999;-999;eor
       5851;20190303;   10;  15.2;   7.8;-999;-999;-999;-999;-999;-999;-999;-999;-999;-999;-999;-999;-999;eor
       5851;20190304;   10;  28.1;   9.8;-999;-999;-999;-999;-999;-999;-999;-999;-999;-999;-999;-999;-999;eor
       5851;20190305;   10;  15.2;   6.0;-999;-999;-999;-999;-999;-999;-999;-999;-999;-999;-999;-999;-999;eor
       5851;20190306;   10;  15.3;   5.7;-999;-999;-999;-999;-999;-999;-999;-999;-999;-999;-999;-999;-999;eor
       5851;20190307;   10;  22.5;   9.7;-999;-999;-999;-999;-999;-999;-999;-999;-999;-999;-999;-999;-999;eor
       5851;20190308;   10;  17.9;   8.0;-999;-999;-999;-999;-999;-999;-999;-999;-999;-999;-999;-999;-999;eor
       5851;20190309;   10;  24.6;   9.5;-999;-999;-999;-999;-999;-999;-999;-999;-999;-999;-999;-999;-999;eor
       5851;20190310;   10;  30.0;   8.8;-999;-999;-999;-999;-999;-999;-999;-999;-999;-999;-999;-999;-999;eor
       5851;20190311;   10;  19.4;   7.2;-999;-999;-999;-999;-999;-999;-999;-999;-999;-999;-999;-999;-999;eor
       5851;20190312;   10;  18.8;   7.0;-999;-999;-999;-999;-999;-999;-999;-999;-999;-999;-999;-999;-999;eor
       5851;20190313;   10;  21.7;   9.1;-999;-999;-999;-999;-999;-999;-999;-999;-999;-999;-999;-999;-999;eor
       5851;20190314;   10;  17.5;   7.8;-999;-999;-999;-999;-999;-999;-999;-999;-999;-999;-999;-999;-999;eor
       5851;20190315;   10;  18.2;   6.9;-999;-999;-999;-999;-999;-999;-999;-999;-999;-999;-999;-999;-999;eor
       5851;20190316;   10;  16.4;   6.8;-999;-999;-999;-999;-999;-999;-999;-999;-999;-999;-999;-999;-999;eor
       5851;20190317;   10;  19.0;   7.2;-999;-999;-999;-999;-999;-999;-999;-999;-999;-999;-999;-999;-999;eor
       5851;20190318;   10;  13.2;   5.4;-999;-999;-999;-999;-999;-999;-999;-999;-999;-999;-999;-999;-999;eor
       5851;20190319;   10;   6.8;   1.9;-999;-999;-999;-999;-999;-999;-999;-999;-999;-999;-999;-999;-999;eor
       5851;20190320;   10;   7.7;   2.4;-999;-999;-999;-999;-999;-999;-999;-999;-999;-999;-999;-999;-999;eor
       5851;20190321;   10;   4.0;   1.3;-999;-999;-999;-999;-999;-999;-999;-999;-999;-999;-999;-999;-999;eor
       5851;20190322;   10;   6.8;   1.7;-999;-999;-999;-999;-999;-999;-999;-999;-999;-999;-999;-999;-999;eor
       5851;20190323;   10;  12.7;   3.2;-999;-999;-999;-999;-999;-999;-999;-999;-999;-999;-999;-999;-999;eor
       5851;20190324;   10;   9.1;   3.0;-999;-999;-999;-999;-999;-999;-999;-999;-999;-999;-999;-999;-999;eor
       5851;20190325;   10;  17.4;   4.9;-999;-999;-999;-999;-999;-999;-999;-999;-999;-999;-999;-999;-999;eor
       5851;20190326;   10;  11.9;   4.2;-999;-999;-999;-999;-999;-999;-999;-999;-999;-999;-999;-999;-999;eor
       5851;20190327;   10;   6.6;   2.4;-999;-999;-999;-999;-999;-999;-999;-999;-999;-999;-999;-999;-999;eor
       5851;20190328;   10;   8.0;   2.6;-999;-999;-999;-999;-999;-999;-999;-999;-999;-999;-999;-999;-999;eor
       5851;20190329;   10;   5.8;   2.3;-999;-999;-999;-999;-999;-999;-999;-999;-999;-999;-999;-999;-999;eor
       5851;20190330;   10;  12.0;   2.5;-999;-999;-999;-999;-999;-999;-999;-999;-999;-999;-999;-999;-999;eor
       5851;20190331;   10;   9.9;   4.0;-999;-999;-999;-999;-999;-999;-999;-999;-999;-999;-999;-999;-999;eor
       5851;20190401;   10;   8.7;   4.0;-999;-999;-999;-999;-999;-999;-999;-999;-999;-999;-999;-999;-999;eor
       5851;20190402;   10;  13.4;   3.4;-999;-999;-999;-999;-999;-999;-999;-999;-999;-999;-999;-999;-999;eor
       5851;20190403;   10;  12.9;   4.7;-999;-999;-999;-999;-999;-999;-999;-999;-999;-999;-999;-999;-999;eor
       5851;20190404;   10;   9.3;   2.9;-999;-999;-999;-999;-999;-999;-999;-999;-999;-999;-999;-999;-999;eor
       5851;20190405;   10;   7.0;   3.0;-999;-999;-999;-999;-999;-999;-999;-999;-999;-999;-999;-999;-999;eor
       5851;20190406;   10;   9.2;   4.0;-999;-999;-999;-999;-999;-999;-999;-999;-999;-999;-999;-999;-999;eor
       5851;20190407;   10;  12.6;   4.3;-999;-999;-999;-999;-999;-999;-999;-999;-999;-999;-999;-999;-999;eor
       5851;20190408;   10;   8.0;   3.3;-999;-999;-999;-999;-999;-999;-999;-999;-999;-999;-999;-999;-999;eor
       5851;20190409;   10;  10.9;   4.5;-999;-999;-999;-999;-999;-999;-999;-999;-999;-999;-999;-999;-999;eor
       5851;20190410;   10;  11.1;   5.2;-999;-999;-999;-999;-999;-999;-999;-999;-999;-999;-999;-999;-999;eor
       5851;20190411;   10;  12.3;   5.2;-999;-999;-999;-999;-999;-999;-999;-999;-999;-999;-999;-999;-999;eor
       5851;20190412;   10;   9.8;   4.5;-999;-999;-999;-999;-999;-999;-999;-999;-999;-999;-999;-999;-999;eor
       5851;20190413;   10;   9.2;   4.2;-999;-999;-999;-999;-999;-999;-999;-999;-999;-999;-999;-999;-999;eor
       5851;20190414;   10;  10.6;   4.9;-999;-999;-999;-999;-999;-999;-999;-999;-999;-999;-999;-999;-999;eor
       5851;20190415;   10;  11.3;   4.8;-999;-999;-999;-999;-999;-999;-999;-999;-999;-999;-999;-999;-999;eor
       5851;20190416;   10;  11.1;   4.1;-999;-999;-999;-999;-999;-999;-999;-999;-999;-999;-999;-999;-999;eor
       5851;20190417;   10;  12.6;   3.1;-999;-999;-999;-999;-999;-999;-999;-999;-999;-999;-999;-999;-999;eor
       5851;20190418;   10;  15.0;   6.3;-999;-999;-999;-999;-999;-999;-999;-999;-999;-999;-999;-999;-999;eor
       5851;20190419;   10;  11.9;   4.9;-999;-999;-999;-999;-999;-999;-999;-999;-999;-999;-999;-999;-999;eor
       5851;20190420;   10;   9.0;   3.6;-999;-999;-999;-999;-999;-999;-999;-999;-999;-999;-999;-999;-999;eor
       5851;20190421;   10;  10.5;   2.5;-999;-999;-999;-999;-999;-999;-999;-999;-999;-999;-999;-999;-999;eor
       5851;20190422;   10;  18.2;   6.0;-999;-999;-999;-999;-999;-999;-999;-999;-999;-999;-999;-999;-999;eor
       5851;20190423;   10;  13.7;   5.5;-999;-999;-999;-999;-999;-999;-999;-999;-999;-999;-999;-999;-999;eor
       5851;20190424;   10;  25.6;   4.3;-999;-999;-999;-999;-999;-999;-999;-999;-999;-999;-999;-999;-999;eor
       5851;20190425;   10;  12.6;   4.0;-999;-999;-999;-999;-999;-999;-999;-999;-999;-999;-999;-999;-999;eor
       5851;20190426;   10;   6.5;   2.6;-999;-999;-999;-999;-999;-999;-999;-999;-999;-999;-999;-999;-999;eor
       5851;20190427;   10;  13.4;   4.1;-999;-999;-999;-999;-999;-999;-999;-999;-999;-999;-999;-999;-999;eor
       5851;20190428;   10;   8.9;   2.8;-999;-999;-999;-999;-999;-999;-999;-999;-999;-999;-999;-999;-999;eor
       5851;20190429;   10;  12.1;   4.5;-999;-999;-999;-999;-999;-999;-999;-999;-999;-999;-999;-999;-999;eor
       5851;20190430;   10;  12.0;   5.2;-999;-999;-999;-999;-999;-999;-999;-999;-999;-999;-999;-999;-999;eor
       5851;20190501;   10;   5.9;   2.0;-999;-999;-999;-999;-999;-999;-999;-999;-999;-999;-999;-999;-999;eor
       5851;20190502;   10;  12.6;   2.9;-999;-999;-999;-999;-999;-999;-999;-999;-999;-999;-999;-999;-999;eor
       5851;20190503;   10;  10.7;   4.0;-999;-999;-999;-999;-999;-999;-999;-999;-999;-999;-999;-999;-999;eor
       5851;20190504;   10;  13.6;   4.1;-999;-999;-999;-999;-999;-999;-999;-999;-999;-999;-999;-999;-999;eor
       5851;20190505;   10;  11.6;   3.0;-999;-999;-999;-999;-999;-999;-999;-999;-999;-999;-999;-999;-999;eor
       5851;20190506;   10;   8.8;   3.2;-999;-999;-999;-999;-999;-999;-999;-999;-999;-999;-999;-999;-999;eor
       5851;20190507;   10;   7.5;   2.7;-999;-999;-999;-999;-999;-999;-999;-999;-999;-999;-999;-999;-999;eor
       5851;20190508;   10;  11.1;   4.0;-999;-999;-999;-999;-999;-999;-999;-999;-999;-999;-999;-999;-999;eor
       5851;20190509;   10;  10.3;   4.4;-999;-999;-999;-999;-999;-999;-999;-999;-999;-999;-999;-999;-999;eor
       5851;20190510;   10;  11.2;   4.1;-999;-999;-999;-999;-999;-999;-999;-999;-999;-999;-999;-999;-999;eor
       5851;20190511;   10;  12.3;   4.8;-999;-999;-999;-999;-999;-999;-999;-999;-999;-999;-999;-999;-999;eor
       5851;20190512;   10;  12.1;   5.4;-999;-999;-999;-999;-999;-999;-999;-999;-999;-999;-999;-999;-999;eor
       5851;20190513;   10;  13.4;   5.3;-999;-999;-999;-999;-999;-999;-999;-999;-999;-999;-999;-999;-999;eor
       5851;20190514;   10;  12.0;   4.9;-999;-999;-999;-999;-999;-999;-999;-999;-999;-999;-999;-999;-999;eor
       5851;20190515;   10;  14.5;   4.8;-999;-999;-999;-999;-999;-999;-999;-999;-999;-999;-999;-999;-999;eor
       5851;20190516;   10;  11.2;   4.2;-999;-999;-999;-999;-999;-999;-999;-999;-999;-999;-999;-999;-999;eor
       5851;20190517;   10;   7.2;   3.1;-999;-999;-999;-999;-999;-999;-999;-999;-999;-999;-999;-999;-999;eor
       5851;20190518;   10;   8.5;   2.3;-999;-999;-999;-999;-999;-999;-999;-999;-999;-999;-999;-999;-999;eor
       5851;20190519;   10;-999;-999;-999;-999;-999;-999;-999;-999;-999;-999;-999;-999;-999;-999;-999;eor
       5851;20190520;   10;-999;-999;-999;-999;-999;-999;-999;-999;-999;-999;-999;-999;-999;-999;-999;eor
       5851;20190521;   10;-999;-999;-999;-999;-999;-999;-999;-999;-999;-999;-999;-999;-999;-999;-999;eor
       5851;20190522;   10;-999;-999;-999;-999;-999;-999;-999;-999;-999;-999;-999;-999;-999;-999;-999;eor
       5851;20190523;   10;-999;-999;-999;-999;-999;-999;-999;-999;-999;-999;-999;-999;-999;-999;-999;eor
       5851;20190524;   10;-999;-999;-999;-999;-999;-999;-999;-999;-999;-999;-999;-999;-999;-999;-999;eor
       5851;20190525;   10;-999;-999;-999;-999;-999;-999;-999;-999;-999;-999;-999;-999;-999;-999;-999;eor
       5851;20190526;   10;-999;-999;-999;-999;-999;-999;-999;-999;-999;-999;-999;-999;-999;-999;-999;eor
       5851;20190527;   10;-999;-999;-999;-999;-999;-999;-999;-999;-999;-999;-999;-999;-999;-999;-999;eor
       5851;20190528;   10;-999;-999;-999;-999;-999;-999;-999;-999;-999;-999;-999;-999;-999;-999;-999;eor
       5851;20190529;   10;-999;-999;-999;-999;-999;-999;-999;-999;-999;-999;-999;-999;-999;-999;-999;eor
       5851;20190530;   10;-999;-999;-999;-999;-999;-999;-999;-999;-999;-999;-999;-999;-999;-999;-999;eor
       5851;20190531;   10;-999;-999;-999;-999;-999;-999;-999;-999;-999;-999;-999;-999;-999;-999;-999;eor
       5851;20190601;   10;-999;-999;-999;-999;-999;-999;-999;-999;-999;-999;-999;-999;-999;-999;-999;eor
       5851;20190602;   10;-999;-999;-999;-999;-999;-999;-999;-999;-999;-999;-999;-999;-999;-999;-999;eor
       5851;20190603;   10;  12.9;-999;-999;-999;-999;-999;-999;-999;-999;-999;-999;-999;-999;-999;-999;eor
       5851;20190604;   10;  11.5;   3.8;-999;-999;-999;-999;-999;-999;-999;-999;-999;-999;-999;-999;-999;eor
       5851;20190605;   10;  10.1;   3.0;-999;-999;-999;-999;-999;-999;-999;-999;-999;-999;-999;-999;-999;eor
       5851;20190606;   10;  13.7;   3.8;-999;-999;-999;-999;-999;-999;-999;-999;-999;-999;-999;-999;-999;eor
       5851;20190607;   10;  19.0;   3.8;-999;-999;-999;-999;-999;-999;-999;-999;-999;-999;-999;-999;-999;eor
       5851;20190608;   10;  18.7;   7.8;-999;-999;-999;-999;-999;-999;-999;-999;-999;-999;-999;-999;-999;eor
       5851;20190609;   10;   6.7;   2.5;-999;-999;-999;-999;-999;-999;-999;-999;-999;-999;-999;-999;-999;eor
       5851;20190610;   10;   9.2;   3.6;-999;-999;-999;-999;-999;-999;-999;-999;-999;-999;-999;-999;-999;eor
       5851;20190611;   10;   7.6;   2.8;-999;-999;-999;-999;-999;-999;-999;-999;-999;-999;-999;-999;-999;eor
       5851;20190612;   10;  16.6;   3.8;-999;-999;-999;-999;-999;-999;-999;-999;-999;-999;-999;-999;-999;eor
       5851;20190613;   10;  15.7;   4.9;-999;-999;-999;-999;-999;-999;-999;-999;-999;-999;-999;-999;-999;eor
       5851;20190614;   10;  12.8;   3.4;-999;-999;-999;-999;-999;-999;-999;-999;-999;-999;-999;-999;-999;eor
       5851;20190615;   10;  14.8;   4.5;-999;-999;-999;-999;-999;-999;-999;-999;-999;-999;-999;-999;-999;eor
       5851;20190616;   10;   7.0;   2.3;-999;-999;-999;-999;-999;-999;-999;-999;-999;-999;-999;-999;-999;eor
       5851;20190617;   10;   8.2;   2.0;-999;-999;-999;-999;-999;-999;-999;-999;-999;-999;-999;-999;-999;eor
       5851;20190618;   10;   8.5;   2.2;-999;-999;-999;-999;-999;-999;-999;-999;-999;-999;-999;-999;-999;eor
       5851;20190619;   10;  13.1;   3.5;-999;-999;-999;-999;-999;-999;-999;-999;-999;-999;-999;-999;-999;eor
       5851;20190620;   10;   8.4;   2.9;-999;-999;-999;-999;-999;-999;-999;-999;-999;-999;-999;-999;-999;eor
       5851;20190621;   10;   8.7;   2.7;-999;-999;-999;-999;-999;-999;-999;-999;-999;-999;-999;-999;-999;eor
       5851;20190622;   10;   9.9;   4.3;-999;-999;-999;-999;-999;-999;-999;-999;-999;-999;-999;-999;-999;eor
       5851;20190623;   10;  12.0;   4.3;-999;-999;-999;-999;-999;-999;-999;-999;-999;-999;-999;-999;-999;eor
       5851;20190624;   10;   9.2;   4.1;-999;-999;-999;-999;-999;-999;-999;-999;-999;-999;-999;-999;-999;eor
       5851;20190625;   10;  10.1;   3.4;-999;-999;-999;-999;-999;-999;-999;-999;-999;-999;-999;-999;-999;eor
       5851;20190626;   10;  10.5;   3.1;-999;-999;-999;-999;-999;-999;-999;-999;-999;-999;-999;-999;-999;eor
       5851;20190627;   10;  10.4;   5.2;-999;-999;-999;-999;-999;-999;-999;-999;-999;-999;-999;-999;-999;eor
       5851;20190628;   10;   8.6;   3.3;-999;-999;-999;-999;-999;-999;-999;-999;-999;-999;-999;-999;-999;eor
       5851;20190629;   10;   6.8;   2.2;-999;-999;-999;-999;-999;-999;-999;-999;-999;-999;-999;-999;-999;eor
       5851;20190630;   10;  13.6;   4.2;-999;-999;-999;-999;-999;-999;-999;-999;-999;-999;-999;-999;-999;eor
       5851;20190701;   10;  12.0;   4.0;-999;-999;-999;-999;-999;-999;-999;-999;-999;-999;-999;-999;-999;eor
       5851;20190702;   10;  10.6;   3.7;-999;-999;-999;-999;-999;-999;-999;-999;-999;-999;-999;-999;-999;eor
       5851;20190703;   10;  12.2;   3.7;-999;-999;-999;-999;-999;-999;-999;-999;-999;-999;-999;-999;-999;eor
       5851;20190704;   10;   6.8;   2.4;-999;-999;-999;-999;-999;-999;-999;-999;-999;-999;-999;-999;-999;eor
       5851;20190705;   10;  12.1;   3.4;-999;-999;-999;-999;-999;-999;-999;-999;-999;-999;-999;-999;-999;eor
       5851;20190706;   10;  13.6;   4.2;-999;-999;-999;-999;-999;-999;-999;-999;-999;-999;-999;-999;-999;eor
       5851;20190707;   10;  11.6;   4.5;-999;-999;-999;-999;-999;-999;-999;-999;-999;-999;-999;-999;-999;eor
       5851;20190708;   10;   9.0;   3.0;-999;-999;-999;-999;-999;-999;-999;-999;-999;-999;-999;-999;-999;eor
       5851;20190709;   10;   8.0;   2.9;-999;-999;-999;-999;-999;-999;-999;-999;-999;-999;-999;-999;-999;eor
       5851;20190710;   10;   7.9;   2.4;-999;-999;-999;-999;-999;-999;-999;-999;-999;-999;-999;-999;-999;eor
       5851;20190711;   10;   6.6;   2.5;-999;-999;-999;-999;-999;-999;-999;-999;-999;-999;-999;-999;-999;eor
       5851;20190712;   10;  13.7;   3.0;-999;-999;-999;-999;-999;-999;-999;-999;-999;-999;-999;-999;-999;eor
       5851;20190713;   10;   9.6;   3.0;-999;-999;-999;-999;-999;-999;-999;-999;-999;-999;-999;-999;-999;eor
       5851;20190714;   10;   8.8;   3.4;-999;-999;-999;-999;-999;-999;-999;-999;-999;-999;-999;-999;-999;eor
       5851;20190715;   10;   6.6;   2.6;-999;-999;-999;-999;-999;-999;-999;-999;-999;-999;-999;-999;-999;eor
       5851;20190716;   10;   8.3;   2.4;-999;-999;-999;-999;-999;-999;-999;-999;-999;-999;-999;-999;-999;eor
       5851;20190717;   10;   6.2;   2.0;-999;-999;-999;-999;-999;-999;-999;-999;-999;-999;-999;-999;-999;eor
       5851;20190718;   10;   9.4;   2.2;-999;-999;-999;-999;-999;-999;-999;-999;-999;-999;-999;-999;-999;eor
       5851;20190719;   10;   8.6;   2.5;-999;-999;-999;-999;-999;-999;-999;-999;-999;-999;-999;-999;-999;eor
       5851;20190720;   10;  20.5;   3.4;-999;-999;-999;-999;-999;-999;-999;-999;-999;-999;-999;-999;-999;eor
       5851;20190721;   10;   8.3;   3.3;-999;-999;-999;-999;-999;-999;-999;-999;-999;-999;-999;-999;-999;eor
       5851;20190722;   10;   9.8;   2.4;-999;-999;-999;-999;-999;-999;-999;-999;-999;-999;-999;-999;-999;eor
       5851;20190723;   10;   7.2;   1.5;-999;-999;-999;-999;-999;-999;-999;-999;-999;-999;-999;-999;-999;eor
       5851;20190724;   10;   6.6;   1.7;-999;-999;-999;-999;-999;-999;-999;-999;-999;-999;-999;-999;-999;eor
       5851;20190725;   10;   7.2;   2.0;-999;-999;-999;-999;-999;-999;-999;-999;-999;-999;-999;-999;-999;eor
       5851;20190726;   10;   9.6;   3.9;-999;-999;-999;-999;-999;-999;-999;-999;-999;-999;-999;-999;-999;eor
       5851;20190727;   10;  11.8;   3.8;-999;-999;-999;-999;-999;-999;-999;-999;-999;-999;-999;-999;-999;eor
       5851;20190728;   10;   8.2;   2.3;-999;-999;-999;-999;-999;-999;-999;-999;-999;-999;-999;-999;-999;eor
       5851;20190729;   10;   6.6;   2.1;-999;-999;-999;-999;-999;-999;-999;-999;-999;-999;-999;-999;-999;eor
       5851;20190730;   10;   9.6;   2.5;-999;-999;-999;-999;-999;-999;-999;-999;-999;-999;-999;-999;-999;eor
       5851;20190731;   10;  12.4;   3.5;-999;-999;-999;-999;-999;-999;-999;-999;-999;-999;-999;-999;-999;eor
       5851;20190801;   10;   8.5;   2.5;-999;-999;-999;-999;-999;-999;-999;-999;-999;-999;-999;-999;-999;eor
       5851;20190802;   10;  12.3;   2.3;-999;-999;-999;-999;-999;-999;-999;-999;-999;-999;-999;-999;-999;eor
       5851;20190803;   10;   9.2;   4.0;-999;-999;-999;-999;-999;-999;-999;-999;-999;-999;-999;-999;-999;eor
       5851;20190804;   10;   6.1;   1.8;-999;-999;-999;-999;-999;-999;-999;-999;-999;-999;-999;-999;-999;eor
       5851;20190805;   10;  11.9;   3.5;-999;-999;-999;-999;-999;-999;-999;-999;-999;-999;-999;-999;-999;eor
       5851;20190806;   10;  11.4;   3.4;-999;-999;-999;-999;-999;-999;-999;-999;-999;-999;-999;-999;-999;eor
       5851;20190807;   10;  11.6;   4.2;-999;-999;-999;-999;-999;-999;-999;-999;-999;-999;-999;-999;-999;eor
       5851;20190808;   10;  14.6;   4.8;-999;-999;-999;-999;-999;-999;-999;-999;-999;-999;-999;-999;-999;eor
       5851;20190809;   10;  11.7;   3.0;-999;-999;-999;-999;-999;-999;-999;-999;-999;-999;-999;-999;-999;eor
       5851;20190810;   10;  16.4;   6.6;-999;-999;-999;-999;-999;-999;-999;-999;-999;-999;-999;-999;-999;eor
       5851;20190811;   10;  15.4;   4.1;-999;-999;-999;-999;-999;-999;-999;-999;-999;-999;-999;-999;-999;eor
       5851;20190812;   10;  13.2;   3.6;-999;-999;-999;-999;-999;-999;-999;-999;-999;-999;-999;-999;-999;eor
       5851;20190813;   10;  11.6;   4.2;-999;-999;-999;-999;-999;-999;-999;-999;-999;-999;-999;-999;-999;eor
       5851;20190814;   10;   9.0;   3.2;-999;-999;-999;-999;-999;-999;-999;-999;-999;-999;-999;-999;-999;eor
       5851;20190815;   10;  12.4;   4.9;-999;-999;-999;-999;-999;-999;-999;-999;-999;-999;-999;-999;-999;eor
       5851;20190816;   10;  11.3;   3.8;-999;-999;-999;-999;-999;-999;-999;-999;-999;-999;-999;-999;-999;eor
       5851;20190817;   10;  14.5;   5.4;-999;-999;-999;-999;-999;-999;-999;-999;-999;-999;-999;-999;-999;eor
       5851;20190818;   10;  23.2;   5.3;-999;-999;-999;-999;-999;-999;-999;-999;-999;-999;-999;-999;-999;eor
       5851;20190819;   10;  12.9;   4.0;-999;-999;-999;-999;-999;-999;-999;-999;-999;-999;-999;-999;-999;eor
       5851;20190820;   10;   8.7;   2.3;-999;-999;-999;-999;-999;-999;-999;-999;-999;-999;-999;-999;-999;eor
       5851;20190821;   10;   7.8;   1.5;-999;-999;-999;-999;-999;-999;-999;-999;-999;-999;-999;-999;-999;eor
       5851;20190822;   10;   6.9;   1.6;-999;-999;-999;-999;-999;-999;-999;-999;-999;-999;-999;-999;-999;eor
       5851;20190823;   10;   8.0;   2.0;-999;-999;-999;-999;-999;-999;-999;-999;-999;-999;-999;-999;-999;eor
       5851;20190824;   10;   8.6;   2.9;-999;-999;-999;-999;-999;-999;-999;-999;-999;-999;-999;-999;-999;eor
       5851;20190825;   10;   7.4;   2.3;-999;-999;-999;-999;-999;-999;-999;-999;-999;-999;-999;-999;-999;eor
       5851;20190826;   10;   8.4;   2.5;-999;-999;-999;-999;-999;-999;-999;-999;-999;-999;-999;-999;-999;eor
       5851;20190827;   10;  11.5;   2.2;-999;-999;-999;-999;-999;-999;-999;-999;-999;-999;-999;-999;-999;eor
       5851;20190828;   10;   9.7;   2.7;-999;-999;-999;-999;-999;-999;-999;-999;-999;-999;-999;-999;-999;eor
       5851;20190829;   10;  12.5;   2.9;-999;-999;-999;-999;-999;-999;-999;-999;-999;-999;-999;-999;-999;eor
       5851;20190830;   10;   6.5;   2.9;-999;-999;-999;-999;-999;-999;-999;-999;-999;-999;-999;-999;-999;eor
       5851;20190831;   10;  15.6;   3.1;-999;-999;-999;-999;-999;-999;-999;-999;-999;-999;-999;-999;-999;eor
       5851;20190901;   10;  12.9;   2.6;-999;-999;-999;-999;-999;-999;-999;-999;-999;-999;-999;-999;-999;eor
       5851;20190902;   10;  10.7;   2.1;-999;-999;-999;-999;-999;-999;-999;-999;-999;-999;-999;-999;-999;eor
       5851;20190903;   10;  12.6;   3.5;-999;-999;-999;-999;-999;-999;-999;-999;-999;-999;-999;-999;-999;eor
       5851;20190904;   10;  12.9;   4.0;-999;-999;-999;-999;-999;-999;-999;-999;-999;-999;-999;-999;-999;eor
       5851;20190905;   10;  13.4;   4.3;-999;-999;-999;-999;-999;-999;-999;-999;-999;-999;-999;-999;-999;eor
       5851;20190906;   10;   7.8;   2.5;-999;-999;-999;-999;-999;-999;-999;-999;-999;-999;-999;-999;-999;eor
       5851;20190907;   10;   8.7;   2.7;-999;-999;-999;-999;-999;-999;-999;-999;-999;-999;-999;-999;-999;eor
       5851;20190908;   10;   7.3;   2.9;-999;-999;-999;-999;-999;-999;-999;-999;-999;-999;-999;-999;-999;eor
       5851;20190909;   10;   8.7;   2.5;-999;-999;-999;-999;-999;-999;-999;-999;-999;-999;-999;-999;-999;eor
       5851;20190910;   10;   9.4;   1.8;-999;-999;-999;-999;-999;-999;-999;-999;-999;-999;-999;-999;-999;eor
       5851;20190911;   10;  11.8;   3.6;-999;-999;-999;-999;-999;-999;-999;-999;-999;-999;-999;-999;-999;eor
       5851;20190912;   10;   9.9;   3.8;-999;-999;-999;-999;-999;-999;-999;-999;-999;-999;-999;-999;-999;eor
       5851;20190913;   10;  10.4;   4.1;-999;-999;-999;-999;-999;-999;-999;-999;-999;-999;-999;-999;-999;eor
       5851;20190914;   10;   7.0;   2.5;-999;-999;-999;-999;-999;-999;-999;-999;-999;-999;-999;-999;-999;eor
       5851;20190915;   10;   9.9;   2.9;-999;-999;-999;-999;-999;-999;-999;-999;-999;-999;-999;-999;-999;eor
       5851;20190916;   10;  10.9;   2.9;-999;-999;-999;-999;-999;-999;-999;-999;-999;-999;-999;-999;-999;eor
       5851;20190917;   10;  13.7;   4.5;-999;-999;-999;-999;-999;-999;-999;-999;-999;-999;-999;-999;-999;eor
       5851;20190918;   10;   9.2;   3.6;-999;-999;-999;-999;-999;-999;-999;-999;-999;-999;-999;-999;-999;eor
       5851;20190919;   10;  11.1;   2.5;-999;-999;-999;-999;-999;-999;-999;-999;-999;-999;-999;-999;-999;eor
       5851;20190920;   10;   5.3;   1.6;-999;-999;-999;-999;-999;-999;-999;-999;-999;-999;-999;-999;-999;eor
       5851;20190921;   10;   8.6;   2.2;-999;-999;-999;-999;-999;-999;-999;-999;-999;-999;-999;-999;-999;eor
       5851;20190922;   10;   6.2;   1.8;-999;-999;-999;-999;-999;-999;-999;-999;-999;-999;-999;-999;-999;eor
       5851;20190923;   10;   8.3;   2.4;-999;-999;-999;-999;-999;-999;-999;-999;-999;-999;-999;-999;-999;eor
       5851;20190924;   10;   8.0;   3.5;-999;-999;-999;-999;-999;-999;-999;-999;-999;-999;-999;-999;-999;eor
       5851;20190925;   10;  11.1;   3.8;-999;-999;-999;-999;-999;-999;-999;-999;-999;-999;-999;-999;-999;eor
       5851;20190926;   10;  10.3;   5.0;-999;-999;-999;-999;-999;-999;-999;-999;-999;-999;-999;-999;-999;eor
       5851;20190927;   10;  10.9;   5.1;-999;-999;-999;-999;-999;-999;-999;-999;-999;-999;-999;-999;-999;eor
       5851;20190928;   10;  14.7;   6.6;-999;-999;-999;-999;-999;-999;-999;-999;-999;-999;-999;-999;-999;eor
       5851;20190929;   10;  19.7;   7.5;-999;-999;-999;-999;-999;-999;-999;-999;-999;-999;-999;-999;-999;eor
       5851;20190930;   10;  18.1;   6.9;-999;-999;-999;-999;-999;-999;-999;-999;-999;-999;-999;-999;-999;eor
       5851;20191001;   10;  13.7;   5.8;-999;-999;-999;-999;-999;-999;-999;-999;-999;-999;-999;-999;-999;eor
       5851;20191002;   10;  13.9;   5.3;-999;-999;-999;-999;-999;-999;-999;-999;-999;-999;-999;-999;-999;eor
       5851;20191003;   10;  11.6;   4.4;-999;-999;-999;-999;-999;-999;-999;-999;-999;-999;-999;-999;-999;eor
       5851;20191004;   10;  11.7;   5.0;-999;-999;-999;-999;-999;-999;-999;-999;-999;-999;-999;-999;-999;eor
       5851;20191005;   10;  10.5;   3.8;-999;-999;-999;-999;-999;-999;-999;-999;-999;-999;-999;-999;-999;eor
       5851;20191006;   10;   8.9;   4.1;-999;-999;-999;-999;-999;-999;-999;-999;-999;-999;-999;-999;-999;eor
       5851;20191007;   10;   8.5;   3.7;-999;-999;-999;-999;-999;-999;-999;-999;-999;-999;-999;-999;-999;eor
       5851;20191008;   10;  11.3;   5.3;-999;-999;-999;-999;-999;-999;-999;-999;-999;-999;-999;-999;-999;eor
       5851;20191009;   10;  13.2;   5.8;-999;-999;-999;-999;-999;-999;-999;-999;-999;-999;-999;-999;-999;eor
       5851;20191010;   10;  12.3;   5.7;-999;-999;-999;-999;-999;-999;-999;-999;-999;-999;-999;-999;-999;eor
       5851;20191011;   10;  13.8;   6.5;-999;-999;-999;-999;-999;-999;-999;-999;-999;-999;-999;-999;-999;eor
       5851;20191012;   10;  13.5;   6.0;-999;-999;-999;-999;-999;-999;-999;-999;-999;-999;-999;-999;-999;eor
       5851;20191013;   10;  13.9;   5.5;-999;-999;-999;-999;-999;-999;-999;-999;-999;-999;-999;-999;-999;eor
       5851;20191014;   10;  10.1;   3.9;-999;-999;-999;-999;-999;-999;-999;-999;-999;-999;-999;-999;-999;eor
       5851;20191015;   10;  11.0;   2.9;-999;-999;-999;-999;-999;-999;-999;-999;-999;-999;-999;-999;-999;eor
       5851;20191016;   10;  11.6;   5.5;-999;-999;-999;-999;-999;-999;-999;-999;-999;-999;-999;-999;-999;eor
       5851;20191017;   10;  11.1;   5.6;-999;-999;-999;-999;-999;-999;-999;-999;-999;-999;-999;-999;-999;eor
       5851;20191018;   10;  18.2;   6.4;-999;-999;-999;-999;-999;-999;-999;-999;-999;-999;-999;-999;-999;eor
       5851;20191019;   10;  12.8;   5.4;-999;-999;-999;-999;-999;-999;-999;-999;-999;-999;-999;-999;-999;eor
       5851;20191020;   10;   9.5;   2.8;-999;-999;-999;-999;-999;-999;-999;-999;-999;-999;-999;-999;-999;eor
       5851;20191021;   10;  10.3;   4.2;-999;-999;-999;-999;-999;-999;-999;-999;-999;-999;-999;-999;-999;eor
       5851;20191022;   10;   5.8;   2.4;-999;-999;-999;-999;-999;-999;-999;-999;-999;-999;-999;-999;-999;eor
       5851;20191023;   10;   7.0;   2.4;-999;-999;-999;-999;-999;-999;-999;-999;-999;-999;-999;-999;-999;eor
       5851;20191024;   10;   9.8;   3.7;-999;-999;-999;-999;-999;-999;-999;-999;-999;-999;-999;-999;-999;eor
       5851;20191025;   10;  10.9;   5.2;-999;-999;-999;-999;-999;-999;-999;-999;-999;-999;-999;-999;-999;eor
       5851;20191026;   10;  12.6;   6.2;-999;-999;-999;-999;-999;-999;-999;-999;-999;-999;-999;-999;-999;eor
       5851;20191027;   10;  11.0;   3.5;-999;-999;-999;-999;-999;-999;-999;-999;-999;-999;-999;-999;-999;eor
       5851;20191028;   10;   5.2;   1.7;-999;-999;-999;-999;-999;-999;-999;-999;-999;-999;-999;-999;-999;eor
       5851;20191029;   10;   8.4;   3.2;-999;-999;-999;-999;-999;-999;-999;-999;-999;-999;-999;-999;-999;eor
       5851;20191030;   10;   9.3;   2.7;-999;-999;-999;-999;-999;-999;-999;-999;-999;-999;-999;-999;-999;eor
       5851;20191031;   10;   8.6;   2.4;-999;-999;-999;-999;-999;-999;-999;-999;-999;-999;-999;-999;-999;eor
       5851;20191101;   10;   8.0;   3.3;-999;-999;-999;-999;-999;-999;-999;-999;-999;-999;-999;-999;-999;eor
       5851;20191102;   10;  15.2;   7.0;-999;-999;-999;-999;-999;-999;-999;-999;-999;-999;-999;-999;-999;eor
       5851;20191103;   10;  13.0;   6.1;-999;-999;-999;-999;-999;-999;-999;-999;-999;-999;-999;-999;-999;eor
       5851;20191104;   10;  10.8;   5.0;-999;-999;-999;-999;-999;-999;-999;-999;-999;-999;-999;-999;-999;eor
       5851;20191105;   10;   9.5;   3.3;-999;-999;-999;-999;-999;-999;-999;-999;-999;-999;-999;-999;-999;eor
       5851;20191106;   10;   6.2;   2.5;-999;-999;-999;-999;-999;-999;-999;-999;-999;-999;-999;-999;-999;eor
       5851;20191107;   10;  18.4;   4.7;-999;-999;-999;-999;-999;-999;-999;-999;-999;-999;-999;-999;-999;eor
       5851;20191108;   10;   5.5;   2.1;-999;-999;-999;-999;-999;-999;-999;-999;-999;-999;-999;-999;-999;eor
       5851;20191109;   10;   7.3;   2.8;-999;-999;-999;-999;-999;-999;-999;-999;-999;-999;-999;-999;-999;eor
       5851;20191110;   10;   6.8;   2.3;-999;-999;-999;-999;-999;-999;-999;-999;-999;-999;-999;-999;-999;eor
       5851;20191111;   10;  12.5;   6.0;-999;-999;-999;-999;-999;-999;-999;-999;-999;-999;-999;-999;-999;eor
       5851;20191112;   10;  13.2;   6.2;-999;-999;-999;-999;-999;-999;-999;-999;-999;-999;-999;-999;-999;eor
       5851;20191113;   10;  10.2;   4.7;-999;-999;-999;-999;-999;-999;-999;-999;-999;-999;-999;-999;-999;eor
       5851;20191114;   10;  11.0;   4.6;-999;-999;-999;-999;-999;-999;-999;-999;-999;-999;-999;-999;-999;eor
       5851;20191115;   10;  12.2;   3.9;-999;-999;-999;-999;-999;-999;-999;-999;-999;-999;-999;-999;-999;eor
       5851;20191116;   10;   8.8;   3.3;-999;-999;-999;-999;-999;-999;-999;-999;-999;-999;-999;-999;-999;eor
       5851;20191117;   10;  11.6;   4.8;-999;-999;-999;-999;-999;-999;-999;-999;-999;-999;-999;-999;-999;eor
       5851;20191118;   10;  11.7;   4.4;-999;-999;-999;-999;-999;-999;-999;-999;-999;-999;-999;-999;-999;eor
       5851;20191119;   10;   8.5;   3.2;-999;-999;-999;-999;-999;-999;-999;-999;-999;-999;-999;-999;-999;eor
       5851;20191120;   10;   6.7;   2.1;-999;-999;-999;-999;-999;-999;-999;-999;-999;-999;-999;-999;-999;eor
       5851;20191121;   10;   5.8;   2.1;-999;-999;-999;-999;-999;-999;-999;-999;-999;-999;-999;-999;-999;eor
       5851;20191122;   10;   6.1;   2.6;-999;-999;-999;-999;-999;-999;-999;-999;-999;-999;-999;-999;-999;eor
       5851;20191123;   10;   8.5;   4.2;-999;-999;-999;-999;-999;-999;-999;-999;-999;-999;-999;-999;-999;eor
       5851;20191124;   10;   5.0;   1.7;-999;-999;-999;-999;-999;-999;-999;-999;-999;-999;-999;-999;-999;eor
       5851;20191125;   10;   5.5;   2.1;-999;-999;-999;-999;-999;-999;-999;-999;-999;-999;-999;-999;-999;eor
       5851;20191126;   10;  10.1;   4.6;-999;-999;-999;-999;-999;-999;-999;-999;-999;-999;-999;-999;-999;eor
       5851;20191127;   10;  16.9;   6.7;-999;-999;-999;-999;-999;-999;-999;-999;-999;-999;-999;-999;-999;eor
       5851;20191128;   10;  17.4;   8.1;-999;-999;-999;-999;-999;-999;-999;-999;-999;-999;-999;-999;-999;eor
       5851;20191129;   10;  12.1;   4.0;-999;-999;-999;-999;-999;-999;-999;-999;-999;-999;-999;-999;-999;eor
       5851;20191130;   10;   6.3;   1.9;-999;-999;-999;-999;-999;-999;-999;-999;-999;-999;-999;-999;-999;eor
       5851;20191201;   10;   7.7;   3.6;-999;-999;-999;-999;-999;-999;-999;-999;-999;-999;-999;-999;-999;eor
       5851;20191202;   10;   7.7;   2.5;-999;-999;-999;-999;-999;-999;-999;-999;-999;-999;-999;-999;-999;eor
       5851;20191203;   10;   5.2;   2.2;-999;-999;-999;-999;-999;-999;-999;-999;-999;-999;-999;-999;-999;eor
       5851;20191204;   10;   6.4;   2.3;-999;-999;-999;-999;-999;-999;-999;-999;-999;-999;-999;-999;-999;eor
       5851;20191205;   10;  11.2;   3.6;-999;-999;-999;-999;-999;-999;-999;-999;-999;-999;-999;-999;-999;eor
       5851;20191206;   10;  13.3;   7.2;-999;-999;-999;-999;-999;-999;-999;-999;-999;-999;-999;-999;-999;eor
       5851;20191207;   10;  11.7;   5.6;-999;-999;-999;-999;-999;-999;-999;-999;-999;-999;-999;-999;-999;eor
       5851;20191208;   10;  15.9;   8.0;-999;-999;-999;-999;-999;-999;-999;-999;-999;-999;-999;-999;-999;eor
       5851;20191209;   10;  15.1;   7.0;-999;-999;-999;-999;-999;-999;-999;-999;-999;-999;-999;-999;-999;eor
       5851;20191210;   10;  10.4;   4.7;-999;-999;-999;-999;-999;-999;-999;-999;-999;-999;-999;-999;-999;eor
       5851;20191211;   10;  12.1;   5.1;-999;-999;-999;-999;-999;-999;-999;-999;-999;-999;-999;-999;-999;eor
       5851;20191212;   10;  13.3;   4.8;-999;-999;-999;-999;-999;-999;-999;-999;-999;-999;-999;-999;-999;eor
       5851;20191213;   10;  12.7;   5.4;-999;-999;-999;-999;-999;-999;-999;-999;-999;-999;-999;-999;-999;eor
       5851;20191214;   10;  20.4;   7.6;-999;-999;-999;-999;-999;-999;-999;-999;-999;-999;-999;-999;-999;eor
       5851;20191215;   10;  17.0;   6.6;-999;-999;-999;-999;-999;-999;-999;-999;-999;-999;-999;-999;-999;eor
       5851;20191216;   10;  10.1;   4.0;-999;-999;-999;-999;-999;-999;-999;-999;-999;-999;-999;-999;-999;eor
       5851;20191217;   10;  12.5;   4.8;-999;-999;-999;-999;-999;-999;-999;-999;-999;-999;-999;-999;-999;eor
       5851;20191218;   10;  11.8;   3.8;-999;-999;-999;-999;-999;-999;-999;-999;-999;-999;-999;-999;-999;eor
       5851;20191219;   10;   4.8;   1.9;-999;-999;-999;-999;-999;-999;-999;-999;-999;-999;-999;-999;-999;eor
       5851;20191220;   10;  12.5;   3.7;-999;-999;-999;-999;-999;-999;-999;-999;-999;-999;-999;-999;-999;eor
       5851;20191221;   10;  10.1;   5.4;-999;-999;-999;-999;-999;-999;-999;-999;-999;-999;-999;-999;-999;eor
       5851;20191222;   10;  11.5;   6.3;-999;-999;-999;-999;-999;-999;-999;-999;-999;-999;-999;-999;-999;eor
       5851;20191223;   10;  12.4;   4.6;-999;-999;-999;-999;-999;-999;-999;-999;-999;-999;-999;-999;-999;eor
       5851;20191224;   10;  12.9;   5.3;-999;-999;-999;-999;-999;-999;-999;-999;-999;-999;-999;-999;-999;eor
       5851;20191225;   10;  11.2;   3.2;-999;-999;-999;-999;-999;-999;-999;-999;-999;-999;-999;-999;-999;eor
       5851;20191226;   10;   5.9;   1.8;-999;-999;-999;-999;-999;-999;-999;-999;-999;-999;-999;-999;-999;eor
       5851;20191227;   10;   8.7;   3.0;-999;-999;-999;-999;-999;-999;-999;-999;-999;-999;-999;-999;-999;eor
       5851;20191228;   10;   4.3;   1.7;-999;-999;-999;-999;-999;-999;-999;-999;-999;-999;-999;-999;-999;eor
       5851;20191229;   10;   6.1;   2.9;-999;-999;-999;-999;-999;-999;-999;-999;-999;-999;-999;-999;-999;eor
       5851;20191230;   10;   7.0;   4.1;-999;-999;-999;-999;-999;-999;-999;-999;-999;-999;-999;-999;-999;eor
       5851;20191231;   10;   7.2;   2.5;-999;-999;-999;-999;-999;-999;-999;-999;-999;-999;-999;-999;-999;eor
       5851;20200101;   10;   5.0;   1.8;-999;-999;-999;-999;-999;-999;-999;-999;-999;-999;-999;-999;-999;eor
       5851;20200102;   10;   9.6;   4.6;-999;-999;-999;-999;-999;-999;-999;-999;-999;-999;-999;-999;-999;eor
       5851;20200103;   10;  11.5;   5.9;-999;-999;-999;-999;-999;-999;-999;-999;-999;-999;-999;-999;-999;eor
       5851;20200104;   10;  10.7;   4.6;-999;-999;-999;-999;-999;-999;-999;-999;-999;-999;-999;-999;-999;eor
       5851;20200105;   10;   6.4;   2.3;-999;-999;-999;-999;-999;-999;-999;-999;-999;-999;-999;-999;-999;eor
       5851;20200106;   10;  10.0;   3.9;-999;-999;-999;-999;-999;-999;-999;-999;-999;-999;-999;-999;-999;eor
       5851;20200107;   10;  10.3;   4.6;-999;-999;-999;-999;-999;-999;-999;-999;-999;-999;-999;-999;-999;eor
       5851;20200108;   10;  10.0;   5.1;-999;-999;-999;-999;-999;-999;-999;-999;-999;-999;-999;-999;-999;eor
       5851;20200109;   10;  12.5;   6.1;-999;-999;-999;-999;-999;-999;-999;-999;-999;-999;-999;-999;-999;eor
       5851;20200110;   10;  11.5;   5.2;-999;-999;-999;-999;-999;-999;-999;-999;-999;-999;-999;-999;-999;eor
       5851;20200111;   10;  10.2;   4.3;-999;-999;-999;-999;-999;-999;-999;-999;-999;-999;-999;-999;-999;eor
       5851;20200112;   10;  12.3;   6.4;-999;-999;-999;-999;-999;-999;-999;-999;-999;-999;-999;-999;-999;eor
       5851;20200113;   10;  14.0;   5.3;-999;-999;-999;-999;-999;-999;-999;-999;-999;-999;-999;-999;-999;eor
       5851;20200114;   10;  14.9;   7.4;-999;-999;-999;-999;-999;-999;-999;-999;-999;-999;-999;-999;-999;eor
       5851;20200115;   10;  15.3;   6.9;-999;-999;-999;-999;-999;-999;-999;-999;-999;-999;-999;-999;-999;eor
       5851;20200116;   10;   7.5;   3.2;-999;-999;-999;-999;-999;-999;-999;-999;-999;-999;-999;-999;-999;eor
       5851;20200117;   10;  11.1;   3.7;-999;-999;-999;-999;-999;-999;-999;-999;-999;-999;-999;-999;-999;eor
       5851;20200118;   10;  10.5;   3.9;-999;-999;-999;-999;-999;-999;-999;-999;-999;-999;-999;-999;-999;eor
       5851;20200119;   10;   7.0;   2.0;-999;-999;-999;-999;-999;-999;-999;-999;-999;-999;-999;-999;-999;eor
       5851;20200120;   10;   5.0;   1.5;-999;-999;-999;-999;-999;-999;-999;-999;-999;-999;-999;-999;-999;eor
       5851;20200121;   10;   4.4;   1.5;-999;-999;-999;-999;-999;-999;-999;-999;-999;-999;-999;-999;-999;eor
       5851;20200122;   10;   7.3;   1.3;-999;-999;-999;-999;-999;-999;-999;-999;-999;-999;-999;-999;-999;eor
       5851;20200123;   10;   6.0;   1.7;-999;-999;-999;-999;-999;-999;-999;-999;-999;-999;-999;-999;-999;eor
       5851;20200124;   10;   7.9;   4.1;-999;-999;-999;-999;-999;-999;-999;-999;-999;-999;-999;-999;-999;eor
       5851;20200125;   10;   5.7;   3.2;-999;-999;-999;-999;-999;-999;-999;-999;-999;-999;-999;-999;-999;eor
       5851;20200126;   10;   7.1;   3.3;-999;-999;-999;-999;-999;-999;-999;-999;-999;-999;-999;-999;-999;eor
       5851;20200127;   10;  13.5;   5.5;-999;-999;-999;-999;-999;-999;-999;-999;-999;-999;-999;-999;-999;eor
       5851;20200128;   10;  19.9;   7.9;-999;-999;-999;-999;-999;-999;-999;-999;-999;-999;-999;-999;-999;eor
       5851;20200129;   10;  12.3;   5.7;-999;-999;-999;-999;-999;-999;-999;-999;-999;-999;-999;-999;-999;eor
       5851;20200130;   10;  11.7;   6.2;-999;-999;-999;-999;-999;-999;-999;-999;-999;-999;-999;-999;-999;eor
       5851;20200131;   10;  16.5;   6.9;-999;-999;-999;-999;-999;-999;-999;-999;-999;-999;-999;-999;-999;eor
       5851;20200201;    3;  15.1;   6.9;-999;-999;-999;-999;-999;-999;-999;-999;-999;-999;-999;-999;-999;eor
       5851;20200202;    3;  21.3;   7.2;-999;-999;-999;-999;-999;-999;-999;-999;-999;-999;-999;-999;-999;eor
       5851;20200203;    3;  14.8;   6.5;-999;-999;-999;-999;-999;-999;-999;-999;-999;-999;-999;-999;-999;eor
       5851;20200204;    3;  13.0;   3.9;-999;-999;-999;-999;-999;-999;-999;-999;-999;-999;-999;-999;-999;eor
       5851;20200205;    3;  13.7;   4.4;-999;-999;-999;-999;-999;-999;-999;-999;-999;-999;-999;-999;-999;eor
       5851;20200206;    3;   5.5;   2.0;-999;-999;-999;-999;-999;-999;-999;-999;-999;-999;-999;-999;-999;eor
       5851;20200207;    3;   8.5;   3.5;-999;-999;-999;-999;-999;-999;-999;-999;-999;-999;-999;-999;-999;eor
       5851;20200208;    3;   7.2;   3.4;-999;-999;-999;-999;-999;-999;-999;-999;-999;-999;-999;-999;-999;eor
       5851;20200209;    3;  29.2;   9.6;-999;-999;-999;-999;-999;-999;-999;-999;-999;-999;-999;-999;-999;eor
       5851;20200210;    3;  28.1;  12.3;-999;-999;-999;-999;-999;-999;-999;-999;-999;-999;-999;-999;-999;eor
       5851;20200211;    3;  24.3;  11.0;-999;-999;-999;-999;-999;-999;-999;-999;-999;-999;-999;-999;-999;eor
       5851;20200212;    3;  19.3;   8.3;-999;-999;-999;-999;-999;-999;-999;-999;-999;-999;-999;-999;-999;eor
       5851;20200213;    3;  17.9;   5.9;-999;-999;-999;-999;-999;-999;-999;-999;-999;-999;-999;-999;-999;eor
       5851;20200214;    3;   8.4;   3.9;-999;-999;-999;-999;-999;-999;-999;-999;-999;-999;-999;-999;-999;eor
       5851;20200215;    3;  13.8;   6.1;-999;-999;-999;-999;-999;-999;-999;-999;-999;-999;-999;-999;-999;eor
       5851;20200216;    3;  20.7;  10.3;-999;-999;-999;-999;-999;-999;-999;-999;-999;-999;-999;-999;-999;eor
       5851;20200217;    3;  17.5;   7.0;-999;-999;-999;-999;-999;-999;-999;-999;-999;-999;-999;-999;-999;eor
       5851;20200218;    3;  17.1;   7.2;-999;-999;-999;-999;-999;-999;-999;-999;-999;-999;-999;-999;-999;eor
       5851;20200219;    3;  15.5;   7.1;-999;-999;-999;-999;-999;-999;-999;-999;-999;-999;-999;-999;-999;eor
       5851;20200220;    3;  15.5;   7.0;-999;-999;-999;-999;-999;-999;-999;-999;-999;-999;-999;-999;-999;eor
       5851;20200221;    3;  19.1;   7.5;-999;-999;-999;-999;-999;-999;-999;-999;-999;-999;-999;-999;-999;eor
       5851;20200222;    3;  19.1;   8.1;-999;-999;-999;-999;-999;-999;-999;-999;-999;-999;-999;-999;-999;eor
       5851;20200223;    3;  22.8;   9.5;-999;-999;-999;-999;-999;-999;-999;-999;-999;-999;-999;-999;-999;eor
       5851;20200224;    3;  13.6;   5.6;-999;-999;-999;-999;-999;-999;-999;-999;-999;-999;-999;-999;-999;eor
       5851;20200225;    3;  18.1;   7.9;-999;-999;-999;-999;-999;-999;-999;-999;-999;-999;-999;-999;-999;eor
       5851;20200226;    3;  12.4;   6.0;-999;-999;-999;-999;-999;-999;-999;-999;-999;-999;-999;-999;-999;eor
       5851;20200227;    3;   9.7;   4.2;-999;-999;-999;-999;-999;-999;-999;-999;-999;-999;-999;-999;-999;eor
       5851;20200228;    3;  14.5;   5.4;-999;-999;-999;-999;-999;-999;-999;-999;-999;-999;-999;-999;-999;eor
       5851;20200229;    3;  21.1;   7.5;-999;-999;-999;-999;-999;-999;-999;-999;-999;-999;-999;-999;-999;eor
       5851;20200301;    3;  14.7;   7.2;-999;-999;-999;-999;-999;-999;-999;-999;-999;-999;-999;-999;-999;eor
       5851;20200302;    3;  11.4;   4.3;-999;-999;-999;-999;-999;-999;-999;-999;-999;-999;-999;-999;-999;eor
       5851;20200303;    3;  11.5;   3.6;-999;-999;-999;-999;-999;-999;-999;-999;-999;-999;-999;-999;-999;eor
       5851;20200304;    3;  11.2;   3.9;-999;-999;-999;-999;-999;-999;-999;-999;-999;-999;-999;-999;-999;eor
       5851;20200305;    3;   9.6;   4.9;-999;-999;-999;-999;-999;-999;-999;-999;-999;-999;-999;-999;-999;eor
       5851;20200306;    3;  12.7;   4.9;-999;-999;-999;-999;-999;-999;-999;-999;-999;-999;-999;-999;-999;eor
       5851;20200307;    3;  10.6;   4.3;-999;-999;-999;-999;-999;-999;-999;-999;-999;-999;-999;-999;-999;eor
       5851;20200308;    3;  13.9;   6.0;-999;-999;-999;-999;-999;-999;-999;-999;-999;-999;-999;-999;-999;eor
       5851;20200309;    3;  17.1;   4.6;-999;-999;-999;-999;-999;-999;-999;-999;-999;-999;-999;-999;-999;eor
       5851;20200310;    3;  16.4;   7.2;-999;-999;-999;-999;-999;-999;-999;-999;-999;-999;-999;-999;-999;eor
       5851;20200311;    3;  13.6;   5.1;-999;-999;-999;-999;-999;-999;-999;-999;-999;-999;-999;-999;-999;eor
       5851;20200312;    3;  21.8;   8.8;-999;-999;-999;-999;-999;-999;-999;-999;-999;-999;-999;-999;-999;eor
       5851;20200313;    3;  20.5;   7.4;-999;-999;-999;-999;-999;-999;-999;-999;-999;-999;-999;-999;-999;eor
       5851;20200314;    3;   8.1;   3.3;-999;-999;-999;-999;-999;-999;-999;-999;-999;-999;-999;-999;-999;eor
       5851;20200315;    3;  14.4;   5.6;-999;-999;-999;-999;-999;-999;-999;-999;-999;-999;-999;-999;-999;eor
       5851;20200316;    3;   7.3;   2.9;-999;-999;-999;-999;-999;-999;-999;-999;-999;-999;-999;-999;-999;eor
       5851;20200317;    3;   7.3;   2.4;-999;-999;-999;-999;-999;-999;-999;-999;-999;-999;-999;-999;-999;eor
       5851;20200318;    3;   9.8;   3.1;-999;-999;-999;-999;-999;-999;-999;-999;-999;-999;-999;-999;-999;eor
       5851;20200319;    3;   5.8;   2.0;-999;-999;-999;-999;-999;-999;-999;-999;-999;-999;-999;-999;-999;eor
       5851;20200320;    3;  12.4;   5.3;-999;-999;-999;-999;-999;-999;-999;-999;-999;-999;-999;-999;-999;eor
       5851;20200321;    3;  16.3;   7.0;-999;-999;-999;-999;-999;-999;-999;-999;-999;-999;-999;-999;-999;eor
       5851;20200322;    3;  14.0;   5.9;-999;-999;-999;-999;-999;-999;-999;-999;-999;-999;-999;-999;-999;eor
       5851;20200323;    3;  11.9;   5.6;-999;-999;-999;-999;-999;-999;-999;-999;-999;-999;-999;-999;-999;eor
       5851;20200324;    3;  11.2;   5.1;-999;-999;-999;-999;-999;-999;-999;-999;-999;-999;-999;-999;-999;eor
       5851;20200325;    3;  12.5;   5.0;-999;-999;-999;-999;-999;-999;-999;-999;-999;-999;-999;-999;-999;eor
       5851;20200326;    3;  13.6;   6.3;-999;-999;-999;-999;-999;-999;-999;-999;-999;-999;-999;-999;-999;eor
       5851;20200327;    3;  13.4;   5.5;-999;-999;-999;-999;-999;-999;-999;-999;-999;-999;-999;-999;-999;eor
       5851;20200328;    3;  13.1;   5.7;-999;-999;-999;-999;-999;-999;-999;-999;-999;-999;-999;-999;-999;eor
       5851;20200329;    1;  15.9;   7.6;-999;-999;-999;-999;-999;-999;-999;-999;-999;-999;-999;-999;-999;eor
       5851;20200330;    1;   8.4;   3.1;-999;-999;-999;-999;-999;-999;-999;-999;-999;-999;-999;-999;-999;eor
       5851;20200331;    1;   8.8;   3.6;-999;-999;-999;-999;-999;-999;-999;-999;-999;-999;-999;-999;-999;eor
       5851;20200401;    1;   6.4;   2.1;-999;-999;-999;-999;-999;-999;-999;-999;-999;-999;-999;-999;-999;eor
       5851;20200402;    1;  10.7;   2.9;-999;-999;-999;-999;-999;-999;-999;-999;-999;-999;-999;-999;-999;eor
       5851;20200403;    1;  10.0;   3.8;-999;-999;-999;-999;-999;-999;-999;-999;-999;-999;-999;-999;-999;eor
       5851;20200404;    1;   7.2;   1.8;-999;-999;-999;-999;-999;-999;-999;-999;-999;-999;-999;-999;-999;eor
       5851;20200405;    1;  13.3;   4.8;-999;-999;-999;-999;-999;-999;-999;-999;-999;-999;-999;-999;-999;eor
       5851;20200406;    1;  11.6;   3.7;-999;-999;-999;-999;-999;-999;-999;-999;-999;-999;-999;-999;-999;eor
       5851;20200407;    1;   7.1;   2.9;-999;-999;-999;-999;-999;-999;-999;-999;-999;-999;-999;-999;-999;eor
       5851;20200408;    1;   6.5;   1.9;-999;-999;-999;-999;-999;-999;-999;-999;-999;-999;-999;-999;-999;eor
       5851;20200409;    1;   9.4;   3.3;-999;-999;-999;-999;-999;-999;-999;-999;-999;-999;-999;-999;-999;eor
       5851;20200410;    1;  12.1;   3.8;-999;-999;-999;-999;-999;-999;-999;-999;-999;-999;-999;-999;-999;eor
       5851;20200411;    1;   5.2;   1.8;-999;-999;-999;-999;-999;-999;-999;-999;-999;-999;-999;-999;-999;eor
       5851;20200412;    1;  10.8;   2.7;-999;-999;-999;-999;-999;-999;-999;-999;-999;-999;-999;-999;-999;eor
       5851;20200413;    1;  15.4;   6.3;-999;-999;-999;-999;-999;-999;-999;-999;-999;-999;-999;-999;-999;eor
       5851;20200414;    1;   9.9;   3.8;-999;-999;-999;-999;-999;-999;-999;-999;-999;-999;-999;-999;-999;eor
       5851;20200415;    1;   5.4;   1.9;-999;-999;-999;-999;-999;-999;-999;-999;-999;-999;-999;-999;-999;eor
       5851;20200416;    1;  10.4;   2.8;-999;-999;-999;-999;-999;-999;-999;-999;-999;-999;-999;-999;-999;eor
       5851;20200417;    1;   8.0;   3.4;-999;-999;-999;-999;-999;-999;-999;-999;-999;-999;-999;-999;-999;eor
       5851;20200418;    1;  13.4;   2.7;-999;-999;-999;-999;-999;-999;-999;-999;-999;-999;-999;-999;-999;eor
       5851;20200419;    1;  11.9;   4.8;-999;-999;-999;-999;-999;-999;-999;-999;-999;-999;-999;-999;-999;eor
       5851;20200420;    1;  17.9;   8.6;-999;-999;-999;-999;-999;-999;-999;-999;-999;-999;-999;-999;-999;eor
       5851;20200421;    1;  18.2;   7.8;-999;-999;-999;-999;-999;-999;-999;-999;-999;-999;-999;-999;-999;eor
       5851;20200422;    1;  15.7;   6.3;-999;-999;-999;-999;-999;-999;-999;-999;-999;-999;-999;-999;-999;eor
       5851;20200423;    1;   9.5;   3.1;-999;-999;-999;-999;-999;-999;-999;-999;-999;-999;-999;-999;-999;eor
       5851;20200424;    1;  12.1;   3.6;-999;-999;-999;-999;-999;-999;-999;-999;-999;-999;-999;-999;-999;eor
       5851;20200425;    1;  10.8;   4.1;-999;-999;-999;-999;-999;-999;-999;-999;-999;-999;-999;-999;-999;eor
       5851;20200426;    1;   6.6;   1.9;-999;-999;-999;-999;-999;-999;-999;-999;-999;-999;-999;-999;-999;eor
       5851;20200427;    1;  12.8;   2.7;-999;-999;-999;-999;-999;-999;-999;-999;-999;-999;-999;-999;-999;eor
       5851;20200428;    1;   9.1;   2.7;-999;-999;-999;-999;-999;-999;-999;-999;-999;-999;-999;-999;-999;eor
       5851;20200429;    1;  13.8;   4.7;-999;-999;-999;-999;-999;-999;-999;-999;-999;-999;-999;-999;-999;eor
       5851;20200430;    1;  15.0;   7.1;-999;-999;-999;-999;-999;-999;-999;-999;-999;-999;-999;-999;-999;eor
       5851;20200501;    1;  14.4;   5.3;-999;-999;-999;-999;-999;-999;-999;-999;-999;-999;-999;-999;-999;eor
       5851;20200502;    1;  15.1;   4.4;-999;-999;-999;-999;-999;-999;-999;-999;-999;-999;-999;-999;-999;eor
       5851;20200503;    1;   7.7;   2.5;-999;-999;-999;-999;-999;-999;-999;-999;-999;-999;-999;-999;-999;eor
       5851;20200504;    1;   9.7;   3.5;-999;-999;-999;-999;-999;-999;-999;-999;-999;-999;-999;-999;-999;eor
       5851;20200505;    1;  11.1;   4.2;-999;-999;-999;-999;-999;-999;-999;-999;-999;-999;-999;-999;-999;eor
       5851;20200506;    1;   8.2;   2.4;-999;-999;-999;-999;-999;-999;-999;-999;-999;-999;-999;-999;-999;eor
       5851;20200507;    1;   6.1;   1.7;-999;-999;-999;-999;-999;-999;-999;-999;-999;-999;-999;-999;-999;eor
       5851;20200508;    1;   6.6;   2.3;-999;-999;-999;-999;-999;-999;-999;-999;-999;-999;-999;-999;-999;eor
       5851;20200509;    1;   7.7;   2.4;-999;-999;-999;-999;-999;-999;-999;-999;-999;-999;-999;-999;-999;eor
       5851;20200510;    1;  13.4;   2.2;-999;-999;-999;-999;-999;-999;-999;-999;-999;-999;-999;-999;-999;eor
       5851;20200511;    1;  18.1;   8.8;-999;-999;-999;-999;-999;-999;-999;-999;-999;-999;-999;-999;-999;eor
       5851;20200512;    1;   8.0;   2.1;-999;-999;-999;-999;-999;-999;-999;-999;-999;-999;-999;-999;-999;eor
       5851;20200513;    1;  11.0;   2.7;-999;-999;-999;-999;-999;-999;-999;-999;-999;-999;-999;-999;-999;eor
       5851;20200514;    1;  10.6;   5.0;-999;-999;-999;-999;-999;-999;-999;-999;-999;-999;-999;-999;-999;eor
       5851;20200515;    1;  12.2;   4.4;-999;-999;-999;-999;-999;-999;-999;-999;-999;-999;-999;-999;-999;eor
       5851;20200516;    1;   8.2;   2.0;-999;-999;-999;-999;-999;-999;-999;-999;-999;-999;-999;-999;-999;eor
       5851;20200517;    1;   7.2;   2.8;-999;-999;-999;-999;-999;-999;-999;-999;-999;-999;-999;-999;-999;eor
       5851;20200518;    1;  10.3;   3.3;-999;-999;-999;-999;-999;-999;-999;-999;-999;-999;-999;-999;-999;eor
       5851;20200519;    1;  11.6;   2.9;-999;-999;-999;-999;-999;-999;-999;-999;-999;-999;-999;-999;-999;eor
       5851;20200520;    1;  10.9;   3.8;-999;-999;-999;-999;-999;-999;-999;-999;-999;-999;-999;-999;-999;eor
       5851;20200521;    1;   6.7;   2.0;-999;-999;-999;-999;-999;-999;-999;-999;-999;-999;-999;-999;-999;eor
       5851;20200522;    1;   9.9;   3.4;-999;-999;-999;-999;-999;-999;-999;-999;-999;-999;-999;-999;-999;eor
       5851;20200523;    1;  12.7;   4.8;-999;-999;-999;-999;-999;-999;-999;-999;-999;-999;-999;-999;-999;eor
       5851;20200524;    1;  13.0;   5.2;-999;-999;-999;-999;-999;-999;-999;-999;-999;-999;-999;-999;-999;eor
       5851;20200525;    1;  13.8;   4.7;-999;-999;-999;-999;-999;-999;-999;-999;-999;-999;-999;-999;-999;eor
       5851;20200526;    1;   7.5;   2.3;-999;-999;-999;-999;-999;-999;-999;-999;-999;-999;-999;-999;-999;eor
       5851;20200527;    1;   9.9;   2.2;-999;-999;-999;-999;-999;-999;-999;-999;-999;-999;-999;-999;-999;eor
       5851;20200528;    1;  11.6;   6.0;-999;-999;-999;-999;-999;-999;-999;-999;-999;-999;-999;-999;-999;eor
       5851;20200529;    1;   9.7;   4.1;-999;-999;-999;-999;-999;-999;-999;-999;-999;-999;-999;-999;-999;eor
       5851;20200530;    1;  12.8;   4.3;-999;-999;-999;-999;-999;-999;-999;-999;-999;-999;-999;-999;-999;eor
       5851;20200531;    1;  10.6;   4.3;-999;-999;-999;-999;-999;-999;-999;-999;-999;-999;-999;-999;-999;eor
       5851;20200601;    1;  10.7;   3.6;-999;-999;-999;-999;-999;-999;-999;-999;-999;-999;-999;-999;-999;eor
       5851;20200602;    1;   6.1;   2.4;-999;-999;-999;-999;-999;-999;-999;-999;-999;-999;-999;-999;-999;eor
       5851;20200603;    1;   9.7;   2.1;-999;-999;-999;-999;-999;-999;-999;-999;-999;-999;-999;-999;-999;eor
       5851;20200604;    1;  10.8;   2.4;-999;-999;-999;-999;-999;-999;-999;-999;-999;-999;-999;-999;-999;eor
       5851;20200605;    1;  17.9;   6.0;-999;-999;-999;-999;-999;-999;-999;-999;-999;-999;-999;-999;-999;eor
       5851;20200606;    1;  14.9;   5.0;-999;-999;-999;-999;-999;-999;-999;-999;-999;-999;-999;-999;-999;eor
       5851;20200607;    1;  11.7;   4.2;-999;-999;-999;-999;-999;-999;-999;-999;-999;-999;-999;-999;-999;eor
       5851;20200608;    1;   8.2;   2.2;-999;-999;-999;-999;-999;-999;-999;-999;-999;-999;-999;-999;-999;eor
       5851;20200609;    1;  11.1;   2.8;-999;-999;-999;-999;-999;-999;-999;-999;-999;-999;-999;-999;-999;eor
