STATIONS_ID;MESS_DATUM;QN_3;  FX;  FM;QN_4; RSK;RSKF; SDK;SHK_TAG;  NM; VPM;  PM; TMK; UPM; TXK; TNK; TGK;eor
       6103;20181208;   10;  17.5;   4.5;-999;-999;-999;-999;-999;-999;-999;-999;-999;-999;-999;-999;-999;eor
       6103;20181209;   10;  15.2;   4.3;-999;-999;-999;-999;-999;-999;-999;-999;-999;-999;-999;-999;-999;eor
       6103;20181210;   10;  17.0;   4.9;-999;-999;-999;-999;-999;-999;-999;-999;-999;-999;-999;-999;-999;eor
       6103;20181211;   10;  11.9;   3.3;-999;-999;-999;-999;-999;-999;-999;-999;-999;-999;-999;-999;-999;eor
       6103;20181212;   10;   7.2;   2.4;-999;-999;-999;-999;-999;-999;-999;-999;-999;-999;-999;-999;-999;eor
       6103;20181213;   10;  12.3;   5.7;-999;-999;-999;-999;-999;-999;-999;-999;-999;-999;-999;-999;-999;eor
       6103;20181214;   10;  10.5;   3.5;-999;-999;-999;-999;-999;-999;-999;-999;-999;-999;-999;-999;-999;eor
       6103;20181215;   10;  13.5;   3.0;-999;-999;-999;-999;-999;-999;-999;-999;-999;-999;-999;-999;-999;eor
       6103;20181216;   10;  13.6;   5.2;-999;-999;-999;-999;-999;-999;-999;-999;-999;-999;-999;-999;-999;eor
       6103;20181217;   10;   7.6;   2.2;-999;-999;-999;-999;-999;-999;-999;-999;-999;-999;-999;-999;-999;eor
       6103;20181218;   10;  14.2;   6.7;-999;-999;-999;-999;-999;-999;-999;-999;-999;-999;-999;-999;-999;eor
       6103;20181219;   10;  13.8;   5.0;-999;-999;-999;-999;-999;-999;-999;-999;-999;-999;-999;-999;-999;eor
       6103;20181220;   10;   9.5;   3.3;-999;-999;-999;-999;-999;-999;-999;-999;-999;-999;-999;-999;-999;eor
       6103;20181221;   10;  16.5;   7.6;-999;-999;-999;-999;-999;-999;-999;-999;-999;-999;-999;-999;-999;eor
       6103;20181222;   10;  13.7;   2.6;-999;-999;-999;-999;-999;-999;-999;-999;-999;-999;-999;-999;-999;eor
       6103;20181223;   10;   9.6;   2.4;-999;-999;-999;-999;-999;-999;-999;-999;-999;-999;-999;-999;-999;eor
       6103;20181224;   10;  18.1;   3.7;-999;-999;-999;-999;-999;-999;-999;-999;-999;-999;-999;-999;-999;eor
       6103;20181225;   10;  10.5;   2.6;-999;-999;-999;-999;-999;-999;-999;-999;-999;-999;-999;-999;-999;eor
       6103;20181226;   10;  11.4;   4.0;-999;-999;-999;-999;-999;-999;-999;-999;-999;-999;-999;-999;-999;eor
       6103;20181227;   10;  11.1;   4.8;-999;-999;-999;-999;-999;-999;-999;-999;-999;-999;-999;-999;-999;eor
       6103;20181228;   10;   6.8;   2.4;-999;-999;-999;-999;-999;-999;-999;-999;-999;-999;-999;-999;-999;eor
       6103;20181229;   10;   7.9;   2.7;-999;-999;-999;-999;-999;-999;-999;-999;-999;-999;-999;-999;-999;eor
       6103;20181230;   10;  14.0;   4.0;-999;-999;-999;-999;-999;-999;-999;-999;-999;-999;-999;-999;-999;eor
       6103;20181231;   10;   7.6;   2.2;-999;-999;-999;-999;-999;-999;-999;-999;-999;-999;-999;-999;-999;eor
       6103;20190101;   10;  13.7;   3.1;-999;-999;-999;-999;-999;-999;-999;-999;-999;-999;-999;-999;-999;eor
       6103;20190102;   10;  20.4;   7.6;-999;-999;-999;-999;-999;-999;-999;-999;-999;-999;-999;-999;-999;eor
       6103;20190103;   10;  12.2;   5.0;-999;-999;-999;-999;-999;-999;-999;-999;-999;-999;-999;-999;-999;eor
       6103;20190104;   10;  10.8;   3.4;-999;-999;-999;-999;-999;-999;-999;-999;-999;-999;-999;-999;-999;eor
       6103;20190105;   10;  12.7;   3.3;-999;-999;-999;-999;-999;-999;-999;-999;-999;-999;-999;-999;-999;eor
       6103;20190106;   10;  11.2;   4.3;-999;-999;-999;-999;-999;-999;-999;-999;-999;-999;-999;-999;-999;eor
       6103;20190107;   10;   7.6;   2.9;-999;-999;-999;-999;-999;-999;-999;-999;-999;-999;-999;-999;-999;eor
       6103;20190108;   10;  16.5;   4.4;-999;-999;-999;-999;-999;-999;-999;-999;-999;-999;-999;-999;-999;eor
       6103;20190109;   10;  12.8;   5.3;-999;-999;-999;-999;-999;-999;-999;-999;-999;-999;-999;-999;-999;eor
       6103;20190110;   10;   8.4;   3.8;-999;-999;-999;-999;-999;-999;-999;-999;-999;-999;-999;-999;-999;eor
       6103;20190111;   10;   7.9;   3.0;-999;-999;-999;-999;-999;-999;-999;-999;-999;-999;-999;-999;-999;eor
       6103;20190112;   10;  10.1;   2.1;-999;-999;-999;-999;-999;-999;-999;-999;-999;-999;-999;-999;-999;eor
       6103;20190113;   10;  17.7;   3.1;-999;-999;-999;-999;-999;-999;-999;-999;-999;-999;-999;-999;-999;eor
       6103;20190114;   10;  18.5;   7.0;-999;-999;-999;-999;-999;-999;-999;-999;-999;-999;-999;-999;-999;eor
       6103;20190115;   10;  13.1;   3.1;-999;-999;-999;-999;-999;-999;-999;-999;-999;-999;-999;-999;-999;eor
       6103;20190116;   10;  13.1;   5.9;-999;-999;-999;-999;-999;-999;-999;-999;-999;-999;-999;-999;-999;eor
       6103;20190117;   10;  13.8;   5.9;-999;-999;-999;-999;-999;-999;-999;-999;-999;-999;-999;-999;-999;eor
       6103;20190118;   10;  11.2;   3.0;-999;-999;-999;-999;-999;-999;-999;-999;-999;-999;-999;-999;-999;eor
       6103;20190119;   10;  11.9;   5.2;-999;-999;-999;-999;-999;-999;-999;-999;-999;-999;-999;-999;-999;eor
       6103;20190120;   10;  10.4;   4.4;-999;-999;-999;-999;-999;-999;-999;-999;-999;-999;-999;-999;-999;eor
       6103;20190121;   10;   7.1;   2.0;-999;-999;-999;-999;-999;-999;-999;-999;-999;-999;-999;-999;-999;eor
       6103;20190122;   10;   7.9;   3.2;-999;-999;-999;-999;-999;-999;-999;-999;-999;-999;-999;-999;-999;eor
       6103;20190123;   10;   5.2;   2.1;-999;-999;-999;-999;-999;-999;-999;-999;-999;-999;-999;-999;-999;eor
       6103;20190124;   10;   6.5;   2.2;-999;-999;-999;-999;-999;-999;-999;-999;-999;-999;-999;-999;-999;eor
       6103;20190125;   10;   9.6;   2.3;-999;-999;-999;-999;-999;-999;-999;-999;-999;-999;-999;-999;-999;eor
       6103;20190126;   10;  11.5;   3.3;-999;-999;-999;-999;-999;-999;-999;-999;-999;-999;-999;-999;-999;eor
       6103;20190127;   10;  11.4;   2.7;-999;-999;-999;-999;-999;-999;-999;-999;-999;-999;-999;-999;-999;eor
       6103;20190128;   10;  13.7;   2.4;-999;-999;-999;-999;-999;-999;-999;-999;-999;-999;-999;-999;-999;eor
       6103;20190129;   10;  12.5;   3.2;-999;-999;-999;-999;-999;-999;-999;-999;-999;-999;-999;-999;-999;eor
       6103;20190130;   10;  12.4;   5.1;-999;-999;-999;-999;-999;-999;-999;-999;-999;-999;-999;-999;-999;eor
       6103;20190131;   10;  16.5;   6.0;-999;-999;-999;-999;-999;-999;-999;-999;-999;-999;-999;-999;-999;eor
       6103;20190201;   10;  17.5;   8.2;-999;-999;-999;-999;-999;-999;-999;-999;-999;-999;-999;-999;-999;eor
       6103;20190202;   10;   6.3;   1.7;-999;-999;-999;-999;-999;-999;-999;-999;-999;-999;-999;-999;-999;eor
       6103;20190203;   10;   9.0;   4.2;-999;-999;-999;-999;-999;-999;-999;-999;-999;-999;-999;-999;-999;eor
       6103;20190204;   10;  11.7;   4.3;-999;-999;-999;-999;-999;-999;-999;-999;-999;-999;-999;-999;-999;eor
       6103;20190205;   10;  10.5;   4.0;-999;-999;-999;-999;-999;-999;-999;-999;-999;-999;-999;-999;-999;eor
       6103;20190206;   10;  13.0;   4.8;-999;-999;-999;-999;-999;-999;-999;-999;-999;-999;-999;-999;-999;eor
       6103;20190207;   10;  13.5;   5.0;-999;-999;-999;-999;-999;-999;-999;-999;-999;-999;-999;-999;-999;eor
       6103;20190208;   10;  13.9;   5.4;-999;-999;-999;-999;-999;-999;-999;-999;-999;-999;-999;-999;-999;eor
       6103;20190209;   10;  13.3;   5.0;-999;-999;-999;-999;-999;-999;-999;-999;-999;-999;-999;-999;-999;eor
       6103;20190210;   10;  17.6;   7.3;-999;-999;-999;-999;-999;-999;-999;-999;-999;-999;-999;-999;-999;eor
       6103;20190211;   10;  14.0;   4.9;-999;-999;-999;-999;-999;-999;-999;-999;-999;-999;-999;-999;-999;eor
       6103;20190212;   10;  11.5;   3.9;-999;-999;-999;-999;-999;-999;-999;-999;-999;-999;-999;-999;-999;eor
       6103;20190213;   10;  11.3;   3.5;-999;-999;-999;-999;-999;-999;-999;-999;-999;-999;-999;-999;-999;eor
       6103;20190214;   10;  10.7;   3.1;-999;-999;-999;-999;-999;-999;-999;-999;-999;-999;-999;-999;-999;eor
       6103;20190215;   10;  12.0;   4.6;-999;-999;-999;-999;-999;-999;-999;-999;-999;-999;-999;-999;-999;eor
       6103;20190216;   10;  12.8;   5.5;-999;-999;-999;-999;-999;-999;-999;-999;-999;-999;-999;-999;-999;eor
       6103;20190217;   10;  11.2;   5.1;-999;-999;-999;-999;-999;-999;-999;-999;-999;-999;-999;-999;-999;eor
       6103;20190218;   10;  10.8;   4.5;-999;-999;-999;-999;-999;-999;-999;-999;-999;-999;-999;-999;-999;eor
       6103;20190219;   10;   6.6;   2.3;-999;-999;-999;-999;-999;-999;-999;-999;-999;-999;-999;-999;-999;eor
       6103;20190220;   10;   5.9;   2.3;-999;-999;-999;-999;-999;-999;-999;-999;-999;-999;-999;-999;-999;eor
       6103;20190221;   10;   5.8;   2.0;-999;-999;-999;-999;-999;-999;-999;-999;-999;-999;-999;-999;-999;eor
       6103;20190222;   10;  12.0;   3.4;-999;-999;-999;-999;-999;-999;-999;-999;-999;-999;-999;-999;-999;eor
       6103;20190223;   10;   5.0;   1.6;-999;-999;-999;-999;-999;-999;-999;-999;-999;-999;-999;-999;-999;eor
       6103;20190224;   10;  10.2;   3.5;-999;-999;-999;-999;-999;-999;-999;-999;-999;-999;-999;-999;-999;eor
       6103;20190225;   10;   7.9;   2.8;-999;-999;-999;-999;-999;-999;-999;-999;-999;-999;-999;-999;-999;eor
       6103;20190226;   10;  10.9;   3.0;-999;-999;-999;-999;-999;-999;-999;-999;-999;-999;-999;-999;-999;eor
       6103;20190227;   10;   8.5;   2.4;-999;-999;-999;-999;-999;-999;-999;-999;-999;-999;-999;-999;-999;eor
       6103;20190228;   10;  10.7;   3.4;-999;-999;-999;-999;-999;-999;-999;-999;-999;-999;-999;-999;-999;eor
       6103;20190301;   10;  10.2;   2.6;-999;-999;-999;-999;-999;-999;-999;-999;-999;-999;-999;-999;-999;eor
       6103;20190302;   10;   8.7;   2.6;-999;-999;-999;-999;-999;-999;-999;-999;-999;-999;-999;-999;-999;eor
       6103;20190303;   10;  12.0;   4.4;-999;-999;-999;-999;-999;-999;-999;-999;-999;-999;-999;-999;-999;eor
       6103;20190304;   10;  15.3;   5.9;-999;-999;-999;-999;-999;-999;-999;-999;-999;-999;-999;-999;-999;eor
       6103;20190305;   10;   8.9;   2.0;-999;-999;-999;-999;-999;-999;-999;-999;-999;-999;-999;-999;-999;eor
       6103;20190306;   10;  19.6;   8.3;-999;-999;-999;-999;-999;-999;-999;-999;-999;-999;-999;-999;-999;eor
       6103;20190307;   10;  21.4;   5.6;-999;-999;-999;-999;-999;-999;-999;-999;-999;-999;-999;-999;-999;eor
       6103;20190308;   10;   8.9;   3.2;-999;-999;-999;-999;-999;-999;-999;-999;-999;-999;-999;-999;-999;eor
       6103;20190309;   10;  13.7;   4.0;-999;-999;-999;-999;-999;-999;-999;-999;-999;-999;-999;-999;-999;eor
       6103;20190310;   10;  16.6;   5.4;-999;-999;-999;-999;-999;-999;-999;-999;-999;-999;-999;-999;-999;eor
       6103;20190311;   10;  18.1;   4.5;-999;-999;-999;-999;-999;-999;-999;-999;-999;-999;-999;-999;-999;eor
       6103;20190312;   10;  14.3;   6.4;-999;-999;-999;-999;-999;-999;-999;-999;-999;-999;-999;-999;-999;eor
       6103;20190313;   10;  12.9;   3.3;-999;-999;-999;-999;-999;-999;-999;-999;-999;-999;-999;-999;-999;eor
       6103;20190314;   10;  16.7;   4.2;-999;-999;-999;-999;-999;-999;-999;-999;-999;-999;-999;-999;-999;eor
       6103;20190315;   10;  10.9;   3.3;-999;-999;-999;-999;-999;-999;-999;-999;-999;-999;-999;-999;-999;eor
       6103;20190316;   10;  11.4;   3.1;-999;-999;-999;-999;-999;-999;-999;-999;-999;-999;-999;-999;-999;eor
       6103;20190317;   10;  12.5;   6.3;-999;-999;-999;-999;-999;-999;-999;-999;-999;-999;-999;-999;-999;eor
       6103;20190318;   10;   9.2;   2.5;-999;-999;-999;-999;-999;-999;-999;-999;-999;-999;-999;-999;-999;eor
       6103;20190319;   10;   7.6;   2.0;-999;-999;-999;-999;-999;-999;-999;-999;-999;-999;-999;-999;-999;eor
       6103;20190320;   10;   7.4;   2.2;-999;-999;-999;-999;-999;-999;-999;-999;-999;-999;-999;-999;-999;eor
       6103;20190321;   10;  12.0;   4.6;-999;-999;-999;-999;-999;-999;-999;-999;-999;-999;-999;-999;-999;eor
       6103;20190322;   10;  10.9;   4.6;-999;-999;-999;-999;-999;-999;-999;-999;-999;-999;-999;-999;-999;eor
       6103;20190323;   10;   7.3;   2.8;-999;-999;-999;-999;-999;-999;-999;-999;-999;-999;-999;-999;-999;eor
       6103;20190324;   10;  10.3;   4.3;-999;-999;-999;-999;-999;-999;-999;-999;-999;-999;-999;-999;-999;eor
       6103;20190325;   10;  12.8;   3.6;-999;-999;-999;-999;-999;-999;-999;-999;-999;-999;-999;-999;-999;eor
       6103;20190326;   10;   7.2;   2.5;-999;-999;-999;-999;-999;-999;-999;-999;-999;-999;-999;-999;-999;eor
       6103;20190327;   10;   6.3;   1.9;-999;-999;-999;-999;-999;-999;-999;-999;-999;-999;-999;-999;-999;eor
       6103;20190328;   10;   7.9;   1.8;-999;-999;-999;-999;-999;-999;-999;-999;-999;-999;-999;-999;-999;eor
       6103;20190329;   10;  11.2;   4.1;-999;-999;-999;-999;-999;-999;-999;-999;-999;-999;-999;-999;-999;eor
       6103;20190330;   10;  11.2;   3.5;-999;-999;-999;-999;-999;-999;-999;-999;-999;-999;-999;-999;-999;eor
       6103;20190331;   10;   8.8;   2.8;-999;-999;-999;-999;-999;-999;-999;-999;-999;-999;-999;-999;-999;eor
       6103;20190401;   10;   9.2;   3.2;-999;-999;-999;-999;-999;-999;-999;-999;-999;-999;-999;-999;-999;eor
       6103;20190402;   10;  13.9;   5.0;-999;-999;-999;-999;-999;-999;-999;-999;-999;-999;-999;-999;-999;eor
       6103;20190403;   10;  22.1;   6.7;-999;-999;-999;-999;-999;-999;-999;-999;-999;-999;-999;-999;-999;eor
       6103;20190404;   10;  25.4;   7.7;-999;-999;-999;-999;-999;-999;-999;-999;-999;-999;-999;-999;-999;eor
       6103;20190405;   10;   5.0;   1.6;-999;-999;-999;-999;-999;-999;-999;-999;-999;-999;-999;-999;-999;eor
       6103;20190406;   10;  10.3;   3.2;-999;-999;-999;-999;-999;-999;-999;-999;-999;-999;-999;-999;-999;eor
       6103;20190407;   10;   9.9;   3.9;-999;-999;-999;-999;-999;-999;-999;-999;-999;-999;-999;-999;-999;eor
       6103;20190408;   10;   6.3;   2.2;-999;-999;-999;-999;-999;-999;-999;-999;-999;-999;-999;-999;-999;eor
       6103;20190409;   10;   6.8;   1.6;-999;-999;-999;-999;-999;-999;-999;-999;-999;-999;-999;-999;-999;eor
       6103;20190410;   10;   6.4;   2.1;-999;-999;-999;-999;-999;-999;-999;-999;-999;-999;-999;-999;-999;eor
       6103;20190411;   10;   6.9;   2.7;-999;-999;-999;-999;-999;-999;-999;-999;-999;-999;-999;-999;-999;eor
       6103;20190412;   10;   5.8;   2.4;-999;-999;-999;-999;-999;-999;-999;-999;-999;-999;-999;-999;-999;eor
       6103;20190413;   10;   8.3;   2.2;-999;-999;-999;-999;-999;-999;-999;-999;-999;-999;-999;-999;-999;eor
       6103;20190414;   10;   6.5;   2.3;-999;-999;-999;-999;-999;-999;-999;-999;-999;-999;-999;-999;-999;eor
       6103;20190415;   10;  10.1;   2.7;-999;-999;-999;-999;-999;-999;-999;-999;-999;-999;-999;-999;-999;eor
       6103;20190416;   10;  10.8;   3.9;-999;-999;-999;-999;-999;-999;-999;-999;-999;-999;-999;-999;-999;eor
       6103;20190417;   10;   7.3;   2.3;-999;-999;-999;-999;-999;-999;-999;-999;-999;-999;-999;-999;-999;eor
       6103;20190418;   10;  11.5;   4.0;-999;-999;-999;-999;-999;-999;-999;-999;-999;-999;-999;-999;-999;eor
       6103;20190419;   10;  10.1;   4.2;-999;-999;-999;-999;-999;-999;-999;-999;-999;-999;-999;-999;-999;eor
       6103;20190420;   10;  10.1;   3.8;-999;-999;-999;-999;-999;-999;-999;-999;-999;-999;-999;-999;-999;eor
       6103;20190421;   10;  10.8;   4.0;-999;-999;-999;-999;-999;-999;-999;-999;-999;-999;-999;-999;-999;eor
       6103;20190422;   10;  15.2;   6.6;-999;-999;-999;-999;-999;-999;-999;-999;-999;-999;-999;-999;-999;eor
       6103;20190423;   10;  19.7;   9.4;-999;-999;-999;-999;-999;-999;-999;-999;-999;-999;-999;-999;-999;eor
       6103;20190424;   10;  24.2;  10.3;-999;-999;-999;-999;-999;-999;-999;-999;-999;-999;-999;-999;-999;eor
       6103;20190425;   10;  20.2;   9.1;-999;-999;-999;-999;-999;-999;-999;-999;-999;-999;-999;-999;-999;eor
       6103;20190426;   10;  12.2;   4.1;-999;-999;-999;-999;-999;-999;-999;-999;-999;-999;-999;-999;-999;eor
       6103;20190427;   10;  10.9;   3.1;-999;-999;-999;-999;-999;-999;-999;-999;-999;-999;-999;-999;-999;eor
       6103;20190428;   10;  10.7;   2.6;-999;-999;-999;-999;-999;-999;-999;-999;-999;-999;-999;-999;-999;eor
       6103;20190429;   10;   6.5;   2.5;-999;-999;-999;-999;-999;-999;-999;-999;-999;-999;-999;-999;-999;eor
       6103;20190430;   10;   6.4;   1.7;-999;-999;-999;-999;-999;-999;-999;-999;-999;-999;-999;-999;-999;eor
       6103;20190501;   10;   8.9;   2.3;-999;-999;-999;-999;-999;-999;-999;-999;-999;-999;-999;-999;-999;eor
       6103;20190502;   10;   9.8;   4.0;-999;-999;-999;-999;-999;-999;-999;-999;-999;-999;-999;-999;-999;eor
       6103;20190503;   10;   7.1;   2.3;-999;-999;-999;-999;-999;-999;-999;-999;-999;-999;-999;-999;-999;eor
       6103;20190504;   10;  12.0;   2.8;-999;-999;-999;-999;-999;-999;-999;-999;-999;-999;-999;-999;-999;eor
       6103;20190505;   10;   8.4;   3.7;-999;-999;-999;-999;-999;-999;-999;-999;-999;-999;-999;-999;-999;eor
       6103;20190506;   10;   7.6;   2.3;-999;-999;-999;-999;-999;-999;-999;-999;-999;-999;-999;-999;-999;eor
       6103;20190507;   10;  11.3;   2.7;-999;-999;-999;-999;-999;-999;-999;-999;-999;-999;-999;-999;-999;eor
       6103;20190508;   10;  15.0;   6.8;-999;-999;-999;-999;-999;-999;-999;-999;-999;-999;-999;-999;-999;eor
       6103;20190509;   10;  13.5;   2.5;-999;-999;-999;-999;-999;-999;-999;-999;-999;-999;-999;-999;-999;eor
       6103;20190510;   10;   8.2;   2.2;-999;-999;-999;-999;-999;-999;-999;-999;-999;-999;-999;-999;-999;eor
       6103;20190511;   10;  13.1;   4.2;-999;-999;-999;-999;-999;-999;-999;-999;-999;-999;-999;-999;-999;eor
       6103;20190512;   10;  11.1;   4.1;-999;-999;-999;-999;-999;-999;-999;-999;-999;-999;-999;-999;-999;eor
       6103;20190513;   10;   7.6;   1.5;-999;-999;-999;-999;-999;-999;-999;-999;-999;-999;-999;-999;-999;eor
       6103;20190514;   10;  10.4;   3.1;-999;-999;-999;-999;-999;-999;-999;-999;-999;-999;-999;-999;-999;eor
       6103;20190515;   10;   6.5;   2.3;-999;-999;-999;-999;-999;-999;-999;-999;-999;-999;-999;-999;-999;eor
       6103;20190516;   10;   8.7;   2.6;-999;-999;-999;-999;-999;-999;-999;-999;-999;-999;-999;-999;-999;eor
       6103;20190517;   10;  11.6;   5.0;-999;-999;-999;-999;-999;-999;-999;-999;-999;-999;-999;-999;-999;eor
       6103;20190518;   10;   9.5;   4.5;-999;-999;-999;-999;-999;-999;-999;-999;-999;-999;-999;-999;-999;eor
       6103;20190519;   10;   8.2;   2.6;-999;-999;-999;-999;-999;-999;-999;-999;-999;-999;-999;-999;-999;eor
       6103;20190520;   10;   7.6;   3.4;-999;-999;-999;-999;-999;-999;-999;-999;-999;-999;-999;-999;-999;eor
       6103;20190521;   10;   7.5;   2.1;-999;-999;-999;-999;-999;-999;-999;-999;-999;-999;-999;-999;-999;eor
       6103;20190522;   10;   5.8;   1.4;-999;-999;-999;-999;-999;-999;-999;-999;-999;-999;-999;-999;-999;eor
       6103;20190523;   10;   8.6;   2.3;-999;-999;-999;-999;-999;-999;-999;-999;-999;-999;-999;-999;-999;eor
       6103;20190524;   10;   8.8;   3.1;-999;-999;-999;-999;-999;-999;-999;-999;-999;-999;-999;-999;-999;eor
       6103;20190525;   10;   9.2;   2.5;-999;-999;-999;-999;-999;-999;-999;-999;-999;-999;-999;-999;-999;eor
       6103;20190526;   10;   5.4;   1.8;-999;-999;-999;-999;-999;-999;-999;-999;-999;-999;-999;-999;-999;eor
       6103;20190527;   10;   4.7;   1.6;-999;-999;-999;-999;-999;-999;-999;-999;-999;-999;-999;-999;-999;eor
       6103;20190528;   10;   9.4;   3.1;-999;-999;-999;-999;-999;-999;-999;-999;-999;-999;-999;-999;-999;eor
       6103;20190529;   10;   6.6;   2.0;-999;-999;-999;-999;-999;-999;-999;-999;-999;-999;-999;-999;-999;eor
       6103;20190530;   10;   5.0;   1.9;-999;-999;-999;-999;-999;-999;-999;-999;-999;-999;-999;-999;-999;eor
       6103;20190531;   10;   7.0;   2.1;-999;-999;-999;-999;-999;-999;-999;-999;-999;-999;-999;-999;-999;eor
       6103;20190601;   10;   8.0;   2.6;-999;-999;-999;-999;-999;-999;-999;-999;-999;-999;-999;-999;-999;eor
       6103;20190602;   10;   8.4;   3.0;-999;-999;-999;-999;-999;-999;-999;-999;-999;-999;-999;-999;-999;eor
       6103;20190603;   10;  11.9;   3.6;-999;-999;-999;-999;-999;-999;-999;-999;-999;-999;-999;-999;-999;eor
       6103;20190604;   10;  11.3;   4.0;-999;-999;-999;-999;-999;-999;-999;-999;-999;-999;-999;-999;-999;eor
       6103;20190605;   10;  11.8;   4.7;-999;-999;-999;-999;-999;-999;-999;-999;-999;-999;-999;-999;-999;eor
       6103;20190606;   10;   9.4;   3.7;-999;-999;-999;-999;-999;-999;-999;-999;-999;-999;-999;-999;-999;eor
       6103;20190607;   10;  14.4;   5.6;-999;-999;-999;-999;-999;-999;-999;-999;-999;-999;-999;-999;-999;eor
       6103;20190608;   10;  10.1;   2.7;-999;-999;-999;-999;-999;-999;-999;-999;-999;-999;-999;-999;-999;eor
       6103;20190609;   10;  12.7;   4.5;-999;-999;-999;-999;-999;-999;-999;-999;-999;-999;-999;-999;-999;eor
       6103;20190610;   10;  15.7;   3.7;-999;-999;-999;-999;-999;-999;-999;-999;-999;-999;-999;-999;-999;eor
       6103;20190611;   10;  22.1;   4.5;-999;-999;-999;-999;-999;-999;-999;-999;-999;-999;-999;-999;-999;eor
       6103;20190612;   10;   9.3;   3.1;-999;-999;-999;-999;-999;-999;-999;-999;-999;-999;-999;-999;-999;eor
       6103;20190613;   10;  11.3;   3.1;-999;-999;-999;-999;-999;-999;-999;-999;-999;-999;-999;-999;-999;eor
       6103;20190614;   10;  14.3;   4.9;-999;-999;-999;-999;-999;-999;-999;-999;-999;-999;-999;-999;-999;eor
       6103;20190615;   10;  19.2;   4.5;-999;-999;-999;-999;-999;-999;-999;-999;-999;-999;-999;-999;-999;eor
       6103;20190616;   10;   8.1;   2.8;-999;-999;-999;-999;-999;-999;-999;-999;-999;-999;-999;-999;-999;eor
       6103;20190617;   10;  10.0;   2.8;-999;-999;-999;-999;-999;-999;-999;-999;-999;-999;-999;-999;-999;eor
       6103;20190618;   10;  12.6;   4.1;-999;-999;-999;-999;-999;-999;-999;-999;-999;-999;-999;-999;-999;eor
       6103;20190619;   10;  12.7;   4.7;-999;-999;-999;-999;-999;-999;-999;-999;-999;-999;-999;-999;-999;eor
       6103;20190620;   10;  14.0;   3.6;-999;-999;-999;-999;-999;-999;-999;-999;-999;-999;-999;-999;-999;eor
       6103;20190621;   10;  10.6;   3.0;-999;-999;-999;-999;-999;-999;-999;-999;-999;-999;-999;-999;-999;eor
       6103;20190622;   10;  11.3;   3.4;-999;-999;-999;-999;-999;-999;-999;-999;-999;-999;-999;-999;-999;eor
       6103;20190623;   10;   7.9;   2.1;-999;-999;-999;-999;-999;-999;-999;-999;-999;-999;-999;-999;-999;eor
       6103;20190624;   10;  10.2;   4.1;-999;-999;-999;-999;-999;-999;-999;-999;-999;-999;-999;-999;-999;eor
       6103;20190625;   10;  11.7;   4.6;-999;-999;-999;-999;-999;-999;-999;-999;-999;-999;-999;-999;-999;eor
       6103;20190626;   10;  10.6;   4.0;-999;-999;-999;-999;-999;-999;-999;-999;-999;-999;-999;-999;-999;eor
       6103;20190627;   10;  10.1;   4.1;-999;-999;-999;-999;-999;-999;-999;-999;-999;-999;-999;-999;-999;eor
       6103;20190628;   10;  10.1;   3.0;-999;-999;-999;-999;-999;-999;-999;-999;-999;-999;-999;-999;-999;eor
       6103;20190629;   10;   9.5;   3.8;-999;-999;-999;-999;-999;-999;-999;-999;-999;-999;-999;-999;-999;eor
       6103;20190630;   10;  11.3;   4.9;-999;-999;-999;-999;-999;-999;-999;-999;-999;-999;-999;-999;-999;eor
       6103;20190701;   10;  12.8;   4.0;-999;-999;-999;-999;-999;-999;-999;-999;-999;-999;-999;-999;-999;eor
       6103;20190702;   10;   9.1;   3.2;-999;-999;-999;-999;-999;-999;-999;-999;-999;-999;-999;-999;-999;eor
       6103;20190703;   10;   8.0;   2.7;-999;-999;-999;-999;-999;-999;-999;-999;-999;-999;-999;-999;-999;eor
       6103;20190704;   10;   9.7;   2.7;-999;-999;-999;-999;-999;-999;-999;-999;-999;-999;-999;-999;-999;eor
       6103;20190705;   10;   8.4;   2.9;-999;-999;-999;-999;-999;-999;-999;-999;-999;-999;-999;-999;-999;eor
       6103;20190706;   10;  10.8;   3.2;-999;-999;-999;-999;-999;-999;-999;-999;-999;-999;-999;-999;-999;eor
       6103;20190707;   10;  14.3;   2.8;-999;-999;-999;-999;-999;-999;-999;-999;-999;-999;-999;-999;-999;eor
       6103;20190708;   10;   7.1;   2.3;-999;-999;-999;-999;-999;-999;-999;-999;-999;-999;-999;-999;-999;eor
       6103;20190709;   10;   7.2;   2.8;-999;-999;-999;-999;-999;-999;-999;-999;-999;-999;-999;-999;-999;eor
       6103;20190710;   10;   9.0;   2.8;-999;-999;-999;-999;-999;-999;-999;-999;-999;-999;-999;-999;-999;eor
       6103;20190711;   10;   7.6;   2.6;-999;-999;-999;-999;-999;-999;-999;-999;-999;-999;-999;-999;-999;eor
       6103;20190712;   10;  10.8;   3.0;-999;-999;-999;-999;-999;-999;-999;-999;-999;-999;-999;-999;-999;eor
       6103;20190713;   10;   9.4;   2.7;-999;-999;-999;-999;-999;-999;-999;-999;-999;-999;-999;-999;-999;eor
       6103;20190714;   10;   8.6;   2.1;-999;-999;-999;-999;-999;-999;-999;-999;-999;-999;-999;-999;-999;eor
       6103;20190715;   10;   8.8;   1.9;-999;-999;-999;-999;-999;-999;-999;-999;-999;-999;-999;-999;-999;eor
       6103;20190716;   10;   7.8;   2.5;-999;-999;-999;-999;-999;-999;-999;-999;-999;-999;-999;-999;-999;eor
       6103;20190717;   10;  10.3;   3.1;-999;-999;-999;-999;-999;-999;-999;-999;-999;-999;-999;-999;-999;eor
       6103;20190718;   10;   7.7;   2.6;-999;-999;-999;-999;-999;-999;-999;-999;-999;-999;-999;-999;-999;eor
       6103;20190719;   10;   8.6;   3.0;-999;-999;-999;-999;-999;-999;-999;-999;-999;-999;-999;-999;-999;eor
       6103;20190720;   10;  13.2;   4.9;-999;-999;-999;-999;-999;-999;-999;-999;-999;-999;-999;-999;-999;eor
       6103;20190721;   10;  11.2;   3.0;-999;-999;-999;-999;-999;-999;-999;-999;-999;-999;-999;-999;-999;eor
       6103;20190722;   10;   7.8;   3.1;-999;-999;-999;-999;-999;-999;-999;-999;-999;-999;-999;-999;-999;eor
       6103;20190723;   10;   8.8;   3.0;-999;-999;-999;-999;-999;-999;-999;-999;-999;-999;-999;-999;-999;eor
       6103;20190724;   10;   9.4;   3.8;-999;-999;-999;-999;-999;-999;-999;-999;-999;-999;-999;-999;-999;eor
       6103;20190725;   10;  11.3;   3.4;-999;-999;-999;-999;-999;-999;-999;-999;-999;-999;-999;-999;-999;eor
       6103;20190726;   10;  13.2;   4.9;-999;-999;-999;-999;-999;-999;-999;-999;-999;-999;-999;-999;-999;eor
       6103;20190727;   10;  21.2;   3.7;-999;-999;-999;-999;-999;-999;-999;-999;-999;-999;-999;-999;-999;eor
       6103;20190728;   10;  10.8;   2.5;-999;-999;-999;-999;-999;-999;-999;-999;-999;-999;-999;-999;-999;eor
       6103;20190729;   10;   8.8;   2.3;-999;-999;-999;-999;-999;-999;-999;-999;-999;-999;-999;-999;-999;eor
       6103;20190730;   10;   8.0;   2.1;-999;-999;-999;-999;-999;-999;-999;-999;-999;-999;-999;-999;-999;eor
       6103;20190731;   10;   6.9;   2.5;-999;-999;-999;-999;-999;-999;-999;-999;-999;-999;-999;-999;-999;eor
       6103;20190801;   10;   9.3;   2.4;-999;-999;-999;-999;-999;-999;-999;-999;-999;-999;-999;-999;-999;eor
       6103;20190802;   10;   8.5;   2.5;-999;-999;-999;-999;-999;-999;-999;-999;-999;-999;-999;-999;-999;eor
       6103;20190803;   10;  10.0;   2.4;-999;-999;-999;-999;-999;-999;-999;-999;-999;-999;-999;-999;-999;eor
       6103;20190804;   10;   7.6;   2.8;-999;-999;-999;-999;-999;-999;-999;-999;-999;-999;-999;-999;-999;eor
       6103;20190805;   10;   9.6;   3.3;-999;-999;-999;-999;-999;-999;-999;-999;-999;-999;-999;-999;-999;eor
       6103;20190806;   10;  16.9;   5.0;-999;-999;-999;-999;-999;-999;-999;-999;-999;-999;-999;-999;-999;eor
       6103;20190807;   10;  12.4;   4.3;-999;-999;-999;-999;-999;-999;-999;-999;-999;-999;-999;-999;-999;eor
       6103;20190808;   10;   8.4;   2.2;-999;-999;-999;-999;-999;-999;-999;-999;-999;-999;-999;-999;-999;eor
       6103;20190809;   10;  12.0;   4.6;-999;-999;-999;-999;-999;-999;-999;-999;-999;-999;-999;-999;-999;eor
       6103;20190810;   10;   8.3;   2.6;-999;-999;-999;-999;-999;-999;-999;-999;-999;-999;-999;-999;-999;eor
       6103;20190811;   10;  13.6;   2.6;-999;-999;-999;-999;-999;-999;-999;-999;-999;-999;-999;-999;-999;eor
       6103;20190812;   10;  12.5;   3.2;-999;-999;-999;-999;-999;-999;-999;-999;-999;-999;-999;-999;-999;eor
       6103;20190813;   10;   5.1;   1.6;-999;-999;-999;-999;-999;-999;-999;-999;-999;-999;-999;-999;-999;eor
       6103;20190814;   10;   8.0;   2.4;-999;-999;-999;-999;-999;-999;-999;-999;-999;-999;-999;-999;-999;eor
       6103;20190815;   10;  10.6;   4.0;-999;-999;-999;-999;-999;-999;-999;-999;-999;-999;-999;-999;-999;eor
       6103;20190816;   10;  10.7;   2.4;-999;-999;-999;-999;-999;-999;-999;-999;-999;-999;-999;-999;-999;eor
       6103;20190817;   10;  10.2;   3.9;-999;-999;-999;-999;-999;-999;-999;-999;-999;-999;-999;-999;-999;eor
       6103;20190818;   10;  11.3;   4.4;-999;-999;-999;-999;-999;-999;-999;-999;-999;-999;-999;-999;-999;eor
       6103;20190819;   10;   8.8;   3.2;-999;-999;-999;-999;-999;-999;-999;-999;-999;-999;-999;-999;-999;eor
       6103;20190820;   10;  11.1;   2.9;-999;-999;-999;-999;-999;-999;-999;-999;-999;-999;-999;-999;-999;eor
       6103;20190821;   10;   9.5;   2.1;-999;-999;-999;-999;-999;-999;-999;-999;-999;-999;-999;-999;-999;eor
       6103;20190822;   10;  10.4;   3.6;-999;-999;-999;-999;-999;-999;-999;-999;-999;-999;-999;-999;-999;eor
       6103;20190823;   10;   7.9;   2.6;-999;-999;-999;-999;-999;-999;-999;-999;-999;-999;-999;-999;-999;eor
       6103;20190824;   10;  11.8;   4.3;-999;-999;-999;-999;-999;-999;-999;-999;-999;-999;-999;-999;-999;eor
       6103;20190825;   10;  11.7;   3.2;-999;-999;-999;-999;-999;-999;-999;-999;-999;-999;-999;-999;-999;eor
       6103;20190826;   10;   8.2;   3.6;-999;-999;-999;-999;-999;-999;-999;-999;-999;-999;-999;-999;-999;eor
       6103;20190827;   10;  10.1;   3.9;-999;-999;-999;-999;-999;-999;-999;-999;-999;-999;-999;-999;-999;eor
       6103;20190828;   10;   8.4;   3.1;-999;-999;-999;-999;-999;-999;-999;-999;-999;-999;-999;-999;-999;eor
       6103;20190829;   10;   6.1;   2.0;-999;-999;-999;-999;-999;-999;-999;-999;-999;-999;-999;-999;-999;eor
       6103;20190830;   10;   8.2;   2.7;-999;-999;-999;-999;-999;-999;-999;-999;-999;-999;-999;-999;-999;eor
       6103;20190831;   10;  12.0;   4.8;-999;-999;-999;-999;-999;-999;-999;-999;-999;-999;-999;-999;-999;eor
       6103;20190901;   10;  11.5;   3.9;-999;-999;-999;-999;-999;-999;-999;-999;-999;-999;-999;-999;-999;eor
       6103;20190902;   10;   8.3;   2.5;-999;-999;-999;-999;-999;-999;-999;-999;-999;-999;-999;-999;-999;eor
       6103;20190903;   10;   6.9;   2.1;-999;-999;-999;-999;-999;-999;-999;-999;-999;-999;-999;-999;-999;eor
       6103;20190904;   10;  10.5;   3.9;-999;-999;-999;-999;-999;-999;-999;-999;-999;-999;-999;-999;-999;eor
       6103;20190905;   10;  11.7;   2.5;-999;-999;-999;-999;-999;-999;-999;-999;-999;-999;-999;-999;-999;eor
       6103;20190906;   10;   3.5;   1.1;-999;-999;-999;-999;-999;-999;-999;-999;-999;-999;-999;-999;-999;eor
       6103;20190907;   10;   6.9;   1.8;-999;-999;-999;-999;-999;-999;-999;-999;-999;-999;-999;-999;-999;eor
       6103;20190908;   10;   5.9;   2.0;-999;-999;-999;-999;-999;-999;-999;-999;-999;-999;-999;-999;-999;eor
       6103;20190909;   10;   7.1;   1.7;-999;-999;-999;-999;-999;-999;-999;-999;-999;-999;-999;-999;-999;eor
       6103;20190910;   10;  12.0;   3.3;-999;-999;-999;-999;-999;-999;-999;-999;-999;-999;-999;-999;-999;eor
       6103;20190911;   10;   7.4;   2.3;-999;-999;-999;-999;-999;-999;-999;-999;-999;-999;-999;-999;-999;eor
       6103;20190912;   10;   7.7;   2.2;-999;-999;-999;-999;-999;-999;-999;-999;-999;-999;-999;-999;-999;eor
       6103;20190913;   10;   7.9;   2.7;-999;-999;-999;-999;-999;-999;-999;-999;-999;-999;-999;-999;-999;eor
       6103;20190914;   10;   8.6;   2.5;-999;-999;-999;-999;-999;-999;-999;-999;-999;-999;-999;-999;-999;eor
       6103;20190915;   10;  10.3;   3.4;-999;-999;-999;-999;-999;-999;-999;-999;-999;-999;-999;-999;-999;eor
       6103;20190916;   10;   9.2;   2.6;-999;-999;-999;-999;-999;-999;-999;-999;-999;-999;-999;-999;-999;eor
       6103;20190917;   10;   7.7;   2.8;-999;-999;-999;-999;-999;-999;-999;-999;-999;-999;-999;-999;-999;eor
       6103;20190918;   10;   8.6;   3.2;-999;-999;-999;-999;-999;-999;-999;-999;-999;-999;-999;-999;-999;eor
       6103;20190919;   10;   8.7;   2.6;-999;-999;-999;-999;-999;-999;-999;-999;-999;-999;-999;-999;-999;eor
       6103;20190920;   10;  11.8;   3.0;-999;-999;-999;-999;-999;-999;-999;-999;-999;-999;-999;-999;-999;eor
       6103;20190921;   10;  12.3;   5.5;-999;-999;-999;-999;-999;-999;-999;-999;-999;-999;-999;-999;-999;eor
       6103;20190922;   10;  13.9;   6.0;-999;-999;-999;-999;-999;-999;-999;-999;-999;-999;-999;-999;-999;eor
       6103;20190923;   10;   9.2;   3.0;-999;-999;-999;-999;-999;-999;-999;-999;-999;-999;-999;-999;-999;eor
       6103;20190924;   10;  10.8;   3.1;-999;-999;-999;-999;-999;-999;-999;-999;-999;-999;-999;-999;-999;eor
       6103;20190925;   10;   7.8;   2.0;-999;-999;-999;-999;-999;-999;-999;-999;-999;-999;-999;-999;-999;eor
       6103;20190926;   10;   9.4;   3.5;-999;-999;-999;-999;-999;-999;-999;-999;-999;-999;-999;-999;-999;eor
       6103;20190927;   10;  10.4;   3.0;-999;-999;-999;-999;-999;-999;-999;-999;-999;-999;-999;-999;-999;eor
       6103;20190928;   10;   7.0;   2.2;-999;-999;-999;-999;-999;-999;-999;-999;-999;-999;-999;-999;-999;eor
       6103;20190929;   10;  12.6;   4.5;-999;-999;-999;-999;-999;-999;-999;-999;-999;-999;-999;-999;-999;eor
       6103;20190930;   10;  10.6;   3.1;-999;-999;-999;-999;-999;-999;-999;-999;-999;-999;-999;-999;-999;eor
       6103;20191001;   10;  11.4;   4.1;-999;-999;-999;-999;-999;-999;-999;-999;-999;-999;-999;-999;-999;eor
       6103;20191002;   10;  11.2;   3.1;-999;-999;-999;-999;-999;-999;-999;-999;-999;-999;-999;-999;-999;eor
       6103;20191003;   10;   6.7;   2.3;-999;-999;-999;-999;-999;-999;-999;-999;-999;-999;-999;-999;-999;eor
       6103;20191004;   10;  12.4;   4.2;-999;-999;-999;-999;-999;-999;-999;-999;-999;-999;-999;-999;-999;eor
       6103;20191005;   10;  10.4;   2.3;-999;-999;-999;-999;-999;-999;-999;-999;-999;-999;-999;-999;-999;eor
       6103;20191006;   10;   5.8;   1.5;-999;-999;-999;-999;-999;-999;-999;-999;-999;-999;-999;-999;-999;eor
       6103;20191007;   10;  11.5;   2.6;-999;-999;-999;-999;-999;-999;-999;-999;-999;-999;-999;-999;-999;eor
       6103;20191008;   10;  12.6;   5.8;-999;-999;-999;-999;-999;-999;-999;-999;-999;-999;-999;-999;-999;eor
       6103;20191009;   10;   9.6;   2.8;-999;-999;-999;-999;-999;-999;-999;-999;-999;-999;-999;-999;-999;eor
       6103;20191010;   10;   9.7;   1.9;-999;-999;-999;-999;-999;-999;-999;-999;-999;-999;-999;-999;-999;eor
       6103;20191011;   10;  14.4;   6.2;-999;-999;-999;-999;-999;-999;-999;-999;-999;-999;-999;-999;-999;eor
       6103;20191012;   10;  12.6;   5.3;-999;-999;-999;-999;-999;-999;-999;-999;-999;-999;-999;-999;-999;eor
       6103;20191013;   10;  11.7;   5.4;-999;-999;-999;-999;-999;-999;-999;-999;-999;-999;-999;-999;-999;eor
       6103;20191014;   10;  14.3;   5.2;-999;-999;-999;-999;-999;-999;-999;-999;-999;-999;-999;-999;-999;eor
       6103;20191015;   10;  19.5;   6.6;-999;-999;-999;-999;-999;-999;-999;-999;-999;-999;-999;-999;-999;eor
       6103;20191016;   10;  10.4;   2.5;-999;-999;-999;-999;-999;-999;-999;-999;-999;-999;-999;-999;-999;eor
       6103;20191017;   10;  10.9;   2.9;-999;-999;-999;-999;-999;-999;-999;-999;-999;-999;-999;-999;-999;eor
       6103;20191018;   10;   9.3;   3.7;-999;-999;-999;-999;-999;-999;-999;-999;-999;-999;-999;-999;-999;eor
       6103;20191019;   10;  16.4;   3.1;-999;-999;-999;-999;-999;-999;-999;-999;-999;-999;-999;-999;-999;eor
       6103;20191020;   10;  20.1;   8.3;-999;-999;-999;-999;-999;-999;-999;-999;-999;-999;-999;-999;-999;eor
       6103;20191021;   10;  17.8;   5.1;-999;-999;-999;-999;-999;-999;-999;-999;-999;-999;-999;-999;-999;eor
       6103;20191022;   10;  12.0;   3.0;-999;-999;-999;-999;-999;-999;-999;-999;-999;-999;-999;-999;-999;eor
       6103;20191023;   10;  17.8;   6.9;-999;-999;-999;-999;-999;-999;-999;-999;-999;-999;-999;-999;-999;eor
       6103;20191024;   10;  14.5;   5.6;-999;-999;-999;-999;-999;-999;-999;-999;-999;-999;-999;-999;-999;eor
       6103;20191025;   10;  10.4;   2.2;-999;-999;-999;-999;-999;-999;-999;-999;-999;-999;-999;-999;-999;eor
       6103;20191026;   10;  11.5;   4.4;-999;-999;-999;-999;-999;-999;-999;-999;-999;-999;-999;-999;-999;eor
       6103;20191027;   10;   6.7;   2.5;-999;-999;-999;-999;-999;-999;-999;-999;-999;-999;-999;-999;-999;eor
       6103;20191028;   10;   4.6;   1.6;-999;-999;-999;-999;-999;-999;-999;-999;-999;-999;-999;-999;-999;eor
       6103;20191029;   10;   6.3;   2.5;-999;-999;-999;-999;-999;-999;-999;-999;-999;-999;-999;-999;-999;eor
       6103;20191030;   10;   5.4;   1.7;-999;-999;-999;-999;-999;-999;-999;-999;-999;-999;-999;-999;-999;eor
       6103;20191031;   10;   9.2;   2.3;-999;-999;-999;-999;-999;-999;-999;-999;-999;-999;-999;-999;-999;eor
       6103;20191101;   10;  13.1;   4.9;-999;-999;-999;-999;-999;-999;-999;-999;-999;-999;-999;-999;-999;eor
       6103;20191102;   10;  13.2;   6.7;-999;-999;-999;-999;-999;-999;-999;-999;-999;-999;-999;-999;-999;eor
       6103;20191103;   10;  17.0;   3.9;-999;-999;-999;-999;-999;-999;-999;-999;-999;-999;-999;-999;-999;eor
       6103;20191104;   10;  12.5;   4.2;-999;-999;-999;-999;-999;-999;-999;-999;-999;-999;-999;-999;-999;eor
       6103;20191105;   10;   7.5;   2.1;-999;-999;-999;-999;-999;-999;-999;-999;-999;-999;-999;-999;-999;eor
       6103;20191106;   10;   8.0;   2.2;-999;-999;-999;-999;-999;-999;-999;-999;-999;-999;-999;-999;-999;eor
       6103;20191107;   10;  14.3;   4.9;-999;-999;-999;-999;-999;-999;-999;-999;-999;-999;-999;-999;-999;eor
       6103;20191108;   10;   6.5;   2.3;-999;-999;-999;-999;-999;-999;-999;-999;-999;-999;-999;-999;-999;eor
       6103;20191109;   10;  11.6;   2.5;-999;-999;-999;-999;-999;-999;-999;-999;-999;-999;-999;-999;-999;eor
       6103;20191110;   10;  11.2;   4.8;-999;-999;-999;-999;-999;-999;-999;-999;-999;-999;-999;-999;-999;eor
       6103;20191111;   10;  13.5;   5.6;-999;-999;-999;-999;-999;-999;-999;-999;-999;-999;-999;-999;-999;eor
       6103;20191112;   10;   6.8;   1.6;-999;-999;-999;-999;-999;-999;-999;-999;-999;-999;-999;-999;-999;eor
       6103;20191113;   10;   9.8;   2.1;-999;-999;-999;-999;-999;-999;-999;-999;-999;-999;-999;-999;-999;eor
       6103;20191114;   10;  26.0;   7.9;-999;-999;-999;-999;-999;-999;-999;-999;-999;-999;-999;-999;-999;eor
       6103;20191115;   10;  28.0;   7.3;-999;-999;-999;-999;-999;-999;-999;-999;-999;-999;-999;-999;-999;eor
       6103;20191116;   10;  13.5;   3.0;-999;-999;-999;-999;-999;-999;-999;-999;-999;-999;-999;-999;-999;eor
       6103;20191117;   10;  10.6;   2.3;-999;-999;-999;-999;-999;-999;-999;-999;-999;-999;-999;-999;-999;eor
       6103;20191118;   10;   9.5;   1.6;-999;-999;-999;-999;-999;-999;-999;-999;-999;-999;-999;-999;-999;eor
       6103;20191119;   10;   8.5;   1.4;-999;-999;-999;-999;-999;-999;-999;-999;-999;-999;-999;-999;-999;eor
       6103;20191120;   10;   9.1;   2.1;-999;-999;-999;-999;-999;-999;-999;-999;-999;-999;-999;-999;-999;eor
       6103;20191121;   10;  10.7;   3.6;-999;-999;-999;-999;-999;-999;-999;-999;-999;-999;-999;-999;-999;eor
       6103;20191122;   10;  18.3;   8.4;-999;-999;-999;-999;-999;-999;-999;-999;-999;-999;-999;-999;-999;eor
       6103;20191123;   10;  25.9;  12.9;-999;-999;-999;-999;-999;-999;-999;-999;-999;-999;-999;-999;-999;eor
       6103;20191124;   10;  18.8;   6.7;-999;-999;-999;-999;-999;-999;-999;-999;-999;-999;-999;-999;-999;eor
       6103;20191125;   10;  11.0;   4.1;-999;-999;-999;-999;-999;-999;-999;-999;-999;-999;-999;-999;-999;eor
       6103;20191126;   10;  14.4;   3.3;-999;-999;-999;-999;-999;-999;-999;-999;-999;-999;-999;-999;-999;eor
       6103;20191127;   10;  16.5;   5.4;-999;-999;-999;-999;-999;-999;-999;-999;-999;-999;-999;-999;-999;eor
       6103;20191128;   10;  10.6;   2.8;-999;-999;-999;-999;-999;-999;-999;-999;-999;-999;-999;-999;-999;eor
       6103;20191129;   10;   8.7;   3.0;-999;-999;-999;-999;-999;-999;-999;-999;-999;-999;-999;-999;-999;eor
       6103;20191130;   10;  13.4;   3.4;-999;-999;-999;-999;-999;-999;-999;-999;-999;-999;-999;-999;-999;eor
       6103;20191201;   10;  15.1;   7.5;-999;-999;-999;-999;-999;-999;-999;-999;-999;-999;-999;-999;-999;eor
       6103;20191202;   10;   6.8;   3.3;-999;-999;-999;-999;-999;-999;-999;-999;-999;-999;-999;-999;-999;eor
       6103;20191203;   10;  12.9;   3.7;-999;-999;-999;-999;-999;-999;-999;-999;-999;-999;-999;-999;-999;eor
       6103;20191204;   10;  14.4;   8.0;-999;-999;-999;-999;-999;-999;-999;-999;-999;-999;-999;-999;-999;eor
       6103;20191205;   10;  14.1;   5.5;-999;-999;-999;-999;-999;-999;-999;-999;-999;-999;-999;-999;-999;eor
       6103;20191206;   10;  12.3;   5.2;-999;-999;-999;-999;-999;-999;-999;-999;-999;-999;-999;-999;-999;eor
       6103;20191207;   10;  11.3;   3.5;-999;-999;-999;-999;-999;-999;-999;-999;-999;-999;-999;-999;-999;eor
       6103;20191208;   10;  14.3;   6.7;-999;-999;-999;-999;-999;-999;-999;-999;-999;-999;-999;-999;-999;eor
       6103;20191209;   10;  11.8;   3.2;-999;-999;-999;-999;-999;-999;-999;-999;-999;-999;-999;-999;-999;eor
       6103;20191210;   10;  14.3;   4.9;-999;-999;-999;-999;-999;-999;-999;-999;-999;-999;-999;-999;-999;eor
       6103;20191211;   10;  14.5;   4.9;-999;-999;-999;-999;-999;-999;-999;-999;-999;-999;-999;-999;-999;eor
       6103;20191212;   10;  14.4;   2.3;-999;-999;-999;-999;-999;-999;-999;-999;-999;-999;-999;-999;-999;eor
       6103;20191213;   10;  17.6;   6.6;-999;-999;-999;-999;-999;-999;-999;-999;-999;-999;-999;-999;-999;eor
       6103;20191214;   10;  15.2;   5.3;-999;-999;-999;-999;-999;-999;-999;-999;-999;-999;-999;-999;-999;eor
       6103;20191215;   10;  13.0;   6.5;-999;-999;-999;-999;-999;-999;-999;-999;-999;-999;-999;-999;-999;eor
       6103;20191216;   10;  20.3;   9.4;-999;-999;-999;-999;-999;-999;-999;-999;-999;-999;-999;-999;-999;eor
       6103;20191217;   10;  21.7;  10.0;-999;-999;-999;-999;-999;-999;-999;-999;-999;-999;-999;-999;-999;eor
       6103;20191218;   10;  13.6;   5.3;-999;-999;-999;-999;-999;-999;-999;-999;-999;-999;-999;-999;-999;eor
       6103;20191219;   10;  17.3;   7.8;-999;-999;-999;-999;-999;-999;-999;-999;-999;-999;-999;-999;-999;eor
       6103;20191220;   10;  29.6;   9.8;-999;-999;-999;-999;-999;-999;-999;-999;-999;-999;-999;-999;-999;eor
       6103;20191221;   10;  12.4;   3.1;-999;-999;-999;-999;-999;-999;-999;-999;-999;-999;-999;-999;-999;eor
       6103;20191222;   10;  13.3;   5.3;-999;-999;-999;-999;-999;-999;-999;-999;-999;-999;-999;-999;-999;eor
       6103;20191223;   10;  14.6;   5.1;-999;-999;-999;-999;-999;-999;-999;-999;-999;-999;-999;-999;-999;eor
       6103;20191224;   10;  15.3;   4.9;-999;-999;-999;-999;-999;-999;-999;-999;-999;-999;-999;-999;-999;eor
       6103;20191225;   10;  14.7;   4.2;-999;-999;-999;-999;-999;-999;-999;-999;-999;-999;-999;-999;-999;eor
       6103;20191226;   10;  10.4;   2.9;-999;-999;-999;-999;-999;-999;-999;-999;-999;-999;-999;-999;-999;eor
       6103;20191227;   10;   6.7;   2.6;-999;-999;-999;-999;-999;-999;-999;-999;-999;-999;-999;-999;-999;eor
       6103;20191228;   10;  11.1;   2.8;-999;-999;-999;-999;-999;-999;-999;-999;-999;-999;-999;-999;-999;eor
       6103;20191229;   10;  10.4;   4.1;-999;-999;-999;-999;-999;-999;-999;-999;-999;-999;-999;-999;-999;eor
       6103;20191230;   10;  12.0;   5.0;-999;-999;-999;-999;-999;-999;-999;-999;-999;-999;-999;-999;-999;eor
       6103;20191231;   10;   8.7;   3.0;-999;-999;-999;-999;-999;-999;-999;-999;-999;-999;-999;-999;-999;eor
       6103;20200101;   10;  11.1;   4.3;-999;-999;-999;-999;-999;-999;-999;-999;-999;-999;-999;-999;-999;eor
       6103;20200102;   10;  11.6;   3.0;-999;-999;-999;-999;-999;-999;-999;-999;-999;-999;-999;-999;-999;eor
       6103;20200103;   10;  12.6;   4.4;-999;-999;-999;-999;-999;-999;-999;-999;-999;-999;-999;-999;-999;eor
       6103;20200104;   10;  12.8;   3.2;-999;-999;-999;-999;-999;-999;-999;-999;-999;-999;-999;-999;-999;eor
       6103;20200105;   10;  11.5;   3.0;-999;-999;-999;-999;-999;-999;-999;-999;-999;-999;-999;-999;-999;eor
       6103;20200106;   10;  12.5;   4.6;-999;-999;-999;-999;-999;-999;-999;-999;-999;-999;-999;-999;-999;eor
       6103;20200107;   10;  11.3;   3.3;-999;-999;-999;-999;-999;-999;-999;-999;-999;-999;-999;-999;-999;eor
       6103;20200108;   10;  13.7;   4.8;-999;-999;-999;-999;-999;-999;-999;-999;-999;-999;-999;-999;-999;eor
       6103;20200109;   10;  11.4;   3.1;-999;-999;-999;-999;-999;-999;-999;-999;-999;-999;-999;-999;-999;eor
       6103;20200110;   10;  11.1;   3.2;-999;-999;-999;-999;-999;-999;-999;-999;-999;-999;-999;-999;-999;eor
       6103;20200111;   10;  10.9;   2.8;-999;-999;-999;-999;-999;-999;-999;-999;-999;-999;-999;-999;-999;eor
       6103;20200112;   10;  13.0;   4.4;-999;-999;-999;-999;-999;-999;-999;-999;-999;-999;-999;-999;-999;eor
       6103;20200113;   10;  10.4;   2.8;-999;-999;-999;-999;-999;-999;-999;-999;-999;-999;-999;-999;-999;eor
       6103;20200114;   10;  12.1;   6.8;-999;-999;-999;-999;-999;-999;-999;-999;-999;-999;-999;-999;-999;eor
       6103;20200115;   10;  13.1;   4.8;-999;-999;-999;-999;-999;-999;-999;-999;-999;-999;-999;-999;-999;eor
       6103;20200116;   10;  13.1;   3.8;-999;-999;-999;-999;-999;-999;-999;-999;-999;-999;-999;-999;-999;eor
       6103;20200117;   10;  13.4;   4.6;-999;-999;-999;-999;-999;-999;-999;-999;-999;-999;-999;-999;-999;eor
       6103;20200118;   10;   6.1;   2.2;-999;-999;-999;-999;-999;-999;-999;-999;-999;-999;-999;-999;-999;eor
       6103;20200119;   10;   7.9;   2.3;-999;-999;-999;-999;-999;-999;-999;-999;-999;-999;-999;-999;-999;eor
       6103;20200120;   10;  13.4;   3.6;-999;-999;-999;-999;-999;-999;-999;-999;-999;-999;-999;-999;-999;eor
       6103;20200121;   10;  14.7;   6.0;-999;-999;-999;-999;-999;-999;-999;-999;-999;-999;-999;-999;-999;eor
       6103;20200122;   10;  12.2;   4.2;-999;-999;-999;-999;-999;-999;-999;-999;-999;-999;-999;-999;-999;eor
       6103;20200123;   10;  13.1;   5.1;-999;-999;-999;-999;-999;-999;-999;-999;-999;-999;-999;-999;-999;eor
       6103;20200124;   10;  11.7;   4.1;-999;-999;-999;-999;-999;-999;-999;-999;-999;-999;-999;-999;-999;eor
       6103;20200125;   10;   6.5;   2.2;-999;-999;-999;-999;-999;-999;-999;-999;-999;-999;-999;-999;-999;eor
       6103;20200126;   10;   8.9;   2.6;-999;-999;-999;-999;-999;-999;-999;-999;-999;-999;-999;-999;-999;eor
       6103;20200127;   10;  10.4;   4.2;-999;-999;-999;-999;-999;-999;-999;-999;-999;-999;-999;-999;-999;eor
       6103;20200128;   10;  17.3;   3.8;-999;-999;-999;-999;-999;-999;-999;-999;-999;-999;-999;-999;-999;eor
       6103;20200129;   10;  13.3;   3.7;-999;-999;-999;-999;-999;-999;-999;-999;-999;-999;-999;-999;-999;eor
       6103;20200130;   10;  15.6;   5.9;-999;-999;-999;-999;-999;-999;-999;-999;-999;-999;-999;-999;-999;eor
       6103;20200131;   10;  13.0;   3.7;-999;-999;-999;-999;-999;-999;-999;-999;-999;-999;-999;-999;-999;eor
       6103;20200201;    3;  14.1;   4.5;-999;-999;-999;-999;-999;-999;-999;-999;-999;-999;-999;-999;-999;eor
       6103;20200202;    3;  11.7;   3.9;-999;-999;-999;-999;-999;-999;-999;-999;-999;-999;-999;-999;-999;eor
       6103;20200203;    3;  11.8;   3.7;-999;-999;-999;-999;-999;-999;-999;-999;-999;-999;-999;-999;-999;eor
       6103;20200204;    3;  20.2;   6.6;-999;-999;-999;-999;-999;-999;-999;-999;-999;-999;-999;-999;-999;eor
       6103;20200205;    3;  18.9;   6.9;-999;-999;-999;-999;-999;-999;-999;-999;-999;-999;-999;-999;-999;eor
       6103;20200206;    3;  10.4;   4.3;-999;-999;-999;-999;-999;-999;-999;-999;-999;-999;-999;-999;-999;eor
       6103;20200207;    3;  10.3;   3.3;-999;-999;-999;-999;-999;-999;-999;-999;-999;-999;-999;-999;-999;eor
       6103;20200208;    3;  10.4;   3.8;-999;-999;-999;-999;-999;-999;-999;-999;-999;-999;-999;-999;-999;eor
       6103;20200209;    3;  17.4;   6.9;-999;-999;-999;-999;-999;-999;-999;-999;-999;-999;-999;-999;-999;eor
       6103;20200210;    3;  18.5;   7.3;-999;-999;-999;-999;-999;-999;-999;-999;-999;-999;-999;-999;-999;eor
       6103;20200211;    3;  19.2;   4.4;-999;-999;-999;-999;-999;-999;-999;-999;-999;-999;-999;-999;-999;eor
       6103;20200212;    3;  12.9;   2.3;-999;-999;-999;-999;-999;-999;-999;-999;-999;-999;-999;-999;-999;eor
       6103;20200213;    3;  15.3;   7.2;-999;-999;-999;-999;-999;-999;-999;-999;-999;-999;-999;-999;-999;eor
       6103;20200214;    3;  12.8;   3.4;-999;-999;-999;-999;-999;-999;-999;-999;-999;-999;-999;-999;-999;eor
       6103;20200215;    3;  14.3;   5.9;-999;-999;-999;-999;-999;-999;-999;-999;-999;-999;-999;-999;-999;eor
       6103;20200216;    3;  15.2;   8.2;-999;-999;-999;-999;-999;-999;-999;-999;-999;-999;-999;-999;-999;eor
       6103;20200217;    3;  11.3;   4.2;-999;-999;-999;-999;-999;-999;-999;-999;-999;-999;-999;-999;-999;eor
       6103;20200218;    3;  10.7;   2.3;-999;-999;-999;-999;-999;-999;-999;-999;-999;-999;-999;-999;-999;eor
       6103;20200219;    3;  16.1;   3.9;-999;-999;-999;-999;-999;-999;-999;-999;-999;-999;-999;-999;-999;eor
       6103;20200220;    3;  11.0;   4.5;-999;-999;-999;-999;-999;-999;-999;-999;-999;-999;-999;-999;-999;eor
       6103;20200221;    3;  12.5;   3.3;-999;-999;-999;-999;-999;-999;-999;-999;-999;-999;-999;-999;-999;eor
       6103;20200222;    3;  10.6;   3.7;-999;-999;-999;-999;-999;-999;-999;-999;-999;-999;-999;-999;-999;eor
       6103;20200223;    3;  18.0;   4.0;-999;-999;-999;-999;-999;-999;-999;-999;-999;-999;-999;-999;-999;eor
       6103;20200224;    3;  18.3;   4.4;-999;-999;-999;-999;-999;-999;-999;-999;-999;-999;-999;-999;-999;eor
       6103;20200225;    3;   7.9;   2.8;-999;-999;-999;-999;-999;-999;-999;-999;-999;-999;-999;-999;-999;eor
       6103;20200226;    3;  17.1;   3.8;-999;-999;-999;-999;-999;-999;-999;-999;-999;-999;-999;-999;-999;eor
       6103;20200227;    3;  19.5;   6.6;-999;-999;-999;-999;-999;-999;-999;-999;-999;-999;-999;-999;-999;eor
       6103;20200228;    3;  16.6;   5.9;-999;-999;-999;-999;-999;-999;-999;-999;-999;-999;-999;-999;-999;eor
       6103;20200229;    3;  17.3;   9.7;-999;-999;-999;-999;-999;-999;-999;-999;-999;-999;-999;-999;-999;eor
       6103;20200301;    3;  12.5;   3.4;-999;-999;-999;-999;-999;-999;-999;-999;-999;-999;-999;-999;-999;eor
       6103;20200302;    3;  22.3;   7.0;-999;-999;-999;-999;-999;-999;-999;-999;-999;-999;-999;-999;-999;eor
       6103;20200303;    3;  12.8;   3.3;-999;-999;-999;-999;-999;-999;-999;-999;-999;-999;-999;-999;-999;eor
       6103;20200304;    3;  11.2;   2.3;-999;-999;-999;-999;-999;-999;-999;-999;-999;-999;-999;-999;-999;eor
       6103;20200305;    3;  16.1;   9.3;-999;-999;-999;-999;-999;-999;-999;-999;-999;-999;-999;-999;-999;eor
       6103;20200306;    3;  13.6;   4.7;-999;-999;-999;-999;-999;-999;-999;-999;-999;-999;-999;-999;-999;eor
       6103;20200307;    3;   9.3;   3.3;-999;-999;-999;-999;-999;-999;-999;-999;-999;-999;-999;-999;-999;eor
       6103;20200308;    3;   9.8;   3.6;-999;-999;-999;-999;-999;-999;-999;-999;-999;-999;-999;-999;-999;eor
       6103;20200309;    3;   7.5;   2.2;-999;-999;-999;-999;-999;-999;-999;-999;-999;-999;-999;-999;-999;eor
       6103;20200310;    3;  15.6;   5.5;-999;-999;-999;-999;-999;-999;-999;-999;-999;-999;-999;-999;-999;eor
       6103;20200311;    3;   9.0;   3.1;-999;-999;-999;-999;-999;-999;-999;-999;-999;-999;-999;-999;-999;eor
       6103;20200312;    3;   9.3;   3.0;-999;-999;-999;-999;-999;-999;-999;-999;-999;-999;-999;-999;-999;eor
       6103;20200313;    3;   9.6;   3.3;-999;-999;-999;-999;-999;-999;-999;-999;-999;-999;-999;-999;-999;eor
       6103;20200314;    3;   8.4;   2.3;-999;-999;-999;-999;-999;-999;-999;-999;-999;-999;-999;-999;-999;eor
       6103;20200315;    3;  14.7;   6.3;-999;-999;-999;-999;-999;-999;-999;-999;-999;-999;-999;-999;-999;eor
       6103;20200316;    3;  14.5;   5.2;-999;-999;-999;-999;-999;-999;-999;-999;-999;-999;-999;-999;-999;eor
       6103;20200317;    3;   8.2;   3.0;-999;-999;-999;-999;-999;-999;-999;-999;-999;-999;-999;-999;-999;eor
       6103;20200318;    3;   9.2;   3.0;-999;-999;-999;-999;-999;-999;-999;-999;-999;-999;-999;-999;-999;eor
       6103;20200319;    3;  10.0;   3.9;-999;-999;-999;-999;-999;-999;-999;-999;-999;-999;-999;-999;-999;eor
       6103;20200320;    3;  10.2;   4.3;-999;-999;-999;-999;-999;-999;-999;-999;-999;-999;-999;-999;-999;eor
       6103;20200321;    3;   6.6;   2.7;-999;-999;-999;-999;-999;-999;-999;-999;-999;-999;-999;-999;-999;eor
       6103;20200322;    3;   8.8;   2.9;-999;-999;-999;-999;-999;-999;-999;-999;-999;-999;-999;-999;-999;eor
       6103;20200323;    3;   9.8;   2.5;-999;-999;-999;-999;-999;-999;-999;-999;-999;-999;-999;-999;-999;eor
       6103;20200324;    3;  10.7;   2.9;-999;-999;-999;-999;-999;-999;-999;-999;-999;-999;-999;-999;-999;eor
       6103;20200325;    3;   9.8;   2.5;-999;-999;-999;-999;-999;-999;-999;-999;-999;-999;-999;-999;-999;eor
       6103;20200326;    3;  11.0;   3.6;-999;-999;-999;-999;-999;-999;-999;-999;-999;-999;-999;-999;-999;eor
       6103;20200327;    3;  12.8;   4.6;-999;-999;-999;-999;-999;-999;-999;-999;-999;-999;-999;-999;-999;eor
       6103;20200328;    3;   9.6;   3.3;-999;-999;-999;-999;-999;-999;-999;-999;-999;-999;-999;-999;-999;eor
       6103;20200329;    1;   9.1;   3.4;-999;-999;-999;-999;-999;-999;-999;-999;-999;-999;-999;-999;-999;eor
       6103;20200330;    1;   9.1;   3.6;-999;-999;-999;-999;-999;-999;-999;-999;-999;-999;-999;-999;-999;eor
       6103;20200331;    1;   8.4;   2.1;-999;-999;-999;-999;-999;-999;-999;-999;-999;-999;-999;-999;-999;eor
       6103;20200401;    1;  10.9;   4.3;-999;-999;-999;-999;-999;-999;-999;-999;-999;-999;-999;-999;-999;eor
       6103;20200402;    1;   8.8;   3.2;-999;-999;-999;-999;-999;-999;-999;-999;-999;-999;-999;-999;-999;eor
       6103;20200403;    1;   9.1;   2.5;-999;-999;-999;-999;-999;-999;-999;-999;-999;-999;-999;-999;-999;eor
       6103;20200404;    1;   8.9;   2.3;-999;-999;-999;-999;-999;-999;-999;-999;-999;-999;-999;-999;-999;eor
       6103;20200405;    1;  10.5;   4.5;-999;-999;-999;-999;-999;-999;-999;-999;-999;-999;-999;-999;-999;eor
       6103;20200406;    1;  11.7;   4.4;-999;-999;-999;-999;-999;-999;-999;-999;-999;-999;-999;-999;-999;eor
       6103;20200407;    1;  10.0;   2.8;-999;-999;-999;-999;-999;-999;-999;-999;-999;-999;-999;-999;-999;eor
       6103;20200408;    1;  11.5;   4.6;-999;-999;-999;-999;-999;-999;-999;-999;-999;-999;-999;-999;-999;eor
       6103;20200409;    1;   7.9;   2.7;-999;-999;-999;-999;-999;-999;-999;-999;-999;-999;-999;-999;-999;eor
       6103;20200410;    1;   7.8;   2.9;-999;-999;-999;-999;-999;-999;-999;-999;-999;-999;-999;-999;-999;eor
       6103;20200411;    1;   8.5;   2.9;-999;-999;-999;-999;-999;-999;-999;-999;-999;-999;-999;-999;-999;eor
       6103;20200412;    1;   9.2;   3.7;-999;-999;-999;-999;-999;-999;-999;-999;-999;-999;-999;-999;-999;eor
       6103;20200413;    1;  14.3;   3.4;-999;-999;-999;-999;-999;-999;-999;-999;-999;-999;-999;-999;-999;eor
       6103;20200414;    1;   8.1;   3.4;-999;-999;-999;-999;-999;-999;-999;-999;-999;-999;-999;-999;-999;eor
       6103;20200415;    1;  11.8;   4.3;-999;-999;-999;-999;-999;-999;-999;-999;-999;-999;-999;-999;-999;eor
       6103;20200416;    1;  12.1;   4.6;-999;-999;-999;-999;-999;-999;-999;-999;-999;-999;-999;-999;-999;eor
       6103;20200417;    1;   9.1;   3.6;-999;-999;-999;-999;-999;-999;-999;-999;-999;-999;-999;-999;-999;eor
       6103;20200418;    1;   9.0;   3.2;-999;-999;-999;-999;-999;-999;-999;-999;-999;-999;-999;-999;-999;eor
       6103;20200419;    1;   7.8;   2.4;-999;-999;-999;-999;-999;-999;-999;-999;-999;-999;-999;-999;-999;eor
       6103;20200420;    1;   6.6;   2.3;-999;-999;-999;-999;-999;-999;-999;-999;-999;-999;-999;-999;-999;eor
       6103;20200421;    1;   9.9;   3.4;-999;-999;-999;-999;-999;-999;-999;-999;-999;-999;-999;-999;-999;eor
       6103;20200422;    1;  11.4;   3.7;-999;-999;-999;-999;-999;-999;-999;-999;-999;-999;-999;-999;-999;eor
       6103;20200423;    1;  10.8;   3.7;-999;-999;-999;-999;-999;-999;-999;-999;-999;-999;-999;-999;-999;eor
       6103;20200424;    1;   8.6;   2.9;-999;-999;-999;-999;-999;-999;-999;-999;-999;-999;-999;-999;-999;eor
       6103;20200425;    1;   8.5;   2.3;-999;-999;-999;-999;-999;-999;-999;-999;-999;-999;-999;-999;-999;eor
       6103;20200426;    1;   8.2;   2.6;-999;-999;-999;-999;-999;-999;-999;-999;-999;-999;-999;-999;-999;eor
       6103;20200427;    1;   9.9;   2.5;-999;-999;-999;-999;-999;-999;-999;-999;-999;-999;-999;-999;-999;eor
       6103;20200428;    1;  12.3;   3.6;-999;-999;-999;-999;-999;-999;-999;-999;-999;-999;-999;-999;-999;eor
       6103;20200429;    1;   9.1;   2.1;-999;-999;-999;-999;-999;-999;-999;-999;-999;-999;-999;-999;-999;eor
       6103;20200430;    1;  10.5;   4.8;-999;-999;-999;-999;-999;-999;-999;-999;-999;-999;-999;-999;-999;eor
       6103;20200501;    1;   9.4;   2.5;-999;-999;-999;-999;-999;-999;-999;-999;-999;-999;-999;-999;-999;eor
       6103;20200502;    1;   9.3;   2.4;-999;-999;-999;-999;-999;-999;-999;-999;-999;-999;-999;-999;-999;eor
       6103;20200503;    1;   6.2;   1.9;-999;-999;-999;-999;-999;-999;-999;-999;-999;-999;-999;-999;-999;eor
       6103;20200504;    1;   8.5;   2.9;-999;-999;-999;-999;-999;-999;-999;-999;-999;-999;-999;-999;-999;eor
       6103;20200505;    1;   6.4;   2.7;-999;-999;-999;-999;-999;-999;-999;-999;-999;-999;-999;-999;-999;eor
       6103;20200506;    1;   8.8;   3.1;-999;-999;-999;-999;-999;-999;-999;-999;-999;-999;-999;-999;-999;eor
       6103;20200507;    1;   9.2;   2.7;-999;-999;-999;-999;-999;-999;-999;-999;-999;-999;-999;-999;-999;eor
       6103;20200508;    1;  10.5;   3.6;-999;-999;-999;-999;-999;-999;-999;-999;-999;-999;-999;-999;-999;eor
       6103;20200509;    1;  11.1;   3.2;-999;-999;-999;-999;-999;-999;-999;-999;-999;-999;-999;-999;-999;eor
       6103;20200510;    1;  12.3;   4.5;-999;-999;-999;-999;-999;-999;-999;-999;-999;-999;-999;-999;-999;eor
       6103;20200511;    1;  18.4;   6.4;-999;-999;-999;-999;-999;-999;-999;-999;-999;-999;-999;-999;-999;eor
       6103;20200512;    1;   8.5;   2.9;-999;-999;-999;-999;-999;-999;-999;-999;-999;-999;-999;-999;-999;eor
       6103;20200513;    1;  10.5;   2.7;-999;-999;-999;-999;-999;-999;-999;-999;-999;-999;-999;-999;-999;eor
       6103;20200514;    1;   7.8;   2.9;-999;-999;-999;-999;-999;-999;-999;-999;-999;-999;-999;-999;-999;eor
       6103;20200515;    1;   6.4;   2.6;-999;-999;-999;-999;-999;-999;-999;-999;-999;-999;-999;-999;-999;eor
       6103;20200516;    1;   8.5;   2.2;-999;-999;-999;-999;-999;-999;-999;-999;-999;-999;-999;-999;-999;eor
       6103;20200517;    1;   9.0;   2.5;-999;-999;-999;-999;-999;-999;-999;-999;-999;-999;-999;-999;-999;eor
       6103;20200518;    1;   9.6;   3.1;-999;-999;-999;-999;-999;-999;-999;-999;-999;-999;-999;-999;-999;eor
       6103;20200519;    1;   9.7;   3.0;-999;-999;-999;-999;-999;-999;-999;-999;-999;-999;-999;-999;-999;eor
       6103;20200520;    1;   7.4;   2.4;-999;-999;-999;-999;-999;-999;-999;-999;-999;-999;-999;-999;-999;eor
       6103;20200521;    1;   8.3;   2.5;-999;-999;-999;-999;-999;-999;-999;-999;-999;-999;-999;-999;-999;eor
       6103;20200522;    1;   9.7;   3.1;-999;-999;-999;-999;-999;-999;-999;-999;-999;-999;-999;-999;-999;eor
       6103;20200523;    1;  18.0;   3.6;-999;-999;-999;-999;-999;-999;-999;-999;-999;-999;-999;-999;-999;eor
       6103;20200524;    1;   9.5;   2.7;-999;-999;-999;-999;-999;-999;-999;-999;-999;-999;-999;-999;-999;eor
       6103;20200525;    1;  10.9;   3.3;-999;-999;-999;-999;-999;-999;-999;-999;-999;-999;-999;-999;-999;eor
       6103;20200526;    1;   9.5;   3.1;-999;-999;-999;-999;-999;-999;-999;-999;-999;-999;-999;-999;-999;eor
       6103;20200527;    1;   9.9;   3.0;-999;-999;-999;-999;-999;-999;-999;-999;-999;-999;-999;-999;-999;eor
       6103;20200528;    1;   9.9;   2.0;-999;-999;-999;-999;-999;-999;-999;-999;-999;-999;-999;-999;-999;eor
       6103;20200529;    1;   6.7;   1.8;-999;-999;-999;-999;-999;-999;-999;-999;-999;-999;-999;-999;-999;eor
       6103;20200530;    1;   8.9;   2.3;-999;-999;-999;-999;-999;-999;-999;-999;-999;-999;-999;-999;-999;eor
       6103;20200531;    1;   9.1;   2.6;-999;-999;-999;-999;-999;-999;-999;-999;-999;-999;-999;-999;-999;eor
       6103;20200601;    1;   9.9;   3.3;-999;-999;-999;-999;-999;-999;-999;-999;-999;-999;-999;-999;-999;eor
       6103;20200602;    1;   9.6;   3.0;-999;-999;-999;-999;-999;-999;-999;-999;-999;-999;-999;-999;-999;eor
       6103;20200603;    1;   9.0;   3.1;-999;-999;-999;-999;-999;-999;-999;-999;-999;-999;-999;-999;-999;eor
       6103;20200604;    1;   9.6;   2.8;-999;-999;-999;-999;-999;-999;-999;-999;-999;-999;-999;-999;-999;eor
       6103;20200605;    1;   9.0;   2.6;-999;-999;-999;-999;-999;-999;-999;-999;-999;-999;-999;-999;-999;eor
       6103;20200606;    1;   8.7;   2.8;-999;-999;-999;-999;-999;-999;-999;-999;-999;-999;-999;-999;-999;eor
       6103;20200607;    1;   8.6;   2.1;-999;-999;-999;-999;-999;-999;-999;-999;-999;-999;-999;-999;-999;eor
       6103;20200608;    1;   6.3;   1.8;-999;-999;-999;-999;-999;-999;-999;-999;-999;-999;-999;-999;-999;eor
       6103;20200609;    1;   6.8;   1.9;-999;-999;-999;-999;-999;-999;-999;-999;-999;-999;-999;-999;-999;eor
