STATIONS_ID;MESS_DATUM;QN_3;  FX;  FM;QN_4; RSK;RSKF; SDK;SHK_TAG;  NM; VPM;  PM; TMK; UPM; TXK; TNK; TGK;eor
       2667;20181208;   10;  16.3;   6.3;    3;  13.1;   6;    0.000;   0;   6.7;   8.6;  992.51;    8.2;   78.88;   10.7;    6.0;    3.7;eor
       2667;20181209;   10;  18.7;   6.5;    3;   6.4;   6;    0.017;   0;   7.2;   8.9;  991.30;    7.9;   83.58;   10.6;    5.9;    4.6;eor
       2667;20181210;   10;  11.3;   4.8;    3;   0.7;   6;    0.150;   0;   5.9;   7.4; 1008.98;    5.0;   84.96;    6.2;    3.0;    1.4;eor
       2667;20181211;   10;  12.3;   2.7;    3;   1.9;   6;    0.833;   0;   6.2;   7.1; 1011.78;    3.8;   89.38;    7.1;    1.0;   -1.4;eor
       2667;20181212;   10;   6.7;   1.6;    3;   0.0;   6;    3.217;   0;   5.6;   6.4; 1012.61;    2.5;   87.29;    7.6;   -0.3;   -2.4;eor
       2667;20181213;   10;  10.6;   3.2;    3;   0.0;   0;    6.050;   0;   2.8;   4.9; 1008.72;    1.0;   75.46;    3.6;   -1.3;   -4.0;eor
       2667;20181214;   10;   8.4;   2.5;    3;   0.0;   0;    0.000;   0;   7.7;   4.3; 1010.72;    1.2;   65.13;    1.9;    0.1;   -0.5;eor
       2667;20181215;   10;  13.7;   5.1;    3;   0.4;   7;    0.000;   0;   7.1;   4.0; 1011.32;    0.3;   64.75;    1.1;   -0.6;   -1.7;eor
       2667;20181216;   10;  10.8;   4.6;    3;   0.5;   8;    0.000;   1;   7.3;   5.3; 1000.90;    0.1;   84.83;    1.7;   -1.9;   -1.9;eor
       2667;20181217;   10;   8.6;   3.7;    3;   3.4;   6;    0.083;   0;   6.2;   7.5; 1007.61;    4.6;   88.13;    8.2;    0.9;   -0.2;eor
       2667;20181218;   10;  13.4;   4.8;    3;   0.1;   6;    3.133;   0;   5.3;   7.1; 1009.52;    4.8;   82.63;    7.3;    2.6;    0.4;eor
       2667;20181219;   10;   9.8;   4.2;    3;   0.7;   6;    1.950;   0;   7.0;   8.1; 1001.00;    7.5;   77.63;   11.8;    4.9;    3.7;eor
       2667;20181220;   10;   8.2;   3.9;    3;   4.4;   6;    0.417;   0;   7.3;   8.6; 1001.00;    7.6;   82.50;    9.8;    5.0;    3.9;eor
       2667;20181221;   10;  17.7;   6.2;    3;  10.9;   6;    0.000;   0;   7.5;   9.9;  994.64;   10.5;   77.54;   14.7;    7.4;    6.2;eor
       2667;20181222;   10;  13.4;   4.7;    3;   0.3;   6;    0.150;   0;   6.9;   9.6; 1002.35;    9.9;   79.04;   11.5;    7.2;    5.5;eor
       2667;20181223;   10;  11.3;   2.7;    3;  15.7;   6;    0.000;   0;   7.8;   9.8; 1006.18;    7.8;   92.13;   10.5;    5.9;    5.0;eor
       2667;20181224;   10;  11.5;   3.9;    3;   0.0;   6;    2.267;   0;   5.3;   7.1; 1016.92;    3.7;   88.08;    6.8;   -2.0;   -3.8;eor
       2667;20181225;   10;   6.3;   1.6;    3;   0.0;   0;    0.650;   0;   6.1;   6.1; 1023.51;    2.5;   84.29;    5.9;   -2.7;   -4.3;eor
       2667;20181226;   10;   3.4;   1.8;    3;   0.0;   0;    2.833;   0;   3.3;   5.1; 1020.70;   -0.3;   85.58;    3.8;   -4.9;   -6.0;eor
       2667;20181227;   10;   3.6;   1.8;    3;   0.0;   0;    1.317;   0;   6.3;   5.6; 1015.36;    2.2;   79.04;    5.7;   -2.1;   -3.8;eor
       2667;20181228;   10;   4.1;   1.3;    3;   0.0;   6;    6.200;   0;   4.2;   5.6; 1017.53;    1.2;   84.88;    5.1;   -2.7;   -4.6;eor
       2667;20181229;   10;  14.2;   2.8;    3;   4.4;   6;    0.000;   0;   7.9;   7.9; 1018.79;    4.6;   91.83;    8.7;    1.8;    1.6;eor
       2667;20181230;   10;  13.5;   4.1;    3;   4.0;   6;    0.017;   0;   7.7;   8.8; 1020.37;    7.5;   84.42;    8.3;    6.7;    6.4;eor
       2667;20181231;   10;   6.3;   2.2;    3;   0.8;   6;    0.000;   0;   8.0;  10.8; 1021.33;    8.5;   97.58;    9.3;    7.7;    6.6;eor
       2667;20190101;   10;  15.6;   5.3;    3;   1.8;   6;    0.000;   0;   7.6;   8.7; 1017.51;    6.7;   88.13;    8.2;    3.4;    2.4;eor
       2667;20190102;   10;  12.9;   5.3;    3;   0.1;   8;    1.250;   0;   4.9;   5.8; 1022.58;    3.2;   74.83;    6.3;   -2.2;   -4.8;eor
       2667;20190103;   10;   7.7;   2.5;    3;   1.4;   8;    0.233;   0;   7.0;   6.6; 1026.23;    2.0;   92.75;    5.1;   -2.0;   -3.8;eor
       2667;20190104;   10;  11.1;   3.1;    3;   2.5;   6;    0.000;   0;   7.6;   7.0; 1024.54;    2.7;   94.75;    4.4;    0.6;   -1.3;eor
       2667;20190105;   10;  13.7;   6.1;    3;   2.0;   6;    0.000;   0;   8.0;   8.7; 1018.63;    5.5;   96.13;    6.5;    3.5;    3.2;eor
       2667;20190106;   10;  11.3;   4.5;    3;   1.5;   6;    0.000;   0;   8.0;   8.4; 1020.60;    5.0;   95.50;    5.6;    4.5;    3.7;eor
       2667;20190107;   10;  11.3;   2.1;    3;   7.9;   6;    0.000;   0;   7.7;   8.2; 1018.70;    4.7;   95.63;    7.7;    1.7;    0.5;eor
       2667;20190108;   10;  22.8;   7.9;    3;   8.5;   6;    0.433;   0;   6.8;   7.9; 1004.35;    6.2;   83.17;    8.4;    3.6;    2.9;eor
       2667;20190109;   10;  14.2;   6.2;    3;   5.7;   8;    1.417;   0;   6.0;   6.1; 1005.94;    3.1;   79.96;    5.3;    0.6;   -0.3;eor
       2667;20190110;   10;   6.7;   3.1;    3;   1.5;   8;    0.017;   0;   7.5;   5.5; 1013.82;    1.1;   83.08;    2.7;    0.1;   -1.1;eor
       2667;20190111;   10;  11.3;   2.9;    3;   2.7;   8;    0.000;   0;   8.0;   7.8; 1012.22;    3.6;   97.58;    6.8;    0.5;    0.3;eor
       2667;20190112;   10;  12.3;   5.0;    3;   7.7;   6;    0.000;   0;   7.9;   8.6; 1006.82;    6.1;   91.46;    7.2;    5.2;    4.3;eor
       2667;20190113;   10;  15.8;   5.7;    3;  22.3;   6;    0.000;   0;   7.6;   9.9;  995.24;    7.7;   93.83;    8.8;    5.9;    5.2;eor
       2667;20190114;   10;  17.1;   5.2;    3;   3.7;   8;    1.367;   0;   6.1;   7.4; 1001.35;    4.4;   87.58;    7.0;    1.5;   -0.5;eor
       2667;20190115;   10;  11.1;   3.9;    3;   0.1;   6;    0.000;   0;   7.2;   7.2; 1007.25;    4.8;   83.79;    7.3;    0.0;   -1.7;eor
       2667;20190116;   10;  10.5;   3.8;    3;   0.6;   6;    0.000;   0;   7.8;   6.9;  998.76;    5.4;   76.79;    6.4;    2.3;    0.2;eor
       2667;20190117;   10;  13.7;   4.5;    3;   1.5;   8;    0.000;   0;   7.5;   7.0;  993.58;    4.2;   84.75;    6.8;    1.3;    0.5;eor
       2667;20190118;   10;   7.4;   2.6;    3;   0.0;   0;    4.217;   0;   5.7;   5.4; 1007.10;    0.5;   86.00;    3.3;   -3.1;   -4.4;eor
       2667;20190119;   10;   8.7;   3.4;    3;   0.0;   0;    6.150;   0;   3.2;   4.2; 1004.82;   -0.9;   74.67;    3.4;   -4.7;   -6.9;eor
       2667;20190120;   10;   5.7;   2.0;    3;   0.0;   0;    7.100;   0;   0.5;   3.6; 1005.39;   -3.1;   75.46;    1.7;   -6.8;   -9.4;eor
       2667;20190121;   10;   3.6;   1.8;    3;   0.0;   0;    7.167;   0;   0.5;   3.4; 1009.97;   -5.0;   82.33;    1.2;  -10.7;  -11.8;eor
       2667;20190122;   10;  11.3;   4.9;    3;   0.3;   7;    3.800;   0;   6.1;   3.8;  996.93;   -3.4;   78.79;   -1.2;   -6.1;   -8.0;eor
       2667;20190123;   10;   8.1;   3.6;    3;   0.0;   7;    0.083;   0;   7.7;   4.1;  988.82;   -2.0;   77.17;   -0.8;   -2.9;   -4.0;eor
       2667;20190124;   10;   5.7;   1.9;    3;   0.2;   7;    0.000;   0;   7.8;   3.9;  998.85;   -3.1;   80.79;   -2.1;   -3.9;   -4.1;eor
       2667;20190125;   10;   8.7;   2.3;    3;   5.4;   8;    0.467;   0;   7.8;   5.1; 1002.31;   -0.4;   84.17;    2.8;   -3.0;   -3.2;eor
       2667;20190126;   10;  11.7;   4.4;    3;   1.3;   6;    0.000;   0;   8.0;   8.2;  994.48;    5.9;   87.88;    8.1;    2.0;    1.6;eor
       2667;20190127;   10;  13.4;   5.1;    3;   6.4;   6;    0.000;   0;   7.6;   7.7;  977.41;    5.7;   83.33;    8.2;    2.7;    1.2;eor
       2667;20190128;   10;  17.0;   6.6;    3;   5.1;   8;    0.000;   0;   7.5;   6.6;  983.81;    2.9;   88.38;    3.8;    1.6;    0.8;eor
       2667;20190129;   10;   9.6;   3.5;    3;   0.0;   0;    3.400;   0;   7.2;   5.5;  992.45;    2.0;   78.92;    4.9;    0.4;   -2.3;eor
       2667;20190130;   10;  10.8;   3.3;    3;   8.7;   7;    0.000;   0;   7.7;   5.5;  981.96;    0.2;   88.21;    1.4;   -1.0;   -2.3;eor
       2667;20190131;   10;   7.4;   2.5;    3;   2.9;   7;    1.083;  11;   5.9;   5.1;  984.27;   -1.1;   90.83;    1.8;   -3.1;   -8.7;eor
       2667;20190201;   10;  10.8;   4.2;    3;   5.6;   6;    3.500;  12;   6.8;   6.2;  978.34;    2.2;   85.75;    5.4;   -0.2;   -1.7;eor
       2667;20190202;   10;   7.5;   2.0;    3;   0.1;   6;    0.000;   3;   8.0;   6.7;  986.13;    1.6;   98.25;    3.2;    0.8;    0.1;eor
       2667;20190203;   10;   9.8;   3.6;    3;   0.0;   0;    1.833;   3;   5.9;   5.9; 1007.23;    1.8;   86.04;    5.1;   -0.3;   -3.4;eor
       2667;20190204;   10;  11.0;   4.0;    3;   0.4;   8;    2.567;   0;   5.6;   5.1; 1015.10;    2.0;   73.92;    5.5;   -1.6;   -3.4;eor
       2667;20190205;   10;   4.6;   2.4;    3;   0.7;   8;    0.000;   0;   7.5;   6.8; 1015.54;    3.0;   88.71;    4.9;    1.5;   -1.0;eor
       2667;20190206;   10;   9.1;   4.0;    3;   2.4;   6;    0.533;   0;   6.9;   5.7; 1011.34;    4.8;   67.75;   10.1;    1.1;   -1.2;eor
       2667;20190207;   10;  11.8;   5.3;    3;   0.1;   6;    2.517;   0;   6.7;   6.9; 1000.73;    6.6;   71.46;   11.0;    3.1;    2.0;eor
       2667;20190208;   10;  14.7;   5.3;    3;   0.1;   6;    0.000;   0;   7.2;   7.8;  999.94;    7.3;   75.96;    9.0;    4.1;    2.4;eor
       2667;20190209;   10;  18.7;   6.6;    3;   1.1;   6;    1.367;   0;   6.8;   7.6;  995.11;    8.6;   67.83;   11.3;    6.8;    4.8;eor
       2667;20190210;   10;  17.1;   6.4;    3;  12.3;   6;    0.000;   0;   7.9;   8.7;  985.75;    7.6;   82.92;   10.4;    3.5;    3.0;eor
       2667;20190211;   10;  12.7;   4.6;    3;   1.6;   8;    0.350;   0;   5.5;   7.1; 1006.72;    3.8;   87.71;    6.7;   -0.1;   -2.3;eor
       2667;20190212;   10;   7.7;   1.7;    3;   0.0;   0;    0.283;   0;   5.6;   6.3; 1022.11;    2.6;   85.79;    7.7;   -0.4;   -3.0;eor
       2667;20190213;   10;   4.6;   2.2;    3;   0.0;   0;    6.500;   0;   5.1;   6.1; 1024.55;    3.1;   80.04;    8.3;   -3.4;   -4.3;eor
       2667;20190214;   10;   5.1;   2.7;    3;   0.0;   0;    8.700;   0;   3.8;   5.4; 1023.57;    5.8;   63.17;   14.9;   -3.5;   -5.7;eor
       2667;20190215;   10;   9.6;   4.1;    3;   0.0;   0;    8.850;   0;   0.3;   5.7; 1019.65;    9.4;   49.29;   16.7;    4.4;   -0.4;eor
       2667;20190216;   10;   6.7;   2.6;    3;   0.0;   0;    8.800;   0;   1.7;   6.3; 1014.54;    8.9;   57.88;   17.7;    1.7;   -1.6;eor
       2667;20190217;   10;   8.7;   3.7;    3;   0.0;   0;    8.933;   0;   4.6;   6.6; 1010.53;    8.7;   61.58;   16.2;    0.2;   -2.5;eor
       2667;20190218;   10;  11.1;   3.6;    3;   0.2;   6;    8.950;   0;   2.5;   6.3; 1006.66;    8.7;   57.63;   17.0;    0.8;   -3.1;eor
       2667;20190219;   10;  11.0;   3.1;    3;   0.2;   6;    5.033;   0;   5.4;   7.4; 1007.69;    7.7;   71.00;   12.8;    2.9;   -1.1;eor
       2667;20190220;   10;   6.2;   2.1;    3;   0.0;   0;    3.483;   0;   5.3;   7.1; 1011.75;    6.3;   74.58;   12.6;    2.0;   -1.3;eor
       2667;20190221;   10;   8.2;   2.3;    3;   0.6;   6;    1.300;   0;   6.4;   8.7; 1015.76;    8.5;   77.46;   13.9;    2.2;    0.2;eor
       2667;20190222;   10;   5.8;   2.4;    3;   0.0;   6;    1.883;   0;   5.6;  10.1; 1023.30;    9.6;   85.13;   13.4;    5.6;    1.9;eor
       2667;20190223;   10;  12.0;   4.2;    3;   0.0;   0;    8.483;   0;   3.3;   6.0; 1026.45;    6.3;   64.92;   10.9;    1.4;   -1.1;eor
       2667;20190224;   10;   8.2;   3.0;    3;   0.0;   0;    9.467;   0;   0.8;   3.7; 1025.88;    7.5;   39.33;   15.5;   -0.1;   -3.1;eor
       2667;20190225;   10;   6.7;   2.4;    3;   0.0;   0;    9.533;   0;   1.7;   5.1; 1025.50;    9.3;   45.17;   18.4;   -0.1;   -3.2;eor
       2667;20190226;   10;   4.1;   1.7;    3;   0.0;   0;    9.617;   0;   2.3;   7.0; 1022.15;    9.1;   64.25;   19.7;   -1.1;   -3.3;eor
       2667;20190227;   10;   5.0;   1.9;    3;   0.0;   0;    9.650;   0;   0.5;   6.0; 1014.08;   10.0;   55.42;   21.0;    0.2;   -3.2;eor
       2667;20190228;   10;  14.6;   3.4;    3;   4.6;   6;    5.217;   0;   4.3;   8.3; 1005.22;    8.3;   75.75;   16.6;   -0.1;   -2.7;eor
       2667;20190301;   10;  10.8;   3.3;    3;   0.5;   6;    0.000;   0;   8.0;   9.4; 1003.40;    7.2;   92.08;    9.1;    4.9;    4.3;eor
       2667;20190302;   10;   8.4;   2.7;    3;   0.8;   6;    0.333;   0;   7.5;   9.0; 1003.68;    7.7;   86.08;   11.3;    4.8;    4.3;eor
       2667;20190303;   10;  14.4;   5.6;    3;   1.1;   6;    0.000;   0;   7.4;   9.8;  996.38;   10.8;   75.25;   12.5;    8.2;    6.4;eor
       2667;20190304;   10;  23.8;   8.0;    3;   2.0;   6;    1.667;   0;   6.5;   8.2;  985.16;    9.8;   67.13;   13.2;    5.8;    4.4;eor
       2667;20190305;   10;  16.6;   4.5;    3;   1.4;   6;    1.483;   0;   6.3;   7.2;  995.31;    6.2;   75.75;   10.5;    2.9;    1.0;eor
       2667;20190306;   10;  14.6;   5.7;    3;   0.7;   6;    0.283;   0;   7.4;   8.6;  990.66;   10.2;   70.42;   14.0;    5.9;    5.0;eor
       2667;20190307;   10;  19.2;   7.0;    3;   2.2;   6;    2.450;   0;   5.8;   8.5;  985.51;   10.0;   69.46;   12.6;    7.0;    5.0;eor
       2667;20190308;   10;  14.7;   5.3;    3;   3.0;   6;    1.217;   0;   6.9;   7.6;  999.57;    7.8;   72.50;   11.4;    5.0;    3.7;eor
       2667;20190309;   10;  21.6;   6.9;    3;   3.8;   6;    1.100;   0;   7.4;   8.7; 1000.32;    9.8;   72.21;   15.0;    7.3;    6.0;eor
       2667;20190310;   10;  28.8;   7.0;    3;   9.7;   8;    2.150;   0;   6.6;   8.2;  996.56;    7.9;   76.83;   13.8;    0.8;   -0.4;eor
       2667;20190311;   10;  19.2;   6.5;    3;   2.2;   8;    2.567;   0;   6.4;   6.5; 1006.95;    4.4;   78.08;    8.2;    1.2;    0.2;eor
       2667;20190312;   10;  20.2;   5.8;    3;   0.2;   6;    0.833;   0;   7.5;   5.9; 1003.03;    6.4;   64.25;   10.6;    0.4;   -2.0;eor
       2667;20190313;   10;  20.1;   6.7;    3;   7.5;   8;    0.000;   0;   6.8;   7.2;  994.93;    5.9;   77.17;    7.7;    3.9;    3.0;eor
       2667;20190314;   10;  18.5;   6.0;    3;  13.9;   8;    0.250;   0;   7.0;   8.2;  992.77;    6.6;   83.83;    9.9;    4.9;    3.9;eor
       2667;20190315;   10;  16.8;   5.8;    3;  18.2;   6;    0.000;   0;   7.3;  10.2;  994.62;    9.2;   86.46;   12.5;    6.3;    4.8;eor
       2667;20190316;   10;  13.9;   4.2;    3;   2.3;   6;    0.033;   0;   6.7;   9.7;  996.88;    9.3;   83.17;   11.7;    5.8;    4.0;eor
       2667;20190317;   10;  15.6;   5.5;    3;   2.3;   6;    1.900;   0;   6.4;   7.6;  993.02;    7.5;   73.50;   12.3;    1.3;   -0.3;eor
       2667;20190318;   10;  15.3;   3.6;    3;   0.4;   6;    4.200;   0;   3.7;   6.5; 1006.18;    4.8;   76.83;    9.6;    0.1;   -2.9;eor
       2667;20190319;   10;   7.2;   1.9;    3;   0.0;   0;    9.317;   0;   1.3;   5.8; 1016.60;    3.9;   74.21;   11.3;   -2.8;   -4.9;eor
       2667;20190320;   10;   5.0;   2.3;    3;   0.0;   0;    4.350;   0;   4.1;   6.8; 1021.87;    6.2;   72.96;   13.9;   -2.4;   -3.9;eor
       2667;20190321;   10;   4.6;   1.9;    3;   0.0;   0;   11.033;   0;   2.5;   7.5; 1021.80;    9.0;   69.54;   17.8;   -0.5;   -1.7;eor
       2667;20190322;   10;   9.6;   2.9;    3;   0.0;   0;   10.750;   0;   3.3;   7.8; 1017.38;   11.6;   62.83;   20.3;    1.7;   -0.7;eor
       2667;20190323;   10;   6.7;   2.3;    3;   0.0;   6;    0.117;   0;   6.7;   8.7; 1017.56;    8.4;   79.50;   11.8;    3.2;    0.1;eor
       2667;20190324;   10;  10.3;   2.7;    3;   0.2;   6;    5.000;   0;   5.1;   7.7; 1014.54;    7.8;   73.96;   13.5;    2.7;   -0.8;eor
       2667;20190325;   10;  19.7;   6.1;    3;   2.3;   6;    3.000;   0;   5.7;   7.3; 1011.27;    6.3;   76.46;    9.8;    2.3;   -0.8;eor
       2667;20190326;   10;   9.3;   3.8;    3;   0.0;   0;    0.067;   0;   7.4;   7.0; 1019.04;    6.7;   71.38;    8.7;    4.9;    2.9;eor
       2667;20190327;   10;   7.2;   2.0;    3;   0.0;   0;    1.500;   0;   6.5;   7.3; 1021.26;    6.9;   75.33;   11.4;    1.4;   -1.0;eor
       2667;20190328;   10;   6.7;   2.0;    3;   0.0;   0;    0.467;   0;   6.2;   7.9; 1022.86;    8.1;   74.38;   13.1;    3.5;    0.7;eor
       2667;20190329;   10;   8.2;   2.7;    3;   0.0;   0;   11.533;   0;   0.3;   8.3; 1018.17;   10.5;   68.50;   18.5;    0.3;   -1.7;eor
       2667;20190330;   10;   9.9;   3.3;    3;   0.0;   0;   11.617;   0;   0.7;   7.9; 1010.45;   11.9;   60.83;   20.4;    1.0;   -0.8;eor
       2667;20190331;   10;  10.1;   3.1;    3;   0.0;   0;    9.300;   0;   2.9;   8.2; 1010.57;    8.8;   73.38;   16.3;    1.0;   -0.3;eor
       2667;20190401;   10;   8.4;   2.5;    3;   0.0;   0;   11.817;   0;   0.7;   7.0; 1008.23;    9.6;   61.58;   17.6;   -0.4;   -2.6;eor
       2667;20190402;   10;  13.0;   3.6;    3;   1.8;   6;    0.783;   0;   6.0;   8.7;  995.99;   11.0;   66.21;   16.4;    6.5;    2.3;eor
       2667;20190403;   10;   7.9;   2.6;    3;   3.9;   6;    0.000;   0;   7.8;   8.9;  990.65;    7.4;   86.58;   10.1;    5.2;    4.4;eor
       2667;20190404;   10;   4.6;   2.0;    3;   1.7;   6;    0.000;   0;   7.5;   8.1;  989.64;    5.5;   89.42;    7.3;    2.4;    0.9;eor
       2667;20190405;   10;   5.1;   2.0;    3;   0.0;   6;    0.000;   0;   7.7;   8.3;  994.12;    6.5;   85.83;    9.1;    2.6;    1.9;eor
       2667;20190406;   10;  10.3;   3.0;    3;   0.0;   0;    4.050;   0;   6.7;   9.7;  992.95;   11.0;   75.79;   17.1;    5.8;    3.8;eor
       2667;20190407;   10;  10.1;   2.9;    3;   0.0;   0;    9.650;   0;   3.7;   9.4;  993.34;   13.1;   66.83;   20.8;    4.0;    2.2;eor
       2667;20190408;   10;  13.9;   2.1;    3;   0.0;   6;    3.583;   0;   5.5;  10.9;  997.71;   11.4;   81.04;   18.0;    4.6;    2.9;eor
       2667;20190409;   10;  10.3;   2.6;    3;  10.3;   6;    2.500;   0;   6.8;  11.1;  998.73;   12.2;   79.33;   18.3;    7.4;    6.6;eor
       2667;20190410;   10;  11.5;   3.7;    3;   0.0;   0;    9.933;   0;   3.3;   7.0; 1002.72;    9.1;   62.54;   15.0;    2.6;    0.1;eor
       2667;20190411;   10;  11.3;   3.4;    3;   0.0;   0;   12.367;   0;   0.3;   5.0; 1009.55;    6.1;   56.63;   12.7;   -2.2;   -4.1;eor
       2667;20190412;   10;   7.9;   3.0;    3;   0.0;   0;    0.000;   0;   7.3;   5.0; 1012.25;    4.1;   61.33;    6.2;    1.6;    0.2;eor
       2667;20190413;   10;  12.0;   3.7;    3;   0.2;   8;    4.800;   0;   5.3;   5.2; 1011.29;    3.2;   69.13;    7.9;   -1.8;   -4.5;eor
       2667;20190414;   10;  12.2;   2.9;    3;   0.0;   0;    7.883;   0;   4.0;   5.7; 1011.66;    5.1;   68.88;   12.8;   -2.3;   -4.2;eor
       2667;20190415;   10;  12.9;   3.7;    3;   0.0;   0;   10.633;   0;   2.9;   7.3; 1010.72;   11.1;   57.88;   19.1;    2.8;    1.6;eor
       2667;20190416;   10;  11.5;   3.9;    3;   1.2;   6;    9.000;   0;   4.1;   7.5; 1005.60;   12.7;   51.67;   19.7;    5.0;    1.4;eor
       2667;20190417;   10;   8.1;   3.3;    3;   0.2;   6;    2.483;   0;   5.9;  10.7; 1009.88;   13.1;   71.79;   18.5;    8.6;    6.5;eor
       2667;20190418;   10;  12.7;   5.4;    3;   0.0;   0;   12.200;   0;   2.8;   7.7; 1012.50;   17.1;   40.88;   23.4;   10.3;    4.8;eor
       2667;20190419;   10;  11.8;   3.6;    3;   0.0;   0;   13.033;   0;   1.0;   7.4; 1015.52;   17.8;   38.33;   24.9;    7.5;    4.9;eor
       2667;20190420;   10;   8.2;   2.6;    3;   0.0;   0;   13.017;   0;   0.0;   8.2; 1015.33;   18.0;   43.54;   25.8;    6.8;    4.2;eor
       2667;20190421;   10;   8.7;   2.1;    3;   0.0;   0;   13.083;   0;   0.0;   7.9; 1007.76;   17.0;   45.04;   25.1;    6.0;    2.7;eor
       2667;20190422;   10;  12.3;   4.9;    3;   0.0;   0;   12.667;   0;   2.7;   7.5;  997.22;   18.1;   39.04;   25.7;    6.1;    3.4;eor
       2667;20190423;   10;  13.0;   4.3;    3;   0.0;   0;    9.083;   0;   6.2;   9.0;  987.95;   16.5;   47.71;   21.7;    7.7;    4.9;eor
       2667;20190424;   10;  19.5;   4.6;    3;  21.4;   6;    7.333;   0;   6.3;  10.6;  989.98;   17.4;   57.25;   25.9;    8.1;    6.6;eor
       2667;20190425;   10;  13.4;   4.8;    3;   0.8;   6;    3.317;   0;   5.8;   9.6;  996.00;   14.3;   61.46;   22.2;    8.1;    6.6;eor
       2667;20190426;   10;  14.9;   2.6;    3;   3.0;   6;    1.900;   0;   6.3;  10.0; 1001.76;   11.7;   74.00;   16.7;    7.0;    6.2;eor
       2667;20190427;   10;  15.8;   3.5;    3;   4.2;   6;    2.233;   0;   6.5;   9.2; 1002.03;    9.1;   79.75;   13.5;    7.3;    5.8;eor
       2667;20190428;   10;   8.2;   2.9;    3;   0.4;   6;    3.400;   0;   5.6;   8.1; 1007.10;    8.6;   72.75;   12.7;    3.1;    1.3;eor
       2667;20190429;   10;  11.0;   3.6;    3;   1.0;   6;    6.983;   0;   4.4;   8.3; 1011.54;    9.1;   74.13;   16.2;    0.6;   -1.0;eor
       2667;20190430;   10;   9.8;   3.7;    3;   0.0;   0;    9.233;   0;   3.6;   9.4; 1009.46;   12.9;   66.04;   19.0;    6.9;    4.9;eor
       2667;20190501;   10;   6.7;   1.9;    3;   0.0;   0;    6.533;   0;   3.4;  10.0; 1005.20;    9.8;   83.46;   15.5;    5.1;    2.9;eor
       2667;20190502;   10;   9.6;   2.4;    3;   4.3;   6;    2.933;   0;   6.6;   9.6;  999.47;    9.9;   80.25;   16.5;    4.3;    2.7;eor
       2667;20190503;   10;  10.5;   4.0;    3;  10.6;   6;    2.767;   0;   6.5;   8.2; 1000.25;    9.1;   72.54;   13.6;    7.1;    6.4;eor
       2667;20190504;   10;  16.5;   4.4;    3;   1.7;   8;    5.467;   0;   5.3;   7.0;  999.35;    5.0;   81.08;   10.3;    1.2;   -0.3;eor
       2667;20190505;   10;  12.5;   3.0;    3;   0.0;   6;    3.967;   0;   4.0;   6.5; 1007.74;    5.4;   74.79;   11.8;   -1.8;   -3.1;eor
       2667;20190506;   10;   8.4;   2.3;    3;   0.4;   6;    0.883;   0;   7.0;   7.3; 1009.36;    6.6;   76.08;   11.2;    1.8;    0.4;eor
       2667;20190507;   10;   6.2;   1.9;    3;   0.0;   6;    1.067;   0;   6.0;   7.5; 1005.47;    8.6;   69.13;   13.0;    4.0;    3.4;eor
       2667;20190508;   10;   9.6;   4.0;    3;   9.0;   6;    0.267;   0;   7.2;   9.8;  990.77;    9.4;   81.67;   11.8;    3.8;    2.6;eor
       2667;20190509;   10;  11.0;   3.2;    3;   7.2;   6;    4.200;   0;   6.3;  10.5;  988.03;   11.2;   79.33;   15.4;    6.5;    5.2;eor
       2667;20190510;   10;   8.2;   2.8;    3;   7.9;   6;    3.267;   0;   6.7;  10.1;  997.68;   11.2;   76.46;   16.2;    8.8;    8.1;eor
       2667;20190511;   10;  12.5;   4.0;    3;   3.0;   6;    2.333;   0;   6.3;   9.8; 1002.80;   10.0;   80.67;   14.7;    4.4;    1.7;eor
       2667;20190512;   10;  11.3;   3.8;    3;   0.0;   0;    5.133;   0;   3.3;   6.9; 1020.65;    8.5;   64.33;   14.7;    1.5;    0.0;eor
       2667;20190513;   10;  12.0;   3.0;    3;   0.0;   0;   14.333;   0;   2.2;   6.0; 1025.17;    9.8;   54.29;   16.6;    0.0;   -1.8;eor
       2667;20190514;   10;   9.8;   3.4;    3;   0.0;   0;   12.300;   0;   2.3;   6.4; 1019.81;   10.6;   52.50;   17.0;    2.9;   -0.6;eor
       2667;20190515;   10;  10.5;   3.1;    3;   0.0;   6;   14.283;   0;   0.7;   5.4; 1013.17;   10.7;   46.67;   17.2;    1.3;   -0.3;eor
       2667;20190516;   10;  11.1;   3.1;    3;   4.7;   6;    2.383;   0;   6.4;   8.3; 1004.88;   10.2;   67.58;   17.0;    4.7;    2.7;eor
       2667;20190517;   10;   7.5;   2.9;    3;   0.9;   6;    1.867;   0;   6.8;  10.8;  995.98;   11.4;   81.21;   17.5;    8.0;    6.5;eor
       2667;20190518;   10;   7.7;   2.4;    3;   1.4;   6;    5.433;   0;   5.6;  12.4;  994.11;   15.7;   71.38;   22.7;    7.7;    6.2;eor
       2667;20190519;   10;  11.3;   2.1;    3;   0.3;   6;    4.250;   0;   6.1;  13.7;  993.57;   15.0;   81.71;   21.6;    9.3;    8.6;eor
       2667;20190520;   10;  12.3;   4.1;    3;   5.4;   6;    0.000;   0;   7.5;  13.3;  995.68;   13.2;   87.71;   15.0;    9.9;    8.1;eor
       2667;20190521;   10;  12.7;   5.7;    3;  10.6;   6;    0.000;   0;   8.0;  13.0; 1001.09;   11.8;   93.83;   12.7;   10.9;   10.6;eor
       2667;20190522;   10;   9.1;   3.4;    3;   0.0;   0;    5.717;   0;   5.8;  10.8; 1007.55;   13.2;   72.33;   18.7;    9.6;    7.4;eor
       2667;20190523;   10;   8.2;   2.1;    3;   0.0;   0;   13.767;   0;   5.3;  10.5; 1006.42;   15.7;   62.08;   23.2;    6.9;    5.0;eor
       2667;20190524;   10;   9.3;   2.7;    3;   0.0;   0;    9.717;   0;   5.9;  10.5; 1003.39;   16.8;   58.46;   24.1;    7.3;    5.5;eor
       2667;20190525;   10;   9.1;   2.8;    3;   0.0;   0;   10.500;   0;   3.7;  10.0; 1005.17;   14.3;   62.21;   20.1;    5.7;    4.5;eor
       2667;20190526;   10;   9.3;   2.9;    3;   3.2;   6;    5.100;   0;   5.5;  12.0; 1002.62;   16.5;   66.00;   21.9;    8.9;    6.4;eor
       2667;20190527;   10;   8.4;   2.7;    3;   0.3;   6;    0.850;   0;   7.5;  12.5;  997.87;   15.1;   73.92;   18.7;   12.1;   10.8;eor
       2667;20190528;   10;  12.3;   3.5;    3;   0.1;   6;    3.567;   0;   6.2;  11.1;  997.84;   12.8;   75.33;   17.6;    9.0;    6.9;eor
       2667;20190529;   10;   6.2;   2.0;    3;   0.0;   6;   14.717;   0;   1.4;   8.4; 1009.03;   13.8;   57.13;   20.0;    4.5;    3.4;eor
       2667;20190530;   10;   7.2;   2.7;    3;   0.2;   6;    0.183;   0;   6.6;  13.0; 1011.88;   15.6;   72.13;   19.1;   10.7;    8.8;eor
       2667;20190531;   10;   9.1;   2.6;    3;   0.0;   0;    7.650;   0;   4.5;  14.0; 1012.93;   18.2;   68.79;   24.3;   12.1;   10.3;eor
       2667;20190601;   10;   6.0;   2.0;    3;   0.0;   0;   14.583;   0;   4.8;  14.0; 1009.85;   19.4;   66.17;   27.9;    9.6;    7.6;eor
       2667;20190602;   10;  10.8;   3.6;    3;   0.0;   0;   14.700;   0;   2.0;  15.1; 1003.00;   23.9;   54.33;   31.4;   13.4;   11.3;eor
       2667;20190603;   10;  10.8;   2.9;    3;   8.0;   6;    4.433;   0;   6.1;  16.6; 1001.55;   20.7;   69.08;   27.0;   15.4;   14.1;eor
       2667;20190604;   10;  14.1;   3.5;    3;   0.5;   6;    9.500;   0;   5.9;  17.1;  997.90;   21.8;   68.83;   29.5;   14.0;   13.5;eor
       2667;20190605;   10;  16.3;   2.4;    3;   8.5;   6;   12.750;   0;   3.6;  17.3;  994.50;   22.3;   65.42;   29.1;   16.3;   15.5;eor
       2667;20190606;   10;  15.3;   3.4;    3;   0.0;   0;    2.950;   0;   5.6;  12.2; 1000.68;   15.1;   71.71;   18.4;   11.3;    9.6;eor
       2667;20190607;   10;  17.5;   6.0;    3;   1.0;   6;    9.183;   0;   3.9;  11.8;  999.72;   16.0;   66.13;   24.3;    8.2;    7.2;eor
       2667;20190608;   10;  16.8;   6.8;    3;   1.4;   6;    3.650;   0;   5.5;   9.8; 1007.42;   15.3;   57.29;   19.8;    9.9;    8.0;eor
       2667;20190609;   10;   6.2;   2.2;    3;   0.0;   6;    9.100;   0;   5.9;  11.4; 1009.68;   16.6;   62.50;   22.7;    7.3;    6.0;eor
       2667;20190610;   10;   9.4;   2.7;    3;   1.7;   6;    4.333;   0;   7.1;  14.3; 1000.54;   18.5;   68.29;   23.9;   13.3;   13.0;eor
       2667;20190611;   10;   7.2;   2.3;    3;   0.0;   6;    6.867;   0;   6.3;  13.0;  999.96;   17.0;   68.46;   21.9;   13.3;   12.7;eor
       2667;20190612;   10;  13.4;   3.0;    3;   8.8;   6;    6.450;   0;   4.8;  13.7;  997.96;   16.8;   72.25;   21.2;   11.5;    9.6;eor
       2667;20190613;   10;  18.2;   5.0;    3;   0.3;   6;   10.017;   0;   3.5;  11.5; 1001.75;   16.5;   63.50;   23.2;   10.5;    8.9;eor
       2667;20190614;   10;  11.1;   2.4;    3;   1.4;   6;    9.650;   0;   5.0;  14.0; 1001.93;   19.8;   63.79;   27.9;   10.3;    9.2;eor
       2667;20190615;   10;  11.5;   3.2;    3;   0.0;   0;    7.017;   0;   5.9;  15.9; 1001.70;   19.5;   71.83;   24.2;   16.1;   15.0;eor
       2667;20190616;   10;   7.0;   2.3;    3;   0.0;   6;    6.083;   0;   4.6;  13.9; 1008.54;   18.4;   66.71;   23.8;   11.7;   10.1;eor
       2667;20190617;   10;  11.8;   2.2;    3;   0.0;   0;   13.367;   0;   1.6;  13.8; 1007.93;   19.5;   64.83;   27.4;    9.6;    8.7;eor
       2667;20190618;   10;   8.7;   2.3;    3;   0.0;   0;   11.467;   0;   5.3;  15.6; 1002.16;   22.3;   60.54;   29.9;   12.1;   10.8;eor
       2667;20190619;   10;  26.1;   3.3;    3;   0.5;   6;    8.967;   0;   3.7;  16.8;  997.10;   22.4;   64.67;   30.4;   14.8;   13.2;eor
       2667;20190620;   10;  11.5;   2.7;    3;   6.4;   6;    4.200;   0;   6.0;  16.2; 1001.07;   18.6;   76.08;   23.5;   14.5;   14.1;eor
       2667;20190621;   10;   7.9;   2.8;    3;   0.0;   0;   12.983;   0;   3.0;  12.3; 1007.54;   17.5;   63.58;   22.9;   12.1;   10.2;eor
       2667;20190622;   10;   9.3;   2.4;    3;   0.0;   0;   12.833;   0;   3.0;  14.0; 1007.77;   19.1;   65.75;   26.1;    8.3;    7.2;eor
       2667;20190623;   10;  11.3;   3.2;    3;   0.0;   0;   13.600;   0;   2.8;  15.0; 1006.63;   23.0;   57.08;   30.6;   12.6;   11.9;eor
       2667;20190624;   10;  12.3;   4.4;    3;   0.0;   0;   14.050;   0;   3.5;  17.4; 1006.90;   26.5;   51.08;   32.3;   20.1;   18.7;eor
       2667;20190625;   10;  10.5;   3.6;    3;   0.0;   0;   13.767;   0;   3.5;  18.5; 1006.21;   28.3;   50.17;   36.2;   19.3;   18.1;eor
       2667;20190626;   10;   8.7;   3.3;    3;   0.0;   0;   14.150;   0;   0.2;  20.8; 1011.41;   26.6;   61.63;   32.5;   20.6;   19.2;eor
       2667;20190627;   10;   9.4;   3.9;    3;   0.0;   0;   15.333;   0;   0.2;  13.1; 1014.35;   22.0;   52.79;   28.6;   15.5;   12.1;eor
       2667;20190628;   10;   6.7;   2.5;    3;   0.0;   0;   15.400;   0;   0.0;  12.4; 1012.10;   20.9;   54.00;   29.2;   11.7;    9.4;eor
       2667;20190629;   10;   7.7;   3.1;    3;   0.0;   0;   15.383;   0;   0.3;  12.2; 1006.82;   24.8;   44.33;   34.2;   11.9;   10.1;eor
       2667;20190630;   10;  11.7;   4.2;    3;   0.0;   6;   12.933;   0;   1.8;  17.0; 1002.75;   26.1;   50.29;   33.2;   17.6;   15.3;eor
       2667;20190701;   10;  11.0;   4.4;    3;   0.0;   0;    9.283;   0;   4.1;  13.5; 1006.21;   20.9;   55.88;   26.1;   14.9;   13.0;eor
       2667;20190702;   10;   9.3;   3.3;    3;   0.0;   0;   11.517;   0;   2.6;  11.0; 1010.40;   18.0;   55.67;   24.7;   10.6;    8.5;eor
       2667;20190703;   10;   9.8;   2.9;    3;   0.0;   0;   11.317;   0;   2.1;   9.8; 1012.05;   16.5;   55.21;   23.2;    7.6;    6.1;eor
       2667;20190704;   10;   6.7;   2.0;    3;   0.0;   0;   14.433;   0;   2.5;   9.1; 1011.22;   17.4;   49.88;   25.2;    7.7;    5.4;eor
       2667;20190705;   10;  10.3;   2.9;    3;   0.0;   0;    7.317;   0;   4.8;  12.3; 1005.65;   20.3;   53.58;   27.6;   13.2;   11.4;eor
       2667;20190706;   10;  12.7;   4.0;    3;   0.0;   6;    9.450;   0;   5.6;  12.9; 1000.05;   20.9;   56.00;   29.8;   13.1;   12.0;eor
       2667;20190707;   10;  10.1;   4.2;    3;   0.0;   0;    5.583;   0;   5.4;  10.6; 1002.88;   16.8;   56.46;   21.7;    9.5;    7.6;eor
       2667;20190708;   10;   8.9;   3.2;    3;   0.0;   6;    1.717;   0;   5.0;  10.1; 1007.50;   13.5;   67.00;   18.1;    4.4;    3.9;eor
       2667;20190709;   10;   9.3;   2.8;    3;   0.0;   0;    6.883;   0;   5.1;   9.5; 1008.73;   14.9;   59.38;   21.6;    7.5;    5.0;eor
       2667;20190710;   10;   9.9;   2.5;    3;   0.4;   6;    9.867;   0;   5.3;   9.6; 1007.50;   16.4;   56.71;   25.5;    5.5;    3.8;eor
       2667;20190711;   10;   8.7;   2.9;    3;   0.3;   6;    1.383;   0;   7.0;  16.2; 1001.95;   18.1;   77.71;   23.4;   14.6;   12.8;eor
       2667;20190712;   10;  14.6;   3.4;    3;  11.9;   6;    5.883;   0;   6.4;  15.3; 1000.15;   19.2;   71.67;   27.2;   13.3;   11.9;eor
       2667;20190713;   10;   9.8;   4.0;    3;   0.7;   6;    2.083;   0;   6.7;  15.6; 1005.61;   17.4;   79.08;   22.5;   13.7;   12.5;eor
       2667;20190714;   10;   8.2;   3.7;    3;   0.0;   0;    0.350;   0;   7.2;  12.3; 1007.56;   16.1;   67.42;   18.7;   13.3;   12.4;eor
       2667;20190715;   10;   6.7;   2.9;    3;   0.0;   0;    0.000;   0;   7.2;  12.5; 1007.74;   15.3;   72.08;   17.3;   12.9;   11.7;eor
       2667;20190716;   10;   9.8;   2.4;    3;   0.0;   0;    5.000;   0;   5.9;  12.3; 1007.02;   15.0;   73.54;   20.3;    9.6;    7.5;eor
       2667;20190717;   10;   5.7;   1.8;    3;   0.0;   0;    3.533;   0;   5.3;  13.4; 1003.93;   15.4;   77.79;   21.3;    8.6;    6.7;eor
       2667;20190718;   10;  11.8;   2.3;    3;   3.3;   6;    5.350;   0;   6.4;  14.5; 1000.58;   19.7;   66.04;   27.6;   11.6;   10.9;eor
       2667;20190719;   10;   9.1;   2.2;    3;   0.0;   6;    5.217;   0;   6.9;  15.7; 1002.49;   20.2;   68.96;   25.8;   15.7;   14.3;eor
       2667;20190720;   10;  14.1;   3.0;    3;   5.2;   6;    6.433;   0;   5.7;  18.1; 1000.76;   21.1;   73.79;   30.7;   16.2;   14.8;eor
       2667;20190721;   10;   8.4;   2.5;    3;   0.0;   0;    8.550;   0;   5.1;  15.6; 1008.97;   19.6;   70.50;   25.8;   13.8;   12.3;eor
       2667;20190722;   10;  10.1;   2.9;    3;   0.0;   0;   13.233;   0;   5.3;  15.4; 1011.65;   22.0;   62.17;   29.6;   12.6;   11.7;eor
       2667;20190723;   10;   9.9;   2.6;    3;   0.0;   0;   14.683;   0;   1.8;  16.4; 1008.43;   25.8;   54.38;   34.7;   14.8;   13.6;eor
       2667;20190724;   10;   8.2;   2.6;    3;   0.0;   0;   13.933;   0;   1.5;  15.8; 1003.13;   29.7;   42.58;   39.5;   17.8;   16.1;eor
       2667;20190725;   10;   7.4;   2.7;    3;   0.0;   0;   12.867;   0;   1.7;  17.2; 1002.56;   31.0;   42.75;   40.3;   19.3;   18.4;eor
       2667;20190726;   10;  10.8;   3.0;    3;   0.0;   6;    9.300;   0;   4.2;  16.6;  997.09;   28.5;   46.83;   39.6;   18.9;   17.9;eor
       2667;20190727;   10;   8.9;   1.9;    3;   6.2;   6;    0.500;   0;   7.2;  21.2;  991.41;   21.8;   81.63;   26.7;   18.7;   18.1;eor
       2667;20190728;   10;   9.3;   3.6;    3;   4.8;   6;    0.000;   0;   8.0;  20.4;  992.38;   18.7;   94.38;   20.5;   16.7;   15.7;eor
       2667;20190729;   10;   9.9;   2.0;    3;   0.0;   0;   11.017;   0;   2.9;  15.4;  999.86;   20.5;   67.04;   26.8;   14.9;   13.2;eor
       2667;20190730;   10;  10.3;   2.8;    3;   0.0;   6;    7.333;   0;   3.3;  15.0; 1000.57;   22.3;   60.42;   31.1;   12.8;   11.6;eor
       2667;20190731;   10;  11.8;   2.8;    3;   0.1;   6;    4.733;   0;   5.4;  14.4; 1004.51;   19.7;   63.42;   24.8;   14.1;   12.4;eor
       2667;20190801;   10;   9.4;   2.7;    3;   0.0;   0;    6.517;   0;   4.7;  14.2; 1005.58;   19.5;   64.54;   26.2;   11.7;    9.7;eor
       2667;20190802;   10;  14.6;   3.5;    3;  10.4;   6;    5.617;   0;   5.5;  15.7; 1003.38;   19.3;   72.71;   26.8;   12.2;   11.8;eor
       2667;20190803;   10;   8.7;   4.1;    3;   0.0;   6;    6.850;   0;   5.0;  16.1; 1005.41;   18.7;   76.08;   23.9;   13.3;   11.4;eor
       2667;20190804;   10;   8.1;   2.0;    3;   0.3;   6;   12.167;   0;   3.7;  14.0; 1003.91;   20.6;   62.21;   28.1;   10.6;    9.0;eor
       2667;20190805;   10;  11.0;   3.5;    3;   0.5;   6;    6.633;   0;   6.9;  15.5;  999.73;   22.9;   56.63;   27.6;   17.9;   17.0;eor
       2667;20190806;   10;   8.7;   2.2;    3;  17.2;   6;    2.500;   0;   7.0;  16.3;  999.02;   20.8;   68.38;   26.1;   16.8;   16.0;eor
       2667;20190807;   10;  16.1;   3.2;    3;  10.3;   6;    3.900;   0;   5.5;  16.1;  997.17;   19.3;   74.54;   25.4;   14.7;   13.3;eor
       2667;20190808;   10;   6.9;   2.1;    3;   0.1;   6;    6.550;   0;   5.0;  15.8; 1000.78;   18.9;   73.13;   23.6;   13.1;   11.4;eor
       2667;20190809;   10;   9.4;   3.3;    3;  12.9;   6;    0.267;   0;   6.3;  19.3;  997.52;   20.6;   79.88;   26.6;   15.9;   14.4;eor
       2667;20190810;   10;  15.3;   5.6;    3;   0.0;   6;    8.867;   0;   3.2;  15.5; 1000.67;   21.2;   63.04;   27.3;   15.7;   13.6;eor
       2667;20190811;   10;   8.7;   3.0;    3;   0.0;   6;    6.317;   0;   4.2;  12.5; 1003.89;   18.4;   60.96;   24.5;   12.1;   10.6;eor
       2667;20190812;   10;  10.1;   2.4;    3;  13.0;   6;    5.883;   0;   4.5;  14.1; 1004.10;   16.1;   77.88;   23.5;   12.6;   11.0;eor
       2667;20190813;   10;  13.7;   3.2;    3;   0.0;   6;    4.800;   0;   5.7;  12.4; 1006.26;   15.7;   71.88;   22.2;   11.6;   10.1;eor
       2667;20190814;   10;   9.6;   2.7;    3;   2.0;   6;   10.183;   0;   4.0;  11.8; 1005.75;   16.9;   64.79;   24.3;    7.3;    6.0;eor
       2667;20190815;   10;  17.7;   4.1;    3;   3.9;   6;    1.950;   0;   6.8;  15.9; 1000.78;   17.8;   79.21;   24.8;   14.3;   12.9;eor
       2667;20190816;   10;  11.3;   2.9;    3;   0.2;   6;    8.133;   0;   6.1;  14.3; 1004.46;   18.6;   68.75;   23.5;   13.5;   12.3;eor
       2667;20190817;   10;  10.5;   4.2;    3;   5.2;   6;    0.000;   0;   7.7;  16.4;  998.18;   18.8;   76.17;   21.6;   16.6;   15.6;eor
       2667;20190818;   10;  12.5;   2.9;    3;   5.1;   6;    0.517;   0;   7.3;  18.0;  996.38;   17.6;   89.42;   22.8;   14.0;   13.0;eor
       2667;20190819;   10;  11.8;   3.1;    3;   0.0;   0;    8.883;   0;   3.6;  12.6; 1005.19;   17.5;   65.67;   24.0;   11.2;    8.9;eor
       2667;20190820;   10;   8.9;   2.3;    3;   0.0;   0;    8.167;   0;   4.9;  12.1; 1011.63;   16.3;   68.33;   22.3;    9.9;    7.6;eor
       2667;20190821;   10;  10.1;   1.9;    3;   0.0;   0;   10.533;   0;   2.8;  11.7; 1015.89;   16.3;   67.04;   23.5;    8.9;    7.1;eor
       2667;20190822;   10;   7.5;   2.2;    3;   0.0;   0;   13.033;   0;   1.0;  11.8; 1013.93;   18.4;   59.96;   26.6;    7.5;    6.7;eor
       2667;20190823;   10;   5.8;   1.9;    3;   0.0;   0;   12.800;   0;   1.4;  13.1; 1012.87;   19.4;   62.92;   28.9;    9.1;    7.4;eor
       2667;20190824;   10;   6.2;   2.2;    3;   0.0;   0;   13.000;   0;   0.4;  13.4; 1008.90;   21.4;   57.38;   30.4;   10.4;    8.6;eor
       2667;20190825;   10;   6.2;   1.6;    3;   0.0;   0;   11.017;   0;   1.8;  17.8; 1007.08;   22.7;   66.88;   31.6;   13.3;   11.4;eor
       2667;20190826;   10;   7.0;   1.9;    3;   0.0;   0;   10.683;   0;   1.8;  19.6; 1005.97;   23.8;   69.96;   33.2;   15.9;   14.5;eor
       2667;20190827;   10;  13.4;   2.6;    3;   0.0;   0;    8.950;   0;   1.9;  18.8; 1003.79;   23.7;   68.04;   32.9;   15.7;   14.7;eor
       2667;20190828;   10;   7.7;   2.5;    3;   0.7;   6;    6.667;   0;   5.2;  19.4; 1003.00;   23.5;   69.63;   30.5;   15.7;   14.9;eor
       2667;20190829;   10;   7.7;   2.6;    3;   0.0;   0;    6.017;   0;   5.5;  18.3; 1007.40;   21.4;   72.58;   26.0;   17.2;   14.5;eor
       2667;20190830;   10;   6.2;   1.4;    3;   0.0;   0;   10.267;   0;   3.0;  15.3; 1010.36;   20.2;   67.46;   27.1;   12.6;   11.3;eor
       2667;20190831;   10;  10.1;   3.5;    3;   1.2;   6;   11.250;   0;   2.3;  16.2; 1001.65;   23.2;   61.21;   33.2;   11.8;    9.9;eor
       2667;20190901;   10;   8.4;   3.2;    3;   0.0;   6;    1.300;   0;   6.0;  13.6; 1003.57;   17.2;   69.50;   20.8;   11.3;    8.9;eor
       2667;20190902;   10;   8.4;   2.3;    3;   0.0;   0;   10.700;   0;   2.0;  10.1; 1011.45;   14.6;   64.08;   22.3;    7.8;    6.0;eor
       2667;20190903;   10;   8.9;   2.7;    3;   0.0;   0;    4.200;   0;   4.8;  12.0; 1012.20;   15.3;   69.42;   20.2;    7.8;    5.0;eor
       2667;20190904;   10;  14.6;   3.3;    3;   1.5;   6;    5.583;   0;   5.5;  13.9; 1005.19;   17.8;   70.29;   26.4;   13.0;   11.3;eor
       2667;20190905;   10;  10.8;   3.8;    3;   0.2;   6;    2.783;   0;   4.0;  11.8; 1008.72;   13.5;   76.83;   18.6;    7.7;    5.6;eor
       2667;20190906;   10;   7.4;   2.1;    3;   3.3;   6;   10.683;   0;   4.5;   9.7; 1011.72;   13.5;   66.79;   21.0;    4.1;    1.8;eor
       2667;20190907;   10;  10.1;   2.0;    3;   5.6;   6;    1.817;   0;   6.5;  13.0; 1007.24;   13.1;   86.63;   18.6;    9.5;    8.5;eor
       2667;20190908;   10;   8.1;   2.0;    3;   6.3;   6;    0.600;   0;   6.9;  12.8; 1006.82;   12.2;   90.71;   16.9;    8.9;    8.1;eor
       2667;20190909;   10;   4.6;   1.8;    3;   0.0;   6;    1.650;   0;   7.0;  12.3; 1004.11;   12.9;   83.71;   17.1;    9.3;    8.8;eor
       2667;20190910;   10;   6.2;   1.9;    3;   0.0;   0;   10.017;   0;   1.3;  10.6; 1006.39;   12.8;   75.00;   20.4;    5.1;    4.2;eor
       2667;20190911;   10;  10.5;   2.7;    3;   0.7;   6;    1.767;   0;   6.5;  12.2; 1011.23;   14.0;   77.33;   22.0;    6.7;    4.6;eor
       2667;20190912;   10;   9.3;   2.8;    3;   0.4;   6;    4.800;   0;   5.2;  16.1; 1016.30;   18.7;   76.00;   24.2;   15.3;   13.5;eor
       2667;20190913;   10;   8.6;   2.8;    3;   0.0;   6;    1.117;   0;   5.9;  16.3; 1020.05;   17.8;   80.04;   21.0;   13.7;   11.8;eor
       2667;20190914;   10;   5.1;   1.5;    3;   0.0;   0;   11.267;   0;   2.1;  11.7; 1019.71;   15.0;   71.83;   22.9;    7.7;    6.3;eor
       2667;20190915;   10;   7.7;   2.2;    3;   0.0;   0;   11.500;   0;   2.9;  10.8; 1012.03;   15.9;   64.92;   25.2;    6.3;    4.9;eor
       2667;20190916;   10;   9.8;   2.4;    3;   0.5;   6;    0.033;   0;   7.8;  13.9; 1008.64;   14.9;   83.00;   20.4;   10.4;    9.2;eor
       2667;20190917;   10;  13.7;   4.0;    3;   0.0;   0;    3.183;   0;   6.1;  11.4; 1009.95;   13.8;   73.33;   19.0;    5.9;    3.3;eor
       2667;20190918;   10;   9.3;   2.3;    3;   0.0;   0;    8.100;   0;   3.0;   8.9; 1014.83;   10.6;   72.96;   18.3;    2.5;    0.3;eor
       2667;20190919;   10;   9.8;   2.0;    3;   0.0;   0;   10.467;   0;   3.8;   8.2; 1018.06;    9.9;   71.33;   17.6;    2.7;    0.3;eor
       2667;20190920;   10;   6.2;   2.2;    3;   0.0;   0;   10.850;   0;   3.3;   7.9; 1015.88;   11.5;   62.96;   20.6;    2.4;    0.3;eor
       2667;20190921;   10;  11.8;   4.2;    3;   0.0;   0;   11.283;   0;   0.1;   8.2; 1007.01;   16.0;   47.79;   24.5;    4.8;    3.3;eor
       2667;20190922;   10;  10.1;   3.5;    3;   4.7;   6;    6.733;   0;   4.8;  12.6;  998.63;   19.1;   56.96;   27.1;    7.5;    6.0;eor
       2667;20190923;   10;   7.2;   2.0;    3;   0.2;   6;    0.517;   0;   6.5;  14.9; 1003.15;   15.8;   83.75;   20.3;   11.6;   10.4;eor
       2667;20190924;   10;   8.7;   3.4;    3;   3.5;   6;    1.750;   0;   6.3;  13.4;  999.07;   14.8;   80.83;   19.7;    9.7;    8.2;eor
       2667;20190925;   10;  11.1;   3.1;    3;   0.8;   6;    2.417;   0;   7.3;  14.4;  995.23;   15.6;   82.08;   19.8;   12.3;   11.1;eor
       2667;20190926;   10;   8.2;   3.2;    3;   8.6;   6;    0.000;   0;   7.8;  16.7;  997.96;   16.1;   90.79;   18.0;   13.5;   12.4;eor
       2667;20190927;   10;  11.7;   3.7;    3;   0.1;   6;    4.883;   0;   5.7;  14.0;  998.32;   16.1;   77.92;   21.4;   12.7;   11.3;eor
       2667;20190928;   10;  19.0;   5.0;    3;   0.1;   6;    0.450;   0;   6.7;  13.0; 1000.99;   15.4;   74.75;   18.1;   11.5;   10.3;eor
       2667;20190929;   10;  18.2;   5.4;    3;   3.1;   6;    0.150;   0;   7.3;  13.9;  992.04;   16.1;   75.25;   18.1;   13.7;   12.9;eor
       2667;20190930;   10;  15.9;   5.8;    3;   0.4;   6;    2.117;   0;   7.0;  12.3;  997.81;   15.3;   70.96;   18.2;   13.3;   12.1;eor
       2667;20191001;   10;  17.5;   3.4;    3;  16.1;   6;    0.050;   0;   7.4;  15.4;  991.30;   15.2;   88.71;   18.0;   13.1;   12.4;eor
       2667;20191002;   10;  11.5;   4.4;    3;   0.1;   6;    3.517;   0;   6.1;  10.6;  998.53;   11.2;   79.54;   14.7;    8.4;    6.0;eor
       2667;20191003;   10;   7.5;   2.4;    3;   1.5;   6;    0.050;   0;   7.0;  10.6; 1005.93;   10.2;   84.96;   13.0;    6.9;    4.7;eor
       2667;20191004;   10;  10.5;   4.0;    3;   8.7;   6;    0.000;   0;   7.8;  11.3;  995.36;   10.7;   86.96;   13.4;    8.2;    7.9;eor
       2667;20191005;   10;   8.2;   2.9;    3;   0.0;   0;    1.200;   0;   7.3;  10.0; 1003.28;    9.9;   82.13;   13.1;    7.4;    6.3;eor
       2667;20191006;   10;   9.8;   4.4;    3;  15.3;   6;    0.000;   0;   7.9;   9.7; 1001.88;    8.5;   87.25;    9.1;    7.8;    7.2;eor
       2667;20191007;   10;   8.2;   3.6;    3;   6.1;   6;    0.117;   0;   7.9;  10.6; 1005.15;   10.1;   85.88;   12.3;    8.0;    7.6;eor
       2667;20191008;   10;  10.1;   2.8;    3;   7.5;   6;    0.000;   0;   7.0;  13.5;  997.70;   12.3;   93.96;   14.3;   10.0;    8.1;eor
       2667;20191009;   10;  10.8;   3.8;    3;   1.5;   6;    0.950;   0;   6.1;  11.0;  996.85;   11.7;   80.17;   15.0;    8.5;    6.9;eor
       2667;20191010;   10;  12.3;   4.3;    3;   0.0;   0;    4.517;   0;   4.5;  10.4; 1001.84;   11.7;   76.42;   16.8;    8.8;    6.8;eor
       2667;20191011;   10;  12.3;   4.5;    3;   0.0;   0;    0.183;   0;   7.0;  12.2; 1002.72;   14.0;   75.92;   17.1;    8.6;    7.2;eor
       2667;20191012;   10;  10.3;   3.4;    3;   0.0;   6;    5.017;   0;   3.6;  13.7;  999.77;   16.1;   74.96;   19.8;   11.5;   10.1;eor
       2667;20191013;   10;  12.3;   4.3;    3;   0.7;   6;    3.717;   0;   4.0;  16.6;  998.96;   19.4;   74.75;   24.6;   14.8;   13.4;eor
       2667;20191014;   10;  10.1;   3.5;    3;   0.0;   0;    8.250;   0;   5.0;  15.5;  999.47;   18.8;   72.88;   23.6;   13.0;   12.4;eor
       2667;20191015;   10;   8.2;   2.3;    3;  13.9;   6;    0.517;   0;   6.3;  14.6;  995.70;   15.7;   82.46;   18.5;   11.9;   11.5;eor
       2667;20191016;   10;  11.0;   3.5;    3;   7.2;   6;    1.033;   0;   7.1;  13.2;  998.96;   12.9;   88.46;   15.1;   10.9;   10.2;eor
       2667;20191017;   10;   9.8;   3.5;    3;   1.9;   6;    0.500;   0;   6.8;  14.2;  999.06;   14.5;   86.17;   18.7;   12.0;   10.2;eor
       2667;20191018;   10;  18.0;   4.5;    3;   2.9;   6;    2.033;   0;   5.5;  11.5;  997.04;   12.7;   78.25;   16.8;    9.4;    8.0;eor
       2667;20191019;   10;  12.0;   3.5;    3;   3.9;   6;    0.000;   0;   7.4;  12.4;  995.21;   12.5;   85.42;   15.5;    9.9;    9.1;eor
       2667;20191020;   10;   5.7;   1.7;    3;  17.5;   6;    0.000;   0;   7.6;  14.0;  996.50;   12.4;   96.54;   14.2;   11.2;   10.4;eor
       2667;20191021;   10;   9.9;   3.2;    3;   0.0;   0;    3.583;   0;   6.1;  12.8; 1005.18;   13.7;   81.58;   17.8;    9.8;    8.0;eor
       2667;20191022;   10;   6.7;   1.9;    3;   0.0;   0;    2.867;   0;   6.3;  11.1; 1012.08;   11.0;   85.29;   15.1;    8.2;    6.4;eor
       2667;20191023;   10;  10.1;   2.9;    3;   0.0;   0;    7.133;   0;   5.3;  12.4; 1003.53;   12.2;   87.00;   16.0;    7.0;    6.2;eor
       2667;20191024;   10;   8.2;   3.4;    3;   0.0;   0;    3.467;   0;   5.9;  13.2;  998.25;   14.8;   78.83;   20.2;   10.6;    9.1;eor
       2667;20191025;   10;   9.6;   3.7;    3;   0.0;   0;    6.483;   0;   6.3;  11.7; 1007.37;   14.1;   73.25;   17.7;   10.6;    8.9;eor
       2667;20191026;   10;  11.1;   4.0;    3;   0.9;   6;    5.733;   0;   5.8;  12.6; 1004.46;   15.3;   73.08;   20.8;   11.9;   10.3;eor
       2667;20191027;   10;  12.3;   3.2;    3;   1.3;   6;    0.000;   0;   5.9;  10.2; 1008.27;   10.0;   82.88;   17.4;    2.9;    1.1;eor
       2667;20191028;   10;   4.1;   2.0;    3;   0.0;   0;    1.950;   0;   5.0;   8.0; 1011.82;    4.3;   95.67;    8.9;   -0.2;   -1.8;eor
       2667;20191029;   10;   6.2;   1.6;    3;   0.0;   0;    2.667;   0;   4.4;   8.1; 1012.72;    6.3;   85.88;   12.0;    3.4;    1.4;eor
       2667;20191030;   10;   8.1;   2.2;    3;   0.0;   0;    2.650;   0;   2.7;   6.3; 1014.86;    3.7;   80.42;    9.3;   -2.2;   -3.4;eor
       2667;20191031;   10;   8.7;   2.7;    3;   0.0;   6;    8.133;   0;   1.3;   5.8; 1010.47;    4.1;   72.88;   11.0;   -2.9;   -4.7;eor
       2667;20191101;   10;   8.9;   4.5;    3;   7.5;   6;    0.000;   0;   6.8;   8.9;  996.29;    6.8;   88.08;   11.5;    1.1;   -2.0;eor
       2667;20191102;   10;  12.9;   4.4;    3;   4.1;   6;    0.250;   0;   6.9;  12.3;  980.65;   13.5;   79.83;   16.0;   11.3;   10.2;eor
       2667;20191103;   10;   8.9;   3.8;    3;   0.9;   6;    0.100;   0;   7.5;  11.6;  974.80;   12.2;   81.54;   14.8;    9.9;    9.0;eor
       2667;20191104;   10;   8.1;   3.0;    3;   7.7;   6;    1.283;   0;   6.1;  10.8;  978.37;   10.1;   87.63;   12.7;    7.7;    6.3;eor
       2667;20191105;   10;   8.6;   2.2;    3;   1.8;   6;    2.100;   0;   7.2;  10.4;  985.16;    9.1;   90.04;   12.7;    7.0;    5.1;eor
       2667;20191106;   10;   6.2;   1.7;    3;   3.8;   6;    0.000;   0;   7.7;  10.3;  990.52;    8.1;   94.83;    9.7;    7.0;    6.5;eor
       2667;20191107;   10;  13.5;   4.0;    3;   0.3;   6;    0.167;   0;   5.5;   9.2;  988.48;    7.7;   87.04;    9.9;    3.9;    1.1;eor
       2667;20191108;   10;   5.7;   1.9;    3;   0.3;   6;    1.517;   0;   4.9;   7.8;  994.53;    5.5;   87.08;   10.0;    1.4;   -0.6;eor
       2667;20191109;   10;   6.2;   2.1;    3;   0.5;   6;    1.267;   0;   5.2;   7.5;  997.00;    4.6;   88.17;    8.7;    1.4;   -0.7;eor
       2667;20191110;   10;   6.7;   2.5;    3;   0.0;   0;    7.800;   0;   2.5;   6.6; 1000.89;    2.7;   88.88;    7.6;   -2.0;   -3.8;eor
       2667;20191111;   10;  10.5;   4.7;    3;   2.0;   6;    0.000;   0;   7.2;   7.2;  996.18;    4.6;   85.33;    6.8;    2.9;    2.0;eor
       2667;20191112;   10;  11.3;   4.2;    3;   1.8;   6;    0.083;   0;   4.3;   7.0;  991.05;    4.4;   83.58;    7.6;    0.8;   -0.9;eor
       2667;20191113;   10;   7.9;   3.7;    3;   0.0;   6;    0.000;   0;   6.2;   7.1;  990.27;    4.9;   82.17;    7.6;    0.9;   -1.3;eor
       2667;20191114;   10;  11.5;   4.1;    3;   0.0;   0;    0.283;   0;   6.7;   6.8;  990.48;    5.7;   74.67;    9.2;    0.4;   -1.3;eor
       2667;20191115;   10;   6.7;   2.3;    3;   0.0;   0;    0.267;   0;   7.7;   6.5;  989.39;    4.1;   79.96;    7.2;   -0.4;   -1.0;eor
       2667;20191116;   10;   5.7;   2.5;    3;   0.0;   0;    5.917;   0;   4.0;   6.6;  997.05;    4.1;   81.75;    8.1;   -0.9;   -2.2;eor
       2667;20191117;   10;   9.6;   2.6;    3;  13.1;   6;    0.000;   0;   5.7;   6.8;  997.96;    2.3;   94.04;    4.4;   -2.3;   -3.3;eor
       2667;20191118;   10;   7.9;   3.0;    3;  20.4;   6;    0.000;   0;   8.0;   7.9;  995.41;    4.2;   96.46;    6.3;    3.3;    3.1;eor
       2667;20191119;   10;   7.0;   2.4;    3;   6.2;   6;    0.133;   0;   6.0;   7.4; 1004.92;    3.6;   93.08;    6.4;   -1.1;   -3.0;eor
       2667;20191120;   10;   7.7;   2.3;    3;   0.0;   0;    3.300;   0;   4.5;   6.3; 1005.43;    2.4;   87.00;    6.3;   -2.1;   -3.9;eor
       2667;20191121;   10;   7.7;   3.1;    3;   0.1;   6;    1.767;   0;   6.0;   6.5;  997.58;    2.6;   87.33;    6.9;   -3.3;   -4.7;eor
       2667;20191122;   10;  10.8;   5.1;    3;   0.3;   6;    2.733;   0;   6.6;   7.6;  994.28;    5.6;   83.29;    8.2;    3.1;    1.4;eor
       2667;20191123;   10;   9.3;   3.7;    3;   0.0;   0;    3.633;   0;   5.6;   7.4;  987.74;    7.0;   74.83;   13.5;    0.7;   -0.4;eor
       2667;20191124;   10;   3.6;   1.7;    3;   0.0;   0;    4.317;   0;   5.8;   8.0;  994.88;    6.3;   84.29;   11.8;    2.2;    0.6;eor
       2667;20191125;   10;   5.8;   2.7;    3;   0.3;   6;    0.000;   0;   7.3;   8.4;  997.86;    6.2;   88.67;    8.7;    2.4;    0.6;eor
       2667;20191126;   10;   7.7;   3.9;    3;   0.2;   6;    0.000;   0;   7.5;  10.1;  992.88;    9.2;   86.38;   11.3;    5.9;    4.5;eor
       2667;20191127;   10;  12.9;   5.7;    3;   0.0;   6;    0.033;   0;   7.7;  10.2;  980.78;   11.0;   77.58;   12.9;    9.5;    8.4;eor
       2667;20191128;   10;  12.3;   5.8;    3;   7.2;   6;    0.033;   0;   7.7;  10.0;  982.25;   10.3;   79.96;   11.5;    8.7;    8.2;eor
       2667;20191129;   10;   9.8;   3.4;    3;   0.0;   0;    3.033;   0;   5.6;   7.6;  998.89;    6.3;   79.71;    8.7;    2.0;   -1.2;eor
       2667;20191130;   10;   5.7;   2.2;    3;   0.0;   0;    4.300;   0;   2.7;   6.0; 1011.42;    0.9;   92.25;    5.0;   -2.8;   -4.5;eor
       2667;20191201;   10;   7.2;   2.9;    3;   0.0;   0;    0.000;   0;   7.4;   5.4; 1008.35;    2.1;   77.17;    4.2;   -1.3;   -3.9;eor
       2667;20191202;   10;   4.1;   1.2;    3;   1.4;   6;    0.000;   0;   7.0;   6.7; 1014.42;    2.0;   93.25;    5.1;   -2.3;   -5.3;eor
       2667;20191203;   10;   3.6;   1.4;    3;   0.2;   6;    0.000;   0;   7.5;   8.7; 1016.39;    5.8;   94.75;    7.1;    3.2;    0.1;eor
       2667;20191204;   10;   6.7;   2.8;    3;   0.0;   0;    6.183;   0;   1.3;   6.3; 1010.96;    2.6;   85.71;    6.9;   -1.7;   -3.1;eor
       2667;20191205;   10;   5.3;   2.2;    3;   0.0;   0;    4.967;   0;   2.5;   5.2; 1009.04;    0.3;   84.21;    5.3;   -4.2;   -6.6;eor
       2667;20191206;   10;  11.3;   4.8;    3;  11.5;   6;    0.000;   0;   7.0;   6.7; 1001.03;    3.0;   86.58;    8.4;   -1.7;   -2.8;eor
       2667;20191207;   10;   9.8;   4.2;    3;   0.0;   6;    0.000;   0;   7.6;   9.0; 1001.55;    8.8;   79.71;    9.6;    7.8;    6.6;eor
       2667;20191208;   10;  15.4;   5.2;    3;   2.4;   6;    0.000;   0;   6.6;   8.9;  993.55;    9.5;   74.38;   11.9;    6.5;    3.5;eor
       2667;20191209;   10;  16.6;   5.2;    3;   6.3;   6;    0.000;   0;   5.5;   7.7;  992.24;    6.4;   79.83;    8.2;    2.7;    0.4;eor
       2667;20191210;   10;   9.9;   3.5;    3;  10.7;   6;    5.050;   0;   4.3;   6.2; 1011.05;    3.6;   79.38;    7.0;   -0.5;   -2.1;eor
       2667;20191211;   10;   8.2;   3.6;    3;   6.0;   6;    0.000;   0;   7.8;   7.3;  997.55;    3.5;   92.58;    4.1;    3.0;    1.6;eor
       2667;20191212;   10;  12.2;   4.3;    3;   0.2;   6;    2.800;   0;   5.7;   6.5;  987.80;    4.1;   79.50;    6.9;    2.6;    0.4;eor
       2667;20191213;   10;  13.9;   5.4;    3;  11.4;   6;    0.000;   0;   7.4;   7.0;  968.94;    3.9;   86.04;    6.6;    2.3;    1.3;eor
       2667;20191214;   10;  19.2;   5.9;    3;   2.2;   6;    0.400;   0;   6.5;   7.4;  980.60;    6.0;   78.88;    8.2;    4.2;    2.9;eor
       2667;20191215;   10;  15.3;   4.7;    3;   1.3;   6;    3.633;   0;   6.0;   7.6;  990.44;    7.6;   72.92;   11.4;    3.4;   -0.1;eor
       2667;20191216;   10;   9.3;   3.3;    3;   3.1;   6;    0.000;   0;   7.5;   9.9;  994.27;    8.5;   88.33;   10.9;    5.5;    4.4;eor
       2667;20191217;   10;  11.1;   4.3;    3;   2.0;   6;    1.933;   0;   7.0;  10.1;  991.75;   13.0;   68.00;   16.0;    8.7;    6.8;eor
       2667;20191218;   10;   9.8;   3.1;    3;   0.0;   0;    5.600;   0;   3.8;   8.8; 1003.72;    8.5;   79.88;   11.0;    5.9;    3.3;eor
       2667;20191219;   10;  11.7;   6.8;    3;   0.0;   0;    6.233;   0;   2.6;   9.3;  998.33;   10.5;   73.50;   14.2;    7.7;    6.1;eor
       2667;20191220;   10;  15.1;   6.5;    3;   0.0;   6;    0.000;   0;   6.8;   8.9;  980.21;    9.6;   73.71;   11.8;    5.8;    3.9;eor
       2667;20191221;   10;  12.9;   4.7;    3;   1.0;   6;    3.050;   0;   4.6;   7.8;  979.20;    7.5;   75.58;   10.2;    4.0;    1.3;eor
       2667;20191222;   10;  12.7;   5.3;    3;   2.8;   6;    0.150;   0;   7.3;   9.0;  974.71;    8.2;   82.17;   11.4;    6.2;    5.1;eor
       2667;20191223;   10;   9.9;   4.0;    3;   1.2;   6;    0.033;   0;   7.0;   8.8;  995.25;    7.8;   83.67;    9.0;    5.9;    3.9;eor
       2667;20191224;   10;  15.8;   4.6;    3;   9.5;   6;    0.233;   0;   7.1;   8.7;  999.47;    7.7;   82.17;   11.2;    4.4;    2.8;eor
       2667;20191225;   10;  11.8;   3.8;    3;   0.7;   6;    0.000;   0;   7.5;   9.4; 1007.52;    7.4;   90.79;    9.2;    5.9;    5.3;eor
       2667;20191226;   10;   6.0;   2.3;    3;   0.9;   6;    0.167;   0;   7.1;   8.0; 1012.00;    5.4;   89.83;    6.4;    3.8;    2.4;eor
       2667;20191227;   10;   7.7;   2.9;    3;   0.0;   0;    0.000;   0;   6.9;   7.3; 1015.93;    4.4;   87.33;    6.2;    1.3;   -2.1;eor
       2667;20191228;   10;   7.2;   2.9;    3;   0.0;   0;    2.933;   0;   5.1;   5.2; 1027.85;    0.7;   81.71;    3.4;   -3.2;   -5.3;eor
       2667;20191229;   10;   7.5;   3.8;    3;   0.0;   0;    0.667;   0;   4.9;   4.7; 1025.85;    1.3;   69.88;    3.8;   -1.1;   -4.0;eor
       2667;20191230;   10;   6.7;   3.3;    3;   0.0;   0;    6.100;   0;   1.8;   4.1; 1019.90;    3.9;   51.79;   10.1;   -2.2;   -4.4;eor
       2667;20191231;   10;   4.6;   1.8;    3;   0.0;   6;    0.450;   0;   5.1;   5.7; 1021.41;    1.1;   85.21;    5.2;   -2.8;   -4.7;eor
       2667;20200101;   10;   9.3;   4.1;    3;   0.0;   0;    2.517;   0;   2.3;   5.7; 1020.75;    1.1;   85.75;    3.4;   -1.0;   -3.6;eor
       2667;20200102;   10;   8.2;   3.5;    3;   0.0;   6;    0.800;   0;   6.1;   6.1; 1015.15;    1.8;   87.04;    5.3;   -2.3;   -4.0;eor
       2667;20200103;   10;  14.9;   5.6;    3;   2.4;   6;    0.000;   0;   7.5;   9.0; 1008.91;    7.8;   84.25;   10.2;    4.2;    2.1;eor
       2667;20200104;   10;  11.1;   4.1;    3;   2.0;   6;    0.000;   0;   6.7;   7.8; 1018.27;    5.3;   87.08;    7.1;    2.2;   -0.3;eor
       2667;20200105;   10;   5.8;   2.3;    3;   0.0;   0;    0.000;   0;   8.0;   8.0; 1022.77;    6.2;   84.54;    7.2;    5.4;    4.6;eor
       2667;20200106;   10;   7.7;   3.7;    3;   1.7;   6;    5.250;   0;   4.9;   6.2; 1015.09;    4.9;   71.88;    7.6;    0.9;   -1.2;eor
       2667;20200107;   10;   6.9;   2.4;    3;   0.1;   6;    0.150;   0;   6.5;   7.9; 1014.63;    5.7;   86.04;    8.7;    1.9;    1.1;eor
       2667;20200108;   10;   9.8;   3.9;    3;   4.8;   6;    0.000;   0;   7.5;   9.4; 1012.75;    8.7;   83.21;   10.8;    5.5;    4.0;eor
       2667;20200109;   10;   9.8;   3.9;    3;  10.9;   6;    0.000;   0;   7.7;  11.8; 1003.65;   10.7;   91.75;   12.6;    9.4;    8.7;eor
       2667;20200110;   10;  12.0;   3.8;    3;   2.9;   6;    0.000;   0;   6.5;   9.1; 1007.63;    7.5;   87.17;   10.8;    2.0;   -0.9;eor
       2667;20200111;   10;   7.4;   2.7;    3;   0.0;   6;    0.917;   0;   5.9;   6.7; 1019.54;    3.7;   84.63;    7.1;    0.7;   -2.1;eor
       2667;20200112;   10;  10.3;   4.4;    3;   0.0;   6;    2.567;   0;   5.8;   7.0; 1012.20;    4.5;   82.00;    7.7;    0.3;   -0.9;eor
       2667;20200113;   10;  13.4;   4.2;    3;   0.0;   6;    1.733;   0;   6.3;   8.0; 1006.63;    6.5;   82.21;    9.5;    3.2;    1.3;eor
       2667;20200114;   10;  15.3;   7.2;    3;   0.0;   6;    0.000;   0;   7.2;   8.6;  998.01;   10.5;   67.67;   12.5;    8.2;    7.5;eor
       2667;20200115;   10;  14.2;   5.9;    3;   0.0;   6;    1.950;   0;   6.6;   8.9; 1003.13;   11.7;   64.71;   13.8;    8.3;    6.6;eor
       2667;20200116;   10;   8.7;   3.7;    3;   0.0;   0;    6.883;   0;   1.3;   8.6; 1012.90;    8.2;   79.38;   12.5;    0.9;   -1.4;eor
       2667;20200117;   10;  10.6;   4.0;    3;   1.1;   6;    0.133;   0;   4.6;   8.5; 1006.05;    8.3;   77.54;   10.4;    5.0;    2.7;eor
       2667;20200118;   10;   8.6;   3.4;    3;   1.7;   6;    1.350;   0;   5.7;   6.7; 1013.45;    4.6;   79.21;    7.0;    2.1;   -0.3;eor
       2667;20200119;   10;   5.1;   1.9;    3;   0.5;   8;    0.433;   0;   6.7;   7.0; 1025.90;    2.9;   92.88;    5.3;   -0.8;   -1.7;eor
       2667;20200120;   10;   5.1;   1.3;    3;   0.0;   0;    0.933;   0;   5.1;   6.3; 1034.65;    1.3;   93.96;    5.4;   -4.1;   -5.7;eor
       2667;20200121;   10;   4.6;   1.6;    3;   0.0;   0;    7.117;   0;   0.6;   4.9; 1029.82;   -0.6;   85.04;    6.3;   -5.2;   -7.4;eor
       2667;20200122;   10;   4.5;   1.2;    3;   0.0;   8;    0.000;   0;   6.9;   5.5; 1024.99;   -1.0;   96.08;    1.2;   -5.6;   -7.9;eor
       2667;20200123;   10;   6.7;   2.4;    3;   0.0;   0;    0.000;   0;   6.9;   6.2; 1019.69;    1.7;   89.46;    2.9;   -2.5;   -4.4;eor
       2667;20200124;   10;   7.5;   3.0;    3;   0.0;   0;    0.000;   0;   7.9;   5.3; 1012.32;    0.4;   84.21;    1.0;   -0.1;   -0.5;eor
       2667;20200125;   10;   6.2;   3.0;    3;   0.0;   0;    0.000;   0;   8.0;   6.2; 1010.12;    1.5;   91.04;    3.3;   -0.2;   -0.2;eor
       2667;20200126;   10;   7.7;   4.0;    3;   0.5;   6;    5.217;   0;   5.3;   7.1; 1005.26;    4.4;   84.83;    9.2;    0.5;   -0.9;eor
       2667;20200127;   10;  11.3;   4.4;    3;   7.1;   6;    0.000;   0;   7.0;   8.6;  995.81;    6.9;   86.04;    9.3;    3.4;    1.8;eor
       2667;20200128;   10;  18.2;   5.7;    3;   2.4;   6;    1.467;   0;   5.9;   6.8;  985.48;    5.4;   75.13;    7.9;    2.3;   -0.7;eor
       2667;20200129;   10;  14.7;   4.9;    3;   1.1;   8;    0.583;   0;   7.0;   6.4;  996.67;    4.7;   74.58;    6.7;    3.4;    1.4;eor
       2667;20200130;   10;   9.9;   4.1;    3;   2.0;   6;    1.317;   0;   7.1;   8.2;  997.87;    7.8;   76.75;   13.1;    5.0;    2.7;eor
       2667;20200131;   10;  14.4;   4.0;    3;   0.4;   6;    3.367;   0;   6.9;  11.2;  997.66;   12.3;   78.58;   15.9;    9.3;    7.0;eor
       2667;20200201;    3;  13.7;   4.3;    3;  13.1;   6;    0.050;   0;   6.8;  10.7;  994.96;   10.8;   82.25;   12.1;    8.2;    5.5;eor
       2667;20200202;    3;  15.1;   5.2;    3;   3.6;   6;    0.000;   0;   7.8;   9.5;  998.26;    9.6;   78.38;   13.8;    5.8;    5.2;eor
       2667;20200203;    3;  14.7;   5.2;    3;  17.1;   6;    0.133;   0;   7.3;   9.4; 1000.27;    9.8;   78.08;   11.8;    4.9;    4.3;eor
       2667;20200204;    3;  16.1;   5.0;    3;   1.6;   6;    0.367;   0;   7.0;   7.4; 1003.21;    4.7;   86.29;    6.5;    3.8;    3.1;eor
       2667;20200205;    3;   7.2;   2.6;    3;   0.0;   0;    5.517;   0;   4.8;   6.7; 1022.35;    4.0;   83.21;    7.8;    0.6;   -1.6;eor
       2667;20200206;    3;   3.6;   1.7;    3;   0.0;   6;    0.167;   0;   5.7;   6.1; 1020.72;    3.0;   81.25;    6.2;   -1.6;   -3.8;eor
       2667;20200207;    3;  11.5;   5.0;    3;   0.0;   0;    8.250;   0;   0.0;   5.5; 1015.06;    3.1;   72.71;    8.0;   -2.6;   -4.9;eor
       2667;20200208;    3;   8.2;   4.3;    3;   0.1;   6;    0.000;   0;   6.9;   6.5; 1009.63;    5.4;   71.88;    8.1;    2.3;    0.6;eor
       2667;20200209;    3;  22.1;   8.4;    3;  11.1;   6;    0.133;   0;   6.7;   8.6;  996.50;   10.2;   69.38;   14.0;    4.3;    3.0;eor
       2667;20200210;    3;  26.4;  10.0;    3;   6.6;   8;    1.917;   0;   6.6;   7.6;  986.11;    8.1;   70.13;   10.7;    2.5;    1.5;eor
       2667;20200211;    3;  20.2;   8.3;    3;   1.8;   8;    3.050;   0;   4.5;   5.8;  993.98;    5.2;   66.08;    7.8;    1.8;    0.3;eor
       2667;20200212;    3;  16.1;   6.1;    3;   0.0;   6;    3.250;   0;   4.0;   5.8; 1003.00;    4.8;   67.63;    8.6;    1.2;   -0.9;eor
       2667;20200213;    3;  15.8;   4.5;    3;   4.4;   6;    1.150;   0;   6.8;   7.0;  994.37;    4.5;   82.04;    7.7;    0.8;   -1.0;eor
       2667;20200214;    3;  10.3;   3.8;    3;   0.1;   6;    0.017;   0;   7.4;   7.8; 1007.00;    6.6;   79.58;    7.9;    4.9;    3.1;eor
       2667;20200215;    3;  12.5;   5.0;    3;   0.0;   6;    6.133;   0;   6.3;   7.9; 1007.26;    8.6;   71.04;   13.2;    4.0;    2.0;eor
       2667;20200216;    3;  23.0;   8.2;    3;   0.8;   6;    0.783;   0;   7.2;   9.6;  995.97;   14.3;   60.08;   18.7;    8.5;    7.2;eor
       2667;20200217;    3;  18.0;   5.3;    3;   0.0;   6;    3.000;   0;   6.3;   7.6; 1002.67;    8.5;   68.33;   12.7;    4.1;    2.2;eor
       2667;20200218;    3;  14.4;   5.8;    3;   3.3;   6;    0.550;   0;   6.7;   7.0; 1009.78;    7.3;   68.13;    9.3;    5.4;    3.5;eor
       2667;20200219;    3;  14.4;   5.2;    3;   0.7;   6;    1.017;   0;   7.1;   6.5; 1007.35;    5.4;   72.71;    8.4;    1.8;   -1.1;eor
       2667;20200220;    3;  17.5;   5.5;    3;   2.6;   6;    0.150;   0;   7.7;   7.9; 1004.72;    7.6;   76.21;   10.3;    4.1;    2.8;eor
       2667;20200221;    3;  11.8;   5.3;    3;   0.0;   0;    3.817;   0;   5.5;   6.6; 1013.71;    6.1;   70.13;    9.9;    2.7;    0.7;eor
       2667;20200222;    3;  14.9;   5.6;    3;   3.3;   6;    0.667;   0;   5.9;   7.4; 1010.51;    7.8;   70.00;   11.0;    1.9;    0.6;eor
       2667;20200223;    3;  23.1;   7.6;    3;   3.9;   6;    0.000;   0;   7.8;  10.0; 1005.06;   10.2;   79.96;   14.3;    4.9;    2.7;eor
       2667;20200224;    3;  12.7;   4.6;    3;   2.3;   6;    0.033;   0;   7.3;   8.3; 1003.85;    7.4;   78.75;   12.6;    2.3;   -0.2;eor
       2667;20200225;    3;  16.5;   5.7;    3;   3.0;   8;    3.950;   0;   6.2;   7.6;  989.19;    8.2;   70.38;   11.4;    3.1;    1.3;eor
       2667;20200226;    3;  16.3;   5.8;    3;   5.5;   8;    0.017;   0;   6.8;   6.5;  988.08;    3.3;   83.21;    4.8;    1.5;    0.4;eor
       2667;20200227;    3;  10.3;   4.4;    3;  12.7;   8;    0.000;   0;   7.4;   6.3;  990.50;    2.3;   88.21;    4.8;    0.2;   -0.1;eor
       2667;20200228;    3;  15.9;   5.0;    3;   3.6;   6;    5.033;   0;   6.0;   6.2; 1002.10;    4.2;   75.79;    7.7;    1.0;   -1.2;eor
       2667;20200229;    3;  21.1;   5.3;    3;   1.3;   6;    0.467;   0;   6.9;   8.1;  984.77;    8.8;   71.42;   14.2;    5.0;    2.4;eor
       2667;20200301;    3;  16.3;   5.0;    3;  11.1;   6;    2.000;   0;   6.5;   7.1;  983.43;    7.1;   71.04;   11.2;    3.9;    2.3;eor
       2667;20200302;    3;  12.3;   4.1;    3;   4.3;   6;    0.350;   0;   6.2;   7.7;  980.48;    5.9;   83.00;   10.3;    2.0;    0.2;eor
       2667;20200303;    3;  11.8;   3.4;    3;   1.1;   6;    6.083;   0;   3.8;   6.8;  991.39;    5.0;   78.67;    9.3;    1.5;   -0.9;eor
       2667;20200304;    3;  11.8;   3.3;    3;   0.5;   6;    2.883;   0;   5.7;   6.9;  998.60;    5.5;   77.08;   10.3;    1.5;   -0.7;eor
       2667;20200305;    3;   9.3;   4.9;    3;  16.2;   6;    0.000;   0;   8.0;   8.1;  984.11;    5.6;   88.17;    7.0;    4.1;    3.3;eor
       2667;20200306;    3;  11.5;   4.5;    3;   2.2;   6;    0.000;   0;   7.3;   8.0;  984.09;    5.5;   87.58;    7.0;    3.6;    2.1;eor
       2667;20200307;    3;   9.1;   3.5;    3;   0.0;   6;    3.600;   0;   6.2;   6.6; 1005.52;    6.1;   70.96;   10.3;    2.7;    0.8;eor
       2667;20200308;    3;  13.4;   4.6;    3;   1.2;   6;    1.883;   0;   7.1;   8.2; 1002.08;    9.1;   71.08;   13.7;    6.6;    5.5;eor
       2667;20200309;    3;  11.3;   3.6;    3;   7.0;   8;    1.217;   0;   6.7;   7.8; 1001.46;    7.7;   74.42;   10.7;    5.8;    4.4;eor
       2667;20200310;    3;  19.0;   5.3;    3;  15.9;   6;    0.000;   0;   8.0;  10.6;  996.30;    9.9;   85.33;   14.3;    5.5;    4.8;eor
       2667;20200311;    3;  13.5;   4.9;    3;  19.8;   6;    0.117;   0;   7.7;  13.2;  999.82;   12.6;   90.50;   14.0;   11.5;   10.8;eor
       2667;20200312;    3;  17.7;   6.5;    3;   1.1;   6;    5.633;   0;   5.1;   7.9;  999.54;   10.5;   61.50;   13.7;    4.5;    3.3;eor
       2667;20200313;    3;  16.5;   5.4;    3;   2.8;   8;    1.517;   0;   6.1;   7.1; 1005.98;    7.1;   70.75;   11.5;    3.8;    3.0;eor
       2667;20200314;    3;   8.7;   2.8;    3;   0.3;   6;    4.283;   0;   5.1;   7.3; 1009.10;    6.8;   75.83;   10.9;    1.8;   -0.1;eor
       2667;20200315;    3;  12.2;   4.5;    3;   0.0;   0;    7.050;   0;   6.3;   7.4; 1003.86;   10.5;   58.71;   16.0;    5.6;    4.2;eor
       2667;20200316;    3;   5.7;   2.4;    3;   0.0;   6;    9.383;   0;   4.5;   8.1; 1007.49;   10.8;   63.29;   18.3;    2.2;   -0.8;eor
       2667;20200317;    3;   6.7;   2.5;    3;   0.0;   0;    9.667;   0;   5.1;   7.9; 1017.29;   10.8;   62.13;   16.5;    3.8;    0.9;eor
       2667;20200318;    3;   8.2;   2.5;    3;   0.0;   0;    9.050;   0;   2.8;   8.8; 1015.50;   10.6;   69.25;   18.0;    1.9;   -0.6;eor
       2667;20200319;    3;   7.2;   2.0;    3;   0.0;   0;    6.283;   0;   4.1;   9.2; 1012.88;   11.4;   70.42;   17.4;    4.0;    1.4;eor
       2667;20200320;    3;  10.3;   3.5;    3;   2.0;   6;    0.667;   0;   7.2;   9.3; 1012.15;    9.5;   77.79;   13.1;    4.7;    4.2;eor
       2667;20200321;    3;  14.2;   6.1;    3;   0.0;   0;    8.783;   0;   3.4;   5.5; 1014.25;    6.4;   58.46;   10.5;    2.6;    0.6;eor
       2667;20200322;    3;-999;-999;    3;   0.0;   0;   11.400;   0;   0.0;   3.5; 1017.92;    5.1;   41.50;   10.7;    0.9;   -1.1;eor
       2667;20200323;    3;  15.1;   6.7;    3;   0.0;   0;   11.433;   0;   0.0;   2.8; 1020.86;    4.5;   33.75;    9.8;    0.1;   -2.4;eor
       2667;20200324;    3;  13.7;   5.2;    3;   0.0;   0;   11.517;   0;   0.6;   2.8; 1019.35;    4.7;   34.88;   10.5;   -0.3;   -4.0;eor
       2667;20200325;    3;  10.3;   5.2;    3;   0.0;   0;   11.517;   0;   0.4;   2.6; 1013.97;    6.4;   28.92;   13.5;   -0.6;   -5.0;eor
       2667;20200326;    3;  11.7;   4.5;    3;   0.0;   0;   11.517;   0;   1.1;   3.8; 1009.40;    6.3;   39.67;   12.2;   -0.3;   -4.3;eor
       2667;20200327;    3;   8.7;   2.8;    3;   0.0;   0;   11.017;   0;   0.7;   5.8; 1006.55;    9.4;   50.88;   17.6;   -0.1;   -2.3;eor
       2667;20200328;    3;  12.5;   4.1;    3;   0.0;   0;   11.133;   0;   0.3;   6.4; 1008.84;    9.2;   58.79;   17.3;    0.6;   -1.7;eor
       2667;20200329;    1;  14.9;   6.4;    1;   0.0;   8;    1.267;   0;   5.7;   5.3; 1015.38;    3.6;   66.67;    7.0;   -0.5;   -3.0;eor
       2667;20200330;    1;   8.6;   2.9;    1;   0.6;   6;    7.367;   0;   3.3;   4.4; 1017.48;    3.0;   56.46;    8.6;   -4.1;   -7.8;eor
       2667;20200331;    1;   8.4;   2.8;    1;   0.0;   0;   11.767;   0;   1.2;   4.9; 1016.09;    4.9;   60.13;   10.9;   -0.8;   -4.1;eor
       2667;20200401;    1;   8.6;   2.1;    1;   0.0;   0;   11.850;   0;   0.3;   4.1; 1009.45;    4.4;   52.67;   11.7;   -4.8;   -6.9;eor
       2667;20200402;    1;  10.8;   3.1;    1;   0.0;   6;   11.067;   0;   2.0;   5.5; 1002.45;    5.3;   63.42;   11.4;   -4.0;   -6.0;eor
       2667;20200403;    1;  10.1;   3.8;    1;   0.0;   0;    1.100;   0;   6.0;   6.8; 1004.50;    8.4;   61.83;   12.2;    1.1;   -2.8;eor
       2667;20200404;    1;   8.2;   2.4;    1;   0.0;   0;   12.150;   0;   1.0;   5.4; 1012.09;    7.3;   57.38;   15.3;   -2.8;   -5.7;eor
       2667;20200405;    1;  15.6;   5.1;    1;   0.0;   0;   12.200;   0;   0.0;   6.0; 1010.01;   12.8;   43.88;   20.1;    1.2;   -1.7;eor
       2667;20200406;    1;  13.5;   4.3;    1;   0.0;   0;   12.217;   0;   0.3;   6.4; 1009.13;   16.3;   36.38;   23.6;   10.1;    6.9;eor
       2667;20200407;    1;   6.7;   1.7;    1;   0.0;   0;    9.317;   0;   2.3;  10.3; 1017.33;   15.3;   61.46;   22.2;    6.1;    3.2;eor
       2667;20200408;    1;   6.7;   2.2;    1;   0.0;   0;   12.000;   0;   1.0;   8.9; 1012.73;   16.9;   50.25;   25.0;    7.6;    4.9;eor
       2667;20200409;    1;   8.7;   2.9;    1;   0.0;   0;   11.983;   0;   0.8;   8.9; 1012.09;   14.7;   56.67;   23.8;    5.0;    3.0;eor
       2667;20200410;    1;   8.9;   2.5;    1;   0.0;   0;   11.950;   0;   1.2;   8.4; 1013.30;   13.9;   56.25;   22.7;    4.8;    1.7;eor
       2667;20200411;    1;   6.2;   2.5;    1;   0.0;   0;   12.383;   0;   1.4;   6.9; 1011.15;   14.9;   42.67;   23.6;    3.7;    0.1;eor
       2667;20200412;    1;   7.0;   2.2;    1;   0.0;   6;   11.900;   0;   1.2;   7.7; 1003.93;   16.2;   44.83;   24.2;    6.9;    4.1;eor
       2667;20200413;    1;  12.5;   4.9;    1;   0.7;   6;    6.667;   0;   3.6;   6.5; 1007.71;    8.2;   59.79;   11.7;    1.0;   -2.3;eor
       2667;20200414;    1;   8.7;   3.1;    1;   0.0;   0;    4.883;   0;   4.5;   5.2; 1014.13;    5.5;   58.38;   11.2;    0.2;   -3.0;eor
       2667;20200415;    1;   7.2;   2.2;    1;   0.0;   0;   11.350;   0;   4.8;   5.8; 1011.72;    9.3;   54.29;   18.9;   -2.2;   -3.6;eor
       2667;20200416;    1;   6.0;   2.3;    1;   0.0;   0;   12.450;   0;   2.3;   7.1; 1004.79;   14.7;   46.21;   24.6;    2.9;    0.8;eor
       2667;20200417;    1;   7.2;   2.1;    1;   0.0;   0;   12.367;   0;   1.4;   8.9; 1003.54;   15.1;   54.88;   24.2;    4.3;    2.4;eor
       2667;20200418;    1;   8.7;   2.6;    1;   0.0;   6;    2.950;   0;   4.6;  10.9; 1003.43;   14.3;   68.33;   21.4;    5.8;    4.6;eor
       2667;20200419;    1;   9.8;   3.2;    1;   0.2;   6;    1.900;   0;   5.5;  10.2; 1005.67;   13.2;   68.54;   18.5;    9.5;    6.9;eor
       2667;20200420;    1;  15.3;   7.1;    1;   0.0;   0;   13.167;   0;   0.2;   5.0; 1005.77;   13.8;   33.13;   20.3;    7.7;    5.1;eor
       2667;20200421;    1;  16.1;   6.2;    1;   0.0;   0;   13.200;   0;   0.6;   5.4; 1004.85;   15.0;   33.13;   21.6;    7.6;    2.0;eor
       2667;20200422;    1;  12.7;   5.6;    1;   0.0;   0;   13.300;   0;   0.0;   5.6; 1007.03;   16.5;   32.38;   23.6;    9.3;    6.5;eor
       2667;20200423;    1;  10.6;   2.8;    1;   0.0;   0;   12.700;   0;   1.5;   6.9; 1006.95;   15.0;   43.88;   23.3;    3.9;    1.0;eor
       2667;20200424;    1;  10.8;   3.8;    1;   0.0;   0;   11.817;   0;   4.0;   8.1; 1000.92;   13.7;   54.67;   21.9;    4.8;    2.7;eor
       2667;20200425;    1;   8.2;   3.2;    1;   0.0;   0;    9.550;   0;   2.8;   7.4; 1001.27;   10.5;   60.42;   16.9;    4.6;    1.4;eor
       2667;20200426;    1;   6.3;   1.9;    1;   0.0;   0;   13.400;   0;   0.4;   7.0;  999.22;   11.1;   58.88;   20.4;    1.0;   -1.7;eor
       2667;20200427;    1;   8.9;   2.4;    1;   0.0;   0;   13.283;   0;   2.7;   7.8;  996.21;   13.2;   56.96;   23.1;    1.9;    0.3;eor
       2667;20200428;    1;  12.0;   3.1;    1;   2.2;   6;    1.167;   0;   6.2;  11.7;  992.53;   13.6;   74.63;   18.5;    6.7;    4.9;eor
       2667;20200429;    1;  12.2;   3.9;    1;   3.5;   6;    2.033;   0;   6.7;  10.8;  993.89;   14.4;   66.58;   19.1;   10.8;   10.0;eor
       2667;20200430;    1;  14.6;   4.2;    1;  12.6;   6;    3.300;   0;   6.5;  10.2;  990.45;   11.5;   76.46;   17.3;    8.0;    6.6;eor
       2667;20200501;    1;  16.5;   4.3;    1;   3.5;   6;    5.300;   0;   5.8;   9.3;  990.34;   10.7;   74.25;   16.4;    5.8;    4.5;eor
       2667;20200502;    1;  15.1;   3.8;    1;   4.3;   6;    3.733;   0;   5.0;   9.5;  997.81;    9.6;   80.13;   13.8;    4.6;    2.0;eor
       2667;20200503;    1;   6.7;   1.8;    1;   0.2;   6;    8.367;   0;   5.1;   8.8; 1005.79;   10.8;   70.38;   17.4;    0.5;   -0.2;eor
       2667;20200504;    1;  10.1;   2.7;    1;   0.0;   6;    3.517;   0;   5.5;   9.7; 1005.74;   11.7;   71.13;   16.0;    7.2;    5.1;eor
       2667;20200505;    1;  10.8;   2.9;    1;   0.0;   0;   13.767;   0;   2.9;   6.4; 1008.71;   10.2;   53.71;   15.9;    4.0;    1.5;eor
       2667;20200506;    1;  10.5;   2.5;    1;   0.0;   0;   13.983;   0;   0.6;   6.1; 1012.58;   10.7;   53.13;   18.9;   -0.4;   -1.5;eor
       2667;20200507;    1;   4.6;   1.6;    1;   0.0;   0;   12.200;   0;   2.9;   7.2; 1011.39;   12.9;   54.13;   21.7;    1.8;    0.2;eor
       2667;20200508;    1;   6.2;   2.1;    1;   0.0;   0;   10.100;   0;   5.5;   9.0; 1005.93;   15.3;   55.75;   23.2;    5.3;    3.6;eor
       2667;20200509;    1;   7.5;   2.4;    1;   0.0;   0;    8.283;   0;   5.3;  10.4; 1000.52;   16.7;   56.88;   24.3;    6.9;    6.3;eor
       2667;20200510;    1;  12.7;   2.8;    1;   1.8;   6;    1.533;   0;   6.9;  13.2;  994.40;   15.5;   74.75;   20.7;    8.5;    8.2;eor
       2667;20200511;    1;  17.5;   7.1;    1;   0.1;   6;    5.167;   0;   4.8;   6.2;  999.49;    8.2;   58.54;   13.3;    3.0;   -0.1;eor
       2667;20200512;    1;   7.9;   2.3;    1;   0.0;   0;    9.483;   0;   2.5;   5.6; 1006.55;    6.3;   61.92;   13.3;   -1.3;   -3.5;eor
       2667;20200513;    1;  10.3;   2.9;    1;   0.0;   6;    4.550;   0;   6.1;   6.5; 1001.60;    8.6;   60.00;   14.8;    1.5;    0.8;eor
       2667;20200514;    1;  13.9;   4.0;    1;   0.0;   0;   12.950;   0;   1.7;   6.0; 1006.20;    8.8;   56.46;   15.7;    0.9;   -1.8;eor
       2667;20200515;    1;   9.8;   3.2;    1;   0.0;   0;   14.283;   0;   0.5;   6.0; 1008.85;    9.6;   53.50;   16.8;   -0.7;   -2.5;eor
       2667;20200516;    1;   9.9;   2.9;    1;   0.0;   0;   11.567;   0;   2.8;   7.0; 1010.81;   11.1;   57.04;   19.0;   -0.6;   -1.7;eor
       2667;20200517;    1;   9.6;   2.3;    1;   0.0;   0;   14.183;   0;   1.2;   8.0; 1012.06;   12.2;   59.88;   19.8;    3.9;    1.6;eor
       2667;20200518;    1;   9.4;   3.0;    1;   0.0;   0;   13.833;   0;   3.2;   9.6; 1011.25;   15.7;   57.25;   24.0;    4.6;    2.7;eor
       2667;20200519;    1;   9.4;   2.9;    1;   0.0;   0;   10.867;   0;   3.8;  10.2; 1010.03;   17.0;   54.67;   24.3;    5.4;    3.6;eor
       2667;20200520;    1;   7.2;   3.1;    1;   0.0;   0;    8.817;   0;   3.8;  12.7; 1010.29;   17.2;   65.79;   22.6;   12.4;    9.8;eor
       2667;20200521;    1;   8.2;   2.2;    1;   0.0;   0;   14.467;   0;   2.3;  12.0; 1009.24;   19.2;   58.50;   28.5;    7.9;    5.9;eor
       2667;20200522;    1;  14.1;   3.8;    1;   1.4;   6;    0.150;   0;   7.1;  15.1; 1007.09;   19.6;   67.50;   27.0;   12.2;   10.7;eor
       2667;20200523;    1;  12.0;   4.4;    1;   0.0;   6;    4.333;   0;   5.5;   9.9; 1011.78;   15.0;   58.58;   19.9;   10.2;    7.8;eor
       2667;20200524;    1;  13.4;   4.2;    1;   1.2;   6;    1.917;   0;   5.4;  10.6; 1017.38;   13.1;   70.38;   17.7;    7.7;    4.9;eor
       2667;20200525;    1;  11.0;   4.0;    1;   0.0;   0;    4.183;   0;   5.2;  12.3; 1021.07;   15.2;   72.67;   20.5;    8.6;    6.0;eor
       2667;20200526;    1;   9.3;   2.7;    1;   0.0;   0;   14.767;   0;   3.3;   9.3; 1022.50;   15.6;   57.75;   23.4;    5.1;    2.9;eor
       2667;20200527;    1;  10.1;   3.3;    1;   0.0;   0;   13.167;   0;   2.0;  10.2; 1020.61;   18.1;   51.54;   25.3;    8.3;    5.9;eor
       2667;20200528;    1;  10.6;   4.1;    1;   0.0;   0;   14.967;   0;   1.3;   8.0; 1019.46;   15.9;   46.83;   22.2;    9.1;    5.8;eor
       2667;20200529;    1;   8.7;   2.3;    1;   0.0;   0;   13.100;   0;   1.0;   7.7; 1014.67;   16.1;   46.42;   24.2;    4.9;    2.9;eor
       2667;20200530;    1;  10.1;   3.4;    1;   0.0;   0;   11.417;   0;   1.7;   7.7; 1011.16;   16.8;   43.00;   24.5;    5.8;    3.8;eor
       2667;20200531;    1;  10.6;   2.9;    1;   0.0;   0;   13.267;   0;   3.3;   8.2; 1009.93;   16.3;   46.88;   23.2;    7.7;    5.3;eor
       2667;20200601;    1;   7.7;   2.3;    1;   0.0;   0;   14.400;   0;   1.9;   9.5; 1009.02;   19.5;   46.25;   28.3;    7.8;    5.6;eor
       2667;20200602;    1;   8.2;   2.3;    1;   0.0;   0;   13.950;   0;   5.0;  10.2; 1004.19;   20.8;   45.54;   29.1;    8.6;    6.7;eor
       2667;20200603;    1;   8.6;   2.6;    1;   3.1;   6;    9.033;   0;   6.5;  11.6;  993.34;   20.0;   51.42;   26.4;   12.1;    9.9;eor
       2667;20200604;    1;  10.3;   3.5;    1;   6.6;   6;    0.000;   0;   7.9;  13.7;  985.78;   13.6;   87.92;   18.0;    9.2;    9.0;eor
       2667;20200605;    1;  16.1;   4.0;    1;  12.1;   6;    0.600;   0;   6.8;  10.5;  985.40;   10.3;   84.13;   13.7;    7.5;    6.4;eor
       2667;20200606;    1;  14.2;   4.6;    1;   0.1;   6;    5.100;   0;   5.7;   8.7;  989.65;   12.9;   60.50;   18.9;    7.2;    5.2;eor
       2667;20200607;    1;  10.5;   3.8;    1;   0.0;   0;    7.350;   0;   4.8;   9.1;  996.26;   14.2;   57.50;   20.4;    8.3;    6.4;eor
       2667;20200608;    1;   8.7;   2.5;    1;   0.0;   0;    6.933;   0;   5.8;  11.0; 1002.32;   14.4;   69.21;   20.5;    7.9;    6.4;eor
       2667;20200609;    1;  11.1;   2.9;    1;   8.1;   6;    5.383;   0;   6.0;  12.9; 1004.97;   14.2;   80.75;   19.8;    8.5;    7.8;eor
