STATIONS_ID;MESS_DATUM;QN_3;  FX;  FM;QN_4; RSK;RSKF; SDK;SHK_TAG;  NM; VPM;  PM; TMK; UPM; TXK; TNK; TGK;eor
       2497;20181208;   10;  18.3;   7.5;    3;  13.0;   4;    0.050;   0;  -999;   8.0;    -999;    5.2;   90.29;    7.8;    2.5;    2.2;eor
       2497;20181209;   10;  19.5;   7.0;    3;  11.1;   4;    0.017;   0;  -999;   7.8;    -999;    5.0;   89.33;    6.6;    2.5;    2.0;eor
       2497;20181210;   10;  11.8;   5.2;    3;   7.3;   4;    0.483;   0;  -999;   6.5;    -999;    2.2;   90.29;    3.8;    0.8;    0.2;eor
       2497;20181211;   10;   8.5;   3.4;    3;   0.2;   4;    1.433;   1;  -999;   6.2;    -999;    1.3;   92.92;    2.8;   -0.6;   -2.3;eor
       2497;20181212;   10;   4.3;   1.5;    3;   0.0;   0;    0.200;   0;  -999;   5.6;    -999;   -0.9;   97.29;    0.6;   -3.1;   -4.8;eor
       2497;20181213;   10;   9.7;   3.7;    3;   0.0;   0;    2.817;   0;  -999;   4.5;    -999;   -1.8;   82.96;   -0.5;   -3.0;   -5.6;eor
       2497;20181214;   10;   8.7;   3.4;    3;   0.1;   4;    0.017;   0;  -999;   3.8;    -999;   -2.7;   76.21;   -2.3;   -3.2;   -3.2;eor
       2497;20181215;   10;  16.9;   5.7;    3;   5.0;   4;    0.350;   0;  -999;   3.6;    -999;   -3.4;   75.42;   -2.4;   -4.3;   -5.2;eor
       2497;20181216;   10;  14.2;   5.6;    3;   0.4;   4;    0.833;   5;  -999;   5.6;    -999;   -0.4;   93.63;    2.6;   -3.7;   -3.6;eor
       2497;20181217;   10;  10.0;   4.9;    3;   0.2;   4;    0.150;   2;  -999;   7.1;    -999;    3.2;   92.58;    4.4;    1.9;    0.3;eor
       2497;20181218;   10;  16.2;   6.4;    3;   0.0;   0;    2.033;   0;  -999;   6.8;    -999;    2.9;   90.25;    4.0;    1.6;    0.0;eor
       2497;20181219;   10;  13.7;   5.7;    3;   0.6;   4;    0.517;   0;  -999;   7.9;    -999;    5.1;   89.25;    6.2;    3.4;    2.7;eor
       2497;20181220;   10;  13.4;   5.9;    3;   5.8;   4;    0.100;   0;  -999;   7.8;    -999;    4.9;   90.92;    5.6;    4.1;    3.0;eor
       2497;20181221;   10;  22.8;   8.8;    3;  13.3;   4;    0.000;   0;  -999;   9.3;    -999;    7.9;   86.88;   10.9;    5.0;    4.4;eor
       2497;20181222;   10;  19.1;   5.8;    3;   4.4;   4;    0.683;   0;  -999;   8.7;    -999;    7.2;   86.00;    8.3;    5.1;    3.8;eor
       2497;20181223;   10;  16.5;   4.8;    3;  21.2;   4;    0.000;   0;  -999;   9.3;    -999;    6.8;   93.42;   10.0;    4.3;    3.4;eor
       2497;20181224;   10;  11.9;   3.5;    3;   0.0;   0;    0.867;   0;  -999;   6.6;    -999;    1.9;   93.54;    4.4;   -2.3;   -4.4;eor
       2497;20181225;   10;   4.9;   2.0;    3;   0.0;   0;    3.517;   0;  -999;   5.2;    -999;   -0.6;   88.21;    2.6;   -3.9;   -5.6;eor
       2497;20181226;   10;   7.2;   1.8;    3;   0.0;   0;    6.617;   0;  -999;   3.9;    -999;    0.5;   64.21;    6.9;   -5.5;   -7.3;eor
       2497;20181227;   10;   7.3;   1.6;    3;   0.0;   0;    1.100;   0;  -999;   5.9;    -999;    3.1;   76.63;    7.9;   -0.8;   -3.2;eor
       2497;20181228;   10;   4.5;   1.5;    3;   0.1;   4;    7.333;   0;  -999;   5.3;    -999;    1.3;   79.71;    7.1;   -2.2;   -4.0;eor
       2497;20181229;   10;  13.0;   4.2;    3;   0.9;   4;    0.000;   0;  -999;   7.4;    -999;    3.3;   95.83;    5.8;    2.0;    1.7;eor
       2497;20181230;   10;  12.8;   4.4;    3;   0.9;   4;    0.000;   0;  -999;   7.8;    -999;    4.9;   89.88;    6.1;    4.1;    3.6;eor
       2497;20181231;   10;   5.7;   2.7;    3;   0.5;   4;    0.000;   0;  -999;   9.3;    -999;    6.4;   96.67;    7.4;    5.7;    5.4;eor
       2497;20190101;   10;  15.4;   5.3;    3;   3.1;   4;    0.000;   0;  -999;   7.6;    -999;    4.1;   92.38;    5.8;    1.5;    1.1;eor
       2497;20190102;   10;  14.2;   5.6;    3;   0.0;   0;    0.517;   0;  -999;   5.4;    -999;    0.8;   82.96;    2.1;   -2.9;   -4.9;eor
       2497;20190103;   10;   8.9;   3.5;    3;   1.0;   4;    0.117;   0;  -999;   5.9;    -999;    0.3;   94.79;    1.1;   -2.8;   -4.8;eor
       2497;20190104;   10;  10.2;   3.6;    3;   1.5;   4;    0.167;   0;  -999;   5.9;    -999;    0.3;   95.08;    1.0;   -0.2;   -1.1;eor
       2497;20190105;   10;  14.2;   6.0;    3;   3.2;   4;    0.000;   0;  -999;   7.2;    -999;    2.6;   98.13;    3.7;    0.8;    0.7;eor
       2497;20190106;   10;  10.5;   3.7;    3;   1.2;   4;    0.200;   0;  -999;   6.8;    -999;    2.0;   96.08;    2.9;    0.9;    0.6;eor
       2497;20190107;   10;  15.2;   3.8;    3;   4.0;   4;    0.483;   0;  -999;   7.2;    -999;    2.8;   96.00;    5.2;    1.1;    0.4;eor
       2497;20190108;   10;  19.2;   7.8;    3;   8.7;   4;    0.117;   0;  -999;   7.0;    -999;    3.3;   90.08;    6.3;    0.3;    0.1;eor
       2497;20190109;   10;  15.1;   6.8;    3;   0.0;   0;    1.050;   1;  -999;   5.5;    -999;    0.5;   86.75;    1.7;   -1.5;   -2.1;eor
       2497;20190110;   10;   9.6;   2.9;    3;   0.3;   4;    0.000;   0;  -999;   4.9;    -999;   -1.6;   89.75;   -0.9;   -2.4;   -2.3;eor
       2497;20190111;   10;  10.5;   4.0;    3;   2.5;   4;    0.000;   0;  -999;   6.7;    -999;    1.4;   97.21;    3.9;   -1.7;   -2.1;eor
       2497;20190112;   10;  16.6;   4.9;    3;   5.4;   4;    0.000;   0;  -999;   7.3;    -999;    3.4;   93.83;    4.9;    2.3;    1.9;eor
       2497;20190113;   10;  18.4;   6.2;    3;  12.6;   4;    0.000;   0;  -999;   8.7;    -999;    5.6;   95.04;    6.9;    3.2;    2.7;eor
       2497;20190114;   10;  14.7;   5.4;    3;   8.3;   4;    0.483;   0;  -999;   6.4;    -999;    2.0;   91.04;    4.2;    0.1;   -0.8;eor
       2497;20190115;   10;  12.9;   4.3;    3;   0.4;   4;    0.650;   0;  -999;   6.5;    -999;    2.3;   90.79;    3.7;    0.3;   -0.2;eor
       2497;20190116;   10;  14.2;   6.6;    3;   1.3;   4;    1.417;   0;  -999;   6.3;    -999;    2.2;   87.50;    3.3;    1.3;    0.7;eor
       2497;20190117;   10;  14.2;   5.7;    3;   5.9;   4;    0.233;   0;  -999;   6.2;    -999;    1.0;   93.67;    3.2;   -1.4;   -2.5;eor
       2497;20190118;   10;   7.9;   2.0;    3;   0.0;   0;    4.317;   3;  -999;   4.5;    -999;   -2.5;   87.92;    0.8;   -6.4;   -9.7;eor
       2497;20190119;   10;   8.8;   3.9;    3;   0.0;   0;    7.317;   2;  -999;   3.6;    -999;   -3.7;   78.63;   -0.7;   -6.0;   -9.4;eor
       2497;20190120;   10;   7.0;   1.6;    3;   0.0;   0;    7.867;   2;  -999;   3.4;    -999;   -6.0;   86.21;   -1.6;   -9.5;  -14.5;eor
       2497;20190121;   10;   4.3;   1.5;    3;   0.0;   0;    7.950;   2;  -999;   3.0;    -999;   -5.7;   75.92;    1.3;  -10.8;  -14.8;eor
       2497;20190122;   10;  13.0;   5.4;    3;   0.0;   0;    5.150;   2;  -999;   3.3;    -999;   -5.0;   79.25;   -3.8;   -6.7;  -12.5;eor
       2497;20190123;   10;   8.5;   3.1;    3;   0.0;   0;    0.000;   2;  -999;   4.1;    -999;   -4.2;   90.63;   -3.1;   -5.2;   -5.2;eor
       2497;20190124;   10;   5.8;   2.2;    3;   0.6;   4;    0.250;   2;  -999;   3.5;    -999;   -5.5;   86.67;   -2.7;   -6.8;   -6.5;eor
       2497;20190125;   10;  13.7;   5.2;    3;   0.2;   4;    2.400;   2;  -999;   5.0;    -999;   -1.5;   91.63;    1.1;   -2.7;   -4.1;eor
       2497;20190126;   10;  15.3;   5.8;    3;   1.8;   4;    0.000;   1;  -999;   7.4;    -999;    2.9;   97.25;    3.9;    1.1;    0.7;eor
       2497;20190127;   10;  15.4;   6.2;    3;   8.8;   4;    0.050;   0;  -999;   6.9;    -999;    2.7;   92.63;    4.2;    0.0;   -0.4;eor
       2497;20190128;   10;  13.9;   5.9;    3;   9.8;   4;    0.600;   8;  -999;   5.8;    -999;   -0.1;   95.21;    0.9;   -0.7;   -0.7;eor
       2497;20190129;   10;  10.1;   4.0;    3;   0.4;   4;    4.733;  19;  -999;   4.8;    -999;   -1.6;   88.08;   -0.4;   -4.4;   -6.2;eor
       2497;20190130;   10;  12.6;   3.9;    3;   3.9;   4;    0.000;  18;  -999;   4.6;    -999;   -2.5;   89.58;   -1.5;   -4.4;   -5.1;eor
       2497;20190131;   10;  11.4;   2.8;    3;   0.2;   4;    5.500;  23;  -999;   4.0;    -999;   -4.0;   88.50;    0.2;   -8.2;  -10.6;eor
       2497;20190201;   10;  12.1;   4.1;    3;   4.8;   4;    2.517;  14;  -999;   5.9;    -999;    0.4;   93.13;    3.0;   -2.6;   -3.0;eor
       2497;20190202;   10;   8.5;   1.9;    3;   0.3;   4;    0.000;  17;  -999;   6.1;    -999;    0.0;   99.00;    2.6;   -1.4;   -1.3;eor
       2497;20190203;   10;  10.2;   4.2;    3;   0.1;   4;    1.533;  12;  -999;   5.3;    -999;   -1.0;   92.58;    0.7;   -2.5;   -5.0;eor
       2497;20190204;   10;  14.4;   6.7;    3;   0.0;   0;    2.133;  12;  -999;   4.6;    -999;   -0.7;   79.33;    0.7;   -2.8;   -3.7;eor
       2497;20190205;   10;  12.1;   4.4;    3;   0.0;   4;    0.133;  10;  -999;   5.9;    -999;    1.3;   86.83;    3.2;   -0.4;   -0.6;eor
       2497;20190206;   10;  13.9;   6.8;    3;   0.2;   4;    2.983;   8;  -999;   5.3;    -999;    2.8;   70.96;    5.5;    1.4;    0.3;eor
       2497;20190207;   10;  12.6;   6.2;    3;   0.6;   4;    2.950;   5;  -999;   6.9;    -999;    3.7;   86.33;    5.9;    2.4;    1.7;eor
       2497;20190208;   10;  16.5;   7.7;    3;   5.6;   4;    0.000;   0;  -999;   7.5;    -999;    4.1;   91.54;    5.6;    2.5;    2.0;eor
       2497;20190209;   10;  18.7;   8.4;    3;   4.3;   4;    1.733;   0;  -999;   7.3;    -999;    4.8;   85.04;    6.8;    3.5;    2.6;eor
       2497;20190210;   10;  20.3;   8.0;    3;  19.8;   4;    0.000;   0;  -999;   7.8;    -999;    4.5;   92.21;    6.9;    0.5;    0.1;eor
       2497;20190211;   10;  12.5;   4.8;    3;   0.0;   4;    1.283;   1;  -999;   6.2;    -999;    1.8;   89.75;    3.9;   -0.4;   -1.8;eor
       2497;20190212;   10;   7.8;   3.0;    3;   0.0;   0;    2.200;   0;  -999;   5.7;    -999;    1.1;   86.88;    3.9;   -0.7;   -1.9;eor
       2497;20190213;   10;   6.1;   2.4;    3;   0.0;   0;    7.767;   0;  -999;   5.1;    -999;    1.9;   73.71;    7.5;   -3.0;   -4.9;eor
       2497;20190214;   10;   7.0;   2.1;    3;   0.0;   0;    9.350;   0;  -999;   3.7;    -999;    6.4;   41.38;   13.6;   -1.5;   -4.7;eor
       2497;20190215;   10;   9.3;   3.2;    3;   0.0;   0;    9.483;   0;  -999;   5.0;    -999;    8.9;   43.58;   15.9;    1.0;   -2.0;eor
       2497;20190216;   10;   9.5;   3.8;    3;   0.0;   0;    9.433;   0;  -999;   5.6;    -999;    9.9;   46.71;   15.2;    3.6;   -0.4;eor
       2497;20190217;   10;  11.8;   3.9;    3;   0.0;   0;    9.300;   0;  -999;   5.8;    -999;    8.8;   53.29;   15.4;    3.0;   -1.8;eor
       2497;20190218;   10;  10.9;   4.7;    3;   0.3;   4;    9.383;   0;  -999;   5.9;    -999;    8.5;   53.79;   13.2;    1.4;   -1.5;eor
       2497;20190219;   10;  11.9;   3.8;    3;   0.0;   0;    6.600;   0;  -999;   6.4;    -999;    5.4;   72.08;    9.1;    1.5;   -1.1;eor
       2497;20190220;   10;  10.1;   3.2;    3;   0.0;   0;    4.350;   0;  -999;   6.8;    -999;    4.2;   82.21;    8.8;    0.5;   -1.7;eor
       2497;20190221;   10;   9.5;   3.1;    3;   0.6;   4;    2.567;   0;  -999;   8.2;    -999;    7.2;   80.92;   11.5;    2.9;    0.9;eor
       2497;20190222;   10;   7.4;   2.5;    3;   0.5;   4;    0.133;   0;  -999;   9.5;    -999;    6.6;   96.46;    8.4;    2.6;    0.1;eor
       2497;20190223;   10;   9.6;   3.8;    3;   0.0;   0;    7.417;   0;  -999;   5.7;    -999;    4.5;   70.08;   10.7;    1.2;   -1.5;eor
       2497;20190224;   10;   9.1;   2.8;    3;   0.0;   0;   10.150;   0;  -999;   3.1;    -999;    7.5;   31.08;   15.1;    1.9;   -1.1;eor
       2497;20190225;   10;   7.6;   2.4;    3;   0.0;   0;   10.250;   0;  -999;   5.4;    -999;    9.7;   45.17;   16.5;    2.6;   -1.1;eor
       2497;20190226;   10;   5.6;   1.7;    3;   0.0;   0;   10.017;   0;  -999;   7.0;    -999;    9.9;   58.00;   17.6;    4.0;   -1.8;eor
       2497;20190227;   10;   6.7;   2.1;    3;   0.0;   0;   10.400;   0;  -999;   5.8;    -999;   12.2;   42.58;   19.4;    4.7;   -0.2;eor
       2497;20190228;   10;  14.4;   4.8;    3;   5.1;   4;    4.967;   0;  -999;   8.2;    -999;    8.3;   75.54;   14.1;    5.6;    3.5;eor
       2497;20190301;   10;  10.4;   3.5;    3;   1.0;   4;    0.000;   0;  -999;   8.2;    -999;    4.7;   95.13;    6.7;    2.6;    2.3;eor
       2497;20190302;   10;  13.5;   4.5;    3;   0.0;   0;    0.683;   0;  -999;   8.2;    -999;    5.5;   90.96;    8.0;    2.7;    2.4;eor
       2497;20190303;   10;  17.7;   8.4;    3;   1.7;   4;    0.000;   0;  -999;   9.3;    -999;    7.4;   90.08;    9.0;    5.8;    5.0;eor
       2497;20190304;   10;  24.3;   8.6;    3;   6.6;   4;    1.267;   0;  -999;   7.6;    -999;    5.6;   82.92;    9.0;    2.4;    1.2;eor
       2497;20190305;   10;  13.1;   5.9;    3;   2.0;   4;    2.433;   0;  -999;   6.7;    -999;    3.5;   85.96;    6.5;    0.8;    0.1;eor
       2497;20190306;   10;  15.3;   7.1;    3;   1.0;   4;    0.467;   0;  -999;   8.3;    -999;    7.5;   79.92;   10.4;    5.1;    4.2;eor
       2497;20190307;   10;  22.0;   8.5;    3;   5.4;   4;    3.733;   0;  -999;   8.1;    -999;    6.2;   84.96;    8.8;    3.5;    2.5;eor
       2497;20190308;   10;  15.3;   5.8;    3;   4.2;   4;    2.283;   0;  -999;   7.2;    -999;    4.3;   86.33;    6.8;    2.7;    2.5;eor
       2497;20190309;   10;  21.9;   7.8;    3;   3.6;   4;    1.650;   0;  -999;   8.1;    -999;    6.9;   81.38;    9.8;    4.2;    3.7;eor
       2497;20190310;   10;  26.5;   7.3;    3;  20.1;   4;    1.633;   0;  -999;   7.6;    -999;    5.4;   83.83;   10.8;    0.8;    0.0;eor
       2497;20190311;   10;  18.2;   6.0;    3;   2.8;   4;    2.450;   7;  -999;   5.6;    -999;    1.1;   85.29;    3.0;   -0.9;   -1.7;eor
       2497;20190312;   10;  20.8;   7.4;    3;   1.4;   4;    0.500;   4;  -999;   5.6;    -999;    2.9;   74.96;    6.5;   -0.6;   -1.9;eor
       2497;20190313;   10;  17.8;   7.0;    3;  15.6;   4;    0.017;   0;  -999;   6.6;    -999;    2.7;   88.58;    4.5;    0.7;    0.1;eor
       2497;20190314;   10;  15.6;   6.2;    3;  10.9;   4;    0.283;   0;  -999;   7.3;    -999;    4.2;   88.83;    7.7;    2.1;    1.6;eor
       2497;20190315;   10;  18.6;   6.5;    3;  17.5;   4;    0.000;   0;  -999;   9.6;    -999;    7.3;   92.29;    9.5;    3.9;    2.6;eor
       2497;20190316;   10;  18.9;   7.6;    3;   0.8;   4;    0.167;   0;  -999;   8.9;    -999;    7.2;   87.71;    8.3;    6.2;    5.4;eor
       2497;20190317;   10;  16.3;   6.4;    3;   6.8;   4;    2.417;   0;  -999;   6.9;    -999;    4.1;   83.83;    7.5;    0.0;   -1.1;eor
       2497;20190318;   10;  10.9;   3.8;    3;   0.8;   4;    4.217;   2;  -999;   6.0;    -999;    2.3;   84.00;    6.5;   -1.2;   -2.8;eor
       2497;20190319;   10;   7.1;   2.0;    3;   0.0;   0;    8.783;   0;  -999;   5.5;    -999;    2.2;   77.79;    8.4;   -4.1;   -6.1;eor
       2497;20190320;   10;   6.3;   1.9;    3;   0.0;   0;    2.217;   0;  -999;   6.4;    -999;    5.1;   72.83;   10.1;   -1.0;   -3.1;eor
       2497;20190321;   10;   5.9;   1.8;    3;   0.0;   0;   10.917;   0;  -999;   7.1;    -999;    7.3;   71.33;   13.7;    1.3;   -0.8;eor
       2497;20190322;   10;   8.5;   2.4;    3;   0.0;   0;   11.583;   0;  -999;   6.7;    -999;   10.3;   55.67;   16.8;    3.3;   -0.5;eor
       2497;20190323;   10;   7.6;   2.3;    3;   0.0;   0;    0.083;   0;  -999;   7.9;    -999;    5.3;   88.21;    7.9;    0.2;   -2.3;eor
       2497;20190324;   10;   9.7;   2.7;    3;   0.0;   0;    3.367;   0;  -999;   7.7;    -999;    5.6;   84.21;    9.7;    1.0;   -1.0;eor
       2497;20190325;   10;  17.6;   5.9;    3;   3.2;   4;    2.400;   0;  -999;   6.3;    -999;    3.3;   81.67;    6.6;   -0.1;   -1.7;eor
       2497;20190326;   10;-999;   3.2;    3;   0.0;   0;    0.200;   0;  -999;   6.0;    -999;    3.5;   77.17;    5.3;    2.0;    1.7;eor
       2497;20190327;   10;   5.4;   1.8;    3;   0.0;   0;    2.217;   0;  -999;   6.2;    -999;    4.2;   76.17;    7.3;    0.8;   -0.9;eor
       2497;20190328;   10;   6.4;   1.9;    3;   0.0;   0;    1.267;   0;  -999;   7.0;    -999;    5.1;   79.79;    8.8;    0.3;   -1.5;eor
       2497;20190329;   10;   9.0;   3.1;    3;   0.0;   0;   12.133;   0;  -999;   7.8;    -999;    8.4;   72.00;   14.6;    0.8;   -1.6;eor
       2497;20190330;   10;  11.2;   3.9;    3;   0.0;   0;   10.433;   0;  -999;   7.3;    -999;   10.9;   57.54;   17.0;    4.8;    2.7;eor
       2497;20190331;   10;   9.4;   2.9;    3;   0.0;   0;    8.717;   0;  -999;   8.0;    -999;    7.4;   77.75;   12.1;    1.9;   -0.9;eor
       2497;20190401;   10;   7.3;   2.5;    3;   0.0;   0;   11.967;   0;  -999;   7.2;    -999;    7.2;   72.38;   14.0;   -0.4;   -2.6;eor
       2497;20190402;   10;  14.1;   5.4;    3;   4.8;   4;    1.950;   0;  -999;   8.2;    -999;    8.6;   73.17;   12.2;    4.9;    3.9;eor
       2497;20190403;   10;   8.7;   3.7;    3;   0.0;   4;    0.033;   0;  -999;   6.9;    -999;    4.2;   83.00;    5.7;    2.6;    2.2;eor
       2497;20190404;   10;   7.0;   1.7;    3;   0.0;   4;    0.017;   0;  -999;   6.5;    -999;    3.4;   83.25;    5.4;    0.7;   -0.8;eor
       2497;20190405;   10;   6.5;   2.5;    3;   0.1;   4;    2.083;   0;  -999;   7.2;    -999;    4.2;   86.25;    6.5;    1.1;   -0.5;eor
       2497;20190406;   10;  10.2;   2.9;    3;   0.0;   0;    8.117;   0;  -999;   8.0;    -999;    8.0;   76.54;   13.7;    4.6;    3.5;eor
       2497;20190407;   10;   9.3;   2.5;    3;   0.0;   0;   10.533;   0;  -999;   8.4;    -999;   11.0;   66.13;   16.6;    4.2;    2.0;eor
       2497;20190408;   10;   7.8;   2.0;    3;   4.2;   4;    2.667;   0;  -999;  10.4;    -999;   10.1;   84.63;   15.0;    7.6;    6.9;eor
       2497;20190409;   10;   6.7;   1.7;    3;   0.8;   4;    0.000;   0;  -999;  10.3;    -999;    8.7;   91.13;   11.4;    5.8;    4.0;eor
       2497;20190410;   10;   9.9;   3.2;    3;   0.0;   0;    7.733;   0;  -999;   7.0;    -999;    5.5;   78.42;   10.4;    0.5;   -2.4;eor
       2497;20190411;   10;  10.8;   3.0;    3;   0.0;   0;   12.683;   0;  -999;   4.8;    -999;    3.0;   64.63;    8.3;   -2.1;   -5.1;eor
       2497;20190412;   10;   8.5;   2.8;    3;   0.0;   0;    0.083;   0;  -999;   4.3;    -999;    0.6;   67.83;    3.0;   -2.4;   -5.7;eor
       2497;20190413;   10;  10.7;   3.2;    3;   0.3;   4;    3.117;   0;  -999;   4.8;    -999;   -0.2;   80.25;    4.0;   -1.9;   -3.5;eor
       2497;20190414;   10;   8.8;   3.3;    3;   0.7;   4;    5.050;   0;  -999;   5.4;    -999;    1.8;   79.54;    8.0;   -1.8;   -3.6;eor
       2497;20190415;   10;  10.6;   3.4;    3;   0.0;   0;   10.117;   0;  -999;   6.7;    -999;    6.5;   70.33;   14.1;   -2.5;   -5.0;eor
       2497;20190416;   10;  12.4;   4.3;    3;   1.4;   4;    7.950;   0;  -999;   7.7;    -999;    8.8;   68.08;   14.8;    2.7;   -0.1;eor
       2497;20190417;   10;   8.6;   3.2;    3;   0.1;   4;    3.200;   0;  -999;   9.8;    -999;    9.5;   83.38;   14.2;    6.4;    3.4;eor
       2497;20190418;   10;  11.4;   3.6;    3;   0.0;   0;   12.700;   0;  -999;   7.6;    -999;   12.4;   53.25;   17.7;    6.4;    3.2;eor
       2497;20190419;   10;   8.7;   2.5;    3;   0.0;   0;   13.333;   0;  -999;   7.2;    -999;   13.7;   47.46;   20.4;    5.2;    1.4;eor
       2497;20190420;   10;   9.6;   2.5;    3;   0.0;   0;   13.300;   0;  -999;   7.7;    -999;   14.6;   47.04;   20.7;    5.6;    1.2;eor
       2497;20190421;   10;   8.2;   2.4;    3;   0.0;   0;   13.367;   0;  -999;   7.5;    -999;   14.3;   47.17;   20.5;    6.0;    2.7;eor
       2497;20190422;   10;  13.6;   4.0;    3;   0.0;   0;   11.867;   0;  -999;   6.8;    -999;   15.1;   40.63;   21.2;    8.6;    4.3;eor
       2497;20190423;   10;   9.7;   4.0;    3;   0.0;   0;    5.817;   0;  -999;   8.5;    -999;   12.8;   56.88;   17.0;    7.7;    4.1;eor
       2497;20190424;   10;  17.2;   6.3;    3;   8.2;   4;    6.967;   0;  -999;   9.9;    -999;   13.4;   66.50;   20.7;    6.4;    5.4;eor
       2497;20190425;   10;  17.3;   6.2;    3;   1.0;   4;    5.333;   0;  -999;   8.9;    -999;   10.2;   73.17;   17.1;    5.6;    4.7;eor
       2497;20190426;   10;   9.0;   3.6;    3;   0.0;   0;    1.967;   0;  -999;   8.3;    -999;    9.2;   72.71;   14.0;    6.3;    5.3;eor
       2497;20190427;   10;  18.3;   5.1;    3;   1.8;   4;    3.350;   0;  -999;   7.9;    -999;    6.8;   80.71;   10.3;    3.9;    3.0;eor
       2497;20190428;   10;   8.9;   3.5;    3;   2.5;   4;    2.267;   0;  -999;   7.3;    -999;    4.9;   84.17;    9.2;   -0.1;   -1.2;eor
       2497;20190429;   10;   8.9;   2.9;    3;   0.5;   4;    7.450;   0;  -999;   7.6;    -999;    7.2;   76.17;   12.3;   -0.8;   -2.6;eor
       2497;20190430;   10;   8.8;   3.1;    3;   0.0;   0;    8.467;   0;  -999;   8.7;    -999;    9.0;   77.29;   13.5;    4.2;    3.0;eor
       2497;20190501;   10;   6.2;   2.0;    3;   0.0;   0;   11.550;-999;  -999;   9.8;    -999;    8.4;   88.25;   13.6;    1.8;    0.6;eor
       2497;20190502;   10;  11.3;   2.7;    3;   4.2;   4;    5.117;-999;  -999;   8.3;    -999;    7.8;   81.08;   14.1;    0.5;   -0.9;eor
       2497;20190503;   10;  11.8;   3.2;    3;   8.0;   4;    1.667;-999;  -999;   8.0;    -999;    6.7;   81.88;   10.5;    4.0;    3.3;eor
       2497;20190504;   10;  15.6;   3.6;    3;   4.7;   4;    4.233;-999;  -999;   6.2;    -999;    1.9;   88.33;    6.5;   -0.3;   -0.2;eor
       2497;20190505;   10;  10.7;   3.6;    3;   0.9;   4;    3.433;-999;  -999;   6.2;    -999;    2.9;   83.13;    8.0;   -1.0;   -2.1;eor
       2497;20190506;   10;   8.5;   2.8;    3;   0.0;   0;    2.717;-999;  -999;   6.3;    -999;    4.2;   77.00;    8.7;   -0.1;   -1.5;eor
       2497;20190507;   10;   7.1;   1.8;    3;   0.0;   4;    1.000;-999;  -999;   6.5;    -999;    6.1;   69.92;   10.8;    1.8;    0.6;eor
       2497;20190508;   10;  10.9;   4.9;    3;   4.4;   4;    0.233;-999;  -999;   8.9;    -999;    7.6;   83.42;   10.6;    4.7;    3.7;eor
       2497;20190509;   10;  12.5;   4.2;    3;   2.4;   4;    1.917;-999;  -999;   9.5;    -999;    8.7;   84.67;   13.4;    5.7;    4.6;eor
       2497;20190510;   10;  10.8;   3.7;    3;  13.3;   4;    4.917;-999;  -999;   8.1;    -999;    9.5;   70.79;   14.7;    6.4;    5.1;eor
       2497;20190511;   10;  11.8;   3.4;    3;  13.4;   4;    0.883;-999;  -999;   9.1;    -999;    7.0;   90.25;    9.8;    4.0;    2.3;eor
       2497;20190512;   10;  10.5;   3.8;    3;   0.0;   0;    4.283;-999;  -999;   6.4;    -999;    6.0;   69.88;   10.5;    2.3;    0.8;eor
       2497;20190513;   10;  10.7;   3.2;    3;   0.0;   0;   13.967;-999;  -999;   5.8;    -999;    6.8;   60.71;   12.2;    0.7;   -2.3;eor
       2497;20190514;   10;  10.3;   3.2;    3;   0.0;   0;   12.917;-999;  -999;   6.3;    -999;    6.9;   64.88;   12.9;    0.6;   -1.5;eor
       2497;20190515;   10;  10.3;   2.8;    3;   0.0;   0;   14.067;-999;  -999;   5.4;    -999;    7.5;   54.88;   13.3;   -0.3;   -2.7;eor
       2497;20190516;   10;   9.1;   2.7;    3;   4.4;   4;    7.517;-999;  -999;   7.5;    -999;    7.4;   71.71;   13.0;    0.7;   -1.4;eor
       2497;20190517;   10;   5.9;   1.8;    3;   3.7;   4;    0.033;-999;  -999;  10.2;    -999;    9.0;   88.88;   13.1;    5.7;    6.0;eor
       2497;20190518;   10;   9.6;   1.9;    3;   2.7;   4;    3.233;-999;  -999;  11.3;    -999;   12.3;   79.83;   19.2;    6.7;    4.8;eor
       2497;20190519;   10;   7.8;   1.7;    3;   0.0;   0;    2.483;-999;  -999;  12.1;    -999;   13.3;   80.79;   18.6;    9.3;    7.3;eor
       2497;20190520;   10;  10.6;   3.8;    3;   0.6;   4;    0.050;-999;  -999;  11.9;    -999;   10.9;   91.67;   13.8;    8.1;    5.9;eor
       2497;20190521;   10;  12.2;   5.1;    3;   3.6;   4;    0.000;-999;  -999;  11.2;    -999;    9.3;   95.46;   11.0;    8.3;    8.1;eor
       2497;20190522;   10;   8.1;   3.2;    3;   0.0;   0;    6.233;-999;  -999;   9.4;    -999;   10.6;   75.46;   16.0;    5.6;    4.5;eor
       2497;20190523;   10;   7.5;   2.3;    3;   0.0;   0;    8.267;-999;  -999;   9.2;    -999;   13.5;   61.38;   19.4;    5.1;    4.1;eor
       2497;20190524;   10;   7.3;   1.7;    3;   0.0;   0;    6.783;-999;  -999;   9.7;    -999;   14.5;   59.25;   20.6;    8.1;    5.9;eor
       2497;20190525;   10;   8.3;   2.3;    3;   0.0;   0;    5.833;-999;  -999;   9.6;    -999;   11.4;   71.75;   17.0;    5.0;    2.8;eor
       2497;20190526;   10;   9.4;   3.7;    3;   0.1;   4;    6.450;-999;  -999;  11.0;    -999;   14.0;   70.33;   18.7;    8.1;    6.7;eor
       2497;20190527;   10;   9.1;   3.0;    3;   0.1;   4;    0.833;-999;  -999;  11.9;    -999;   12.8;   81.29;   16.3;    9.3;    8.3;eor
       2497;20190528;   10;  11.5;   3.7;    3;   0.7;   4;    4.150;-999;  -999;   9.7;    -999;   10.0;   79.46;   14.6;    7.9;    6.9;eor
       2497;20190529;   10;   4.8;   1.6;    3;   0.0;   0;    8.233;-999;  -999;   8.7;    -999;   10.8;   69.04;   16.3;    4.2;    2.2;eor
       2497;20190530;   10;  11.9;   4.4;    3;   0.0;   4;    1.833;-999;  -999;  12.0;    -999;   13.6;   76.04;   17.1;    9.9;    9.7;eor
       2497;20190531;   10;   9.4;   3.0;    3;   0.0;   0;    5.767;-999;  -999;  12.6;    -999;   15.5;   73.17;   20.2;   10.3;    8.2;eor
       2497;20190601;   10;   6.3;   1.8;    3;   0.0;   0;   13.817;-999;  -999;  13.5;    -999;   17.8;   68.96;   26.1;    7.5;    5.4;eor
       2497;20190602;   10;  13.0;   4.2;    3;   0.0;   0;   14.117;-999;  -999;  13.5;    -999;   21.7;   55.58;   27.7;   11.9;    9.0;eor
       2497;20190603;   10;  10.0;   3.1;    3;  11.7;   4;    4.133;-999;  -999;  14.7;    -999;   19.5;   66.33;   25.1;   14.1;   13.6;eor
       2497;20190604;   10;  19.4;   3.6;    3;   1.7;   4;    8.433;-999;  -999;  15.7;    -999;   18.9;   74.75;   26.1;   12.2;   11.8;eor
       2497;20190605;   10;  16.1;   2.7;    3;  18.7;   4;    8.550;-999;  -999;  16.1;    -999;   18.5;   76.25;   23.3;   13.3;   12.7;eor
       2497;20190606;   10;  12.3;   3.8;    3;   0.0;   0;    3.967;-999;  -999;  10.6;    -999;   11.4;   79.08;   14.6;    8.0;    6.3;eor
       2497;20190607;   10;  19.4;   6.7;    3;   2.0;   4;   10.300;-999;  -999;  10.5;    -999;   12.9;   71.63;   21.3;    8.2;    6.6;eor
       2497;20190608;   10;  22.0;   8.2;    3;   0.7;   4;    6.550;-999;  -999;   9.3;    -999;   11.6;   68.21;   15.7;    8.8;    7.3;eor
       2497;20190609;   10;   6.8;   2.2;    3;   0.0;   0;    7.283;-999;  -999;  10.8;    -999;   14.1;   68.00;   18.6;    8.1;    5.7;eor
       2497;20190610;   10;  10.4;   3.2;    3;   0.0;   4;    5.967;-999;  -999;  12.8;    -999;   15.6;   72.67;   20.5;    9.8;    8.8;eor
       2497;20190611;   10;   5.7;   2.0;    3;   0.0;   0;    4.033;-999;  -999;  11.2;    -999;   13.5;   73.08;   17.5;   10.2;    8.5;eor
       2497;20190612;   10;  12.3;   3.8;    3;   3.1;   4;    4.533;-999;  -999;  11.6;    -999;   13.0;   78.25;   17.3;    8.3;    7.7;eor
       2497;20190613;   10;  18.6;   5.4;    3;   0.8;   4;    8.250;-999;  -999;  10.5;    -999;   13.0;   71.88;   18.4;    8.9;    7.4;eor
       2497;20190614;   10;  12.3;   3.6;    3;   1.1;   4;   11.333;-999;  -999;  12.4;    -999;   17.3;   64.46;   23.9;    8.7;    7.2;eor
       2497;20190615;   10;  13.0;   3.7;    3;   0.0;   4;    6.983;-999;  -999;  13.6;    -999;   16.7;   73.38;   21.3;   13.4;   12.2;eor
       2497;20190616;   10;   8.6;   2.9;    3;   0.0;   0;    7.633;-999;  -999;  11.9;    -999;   15.4;   68.92;   19.9;    9.6;    7.5;eor
       2497;20190617;   10;   7.1;   2.2;    3;   0.0;   0;   10.250;-999;  -999;  12.2;    -999;   17.2;   64.67;   23.5;    8.4;    6.0;eor
       2497;20190618;   10;   8.1;   2.2;    3;   0.0;   0;   10.717;-999;  -999;  13.4;    -999;   19.7;   59.88;   25.9;   10.6;    8.5;eor
       2497;20190619;   10;  17.8;   4.3;    3;   0.7;   4;    8.567;-999;  -999;  14.9;    -999;   19.6;   66.67;   25.3;   14.4;   11.8;eor
       2497;20190620;   10;   8.0;   3.0;    3;   3.2;   4;    2.017;-999;  -999;  14.3;    -999;   15.3;   82.58;   18.6;   11.8;   10.0;eor
       2497;20190621;   10;   8.0;   2.5;    3;   0.0;   0;   10.483;-999;  -999;  10.3;    -999;   14.1;   66.00;   19.0;    8.6;    6.8;eor
       2497;20190622;   10;   8.0;   1.9;    3;   0.0;   0;   13.017;-999;  -999;  12.6;    -999;   16.0;   70.75;   23.2;    8.2;    5.1;eor
       2497;20190623;   10;  11.6;   3.0;    3;   0.0;   0;   10.583;-999;  -999;  15.3;    -999;   19.7;   68.08;   26.0;   11.6;   10.0;eor
       2497;20190624;   10;  11.1;   3.6;    3;   0.0;   0;   12.083;-999;  -999;  16.9;    -999;   22.9;   62.13;   28.9;   17.0;   16.2;eor
       2497;20190625;   10;  13.3;   4.1;    3;   0.0;   0;   13.150;-999;  -999;  17.7;    -999;   25.4;   56.83;   31.9;   18.5;   15.3;eor
       2497;20190626;   10;   7.9;   2.5;    3;   0.0;   0;   13.700;-999;  -999;  20.7;    -999;   23.7;   71.17;   29.2;   18.0;   16.0;eor
       2497;20190627;   10;   8.8;   3.1;    3;   0.0;   0;    9.700;-999;  -999;  13.5;    -999;   18.2;   67.67;   24.2;   12.6;   10.0;eor
       2497;20190628;   10;   6.6;   1.9;    3;   0.0;   0;   14.433;-999;  -999;  12.0;    -999;   17.7;   62.42;   24.4;   10.1;    7.6;eor
       2497;20190629;   10;   7.9;   3.0;    3;   0.0;   0;   14.500;-999;  -999;  10.8;    -999;   23.2;   41.46;   31.3;   12.2;    9.4;eor
       2497;20190630;   10;  10.5;   4.2;    3;   0.2;   4;   12.000;-999;  -999;  16.3;    -999;   25.0;   52.17;   31.3;   17.1;   16.3;eor
       2497;20190701;   10;  10.6;   3.4;    3;   0.0;   0;    9.283;-999;  -999;  13.1;    -999;   18.0;   64.50;   22.1;   13.1;   11.3;eor
       2497;20190702;   10;   7.5;   2.3;    3;   0.0;   0;    8.900;-999;  -999;  10.6;    -999;   14.9;   64.13;   20.7;    8.6;    6.2;eor
       2497;20190703;   10;   8.3;   2.5;    3;   0.0;   0;   10.850;-999;  -999;   9.6;    -999;   14.1;   60.96;   19.4;    8.4;    4.7;eor
       2497;20190704;   10;   6.3;   1.7;    3;   0.0;   0;   14.100;-999;  -999;   9.1;    -999;   15.1;   55.54;   22.3;    6.9;    4.0;eor
       2497;20190705;   10;   8.9;   2.7;    3;   0.0;   0;    8.000;-999;  -999;  11.0;    -999;   18.5;   53.04;   25.4;   11.0;    9.8;eor
       2497;20190706;   10;  11.2;   3.3;    3;   1.3;   4;    7.983;-999;  -999;  12.1;    -999;   18.4;   60.42;   26.2;   12.4;   10.3;eor
       2497;20190707;   10;   8.8;   3.0;    3;   0.0;   0;    5.117;-999;  -999;  10.8;    -999;   13.8;   70.13;   18.7;    9.2;    5.9;eor
       2497;20190708;   10;   8.0;   2.7;    3;   0.0;   0;    2.783;-999;  -999;   9.4;    -999;   11.3;   71.38;   15.9;    5.2;    3.5;eor
       2497;20190709;   10;   9.0;   2.4;    3;   0.0;   0;    9.483;-999;  -999;   8.9;    -999;   12.4;   64.83;   18.1;    6.4;    3.6;eor
       2497;20190710;   10;   8.6;   2.0;    3;   0.1;   4;   10.733;-999;  -999;   8.5;    -999;   15.5;   51.46;   22.1;    5.8;    3.7;eor
       2497;20190711;   10;   8.6;   3.1;    3;   0.5;   4;    1.350;-999;  -999;  13.1;    -999;   16.9;   68.21;   22.0;   13.0;   13.0;eor
       2497;20190712;   10;  15.0;   3.3;    3;   2.6;   4;    4.400;-999;  -999;  14.2;    -999;   16.8;   76.42;   23.6;   12.6;   12.1;eor
       2497;20190713;   10;   9.5;   3.2;    3;   4.5;   4;    2.117;-999;  -999;  14.1;    -999;   14.4;   85.67;   18.4;   12.3;   11.8;eor
       2497;20190714;   10;   8.6;   3.5;    3;   0.0;   0;    0.183;-999;  -999;  11.9;    -999;   12.7;   81.38;   15.2;   10.4;   10.5;eor
       2497;20190715;   10;   6.8;   2.7;    3;   0.0;   0;    0.000;-999;  -999;  11.4;    -999;   12.1;   80.38;   13.9;   10.5;    9.2;eor
       2497;20190716;   10;   7.5;   2.1;    3;   0.0;   0;    7.817;-999;  -999;  11.6;    -999;   13.6;   75.54;   19.1;    8.4;    7.0;eor
       2497;20190717;   10;   7.1;   2.0;    3;   0.0;   0;   11.133;-999;  -999;  11.9;    -999;   14.5;   74.38;   21.3;    6.8;    3.8;eor
       2497;20190718;   10;  11.1;   3.2;    3;   1.0;   4;    6.167;-999;  -999;  12.4;    -999;   18.2;   61.25;   24.4;   11.1;    9.7;eor
       2497;20190719;   10;  10.2;   3.1;    3;   0.0;   4;    6.600;-999;  -999;  14.1;    -999;   17.9;   70.50;   22.1;   14.4;   14.3;eor
       2497;20190720;   10;  14.4;   4.9;    3;   4.2;   4;    7.967;-999;  -999;  16.0;    -999;   20.2;   69.00;   27.4;   15.6;   14.6;eor
       2497;20190721;   10;   8.5;   3.1;    3;   0.0;   0;   11.283;-999;  -999;  13.8;    -999;   17.9;   69.25;   23.5;   12.2;   11.0;eor
       2497;20190722;   10;   9.7;   2.2;    3;   0.0;   0;   13.017;-999;  -999;  13.9;    -999;   20.3;   60.50;   28.0;   11.8;   10.4;eor
       2497;20190723;   10;   8.2;   2.4;    3;   0.0;   0;   14.250;-999;  -999;  14.0;    -999;   24.7;   48.38;   32.5;   14.8;   12.4;eor
       2497;20190724;   10;-999;-999;    3;   0.0;   0;   13.800;-999;  -999;  14.3;    -999;   29.2;   37.71;   36.6;   21.3;   17.3;eor
       2497;20190725;   10;-999;-999;    3;   0.0;   0;    9.000;-999;  -999;  15.9;    -999;   29.0;   42.67;   36.8;   19.2;   17.8;eor
       2497;20190726;   10;-999;-999;    3;   0.4;   4;    7.500;-999;  -999;  15.5;    -999;   26.0;   49.08;   35.7;   18.1;   17.1;eor
       2497;20190727;   10;-999;-999;    3;   2.4;   4;    0.300;-999;  -999;  19.1;    -999;   19.3;   85.79;   23.3;   16.7;   16.8;eor
       2497;20190728;   10;-999;-999;    3;   9.4;   4;    0.000;-999;  -999;  17.3;    -999;   15.9;   95.08;   16.8;   13.4;   12.1;eor
       2497;20190729;   10;-999;-999;    3;   0.0;   0;   14.000;-999;  -999;  13.0;    -999;   17.4;   68.71;   24.0;   10.8;    9.6;eor
       2497;20190730;   10;-999;-999;    3;   0.1;   4;    8.500;-999;  -999;  13.2;    -999;   19.7;   59.50;   26.8;   12.2;   10.0;eor
       2497;20190731;   10;-999;-999;    3;   3.0;   4;    6.000;-999;  -999;  12.8;    -999;   16.4;   69.21;   20.8;   12.4;   11.4;eor
       2497;20190801;   10;   8.1;   2.7;    3;   0.0;   0;    3.467;-999;  -999;  12.8;    -999;   16.9;   66.79;   21.2;   11.8;   11.0;eor
       2497;20190802;   10;  12.3;   3.2;    3;   3.5;   4;    7.150;-999;  -999;  14.0;    -999;   17.3;   72.58;   22.8;   12.3;   11.2;eor
       2497;20190803;   10;   8.1;   3.1;    3;   0.0;   0;    2.667;-999;  -999;  14.9;    -999;   15.6;   84.75;   20.6;   10.0;    8.2;eor
       2497;20190804;   10;   6.7;   1.7;    3;   2.0;   4;    9.933;-999;  -999;  13.5;    -999;   18.8;   65.54;   26.2;    9.9;    7.6;eor
       2497;20190805;   10;  11.9;   3.5;    3;   0.0;   4;    7.183;-999;  -999;  14.3;    -999;   20.0;   62.00;   23.8;   15.1;   14.9;eor
       2497;20190806;   10;   9.0;   3.2;    3;   4.6;   4;    1.700;-999;  -999;  15.1;    -999;   17.8;   75.17;   22.6;   14.8;   14.4;eor
       2497;20190807;   10;  10.5;   3.2;    3;   0.2;   4;    5.683;-999;  -999;  14.6;    -999;   16.9;   77.38;   21.4;   13.6;   12.5;eor
       2497;20190808;   10;  10.5;   3.1;    3;   0.0;   4;    4.733;-999;  -999;  14.1;    -999;   17.2;   72.21;   22.7;   11.5;   10.6;eor
       2497;20190809;   10;  11.2;   4.5;    3;  13.5;   4;    0.783;-999;  -999;  17.4;    -999;   19.5;   76.96;   23.9;   13.9;   11.7;eor
       2497;20190810;   10;  17.0;   6.9;    3;   0.0;   0;    6.450;-999;  -999;  14.0;    -999;   18.0;   68.67;   21.8;   15.2;   13.5;eor
       2497;20190811;   10;  10.8;   3.5;    3;   0.0;   0;    5.567;-999;  -999;  11.3;    -999;   15.5;   64.54;   19.4;   12.3;   10.2;eor
       2497;20190812;   10;  10.4;   3.4;    3;  24.1;   4;    4.783;-999;  -999;  12.4;    -999;   13.3;   82.04;   19.5;   10.2;    9.3;eor
       2497;20190813;   10;  11.7;   3.7;    3;   0.2;   4;    6.267;-999;  -999;  11.0;    -999;   12.6;   77.04;   18.1;    9.3;    8.3;eor
       2497;20190814;   10;  10.1;   3.5;    3;   0.9;   4;    9.050;-999;  -999;  11.4;    -999;   14.6;   70.63;   19.7;    9.0;    7.7;eor
       2497;20190815;   10;  11.7;   4.5;    3;   4.3;   4;    2.833;-999;  -999;  14.5;    -999;   14.9;   85.58;   18.7;   12.3;   11.6;eor
       2497;20190816;   10;   9.9;   4.0;    3;   0.0;   0;    8.867;-999;  -999;  13.1;    -999;   15.5;   75.58;   19.8;   11.9;   11.0;eor
       2497;20190817;   10;  14.6;   6.4;    3;   7.4;   4;    1.033;-999;  -999;  15.2;    -999;   16.4;   81.38;   18.1;   15.5;   14.9;eor
       2497;20190818;   10;  16.3;   4.7;    3;   2.0;   4;    0.300;-999;  -999;  16.7;    -999;   16.3;   90.04;   21.0;   11.9;   11.0;eor
       2497;20190819;   10;  11.6;   3.7;    3;   0.0;   0;    8.950;-999;  -999;  11.5;    -999;   14.8;   70.13;   19.9;   10.5;    9.3;eor
       2497;20190820;   10;   7.9;   2.6;    3;   0.0;   0;    6.383;-999;  -999;  10.6;    -999;   13.7;   68.42;   18.6;    9.1;    6.9;eor
       2497;20190821;   10;   5.4;   1.5;    3;   0.0;   0;    9.850;-999;  -999;  10.6;    -999;   14.3;   67.71;   20.8;    7.2;    4.7;eor
       2497;20190822;   10;   6.5;   1.7;    3;   0.0;   0;   13.200;-999;  -999;  10.9;    -999;   16.9;   59.25;   23.7;    8.6;    6.0;eor
       2497;20190823;   10;   7.6;   1.9;    3;   0.0;   0;   12.983;-999;  -999;  12.0;    -999;   17.9;   61.54;   24.8;    9.6;    7.2;eor
       2497;20190824;   10;   7.4;   2.2;    3;   0.0;   0;   13.217;-999;  -999;  12.2;    -999;   19.7;   55.17;   26.8;   11.3;    8.2;eor
       2497;20190825;   10;   5.1;   1.4;    3;   0.0;   0;   10.967;-999;  -999;  14.8;    -999;   21.1;   60.33;   28.2;   12.5;   10.1;eor
       2497;20190826;   10;   7.5;   1.8;    3;   0.1;   4;   10.217;-999;  -999;  17.6;    -999;   21.9;   68.50;   28.9;   14.6;   13.1;eor
       2497;20190827;   10;   6.3;   1.7;    3;   0.2;   4;    9.667;-999;  -999;  17.0;    -999;   23.0;   62.58;   29.3;   15.8;   13.9;eor
       2497;20190828;   10;   9.7;   3.2;    3;   0.0;   0;    5.617;-999;  -999;  15.8;    -999;   22.9;   57.00;   27.5;   18.0;   15.9;eor
       2497;20190829;   10;   7.1;   1.8;    3;   0.0;   0;    5.033;-999;  -999;  16.5;    -999;   19.1;   75.33;   24.4;   12.4;   11.5;eor
       2497;20190830;   10;   6.1;   1.5;    3;   0.0;   0;   11.950;-999;  -999;  14.0;    -999;   17.8;   71.46;   25.7;   10.5;    8.9;eor
       2497;20190831;   10;  10.7;   3.9;    3;   0.0;   0;   11.167;-999;  -999;  14.5;    -999;   22.1;   55.92;   28.7;   12.9;   10.9;eor
       2497;20190901;   10;   9.3;   3.1;    3;   0.0;   0;    2.350;-999;  -999;  12.2;    -999;   14.7;   72.96;   18.5;    9.3;    7.5;eor
       2497;20190902;   10;   8.3;   2.7;    3;   0.0;   0;   10.467;-999;  -999;   8.7;    -999;   12.6;   62.42;   18.8;    5.8;    3.6;eor
       2497;20190903;   10;   9.2;   3.0;    3;   0.0;   0;    4.783;-999;  -999;  10.7;    -999;   13.8;   67.58;   17.4;    9.4;    8.3;eor
       2497;20190904;   10;  12.7;   3.8;    3;   0.9;   4;    8.267;-999;  -999;  12.4;    -999;   14.8;   75.50;   21.9;    9.9;    7.0;eor
       2497;20190905;   10;  10.1;   3.4;    3;   1.5;   4;    2.633;-999;  -999;  10.9;    -999;   10.7;   85.00;   14.8;    7.1;    5.3;eor
       2497;20190906;   10;   7.4;   2.3;    3;   2.7;   4;   10.900;-999;  -999;   8.8;    -999;   11.6;   67.75;   17.7;    3.4;    2.0;eor
       2497;20190907;   10;   7.0;   2.6;    3;  11.2;   4;    0.200;-999;  -999;  11.4;    -999;   10.9;   88.00;   13.3;    8.9;    7.5;eor
       2497;20190908;   10;   7.2;   2.2;    3;   3.5;   4;    0.183;-999;  -999;  11.2;    -999;    9.6;   93.96;   11.9;    7.0;    5.8;eor
       2497;20190909;   10;   5.9;   2.0;    3;   0.0;   0;    4.117;-999;  -999;   9.9;    -999;   10.1;   81.08;   15.3;    5.8;    4.2;eor
       2497;20190910;   10;   5.3;   1.8;    3;   0.0;   0;   10.550;-999;  -999;   8.5;    -999;   10.6;   69.42;   17.2;    3.3;    1.9;eor
       2497;20190911;   10;  12.3;   4.2;    3;   0.3;   4;    3.950;-999;  -999;  10.5;    -999;   13.8;   66.67;   16.6;    7.4;    4.3;eor
       2497;20190912;   10;  10.6;   3.7;    3;   0.7;   4;    5.350;-999;  -999;  15.3;    -999;   16.3;   82.96;   20.3;   13.3;   13.1;eor
       2497;20190913;   10;  10.0;   2.8;    3;   0.0;   0;    1.100;-999;  -999;  15.2;    -999;   15.4;   86.29;   19.5;    9.1;    6.1;eor
       2497;20190914;   10;   7.2;   1.7;    3;   0.0;   0;   10.750;-999;  -999;  11.2;    -999;   13.1;   76.38;   19.5;    7.1;    4.5;eor
       2497;20190915;   10;   7.1;   2.5;    3;   0.0;   0;   12.033;-999;  -999;  10.3;    -999;   16.3;   58.71;   23.3;    9.1;    6.0;eor
       2497;20190916;   10;   8.4;   2.7;    3;   0.6;   4;    0.417;-999;  -999;  12.1;    -999;   14.5;   74.71;   19.8;    9.5;    7.9;eor
       2497;20190917;   10;   9.5;   3.6;    3;   0.0;   0;    6.400;-999;  -999;  10.4;    -999;   11.6;   76.17;   15.5;    6.2;    2.9;eor
       2497;20190918;   10;   8.8;   2.2;    3;   0.0;   0;    8.233;-999;  -999;   8.2;    -999;    8.9;   73.04;   14.3;    4.2;    1.2;eor
       2497;20190919;   10;   8.0;   1.9;    3;   0.0;   0;   10.300;-999;  -999;   7.9;    -999;    8.8;   71.88;   14.5;    3.4;    0.4;eor
       2497;20190920;   10;   9.9;   2.5;    3;   0.0;   0;   10.917;-999;  -999;   6.9;    -999;   10.6;   57.46;   18.7;    3.3;   -0.5;eor
       2497;20190921;   10;  12.4;   5.2;    3;   0.0;   0;   11.367;-999;  -999;   7.1;    -999;   15.4;   41.79;   22.3;    9.4;    7.3;eor
       2497;20190922;   10;  13.9;   5.2;    3;  14.4;   4;    4.367;-999;  -999;  12.7;    -999;   17.9;   62.13;   24.3;   13.2;   12.8;eor
       2497;20190923;   10;   8.8;   3.4;    3;   0.1;   4;    1.733;-999;  -999;  13.2;    -999;   13.3;   86.33;   15.8;   11.3;   10.4;eor
       2497;20190924;   10;  11.8;   5.3;    3;   2.5;   4;    0.667;-999;  -999;  12.3;    -999;   12.0;   87.46;   14.7;    9.7;    9.0;eor
       2497;20190925;   10;  12.2;   4.6;    3;   0.4;   4;    1.283;-999;  -999;  13.0;    -999;   12.8;   88.21;   15.3;   11.0;   10.0;eor
       2497;20190926;   10;  13.0;   5.5;    3;   5.1;   4;    0.000;-999;  -999;  14.9;    -999;   14.0;   92.75;   16.2;   11.7;   10.7;eor
       2497;20190927;   10;  11.5;   5.1;    3;   1.3;   4;    4.667;-999;  -999;  12.8;    -999;   13.3;   84.17;   16.8;   10.8;   10.2;eor
       2497;20190928;   10;  13.7;   6.5;    3;   0.7;   4;    0.567;-999;  -999;  12.2;    -999;   12.3;   85.46;   14.1;   11.0;   10.3;eor
       2497;20190929;   10;  19.0;   8.5;    3;   4.6;   4;    1.533;-999;  -999;  13.1;    -999;   12.9;   87.46;   15.5;   11.6;   11.0;eor
       2497;20190930;   10;  16.2;   5.2;    3;   0.2;   4;    3.950;-999;  -999;  11.5;    -999;   12.0;   82.29;   14.7;   10.0;    9.5;eor
       2497;20191001;   10;  13.7;   5.5;    3;  16.9;   4;    0.167;   0;  -999;  14.0;    -999;   13.2;   92.58;   15.3;   11.3;   10.6;eor
       2497;20191002;   10;  12.1;   4.3;    3;   0.2;   4;    4.033;   0;  -999;   9.5;    -999;    8.4;   85.50;   12.5;    5.8;    4.9;eor
       2497;20191003;   10;   8.3;   3.0;    3;   0.6;   4;    0.200;   0;  -999;   9.1;    -999;    7.6;   86.67;   10.3;    6.1;    5.3;eor
       2497;20191004;   10;  11.6;   4.9;    3;   1.9;   4;    0.050;   0;  -999;  10.0;    -999;    8.8;   87.75;   12.2;    6.2;    5.9;eor
       2497;20191005;   10;   8.4;   2.6;    3;   0.0;   0;    0.000;   0;  -999;   9.2;    -999;    7.3;   89.79;    9.8;    5.9;    4.9;eor
       2497;20191006;   10;  10.3;   4.3;    3;  12.9;   4;    0.000;   0;  -999;   9.8;    -999;    7.6;   93.96;    9.7;    4.5;    2.9;eor
       2497;20191007;   10;  12.1;   3.1;    3;   1.0;   4;    0.183;   0;  -999;  10.1;    -999;    8.0;   93.83;   10.3;    3.1;    1.5;eor
       2497;20191008;   10;  15.0;   5.3;    3;   6.1;   4;    0.167;   0;  -999;  12.1;    -999;   10.6;   94.00;   12.7;    9.3;    8.0;eor
       2497;20191009;   10;  13.6;   5.2;    3;   3.5;   4;    1.483;   0;  -999;  10.2;    -999;    9.3;   86.75;   11.3;    7.7;    6.6;eor
       2497;20191010;   10;  12.8;   5.3;    3;   0.3;   4;    3.733;   0;  -999;   9.7;    -999;    9.1;   84.29;   12.2;    7.4;    6.8;eor
       2497;20191011;   10;  15.3;   6.8;    3;   0.0;   0;    0.033;   0;  -999;  11.5;    -999;   11.4;   84.83;   13.7;    8.2;    7.2;eor
       2497;20191012;   10;  15.4;   6.7;    3;   0.0;   0;    4.383;   0;  -999;  13.0;    -999;   13.9;   81.67;   17.8;   11.1;   10.0;eor
       2497;20191013;   10;  14.0;   6.1;    3;   1.2;   4;    8.700;   0;  -999;  15.8;    -999;   17.3;   80.21;   21.2;   14.5;   13.4;eor
       2497;20191014;   10;  12.8;   4.7;    3;   0.0;   4;    8.583;   0;  -999;  14.4;    -999;   16.4;   77.71;   20.2;   11.8;    9.9;eor
       2497;20191015;   10;  12.2;   3.7;    3;   6.2;   4;    0.000;   0;  -999;  12.9;    -999;   12.9;   86.67;   16.4;    9.5;    8.9;eor
       2497;20191016;   10;  14.4;   6.5;    3;   2.3;   4;    0.383;   0;  -999;  11.5;    -999;   10.4;   91.08;   11.9;    8.0;    7.0;eor
       2497;20191017;   10;  11.9;   5.8;    3;   0.5;   4;    0.317;   0;  -999;  12.9;    -999;   12.0;   92.00;   13.4;   10.6;    9.2;eor
       2497;20191018;   10;  15.8;   6.4;    3;   1.8;   4;    4.317;   0;  -999;  10.5;    -999;   10.5;   82.25;   13.4;    7.6;    6.6;eor
       2497;20191019;   10;  12.2;   4.8;    3;   5.4;   4;    0.050;   0;  -999;  11.3;    -999;   10.0;   91.50;   12.5;    7.8;    7.2;eor
       2497;20191020;   10;   5.7;   1.6;    3;  22.9;   4;    0.000;   0;  -999;  12.0;    -999;    9.8;   99.17;   12.2;    8.7;    8.4;eor
       2497;20191021;   10;  14.0;   5.3;    3;   0.0;   0;    2.167;   0;  -999;  11.2;    -999;   10.9;   84.67;   13.6;    8.3;    7.1;eor
       2497;20191022;   10;  10.9;   2.5;    3;   0.0;   0;    2.883;   0;  -999;  10.2;    -999;    8.9;   89.75;   12.7;    6.2;    3.2;eor
       2497;20191023;   10;   9.9;   2.0;    3;   0.0;   0;    6.317;   0;  -999;  11.5;    -999;   10.7;   89.21;   16.3;    6.1;    4.5;eor
       2497;20191024;   10;  11.8;   4.7;    3;   0.0;   4;    3.567;   0;  -999;  11.7;    -999;   13.0;   78.67;   17.1;    9.2;    7.2;eor
       2497;20191025;   10;  14.0;   5.6;    3;   0.0;   0;    5.750;   0;  -999;  11.1;    -999;   11.7;   80.63;   14.0;    9.9;    9.0;eor
       2497;20191026;   10;  17.2;   7.6;    3;   2.1;   4;    6.433;   0;  -999;  11.7;    -999;   13.8;   74.92;   17.6;   11.2;    9.8;eor
       2497;20191027;   10;  11.7;   3.0;    3;   4.1;   4;    0.000;   0;  -999;   9.4;    -999;    7.3;   90.88;   13.5;    0.3;   -2.0;eor
       2497;20191028;   10;   6.4;   1.4;    3;   0.0;   4;    5.550;   0;  -999;   7.3;    -999;    3.8;   91.50;    8.3;   -0.7;   -3.4;eor
       2497;20191029;   10;   6.8;   2.1;    3;   0.0;   0;    2.750;   0;  -999;   7.5;    -999;    4.4;   90.46;    7.7;    0.9;   -3.6;eor
       2497;20191030;   10;   6.1;   1.9;    3;   0.0;   0;    0.617;   0;  -999;   5.9;    -999;    1.1;   89.88;    4.7;   -2.2;   -6.1;eor
       2497;20191031;   10;  11.3;   2.9;    3;   0.0;   0;    8.800;   0;  -999;   5.8;    -999;    2.7;   78.96;    7.6;   -1.8;   -6.5;eor
       2497;20191101;   10;  12.7;   5.4;    3;   5.6;   4;    0.000;   0;  -999;   9.7;    -999;    7.4;   91.88;   11.7;    2.2;   -0.4;eor
       2497;20191102;   10;  17.0;   7.5;    3;   1.2;   4;    1.383;   0;  -999;  11.4;    -999;   11.0;   85.71;   13.1;    7.9;    7.1;eor
       2497;20191103;   10;  12.4;   5.0;    3;   2.8;   4;    0.650;   0;  -999;  10.7;    -999;    9.0;   92.92;   11.4;    7.5;    6.7;eor
       2497;20191104;   10;  12.1;   5.0;    3;   4.5;   4;    1.683;   0;  -999;   9.7;    -999;    7.9;   90.38;    9.7;    6.7;    5.6;eor
       2497;20191105;   10;  10.7;   3.5;    3;   2.7;   4;    1.050;   0;  -999;   8.8;    -999;    6.7;   90.00;    8.6;    5.1;    4.0;eor
       2497;20191106;   10;   6.7;   2.2;    3;   4.6;   4;    0.000;   0;  -999;   9.1;    -999;    6.0;   96.25;    7.4;    5.1;    4.0;eor
       2497;20191107;   10;  13.3;   5.2;    3;   1.2;   4;    0.417;   0;  -999;   8.2;    -999;    5.4;   90.42;    7.1;    1.8;   -0.4;eor
       2497;20191108;   10;   9.6;   2.9;    3;   0.0;   0;    4.133;   0;  -999;   6.9;    -999;    3.6;   87.46;    7.9;    0.5;   -1.7;eor
       2497;20191109;   10;  11.2;   4.1;    3;   0.0;   4;    3.783;   0;  -999;   6.5;    -999;    2.7;   88.29;    6.1;   -0.6;   -1.6;eor
       2497;20191110;   10;   6.0;   1.6;    3;   0.0;   0;    8.533;   0;  -999;   5.9;    -999;    1.9;   85.21;    7.8;   -3.4;   -5.6;eor
       2497;20191111;   10;  14.2;   5.4;    3;   1.3;   4;    0.000;   0;  -999;   6.6;    -999;    2.3;   91.33;    4.0;   -1.1;   -3.4;eor
       2497;20191112;   10;  12.9;   5.9;    3;   3.6;   4;    0.133;   0;  -999;   6.4;    -999;    2.0;   90.58;    3.2;    0.5;   -0.6;eor
       2497;20191113;   10;  12.2;   5.3;    3;   0.4;   4;    0.067;   0;  -999;   6.8;    -999;    2.4;   92.58;    3.5;    0.8;   -0.3;eor
       2497;20191114;   10;  11.5;   4.1;    3;   0.0;   0;    1.483;   0;  -999;   6.6;    -999;    2.8;   88.63;    4.6;   -0.2;   -1.8;eor
       2497;20191115;   10;  11.1;   2.7;    3;   0.0;   0;    0.000;   0;  -999;   6.1;    -999;    1.4;   89.63;    3.2;   -0.5;   -1.9;eor
       2497;20191116;   10;   9.9;   3.3;    3;   0.0;   0;    4.650;   0;  -999;   5.8;    -999;    1.5;   85.54;    5.6;   -2.4;   -5.2;eor
       2497;20191117;   10;  12.2;   2.6;    3;  14.4;   4;    0.133;   0;  -999;   6.0;    -999;    0.8;   92.58;    3.6;   -3.0;   -5.6;eor
       2497;20191118;   10;   8.7;   3.5;    3;  18.6;   4;    0.000;   1;  -999;   6.3;    -999;    0.6;   98.04;    2.1;    0.3;    0.1;eor
       2497;20191119;   10;   6.6;   2.7;    3;   0.0;   0;    0.800;   6;  -999;   6.1;    -999;    1.0;   93.00;    3.5;   -2.5;   -6.1;eor
       2497;20191120;   10;   8.4;   2.5;    3;   0.0;   0;    0.100;   3;  -999;   5.4;    -999;   -0.2;   90.08;    2.0;   -3.0;   -6.8;eor
       2497;20191121;   10;   9.7;   3.8;    3;   0.0;   0;    2.033;   1;  -999;   6.2;    -999;    1.3;   91.63;    4.8;   -1.4;   -2.4;eor
       2497;20191122;   10;  13.4;   5.0;    3;   0.0;   0;    0.767;   0;  -999;   7.6;    -999;    4.4;   90.83;    6.2;    2.1;    0.6;eor
       2497;20191123;   10;  10.8;   4.2;    3;   0.0;   0;    0.467;   0;  -999;   6.9;    -999;    5.4;   77.08;    9.5;    2.4;    0.1;eor
       2497;20191124;   10;   6.1;   2.0;    3;   0.0;   0;    6.267;   0;  -999;   8.1;    -999;    6.6;   82.67;   11.6;    1.2;   -1.0;eor
       2497;20191125;   10;   9.3;   2.6;    3;   0.0;   0;    0.850;   0;  -999;   8.6;    -999;    6.2;   91.04;    7.9;    4.2;    1.9;eor
       2497;20191126;   10;  13.2;   6.0;    3;   0.1;   4;    0.067;   0;  -999;   9.8;    -999;    7.8;   92.75;    9.2;    6.3;    5.8;eor
       2497;20191127;   10;  18.1;   7.4;    3;   5.2;   4;    0.250;   0;  -999;   9.7;    -999;    8.0;   89.63;    8.7;    7.2;    5.9;eor
       2497;20191128;   10;  17.0;   7.2;    3;  15.1;   4;    0.000;   0;  -999;   9.1;    -999;    7.1;   90.25;    7.8;    6.3;    5.7;eor
       2497;20191129;   10;   8.0;   2.8;    3;   0.1;   4;    2.250;   0;  -999;   7.1;    -999;    3.3;   91.33;    6.3;   -0.1;   -2.3;eor
       2497;20191130;   10;   4.9;   2.1;    3;   0.0;   0;    5.150;   0;  -999;   5.7;    -999;    0.1;   92.46;    3.7;   -2.0;   -5.5;eor
       2497;20191201;   10;   5.5;   2.3;    3;   0.0;   0;    0.000;   0;  -999;   5.1;    -999;   -1.2;   90.96;   -0.1;   -2.8;   -4.4;eor
       2497;20191202;   10;   6.3;   2.4;    3;   0.3;   4;    0.533;   0;  -999;   6.2;    -999;    1.0;   92.96;    3.6;   -2.4;   -6.3;eor
       2497;20191203;   10;   4.7;   1.7;    3;   0.0;   0;    0.000;   0;  -999;   7.0;    -999;    3.5;   89.71;    5.2;    0.8;   -1.9;eor
       2497;20191204;   10;   7.6;   2.2;    3;   0.0;   0;    7.600;   0;  -999;   5.1;    -999;    1.1;   77.38;    5.5;   -3.2;   -6.1;eor
       2497;20191205;   10;  11.9;   3.7;    3;   0.0;   0;    7.567;   0;  -999;   4.7;    -999;    0.6;   74.00;    5.7;   -3.1;   -6.5;eor
       2497;20191206;   10;  16.8;   8.7;    3;   3.0;   4;    0.000;   0;  -999;   6.2;    -999;    1.7;   87.42;    5.5;   -2.2;   -3.0;eor
       2497;20191207;   10;  14.3;   5.0;    3;   0.0;   4;    0.000;   0;  -999;   8.1;    -999;    5.9;   87.33;    6.5;    5.5;    4.4;eor
       2497;20191208;   10;  19.4;   8.5;    3;   4.8;   4;    0.000;   0;  -999;   8.5;    -999;    6.5;   87.75;    9.1;    3.5;    2.6;eor
       2497;20191209;   10;  17.5;   6.7;    3;   5.5;   4;    0.017;   0;  -999;   7.1;    -999;    3.7;   89.13;    4.7;    1.2;   -0.5;eor
       2497;20191210;   10;  17.2;   6.1;    3;   1.4;   4;    2.300;   0;  -999;   5.7;    -999;    1.2;   85.83;    3.1;    0.2;   -1.2;eor
       2497;20191211;   10;  17.2;   5.7;    3;   0.5;   4;    0.000;   0;  -999;   6.4;    -999;    2.0;   90.96;    2.9;    1.2;    0.6;eor
       2497;20191212;   10;  17.6;   6.3;    3;   0.1;   4;    1.617;   0;  -999;   6.0;    -999;    1.7;   86.13;    3.1;    0.0;    0.0;eor
       2497;20191213;   10;  13.1;   6.2;    3;   8.6;   4;    0.000;   1;  -999;   6.6;    -999;    1.9;   93.58;    3.8;    0.1;   -0.1;eor
       2497;20191214;   10;  25.5;   7.4;    3;   4.5;   4;    0.717;   0;  -999;   6.9;    -999;    3.4;   87.88;    5.9;    1.0;    0.3;eor
       2497;20191215;   10;  18.7;   6.9;    3;   2.1;   4;    2.833;   0;  -999;   7.5;    -999;    5.3;   84.38;    7.9;    2.8;    1.3;eor
       2497;20191216;   10;  11.8;   4.3;    3;   0.8;   4;    0.000;   0;  -999;   9.4;    -999;    6.9;   93.46;    8.9;    4.9;    4.1;eor
       2497;20191217;   10;  13.9;   6.0;    3;   4.4;   4;    3.467;   0;  -999;   9.5;    -999;    9.9;   78.29;   12.8;    6.7;    5.7;eor
       2497;20191218;   10;  12.7;   4.5;    3;   0.0;   0;    6.300;   0;  -999;   8.3;    -999;    5.6;   90.92;    7.0;    3.8;    0.5;eor
       2497;20191219;   10;  12.9;   6.0;    3;   0.0;   0;    6.933;   0;  -999;   9.2;    -999;    9.8;   76.63;   12.8;    6.9;    5.2;eor
       2497;20191220;   10;  16.9;   7.1;    3;   4.4;   4;    0.000;   0;  -999;   8.8;    -999;    8.2;   80.21;   10.4;    5.1;    3.9;eor
       2497;20191221;   10;  13.7;   6.3;    3;   0.2;   4;    0.033;   0;  -999;   7.7;    -999;    5.0;   87.92;    5.9;    4.0;    3.1;eor
       2497;20191222;   10;  13.7;   5.8;    3;   4.7;   4;    0.000;   0;  -999;   8.4;    -999;    5.6;   91.96;    7.2;    4.0;    3.5;eor
       2497;20191223;   10;  10.4;   4.2;    3;   2.0;   4;    0.067;   0;  -999;   7.9;    -999;    4.9;   90.75;    5.5;    3.7;    2.0;eor
       2497;20191224;   10;  20.6;   6.4;    3;   3.8;   4;    0.917;   0;  -999;   8.0;    -999;    5.6;   88.21;    7.7;    4.1;    2.9;eor
       2497;20191225;   10;  15.4;   4.0;    3;   2.9;   4;    0.000;   0;  -999;   7.9;    -999;    4.5;   93.13;    6.5;    2.3;    1.7;eor
       2497;20191226;   10;   8.9;   2.8;    3;   0.2;   4;    0.167;   0;  -999;   6.8;    -999;    2.5;   92.88;    3.6;    0.2;   -1.1;eor
       2497;20191227;   10;   7.7;   2.3;    3;   0.1;   4;    0.000;   0;  -999;   7.4;    -999;    3.1;   96.63;    4.1;    0.7;    0.7;eor
       2497;20191228;   10;   7.3;   2.1;    3;   0.0;   0;    3.800;   0;  -999;   5.1;    -999;   -0.4;   86.54;    2.3;   -2.5;   -4.3;eor
       2497;20191229;   10;   6.1;   1.7;    3;   0.0;   0;    1.617;   0;  -999;   3.2;    -999;    2.6;   45.33;    8.0;   -2.7;   -6.0;eor
       2497;20191230;   10;   8.9;   4.3;    3;   0.0;   0;    7.367;   0;  -999;   1.6;    -999;    7.9;   15.33;   11.8;    3.7;    0.1;eor
       2497;20191231;   10;   8.6;   2.6;    3;   0.0;   0;    0.000;   0;  -999;   5.3;    -999;    3.6;   69.13;    7.1;   -1.3;   -4.3;eor
       2497;20200101;   10;   5.1;   1.9;    3;   0.0;   0;    7.383;   0;  -999;   5.1;    -999;    0.6;   79.25;    5.9;   -3.1;   -6.4;eor
       2497;20200102;   10;  12.6;   5.1;    3;   0.0;   0;    0.867;   0;  -999;   6.1;    -999;    0.7;   93.04;    3.9;   -3.5;   -7.0;eor
       2497;20200103;   10;  16.7;   6.4;    3;   5.0;   4;    0.000;   0;  -999;   8.5;    -999;    5.4;   93.92;    7.3;    1.7;    0.3;eor
       2497;20200104;   10;  11.4;   4.2;    3;   0.2;   4;    0.000;   0;  -999;   6.8;    -999;    2.8;   90.88;    3.9;    1.0;   -0.4;eor
       2497;20200105;   10;   6.4;   2.4;    3;   0.0;   0;    0.000;   0;  -999;   6.9;    -999;    3.3;   88.75;    4.0;    2.0;    1.7;eor
       2497;20200106;   10;  14.7;   4.2;    3;   0.2;   4;    7.550;   0;  -999;   5.6;    -999;    2.1;   78.58;    6.0;   -0.8;   -2.3;eor
       2497;20200107;   10;  15.7;   5.1;    3;   0.0;   4;    1.117;   0;  -999;   7.3;    -999;    3.9;   90.00;    5.6;    1.6;    0.9;eor
       2497;20200108;   10;  12.7;   6.1;    3;   0.0;   0;    0.000;   0;  -999;   9.5;    -999;    6.5;   96.63;    8.8;    3.4;    2.7;eor
       2497;20200109;   10;  15.4;   7.2;    3;   3.0;   4;    0.000;   0;  -999;  10.9;    -999;    9.1;   94.13;   10.1;    7.6;    6.7;eor
       2497;20200110;   10;  16.0;   4.8;    3;   3.9;   4;    0.000;   0;  -999;   8.1;    -999;    5.1;   91.67;    7.6;    0.7;   -0.7;eor
       2497;20200111;   10;  14.1;   4.9;    3;   0.0;   0;    0.133;   0;  -999;   6.1;    -999;    1.9;   87.50;    3.1;    0.6;   -1.5;eor
       2497;20200112;   10;  18.9;   7.5;    3;   0.3;   4;    0.000;   0;  -999;   6.9;    -999;    2.9;   90.79;    5.3;    0.8;    0.0;eor
       2497;20200113;   10;  15.0;   5.2;    3;   0.1;   4;    0.533;   0;  -999;   7.8;    -999;    4.7;   90.58;    6.2;    3.5;    1.9;eor
       2497;20200114;   10;  21.7;   9.4;    3;   0.0;   0;    0.000;   0;  -999;   8.3;    -999;    6.4;   86.08;    8.3;    5.3;    4.5;eor
       2497;20200115;   10;  17.4;   7.6;    3;   0.4;   4;    4.350;   0;  -999;   8.5;    -999;    8.1;   78.75;   10.2;    6.2;    5.1;eor
       2497;20200116;   10;  14.5;   4.6;    3;   0.0;   0;    3.883;   0;  -999;   8.2;    -999;    6.1;   87.71;    8.5;    2.9;    0.9;eor
       2497;20200117;   10;  13.6;   5.7;    3;   1.6;   4;    0.050;   0;  -999;   7.8;    -999;    5.4;   87.08;    7.8;    2.8;    1.7;eor
       2497;20200118;   10;  10.0;   3.9;    3;   2.1;   4;    1.617;   0;  -999;   6.1;    -999;    1.7;   88.67;    3.2;    0.1;   -1.4;eor
       2497;20200119;   10;   9.2;   3.5;    3;   2.8;   4;    0.000;   1;  -999;   6.4;    -999;    1.1;   96.25;    1.9;    0.3;   -0.6;eor
       2497;20200120;   10;   6.6;   2.1;    3;   0.0;   0;    0.267;   0;  -999;   5.8;    -999;    0.2;   93.50;    2.2;   -3.3;   -6.4;eor
       2497;20200121;   10;   5.0;   1.4;    3;   0.0;   0;    7.900;   0;  -999;   4.6;    -999;   -1.1;   82.67;    5.2;   -4.7;   -7.5;eor
       2497;20200122;   10;   6.8;   1.4;    3;   0.0;   0;    1.283;   0;  -999;   5.1;    -999;   -1.7;   92.71;    1.2;   -6.0;   -8.7;eor
       2497;20200123;   10;   5.6;   2.3;    3;   0.0;   0;    0.000;   0;  -999;   5.8;    -999;   -0.7;   99.21;    1.1;   -3.5;   -5.1;eor
       2497;20200124;   10;   5.3;   1.5;    3;   0.0;   0;    7.167;   0;  -999;   4.7;    -999;   -2.0;   88.54;    4.2;   -5.0;   -7.0;eor
       2497;20200125;   10;   6.7;   2.2;    3;   0.0;   0;    6.767;   0;  -999;   6.3;    -999;    2.0;   88.54;    7.8;   -4.4;   -6.2;eor
       2497;20200126;   10;  12.1;   4.7;    3;   0.7;   4;    5.367;   0;  -999;   7.3;    -999;    4.0;   89.58;    5.5;    0.3;   -2.6;eor
       2497;20200127;   10;  15.5;   6.6;    3;   9.8;   4;    0.000;   0;  -999;   8.1;    -999;    5.0;   92.96;    5.7;    4.4;    3.6;eor
       2497;20200128;   10;  20.7;   7.3;    3;   5.7;   4;    0.983;   0;  -999;   6.3;    -999;    2.2;   86.54;    5.2;    0.5;    0.0;eor
       2497;20200129;   10;  13.6;   4.9;    3;   0.2;   4;    2.317;   1;  -999;   5.8;    -999;    1.8;   82.75;    4.0;    0.5;   -0.3;eor
       2497;20200130;   10;  15.6;   7.3;    3;   0.5;   4;    0.133;   0;  -999;   8.0;    -999;    5.3;   87.96;   10.3;    2.8;    1.4;eor
       2497;20200131;   10;  15.7;   7.3;    3;   0.7;   4;    4.000;   0;  -999;  10.7;    -999;    9.7;   88.50;   11.0;    8.7;    7.5;eor
       2497;20200201;    3;  14.7;   6.7;    3;  10.3;   4;    0.000;   0;  -999;   9.9;    -999;    8.3;   89.54;   10.0;    4.7;    3.4;eor
       2497;20200202;    3;  17.5;   6.5;    3;   3.2;   4;    0.000;   0;  -999;   9.0;    -999;    7.3;   86.42;   11.1;    3.7;    3.3;eor
       2497;20200203;    3;  14.8;   5.2;    3;  16.5;   4;    0.033;   0;  -999;   8.6;    -999;    6.7;   86.92;    8.7;    1.4;    1.0;eor
       2497;20200204;    3;  14.3;   5.0;    3;   8.2;   4;    0.783;   0;  -999;   6.3;    -999;    1.5;   92.33;    3.0;    0.1;    0.1;eor
       2497;20200205;    3;   9.8;   2.8;    3;   0.0;   0;    6.717;   0;  -999;   6.0;    -999;    1.6;   86.92;    4.3;   -2.2;   -4.0;eor
       2497;20200206;    3;   4.4;   1.4;    3;   0.0;   0;    4.700;   0;  -999;   5.4;    -999;    0.0;   88.04;    4.2;   -2.9;   -6.2;eor
       2497;20200207;    3;  11.9;   3.7;    3;   0.0;   0;    8.900;   0;  -999;   4.8;    -999;    1.6;   71.92;    7.2;   -4.0;   -6.0;eor
       2497;20200208;    3;  11.2;   4.9;    3;   0.0;   0;    0.400;   0;  -999;   6.7;    -999;    4.4;   78.58;    8.6;   -0.2;   -3.2;eor
       2497;20200209;    3;  26.5;  11.5;    3;  15.3;   4;    1.883;   0;  -999;   8.5;    -999;    7.6;   80.88;    9.6;    5.2;    4.1;eor
       2497;20200210;    3;  29.7;   9.4;    3;   8.5;   4;    1.000;   0;  -999;   7.0;    -999;    4.5;   82.96;    7.5;    0.7;    0.1;eor
       2497;20200211;    3;  21.6;   7.9;    3;   2.1;   4;    1.250;   0;  -999;   5.2;    -999;    2.2;   73.58;    3.6;    0.8;    0.2;eor
       2497;20200212;    3;  16.5;   6.3;    3;   0.1;   4;    2.983;   0;  -999;   5.4;    -999;    2.0;   77.42;    3.6;    0.7;   -0.3;eor
       2497;20200213;    3;  20.2;   6.6;    3;   8.1;   4;    0.767;   0;  -999;   6.6;    -999;    2.4;   90.83;    4.5;    0.3;   -0.6;eor
       2497;20200214;    3;  14.8;   5.2;    3;   0.1;   4;    0.067;   0;  -999;   7.0;    -999;    4.2;   85.25;    5.4;    2.5;    1.9;eor
       2497;20200215;    3;  17.6;   8.4;    3;   0.2;   4;    4.800;   0;  -999;   7.7;    -999;    6.3;   81.13;    8.8;    4.0;    3.0;eor
       2497;20200216;    3;  29.4;  11.8;    3;   7.2;   4;    3.233;   0;  -999;   9.3;    -999;   10.5;   74.04;   14.3;    5.4;    4.9;eor
       2497;20200217;    3;  16.3;   6.9;    3;   2.1;   4;    2.083;   0;  -999;   7.2;    -999;    5.2;   81.63;    7.6;    3.6;    2.9;eor
       2497;20200218;    3;  13.8;   6.3;    3;   6.4;   4;    0.300;   0;  -999;   6.6;    -999;    3.5;   84.42;    5.2;    2.3;    1.7;eor
       2497;20200219;    3;  15.9;   5.6;    3;   0.8;   4;    1.133;   0;  -999;   6.1;    -999;    2.3;   84.38;    3.9;    0.7;    0.2;eor
       2497;20200220;    3;  17.0;   7.3;    3;   6.9;   4;    0.733;   0;  -999;   7.5;    -999;    4.4;   88.88;    6.4;    0.9;    0.2;eor
       2497;20200221;    3;  15.7;   6.4;    3;   0.0;   0;    2.783;   0;  -999;   6.1;    -999;    2.6;   82.83;    5.1;    0.2;   -0.7;eor
       2497;20200222;    3;  16.1;   8.2;    3;   3.0;   4;    1.617;   0;  -999;   7.2;    -999;    5.0;   80.88;    7.7;    1.9;    1.0;eor
       2497;20200223;    3;  22.6;   8.3;    3;   8.7;   4;    0.000;   0;  -999;   9.6;    -999;    7.5;   91.75;   10.1;    3.5;    2.7;eor
       2497;20200224;    3;  21.6;   6.1;    3;   2.9;   4;    0.033;   0;  -999;   8.3;    -999;    5.4;   90.63;    8.9;    1.8;    0.8;eor
       2497;20200225;    3;  16.3;   5.4;    3;   7.8;   4;    2.450;   0;  -999;   7.5;    -999;    4.6;   87.33;    7.9;    0.1;    0.1;eor
       2497;20200226;    3;  16.1;   5.0;    3;   6.3;   4;    0.000;   2;  -999;   5.7;    -999;    0.2;   92.21;    0.9;   -0.7;   -1.7;eor
       2497;20200227;    3;  15.1;   4.9;    3;   6.4;   4;    0.000;   6;  -999;   5.7;    -999;   -0.2;   94.25;    0.5;   -1.2;   -0.9;eor
       2497;20200228;    3;  17.6;   6.1;    3;   0.3;   4;    6.750;  19;  -999;   5.6;    -999;    0.6;   87.54;    3.3;   -2.1;   -5.1;eor
       2497;20200229;    3;  21.5;   7.9;    3;   1.1;   4;    3.100;   3;  -999;   7.4;    -999;    5.0;   84.96;   10.1;    1.9;    1.1;eor
       2497;20200301;    3;  17.4;   6.7;    3;  10.5;   4;    3.217;   0;  -999;   6.5;    -999;    3.4;   83.38;    6.3;    0.3;    0.1;eor
       2497;20200302;    3;  12.9;   4.9;    3;   3.4;   4;    1.050;   1;  -999;   7.0;    -999;    3.4;   89.71;    6.9;    1.3;    0.6;eor
       2497;20200303;    3;  11.1;   4.3;    3;   0.7;   4;    3.983;   0;  -999;   5.9;    -999;    1.9;   84.04;    4.6;    0.3;   -0.6;eor
       2497;20200304;    3;   9.8;   3.8;    3;   3.4;   4;    5.150;   0;  -999;   6.6;    -999;    2.6;   89.08;    5.9;    1.3;    0.4;eor
       2497;20200305;    3;  11.7;   5.2;    3;  15.3;   4;    0.000;   0;  -999;   7.6;    -999;    3.6;   95.92;    5.2;    1.6;    1.4;eor
       2497;20200306;    3;  13.0;   4.5;    3;   2.3;   4;    0.000;   0;  -999;   7.2;    -999;    2.9;   94.83;    5.5;    1.3;    0.8;eor
       2497;20200307;    3;  12.1;   3.8;    3;   0.0;   4;    3.567;   0;  -999;   6.2;    -999;    3.5;   80.00;    6.5;    1.5;    0.7;eor
       2497;20200308;    3;  18.2;   7.1;    3;   1.5;   4;    2.650;   0;  -999;   7.8;    -999;    5.6;   85.25;    8.5;    3.7;    3.0;eor
       2497;20200309;    3;  12.1;   4.3;    3;   3.8;   4;    3.650;   0;  -999;   7.1;    -999;    4.2;   86.08;    6.6;    2.8;    1.8;eor
       2497;20200310;    3;  18.6;   7.8;    3;   7.2;   4;    0.000;   0;  -999;   9.9;    -999;    7.4;   93.96;   11.1;    2.0;    1.6;eor
       2497;20200311;    3;  20.3;   7.0;    3;   4.5;   4;    0.033;   0;  -999;  11.8;    -999;   10.6;   92.29;   11.4;    9.7;    9.1;eor
       2497;20200312;    3;  21.1;   7.4;    3;   1.4;   4;    6.333;   0;  -999;   7.6;    -999;    6.9;   74.83;   10.2;    2.4;    1.3;eor
       2497;20200313;    3;  15.5;   5.2;    3;   1.1;   4;    1.200;   0;  -999;   6.4;    -999;    3.8;   80.50;    6.6;    1.4;   -0.1;eor
       2497;20200314;    3;  10.5;   4.0;    3;   0.1;   4;    4.817;   0;  -999;   6.5;    -999;    3.9;   81.75;    8.0;   -0.8;   -2.6;eor
       2497;20200315;    3;  14.6;   5.9;    3;   0.0;   0;    6.633;   0;  -999;   7.4;    -999;    6.9;   74.13;   11.0;    3.3;    1.7;eor
       2497;20200316;    3;   6.1;   1.6;    3;   0.0;   0;    7.367;   0;  -999;   8.5;    -999;    8.8;   75.29;   15.0;    2.9;   -0.6;eor
       2497;20200317;    3;   6.8;   2.2;    3;   0.0;   0;    9.133;   0;  -999;   7.9;    -999;    9.0;   70.75;   14.1;    5.5;    3.7;eor
       2497;20200318;    3;  10.5;   3.4;    3;   0.0;   0;    7.733;   0;  -999;   9.2;    -999;    9.5;   78.42;   14.2;    5.0;    3.2;eor
       2497;20200319;    3;   5.9;   1.6;    3;   0.0;   0;    2.600;   0;  -999;   9.0;    -999;    9.0;   79.71;   13.2;    3.4;    0.7;eor
       2497;20200320;    3;   9.2;   2.8;    3;   7.2;   4;    0.000;   0;  -999;   9.1;    -999;    5.8;   97.71;    7.9;    1.8;    2.0;eor
       2497;20200321;    3;  12.7;   5.5;    3;   0.0;   4;    2.333;   0;  -999;   5.7;    -999;    2.2;   80.08;    7.1;   -0.6;   -1.6;eor
       2497;20200322;    3;  13.3;   5.6;    3;   0.0;   0;   11.700;   0;  -999;   3.6;    -999;    1.7;   54.00;    7.1;   -2.6;   -4.6;eor
       2497;20200323;    3;  14.4;   6.5;    3;   0.0;   0;   11.733;   0;  -999;   2.7;    -999;    1.1;   42.71;    6.2;   -3.4;   -4.8;eor
       2497;20200324;    3;  11.4;   5.1;    3;   0.0;   0;   11.817;   0;  -999;   2.7;    -999;    1.8;   38.92;    6.8;   -2.0;   -5.5;eor
       2497;20200325;    3;  11.1;   4.6;    3;   0.0;   0;   11.883;   0;  -999;   2.7;    -999;    2.7;   37.00;    9.2;   -3.7;   -7.3;eor
       2497;20200326;    3;  11.9;   4.0;    3;   0.0;   0;   11.717;   0;  -999;   3.6;    -999;    2.2;   50.58;    7.5;   -3.9;   -6.2;eor
       2497;20200327;    3;   9.4;   2.2;    3;   0.0;   0;   11.433;   0;  -999;   5.5;    -999;    5.1;   63.63;   12.3;   -2.4;   -4.8;eor
       2497;20200328;    3;  12.0;   3.8;    3;   0.0;   0;   11.400;   0;  -999;   6.3;    -999;    6.6;   65.38;   12.2;    1.1;   -2.2;eor
       2497;20200329;    1;  16.5;   6.4;    1;   1.0;   4;    0.383;   0;  -999;   5.1;    -999;   -0.1;   84.29;    2.6;   -3.4;   -5.7;eor
       2497;20200330;    1;   8.5;   2.9;    1;   1.2;   4;    8.050;   3;  -999;   3.9;    -999;   -0.8;   65.96;    4.3;   -7.1;  -11.2;eor
       2497;20200331;    1;   9.3;   3.0;    1;   0.0;   0;    8.100;   0;  -999;   5.0;    -999;    2.2;   71.54;    6.1;   -2.0;   -5.1;eor
       2497;20200401;    1;   7.4;   1.7;    1;   0.0;   0;   12.183;   0;  -999;   3.9;    -999;    1.9;   57.13;    8.1;   -4.7;   -7.3;eor
       2497;20200402;    1;   9.5;   2.6;    1;   0.0;   0;   11.533;   0;  -999;   5.0;    -999;    3.3;   64.71;    9.4;   -4.3;   -6.6;eor
       2497;20200403;    1;  11.4;   3.7;    1;   0.0;   0;    1.250;   0;  -999;   6.0;    -999;    4.9;   70.08;    7.5;   -1.7;   -4.3;eor
       2497;20200404;    1;   6.5;   2.1;    1;   0.0;   0;   12.483;   0;  -999;   5.1;    -999;    5.2;   59.46;   12.2;   -2.6;   -5.5;eor
       2497;20200405;    1;  14.7;   5.0;    1;   0.0;   0;   12.600;   0;  -999;   5.8;    -999;   10.1;   48.92;   16.4;    3.2;   -0.2;eor
       2497;20200406;    1;  12.4;   4.9;    1;   0.0;   0;   12.583;   0;  -999;   6.6;    -999;   13.1;   44.67;   18.7;    7.5;    5.5;eor
       2497;20200407;    1;   7.6;   2.0;    1;   0.0;   0;   11.550;   0;  -999;  10.2;    -999;   12.4;   72.46;   18.2;    5.2;    2.5;eor
       2497;20200408;    1;   7.2;   2.2;    1;   0.0;   0;    9.917;   0;  -999;   8.3;    -999;   15.0;   51.58;   22.1;    7.2;    3.7;eor
       2497;20200409;    1;   9.1;   2.6;    1;   0.0;   0;   12.083;   0;  -999;   9.4;    -999;   14.2;   58.08;   19.5;    7.2;    5.1;eor
       2497;20200410;    1;   9.7;   2.5;    1;   0.0;   0;   12.750;   0;  -999;   8.5;    -999;   12.3;   60.50;   18.0;    5.1;    2.2;eor
       2497;20200411;    1;   6.9;   1.8;    1;   0.0;   0;    9.717;   0;  -999;   8.3;    -999;   13.3;   56.17;   21.1;    3.6;    0.9;eor
       2497;20200412;    1;   7.9;   2.6;    1;   0.0;   0;   10.083;   0;  -999;   7.8;    -999;   14.6;   49.42;   20.4;    7.7;    4.5;eor
       2497;20200413;    1;  12.6;   4.4;    1;   0.0;   0;    4.950;   0;  -999;   6.5;    -999;    5.7;   69.46;   11.5;   -0.3;   -2.1;eor
       2497;20200414;    1;   9.7;   3.1;    1;   0.0;   0;    6.783;   0;  -999;   4.6;    -999;    2.5;   63.50;    7.0;   -2.1;   -5.1;eor
       2497;20200415;    1;   7.7;   2.5;    1;   0.0;   0;   10.650;   0;  -999;   5.6;    -999;    7.6;   55.88;   16.9;   -2.3;   -4.5;eor
       2497;20200416;    1;   9.0;   3.5;    1;   0.0;   0;   12.050;   0;  -999;   7.2;    -999;   14.3;   44.75;   21.9;    4.9;    3.1;eor
       2497;20200417;    1;   7.8;   2.4;    1;   0.0;   0;   11.133;   0;  -999;   9.1;    -999;   13.4;   59.63;   19.4;    6.4;    4.2;eor
       2497;20200418;    1;   8.5;   2.0;    1;   0.0;   0;    1.400;   0;  -999;  11.0;    -999;   12.8;   74.71;   19.1;    6.1;    3.1;eor
       2497;20200419;    1;   8.7;   2.5;    1;   0.0;   0;    0.883;   0;  -999;  10.0;    -999;    9.0;   86.92;   13.3;    4.9;    1.8;eor
       2497;20200420;    1;  15.1;   5.4;    1;   0.0;   0;   13.350;   0;  -999;   5.5;    -999;    9.7;   47.21;   16.3;    1.4;   -1.5;eor
       2497;20200421;    1;  14.8;   5.9;    1;   0.0;   0;   13.450;   0;  -999;   5.6;    -999;   11.2;   43.50;   18.0;    4.0;    1.0;eor
       2497;20200422;    1;  11.5;   3.6;    1;   0.0;   0;   13.567;   0;  -999;   6.0;    -999;   12.1;   44.21;   19.4;    4.9;   -1.1;eor
       2497;20200423;    1;   8.3;   2.8;    1;   0.0;   0;   12.950;   0;  -999;   6.6;    -999;   13.3;   45.42;   20.6;    3.3;    0.1;eor
       2497;20200424;    1;   9.6;   3.6;    1;   0.0;   0;   10.933;   0;  -999;   7.0;    -999;   13.7;   45.88;   19.0;    6.8;    3.3;eor
       2497;20200425;    1;   6.9;   2.4;    1;   0.0;   0;    8.450;   0;  -999;   6.8;    -999;    6.6;   71.25;   11.7;    2.4;   -0.9;eor
       2497;20200426;    1;   6.9;   1.9;    1;   0.0;   0;   13.350;   0;  -999;   6.9;    -999;    9.2;   61.79;   16.5;   -0.1;   -3.0;eor
       2497;20200427;    1;   9.5;   2.4;    1;   0.0;   0;   10.667;   0;  -999;   7.6;    -999;   12.2;   55.92;   19.5;    2.6;    0.2;eor
       2497;20200428;    1;  12.0;   4.5;    1;   0.5;   4;    2.133;   0;  -999;  10.5;    -999;   12.5;   72.58;   15.6;    7.4;    4.8;eor
       2497;20200429;    1;  12.0;   5.3;    1;   5.1;   4;    3.833;   0;  -999;   9.7;    -999;   10.9;   75.08;   15.0;    7.6;    7.3;eor
       2497;20200430;    1;  14.9;   5.5;    1;  11.2;   4;    4.650;   0;  -999;   9.0;    -999;    8.4;   82.96;   12.8;    6.2;    5.7;eor
       2497;20200501;    1;  13.3;   5.0;    1;   0.7;   4;    5.200;-999;  -999;   8.3;    -999;    7.3;   82.08;   11.7;    2.8;    2.3;eor
       2497;20200502;    1;  18.8;   4.2;    1;   0.9;   4;    6.417;-999;  -999;   7.9;    -999;    6.8;   80.58;   10.9;    2.2;   -0.7;eor
       2497;20200503;    1;   7.2;   2.4;    1;   0.6;   4;    6.367;-999;  -999;   7.3;    -999;    8.8;   66.46;   14.6;    0.5;   -1.3;eor
       2497;20200504;    1;   8.8;   2.5;    1;   2.8;   4;    1.517;-999;  -999;   9.3;    -999;    8.5;   83.79;   10.9;    2.4;    0.4;eor
       2497;20200505;    1;   9.8;   2.5;    1;   0.0;   0;   10.450;-999;  -999;   6.5;    -999;    6.4;   70.63;   12.1;    1.6;   -1.8;eor
       2497;20200506;    1;   9.5;   2.1;    1;   0.0;   0;   13.683;-999;  -999;   5.8;    -999;    8.0;   56.21;   14.3;   -0.3;   -3.0;eor
       2497;20200507;    1;   7.3;   1.8;    1;   0.0;   0;   13.150;-999;  -999;   7.1;    -999;   11.5;   54.29;   19.2;    1.6;   -0.7;eor
       2497;20200508;    1;   6.7;   2.0;    1;   0.0;   0;   10.567;-999;  -999;   8.0;    -999;   13.5;   52.83;   19.0;    5.2;    2.6;eor
       2497;20200509;    1;   7.9;   2.0;    1;   0.0;   0;    6.567;-999;  -999;  10.7;    -999;   14.8;   63.79;   20.9;    9.7;    8.0;eor
       2497;20200510;    1;  12.0;   2.6;    1;   8.9;   4;    2.067;-999;  -999;  13.2;    -999;   13.2;   86.21;   18.2;    4.9;    5.4;eor
       2497;20200511;    1;  17.2;   6.4;    1;   0.3;   4;    5.000;-999;  -999;   5.9;    -999;    4.7;   71.04;    9.0;    1.5;   -0.5;eor
       2497;20200512;    1;   6.8;   2.0;    1;   0.0;   0;    9.450;-999;  -999;   5.4;    -999;    4.2;   65.88;   10.3;   -1.9;   -4.3;eor
       2497;20200513;    1;   9.3;   2.7;    1;   0.0;   0;    3.700;-999;  -999;   6.0;    -999;    5.5;   67.54;   10.7;    0.1;   -0.9;eor
       2497;20200514;    1;  11.1;   3.6;    1;   0.0;   0;    8.200;-999;  -999;   5.9;    -999;    5.8;   65.71;   11.6;    1.2;   -1.4;eor
       2497;20200515;    1;  10.3;   2.6;    1;   0.0;   0;   13.950;-999;  -999;   5.9;    -999;    6.8;   61.50;   12.3;   -0.5;   -3.2;eor
       2497;20200516;    1;   8.3;   2.2;    1;   0.0;   0;   12.650;-999;  -999;   6.7;    -999;    9.1;   60.71;   16.4;   -0.8;   -2.5;eor
       2497;20200517;    1;   7.0;   2.1;    1;   0.0;   0;   14.133;-999;  -999;   7.5;    -999;    9.8;   64.33;   16.5;    2.3;   -0.4;eor
       2497;20200518;    1;   8.4;   2.9;    1;   0.0;   0;   12.183;-999;  -999;   9.2;    -999;   14.5;   56.79;   21.7;    6.8;    4.6;eor
       2497;20200519;    1;   8.5;   2.9;    1;   0.0;   0;   11.283;-999;  -999;   9.5;    -999;   15.5;   53.92;   21.8;    4.9;    2.6;eor
       2497;20200520;    1;   9.7;   2.3;    1;   0.0;   0;   13.283;-999;  -999;  12.2;    -999;   14.2;   75.33;   18.9;    9.1;    7.1;eor
       2497;20200521;    1;   7.8;   1.7;    1;   0.0;   0;   11.617;-999;  -999;  12.7;    -999;   17.4;   66.50;   25.2;    7.9;    5.3;eor
       2497;20200522;    1;  14.7;   3.9;    1;   2.0;   4;    1.317;-999;  -999;  14.2;    -999;   17.8;   70.83;   24.4;   11.8;   10.0;eor
       2497;20200523;    1;  13.4;   4.2;    1;   1.9;   4;    4.067;-999;  -999;   8.9;    -999;   11.0;   67.92;   15.2;    7.7;    6.5;eor
       2497;20200524;    1;  12.1;   3.8;    1;   0.2;   4;    3.983;-999;  -999;   9.6;    -999;   10.6;   75.38;   15.1;    6.2;    5.0;eor
       2497;20200525;    1;   9.1;   3.6;    1;   0.0;   0;    3.217;-999;  -999;  11.2;    -999;   12.8;   76.38;   17.4;    8.3;    4.7;eor
       2497;20200526;    1;   9.0;   2.5;    1;   0.0;   0;   13.850;-999;  -999;   9.1;    -999;   13.0;   64.29;   19.4;    4.8;    2.1;eor
       2497;20200527;    1;   7.9;   2.4;    1;   0.0;   0;   12.400;-999;  -999;   9.6;    -999;   15.1;   58.29;   21.8;    5.6;    3.2;eor
       2497;20200528;    1;  10.1;   3.7;    1;   0.0;   0;   13.983;-999;  -999;   8.2;    -999;   12.7;   57.75;   18.1;    5.3;    3.1;eor
       2497;20200529;    1;   9.8;   2.3;    1;   0.0;   0;   13.967;-999;  -999;   7.6;    -999;   13.4;   51.54;   20.3;    4.6;    0.3;eor
       2497;20200530;    1;  10.6;   3.1;    1;   0.0;   0;   11.300;-999;  -999;   7.7;    -999;   14.1;   49.25;   20.3;    4.9;    1.8;eor
       2497;20200531;    1;  10.3;   2.9;    1;   0.0;   0;   13.267;-999;  -999;   7.7;    -999;   13.0;   53.25;   19.3;    4.1;    1.8;eor
       2497;20200601;    1;   9.3;   2.4;    1;   0.0;   0;   14.050;-999;  -999;   9.6;    -999;   16.3;   54.17;   24.7;    7.6;    4.9;eor
       2497;20200602;    1;   7.2;   2.1;    1;   0.0;   0;   12.150;-999;  -999;   9.8;    -999;   19.2;   46.88;   26.4;    9.8;    6.9;eor
       2497;20200603;    1;   9.0;   2.1;    1;   2.9;   4;    7.133;-999;  -999;  10.9;    -999;   17.3;   56.00;   22.6;   10.8;    8.9;eor
       2497;20200604;    1;   9.2;   2.8;    1;   0.8;   4;    0.000;-999;  -999;  12.1;    -999;   11.0;   91.38;   13.6;    7.3;    7.1;eor
       2497;20200605;    1;  15.8;   4.7;    1;   7.3;   4;    1.883;-999;  -999;   9.3;    -999;    7.7;   87.63;   10.6;    5.4;    4.3;eor
       2497;20200606;    1;  15.0;   4.7;    1;   2.0;   4;    6.833;-999;  -999;   8.2;    -999;    9.6;   70.33;   14.9;    4.1;    3.3;eor
       2497;20200607;    1;  10.4;   3.8;    1;   0.0;   0;    4.583;-999;  -999;   8.2;    -999;   10.7;   64.46;   16.2;    6.4;    4.8;eor
       2497;20200608;    1;   7.3;   1.9;    1;  40.4;   4;    1.550;-999;  -999;  10.3;    -999;   10.6;   82.04;   17.0;    5.7;    4.8;eor
       2497;20200609;    1;   7.1;   2.5;    1;   0.7;   4;    1.400;-999;  -999;  11.9;    -999;   11.2;   89.71;   14.1;    7.7;    6.7;eor
