STATIONS_ID;MESS_DATUM;QN_3;  FX;  FM;QN_4; RSK;RSKF; SDK;SHK_TAG;  NM; VPM;  PM; TMK; UPM; TXK; TNK; TGK;eor
       4377;20181208;-999;-999;-999;    3;  23.7;   4;-999;   0;  -999;   7.7;    -999;    4.3;   91.96;    6.5;    2.9;    2.4;eor
       4377;20181209;-999;-999;-999;    3;   8.6;   4;-999;   0;  -999;   7.8;    -999;    4.8;   90.67;    6.4;    2.8;    1.5;eor
       4377;20181210;-999;-999;-999;    3;   2.1;   4;-999;   0;  -999;   6.1;    -999;    1.9;   86.54;    3.3;    0.5;   -0.4;eor
       4377;20181211;-999;-999;-999;    3;   0.6;   4;-999;   0;  -999;   6.0;    -999;    1.4;   88.13;    2.3;    0.8;    0.0;eor
       4377;20181212;-999;-999;-999;    3;   0.0;   0;-999;   0;  -999;   5.4;    -999;    0.8;   82.67;    2.6;   -0.5;   -1.7;eor
       4377;20181213;-999;-999;-999;    3;   0.0;   0;-999;   0;  -999;   4.3;    -999;   -2.0;   80.58;   -0.6;   -2.9;   -3.9;eor
       4377;20181214;-999;-999;-999;    3;   0.0;   0;-999;   0;  -999;   3.8;    -999;   -2.9;   77.21;   -2.6;   -3.3;   -3.2;eor
       4377;20181215;-999;-999;-999;    3;   0.0;   0;-999;   0;  -999;   3.6;    -999;   -3.3;   75.50;   -2.8;   -4.0;   -3.9;eor
       4377;20181216;-999;-999;-999;    3;   1.3;   4;-999;   0;  -999;   4.1;    -999;   -4.0;   91.13;   -0.7;   -5.1;   -5.6;eor
       4377;20181217;-999;-999;-999;    3;   1.6;   4;-999;   2;  -999;   6.1;    -999;    0.0;  100.00;    2.7;   -2.5;   -2.3;eor
       4377;20181218;-999;-999;-999;    3;   0.0;   0;-999;   0;  -999;   7.0;    -999;    1.8;   99.88;    2.8;   -0.4;   -0.6;eor
       4377;20181219;-999;-999;-999;    3;   2.7;   4;-999;   0;  -999;   6.0;    -999;   -0.3;   99.75;    0.8;   -1.1;   -0.9;eor
       4377;20181220;-999;-999;-999;    3;   6.6;   4;-999;   0;  -999;   7.3;    -999;    2.4;   99.50;    4.5;    0.7;    0.7;eor
       4377;20181221;-999;-999;-999;    3;  18.6;   4;-999;   0;  -999;   9.0;    -999;    6.2;   94.75;    9.8;    3.3;    3.3;eor
       4377;20181222;-999;-999;-999;    3;   3.7;   4;-999;   0;  -999;   8.5;    -999;    7.4;   82.21;    9.2;    5.5;    4.3;eor
       4377;20181223;-999;-999;-999;    3;  22.5;   4;-999;   0;  -999;   8.2;    -999;    5.6;   90.50;    7.4;    4.6;    4.0;eor
       4377;20181224;-999;-999;-999;    3;   0.6;   4;-999;   0;  -999;   6.2;    -999;    1.9;   87.63;    4.8;   -1.5;   -3.5;eor
       4377;20181225;-999;-999;-999;    3;   0.0;   0;-999;   0;  -999;   5.3;    -999;    0.1;   86.00;    2.4;   -1.5;   -2.1;eor
       4377;20181226;-999;-999;-999;    3;   0.0;   0;-999;   0;  -999;   5.5;    -999;   -0.7;   94.42;    1.4;   -4.0;   -5.5;eor
       4377;20181227;-999;-999;-999;    3;   0.0;   0;-999;   0;  -999;   6.2;    -999;    0.3;   98.83;    2.6;   -1.1;   -1.2;eor
       4377;20181228;-999;-999;-999;    3;   0.0;   0;-999;   0;  -999;   5.4;    -999;   -1.8;   99.63;    1.7;   -4.3;   -4.1;eor
       4377;20181229;-999;-999;-999;    3;   5.2;   4;-999;   0;  -999;   6.1;    -999;    0.0;   99.75;    2.3;   -3.3;   -2.7;eor
       4377;20181230;-999;-999;-999;    3;   0.0;   4;-999;   0;  -999;   7.2;    -999;    4.1;   88.13;    5.0;    2.4;    2.1;eor
       4377;20181231;-999;-999;-999;    3;   0.1;   4;-999;   0;  -999;   8.5;    -999;    4.9;   97.63;    6.1;    3.4;    3.4;eor
       4377;20190101;-999;-999;-999;    3;   4.5;   4;-999;   0;  -999;   7.5;    -999;    4.2;   90.50;    5.7;   -0.6;   -1.1;eor
       4377;20190102;-999;-999;-999;    3;   0.6;   4;-999;   2;  -999;   4.4;    -999;    0.1;   71.29;    1.7;   -3.2;   -5.8;eor
       4377;20190103;-999;-999;-999;    3;   0.0;   0;-999;   2;  -999;   4.2;    -999;   -1.7;   77.38;   -0.3;   -3.8;   -5.9;eor
       4377;20190104;-999;-999;-999;    3;   1.4;   4;-999;   2;  -999;   5.1;    -999;    0.0;   82.88;    1.6;   -1.1;   -1.8;eor
       4377;20190105;-999;-999;-999;    3;   7.2;   4;-999;   2;  -999;   7.2;    -999;    3.1;   94.21;    5.1;    0.7;    0.2;eor
       4377;20190106;-999;-999;-999;    3;   5.2;   4;-999;   0;  -999;   7.7;    -999;    4.2;   92.63;    5.2;    2.9;    2.1;eor
       4377;20190107;-999;-999;-999;    3;   3.2;   4;-999;   0;  -999;   6.7;    -999;    2.2;   93.71;    3.6;    0.9;    0.7;eor
       4377;20190108;-999;-999;-999;    3;   8.0;   4;-999;   0;  -999;   6.7;    -999;    2.4;   91.67;    3.6;    0.9;    0.2;eor
       4377;20190109;-999;-999;-999;    3;   0.9;   4;-999;   2;  -999;   5.0;    -999;   -0.3;   83.54;    1.4;   -0.9;   -3.3;eor
       4377;20190110;-999;-999;-999;    3;   0.0;   4;-999;   4;  -999;   4.3;    -999;   -1.9;   80.63;   -0.5;   -3.7;   -5.5;eor
       4377;20190111;-999;-999;-999;    3;   1.2;   4;-999;   4;  -999;   5.2;    -999;   -1.5;   94.42;    3.0;   -3.5;   -3.6;eor
       4377;20190112;-999;-999;-999;    3;   9.9;   4;-999;   3;  -999;   6.7;    -999;    1.9;   95.67;    3.2;    1.1;    0.2;eor
       4377;20190113;-999;-999;-999;    3;  17.2;   4;-999;   0;  -999;   7.8;    -999;    4.4;   92.88;    6.6;    2.4;    1.8;eor
       4377;20190114;-999;-999;-999;    3;   0.6;   4;-999;   0;  -999;   5.4;    -999;    1.7;   77.83;    4.2;   -0.5;   -1.9;eor
       4377;20190115;-999;-999;-999;    3;   0.8;   4;-999;   0;  -999;   5.8;    -999;    1.1;   87.17;    2.8;   -0.4;   -0.7;eor
       4377;20190116;-999;-999;-999;    3;   3.3;   4;-999;   0;  -999;   6.2;    -999;    1.6;   90.71;    2.9;   -0.3;   -1.8;eor
       4377;20190117;-999;-999;-999;    3;   8.7;   4;-999;   0;  -999;   6.5;    -999;    2.0;   91.63;    3.9;   -0.9;   -1.6;eor
       4377;20190118;-999;-999;-999;    3;   0.0;   0;-999;   2;  -999;   4.0;    -999;   -1.7;   74.33;    1.6;   -4.0;   -7.1;eor
       4377;20190119;-999;-999;-999;    3;   0.0;   0;-999;   2;  -999;   3.1;    -999;   -3.2;   64.58;    0.6;   -5.8;   -8.1;eor
       4377;20190120;-999;-999;-999;    3;   0.0;   0;-999;   2;  -999;   3.2;    -999;   -4.9;   76.92;   -0.7;   -7.2;   -8.8;eor
       4377;20190121;-999;-999;-999;    3;   0.0;   0;-999;   2;  -999;   3.4;    -999;   -4.9;   79.88;   -1.0;   -6.7;   -9.3;eor
       4377;20190122;-999;-999;-999;    3;   0.0;   0;-999;   0;  -999;   3.3;    -999;   -7.4;   93.38;   -6.0;   -9.9;  -11.5;eor
       4377;20190123;-999;-999;-999;    3;   0.0;   0;-999;   0;  -999;   3.6;    -999;   -6.2;   93.17;   -5.6;   -6.7;   -7.2;eor
       4377;20190124;-999;-999;-999;    3;   0.3;   4;-999;   0;  -999;   3.5;    -999;   -5.8;   89.21;   -4.1;   -6.8;   -6.7;eor
       4377;20190125;-999;-999;-999;    3;   6.5;   4;-999;   3;  -999;   3.8;    -999;   -5.3;   90.42;   -2.9;   -7.2;   -7.1;eor
       4377;20190126;-999;-999;-999;    3;   4.5;   4;-999;   6;  -999;   6.3;    -999;    0.4;  100.00;    2.2;   -3.3;   -3.2;eor
       4377;20190127;-999;-999;-999;    3;   9.7;   4;-999;   4;  -999;   6.8;    -999;    1.6;   99.42;    3.2;    0.2;    0.1;eor
       4377;20190128;-999;-999;-999;    3;   8.0;   4;-999;   4;  -999;   5.9;    -999;   -0.2;   98.33;    0.4;   -1.3;   -2.1;eor
       4377;20190129;-999;-999;-999;    3;   0.5;   4;-999;  12;  -999;   5.2;    -999;   -1.4;   94.29;   -0.3;   -3.9;   -7.6;eor
       4377;20190130;-999;-999;-999;    3;   0.8;   4;-999;  12;  -999;   4.6;    -999;   -2.9;   92.96;   -1.0;   -4.9;   -7.3;eor
       4377;20190131;-999;-999;-999;    3;   1.7;   4;-999;  12;  -999;   4.4;    -999;   -2.4;   86.21;    0.4;   -4.7;   -8.7;eor
       4377;20190201;-999;-999;-999;    3;   1.4;   4;-999;  13;  -999;   5.5;    -999;   -0.5;   92.96;    3.1;   -3.4;   -3.5;eor
       4377;20190202;-999;-999;-999;    3;   0.2;   4;-999;  11;  -999;   6.3;    -999;    0.5;   99.75;    2.0;   -0.2;   -0.1;eor
       4377;20190203;-999;-999;-999;    3;   0.0;   0;-999;   7;  -999;   4.9;    -999;   -0.4;   82.96;    1.4;   -1.2;   -4.1;eor
       4377;20190204;-999;-999;-999;    3;   0.0;   0;-999;   6;  -999;   4.6;    -999;   -1.0;   80.96;    1.3;   -2.8;   -5.9;eor
       4377;20190205;-999;-999;-999;    3;   0.1;   4;-999;   6;  -999;   5.1;    -999;   -1.6;   92.38;    0.6;   -4.3;   -7.1;eor
       4377;20190206;-999;-999;-999;    3;   0.0;   0;-999;   6;  -999;   5.0;    -999;   -2.2;   96.42;    0.8;   -3.9;   -7.1;eor
       4377;20190207;-999;-999;-999;    3;   1.5;   4;-999;   6;  -999;   4.6;    -999;   -3.8;   98.71;    2.3;   -5.6;   -6.4;eor
       4377;20190208;-999;-999;-999;    3;   2.0;   4;-999;   6;  -999;   6.7;    -999;    2.1;   94.08;    3.9;   -0.1;   -0.5;eor
       4377;20190209;-999;-999;-999;    3;   0.4;   4;-999;   6;  -999;   6.8;    -999;    4.1;   83.58;    6.2;    0.9;    0.0;eor
       4377;20190210;-999;-999;-999;    3;  21.8;   4;-999;   0;  -999;   7.6;    -999;    3.8;   93.71;    6.6;    1.6;    0.7;eor
       4377;20190211;-999;-999;-999;    3;   0.6;   4;-999;   1;  -999;   6.0;    -999;    1.2;   89.21;    2.7;   -0.1;   -1.8;eor
       4377;20190212;-999;-999;-999;    3;   0.1;   4;-999;   0;  -999;   5.4;    -999;    0.8;   82.83;    1.8;   -0.2;   -1.7;eor
       4377;20190213;-999;-999;-999;    3;   0.0;   0;-999;   0;  -999;   5.4;    -999;    1.9;   77.88;    6.6;   -2.3;   -3.8;eor
       4377;20190214;-999;-999;-999;    3;   0.0;   0;-999;   0;  -999;   5.6;    -999;    3.2;   72.04;    8.5;   -0.2;   -2.1;eor
       4377;20190215;-999;-999;-999;    3;   0.0;   0;-999;   0;  -999;   5.5;    -999;    6.8;   56.00;   11.9;    2.4;   -0.5;eor
       4377;20190216;-999;-999;-999;    3;   0.0;   0;-999;   0;  -999;   5.5;    -999;    7.1;   54.25;   11.3;    3.3;   -0.2;eor
       4377;20190217;-999;-999;-999;    3;   0.0;   0;-999;   0;  -999;   6.3;    -999;    6.8;   63.67;   10.9;    2.8;    0.1;eor
       4377;20190218;-999;-999;-999;    3;   0.0;   0;-999;   0;  -999;   6.3;    -999;    6.9;   63.46;   11.2;    2.5;   -0.8;eor
       4377;20190219;-999;-999;-999;    3;   0.2;   4;-999;   0;  -999;   6.5;    -999;    4.9;   74.96;    8.0;    1.2;   -1.0;eor
       4377;20190220;-999;-999;-999;    3;   0.0;   0;-999;   0;  -999;   6.5;    -999;    4.1;   80.21;    7.8;    0.4;   -1.5;eor
       4377;20190221;-999;-999;-999;    3;   0.3;   4;-999;   0;  -999;   7.7;    -999;    6.1;   81.67;    9.2;    2.2;    0.9;eor
       4377;20190222;-999;-999;-999;    3;   0.0;   0;-999;   0;  -999;   8.0;    -999;    6.2;   83.83;    8.7;    0.7;   -0.2;eor
       4377;20190223;-999;-999;-999;    3;   0.0;   0;-999;   0;  -999;   4.1;    -999;    1.2;   63.33;    5.3;   -2.7;   -4.4;eor
       4377;20190224;-999;-999;-999;    3;   0.0;   0;-999;   0;  -999;   2.6;    -999;    4.6;   30.25;   11.5;   -1.8;   -4.1;eor
       4377;20190225;-999;-999;-999;    3;   0.0;   0;-999;   0;  -999;   4.4;    -999;    9.4;   36.21;   14.5;    4.0;    0.4;eor
       4377;20190226;-999;-999;-999;    3;   0.0;   0;-999;   0;  -999;   4.7;    -999;   11.8;   34.92;   17.0;    8.5;    4.3;eor
       4377;20190227;-999;-999;-999;    3;   0.0;   0;-999;   0;  -999;   3.7;    -999;   11.3;   27.04;   16.4;    6.8;    2.3;eor
       4377;20190228;-999;-999;-999;    3;   2.9;   4;-999;   0;  -999;   7.0;    -999;   10.2;   56.42;   13.4;    6.7;    4.0;eor
       4377;20190301;-999;-999;-999;    3;   2.5;   4;-999;   0;  -999;   8.7;    -999;    6.5;   90.00;    9.1;    4.1;    3.7;eor
       4377;20190302;-999;-999;-999;    3;   1.1;   4;-999;   0;  -999;   7.7;    -999;    3.7;   96.13;    6.7;    1.8;    1.1;eor
       4377;20190303;-999;-999;-999;    3;   0.1;   4;-999;   0;  -999;   8.7;    -999;    7.3;   85.50;    8.7;    6.1;    4.7;eor
       4377;20190304;-999;-999;-999;    3;   6.2;   4;-999;   0;  -999;   7.6;    -999;    6.5;   79.04;   11.0;    1.2;    0.2;eor
       4377;20190305;-999;-999;-999;    3;   4.7;   4;-999;   0;  -999;   6.8;    -999;    2.9;   89.92;    4.6;    1.7;    0.5;eor
       4377;20190306;-999;-999;-999;    3;   0.6;   4;-999;   0;  -999;   7.5;    -999;    6.0;   82.13;   12.6;    1.1;    0.6;eor
       4377;20190307;-999;-999;-999;    3;   1.7;   4;-999;   0;  -999;   7.7;    -999;    7.2;   76.54;    9.7;    4.1;    2.5;eor
       4377;20190308;-999;-999;-999;    3;   7.9;   4;-999;   0;  -999;   6.9;    -999;    4.6;   81.58;    6.9;    3.2;    2.4;eor
       4377;20190309;-999;-999;-999;    3;   6.5;   4;-999;   0;  -999;   7.8;    -999;    5.5;   85.83;    8.2;    2.6;    2.2;eor
       4377;20190310;-999;-999;-999;    3;  11.6;   4;-999;   0;  -999;   7.6;    -999;    5.9;   81.33;   10.9;    0.0;   -0.6;eor
       4377;20190311;-999;-999;-999;    3;   1.6;   4;-999;   3;  -999;   5.8;    -999;    0.6;   91.21;    2.1;   -1.1;   -1.3;eor
       4377;20190312;-999;-999;-999;    3;   1.2;   4;-999;   3;  -999;   5.3;    -999;    3.1;   70.58;    5.9;   -0.2;   -1.1;eor
       4377;20190313;-999;-999;-999;    3;   5.8;   4;-999;   0;  -999;   6.2;    -999;    3.1;   80.71;    5.8;    1.7;    0.9;eor
       4377;20190314;-999;-999;-999;    3;  13.2;   4;-999;   0;  -999;   7.0;    -999;    2.9;   93.25;    4.8;    1.6;    1.4;eor
       4377;20190315;-999;-999;-999;    3;  27.9;   4;-999;   0;  -999;   8.8;    -999;    6.2;   91.92;    9.5;    3.4;    2.1;eor
       4377;20190316;-999;-999;-999;    3;   2.9;   4;-999;   0;  -999;   8.6;    -999;    6.5;   88.42;    8.4;    4.4;    3.7;eor
       4377;20190317;-999;-999;-999;    3;   5.8;   4;-999;   0;  -999;   7.3;    -999;    5.2;   81.75;    9.1;    0.8;   -0.5;eor
       4377;20190318;-999;-999;-999;    3;   0.6;   4;-999;   0;  -999;   5.9;    -999;    2.0;   84.29;    5.4;    0.3;   -1.6;eor
       4377;20190319;-999;-999;-999;    3;   0.0;   0;-999;   0;  -999;   4.7;    -999;    2.8;   63.83;    7.2;   -0.4;   -2.7;eor
       4377;20190320;-999;-999;-999;    3;   0.0;   0;-999;   0;  -999;   5.0;    -999;    5.3;   57.08;   10.9;    0.8;   -2.4;eor
       4377;20190321;-999;-999;-999;    3;   0.0;   0;-999;   0;  -999;   6.0;    -999;    9.1;   52.50;   15.5;    3.7;   -0.3;eor
       4377;20190322;-999;-999;-999;    3;   0.0;   0;-999;   0;  -999;   7.6;    -999;   12.4;   53.38;   17.7;    8.0;    4.0;eor
       4377;20190323;-999;-999;-999;    3;   0.0;   0;-999;   0;  -999;   7.8;    -999;   11.4;   58.67;   17.4;    6.4;    3.8;eor
       4377;20190324;-999;-999;-999;    3;   0.0;   0;-999;   0;  -999;   7.9;    -999;    6.9;   79.00;    9.6;    3.8;    1.7;eor
       4377;20190325;-999;-999;-999;    3;   4.8;   4;-999;   0;  -999;   5.9;    -999;    2.7;   79.88;    5.5;    0.8;   -1.0;eor
       4377;20190326;-999;-999;-999;    3;   0.0;   0;-999;   0;  -999;   6.0;    -999;    3.4;   76.54;    5.4;    1.9;    0.3;eor
       4377;20190327;-999;-999;-999;    3;   0.0;   0;-999;   0;  -999;   6.1;    -999;    5.5;   68.50;    9.9;    1.3;   -1.1;eor
       4377;20190328;-999;-999;-999;    3;   0.0;   0;-999;   0;  -999;   8.0;    -999;    8.0;   74.79;   11.1;    4.8;    2.6;eor
       4377;20190329;-999;-999;-999;    3;   0.0;   0;-999;   0;  -999;   7.9;    -999;    9.9;   65.88;   14.7;    6.9;    4.0;eor
       4377;20190330;-999;-999;-999;    3;   0.0;   0;-999;   0;  -999;   6.8;    -999;   11.4;   53.00;   17.2;    5.6;    2.2;eor
       4377;20190331;-999;-999;-999;    3;   0.1;   4;-999;   0;  -999;   7.5;    -999;   10.4;   60.17;   14.6;    4.4;    2.6;eor
       4377;20190401;-999;-999;-999;    3;   0.0;   0;-999;   0;  -999;   6.5;    -999;    8.0;   61.88;   14.5;    3.1;    1.4;eor
       4377;20190402;-999;-999;-999;    3;   0.2;   4;-999;   0;  -999;   6.8;    -999;   10.0;   54.67;   15.9;    4.4;    2.3;eor
       4377;20190403;-999;-999;-999;    3;   7.3;   4;-999;   0;  -999;   8.8;    -999;    8.5;   79.75;   13.5;    4.0;    3.4;eor
       4377;20190404;-999;-999;-999;    3;   0.1;   4;-999;   0;  -999;   8.2;    -999;    5.7;   89.13;    9.7;    3.3;    3.5;eor
       4377;20190405;-999;-999;-999;    3;   0.0;   0;-999;   0;  -999;   8.8;    -999;    6.1;   93.13;    8.5;    3.9;    4.1;eor
       4377;20190406;-999;-999;-999;    3;   0.0;   0;-999;   0;  -999;   9.4;    -999;   11.5;   71.83;   17.4;    6.6;    5.3;eor
       4377;20190407;-999;-999;-999;    3;   0.0;   0;-999;   0;  -999;   8.2;    -999;   12.1;   58.75;   17.5;    7.5;    5.5;eor
       4377;20190408;-999;-999;-999;    3;   0.5;   4;-999;   0;  -999;   9.1;    -999;   12.5;   63.13;   15.8;    9.9;    6.9;eor
       4377;20190409;-999;-999;-999;    3;   0.0;   0;-999;   0;  -999;   8.2;    -999;   11.3;   61.67;   16.6;    6.4;    5.4;eor
       4377;20190410;-999;-999;-999;    3;   0.0;   0;-999;   0;  -999;   5.7;    -999;    6.9;   58.21;   11.8;    2.5;    1.0;eor
       4377;20190411;-999;-999;-999;    3;   0.0;   0;-999;   0;  -999;   4.0;    -999;    3.1;   53.25;    8.1;   -0.4;   -2.3;eor
       4377;20190412;-999;-999;-999;    3;   0.0;   0;-999;   0;  -999;   4.1;    -999;    0.9;   63.29;    4.3;   -1.0;   -2.8;eor
       4377;20190413;-999;-999;-999;    3;   0.0;   0;-999;   0;  -999;   4.6;    -999;    1.3;   68.58;    5.2;   -1.3;   -1.6;eor
       4377;20190414;-999;-999;-999;    3;   0.0;   0;-999;   0;  -999;   5.5;    -999;    2.3;   76.13;    6.2;   -0.2;   -1.2;eor
       4377;20190415;-999;-999;-999;    3;   0.0;   0;-999;   0;  -999;   6.2;    -999;    8.8;   56.42;   14.4;    3.8;    3.8;eor
       4377;20190416;-999;-999;-999;    3;   0.0;   0;-999;   0;  -999;   4.9;    -999;   10.6;   39.21;   17.2;    4.8;    1.5;eor
       4377;20190417;-999;-999;-999;    3;   0.0;   0;-999;   0;  -999;   5.3;    -999;   11.9;   38.38;   17.9;    8.1;    6.7;eor
       4377;20190418;-999;-999;-999;    3;   0.0;   0;-999;   0;  -999;   6.5;    -999;   13.6;   43.63;   19.7;    8.5;    6.3;eor
       4377;20190419;-999;-999;-999;    3;   0.0;   0;-999;   0;  -999;   6.5;    -999;   15.6;   37.88;   21.8;   10.1;    7.5;eor
       4377;20190420;-999;-999;-999;    3;   0.0;   0;-999;   0;  -999;   5.9;    -999;   16.7;   31.63;   22.8;   12.4;    8.1;eor
       4377;20190421;-999;-999;-999;    3;   0.0;   0;-999;   0;  -999;   5.9;    -999;   16.3;   32.71;   22.2;   12.0;    8.4;eor
       4377;20190422;-999;-999;-999;    3;   0.0;   0;-999;   0;  -999;   6.2;    -999;   15.4;   35.92;   22.3;   10.0;    8.4;eor
       4377;20190423;-999;-999;-999;    3;   0.0;   0;-999;   0;  -999;   8.7;    -999;   13.9;   54.67;   19.7;    8.8;    7.3;eor
       4377;20190424;-999;-999;-999;    3;   0.1;   4;-999;   0;  -999;   9.4;    -999;   14.9;   58.83;   23.5;    7.6;    6.2;eor
       4377;20190425;-999;-999;-999;    3;   0.0;   4;-999;   0;  -999;   7.7;    -999;   14.9;   50.04;   23.8;    6.2;    3.1;eor
       4377;20190426;-999;-999;-999;    3;   8.3;   4;-999;   0;  -999;   9.2;    -999;    8.5;   84.21;   13.0;    6.5;    6.3;eor
       4377;20190427;-999;-999;-999;    3;   7.5;   4;-999;   0;  -999;   9.1;    -999;    6.4;   94.00;   11.2;    3.4;    2.6;eor
       4377;20190428;-999;-999;-999;    3;   0.0;   0;-999;   0;  -999;   7.3;    -999;    6.3;   77.21;    9.9;    3.5;    3.4;eor
       4377;20190429;-999;-999;-999;    3;   3.8;   4;-999;   0;  -999;   8.2;    -999;    7.5;   79.25;    9.2;    5.8;    3.2;eor
       4377;20190430;-999;-999;-999;    3;   0.0;   0;-999;   0;  -999;   7.4;    -999;   10.3;   61.50;   15.8;    4.7;    2.1;eor
       4377;20190501;-999;-999;-999;    3;   0.0;   0;-999;-999;  -999;   9.3;    -999;   12.6;   63.54;   15.8;    8.8;    6.5;eor
       4377;20190502;-999;-999;-999;    3;   0.1;   4;-999;-999;  -999;   8.1;    -999;   11.7;   59.25;   15.2;    8.0;    5.6;eor
       4377;20190503;-999;-999;-999;    3;   4.2;   4;-999;-999;  -999;   7.1;    -999;    7.4;   68.88;    9.8;    5.4;    4.3;eor
       4377;20190504;-999;-999;-999;    3;   2.7;   4;-999;-999;  -999;   6.3;    -999;    3.1;   82.46;    6.1;    0.5;   -0.3;eor
       4377;20190505;-999;-999;-999;    3;   0.0;   0;-999;-999;  -999;   5.0;    -999;    4.0;   62.42;    8.5;    0.7;   -1.0;eor
       4377;20190506;-999;-999;-999;    3;   0.0;   0;-999;-999;  -999;   5.6;    -999;    5.1;   64.75;    7.9;    1.9;    0.3;eor
       4377;20190507;-999;-999;-999;    3;   0.0;   0;-999;-999;  -999;   6.1;    -999;    6.7;   62.50;   10.0;    4.2;    2.3;eor
       4377;20190508;-999;-999;-999;    3;   9.4;   4;-999;-999;  -999;   9.0;    -999;    7.5;   84.21;    9.6;    4.8;    2.3;eor
       4377;20190509;-999;-999;-999;    3;   5.0;   4;-999;-999;  -999;  10.3;    -999;    8.2;   94.42;   10.2;    6.4;    6.6;eor
       4377;20190510;-999;-999;-999;    3;  11.3;   4;-999;-999;  -999;   8.4;    -999;   10.4;   68.58;   15.3;    7.3;    6.1;eor
       4377;20190511;-999;-999;-999;    3;   8.0;   4;-999;-999;  -999;   9.8;    -999;    7.7;   92.67;   10.5;    5.5;    4.9;eor
       4377;20190512;-999;-999;-999;    3;   0.0;   0;-999;-999;  -999;   6.7;    -999;    7.7;   64.92;   12.1;    3.9;    2.7;eor
       4377;20190513;-999;-999;-999;    3;   0.0;   0;-999;-999;  -999;   4.9;    -999;    8.8;   44.08;   13.0;    5.1;    3.2;eor
       4377;20190514;-999;-999;-999;    3;   0.0;   0;-999;-999;  -999;   5.4;    -999;    7.8;   51.00;   11.9;    4.6;    2.4;eor
       4377;20190515;-999;-999;-999;    3;   0.0;   0;-999;-999;  -999;   5.0;    -999;    6.6;   52.04;   10.2;    2.3;    0.1;eor
       4377;20190516;-999;-999;-999;    3;   1.5;   4;-999;-999;  -999;   7.5;    -999;    6.6;   77.29;    9.9;    5.3;    4.9;eor
       4377;20190517;-999;-999;-999;    3;   0.2;   4;-999;-999;  -999;   9.9;    -999;   10.0;   82.38;   17.0;    5.2;    5.3;eor
       4377;20190518;-999;-999;-999;    3;   3.8;   4;-999;-999;  -999;  10.1;    -999;   15.2;   61.13;   22.0;    8.5;    5.8;eor
       4377;20190519;-999;-999;-999;    3;   0.0;   0;-999;-999;  -999;  11.2;    -999;   16.7;   60.00;   22.1;   12.7;   10.3;eor
       4377;20190520;-999;-999;-999;    3;  44.7;   4;-999;-999;  -999;  12.6;    -999;   14.5;   77.46;   19.3;    9.5;    8.6;eor
       4377;20190521;-999;-999;-999;    3;   4.4;   4;-999;-999;  -999;  13.3;    -999;   12.4;   92.13;   14.8;   11.4;   11.3;eor
       4377;20190522;-999;-999;-999;    3;   0.0;   4;-999;-999;  -999;  10.9;    -999;   11.0;   82.88;   14.5;    7.5;    4.8;eor
       4377;20190523;-999;-999;-999;    3;   0.0;   0;-999;-999;  -999;   9.5;    -999;   13.4;   62.75;   18.6;    8.7;    6.2;eor
       4377;20190524;-999;-999;-999;    3;   0.0;   0;-999;-999;  -999;  10.1;    -999;   15.9;   56.29;   20.1;   11.5;    8.3;eor
       4377;20190525;-999;-999;-999;    3;   0.0;   0;-999;-999;  -999;  10.3;    -999;   15.6;   58.75;   19.9;   10.2;    7.5;eor
       4377;20190526;-999;-999;-999;    3;   0.0;   0;-999;-999;  -999;  10.0;    -999;   14.7;   60.17;   19.6;    9.7;    6.7;eor
       4377;20190527;-999;-999;-999;    3;   1.1;   4;-999;-999;  -999;  12.6;    -999;   13.9;   79.21;   16.1;   10.9;    8.8;eor
       4377;20190528;-999;-999;-999;    3;   7.7;   4;-999;-999;  -999;  11.0;    -999;   11.0;   84.08;   14.6;    7.0;    6.0;eor
       4377;20190529;-999;-999;-999;    3;   0.0;   0;-999;-999;  -999;   9.0;    -999;   10.5;   72.50;   15.3;    8.0;    6.1;eor
       4377;20190530;-999;-999;-999;    3;   0.0;   0;-999;-999;  -999;  10.2;    -999;   13.2;   67.75;   17.4;    7.3;    4.5;eor
       4377;20190531;-999;-999;-999;    3;   0.0;   0;-999;-999;  -999;  13.5;    -999;   16.8;   71.58;   20.9;   12.9;   12.4;eor
       4377;20190601;-999;-999;-999;    3;   0.0;   0;-999;-999;  -999;  14.3;    -999;   19.4;   64.08;   24.2;   14.1;   11.3;eor
       4377;20190602;-999;-999;-999;    3;   0.0;   0;-999;-999;  -999;  14.0;    -999;   21.8;   54.63;   26.6;   15.9;   13.0;eor
       4377;20190603;-999;-999;-999;    3;   0.7;   4;-999;-999;  -999;  14.2;    -999;   20.3;   60.58;   27.7;   13.9;   12.0;eor
       4377;20190604;-999;-999;-999;    3;   0.0;   0;-999;-999;  -999;  14.9;    -999;   20.8;   63.50;   27.1;   13.4;   11.0;eor
       4377;20190605;-999;-999;-999;    3;   0.0;   0;-999;-999;  -999;  13.8;    -999;   24.0;   47.25;   29.4;   19.4;   17.1;eor
       4377;20190606;-999;-999;-999;    3;   1.6;   4;-999;-999;  -999;  12.8;    -999;   13.3;   84.46;   20.9;    7.8;    6.2;eor
       4377;20190607;-999;-999;-999;    3;   4.2;   4;-999;-999;  -999;  12.9;    -999;   14.5;   79.25;   24.3;    7.4;    5.7;eor
       4377;20190608;-999;-999;-999;    3;   0.0;   0;-999;-999;  -999;   9.5;    -999;   12.9;   65.75;   17.4;    9.3;    7.5;eor
       4377;20190609;-999;-999;-999;    3;   0.0;   4;-999;-999;  -999;  10.5;    -999;   16.4;   57.38;   22.5;    9.7;    6.7;eor
       4377;20190610;-999;-999;-999;    3;  11.5;   4;-999;-999;  -999;  15.8;    -999;   16.4;   84.96;   20.7;   13.8;   12.6;eor
       4377;20190611;-999;-999;-999;    3;   9.0;   4;-999;-999;  -999;  15.4;    -999;   16.2;   84.21;   20.9;   12.9;   12.9;eor
       4377;20190612;-999;-999;-999;    3;   5.4;   4;-999;-999;  -999;  15.0;    -999;   15.0;   87.13;   19.1;   11.3;    9.1;eor
       4377;20190613;-999;-999;-999;    3;   0.0;   4;-999;-999;  -999;  13.0;    -999;   16.0;   72.50;   20.9;   11.4;   10.7;eor
       4377;20190614;-999;-999;-999;    3;   0.0;   4;-999;-999;  -999;  13.4;    -999;   19.9;   57.50;   24.4;   14.2;   10.6;eor
       4377;20190615;-999;-999;-999;    3;   0.0;   4;-999;-999;  -999;  14.6;    -999;   19.7;   63.46;   21.9;   16.7;   14.6;eor
       4377;20190616;-999;-999;-999;    3;   2.4;   4;-999;-999;  -999;  14.4;    -999;   15.4;   82.42;   17.4;   13.6;   11.6;eor
       4377;20190617;-999;-999;-999;    3;   0.0;   0;-999;-999;  -999;  13.9;    -999;   18.8;   66.04;   25.3;   12.2;    9.6;eor
       4377;20190618;-999;-999;-999;    3;   0.0;   0;-999;-999;  -999;  14.5;    -999;   21.4;   57.17;   26.4;   16.7;   14.0;eor
       4377;20190619;-999;-999;-999;    3;   7.4;   4;-999;-999;  -999;  14.7;    -999;   23.3;   51.88;   28.1;   17.8;   15.6;eor
       4377;20190620;-999;-999;-999;    3;   0.0;   0;-999;-999;  -999;  15.5;    -999;   18.2;   75.00;   23.4;   13.7;   12.2;eor
       4377;20190621;-999;-999;-999;    3;   0.0;   0;-999;-999;  -999;  14.0;    -999;   17.5;   71.38;   22.2;   13.1;   11.9;eor
       4377;20190622;-999;-999;-999;    3;   1.6;   4;-999;-999;  -999;  14.3;    -999;   18.4;   67.88;   24.2;   15.0;   13.7;eor
       4377;20190623;-999;-999;-999;    3;   0.0;   0;-999;-999;  -999;  14.3;    -999;   21.3;   57.46;   26.6;   17.0;   15.8;eor
       4377;20190624;-999;-999;-999;    3;   0.0;   0;-999;-999;  -999;  15.1;    -999;   22.9;   55.58;   28.7;   17.4;   16.1;eor
       4377;20190625;-999;-999;-999;    3;   0.0;   0;-999;-999;  -999;  16.4;    -999;   24.7;   53.33;   30.2;   19.3;   16.6;eor
       4377;20190626;-999;-999;-999;    3;   0.0;   0;-999;-999;  -999;  19.7;    -999;   27.6;   54.13;   33.5;   22.4;   19.6;eor
       4377;20190627;-999;-999;-999;    3;   0.0;   0;-999;-999;  -999;  12.5;    -999;   22.0;   48.67;   26.5;   15.3;   13.2;eor
       4377;20190628;-999;-999;-999;    3;   0.0;   0;-999;-999;  -999;  12.3;    -999;   18.9;   58.63;   26.2;   12.2;   10.5;eor
       4377;20190629;-999;-999;-999;    3;   0.0;   0;-999;-999;  -999;  10.3;    -999;   22.7;   39.08;   30.3;   14.8;   11.9;eor
       4377;20190630;-999;-999;-999;    3;   0.0;   0;-999;-999;  -999;  14.1;    -999;   26.5;   40.75;   33.1;   20.5;   16.3;eor
       4377;20190701;-999;-999;-999;    3;   0.0;   0;-999;-999;  -999;  14.7;    -999;   21.7;   56.46;   25.0;   16.3;   15.6;eor
       4377;20190702;-999;-999;-999;    3;   0.0;   0;-999;-999;  -999;  10.4;    -999;   16.5;   56.25;   21.2;   11.6;    9.2;eor
       4377;20190703;-999;-999;-999;    3;   0.0;   0;-999;-999;  -999;   8.7;    -999;   16.1;   48.08;   21.2;   11.8;    8.9;eor
       4377;20190704;-999;-999;-999;    3;   0.0;   0;-999;-999;  -999;   9.2;    -999;   17.0;   48.25;   23.6;   11.1;    9.1;eor
       4377;20190705;-999;-999;-999;    3;   0.0;   0;-999;-999;  -999;  10.2;    -999;   18.9;   46.75;   24.3;   15.0;   12.6;eor
       4377;20190706;-999;-999;-999;    3;   0.6;   4;-999;-999;  -999;  11.5;    -999;   20.9;   48.25;   27.0;   15.7;   13.6;eor
       4377;20190707;-999;-999;-999;    3;   0.6;   4;-999;-999;  -999;  11.0;    -999;   14.5;   67.50;   19.4;   10.3;    8.1;eor
       4377;20190708;-999;-999;-999;    3;   0.0;   0;-999;-999;  -999;   8.8;    -999;   12.7;   61.13;   17.4;    9.5;    7.3;eor
       4377;20190709;-999;-999;-999;    3;   0.0;   0;-999;-999;  -999;   9.1;    -999;   12.0;   65.63;   16.2;    9.6;    7.4;eor
       4377;20190710;-999;-999;-999;    3;   0.5;   4;-999;-999;  -999;   8.8;    -999;   15.6;   52.42;   22.3;    8.9;    5.9;eor
       4377;20190711;-999;-999;-999;    3;   4.5;   4;-999;-999;  -999;  14.1;    -999;   13.6;   90.21;   15.5;   12.0;   11.7;eor
       4377;20190712;-999;-999;-999;    3;   0.0;   4;-999;-999;  -999;  15.1;    -999;   16.2;   83.13;   21.0;   13.2;   12.2;eor
       4377;20190713;-999;-999;-999;    3;   0.0;   0;-999;-999;  -999;  13.7;    -999;   14.7;   81.79;   17.5;   13.0;   12.7;eor
       4377;20190714;-999;-999;-999;    3;   0.0;   0;-999;-999;  -999;  12.3;    -999;   14.1;   76.38;   17.3;   12.0;   10.9;eor
       4377;20190715;-999;-999;-999;    3;   0.0;   0;-999;-999;  -999;  11.9;    -999;   14.7;   71.92;   20.4;    9.7;    7.8;eor
       4377;20190716;-999;-999;-999;    3;   0.0;   0;-999;-999;  -999;  11.9;    -999;   15.0;   71.25;   21.8;    8.3;    6.6;eor
       4377;20190717;-999;-999;-999;    3;   0.0;   0;-999;-999;  -999;  13.3;    -999;   15.8;   76.42;   23.1;   10.4;    8.9;eor
       4377;20190718;-999;-999;-999;    3;   0.1;   4;-999;-999;  -999;  12.2;    -999;   19.2;   57.33;   25.1;   13.7;   10.7;eor
       4377;20190719;-999;-999;-999;    3;   1.2;   4;-999;-999;  -999;  15.1;    -999;   18.4;   71.75;   22.1;   15.6;   13.8;eor
       4377;20190720;-999;-999;-999;    3;   0.0;   0;-999;-999;  -999;  15.1;    -999;   22.1;   59.29;   29.8;   15.5;   13.3;eor
       4377;20190721;-999;-999;-999;    3;   0.0;   0;-999;-999;  -999;  13.7;    -999;   20.7;   57.17;   25.6;   16.4;   14.6;eor
       4377;20190722;-999;-999;-999;    3;   0.0;   0;-999;-999;  -999;  12.6;    -999;   22.1;   48.29;   27.4;   16.1;   13.8;eor
       4377;20190723;-999;-999;-999;    3;   0.0;   0;-999;-999;  -999;  13.1;    -999;   25.6;   41.33;   31.9;   19.6;   16.4;eor
       4377;20190724;-999;-999;-999;    3;   0.0;   0;-999;-999;  -999;  13.6;    -999;   28.1;   36.17;   34.4;   22.0;   18.8;eor
       4377;20190725;-999;-999;-999;    3;   0.0;   0;-999;-999;  -999;  11.6;    -999;   30.1;   28.21;   37.1;   23.1;   19.5;eor
       4377;20190726;-999;-999;-999;    3;   0.0;   0;-999;-999;  -999;  11.3;    -999;   28.7;   29.42;   35.2;   23.0;   20.7;eor
       4377;20190727;-999;-999;-999;    3;   0.9;   4;-999;-999;  -999;  13.8;    -999;   23.0;   50.00;   28.4;   17.4;   17.1;eor
       4377;20190728;-999;-999;-999;    3;  26.7;   4;-999;-999;  -999;  18.1;    -999;   20.1;   77.79;   26.6;   17.4;   16.5;eor
       4377;20190729;-999;-999;-999;    3;   0.0;   4;-999;-999;  -999;  18.5;    -999;   18.1;   88.96;   20.8;   16.4;   14.8;eor
       4377;20190730;-999;-999;-999;    3;   0.0;   0;-999;-999;  -999;  15.7;    -999;   21.5;   63.25;   27.2;   16.2;   14.7;eor
       4377;20190731;-999;-999;-999;    3;   0.0;   0;-999;-999;  -999;  12.3;    -999;   19.5;   55.29;   23.8;   15.8;   13.5;eor
       4377;20190801;-999;-999;-999;    3;   0.0;   0;-999;-999;  -999;  11.0;    -999;   18.5;   52.63;   23.3;   13.5;   10.8;eor
       4377;20190802;-999;-999;-999;    3;   1.4;   4;-999;-999;  -999;  13.3;    -999;   18.1;   65.13;   25.5;   14.8;   12.7;eor
       4377;20190803;-999;-999;-999;    3;   2.8;   4;-999;-999;  -999;  14.7;    -999;   17.0;   76.71;   22.0;   13.7;   12.9;eor
       4377;20190804;-999;-999;-999;    3;   0.0;   0;-999;-999;  -999;  13.4;    -999;   19.6;   60.63;   25.2;   14.2;   11.5;eor
       4377;20190805;-999;-999;-999;    3;   9.0;   4;-999;-999;  -999;  15.9;    -999;   19.4;   70.58;   23.1;   17.0;   15.3;eor
       4377;20190806;-999;-999;-999;    3;   2.6;   4;-999;-999;  -999;  16.3;    -999;   18.8;   75.46;   21.9;   14.7;   13.2;eor
       4377;20190807;-999;-999;-999;    3;   8.3;   4;-999;-999;  -999;  17.2;    -999;   16.8;   89.71;   18.9;   15.1;   14.3;eor
       4377;20190808;-999;-999;-999;    3;   0.0;   0;-999;-999;  -999;  14.4;    -999;   18.1;   71.33;   23.3;   13.2;   12.2;eor
       4377;20190809;-999;-999;-999;    3;   3.3;   4;-999;-999;  -999;  17.0;    -999;   20.4;   71.29;   25.8;   15.5;   12.7;eor
       4377;20190810;-999;-999;-999;    3;   0.0;   0;-999;-999;  -999;  16.2;    -999;   19.5;   71.79;   22.8;   16.7;   13.7;eor
       4377;20190811;-999;-999;-999;    3;   0.1;   4;-999;-999;  -999;  12.7;    -999;   18.8;   59.54;   25.5;   13.5;   11.9;eor
       4377;20190812;-999;-999;-999;    3;   0.6;   4;-999;-999;  -999;  12.2;    -999;   15.8;   69.13;   21.1;   11.3;    9.4;eor
       4377;20190813;-999;-999;-999;    3;   1.2;   4;-999;-999;  -999;  11.3;    -999;   14.0;   72.17;   18.1;   10.5;    8.8;eor
       4377;20190814;-999;-999;-999;    3;   0.4;   4;-999;-999;  -999;   9.8;    -999;   14.8;   59.83;   19.8;   10.6;    8.8;eor
       4377;20190815;-999;-999;-999;    3;   5.8;   4;-999;-999;  -999;  14.0;    -999;   14.1;   86.21;   17.8;   11.8;   11.7;eor
       4377;20190816;-999;-999;-999;    3;   0.0;   0;-999;-999;  -999;  12.7;    -999;   16.1;   70.42;   21.1;   12.0;   10.2;eor
       4377;20190817;-999;-999;-999;    3;   1.7;   4;-999;-999;  -999;  14.5;    -999;   15.9;   80.25;   19.0;   14.3;   12.5;eor
       4377;20190818;-999;-999;-999;    3;   6.6;   4;-999;-999;  -999;  17.9;    -999;   18.7;   84.50;   26.6;   14.4;   14.6;eor
       4377;20190819;-999;-999;-999;    3;   0.0;   0;-999;-999;  -999;  12.7;    -999;   17.5;   65.00;   22.1;   14.2;   12.8;eor
       4377;20190820;-999;-999;-999;    3;   0.0;   4;-999;-999;  -999;  11.4;    -999;   15.9;   62.92;   18.3;   13.2;   11.3;eor
       4377;20190821;-999;-999;-999;    3;   0.0;   0;-999;-999;  -999;  11.1;    -999;   15.7;   63.21;   21.2;   10.1;    7.5;eor
       4377;20190822;-999;-999;-999;    3;   0.0;   0;-999;-999;  -999;   9.8;    -999;   18.6;   47.29;   24.3;   12.7;   10.2;eor
       4377;20190823;-999;-999;-999;    3;   0.0;   0;-999;-999;  -999;  10.0;    -999;   20.7;   42.33;   27.1;   14.2;   11.1;eor
       4377;20190824;-999;-999;-999;    3;   0.0;   0;-999;-999;  -999;  14.8;    -999;   22.1;   55.46;   27.9;   17.0;   14.2;eor
       4377;20190825;-999;-999;-999;    3;   0.0;   0;-999;-999;  -999;  17.6;    -999;   23.8;   60.58;   31.0;   19.6;   17.2;eor
       4377;20190826;-999;-999;-999;    3;   0.2;   4;-999;-999;  -999;  17.0;    -999;   23.9;   58.63;   30.1;   19.2;   16.9;eor
       4377;20190827;-999;-999;-999;    3;   0.0;   0;-999;-999;  -999;  17.2;    -999;   23.4;   60.29;   29.2;   19.1;   16.6;eor
       4377;20190828;-999;-999;-999;    3;   0.0;   0;-999;-999;  -999;  17.2;    -999;   23.8;   59.63;   29.4;   19.5;   17.4;eor
       4377;20190829;-999;-999;-999;    3;   0.0;   4;-999;-999;  -999;  16.5;    -999;   22.6;   60.67;   28.1;   19.0;   16.9;eor
       4377;20190830;-999;-999;-999;    3;   0.0;   0;-999;-999;  -999;  17.1;    -999;   22.6;   63.29;   28.4;   17.7;   15.8;eor
       4377;20190831;-999;-999;-999;    3;   0.0;   0;-999;-999;  -999;  16.8;    -999;   24.0;   57.92;   29.9;   18.7;   16.5;eor
       4377;20190901;-999;-999;-999;    3;   0.0;   0;-999;-999;  -999;  14.4;    -999;   18.9;   65.50;   23.6;   12.6;   10.1;eor
       4377;20190902;-999;-999;-999;    3;   0.0;   0;-999;-999;  -999;   8.9;    -999;   14.5;   54.88;   19.2;   11.7;    9.2;eor
       4377;20190903;-999;-999;-999;    3;   0.0;   0;-999;-999;  -999;   8.6;    -999;   16.0;   48.21;   21.9;   10.9;    8.7;eor
       4377;20190904;-999;-999;-999;    3;   0.1;   4;-999;-999;  -999;  10.8;    -999;   17.5;   56.13;   24.5;   11.3;    8.7;eor
       4377;20190905;-999;-999;-999;    3;   0.0;   4;-999;-999;  -999;  10.7;    -999;   14.0;   67.88;   17.7;    9.4;    7.4;eor
       4377;20190906;-999;-999;-999;    3;   0.0;   0;-999;-999;  -999;   8.4;    -999;   13.0;   57.96;   18.6;    7.7;    5.0;eor
       4377;20190907;-999;-999;-999;    3;   0.0;   0;-999;-999;  -999;   9.3;    -999;   12.0;   66.58;   15.7;    8.5;    6.1;eor
       4377;20190908;-999;-999;-999;    3;   2.6;   4;-999;-999;  -999;  10.7;    -999;   11.9;   77.83;   16.9;    8.7;    6.2;eor
       4377;20190909;-999;-999;-999;    3;   0.3;   4;-999;-999;  -999;  11.3;    -999;   11.1;   85.38;   13.8;    9.8;    8.4;eor
       4377;20190910;-999;-999;-999;    3;   0.0;   0;-999;-999;  -999;   9.5;    -999;   12.2;   67.79;   17.4;    7.7;    4.7;eor
       4377;20190911;-999;-999;-999;    3;   0.0;   4;-999;-999;  -999;   9.4;    -999;   14.5;   58.00;   20.5;    9.7;    6.4;eor
       4377;20190912;-999;-999;-999;    3;   0.0;   4;-999;-999;  -999;  14.2;    -999;   15.9;   78.42;   21.1;   12.3;   11.4;eor
       4377;20190913;-999;-999;-999;    3;   0.0;   0;-999;-999;  -999;  14.9;    -999;   16.1;   81.54;   20.5;   12.1;    9.9;eor
       4377;20190914;-999;-999;-999;    3;   0.0;   0;-999;-999;  -999;  11.1;    -999;   15.8;   62.92;   22.5;   11.3;    9.7;eor
       4377;20190915;-999;-999;-999;    3;   0.0;   0;-999;-999;  -999;  10.6;    -999;   17.8;   54.88;   24.5;   12.6;    9.9;eor
       4377;20190916;-999;-999;-999;    3;   0.4;   4;-999;-999;  -999;  11.7;    -999;   15.9;   65.17;   19.1;   12.0;   10.4;eor
       4377;20190917;-999;-999;-999;    3;   0.0;   0;-999;-999;  -999;   9.6;    -999;   12.3;   68.04;   17.3;    7.9;    6.5;eor
       4377;20190918;-999;-999;-999;    3;   0.0;   0;-999;-999;  -999;   7.5;    -999;    9.8;   63.25;   15.2;    5.6;    3.2;eor
       4377;20190919;-999;-999;-999;    3;   0.0;   0;-999;-999;  -999;   7.0;    -999;    9.5;   59.96;   14.4;    5.7;    3.2;eor
       4377;20190920;-999;-999;-999;    3;   0.0;   0;-999;-999;  -999;   6.7;    -999;   11.7;   50.13;   17.3;    7.5;    4.6;eor
       4377;20190921;-999;-999;-999;    3;   0.0;   0;-999;-999;  -999;   7.6;    -999;   14.6;   46.71;   22.6;    8.9;    5.6;eor
       4377;20190922;-999;-999;-999;    3;   0.0;   0;-999;-999;  -999;   9.3;    -999;   16.7;   49.88;   23.4;   11.8;    8.9;eor
       4377;20190923;-999;-999;-999;    3;   0.8;   4;-999;-999;  -999;  13.3;    -999;   13.8;   84.08;   15.4;   11.8;   10.6;eor
       4377;20190924;-999;-999;-999;    3;   8.1;   4;-999;-999;  -999;  13.3;    -999;   12.4;   92.54;   15.2;    9.2;    7.2;eor
       4377;20190925;-999;-999;-999;    3;   5.3;   4;-999;-999;  -999;  13.3;    -999;   12.5;   91.83;   16.1;   10.9;   10.5;eor
       4377;20190926;-999;-999;-999;    3;   8.8;   4;-999;-999;  -999;  14.8;    -999;   13.0;   98.42;   14.7;   10.9;   11.1;eor
       4377;20190927;-999;-999;-999;    3;   8.5;   4;-999;-999;  -999;  14.2;    -999;   12.8;   95.92;   14.2;   10.3;   10.6;eor
       4377;20190928;-999;-999;-999;    3;   1.9;   4;-999;-999;  -999;  12.7;    -999;   12.1;   89.75;   15.2;   10.1;   10.2;eor
       4377;20190929;-999;-999;-999;    3;   6.3;   4;-999;-999;  -999;  12.7;    -999;   12.8;   85.92;   17.3;    9.0;    8.6;eor
       4377;20190930;-999;-999;-999;    3;   1.0;   4;-999;-999;  -999;  11.6;    -999;   11.9;   83.04;   14.7;    9.9;    8.1;eor
       4377;20191001;-999;-999;-999;    3;  12.2;   4;-999;   0;  -999;  13.6;    -999;   11.9;   97.21;   15.0;    8.7;    8.2;eor
       4377;20191002;-999;-999;-999;    3;   4.2;   4;-999;   0;  -999;  10.0;    -999;    9.3;   83.33;   13.8;    5.6;    3.9;eor
       4377;20191003;-999;-999;-999;    3;   0.0;   0;-999;   0;  -999;   9.0;    -999;    7.6;   86.38;   11.1;    5.5;    4.9;eor
       4377;20191004;-999;-999;-999;    3;  10.5;   4;-999;   0;  -999;   9.9;    -999;    7.2;   97.63;    9.7;    5.4;    4.1;eor
       4377;20191005;-999;-999;-999;    3;   0.0;   0;-999;   0;  -999;   8.7;    -999;    7.6;   83.50;   10.2;    4.5;    2.7;eor
       4377;20191006;-999;-999;-999;    3;   5.9;   4;-999;   0;  -999;   8.0;    -999;    5.4;   89.21;    7.6;    3.6;    2.3;eor
       4377;20191007;-999;-999;-999;    3;   0.0;   4;-999;   0;  -999;   9.0;    -999;    7.0;   89.21;   10.3;    5.2;    4.8;eor
       4377;20191008;-999;-999;-999;    3;   9.6;   4;-999;   0;  -999;  11.8;    -999;    9.7;   97.88;   11.8;    7.0;    7.3;eor
       4377;20191009;-999;-999;-999;    3;  12.8;   4;-999;   0;  -999;  10.8;    -999;    9.5;   91.08;   11.9;    7.9;    7.2;eor
       4377;20191010;-999;-999;-999;    3;   5.4;   4;-999;   0;  -999;  10.0;    -999;    8.5;   90.79;   11.1;    7.0;    6.6;eor
       4377;20191011;-999;-999;-999;    3;   0.0;   0;-999;   0;  -999;  11.5;    -999;    9.5;   96.33;   12.8;    6.6;    6.7;eor
       4377;20191012;-999;-999;-999;    3;   0.0;   0;-999;   0;  -999;  12.7;    -999;   13.5;   83.13;   20.3;    7.6;    6.2;eor
       4377;20191013;-999;-999;-999;    3;   0.0;   0;-999;   0;  -999;  14.8;    -999;   16.6;   79.21;   22.4;   12.5;   10.3;eor
       4377;20191014;-999;-999;-999;    3;   0.0;   0;-999;   0;  -999;  14.2;    -999;   16.8;   75.08;   21.4;   12.3;    9.9;eor
       4377;20191015;-999;-999;-999;    3;   4.4;   4;-999;   0;  -999;  14.3;    -999;   15.2;   83.08;   19.7;   11.3;    9.6;eor
       4377;20191016;-999;-999;-999;    3;   0.5;   4;-999;   0;  -999;  11.4;    -999;   10.3;   90.50;   11.4;    9.1;    7.2;eor
       4377;20191017;-999;-999;-999;    3;   6.9;   4;-999;   0;  -999;  12.3;    -999;   10.5;   96.33;   12.8;    8.7;    7.0;eor
       4377;20191018;-999;-999;-999;    3;   5.2;   4;-999;   0;  -999;  12.7;    -999;   11.3;   93.92;   14.0;    7.2;    6.0;eor
       4377;20191019;-999;-999;-999;    3;   2.9;   4;-999;   0;  -999;  12.2;    -999;   10.2;   98.13;   11.9;    7.9;    6.9;eor
       4377;20191020;-999;-999;-999;    3;   0.5;   4;-999;   0;  -999;  13.6;    -999;   13.4;   88.88;   16.0;   10.6;   10.1;eor
       4377;20191021;-999;-999;-999;    3;   0.0;   0;-999;   0;  -999;  13.1;    -999;   13.7;   82.96;   16.1;   11.2;    9.6;eor
       4377;20191022;-999;-999;-999;    3;   0.0;   0;-999;   0;  -999;  12.3;    -999;   13.2;   81.42;   17.4;    9.1;    7.3;eor
       4377;20191023;-999;-999;-999;    3;   0.0;   4;-999;   0;  -999;  13.3;    -999;   12.0;   94.63;   13.1;   10.7;    9.2;eor
       4377;20191024;-999;-999;-999;    3;   0.1;   4;-999;   0;  -999;  13.6;    -999;   12.0;   96.79;   15.5;   10.4;    9.3;eor
       4377;20191025;-999;-999;-999;    3;   0.0;   0;-999;   0;  -999;  11.8;    -999;   11.0;   89.88;   14.1;    8.8;    7.0;eor
       4377;20191026;-999;-999;-999;    3;   0.0;   0;-999;   0;  -999;  11.8;    -999;   10.9;   90.42;   15.9;    6.2;    5.5;eor
       4377;20191027;-999;-999;-999;    3;   3.4;   4;-999;   0;  -999;  10.4;    -999;    9.5;   87.04;   14.2;    4.0;    2.4;eor
       4377;20191028;-999;-999;-999;    3;   0.0;   0;-999;   0;  -999;   7.3;    -999;    5.0;   83.67;    9.7;    1.9;   -0.3;eor
       4377;20191029;-999;-999;-999;    3;   0.0;   0;-999;   0;  -999;   7.1;    -999;    5.1;   80.38;    7.0;    2.8;    0.8;eor
       4377;20191030;-999;-999;-999;    3;   0.0;   0;-999;   0;  -999;   6.1;    -999;    3.2;   78.96;    6.9;    1.0;   -0.5;eor
       4377;20191031;-999;-999;-999;    3;   0.0;   0;-999;   0;  -999;   5.1;    -999;    2.5;   71.17;    6.8;   -0.3;   -3.1;eor
       4377;20191101;-999;-999;-999;    3;  13.7;   4;-999;   0;  -999;   7.0;    -999;    1.9;   98.75;    6.8;   -1.3;   -2.4;eor
       4377;20191102;-999;-999;-999;    3;  10.8;   4;-999;   0;  -999;  11.8;    -999;   10.0;   95.75;   13.7;    6.7;    6.7;eor
       4377;20191103;-999;-999;-999;    3;  10.5;   4;-999;   0;  -999;  11.6;    -999;    9.3;   98.75;   10.8;    8.1;    7.9;eor
       4377;20191104;-999;-999;-999;    3;  13.0;   4;-999;   0;  -999;  10.4;    -999;    7.9;   97.08;    9.1;    6.7;    6.1;eor
       4377;20191105;-999;-999;-999;    3;   1.1;   4;-999;   0;  -999;   8.8;    -999;    6.7;   90.17;    8.0;    5.3;    3.2;eor
       4377;20191106;-999;-999;-999;    3;   1.8;   4;-999;   0;  -999;   8.9;    -999;    6.1;   94.71;    7.6;    4.5;    4.1;eor
       4377;20191107;-999;-999;-999;    3;   1.0;   4;-999;   0;  -999;   9.0;    -999;    6.0;   96.25;    8.2;    4.5;    3.4;eor
       4377;20191108;-999;-999;-999;    3;  14.9;   4;-999;   0;  -999;   7.8;    -999;    4.6;   92.17;    7.0;    3.3;    2.5;eor
       4377;20191109;-999;-999;-999;    3;   0.6;   4;-999;   0;  -999;   7.0;    -999;    3.4;   90.38;    6.7;    1.7;   -0.4;eor
       4377;20191110;-999;-999;-999;    3;   0.0;   0;-999;   0;  -999;   6.8;    -999;    1.7;   98.21;    5.1;   -0.7;   -0.3;eor
       4377;20191111;-999;-999;-999;    3;   0.7;   4;-999;   0;  -999;   6.1;    -999;    0.2;   97.75;    1.2;   -0.6;   -0.3;eor
       4377;20191112;-999;-999;-999;    3;   0.2;   4;-999;   0;  -999;   6.5;    -999;    2.4;   90.83;    5.8;   -0.5;   -0.3;eor
       4377;20191113;-999;-999;-999;    3;   0.0;   0;-999;   0;  -999;   6.6;    -999;    1.9;   93.92;    4.0;   -0.4;   -1.3;eor
       4377;20191114;-999;-999;-999;    3;   0.0;   0;-999;   0;  -999;   6.5;    -999;    2.7;   88.21;    6.2;    1.0;    0.2;eor
       4377;20191115;-999;-999;-999;    3;   7.1;   4;-999;   0;  -999;   6.7;    -999;    4.2;   81.79;    6.7;    1.6;    0.6;eor
       4377;20191116;-999;-999;-999;    3;   0.0;   0;-999;   0;  -999;   7.3;    -999;    3.0;   96.58;    6.3;    1.5;    1.3;eor
       4377;20191117;-999;-999;-999;    3;   0.7;   4;-999;   0;  -999;   7.9;    -999;    5.5;   87.00;    7.1;    2.8;    1.2;eor
       4377;20191118;-999;-999;-999;    3;   0.9;   4;-999;   0;  -999;   7.2;    -999;    2.9;   95.33;    5.1;    1.4;    1.2;eor
       4377;20191119;-999;-999;-999;    3;   1.2;   4;-999;   0;  -999;   7.0;    -999;    2.2;   96.88;    3.4;    0.2;   -2.2;eor
       4377;20191120;-999;-999;-999;    3;   0.0;   0;-999;   0;  -999;   6.1;    -999;    1.6;   89.17;    4.9;   -0.8;   -3.1;eor
       4377;20191121;-999;-999;-999;    3;   0.0;   0;-999;   0;  -999;   7.6;    -999;    3.0;   99.83;    4.0;    2.1;    1.7;eor
       4377;20191122;-999;-999;-999;    3;   0.0;   0;-999;   0;  -999;   7.1;    -999;    2.2;   99.67;    3.6;    1.3;    1.7;eor
       4377;20191123;-999;-999;-999;    3;   0.0;   0;-999;   0;  -999;   7.8;    -999;    6.0;   83.58;    8.9;    3.3;    1.6;eor
       4377;20191124;-999;-999;-999;    3;   0.0;   0;-999;   0;  -999;   8.1;    -999;    6.3;   84.42;    8.9;    4.0;    1.6;eor
       4377;20191125;-999;-999;-999;    3;   0.2;   4;-999;   0;  -999;   7.4;    -999;    2.8;   99.71;    4.6;    2.1;    1.3;eor
       4377;20191126;-999;-999;-999;    3;   0.9;   4;-999;   0;  -999;  -999;    -999;    4.4;-999;    6.5;    2.3;    2.6;eor
       4377;20191127;-999;-999;-999;    3;   8.1;   4;-999;   0;  -999;  -999;    -999;    5.5;-999;    7.9;    3.8;    4.0;eor
       4377;20191128;-999;-999;-999;    3;  20.8;   4;-999;   0;  -999;  -999;    -999;    7.2;-999;    8.8;    6.3;    5.8;eor
       4377;20191129;-999;-999;-999;    3;   1.5;   4;-999;   0;  -999;   7.0;    -999;    4.0;   84.75;    6.8;    1.6;   -0.2;eor
       4377;20191130;-999;-999;-999;    3;   0.0;   0;-999;   0;  -999;   5.7;    -999;    1.7;   83.46;    4.3;   -0.4;   -3.6;eor
       4377;20191201;-999;-999;-999;    3;   0.0;   0;-999;   0;  -999;   5.0;    -999;   -0.1;   81.83;    0.7;   -1.2;   -3.3;eor
       4377;20191202;-999;-999;-999;    3;   0.0;   0;-999;   0;  -999;   5.3;    -999;    0.6;   83.33;    2.7;   -1.4;   -4.2;eor
       4377;20191203;-999;-999;-999;    3;   0.0;   4;-999;   0;  -999;   6.6;    -999;    2.0;   93.88;    5.2;    0.6;   -1.4;eor
       4377;20191204;-999;-999;-999;    3;   0.0;   0;-999;   0;  -999;   5.4;    -999;    1.8;   77.21;    4.7;    0.0;   -2.5;eor
       4377;20191205;-999;-999;-999;    3;   0.0;   0;-999;   0;  -999;   5.0;    -999;   -1.3;   89.63;    1.3;   -3.1;   -5.3;eor
       4377;20191206;-999;-999;-999;    3;   8.4;   4;-999;   0;  -999;   5.7;    -999;   -1.1;   99.63;    3.7;   -4.1;   -3.6;eor
       4377;20191207;-999;-999;-999;    3;   0.4;   4;-999;   0;  -999;   8.1;    -999;    5.5;   89.25;    6.3;    3.5;    3.1;eor
       4377;20191208;-999;-999;-999;    3;   6.4;   4;-999;   0;  -999;   8.5;    -999;    6.6;   87.08;    8.2;    5.2;    4.6;eor
       4377;20191209;-999;-999;-999;    3;   7.2;   4;-999;   0;  -999;   7.4;    -999;    4.2;   90.13;    6.1;    2.4;    0.8;eor
       4377;20191210;-999;-999;-999;    3;   0.0;   0;-999;   0;  -999;   5.6;    -999;    0.8;   87.04;    2.5;   -2.2;   -3.3;eor
       4377;20191211;-999;-999;-999;    3;   7.3;   4;-999;   0;  -999;   5.0;    -999;   -1.2;   89.42;   -0.5;   -2.0;   -2.8;eor
       4377;20191212;-999;-999;-999;    3;   1.1;   4;-999;   6;  -999;   6.0;    -999;   -0.4;  100.00;    0.3;   -1.5;   -0.9;eor
       4377;20191213;-999;-999;-999;    3;  16.7;   4;-999;   7;  -999;   5.9;    -999;   -0.5;   99.75;    2.6;   -1.9;   -1.7;eor
       4377;20191214;-999;-999;-999;    3;  17.4;   4;-999;  14;  -999;   6.7;    -999;    2.6;   90.92;    4.4;   -0.3;    0.1;eor
       4377;20191215;-999;-999;-999;    3;   6.3;   4;-999;   3;  -999;   7.9;    -999;    4.8;   91.38;    8.4;    1.9;    1.4;eor
       4377;20191216;-999;-999;-999;    3;   0.2;   4;-999;   0;  -999;   9.0;    -999;    5.8;   96.79;    7.9;    3.4;    3.3;eor
       4377;20191217;-999;-999;-999;    3;   0.4;   4;-999;   0;  -999;   7.9;    -999;    7.1;   78.50;   11.5;    4.3;    2.2;eor
       4377;20191218;-999;-999;-999;    3;   0.1;   4;-999;   0;  -999;   9.3;    -999;    7.9;   88.29;   12.3;    5.6;    3.8;eor
       4377;20191219;-999;-999;-999;    3;   0.0;   0;-999;   0;  -999;   8.4;    -999;    6.8;   85.67;   10.2;    4.2;    2.0;eor
       4377;20191220;-999;-999;-999;    3;   1.9;   4;-999;   0;  -999;   7.7;    -999;    5.4;   86.13;    7.9;    3.3;    2.0;eor
       4377;20191221;-999;-999;-999;    3;   0.7;   4;-999;   0;  -999;   8.0;    -999;    4.2;   96.63;    6.6;    2.2;    2.5;eor
       4377;20191222;-999;-999;-999;    3;  11.0;   4;-999;   0;  -999;   7.6;    -999;    3.2;   98.46;    5.4;    1.3;    1.6;eor
       4377;20191223;-999;-999;-999;    3;   2.9;   4;-999;   0;  -999;   7.6;    -999;    4.7;   88.75;    5.5;    4.1;    2.8;eor
       4377;20191224;-999;-999;-999;    3;   7.4;   4;-999;   0;  -999;   7.7;    -999;    4.2;   93.54;    6.1;    2.5;    2.4;eor
       4377;20191225;-999;-999;-999;    3;   6.3;   4;-999;   0;  -999;   7.6;    -999;    4.5;   90.13;    5.7;    1.8;    0.6;eor
       4377;20191226;-999;-999;-999;    3;   0.0;   4;-999;   0;  -999;   6.4;    -999;    2.6;   86.21;    4.3;    1.6;    0.8;eor
       4377;20191227;-999;-999;-999;    3;   0.0;   0;-999;   0;  -999;   6.1;    -999;    1.4;   90.17;    4.6;   -0.3;   -2.3;eor
       4377;20191228;-999;-999;-999;    3;   0.0;   0;-999;   0;  -999;   4.4;    -999;   -1.0;   78.50;    0.9;   -3.3;   -5.6;eor
       4377;20191229;-999;-999;-999;    3;   0.0;   0;-999;   0;  -999;   4.0;    -999;   -2.2;   77.08;    0.3;   -4.1;   -6.6;eor
       4377;20191230;-999;-999;-999;    3;   0.0;   0;-999;   0;  -999;   4.3;    -999;   -0.7;   73.46;    2.7;   -3.3;   -5.0;eor
       4377;20191231;-999;-999;-999;    3;   0.0;   0;-999;   0;  -999;   5.1;    -999;    0.5;   80.54;    6.5;   -3.8;   -5.1;eor
       4377;20200101;-999;-999;-999;    3;   0.0;   0;-999;   0;  -999;   5.2;    -999;    0.4;   83.00;    3.8;   -2.2;   -5.1;eor
       4377;20200102;-999;-999;-999;    3;   0.8;   4;-999;   0;  -999;   4.9;    -999;   -2.0;   93.25;    0.0;   -4.0;   -5.4;eor
       4377;20200103;-999;-999;-999;    3;   4.7;   4;-999;   0;  -999;   7.2;    -999;    2.2;   98.50;    6.5;   -1.2;   -0.9;eor
       4377;20200104;-999;-999;-999;    3;   2.8;   4;-999;   0;  -999;   6.6;    -999;    2.4;   90.71;    4.1;    1.3;   -0.1;eor
       4377;20200105;-999;-999;-999;    3;   0.3;   4;-999;   0;  -999;   6.3;    -999;    1.4;   92.17;    3.1;   -0.6;   -2.8;eor
       4377;20200106;-999;-999;-999;    3;   0.0;   0;-999;   0;  -999;   6.0;    -999;   -0.3;  100.00;    1.5;   -3.5;   -4.0;eor
       4377;20200107;-999;-999;-999;    3;   0.3;   4;-999;   0;  -999;   6.6;    -999;    1.0;   99.58;    2.7;   -2.7;   -3.0;eor
       4377;20200108;-999;-999;-999;    3;   3.4;   4;-999;   0;  -999;   7.1;    -999;    2.0;  100.00;    4.0;    0.9;    0.8;eor
       4377;20200109;-999;-999;-999;    3;  14.1;   4;-999;   0;  -999;   9.4;    -999;    6.0;  100.00;    8.1;    3.2;    3.3;eor
       4377;20200110;-999;-999;-999;    3;   1.6;   4;-999;   0;  -999;   8.6;    -999;    5.9;   92.54;    7.4;    2.9;    2.0;eor
       4377;20200111;-999;-999;-999;    3;   0.0;   0;-999;   0;  -999;   5.6;    -999;    1.6;   82.04;    4.2;   -1.9;   -3.8;eor
       4377;20200112;-999;-999;-999;    3;   0.1;   4;-999;   0;  -999;   5.7;    -999;   -0.3;   95.46;    1.5;   -2.9;   -4.3;eor
       4377;20200113;-999;-999;-999;    3;   0.5;   4;-999;   0;  -999;   7.2;    -999;    2.4;  100.00;    3.1;    1.4;    1.5;eor
       4377;20200114;-999;-999;-999;    3;   0.5;   4;-999;   0;  -999;   7.4;    -999;    3.8;   92.17;    6.3;    1.2;    0.3;eor
       4377;20200115;-999;-999;-999;    3;   0.4;   4;-999;   0;  -999;   7.2;    -999;    6.9;   72.17;    9.9;    3.4;    1.0;eor
       4377;20200116;-999;-999;-999;    3;   0.0;   0;-999;   0;  -999;   8.8;    -999;    7.2;   85.83;   10.0;    3.9;    1.0;eor
       4377;20200117;-999;-999;-999;    3;   0.5;   4;-999;   0;  -999;   7.3;    -999;    3.8;   90.63;    5.8;    2.2;   -0.8;eor
       4377;20200118;-999;-999;-999;    3;   1.4;   4;-999;   0;  -999;   6.2;    -999;    2.5;   85.25;    5.2;    0.5;   -0.9;eor
       4377;20200119;-999;-999;-999;    3;   0.8;   4;-999;   2;  -999;   5.7;    -999;    1.1;   86.42;    2.8;   -0.5;   -1.6;eor
       4377;20200120;-999;-999;-999;    3;   0.0;   0;-999;   0;  -999;   5.1;    -999;    1.3;   75.71;    4.0;   -1.0;   -4.0;eor
       4377;20200121;-999;-999;-999;    3;   0.0;   0;-999;   0;  -999;   4.7;    -999;    0.2;   76.50;    4.1;   -2.3;   -5.5;eor
       4377;20200122;-999;-999;-999;    3;   0.0;   0;-999;   0;  -999;   4.4;    -999;   -3.8;   95.08;   -0.3;   -7.5;   -8.8;eor
       4377;20200123;-999;-999;-999;    3;   0.0;   0;-999;   0;  -999;   5.3;    -999;   -0.9;   93.08;    0.0;   -2.8;   -4.6;eor
       4377;20200124;-999;-999;-999;    3;   0.0;   0;-999;   0;  -999;   4.9;    -999;   -2.9;   99.17;   -1.6;   -3.9;   -4.8;eor
       4377;20200125;-999;-999;-999;    3;   0.0;   0;-999;   0;  -999;   5.1;    -999;   -2.5;   99.67;   -1.4;   -3.6;   -3.4;eor
       4377;20200126;-999;-999;-999;    3;   0.0;   4;-999;   0;  -999;   5.6;    -999;   -1.3;  100.00;    0.0;   -3.2;   -3.8;eor
       4377;20200127;-999;-999;-999;    3;  13.5;   4;-999;   0;  -999;   6.8;    -999;    1.5;   99.96;    3.8;   -0.9;   -0.7;eor
       4377;20200128;-999;-999;-999;    3;   5.2;   4;-999;   0;  -999;   6.7;    -999;    2.4;   92.33;    4.6;    0.0;   -1.1;eor
       4377;20200129;-999;-999;-999;    3;   0.7;   4;-999;   1;  -999;   5.7;    -999;    1.1;   86.21;    2.2;   -0.1;   -1.0;eor
       4377;20200130;-999;-999;-999;    3;   3.1;   4;-999;   0;  -999;   6.9;    -999;    3.5;   88.83;    7.4;    0.4;    0.3;eor
       4377;20200131;-999;-999;-999;    3;   0.3;   4;-999;   0;  -999;  10.5;    -999;   10.0;   86.17;   11.9;    7.2;    6.7;eor
       4377;20200201;-999;-999;-999;    3;  15.3;   4;-999;   0;  -999;  10.2;    -999;    9.0;   87.75;   10.2;    5.6;    4.0;eor
       4377;20200202;-999;-999;-999;    3;  12.6;   4;-999;   0;  -999;   8.5;    -999;    6.8;   84.04;   10.9;    3.4;    2.5;eor
       4377;20200203;-999;-999;-999;    3;  18.4;   4;-999;   0;  -999;   8.4;    -999;    7.1;   83.21;    8.6;    3.8;    3.5;eor
       4377;20200204;-999;-999;-999;    3;   2.4;   4;-999;   0;  -999;   6.1;    -999;    1.8;   87.63;    3.9;    0.2;    0.0;eor
       4377;20200205;-999;-999;-999;    3;   0.0;   0;-999;   0;  -999;   4.6;    -999;    1.5;   67.63;    4.5;   -0.2;   -3.3;eor
       4377;20200206;-999;-999;-999;    3;   0.0;   0;-999;   0;  -999;   5.0;    -999;    0.5;   79.71;    2.1;   -1.4;   -3.8;eor
       4377;20200207;-999;-999;-999;    3;   0.0;   0;-999;   0;  -999;   5.2;    -999;    0.5;   82.58;    1.8;   -0.6;   -3.2;eor
       4377;20200208;-999;-999;-999;    3;   0.0;   0;-999;   0;  -999;   5.4;    -999;    1.1;   81.38;    3.7;   -2.0;   -4.6;eor
       4377;20200209;-999;-999;-999;    3;   9.5;   4;-999;   0;  -999;   6.9;    -999;    5.5;   76.75;   10.9;   -0.2;   -2.3;eor
       4377;20200210;-999;-999;-999;    3;  12.5;   4;-999;   0;  -999;   7.3;    -999;    5.6;   79.75;   11.5;    1.9;    1.6;eor
       4377;20200211;-999;-999;-999;    3;   3.8;   4;-999;   0;  -999;   5.4;    -999;    1.7;   79.42;    4.4;   -0.9;   -2.2;eor
       4377;20200212;-999;-999;-999;    3;   0.6;   4;-999;   4;  -999;   5.5;    -999;    1.1;   83.67;    3.1;   -0.4;   -2.2;eor
       4377;20200213;-999;-999;-999;    3;   8.3;   4;-999;   2;  -999;   6.0;    -999;    0.1;   98.00;    1.8;   -1.3;   -1.0;eor
       4377;20200214;-999;-999;-999;    3;   1.1;   4;-999;   3;  -999;   6.9;    -999;    3.1;   90.79;    5.0;    0.5;    0.2;eor
       4377;20200215;-999;-999;-999;    3;   0.0;   0;-999;   0;  -999;   7.2;    -999;    4.1;   88.21;    8.6;    1.2;   -0.3;eor
       4377;20200216;-999;-999;-999;    3;   2.4;   4;-999;   0;  -999;   7.3;    -999;    9.1;   65.46;   14.5;    3.2;    1.2;eor
       4377;20200217;-999;-999;-999;    3;   4.5;   4;-999;   0;  -999;   8.0;    -999;    5.7;   87.29;   13.8;    2.7;    2.0;eor
       4377;20200218;-999;-999;-999;    3;   4.3;   4;-999;   0;  -999;   6.6;    -999;    3.8;   81.63;    5.4;    2.8;    2.3;eor
       4377;20200219;-999;-999;-999;    3;   3.7;   4;-999;   0;  -999;   5.9;    -999;    2.7;   79.50;    4.7;   -0.2;   -2.3;eor
       4377;20200220;-999;-999;-999;    3;   9.1;   4;-999;   0;  -999;   6.9;    -999;    3.1;   89.42;    5.5;   -0.6;   -0.6;eor
       4377;20200221;-999;-999;-999;    3;   0.2;   4;-999;   0;  -999;   5.8;    -999;    3.0;   76.96;    5.7;    0.6;    0.3;eor
       4377;20200222;-999;-999;-999;    3;   2.0;   4;-999;   0;  -999;   6.3;    -999;    5.5;   70.04;    9.5;    1.4;   -0.2;eor
       4377;20200223;-999;-999;-999;    3;  16.3;   4;-999;   0;  -999;   9.2;    -999;    7.3;   89.63;    9.3;    3.0;    1.1;eor
       4377;20200224;-999;-999;-999;    3;   4.4;   4;-999;   0;  -999;   7.1;    -999;    3.6;   88.13;    8.2;    0.8;   -0.6;eor
       4377;20200225;-999;-999;-999;    3;   8.6;   4;-999;   0;  -999;   8.2;    -999;    5.4;   90.58;    7.0;    2.6;    1.6;eor
       4377;20200226;-999;-999;-999;    3;   1.9;   4;-999;   1;  -999;   5.9;    -999;    0.6;   91.83;    2.7;   -0.4;   -0.9;eor
       4377;20200227;-999;-999;-999;    3;  10.1;   4;-999;   3;  -999;   5.7;    -999;    0.1;   93.00;    1.7;   -0.7;   -1.5;eor
       4377;20200228;-999;-999;-999;    3;   4.1;   4;-999;  12;  -999;   5.4;    -999;    0.5;   86.08;    2.6;   -0.6;   -1.8;eor
       4377;20200229;-999;-999;-999;    3;   2.8;   4;-999;   6;  -999;   7.2;    -999;    3.2;   93.25;    7.8;   -0.6;   -0.4;eor
       4377;20200301;-999;-999;-999;    3;   3.0;   4;-999;   0;  -999;   6.9;    -999;    5.0;   79.58;    8.5;    3.0;    2.1;eor
       4377;20200302;-999;-999;-999;    3;   5.0;   4;-999;   0;  -999;   6.7;    -999;    4.1;   82.63;    7.9;    0.4;   -0.2;eor
       4377;20200303;-999;-999;-999;    3;   0.8;   4;-999;   0;  -999;   6.2;    -999;    2.5;   84.79;    5.0;   -0.4;   -2.5;eor
       4377;20200304;-999;-999;-999;    3;   0.5;   4;-999;   0;  -999;   6.1;    -999;    1.1;   92.79;    4.5;   -1.2;   -1.9;eor
       4377;20200305;-999;-999;-999;    3;  16.9;   4;-999;   0;  -999;   6.7;    -999;    2.1;   93.29;    4.7;   -0.2;   -1.2;eor
       4377;20200306;-999;-999;-999;    3;   5.2;   4;-999;   0;  -999;   7.2;    -999;    3.1;   94.21;    4.9;    1.9;    1.4;eor
       4377;20200307;-999;-999;-999;    3;   0.7;   4;-999;   0;  -999;   5.9;    -999;    2.3;   82.88;    5.2;    1.1;   -1.3;eor
       4377;20200308;-999;-999;-999;    3;   3.0;   4;-999;   0;  -999;   6.8;    -999;    3.7;   84.83;    7.5;    0.0;   -0.5;eor
       4377;20200309;-999;-999;-999;    3;   2.1;   4;-999;   0;  -999;   7.3;    -999;    4.8;   84.71;    8.9;    1.8;    0.1;eor
       4377;20200310;-999;-999;-999;    3;  17.8;   4;-999;   0;  -999;   8.3;    -999;    4.5;   96.96;   10.3;    0.8;    0.6;eor
       4377;20200311;-999;-999;-999;    3;   4.8;   4;-999;   0;  -999;  11.6;    -999;   10.5;   91.13;   11.8;    9.5;    9.0;eor
       4377;20200312;-999;-999;-999;    3;   1.2;   4;-999;   0;  -999;   8.4;    -999;    8.2;   75.88;   10.7;    3.5;    1.8;eor
       4377;20200313;-999;-999;-999;    3;   0.8;   4;-999;   0;  -999;   6.0;    -999;    3.9;   74.83;    7.3;    2.3;    0.5;eor
       4377;20200314;-999;-999;-999;    3;   0.0;   0;-999;   0;  -999;   6.2;    -999;    4.2;   75.92;    8.4;    0.7;   -1.3;eor
       4377;20200315;-999;-999;-999;    3;   0.0;   0;-999;   0;  -999;   5.8;    -999;    5.5;   65.79;   10.9;    0.8;   -1.8;eor
       4377;20200316;-999;-999;-999;    3;   0.0;   0;-999;   0;  -999;   7.0;    -999;    9.1;   59.29;   14.5;    3.1;   -0.2;eor
       4377;20200317;-999;-999;-999;    3;   0.0;   0;-999;   0;  -999;   8.5;    -999;   10.5;   66.83;   14.1;    7.0;    3.7;eor
       4377;20200318;-999;-999;-999;    3;   0.0;   0;-999;   0;  -999;   8.6;    -999;    9.9;   70.88;   15.4;    5.3;    2.3;eor
       4377;20200319;-999;-999;-999;    3;   0.0;   0;-999;   0;  -999;   8.3;    -999;   11.5;   61.42;   16.6;    7.4;    3.7;eor
       4377;20200320;-999;-999;-999;    3;   1.2;   4;-999;   0;  -999;   8.5;    -999;    8.7;   75.33;   13.5;    2.9;    2.7;eor
       4377;20200321;-999;-999;-999;    3;   1.1;   4;-999;   0;  -999;   5.4;    -999;    1.7;   77.79;    4.3;   -1.4;   -3.3;eor
       4377;20200322;-999;-999;-999;    3;   0.0;   0;-999;   0;  -999;   3.2;    -999;    0.3;   52.25;    5.5;   -3.0;   -4.5;eor
       4377;20200323;-999;-999;-999;    3;   0.0;   0;-999;   0;  -999;   2.6;    -999;   -0.2;   44.71;    5.9;   -5.1;   -6.5;eor
       4377;20200324;-999;-999;-999;    3;   0.0;   0;-999;   0;  -999;   2.5;    -999;    1.0;   39.92;    7.1;   -4.2;   -6.6;eor
       4377;20200325;-999;-999;-999;    3;   0.0;   0;-999;   0;  -999;   2.5;    -999;    2.2;   35.96;    9.0;   -2.7;   -4.3;eor
       4377;20200326;-999;-999;-999;    3;   0.0;   0;-999;   0;  -999;   4.0;    -999;    3.3;   51.50;    9.5;   -1.8;   -3.1;eor
       4377;20200327;-999;-999;-999;    3;   0.0;   0;-999;   0;  -999;   5.6;    -999;    9.4;   47.58;   15.8;    3.4;    2.0;eor
       4377;20200328;-999;-999;-999;    3;   0.0;   0;-999;   0;  -999;   5.7;    -999;   10.3;   46.04;   15.1;    4.0;    2.9;eor
       4377;20200329;-999;-999;-999;    1;   0.0;   4;-999;   0;  -999;   5.4;    -999;    1.9;   77.25;    5.9;   -2.2;   -3.3;eor
       4377;20200330;-999;-999;-999;    1;   0.0;   0;-999;   0;  -999;  -999;    -999;   -0.3;-999;    5.2;   -4.5;   -6.4;eor
       4377;20200331;-999;-999;-999;    1;   0.0;   0;-999;   0;  -999;  -999;    -999;    0.5;-999;    4.2;   -3.4;   -8.5;eor
       4377;20200401;-999;-999;-999;    1;   0.0;   0;-999;   0;  -999;  -999;    -999;    0.9;-999;    8.8;   -7.4;  -10.0;eor
       4377;20200402;-999;-999;-999;    1;   0.0;   0;-999;   0;  -999;  -999;    -999;    4.0;-999;   11.1;   -4.0;   -7.5;eor
       4377;20200403;-999;-999;-999;    1;   0.0;   0;-999;   0;  -999;   5.7;    -999;    5.5;   63.92;    9.1;    2.7;    0.0;eor
       4377;20200404;-999;-999;-999;    1;   0.0;   0;-999;   0;  -999;   5.6;    -999;    7.0;   57.79;   12.7;    1.1;   -1.9;eor
       4377;20200405;-999;-999;-999;    1;   0.0;   0;-999;   0;  -999;   5.3;    -999;   10.0;   45.25;   16.2;    4.3;    1.6;eor
       4377;20200406;-999;-999;-999;    1;   0.0;   0;-999;   0;  -999;   5.6;    -999;   13.2;   36.71;   20.2;    7.2;    2.6;eor
       4377;20200407;-999;-999;-999;    1;   0.0;   0;-999;   0;  -999;   7.6;    -999;   15.8;   42.88;   21.2;   10.3;    5.8;eor
       4377;20200408;-999;-999;-999;    1;   0.0;   0;-999;   0;  -999;   6.1;    -999;   15.8;   35.58;   21.0;   11.3;    7.3;eor
       4377;20200409;-999;-999;-999;    1;   0.0;   0;-999;   0;  -999;   7.0;    -999;   16.2;   38.54;   20.9;   11.1;    8.3;eor
       4377;20200410;-999;-999;-999;    1;   0.0;   0;-999;   0;  -999;   7.2;    -999;   13.6;   46.88;   18.4;    8.3;    5.1;eor
       4377;20200411;-999;-999;-999;    1;   0.0;   0;-999;   0;  -999;   4.9;    -999;   12.3;   35.63;   18.9;    6.0;    1.8;eor
       4377;20200412;-999;-999;-999;    1;   0.0;   0;-999;   0;  -999;   6.5;    -999;   14.9;   38.46;   21.4;    9.4;    5.2;eor
       4377;20200413;-999;-999;-999;    1;   0.0;   4;-999;   0;  -999;   5.8;    -999;    8.9;   48.67;   15.1;    0.9;   -1.9;eor
       4377;20200414;-999;-999;-999;    1;   0.0;   0;-999;   0;  -999;   3.8;    -999;    3.2;   50.75;    8.5;   -1.0;   -4.2;eor
       4377;20200415;-999;-999;-999;    1;   0.0;   0;-999;   0;  -999;   5.0;    -999;    8.4;   45.63;   15.2;    1.6;   -0.7;eor
       4377;20200416;-999;-999;-999;    1;   0.0;   0;-999;   0;  -999;   6.0;    -999;   14.6;   36.50;   21.9;    8.9;    4.5;eor
       4377;20200417;-999;-999;-999;    1;   0.0;   0;-999;   0;  -999;   7.8;    -999;   16.2;   42.54;   21.9;   10.8;    7.2;eor
       4377;20200418;-999;-999;-999;    1;   0.1;   4;-999;   0;  -999;   9.7;    -999;   15.2;   56.04;   19.5;   11.6;    8.3;eor
       4377;20200419;-999;-999;-999;    1;   0.0;   0;-999;   0;  -999;   7.8;    -999;   10.6;   60.71;   14.5;    6.5;    5.1;eor
       4377;20200420;-999;-999;-999;    1;   0.0;   0;-999;   0;  -999;   4.6;    -999;    9.8;   39.54;   16.4;    4.5;    3.0;eor
       4377;20200421;-999;-999;-999;    1;   0.0;   0;-999;   0;  -999;   5.0;    -999;   11.4;   38.50;   18.2;    4.9;    2.9;eor
       4377;20200422;-999;-999;-999;    1;   0.0;   0;-999;   0;  -999;   5.3;    -999;   12.8;   37.13;   19.2;    6.9;    5.3;eor
       4377;20200423;-999;-999;-999;    1;   0.0;   0;-999;   0;  -999;   5.7;    -999;   13.9;   36.67;   20.1;    7.6;    5.4;eor
       4377;20200424;-999;-999;-999;    1;   0.0;   0;-999;   0;  -999;   6.7;    -999;   14.7;   40.33;   19.9;   10.2;    8.0;eor
       4377;20200425;-999;-999;-999;    1;   0.0;   0;-999;   0;  -999;   6.1;    -999;    9.9;   51.04;   15.9;    4.0;    2.2;eor
       4377;20200426;-999;-999;-999;    1;   0.0;   0;-999;   0;  -999;   5.8;    -999;   11.7;   43.63;   18.0;    5.7;    2.3;eor
       4377;20200427;-999;-999;-999;    1;   0.0;   0;-999;   0;  -999;   6.2;    -999;   14.6;   37.29;   20.7;    8.7;    4.9;eor
       4377;20200428;-999;-999;-999;    1;   0.9;   4;-999;   0;  -999;   9.5;    -999;   12.4;   65.42;   14.9;    9.9;    6.8;eor
       4377;20200429;-999;-999;-999;    1;   2.4;   4;-999;   0;  -999;   9.1;    -999;   11.8;   66.96;   17.1;    8.6;    6.3;eor
       4377;20200430;-999;-999;-999;    1;  11.8;   4;-999;   0;  -999;  10.0;    -999;    9.0;   86.63;   12.6;    6.8;    6.3;eor
       4377;20200501;-999;-999;-999;    1;  18.6;   4;-999;-999;  -999;   8.8;    -999;    7.4;   85.67;   11.0;    5.3;    5.0;eor
       4377;20200502;-999;-999;-999;    1;   5.5;   4;-999;-999;  -999;   8.1;    -999;    6.4;   84.04;   10.4;    3.5;    3.3;eor
       4377;20200503;-999;-999;-999;    1;   0.0;   0;-999;-999;  -999;   7.4;    -999;    9.4;   64.21;   14.1;    5.2;    3.6;eor
       4377;20200504;-999;-999;-999;    1;   0.0;   0;-999;-999;  -999;   8.3;    -999;    9.7;   68.54;   14.7;    5.7;    2.8;eor
       4377;20200505;-999;-999;-999;    1;   0.0;   0;-999;-999;  -999;   5.1;    -999;    8.1;   48.96;   12.6;    3.5;    1.1;eor
       4377;20200506;-999;-999;-999;    1;   0.0;   0;-999;-999;  -999;   5.4;    -999;    9.3;   46.75;   14.9;    3.8;    0.2;eor
       4377;20200507;-999;-999;-999;    1;   0.0;   0;-999;-999;  -999;   6.4;    -999;   13.7;   42.17;   20.3;    5.6;    2.9;eor
       4377;20200508;-999;-999;-999;    1;   0.0;   0;-999;-999;  -999;   7.4;    -999;   16.7;   39.17;   22.5;   11.5;    8.8;eor
       4377;20200509;-999;-999;-999;    1;   1.5;   4;-999;-999;  -999;   9.1;    -999;   15.2;   53.00;   18.8;   12.5;    9.3;eor
       4377;20200510;-999;-999;-999;    1;   1.3;   4;-999;-999;  -999;  12.4;    -999;   16.0;   69.13;   21.9;   12.0;   10.5;eor
       4377;20200511;-999;-999;-999;    1;  27.4;   4;-999;-999;  -999;   7.7;    -999;    5.6;   81.83;   13.9;    0.9;   -1.2;eor
       4377;20200512;-999;-999;-999;    1;   0.0;   0;-999;-999;  -999;   5.1;    -999;    5.1;   58.46;   10.0;    0.5;   -1.3;eor
       4377;20200513;-999;-999;-999;    1;   0.0;   0;-999;-999;  -999;   5.9;    -999;    8.0;   55.75;   12.3;    2.7;    0.1;eor
       4377;20200514;-999;-999;-999;    1;   0.0;   0;-999;-999;  -999;   6.8;    -999;    8.4;   62.21;   13.1;    4.6;    3.4;eor
       4377;20200515;-999;-999;-999;    1;   0.0;   0;-999;-999;  -999;   5.8;    -999;    9.7;   49.04;   15.2;    5.2;    3.2;eor
       4377;20200516;-999;-999;-999;    1;   0.0;   0;-999;-999;  -999;   6.2;    -999;   11.2;   47.04;   17.4;    4.8;    2.1;eor
       4377;20200517;-999;-999;-999;    1;   0.0;   0;-999;-999;  -999;   7.1;    -999;   12.4;   49.71;   16.7;    8.8;    6.5;eor
       4377;20200518;-999;-999;-999;    1;   0.0;   0;-999;-999;  -999;   8.8;    -999;   15.2;   51.33;   19.9;    8.8;    5.8;eor
       4377;20200519;-999;-999;-999;    1;   0.0;   0;-999;-999;  -999;   9.8;    -999;   17.0;   51.54;   21.3;   11.9;    8.4;eor
       4377;20200520;-999;-999;-999;    1;   0.0;   0;-999;-999;  -999;  11.5;    -999;   15.1;   67.00;   19.0;   11.0;    9.0;eor
       4377;20200521;-999;-999;-999;    1;   0.0;   0;-999;-999;  -999;  10.0;    -999;   16.1;   56.63;   22.0;   10.1;    7.6;eor
       4377;20200522;-999;-999;-999;    1;   8.8;   4;-999;-999;  -999;  13.3;    -999;   17.2;   67.08;   21.4;   13.0;   10.6;eor
       4377;20200523;-999;-999;-999;    1;   2.1;   4;-999;-999;  -999;  10.7;    -999;   10.9;   81.08;   16.4;    8.4;    7.1;eor
       4377;20200524;-999;-999;-999;    1;   3.1;   4;-999;-999;  -999;   9.3;    -999;   10.0;   76.04;   14.1;    7.0;    5.6;eor
       4377;20200525;-999;-999;-999;    1;   0.8;   4;-999;-999;  -999;   9.8;    -999;   12.1;   70.46;   16.4;    8.7;    6.1;eor
       4377;20200526;-999;-999;-999;    1;   0.0;   0;-999;-999;  -999;   8.8;    -999;   12.0;   63.29;   16.4;    6.8;    4.3;eor
       4377;20200527;-999;-999;-999;    1;   0.0;   4;-999;-999;  -999;   9.1;    -999;   15.1;   53.75;   20.0;   10.2;    6.7;eor
       4377;20200528;-999;-999;-999;    1;   0.0;   0;-999;-999;  -999;   8.1;    -999;   13.9;   52.54;   18.0;   10.8;    8.7;eor
       4377;20200529;-999;-999;-999;    1;   0.0;   0;-999;-999;  -999;   7.2;    -999;   13.7;   46.75;   18.7;   10.2;    8.3;eor
       4377;20200530;-999;-999;-999;    1;   0.0;   0;-999;-999;  -999;   7.2;    -999;   13.0;   48.42;   16.8;    9.8;    7.0;eor
       4377;20200531;-999;-999;-999;    1;   0.0;   0;-999;-999;  -999;   8.1;    -999;   12.8;   55.17;   18.0;    8.4;    6.5;eor
       4377;20200601;-999;-999;-999;    1;   0.0;   0;-999;-999;  -999;   9.2;    -999;   17.5;   47.42;   23.7;   11.3;    8.3;eor
       4377;20200602;-999;-999;-999;    1;   0.0;   0;-999;-999;  -999;   8.8;    -999;   18.9;   40.67;   24.5;   13.5;   10.6;eor
       4377;20200603;-999;-999;-999;    1;   0.5;   4;-999;-999;  -999;  10.9;    -999;   18.4;   51.92;   24.9;   14.5;   11.7;eor
       4377;20200604;-999;-999;-999;    1;   7.5;   4;-999;-999;  -999;  12.6;    -999;   13.2;   82.88;   16.1;    9.6;    9.1;eor
       4377;20200605;-999;-999;-999;    1;  12.1;   4;-999;-999;  -999;   9.4;    -999;    9.0;   82.17;   12.5;    6.4;    5.3;eor
       4377;20200606;-999;-999;-999;    1;   3.6;   4;-999;-999;  -999;  10.3;    -999;    9.7;   85.75;   14.4;    5.4;    4.1;eor
       4377;20200607;-999;-999;-999;    1;   0.0;   0;-999;-999;  -999;   9.9;    -999;   11.9;   71.83;   15.4;    9.9;    6.8;eor
       4377;20200608;-999;-999;-999;    1;   0.0;   0;-999;-999;  -999;   8.8;    -999;   13.1;   59.17;   18.5;    8.4;    5.4;eor
       4377;20200609;-999;-999;-999;    1;   1.8;   4;-999;-999;  -999;  10.2;    -999;   13.4;   66.08;   16.9;   11.0;    9.0;eor
