STATIONS_ID;MESS_DATUM;QN_3;  FX;  FM;QN_4; RSK;RSKF; SDK;SHK_TAG;  NM; VPM;  PM; TMK; UPM; TXK; TNK; TGK;eor
       5664;20181208;-999;-999;-999;    3;  13.8;   4;-999;   0;  -999;   7.9;    -999;    7.1;   78.25;    9.8;    5.0;    3.7;eor
       5664;20181209;-999;-999;-999;    3;  11.3;   4;-999;   0;  -999;   8.5;    -999;    7.5;   81.96;    9.3;    6.3;    5.1;eor
       5664;20181210;-999;-999;-999;    3;   2.6;   4;-999;   0;  -999;   7.0;    -999;    4.7;   81.79;    6.7;    2.8;    0.6;eor
       5664;20181211;-999;-999;-999;    3;   0.8;   4;-999;   0;  -999;   6.1;    -999;    2.3;   85.00;    5.1;   -0.4;   -1.7;eor
       5664;20181212;-999;-999;-999;    3;   0.0;   0;-999;   0;  -999;   5.5;    -999;    0.4;   87.92;    2.9;   -1.1;   -3.5;eor
       5664;20181213;-999;-999;-999;    3;   0.0;   0;-999;   0;  -999;   4.9;    -999;    0.9;   75.33;    1.8;   -0.5;   -3.0;eor
       5664;20181214;-999;-999;-999;    3;   0.0;   0;-999;   0;  -999;   4.2;    -999;    0.1;   68.29;    0.6;   -0.5;   -1.3;eor
       5664;20181215;-999;-999;-999;    3;   6.4;   4;-999;   0;  -999;   3.8;    -999;   -1.2;   68.42;   -0.4;   -3.1;   -6.5;eor
       5664;20181216;-999;-999;-999;    3;   0.7;   4;-999;   6;  -999;   5.5;    -999;   -0.3;   91.13;    1.3;   -2.3;   -2.5;eor
       5664;20181217;-999;-999;-999;    3;   1.7;   4;-999;   4;  -999;   6.2;    -999;    0.9;   95.38;    1.9;   -0.5;   -2.7;eor
       5664;20181218;-999;-999;-999;    3;   0.2;   4;-999;   2;  -999;   6.2;    -999;    0.8;   95.42;    2.9;   -0.8;   -4.0;eor
       5664;20181219;-999;-999;-999;    3;   2.0;   4;-999;   2;  -999;   6.6;    -999;    1.6;   95.63;    3.3;   -0.2;   -1.5;eor
       5664;20181220;-999;-999;-999;    3;   0.0;   4;-999;   0;  -999;   7.7;    -999;    6.7;   78.58;    8.7;    2.3;    1.3;eor
       5664;20181221;-999;-999;-999;    3;  16.9;   4;-999;   0;  -999;   9.6;    -999;    9.9;   78.21;   12.2;    6.6;    5.8;eor
       5664;20181222;-999;-999;-999;    3;  17.1;   4;-999;   0;  -999;  10.8;    -999;   10.1;   87.50;   12.5;    8.2;    7.4;eor
       5664;20181223;-999;-999;-999;    3;  37.3;   4;-999;   0;  -999;  10.6;    -999;    9.4;   89.63;   12.4;    6.7;    4.8;eor
       5664;20181224;-999;-999;-999;    3;   0.5;   4;-999;   0;  -999;   8.8;    -999;    6.5;   89.88;   12.7;    2.7;    1.6;eor
       5664;20181225;-999;-999;-999;    3;   0.0;   0;-999;   0;  -999;   6.0;    -999;    1.5;   87.88;    2.7;   -0.2;   -1.4;eor
       5664;20181226;-999;-999;-999;    3;   0.0;   0;-999;   0;  -999;   5.3;    -999;   -0.7;   90.67;    1.1;   -2.2;   -5.2;eor
       5664;20181227;-999;-999;-999;    3;   0.0;   0;-999;   0;  -999;   5.1;    -999;   -1.3;   90.75;    1.4;   -3.3;   -6.5;eor
       5664;20181228;-999;-999;-999;    3;   0.0;   0;-999;   0;  -999;   5.6;    -999;    0.0;   91.17;    2.7;   -2.1;   -4.1;eor
       5664;20181229;-999;-999;-999;    3;   0.1;   4;-999;   0;  -999;   5.8;    -999;    1.5;   85.21;    3.9;    0.7;   -0.5;eor
       5664;20181230;-999;-999;-999;    3;   0.5;   4;-999;   0;  -999;   6.8;    -999;    3.3;   87.54;    5.0;    1.3;    0.8;eor
       5664;20181231;-999;-999;-999;    3;   0.3;   4;-999;   0;  -999;   8.3;    -999;    4.8;   95.88;    7.0;    3.1;    2.6;eor
       5664;20190101;-999;-999;-999;    3;   7.1;   4;-999;   0;  -999;   7.9;    -999;    5.1;   89.67;    6.1;    3.8;    2.3;eor
       5664;20190102;-999;-999;-999;    3;   1.2;   4;-999;   0;  -999;   5.9;    -999;    1.8;   85.13;    5.5;   -1.5;   -3.3;eor
       5664;20190103;-999;-999;-999;    3;   0.4;   4;-999;   0;  -999;   5.0;    -999;   -1.1;   88.71;    0.3;   -2.6;   -2.4;eor
       5664;20190104;-999;-999;-999;    3;   0.8;   4;-999;   1;  -999;   5.6;    -999;    0.4;   88.63;    2.7;   -1.1;   -2.6;eor
       5664;20190105;-999;-999;-999;    3;  14.0;   4;-999;   1;  -999;   6.3;    -999;    1.3;   93.21;    2.5;    0.4;    0.1;eor
       5664;20190106;-999;-999;-999;    3;   1.3;   4;-999;   0;  -999;   6.8;    -999;    2.5;   93.17;    3.5;    1.6;    1.5;eor
       5664;20190107;-999;-999;-999;    3;   3.2;   4;-999;   0;  -999;   6.8;    -999;    2.5;   92.38;    3.6;    1.6;    0.5;eor
       5664;20190108;-999;-999;-999;    3;  18.3;   4;-999;   0;  -999;   6.8;    -999;    3.5;   86.25;    5.4;    1.8;    1.0;eor
       5664;20190109;-999;-999;-999;    3;   4.7;   4;-999;   1;  -999;   6.0;    -999;    1.5;   88.25;    4.0;    0.0;   -1.6;eor
       5664;20190110;-999;-999;-999;    3;   0.3;   4;-999;   2;  -999;   5.8;    -999;    0.3;   92.17;    1.2;   -1.0;   -2.5;eor
       5664;20190111;-999;-999;-999;    3;   4.5;   4;-999;   1;  -999;   5.0;    -999;   -1.0;   87.92;    0.0;   -2.1;   -3.4;eor
       5664;20190112;-999;-999;-999;    3;  22.9;   4;-999;   3;  -999;   6.3;    -999;    1.5;   93.04;    3.2;   -0.1;   -0.3;eor
       5664;20190113;-999;-999;-999;    3;  47.0;   4;-999;   0;  -999;   8.1;    -999;    5.0;   92.33;    8.4;    1.5;    0.8;eor
       5664;20190114;-999;-999;-999;    3;   2.7;   4;-999;   0;  -999;   7.3;    -999;    5.2;   82.21;    7.6;    3.0;    1.7;eor
       5664;20190115;-999;-999;-999;    3;   0.0;   0;-999;   0;  -999;   6.4;    -999;    2.7;   86.54;    5.4;   -0.2;   -2.2;eor
       5664;20190116;-999;-999;-999;    3;   0.0;   0;-999;   0;  -999;   6.0;    -999;    0.6;   93.33;    7.8;   -1.4;   -3.0;eor
       5664;20190117;-999;-999;-999;    3;   5.4;   4;-999;   0;  -999;   6.9;    -999;    6.0;   73.75;    8.3;    0.7;   -0.1;eor
       5664;20190118;-999;-999;-999;    3;   0.0;   0;-999;   1;  -999;   5.4;    -999;    0.2;   86.79;    1.7;   -3.0;   -6.2;eor
       5664;20190119;-999;-999;-999;    3;   0.6;   4;-999;   0;  -999;   4.1;    -999;   -3.5;   87.13;   -1.6;   -5.6;   -9.0;eor
       5664;20190120;-999;-999;-999;    3;   0.0;   0;-999;   1;  -999;   4.6;    -999;   -1.8;   84.67;    1.5;   -5.9;   -9.2;eor
       5664;20190121;-999;-999;-999;    3;   0.0;   0;-999;   0;  -999;   5.1;    -999;   -0.2;   84.67;    0.9;   -2.1;   -4.1;eor
       5664;20190122;-999;-999;-999;    3;   0.0;   0;-999;   0;  -999;   4.4;    -999;   -1.8;   82.54;    0.9;   -6.0;   -9.4;eor
       5664;20190123;-999;-999;-999;    3;   0.4;   4;-999;   0;  -999;   4.1;    -999;   -2.6;   80.88;    0.2;   -6.8;   -9.3;eor
       5664;20190124;-999;-999;-999;    3;   0.0;   4;-999;   1;  -999;   4.0;    -999;   -2.6;   79.33;   -1.6;   -3.0;   -3.8;eor
       5664;20190125;-999;-999;-999;    3;   1.6;   4;-999;   1;  -999;   4.1;    -999;   -2.6;   81.21;   -0.6;   -5.1;   -8.1;eor
       5664;20190126;-999;-999;-999;    3;   0.6;   4;-999;   2;  -999;   6.4;    -999;    2.7;   86.08;    6.4;   -1.4;   -1.6;eor
       5664;20190127;-999;-999;-999;    3;   7.4;   4;-999;   0;  -999;   7.0;    -999;    5.9;   76.00;    8.7;    1.1;    0.2;eor
       5664;20190128;-999;-999;-999;    3;  18.9;   4;-999;   0;  -999;   6.0;    -999;    1.6;   87.17;    2.2;    0.7;    0.1;eor
       5664;20190129;-999;-999;-999;    3;   0.0;   0;-999;   3;  -999;   5.7;    -999;    0.0;   92.63;    1.9;   -3.8;   -7.1;eor
       5664;20190130;-999;-999;-999;    3;   0.6;   4;-999;   3;  -999;   4.9;    -999;   -0.1;   81.33;    3.1;   -3.6;   -6.6;eor
       5664;20190131;-999;-999;-999;    3;   5.0;   4;-999;   4;  -999;   4.9;    -999;   -1.1;   87.21;    1.7;   -4.1;   -6.9;eor
       5664;20190201;-999;-999;-999;    3;   5.3;   4;-999;   4;  -999;   6.5;    -999;    1.4;   95.71;    3.0;    0.5;    0.2;eor
       5664;20190202;-999;-999;-999;    3;   0.5;   4;-999;   3;  -999;   6.8;    -999;    2.2;   95.21;    4.8;    0.7;    0.1;eor
       5664;20190203;-999;-999;-999;    3;   0.9;   4;-999;   0;  -999;   6.2;    -999;    1.5;   90.96;    3.0;    0.0;   -0.9;eor
       5664;20190204;-999;-999;-999;    3;   0.0;   0;-999;   1;  -999;   5.3;    -999;   -0.3;   88.38;    3.0;   -1.7;   -4.5;eor
       5664;20190205;-999;-999;-999;    3;   0.0;   0;-999;   0;  -999;   4.8;    -999;   -1.2;   85.13;    3.9;   -4.6;   -7.8;eor
       5664;20190206;-999;-999;-999;    3;   0.0;   0;-999;   0;  -999;   4.3;    -999;   -1.6;   80.00;    5.1;   -5.9;   -9.3;eor
       5664;20190207;-999;-999;-999;    3;   5.0;   4;-999;   0;  -999;   5.8;    -999;   -0.1;   92.17;    4.8;   -4.1;   -7.1;eor
       5664;20190208;-999;-999;-999;    3;   0.7;   4;-999;   0;  -999;   6.9;    -999;    2.6;   93.21;    8.1;   -0.7;   -3.7;eor
       5664;20190209;-999;-999;-999;    3;   1.9;   4;-999;   0;  -999;   7.5;    -999;    6.5;   77.25;    9.9;   -1.6;   -3.8;eor
       5664;20190210;-999;-999;-999;    3;   6.9;   4;-999;   0;  -999;   7.6;    -999;    6.7;   78.67;   14.1;    2.6;    1.1;eor
       5664;20190211;-999;-999;-999;    3;   4.5;   4;-999;   0;  -999;   6.5;    -999;    3.2;   84.46;    5.4;    0.7;   -1.4;eor
       5664;20190212;-999;-999;-999;    3;   0.0;   0;-999;   0;  -999;   5.9;    -999;    2.2;   82.21;    5.7;   -2.3;   -5.0;eor
       5664;20190213;-999;-999;-999;    3;   0.0;   0;-999;   0;  -999;   5.4;    -999;    0.8;   83.83;    7.8;   -3.1;   -6.4;eor
       5664;20190214;-999;-999;-999;    3;   0.0;   0;-999;   0;  -999;   5.7;    -999;    2.8;   78.00;   11.7;   -2.3;   -5.5;eor
       5664;20190215;-999;-999;-999;    3;   0.0;   0;-999;   0;  -999;   5.9;    -999;    3.8;   74.58;   13.9;   -1.9;   -4.9;eor
       5664;20190216;-999;-999;-999;    3;   0.0;   0;-999;   0;  -999;   5.8;    -999;    3.4;   76.71;   13.6;   -2.2;   -6.0;eor
       5664;20190217;-999;-999;-999;    3;   0.0;   0;-999;   0;  -999;   5.3;    -999;    3.8;   70.04;   16.0;   -2.3;   -5.8;eor
       5664;20190218;-999;-999;-999;    3;   0.0;   0;-999;   0;  -999;   5.9;    -999;    3.4;   76.17;   14.3;   -2.4;   -6.0;eor
       5664;20190219;-999;-999;-999;    3;   0.0;   0;-999;   0;  -999;   7.0;    -999;    4.6;   82.38;   11.4;   -1.6;   -4.6;eor
       5664;20190220;-999;-999;-999;    3;   0.0;   0;-999;   0;  -999;   7.5;    -999;    6.2;   80.88;   13.5;    1.8;   -1.6;eor
       5664;20190221;-999;-999;-999;    3;   0.0;   0;-999;   0;  -999;   7.1;    -999;    5.4;   80.79;   15.3;   -1.0;   -3.6;eor
       5664;20190222;-999;-999;-999;    3;   0.0;   0;-999;   0;  -999;   8.0;    -999;    7.1;   80.33;   13.4;    1.9;   -1.0;eor
       5664;20190223;-999;-999;-999;    3;   0.0;   0;-999;   0;  -999;   5.1;    -999;    5.7;   59.21;   11.1;    1.2;   -2.3;eor
       5664;20190224;-999;-999;-999;    3;   0.0;   0;-999;   0;  -999;   3.4;    -999;    5.5;   37.83;   13.7;   -1.0;   -4.9;eor
       5664;20190225;-999;-999;-999;    3;   0.0;   0;-999;   0;  -999;   5.5;    -999;    6.9;   54.71;   16.7;   -0.2;   -3.9;eor
       5664;20190226;-999;-999;-999;    3;   0.0;   0;-999;   0;  -999;   7.0;    -999;    7.3;   70.25;   17.3;    0.4;   -2.7;eor
       5664;20190227;-999;-999;-999;    3;   0.0;   0;-999;   0;  -999;   6.8;    -999;    7.1;   71.13;   17.9;    0.1;   -2.9;eor
       5664;20190228;-999;-999;-999;    3;   1.8;   4;-999;   0;  -999;   7.0;    -999;    8.4;   66.79;   18.2;   -1.3;   -4.6;eor
       5664;20190301;-999;-999;-999;    3;  16.3;   4;-999;   0;  -999;   9.3;    -999;    7.9;   87.13;   10.0;    6.7;    5.9;eor
       5664;20190302;-999;-999;-999;    3;   0.2;   4;-999;   0;  -999;   8.5;    -999;    7.8;   81.50;   10.7;    5.0;    4.3;eor
       5664;20190303;-999;-999;-999;    3;   0.0;   0;-999;   0;  -999;   8.5;    -999;    9.6;   72.04;   12.7;    5.7;    2.3;eor
       5664;20190304;-999;-999;-999;    3;  13.8;   4;-999;   0;  -999;   7.7;    -999;    7.3;   76.92;   14.6;    3.7;    1.4;eor
       5664;20190305;-999;-999;-999;    3;   4.6;   4;-999;   0;  -999;   7.9;    -999;    5.9;   85.29;    7.8;    4.5;    3.1;eor
       5664;20190306;-999;-999;-999;    3;   1.1;   4;-999;   0;  -999;   8.7;    -999;    6.8;   87.88;   13.1;    1.5;    0.0;eor
       5664;20190307;-999;-999;-999;    3;   3.2;   4;-999;   0;  -999;   8.3;    -999;    8.4;   75.88;   11.0;    5.5;    3.5;eor
       5664;20190308;-999;-999;-999;    3;   0.0;   0;-999;   0;  -999;   7.2;    -999;    8.0;   68.25;   12.4;    4.5;    1.7;eor
       5664;20190309;-999;-999;-999;    3;   4.5;   4;-999;   0;  -999;   8.8;    -999;    9.7;   72.58;   11.8;    7.2;    5.7;eor
       5664;20190310;-999;-999;-999;    3;  14.4;   4;-999;   0;  -999;   9.5;    -999;   10.5;   74.17;   13.1;    4.6;    2.4;eor
       5664;20190311;-999;-999;-999;    3;   8.6;   4;-999;   0;  -999;   6.1;    -999;    2.6;   83.25;    6.4;    0.4;   -1.5;eor
       5664;20190312;-999;-999;-999;    3;   2.3;   4;-999;   0;  -999;   6.6;    -999;    4.0;   82.96;   13.1;   -0.7;   -3.3;eor
       5664;20190313;-999;-999;-999;    3;   9.9;   4;-999;   0;  -999;   6.8;    -999;    5.7;   74.96;    8.5;    3.7;    3.1;eor
       5664;20190314;-999;-999;-999;    3;  21.9;   4;-999;   0;  -999;   7.4;    -999;    5.0;   85.46;    7.0;    2.4;    1.8;eor
       5664;20190315;-999;-999;-999;    3;  24.4;   4;-999;   0;  -999;  10.2;    -999;    9.0;   87.96;   11.1;    5.5;    4.5;eor
       5664;20190316;-999;-999;-999;    3;   0.0;   0;-999;   0;  -999;   9.4;    -999;   11.0;   72.17;   13.5;    8.9;    5.5;eor
       5664;20190317;-999;-999;-999;    3;  11.7;   4;-999;   0;  -999;   7.3;    -999;    8.0;   70.92;   16.6;    2.0;   -0.5;eor
       5664;20190318;-999;-999;-999;    3;   2.1;   4;-999;   0;  -999;   6.9;    -999;    3.3;   88.92;    6.9;    1.1;   -1.4;eor
       5664;20190319;-999;-999;-999;    3;   0.0;   0;-999;   0;  -999;   6.4;    -999;    3.9;   80.83;   10.8;   -0.3;   -3.5;eor
       5664;20190320;-999;-999;-999;    3;   0.0;   0;-999;   0;  -999;   5.3;    -999;    3.7;   71.25;   12.2;   -2.3;   -5.4;eor
       5664;20190321;-999;-999;-999;    3;   0.0;   0;-999;   0;  -999;   5.3;    -999;    5.8;   61.25;   15.5;   -1.5;   -4.4;eor
       5664;20190322;-999;-999;-999;    3;   0.0;   0;-999;   0;  -999;   6.7;    -999;    7.2;   68.17;   18.1;   -1.1;   -4.5;eor
       5664;20190323;-999;-999;-999;    3;   0.0;   0;-999;   0;  -999;   7.2;    -999;    8.0;   71.54;   19.4;   -0.1;   -3.1;eor
       5664;20190324;-999;-999;-999;    3;   0.0;   0;-999;   0;  -999;   7.8;    -999;    8.3;   74.04;   16.6;    1.1;   -1.6;eor
       5664;20190325;-999;-999;-999;    3;   4.3;   4;-999;   0;  -999;   6.9;    -999;    5.4;   77.63;   10.1;    1.9;    0.5;eor
       5664;20190326;-999;-999;-999;    3;   0.0;   4;-999;   0;  -999;   6.8;    -999;    4.3;   82.79;    9.2;    0.1;   -2.9;eor
       5664;20190327;-999;-999;-999;    3;   0.0;   0;-999;   0;  -999;   6.5;    -999;    4.9;   77.17;   10.8;   -0.3;   -3.0;eor
       5664;20190328;-999;-999;-999;    3;   0.0;   0;-999;   0;  -999;   6.6;    -999;    7.5;   67.63;   15.7;   -1.1;   -4.0;eor
       5664;20190329;-999;-999;-999;    3;   0.0;   0;-999;   0;  -999;   7.9;    -999;   10.5;   64.71;   18.4;    4.8;    0.7;eor
       5664;20190330;-999;-999;-999;    3;   0.0;   0;-999;   0;  -999;   7.2;    -999;    9.3;   66.79;   20.9;    0.8;   -2.3;eor
       5664;20190331;-999;-999;-999;    3;   0.0;   0;-999;   0;  -999;   6.9;    -999;   10.6;   59.29;   21.0;    1.5;   -1.4;eor
       5664;20190401;-999;-999;-999;    3;   0.0;   0;-999;   0;  -999;   8.3;    -999;   11.0;   64.58;   19.4;    4.4;    0.9;eor
       5664;20190402;-999;-999;-999;    3;   2.0;   4;-999;   0;  -999;   7.6;    -999;   12.5;   58.04;   20.8;    3.8;    0.5;eor
       5664;20190403;-999;-999;-999;    3;  12.0;   4;-999;   0;  -999;   8.9;    -999;    6.9;   88.96;   13.4;    2.7;    2.5;eor
       5664;20190404;-999;-999;-999;    3;   7.1;   4;-999;   0;  -999;   6.9;    -999;    2.7;   93.25;    3.5;    1.5;    1.4;eor
       5664;20190405;-999;-999;-999;    3;   0.0;   0;-999;   0;  -999;   7.6;    -999;    5.0;   86.79;    9.5;    1.9;    0.3;eor
       5664;20190406;-999;-999;-999;    3;   0.0;   0;-999;   0;  -999;   8.0;    -999;    7.7;   77.38;   15.9;    1.3;    1.0;eor
       5664;20190407;-999;-999;-999;    3;  14.1;   4;-999;   0;  -999;   9.1;    -999;    8.1;   85.54;   13.6;    2.8;    0.5;eor
       5664;20190408;-999;-999;-999;    3;   0.6;   4;-999;   0;  -999;  10.4;    -999;    9.8;   86.71;   14.1;    7.5;    6.9;eor
       5664;20190409;-999;-999;-999;    3;   7.8;   4;-999;   0;  -999;  10.9;    -999;    8.9;   95.54;   10.4;    8.0;    7.7;eor
       5664;20190410;-999;-999;-999;    3;   6.0;   4;-999;   0;  -999;  10.8;    -999;    8.8;   95.29;   10.3;    6.8;    6.2;eor
       5664;20190411;-999;-999;-999;    3;   0.0;   0;-999;   0;  -999;   7.4;    -999;    7.2;   75.46;   12.8;    1.5;   -1.9;eor
       5664;20190412;-999;-999;-999;    3;   0.0;   0;-999;   0;  -999;   5.8;    -999;    5.4;   67.63;   11.4;   -0.3;   -2.9;eor
       5664;20190413;-999;-999;-999;    3;   1.9;   4;-999;   0;  -999;   6.2;    -999;    4.2;   75.58;    7.5;    1.8;   -0.3;eor
       5664;20190414;-999;-999;-999;    3;   1.0;   4;-999;   0;  -999;   7.0;    -999;    3.4;   90.04;    7.7;    0.4;   -1.4;eor
       5664;20190415;-999;-999;-999;    3;   0.0;   0;-999;   0;  -999;   7.5;    -999;    7.6;   74.38;   17.7;   -0.4;   -2.6;eor
       5664;20190416;-999;-999;-999;    3;   1.6;   4;-999;   0;  -999;   8.5;    -999;    9.8;   72.92;   17.8;    1.4;   -1.8;eor
       5664;20190417;-999;-999;-999;    3;   0.0;   0;-999;   0;  -999;  11.1;    -999;   12.4;   78.96;   19.2;    7.5;    2.4;eor
       5664;20190418;-999;-999;-999;    3;   0.0;   0;-999;   0;  -999;   8.6;    -999;   12.3;   64.04;   22.3;    3.2;   -0.4;eor
       5664;20190419;-999;-999;-999;    3;   0.0;   0;-999;   0;  -999;   8.8;    -999;   13.9;   60.21;   24.1;    5.1;    0.9;eor
       5664;20190420;-999;-999;-999;    3;   0.0;   0;-999;   0;  -999;   8.0;    -999;   14.8;   53.67;   24.8;    4.8;    0.2;eor
       5664;20190421;-999;-999;-999;    3;   0.0;   0;-999;   0;  -999;   7.1;    -999;   14.8;   48.04;   25.5;    4.3;   -0.3;eor
       5664;20190422;-999;-999;-999;    3;   0.0;   0;-999;   0;  -999;   7.8;    -999;   15.6;   47.04;   24.6;    5.6;    0.7;eor
       5664;20190423;-999;-999;-999;    3;   0.0;   0;-999;   0;  -999;   9.6;    -999;   15.9;   55.42;   24.6;    9.2;    4.6;eor
       5664;20190424;-999;-999;-999;    3;   0.1;   4;-999;   0;  -999;   9.8;    -999;   13.4;   68.88;   26.1;    5.2;    0.7;eor
       5664;20190425;-999;-999;-999;    3;   4.7;   4;-999;   0;  -999;   9.0;    -999;   13.8;   62.75;   24.9;    3.7;   -0.4;eor
       5664;20190426;-999;-999;-999;    3;   4.5;   4;-999;   0;  -999;   9.6;    -999;    8.9;   84.29;   11.8;    6.2;    3.5;eor
       5664;20190427;-999;-999;-999;    3;   8.2;   4;-999;   0;  -999;   9.0;    -999;    7.5;   87.38;   14.0;    3.6;    0.7;eor
       5664;20190428;-999;-999;-999;    3;   1.7;   4;-999;   0;  -999;   7.7;    -999;    6.4;   81.54;   12.4;    1.8;   -1.3;eor
       5664;20190429;-999;-999;-999;    3;   0.0;   0;-999;   0;  -999;   8.2;    -999;    7.7;   78.63;   12.4;    2.1;    0.0;eor
       5664;20190430;-999;-999;-999;    3;   0.0;   0;-999;   0;  -999;   9.6;    -999;    9.6;   81.21;   16.0;    3.7;   -1.1;eor
       5664;20190501;-999;-999;-999;    3;   0.0;   0;-999;-999;  -999;   8.2;    -999;   10.7;   69.54;   20.9;    1.6;   -1.9;eor
       5664;20190502;-999;-999;-999;    3;   8.3;   4;-999;-999;  -999;   9.9;    -999;   10.7;   79.92;   19.8;    3.9;   -0.8;eor
       5664;20190503;-999;-999;-999;    3;   4.9;   4;-999;-999;  -999;  10.5;    -999;    9.7;   87.92;   14.3;    6.5;    5.0;eor
       5664;20190504;-999;-999;-999;    3;  11.9;   4;-999;-999;  -999;   8.2;    -999;    5.0;   93.04;   10.0;    2.3;    1.5;eor
       5664;20190505;-999;-999;-999;    3;   0.0;   0;-999;-999;  -999;   6.5;    -999;    4.9;   76.75;   10.3;    0.2;   -2.8;eor
       5664;20190506;-999;-999;-999;    3;   0.0;   0;-999;-999;  -999;   6.7;    -999;    5.6;   75.42;   12.3;   -0.2;   -2.9;eor
       5664;20190507;-999;-999;-999;    3;   0.1;   4;-999;-999;  -999;   7.5;    -999;    9.3;   67.08;   16.4;    2.7;    0.9;eor
       5664;20190508;-999;-999;-999;    3;  15.6;   4;-999;-999;  -999;  10.7;    -999;    9.2;   91.38;   12.7;    6.9;    4.8;eor
       5664;20190509;-999;-999;-999;    3;  12.1;   4;-999;-999;  -999;  11.0;    -999;    9.8;   90.75;   15.9;    6.1;    3.1;eor
       5664;20190510;-999;-999;-999;    3;   1.6;   4;-999;-999;  -999;  12.1;    -999;   11.2;   91.08;   16.6;    9.3;    6.4;eor
       5664;20190511;-999;-999;-999;    3;   9.3;   4;-999;-999;  -999;  10.8;    -999;   11.6;   80.96;   17.9;    6.1;    4.5;eor
       5664;20190512;-999;-999;-999;    3;   0.0;   0;-999;-999;  -999;   7.9;    -999;    9.1;   71.71;   14.4;    2.3;   -1.6;eor
       5664;20190513;-999;-999;-999;    3;   0.0;   0;-999;-999;  -999;   6.5;    -999;    9.4;   59.88;   16.5;    2.0;   -1.6;eor
       5664;20190514;-999;-999;-999;    3;   0.0;   0;-999;-999;  -999;   5.7;    -999;    8.9;   53.63;   15.1;    1.5;   -1.9;eor
       5664;20190515;-999;-999;-999;    3;   0.0;   0;-999;-999;  -999;   6.3;    -999;    8.8;   58.50;   15.2;    1.5;   -2.2;eor
       5664;20190516;-999;-999;-999;    3;   0.0;   0;-999;-999;  -999;   8.1;    -999;    9.3;   69.13;   15.0;    1.5;   -2.4;eor
       5664;20190517;-999;-999;-999;    3;   0.0;   0;-999;-999;  -999;  10.4;    -999;   12.5;   73.79;   20.2;    4.1;   -1.0;eor
       5664;20190518;-999;-999;-999;    3;  12.6;   4;-999;-999;  -999;  12.3;    -999;   13.1;   83.63;   21.7;    8.5;    4.7;eor
       5664;20190519;-999;-999;-999;    3;  16.9;   4;-999;-999;  -999;  14.0;    -999;   13.6;   90.08;   18.6;   10.8;   10.5;eor
       5664;20190520;-999;-999;-999;    3;  22.4;   4;-999;-999;  -999;  14.2;    -999;   13.1;   94.00;   16.5;   11.5;   11.2;eor
       5664;20190521;-999;-999;-999;    3;  18.4;   4;-999;-999;  -999;  12.7;    -999;   11.7;   92.21;   12.7;   10.8;   10.5;eor
       5664;20190522;-999;-999;-999;    3;   0.0;   0;-999;-999;  -999;  11.0;    -999;   12.8;   76.29;   19.0;    6.3;    1.4;eor
       5664;20190523;-999;-999;-999;    3;   0.0;   0;-999;-999;  -999;   9.8;    -999;   13.2;   69.58;   23.3;    4.6;    0.4;eor
       5664;20190524;-999;-999;-999;    3;   0.0;   0;-999;-999;  -999;  11.6;    -999;   15.7;   68.00;   23.8;    7.1;    2.8;eor
       5664;20190525;-999;-999;-999;    3;   0.1;   4;-999;-999;  -999;  12.8;    -999;   15.0;   77.17;   23.3;   10.1;    6.3;eor
       5664;20190526;-999;-999;-999;    3;   0.0;   0;-999;-999;  -999;  12.1;    -999;   15.4;   72.33;   23.1;    9.5;    6.8;eor
       5664;20190527;-999;-999;-999;    3;   3.7;   4;-999;-999;  -999;  12.3;    -999;   15.2;   73.33;   22.0;    7.6;    3.2;eor
       5664;20190528;-999;-999;-999;    3;   5.8;   4;-999;-999;  -999;  12.3;    -999;   12.1;   87.58;   16.1;    8.4;    7.0;eor
       5664;20190529;-999;-999;-999;    3;   1.6;   4;-999;-999;  -999;  11.8;    -999;   11.9;   85.50;   17.8;    8.5;    7.8;eor
       5664;20190530;-999;-999;-999;    3;   0.0;   0;-999;-999;  -999;  10.9;    -999;   14.7;   69.17;   23.0;    7.0;    7.5;eor
       5664;20190531;-999;-999;-999;    3;   0.0;   0;-999;-999;  -999;  13.7;    -999;   17.2;   72.25;   25.1;   11.8;    7.2;eor
       5664;20190601;-999;-999;-999;    3;   0.0;   0;-999;-999;  -999;  13.3;    -999;   19.2;   65.75;   29.2;   10.0;    5.7;eor
       5664;20190602;-999;-999;-999;    3;   0.0;   0;-999;-999;  -999;  14.0;    -999;   20.6;   62.63;   30.8;   11.1;    6.4;eor
       5664;20190603;-999;-999;-999;    3;   0.1;   4;-999;-999;  -999;  14.9;    -999;   19.0;   70.58;   30.8;   11.1;    6.7;eor
       5664;20190604;-999;-999;-999;    3;   0.6;   4;-999;-999;  -999;  14.3;    -999;   21.9;   59.75;   32.0;   12.7;    8.4;eor
       5664;20190605;-999;-999;-999;    3;   0.0;   0;-999;-999;  -999;  14.9;    -999;   22.3;   59.88;   31.5;   13.1;    8.3;eor
       5664;20190606;-999;-999;-999;    3;   2.1;   4;-999;-999;  -999;  11.8;    -999;   12.4;   81.79;   19.0;    7.4;    3.7;eor
       5664;20190607;-999;-999;-999;    3;   1.1;   4;-999;-999;  -999;  12.7;    -999;   15.8;   73.67;   28.6;    7.1;    3.7;eor
       5664;20190608;-999;-999;-999;    3;   0.0;   0;-999;-999;  -999;   9.0;    -999;   15.6;   53.04;   22.5;    8.0;    2.3;eor
       5664;20190609;-999;-999;-999;    3;   3.6;   4;-999;-999;  -999;  12.6;    -999;   15.2;   72.54;   22.3;    6.4;    1.7;eor
       5664;20190610;-999;-999;-999;    3;  33.9;   4;-999;-999;  -999;  16.6;    -999;   15.5;   93.96;   19.2;   13.2;   11.6;eor
       5664;20190611;-999;-999;-999;    3;   1.4;   4;-999;-999;  -999;  15.1;    -999;   14.6;   90.79;   16.7;   12.5;   11.7;eor
       5664;20190612;-999;-999;-999;    3;   3.0;   4;-999;-999;  -999;  13.7;    -999;   14.9;   82.21;   20.8;   11.9;   11.2;eor
       5664;20190613;-999;-999;-999;    3;   0.0;   0;-999;-999;  -999;  13.0;    -999;   16.8;   72.25;   24.6;   10.8;    5.7;eor
       5664;20190614;-999;-999;-999;    3;   0.0;   0;-999;-999;  -999;  15.0;    -999;   17.8;   73.71;   25.5;    9.5;    4.6;eor
       5664;20190615;-999;-999;-999;    3;  19.2;   4;-999;-999;  -999;  16.2;    -999;   18.7;   75.54;   23.0;   14.2;   11.1;eor
       5664;20190616;-999;-999;-999;    3;   0.0;   0;-999;-999;  -999;  15.3;    -999;   16.6;   82.29;   23.1;   12.0;    7.4;eor
       5664;20190617;-999;-999;-999;    3;   0.0;   0;-999;-999;  -999;  14.5;    -999;   18.9;   70.46;   27.6;   10.8;    6.4;eor
       5664;20190618;-999;-999;-999;    3;   0.0;   0;-999;-999;  -999;  16.1;    -999;   20.7;   69.42;   30.0;   12.6;    8.3;eor
       5664;20190619;-999;-999;-999;    3;   8.5;   4;-999;-999;  -999;  15.4;    -999;   21.9;   63.17;   30.6;   13.5;    8.8;eor
       5664;20190620;-999;-999;-999;    3;  11.3;   4;-999;-999;  -999;  17.3;    -999;   18.5;   82.96;   25.7;   14.8;   13.4;eor
       5664;20190621;-999;-999;-999;    3;   4.3;   4;-999;-999;  -999;  17.3;    -999;   19.2;   80.33;   26.2;   14.7;   14.0;eor
       5664;20190622;-999;-999;-999;    3;  19.2;   4;-999;-999;  -999;  18.4;    -999;   17.6;   91.79;   21.8;   15.1;   14.9;eor
       5664;20190623;-999;-999;-999;    3;   0.0;   0;-999;-999;  -999;  18.6;    -999;   19.6;   83.04;   26.6;   15.7;   12.0;eor
       5664;20190624;-999;-999;-999;    3;   0.0;   0;-999;-999;  -999;  19.4;    -999;   22.9;   72.79;   31.5;   14.7;   10.8;eor
       5664;20190625;-999;-999;-999;    3;   0.0;   0;-999;-999;  -999;  21.2;    -999;   24.4;   72.83;   34.9;   16.6;   12.0;eor
       5664;20190626;-999;-999;-999;    3;   0.0;   0;-999;-999;  -999;  23.0;    -999;   26.2;   71.29;   35.9;   18.1;   14.2;eor
       5664;20190627;-999;-999;-999;    3;   0.0;   0;-999;-999;  -999;  24.1;    -999;   26.3;   71.83;   34.6;   17.9;   12.5;eor
       5664;20190628;-999;-999;-999;    3;   0.0;   0;-999;-999;  -999;  13.7;    -999;   23.3;   52.46;   32.0;   14.4;    8.9;eor
       5664;20190629;-999;-999;-999;    3;   0.0;   0;-999;-999;  -999;  15.8;    -999;   23.5;   57.88;   33.2;   13.7;    8.4;eor
       5664;20190630;-999;-999;-999;    3;   0.0;   0;-999;-999;  -999;  19.4;    -999;   25.2;   64.38;   35.7;   14.3;    9.8;eor
       5664;20190701;-999;-999;-999;    3;   0.0;   0;-999;-999;  -999;  20.6;    -999;   24.0;   70.08;   31.2;   18.9;   16.0;eor
       5664;20190702;-999;-999;-999;    3;   0.0;   0;-999;-999;  -999;  15.5;    -999;   21.7;   61.00;   27.6;   16.5;   11.0;eor
       5664;20190703;-999;-999;-999;    3;   0.1;   4;-999;-999;  -999;  13.0;    -999;   20.9;   53.96;   28.1;   14.5;    9.5;eor
       5664;20190704;-999;-999;-999;    3;   0.0;   0;-999;-999;  -999;  12.4;    -999;   20.6;   53.63;   29.6;   13.0;    7.1;eor
       5664;20190705;-999;-999;-999;    3;   0.0;   0;-999;-999;  -999;  12.8;    -999;   20.8;   56.79;   30.5;   11.5;    6.6;eor
       5664;20190706;-999;-999;-999;    3;   0.1;   4;-999;-999;  -999;  15.9;    -999;   20.7;   66.67;   29.1;   12.0;    6.7;eor
       5664;20190707;-999;-999;-999;    3;   0.0;   4;-999;-999;  -999;  16.0;    -999;   20.5;   67.92;   25.8;   15.6;   11.9;eor
       5664;20190708;-999;-999;-999;    3;   0.0;   0;-999;-999;  -999;  14.1;    -999;   17.4;   70.54;   21.7;   12.8;    6.4;eor
       5664;20190709;-999;-999;-999;    3;   0.0;   0;-999;-999;  -999;  10.5;    -999;   16.1;   59.67;   23.5;    8.3;    3.2;eor
       5664;20190710;-999;-999;-999;    3;   0.0;   0;-999;-999;  -999;   9.6;    -999;   16.3;   56.08;   25.8;    7.7;    2.2;eor
       5664;20190711;-999;-999;-999;    3;   3.7;   4;-999;-999;  -999;  13.8;    -999;   15.8;   76.08;   21.8;   11.7;    9.0;eor
       5664;20190712;-999;-999;-999;    3;   6.0;   4;-999;-999;  -999;  16.0;    -999;   17.6;   81.79;   25.4;   12.9;    9.1;eor
       5664;20190713;-999;-999;-999;    3;   0.0;   4;-999;-999;  -999;  14.3;    -999;   16.9;   76.08;   23.1;   11.6;    7.3;eor
       5664;20190714;-999;-999;-999;    3;  11.1;   4;-999;-999;  -999;  14.5;    -999;   14.7;   87.75;   23.1;   10.3;    6.4;eor
       5664;20190715;-999;-999;-999;    3;   0.0;   0;-999;-999;  -999;  14.9;    -999;   16.3;   81.38;   23.8;   10.8;    7.7;eor
       5664;20190716;-999;-999;-999;    3;   0.0;   0;-999;-999;  -999;  13.5;    -999;   17.7;   71.08;   26.9;   10.1;    5.7;eor
       5664;20190717;-999;-999;-999;    3;   0.0;   0;-999;-999;  -999;  13.1;    -999;   19.0;   64.71;   28.3;   10.7;    7.6;eor
       5664;20190718;-999;-999;-999;    3;   0.0;   0;-999;-999;  -999;  13.7;    -999;   19.7;   63.42;   28.5;   10.6;    7.7;eor
       5664;20190719;-999;-999;-999;    3;   0.0;   0;-999;-999;  -999;  15.8;    -999;   20.8;   67.04;   27.7;   15.0;   12.5;eor
       5664;20190720;-999;-999;-999;    3;   2.6;   4;-999;-999;  -999;  15.6;    -999;   23.0;   60.75;   32.8;   14.1;   11.0;eor
       5664;20190721;-999;-999;-999;    3;   0.0;   0;-999;-999;  -999;  19.0;    -999;   21.7;   75.75;   29.1;   16.3;   13.5;eor
       5664;20190722;-999;-999;-999;    3;   0.0;   0;-999;-999;  -999;  16.6;    -999;   22.2;   66.25;   32.0;   14.7;   11.5;eor
       5664;20190723;-999;-999;-999;    3;   0.0;   0;-999;-999;  -999;  15.7;    -999;   24.7;   56.04;   35.2;   14.8;   12.0;eor
       5664;20190724;-999;-999;-999;    3;   0.0;   0;-999;-999;  -999;  15.3;    -999;   25.5;   51.92;   36.9;   15.8;   12.5;eor
       5664;20190725;-999;-999;-999;    3;   0.0;   0;-999;-999;  -999;  16.7;    -999;   27.1;   51.46;   38.4;   16.3;   12.2;eor
       5664;20190726;-999;-999;-999;    3;  13.5;   4;-999;-999;  -999;  18.1;    -999;   26.4;   57.88;   36.0;   18.5;   15.4;eor
       5664;20190727;-999;-999;-999;    3;   0.0;   0;-999;-999;  -999;  20.3;    -999;   21.5;   81.08;   29.5;   18.0;   17.2;eor
       5664;20190728;-999;-999;-999;    3;   3.4;   4;-999;-999;  -999;  18.8;    -999;   18.0;   90.88;   19.6;   15.3;   14.3;eor
       5664;20190729;-999;-999;-999;    3;   0.0;   0;-999;-999;  -999;  16.9;    -999;   19.7;   75.71;   27.4;   14.8;   14.1;eor
       5664;20190730;-999;-999;-999;    3;   0.9;   4;-999;-999;  -999;  17.1;    -999;   22.1;   67.71;   30.0;   16.4;   15.3;eor
       5664;20190731;-999;-999;-999;    3;   0.0;   0;-999;-999;  -999;  15.0;    -999;   18.8;   71.54;   25.0;   12.2;    9.2;eor
       5664;20190801;-999;-999;-999;    3;   0.0;   0;-999;-999;  -999;  12.6;    -999;   18.3;   64.25;   27.4;    9.7;    7.1;eor
       5664;20190802;-999;-999;-999;    3;   0.0;   0;-999;-999;  -999;  13.7;    -999;   20.2;   60.54;   27.4;   13.9;   11.7;eor
       5664;20190803;-999;-999;-999;    3;   0.0;   0;-999;-999;  -999;  14.1;    -999;   18.0;   71.08;   25.5;   11.4;    9.0;eor
       5664;20190804;-999;-999;-999;    3;   0.1;   4;-999;-999;  -999;  13.6;    -999;   20.0;   63.63;   29.6;   12.1;    9.7;eor
       5664;20190805;-999;-999;-999;    3;   0.0;   0;-999;-999;  -999;  16.1;    -999;   21.9;   64.17;   30.7;   15.0;   12.7;eor
       5664;20190806;-999;-999;-999;    3;   4.2;   4;-999;-999;  -999;  17.6;    -999;   22.2;   68.88;   30.2;   15.4;   13.4;eor
       5664;20190807;-999;-999;-999;    3;  17.2;   4;-999;-999;  -999;  20.0;    -999;   18.2;   95.46;   20.1;   16.4;   15.6;eor
       5664;20190808;-999;-999;-999;    3;   0.0;   0;-999;-999;  -999;  17.5;    -999;   19.8;   78.13;   28.2;   14.8;   12.9;eor
       5664;20190809;-999;-999;-999;    3;  19.8;   4;-999;-999;  -999;  19.9;    -999;   22.1;   77.63;   33.5;   13.5;   11.7;eor
       5664;20190810;-999;-999;-999;    3;   0.1;   4;-999;-999;  -999;  18.6;    -999;   20.3;   79.25;   26.5;   13.9;   12.0;eor
       5664;20190811;-999;-999;-999;    3;  19.3;   4;-999;-999;  -999;  16.0;    -999;   17.9;   81.38;   29.0;   12.3;   10.4;eor
       5664;20190812;-999;-999;-999;    3;   0.2;   4;-999;-999;  -999;  16.0;    -999;   16.1;   88.00;   21.4;   12.7;   11.1;eor
       5664;20190813;-999;-999;-999;    3;   0.0;   0;-999;-999;  -999;  13.0;    -999;   14.8;   79.00;   20.3;    9.2;    6.7;eor
       5664;20190814;-999;-999;-999;    3;   0.0;   4;-999;-999;  -999;  11.7;    -999;   14.6;   74.54;   23.5;    7.9;    5.8;eor
       5664;20190815;-999;-999;-999;    3;   3.3;   4;-999;-999;  -999;  15.0;    -999;   14.5;   90.33;   19.4;    9.5;    7.5;eor
       5664;20190816;-999;-999;-999;    3;   0.0;   0;-999;-999;  -999;  15.1;    -999;   17.4;   78.58;   24.8;   13.2;   11.5;eor
       5664;20190817;-999;-999;-999;    3;   0.3;   4;-999;-999;  -999;  16.3;    -999;   17.3;   83.50;   23.7;   12.2;   10.0;eor
       5664;20190818;-999;-999;-999;    3;   4.0;   4;-999;-999;  -999;  18.7;    -999;   20.7;   80.17;   31.1;   13.8;   12.0;eor
       5664;20190819;-999;-999;-999;    3;   0.4;   4;-999;-999;  -999;  19.2;    -999;   18.6;   89.79;   22.6;   15.3;   14.1;eor
       5664;20190820;-999;-999;-999;    3;   8.2;   4;-999;-999;  -999;  16.6;    -999;   15.5;   93.92;   18.3;   13.2;   13.3;eor
       5664;20190821;-999;-999;-999;    3;   0.0;   0;-999;-999;  -999;  13.8;    -999;   15.9;   78.67;   22.9;   11.3;    8.8;eor
       5664;20190822;-999;-999;-999;    3;   0.0;   0;-999;-999;  -999;  14.5;    -999;   16.8;   77.79;   25.6;    9.3;    6.9;eor
       5664;20190823;-999;-999;-999;    3;   0.0;   4;-999;-999;  -999;  15.2;    -999;   18.0;   76.63;   26.6;   10.9;    8.1;eor
       5664;20190824;-999;-999;-999;    3;   0.0;   0;-999;-999;  -999;  17.3;    -999;   18.7;   81.25;   28.3;   11.5;    9.3;eor
       5664;20190825;-999;-999;-999;    3;   0.0;   0;-999;-999;  -999;  17.2;    -999;   20.2;   75.71;   29.7;   13.3;   10.8;eor
       5664;20190826;-999;-999;-999;    3;   0.0;   0;-999;-999;  -999;  19.5;    -999;   21.2;   78.92;   30.3;   14.1;   11.9;eor
       5664;20190827;-999;-999;-999;    3;   0.2;   4;-999;-999;  -999;  18.1;    -999;   21.6;   73.75;   31.0;   15.7;   13.0;eor
       5664;20190828;-999;-999;-999;    3;   0.0;   4;-999;-999;  -999;  18.8;    -999;   20.2;   79.92;   29.5;   15.8;   13.8;eor
       5664;20190829;-999;-999;-999;    3;  52.0;   4;-999;-999;  -999;  19.3;    -999;   19.7;   86.50;   29.5;   16.0;   14.0;eor
       5664;20190830;-999;-999;-999;    3;   0.0;   4;-999;-999;  -999;  21.3;    -999;   20.8;   87.13;   29.3;   16.8;   15.6;eor
       5664;20190831;-999;-999;-999;    3;   0.0;   4;-999;-999;  -999;  18.7;    -999;   21.0;   77.58;   30.1;   15.4;   13.2;eor
       5664;20190901;-999;-999;-999;    3;   0.0;   0;-999;-999;  -999;  16.5;    -999;   19.5;   73.75;   24.3;   15.4;   13.4;eor
       5664;20190902;-999;-999;-999;    3;   0.0;   0;-999;-999;  -999;  13.8;    -999;   15.7;   78.25;   20.8;    9.0;    5.7;eor
       5664;20190903;-999;-999;-999;    3;   0.0;   0;-999;-999;  -999;  11.3;    -999;   13.8;   74.46;   23.6;    7.2;    4.1;eor
       5664;20190904;-999;-999;-999;    3;   0.9;   4;-999;-999;  -999;  11.8;    -999;   15.4;   70.67;   25.7;    7.5;    4.6;eor
       5664;20190905;-999;-999;-999;    3;   0.0;   0;-999;-999;  -999;  12.2;    -999;   13.8;   78.17;   18.3;   10.5;    8.1;eor
       5664;20190906;-999;-999;-999;    3;   0.0;   0;-999;-999;  -999;  12.1;    -999;   13.8;   77.17;   19.6;    9.0;    5.7;eor
       5664;20190907;-999;-999;-999;    3;   1.0;   4;-999;-999;  -999;  11.3;    -999;   12.3;   81.17;   19.9;    7.1;    3.7;eor
       5664;20190908;-999;-999;-999;    3;   7.0;   4;-999;-999;  -999;  12.6;    -999;   11.8;   90.88;   14.1;   10.0;    8.9;eor
       5664;20190909;-999;-999;-999;    3;   0.0;   0;-999;-999;  -999;  11.6;    -999;   11.8;   84.17;   17.4;    7.6;    5.3;eor
       5664;20190910;-999;-999;-999;    3;   0.0;   4;-999;-999;  -999;  11.5;    -999;   12.7;   80.25;   21.5;    6.6;    4.0;eor
       5664;20190911;-999;-999;-999;    3;   0.0;   0;-999;-999;  -999;  12.1;    -999;   13.3;   80.96;   21.7;    6.7;    4.2;eor
       5664;20190912;-999;-999;-999;    3;   0.0;   0;-999;-999;  -999;  13.7;    -999;   15.4;   80.38;   24.5;    9.1;    6.4;eor
       5664;20190913;-999;-999;-999;    3;   0.0;   0;-999;-999;  -999;  15.4;    -999;   16.6;   82.42;   25.2;    9.6;    6.8;eor
       5664;20190914;-999;-999;-999;    3;   0.0;   0;-999;-999;  -999;  16.5;    -999;   18.2;   79.79;   25.8;   12.8;   10.2;eor
       5664;20190915;-999;-999;-999;    3;   0.0;   0;-999;-999;  -999;  16.7;    -999;   18.0;   82.50;   27.3;   11.1;    8.4;eor
       5664;20190916;-999;-999;-999;    3;   0.0;   0;-999;-999;  -999;  16.3;    -999;   18.0;   79.83;   26.9;   12.3;    8.7;eor
       5664;20190917;-999;-999;-999;    3;   0.0;   0;-999;-999;  -999;  13.4;    -999;   14.5;   82.04;   21.4;    9.4;    5.8;eor
       5664;20190918;-999;-999;-999;    3;   0.0;   0;-999;-999;  -999;   9.3;    -999;   11.7;   70.54;   19.2;    6.6;    2.4;eor
       5664;20190919;-999;-999;-999;    3;   0.0;   0;-999;-999;  -999;   7.8;    -999;   10.8;   63.17;   18.3;    4.8;    0.8;eor
       5664;20190920;-999;-999;-999;    3;   0.0;   0;-999;-999;  -999;   7.6;    -999;   11.5;   59.13;   20.3;    3.7;    0.1;eor
       5664;20190921;-999;-999;-999;    3;   0.0;   0;-999;-999;  -999;   9.8;    -999;   12.6;   68.17;   22.1;    4.2;    0.7;eor
       5664;20190922;-999;-999;-999;    3;  18.8;   4;-999;-999;  -999;  13.9;    -999;   14.8;   81.83;   23.6;    7.7;    4.8;eor
       5664;20190923;-999;-999;-999;    3;   1.3;   4;-999;-999;  -999;  14.9;    -999;   14.3;   91.42;   17.6;   12.2;   11.4;eor
       5664;20190924;-999;-999;-999;    3;   7.6;   4;-999;-999;  -999;  14.1;    -999;   13.4;   91.63;   17.7;   10.4;   10.7;eor
       5664;20190925;-999;-999;-999;    3;   9.3;   4;-999;-999;  -999;  15.2;    -999;   14.0;   94.46;   16.2;   12.2;    9.9;eor
       5664;20190926;-999;-999;-999;    3;   0.4;   4;-999;-999;  -999;  15.7;    -999;   15.0;   92.21;   17.8;   12.0;    9.8;eor
       5664;20190927;-999;-999;-999;    3;   8.3;   4;-999;-999;  -999;  15.6;    -999;   15.2;   90.46;   18.1;   12.6;   11.1;eor
       5664;20190928;-999;-999;-999;    3;   0.2;   4;-999;-999;  -999;  13.9;    -999;   14.1;   86.88;   17.9;    9.6;    6.7;eor
       5664;20190929;-999;-999;-999;    3;  13.4;   4;-999;-999;  -999;  12.7;    -999;   13.7;   82.33;   22.2;    6.5;    4.6;eor
       5664;20190930;-999;-999;-999;    3;   0.0;   0;-999;-999;  -999;  12.7;    -999;   13.9;   80.50;   18.0;    7.9;    5.4;eor
       5664;20191001;-999;-999;-999;    3;   4.6;   4;-999;   0;  -999;  13.2;    -999;   13.7;   83.79;   21.6;    6.2;    4.7;eor
       5664;20191002;-999;-999;-999;    3;  15.1;   4;-999;   0;  -999;  12.9;    -999;   12.0;   91.42;   16.2;    6.4;    4.8;eor
       5664;20191003;-999;-999;-999;    3;   0.0;   0;-999;   0;  -999;   9.4;    -999;    7.9;   89.38;   13.1;    4.6;    2.5;eor
       5664;20191004;-999;-999;-999;    3;  10.2;   4;-999;   0;  -999;  10.7;    -999;    9.1;   91.54;   13.0;    4.8;    3.6;eor
       5664;20191005;-999;-999;-999;    3;   8.1;   4;-999;   0;  -999;  12.6;    -999;   11.5;   92.42;   14.1;    9.2;    8.5;eor
       5664;20191006;-999;-999;-999;    3;  15.5;   4;-999;   0;  -999;  12.5;    -999;   10.9;   94.58;   13.3;    8.9;    7.8;eor
       5664;20191007;-999;-999;-999;    3;   0.0;   0;-999;   0;  -999;  12.0;    -999;   11.2;   90.38;   14.4;    8.2;    6.1;eor
       5664;20191008;-999;-999;-999;    3;  14.5;   4;-999;   0;  -999;  13.4;    -999;   13.6;   85.83;   17.5;    9.1;    7.3;eor
       5664;20191009;-999;-999;-999;    3;   8.9;   4;-999;   0;  -999;  12.4;    -999;   11.4;   91.83;   13.2;    9.0;    8.6;eor
       5664;20191010;-999;-999;-999;    3;   3.8;   4;-999;   0;  -999;  11.7;    -999;   11.2;   88.21;   15.6;    7.8;    5.3;eor
       5664;20191011;-999;-999;-999;    3;   0.0;   0;-999;   0;  -999;  11.5;    -999;   10.1;   92.92;   18.0;    6.4;    4.4;eor
       5664;20191012;-999;-999;-999;    3;   0.0;   0;-999;   0;  -999;  13.5;    -999;   12.3;   92.13;   21.4;    5.4;    4.3;eor
       5664;20191013;-999;-999;-999;    3;   0.0;   4;-999;   0;  -999;  15.3;    -999;   14.8;   90.83;   23.8;   10.8;    8.2;eor
       5664;20191014;-999;-999;-999;    3;   0.0;   4;-999;   0;  -999;  14.3;    -999;   13.9;   90.33;   22.7;    9.1;    7.5;eor
       5664;20191015;-999;-999;-999;    3;   9.1;   4;-999;   0;  -999;  13.0;    -999;   12.4;   90.25;   17.0;    9.3;    6.4;eor
       5664;20191016;-999;-999;-999;    3;   0.2;   4;-999;   0;  -999;  11.3;    -999;   10.4;   89.63;   16.7;    6.5;    3.6;eor
       5664;20191017;-999;-999;-999;    3;   2.3;   4;-999;   0;  -999;  12.7;    -999;   12.0;   90.42;   19.8;    7.1;    6.3;eor
       5664;20191018;-999;-999;-999;    3;  15.6;   4;-999;   0;  -999;  14.4;    -999;   12.8;   97.17;   16.2;   11.3;   10.4;eor
       5664;20191019;-999;-999;-999;    3;  17.1;   4;-999;   0;  -999;  14.0;    -999;   12.2;   97.92;   14.2;   11.0;    9.9;eor
       5664;20191020;-999;-999;-999;    3;   0.4;   4;-999;   0;  -999;  15.2;    -999;   14.0;   94.67;   18.6;   10.3;    8.3;eor
       5664;20191021;-999;-999;-999;    3;   3.8;   4;-999;   0;  -999;  14.9;    -999;   13.7;   94.63;   16.3;   12.4;   11.1;eor
       5664;20191022;-999;-999;-999;    3;   0.0;   0;-999;   0;  -999;  13.4;    -999;   13.1;   88.96;   17.2;   10.7;   10.1;eor
       5664;20191023;-999;-999;-999;    3;   0.0;   0;-999;   0;  -999;  13.5;    -999;   14.1;   83.71;   18.1;   11.8;    9.6;eor
       5664;20191024;-999;-999;-999;    3;   0.0;   0;-999;   0;  -999;  13.6;    -999;   13.7;   86.92;   19.3;   11.1;    8.9;eor
       5664;20191025;-999;-999;-999;    3;   0.0;   0;-999;   0;  -999;  11.9;    -999;   11.6;   87.50;   17.9;    7.4;    4.9;eor
       5664;20191026;-999;-999;-999;    3;   0.0;   4;-999;   0;  -999;  11.1;    -999;   10.2;   89.21;   17.2;    7.1;    4.5;eor
       5664;20191027;-999;-999;-999;    3;   2.4;   4;-999;   0;  -999;  12.6;    -999;   12.4;   87.04;   19.9;    6.2;    3.8;eor
       5664;20191028;-999;-999;-999;    3;   3.0;   4;-999;   0;  -999;  10.1;    -999;    9.2;   86.29;   13.1;    7.7;    7.3;eor
       5664;20191029;-999;-999;-999;    3;   4.7;   4;-999;   0;  -999;   9.3;    -999;    7.4;   89.88;    8.4;    6.4;    6.1;eor
       5664;20191030;-999;-999;-999;    3;   4.1;   4;-999;   0;  -999;   9.0;    -999;    7.5;   86.63;    9.2;    6.4;    6.0;eor
       5664;20191031;-999;-999;-999;    3;   0.1;   4;-999;   0;  -999;   9.2;    -999;    7.7;   87.17;    9.9;    6.0;    5.8;eor
       5664;20191101;-999;-999;-999;    3;   8.7;   4;-999;   0;  -999;  11.1;    -999;    9.8;   91.00;   13.4;    6.9;    6.1;eor
       5664;20191102;-999;-999;-999;    3;  10.0;   4;-999;   0;  -999;  13.5;    -999;   14.0;   84.71;   17.6;   10.8;    9.5;eor
       5664;20191103;-999;-999;-999;    3;   5.5;   4;-999;   0;  -999;  11.9;    -999;   10.7;   92.04;   13.3;    9.1;    8.3;eor
       5664;20191104;-999;-999;-999;    3;   0.9;   4;-999;   0;  -999;  10.5;    -999;   11.0;   79.83;   12.5;    8.7;    6.4;eor
       5664;20191105;-999;-999;-999;    3;   1.0;   4;-999;   0;  -999;   9.4;    -999;    7.9;   87.83;   12.2;    5.0;    1.8;eor
       5664;20191106;-999;-999;-999;    3;   2.5;   4;-999;   0;  -999;   9.6;    -999;    7.7;   91.00;   10.6;    5.8;    4.3;eor
       5664;20191107;-999;-999;-999;    3;   0.8;   4;-999;   0;  -999;   8.6;    -999;    6.6;   88.46;   10.8;    3.4;    0.9;eor
       5664;20191108;-999;-999;-999;    3;  21.9;   4;-999;   0;  -999;   7.9;    -999;    4.5;   93.50;    5.9;    2.7;    2.0;eor
       5664;20191109;-999;-999;-999;    3;   0.3;   4;-999;   0;  -999;   7.7;    -999;    4.2;   93.13;    8.2;    1.9;    1.8;eor
       5664;20191110;-999;-999;-999;    3;   0.0;   0;-999;   0;  -999;   6.9;    -999;    2.9;   91.96;    5.4;    0.4;   -1.6;eor
       5664;20191111;-999;-999;-999;    3;   1.3;   4;-999;   0;  -999;   6.7;    -999;    3.0;   89.04;    5.6;    0.9;    1.1;eor
       5664;20191112;-999;-999;-999;    3;   0.6;   4;-999;   0;  -999;   7.1;    -999;    4.7;   83.92;    8.0;    1.8;   -0.4;eor
       5664;20191113;-999;-999;-999;    3;   0.0;   0;-999;   0;  -999;   6.9;    -999;    3.8;   86.88;    6.4;    0.7;   -2.0;eor
       5664;20191114;-999;-999;-999;    3;   0.0;   0;-999;   0;  -999;   6.4;    -999;    3.2;   84.08;    7.1;   -0.8;   -3.0;eor
       5664;20191115;-999;-999;-999;    3;   0.0;   0;-999;   0;  -999;   6.7;    -999;    4.1;   81.46;    8.0;    1.4;   -0.8;eor
       5664;20191116;-999;-999;-999;    3;   1.0;   4;-999;   0;  -999;   6.8;    -999;    2.3;   94.67;    5.3;    0.4;   -1.7;eor
       5664;20191117;-999;-999;-999;    3;   2.5;   4;-999;   0;  -999;   6.8;    -999;    2.3;   94.00;    3.9;    0.3;   -0.7;eor
       5664;20191118;-999;-999;-999;    3;   2.0;   4;-999;   0;  -999;   7.0;    -999;    3.5;   89.42;    4.9;    2.4;    0.5;eor
       5664;20191119;-999;-999;-999;    3;   0.4;   4;-999;   0;  -999;   7.3;    -999;    3.4;   93.04;    5.9;    0.8;   -1.6;eor
       5664;20191120;-999;-999;-999;    3;   0.0;   0;-999;   0;  -999;   6.7;    -999;    2.9;   89.25;    5.6;    0.6;   -1.1;eor
       5664;20191121;-999;-999;-999;    3;   0.0;   0;-999;   0;  -999;   7.1;    -999;    3.2;   92.29;    8.0;    0.8;   -0.4;eor
       5664;20191122;-999;-999;-999;    3;   0.0;   0;-999;   0;  -999;   7.3;    -999;    4.4;   86.75;    8.5;    1.3;   -0.3;eor
       5664;20191123;-999;-999;-999;    3;   0.0;   0;-999;   0;  -999;   7.0;    -999;    4.9;   81.25;    8.5;    2.4;   -0.1;eor
       5664;20191124;-999;-999;-999;    3;   0.0;   0;-999;   0;  -999;   7.6;    -999;    4.0;   93.75;    8.7;    1.3;   -0.7;eor
       5664;20191125;-999;-999;-999;    3;   0.3;   4;-999;   0;  -999;   8.3;    -999;    5.4;   91.88;    9.6;    2.6;    2.7;eor
       5664;20191126;-999;-999;-999;    3;   0.2;   4;-999;   0;  -999;   9.2;    -999;    6.6;   93.58;   10.0;    4.5;    2.5;eor
       5664;20191127;-999;-999;-999;    3;   0.5;   4;-999;   0;  -999;   9.1;    -999;    9.6;   77.83;   13.5;    4.4;    2.9;eor
       5664;20191128;-999;-999;-999;    3;  12.7;   4;-999;   0;  -999;   9.5;    -999;   10.0;   77.50;   11.8;    7.7;    6.8;eor
       5664;20191129;-999;-999;-999;    3;   9.4;   4;-999;   0;  -999;   9.0;    -999;    6.8;   90.42;    8.7;    2.4;    0.5;eor
       5664;20191130;-999;-999;-999;    3;   0.0;   0;-999;   0;  -999;   6.4;    -999;    1.4;   94.29;    3.0;   -1.4;   -4.2;eor
       5664;20191201;-999;-999;-999;    3;   2.1;   4;-999;   0;  -999;   6.3;    -999;    2.0;   88.83;    4.0;   -0.3;   -1.8;eor
       5664;20191202;-999;-999;-999;    3;   0.0;   0;-999;   0;  -999;   5.9;    -999;    1.1;   88.75;    3.0;   -2.1;   -4.5;eor
       5664;20191203;-999;-999;-999;    3;   0.0;   0;-999;   0;  -999;   5.2;    -999;   -0.5;   89.13;    4.3;   -3.0;   -6.4;eor
       5664;20191204;-999;-999;-999;    3;   0.0;   0;-999;   0;  -999;   4.8;    -999;   -1.1;   85.67;    4.0;   -3.8;   -7.9;eor
       5664;20191205;-999;-999;-999;    3;   0.0;   0;-999;   0;  -999;   4.8;    -999;   -2.3;   92.75;    2.6;   -5.0;   -8.5;eor
       5664;20191206;-999;-999;-999;    3;   1.1;   4;-999;   0;  -999;   5.8;    -999;    1.7;   82.46;   10.4;   -5.7;   -9.5;eor
       5664;20191207;-999;-999;-999;    3;   1.9;   4;-999;   0;  -999;   9.0;    -999;    7.9;   85.21;   10.2;    6.4;    4.2;eor
       5664;20191208;-999;-999;-999;    3;   5.4;   4;-999;   0;  -999;   9.0;    -999;    9.9;   74.38;   12.2;    6.2;    3.9;eor
       5664;20191209;-999;-999;-999;    3;  18.0;   4;-999;   0;  -999;   8.0;    -999;    6.7;   81.71;    8.2;    4.1;    3.6;eor
       5664;20191210;-999;-999;-999;    3;   0.0;   4;-999;   0;  -999;   6.6;    -999;    2.1;   92.38;    4.8;   -0.8;   -2.8;eor
       5664;20191211;-999;-999;-999;    3;   4.7;   4;-999;   0;  -999;   6.1;    -999;    0.8;   92.83;    3.5;   -2.0;   -4.3;eor
       5664;20191212;-999;-999;-999;    3;   4.3;   4;-999;   0;  -999;   6.5;    -999;    1.9;   93.08;    4.0;   -1.3;   -3.6;eor
       5664;20191213;-999;-999;-999;    3;  10.5;   4;-999;   0;  -999;   6.8;    -999;    3.1;   88.58;    6.1;   -0.5;   -0.6;eor
       5664;20191214;-999;-999;-999;    3;   9.2;   4;-999;   0;  -999;   7.7;    -999;    7.7;   73.08;   10.7;    3.1;    2.0;eor
       5664;20191215;-999;-999;-999;    3;   9.0;   4;-999;   0;  -999;  10.6;    -999;   11.0;   81.75;   13.9;    7.3;    6.1;eor
       5664;20191216;-999;-999;-999;    3;   0.0;   0;-999;   0;  -999;   9.7;    -999;    7.0;   96.63;    8.9;    4.7;    2.2;eor
       5664;20191217;-999;-999;-999;    3;   5.0;   4;-999;   0;  -999;   9.0;    -999;    6.0;   95.71;    9.2;    3.3;    1.2;eor
       5664;20191218;-999;-999;-999;    3;   1.9;   4;-999;   0;  -999;  10.1;    -999;    7.6;   96.79;   10.7;    5.1;    2.2;eor
       5664;20191219;-999;-999;-999;    3;   0.0;   0;-999;   0;  -999;   8.9;    -999;    5.6;   96.54;    8.7;    3.2;    1.3;eor
       5664;20191220;-999;-999;-999;    3;   6.7;   4;-999;   0;  -999;   8.7;    -999;    5.8;   93.71;   10.3;    2.3;    0.0;eor
       5664;20191221;-999;-999;-999;    3;   3.1;   4;-999;   0;  -999;   7.8;    -999;    4.2;   94.17;    8.5;    2.1;   -0.2;eor
       5664;20191222;-999;-999;-999;    3;  10.3;   4;-999;   0;  -999;   8.4;    -999;    5.9;   90.96;    8.7;    3.2;    1.4;eor
       5664;20191223;-999;-999;-999;    3;   9.5;   4;-999;   0;  -999;   8.4;    -999;    6.3;   88.17;    7.4;    5.5;    4.8;eor
       5664;20191224;-999;-999;-999;    3;  15.3;   4;-999;   0;  -999;   8.9;    -999;    6.1;   94.29;    9.7;    3.2;    0.8;eor
       5664;20191225;-999;-999;-999;    3;   4.8;   4;-999;   0;  -999;   8.5;    -999;    6.4;   88.54;    8.6;    3.2;    0.2;eor
       5664;20191226;-999;-999;-999;    3;   7.0;   4;-999;   0;  -999;   7.1;    -999;    3.3;   91.08;    5.8;    1.8;   -0.4;eor
       5664;20191227;-999;-999;-999;    3;   2.0;   4;-999;   0;  -999;   9.1;    -999;    6.3;   95.67;    8.4;    3.3;    3.4;eor
       5664;20191228;-999;-999;-999;    3;   0.0;   0;-999;   0;  -999;   6.5;    -999;    2.8;   86.38;    5.9;   -0.5;   -3.4;eor
       5664;20191229;-999;-999;-999;    3;   0.0;   0;-999;   0;  -999;   5.1;    -999;   -0.5;   86.46;    2.7;   -2.6;   -5.8;eor
       5664;20191230;-999;-999;-999;    3;   0.0;   0;-999;   0;  -999;   4.9;    -999;   -1.1;   87.29;    2.7;   -3.0;   -6.2;eor
       5664;20191231;-999;-999;-999;    3;   0.0;   0;-999;   0;  -999;   5.3;    -999;   -1.1;   93.79;    1.6;   -3.9;   -7.6;eor
       5664;20200101;-999;-999;-999;    3;   0.0;   0;-999;   0;  -999;   5.0;    -999;   -1.5;   90.92;    1.8;   -3.0;   -7.2;eor
       5664;20200102;-999;-999;-999;    3;   0.0;   0;-999;   0;  -999;   5.2;    -999;   -1.8;   95.50;    2.2;   -5.3;   -8.7;eor
       5664;20200103;-999;-999;-999;    3;   9.7;   4;-999;   0;  -999;   7.4;    -999;    4.7;   86.00;    9.0;   -0.5;   -3.7;eor
       5664;20200104;-999;-999;-999;    3;   0.1;   4;-999;   0;  -999;   7.7;    -999;    5.4;   85.21;    8.1;    1.9;   -1.6;eor
       5664;20200105;-999;-999;-999;    3;   0.0;   0;-999;   0;  -999;   6.4;    -999;    2.0;   90.96;    5.8;   -1.1;   -3.7;eor
       5664;20200106;-999;-999;-999;    3;   0.7;   4;-999;   0;  -999;   5.6;    -999;   -0.5;   94.96;    3.0;   -2.9;   -6.0;eor
       5664;20200107;-999;-999;-999;    3;   0.8;   4;-999;   0;  -999;   6.8;    -999;    2.2;   94.25;    6.4;   -2.5;   -5.7;eor
       5664;20200108;-999;-999;-999;    3;   0.0;   0;-999;   0;  -999;   6.8;    -999;    2.7;   91.58;    6.0;   -0.7;   -2.2;eor
       5664;20200109;-999;-999;-999;    3;   2.2;   4;-999;   0;  -999;   8.6;    -999;    7.2;   85.29;   12.7;    4.6;    2.9;eor
       5664;20200110;-999;-999;-999;    3;   6.7;   4;-999;   0;  -999;   8.6;    -999;    8.0;   80.58;   10.5;    5.2;    4.4;eor
       5664;20200111;-999;-999;-999;    3;   0.0;   0;-999;   0;  -999;   7.8;    -999;    4.5;   92.00;    7.1;    1.4;   -0.1;eor
       5664;20200112;-999;-999;-999;    3;   0.0;   0;-999;   0;  -999;   6.2;    -999;    2.0;   88.33;    4.3;    0.1;    0.1;eor
       5664;20200113;-999;-999;-999;    3;   0.5;   4;-999;   0;  -999;   7.5;    -999;    3.8;   92.42;    7.5;    2.3;    0.5;eor
       5664;20200114;-999;-999;-999;    3;   0.0;   0;-999;   0;  -999;   6.8;    -999;    4.3;   83.29;   12.3;   -0.6;   -2.3;eor
       5664;20200115;-999;-999;-999;    3;   0.0;   0;-999;   0;  -999;   7.0;    -999;    6.4;   75.04;   12.9;   -0.2;   -3.0;eor
       5664;20200116;-999;-999;-999;    3;   0.0;   0;-999;   0;  -999;   8.4;    -999;    8.0;   79.04;   11.9;    1.9;   -1.4;eor
       5664;20200117;-999;-999;-999;    3;   5.5;   4;-999;   0;  -999;   7.6;    -999;    3.5;   94.54;    8.3;   -1.5;   -4.0;eor
       5664;20200118;-999;-999;-999;    3;   1.4;   4;-999;   0;  -999;   7.2;    -999;    4.1;   88.21;    6.7;    1.3;   -0.4;eor
       5664;20200119;-999;-999;-999;    3;   0.0;   4;-999;   0;  -999;   6.4;    -999;    2.0;   90.71;    4.1;    1.0;   -0.2;eor
       5664;20200120;-999;-999;-999;    3;   0.0;   0;-999;   0;  -999;   5.5;    -999;    2.3;   77.04;    4.7;   -0.3;   -2.6;eor
       5664;20200121;-999;-999;-999;    3;   0.0;   0;-999;   0;  -999;   5.0;    -999;   -0.1;   82.21;    3.5;   -2.5;   -6.4;eor
       5664;20200122;-999;-999;-999;    3;   0.0;   0;-999;   0;  -999;   4.7;    -999;   -2.1;   89.00;    2.4;   -4.6;   -8.2;eor
       5664;20200123;-999;-999;-999;    3;   0.0;   0;-999;   0;  -999;   4.4;    -999;   -1.3;   79.75;    1.6;   -3.9;   -7.6;eor
       5664;20200124;-999;-999;-999;    3;   0.0;   0;-999;   0;  -999;   5.3;    -999;   -0.8;   90.38;    4.9;   -4.5;   -7.9;eor
       5664;20200125;-999;-999;-999;    3;   0.0;   0;-999;   0;  -999;   6.5;    -999;    2.0;   91.71;    7.4;   -0.5;   -3.0;eor
       5664;20200126;-999;-999;-999;    3;   0.0;   0;-999;   0;  -999;   6.7;    -999;    2.3;   92.00;    8.8;   -1.3;   -3.9;eor
       5664;20200127;-999;-999;-999;    3;   9.1;   4;-999;   0;  -999;   7.7;    -999;    5.9;   84.58;   10.9;    2.1;    0.2;eor
       5664;20200128;-999;-999;-999;    3;   7.1;   4;-999;   0;  -999;   7.4;    -999;    5.5;   81.33;    8.2;    2.2;    1.2;eor
       5664;20200129;-999;-999;-999;    3;   3.8;   4;-999;   0;  -999;   7.0;    -999;    3.6;   87.92;    4.9;    1.9;    1.0;eor
       5664;20200130;-999;-999;-999;    3;   2.7;   4;-999;   0;  -999;   8.5;    -999;    6.0;   89.83;   12.1;    1.3;   -1.2;eor
       5664;20200131;-999;-999;-999;    3;   0.0;   0;-999;   0;  -999;  11.4;    -999;   12.7;   77.88;   13.5;   11.3;    9.4;eor
       5664;20200201;-999;-999;-999;    3;  14.6;   4;-999;   0;  -999;  11.1;    -999;   12.3;   78.13;   14.4;    9.7;    8.5;eor
       5664;20200202;-999;-999;-999;    3;  44.8;   4;-999;   0;  -999;  12.1;    -999;   11.8;   86.67;   13.9;    9.5;    8.6;eor
       5664;20200203;-999;-999;-999;    3;  39.8;   4;-999;   0;  -999;  11.0;    -999;   10.4;   86.96;   15.1;    7.4;    7.0;eor
       5664;20200204;-999;-999;-999;    3;  15.8;   4;-999;   0;  -999;   7.1;    -999;    4.5;   84.63;   14.9;    1.1;    0.0;eor
       5664;20200205;-999;-999;-999;    3;   0.0;   0;-999;   0;  -999;   6.5;    -999;    2.2;   90.08;    5.9;    0.5;   -2.6;eor
       5664;20200206;-999;-999;-999;    3;   0.0;   0;-999;   0;  -999;   5.6;    -999;    0.3;   89.50;    4.0;   -1.8;   -4.4;eor
       5664;20200207;-999;-999;-999;    3;   0.0;   0;-999;   0;  -999;   5.4;    -999;    0.0;   88.25;    6.0;   -3.6;   -6.9;eor
       5664;20200208;-999;-999;-999;    3;   0.0;   0;-999;   0;  -999;   6.0;    -999;    1.0;   90.04;    6.6;   -2.8;   -6.2;eor
       5664;20200209;-999;-999;-999;    3;   2.6;   4;-999;   0;  -999;   6.7;    -999;    6.9;   71.38;   15.3;   -0.8;   -2.6;eor
       5664;20200210;-999;-999;-999;    3;  20.9;   4;-999;   0;  -999;   8.3;    -999;   11.0;   62.92;   15.1;    4.7;    3.9;eor
       5664;20200211;-999;-999;-999;    3;   3.8;   4;-999;   0;  -999;   6.7;    -999;    5.0;   77.13;    6.5;    3.2;    2.1;eor
       5664;20200212;-999;-999;-999;    3;   1.6;   4;-999;   0;  -999;   6.4;    -999;    4.3;   76.96;    6.4;    2.0;    0.1;eor
       5664;20200213;-999;-999;-999;    3;  15.7;   4;-999;   0;  -999;   7.2;    -999;    3.9;   88.25;    8.3;    0.0;   -1.4;eor
       5664;20200214;-999;-999;-999;    3;   1.1;   4;-999;   0;  -999;   8.1;    -999;    5.9;   86.71;    8.9;    3.1;    0.8;eor
       5664;20200215;-999;-999;-999;    3;   0.0;   0;-999;   0;  -999;   7.4;    -999;    4.1;   89.67;    9.4;    1.0;    0.1;eor
       5664;20200216;-999;-999;-999;    3;   0.0;   0;-999;   0;  -999;   7.4;    -999;   11.2;   61.33;   19.7;    2.8;    0.5;eor
       5664;20200217;-999;-999;-999;    3;  23.6;   4;-999;   0;  -999;   9.5;    -999;   10.4;   77.29;   16.5;    6.3;    4.8;eor
       5664;20200218;-999;-999;-999;    3;   0.5;   4;-999;   0;  -999;   6.7;    -999;    6.5;   69.50;    8.0;    5.4;    3.1;eor
       5664;20200219;-999;-999;-999;    3;   3.7;   4;-999;   0;  -999;   6.7;    -999;    4.9;   77.38;    7.2;    1.5;   -1.4;eor
       5664;20200220;-999;-999;-999;    3;   3.1;   4;-999;   0;  -999;   7.4;    -999;    6.3;   78.17;   11.2;    1.6;    0.1;eor
       5664;20200221;-999;-999;-999;    3;   0.0;   0;-999;   0;  -999;   5.9;    -999;    4.1;   73.88;    9.0;    0.2;   -2.6;eor
       5664;20200222;-999;-999;-999;    3;  11.2;   4;-999;   0;  -999;   5.1;    -999;    5.9;   62.46;   14.1;   -2.8;   -5.6;eor
       5664;20200223;-999;-999;-999;    3;   4.8;   4;-999;   0;  -999;   8.5;    -999;   11.2;   65.96;   15.0;    6.1;    5.5;eor
       5664;20200224;-999;-999;-999;    3;   0.4;   4;-999;   0;  -999;  10.6;    -999;   11.6;   78.46;   15.2;    7.4;    5.9;eor
       5664;20200225;-999;-999;-999;    3;  13.9;   4;-999;   0;  -999;   8.4;    -999;    8.4;   76.67;   11.7;    2.3;    0.8;eor
       5664;20200226;-999;-999;-999;    3;   7.9;   4;-999;   0;  -999;   6.1;    -999;    2.2;   85.04;    3.6;    0.6;   -0.2;eor
       5664;20200227;-999;-999;-999;    3;  13.8;   4;-999;   0;  -999;   6.3;    -999;    2.7;   84.71;    7.9;    0.4;   -0.1;eor
       5664;20200228;-999;-999;-999;    3;   1.8;   4;-999;   1;  -999;   6.0;    -999;    3.3;   78.42;    7.5;    1.0;   -0.4;eor
       5664;20200229;-999;-999;-999;    3;   5.9;   4;-999;   0;  -999;   8.7;    -999;    7.4;   84.96;   16.4;    3.0;    2.5;eor
       5664;20200301;-999;-999;-999;    3;   1.4;   4;-999;   0;  -999;   7.7;    -999;    8.6;   69.33;   13.4;    5.7;    4.1;eor
       5664;20200302;-999;-999;-999;    3;  20.0;   4;-999;   0;  -999;   7.3;    -999;    5.2;   82.58;    8.1;    1.2;   -2.3;eor
       5664;20200303;-999;-999;-999;    3;   1.0;   4;-999;   0;  -999;   6.8;    -999;    4.0;   83.63;    6.4;    1.0;   -0.5;eor
       5664;20200304;-999;-999;-999;    3;   0.5;   4;-999;   0;  -999;   6.4;    -999;    3.5;   83.46;    8.5;    0.6;   -1.8;eor
       5664;20200305;-999;-999;-999;    3;  23.2;   4;-999;   0;  -999;   8.1;    -999;    5.1;   91.92;    9.9;    1.4;    0.4;eor
       5664;20200306;-999;-999;-999;    3;  18.4;   4;-999;   0;  -999;   7.2;    -999;    4.9;   82.83;    8.4;    1.3;    0.5;eor
       5664;20200307;-999;-999;-999;    3;   0.6;   4;-999;   0;  -999;   6.9;    -999;    3.8;   86.92;    7.7;    1.3;   -1.0;eor
       5664;20200308;-999;-999;-999;    3;   4.6;   4;-999;   0;  -999;   6.9;    -999;    4.7;   82.21;   12.4;   -0.1;    0.0;eor
       5664;20200309;-999;-999;-999;    3;   4.7;   4;-999;   0;  -999;   8.3;    -999;    5.7;   90.25;    8.2;    2.9;    0.1;eor
       5664;20200310;-999;-999;-999;    3;  13.2;   4;-999;   0;  -999;   8.7;    -999;    6.9;   86.63;   11.4;    2.2;   -0.1;eor
       5664;20200311;-999;-999;-999;    3;   0.4;   4;-999;   0;  -999;  11.4;    -999;   12.4;   79.50;   15.7;    9.8;    6.8;eor
       5664;20200312;-999;-999;-999;    3;   6.9;   4;-999;   0;  -999;  10.6;    -999;   12.2;   75.54;   15.8;    6.1;    4.4;eor
       5664;20200313;-999;-999;-999;    3;   0.0;   0;-999;   0;  -999;   6.4;    -999;    6.3;   69.04;   11.4;    0.6;   -2.6;eor
       5664;20200314;-999;-999;-999;    3;   0.0;   0;-999;   0;  -999;   6.0;    -999;    4.0;   75.96;   11.3;   -0.6;   -3.4;eor
       5664;20200315;-999;-999;-999;    3;   0.0;   0;-999;   0;  -999;   6.5;    -999;    5.5;   74.25;   15.7;   -1.2;   -4.4;eor
       5664;20200316;-999;-999;-999;    3;   0.0;   0;-999;   0;  -999;   7.7;    -999;    8.2;   73.29;   18.6;    0.0;   -2.7;eor
       5664;20200317;-999;-999;-999;    3;   0.0;   0;-999;   0;  -999;   9.5;    -999;   10.1;   77.79;   17.2;    5.6;    1.8;eor
       5664;20200318;-999;-999;-999;    3;   0.0;   0;-999;   0;  -999;   9.6;    -999;   10.1;   79.38;   19.7;    2.7;    0.0;eor
       5664;20200319;-999;-999;-999;    3;   0.0;   0;-999;   0;  -999;  10.1;    -999;   11.2;   78.54;   20.8;    3.8;    0.5;eor
       5664;20200320;-999;-999;-999;    3;   0.0;   0;-999;   0;  -999;  10.1;    -999;   11.1;   79.17;   19.3;    4.3;    1.0;eor
       5664;20200321;-999;-999;-999;    3;   2.9;   4;-999;   0;  -999;   7.9;    -999;    5.8;   84.71;   10.9;    2.7;    2.0;eor
       5664;20200322;-999;-999;-999;    3;   0.0;   0;-999;   0;  -999;   5.0;    -999;    4.0;   62.00;    8.8;    0.7;   -2.0;eor
       5664;20200323;-999;-999;-999;    3;   0.0;   0;-999;   0;  -999;   2.9;    -999;    3.0;   39.33;    9.7;   -1.5;   -4.4;eor
       5664;20200324;-999;-999;-999;    3;   0.0;   0;-999;   0;  -999;   3.0;    -999;    3.3;   39.88;    9.4;   -1.7;   -7.2;eor
       5664;20200325;-999;-999;-999;    3;   0.0;   0;-999;   0;  -999;   3.3;    -999;    3.7;   42.71;    9.1;   -2.2;   -7.2;eor
       5664;20200326;-999;-999;-999;    3;   0.0;   0;-999;   0;  -999;   4.2;    -999;    3.6;   53.79;   10.0;   -0.8;   -4.2;eor
       5664;20200327;-999;-999;-999;    3;   0.0;   0;-999;   0;  -999;   6.0;    -999;    5.5;   68.17;   15.8;   -1.9;   -5.5;eor
       5664;20200328;-999;-999;-999;    3;   0.0;   0;-999;   0;  -999;   6.9;    -999;    8.1;   68.29;   18.5;    0.0;   -3.5;eor
       5664;20200329;-999;-999;-999;    1;   4.6;   4;-999;   0;  -999;   6.6;    -999;    3.7;   83.63;    7.4;    2.0;   -1.7;eor
       5664;20200330;-999;-999;-999;    1;   0.0;   0;-999;   0;  -999;   4.4;    -999;    2.0;   63.29;    6.8;   -2.7;   -7.3;eor
       5664;20200331;-999;-999;-999;    1;   0.0;   0;-999;   0;  -999;   3.9;    -999;    2.2;   57.83;    9.6;   -3.9;   -8.0;eor
       5664;20200401;-999;-999;-999;    1;   0.0;   0;-999;   0;  -999;   4.3;    -999;    3.4;   59.25;   12.8;   -3.9;   -8.1;eor
       5664;20200402;-999;-999;-999;    1;   0.0;   0;-999;   0;  -999;   4.7;    -999;    4.7;   60.17;   14.3;   -3.0;   -7.3;eor
       5664;20200403;-999;-999;-999;    1;   0.0;   0;-999;   0;  -999;   5.7;    -999;    5.1;   67.04;   13.1;   -2.7;   -6.6;eor
       5664;20200404;-999;-999;-999;    1;   0.0;   0;-999;   0;  -999;   6.3;    -999;    7.4;   64.63;   16.8;   -1.2;   -4.8;eor
       5664;20200405;-999;-999;-999;    1;   0.0;   0;-999;   0;  -999;   6.6;    -999;   10.0;   58.46;   21.4;    0.4;   -3.4;eor
       5664;20200406;-999;-999;-999;    1;   0.0;   0;-999;   0;  -999;   7.4;    -999;   11.0;   61.00;   22.7;    0.7;   -2.8;eor
       5664;20200407;-999;-999;-999;    1;   0.0;   0;-999;   0;  -999;   7.2;    -999;   12.9;   55.29;   23.6;    3.2;   -1.0;eor
       5664;20200408;-999;-999;-999;    1;   0.0;   0;-999;   0;  -999;   7.6;    -999;   12.5;   56.92;   23.2;    3.4;   -0.9;eor
       5664;20200409;-999;-999;-999;    1;   0.0;   0;-999;   0;  -999;   7.5;    -999;   13.0;   56.33;   23.7;    3.6;   -0.6;eor
       5664;20200410;-999;-999;-999;    1;   0.0;   0;-999;   0;  -999;   7.8;    -999;   13.6;   55.33;   24.3;    3.9;   -0.3;eor
       5664;20200411;-999;-999;-999;    1;   0.0;   0;-999;   0;  -999;   8.8;    -999;   14.7;   56.96;   24.5;    6.1;    2.2;eor
       5664;20200412;-999;-999;-999;    1;   0.0;   0;-999;   0;  -999;   8.7;    -999;   14.7;   55.71;   24.8;    7.8;    3.2;eor
       5664;20200413;-999;-999;-999;    1;   0.0;   4;-999;   0;  -999;   7.9;    -999;   11.9;   60.58;   21.7;    3.1;   -2.4;eor
       5664;20200414;-999;-999;-999;    1;   0.0;   0;-999;   0;  -999;   4.6;    -999;    5.3;   54.79;   11.5;   -1.0;   -6.1;eor
       5664;20200415;-999;-999;-999;    1;   0.0;   0;-999;   0;  -999;   4.7;    -999;    9.2;   46.54;   22.0;   -2.0;   -6.6;eor
       5664;20200416;-999;-999;-999;    1;   0.0;   0;-999;   0;  -999;   7.2;    -999;   12.4;   52.67;   24.6;    1.3;   -3.1;eor
       5664;20200417;-999;-999;-999;    1;   0.0;   0;-999;   0;  -999;   9.2;    -999;   15.2;   57.38;   25.2;    5.8;    1.9;eor
       5664;20200418;-999;-999;-999;    1;   0.0;   0;-999;   0;  -999;  10.7;    -999;   16.0;   62.17;   24.1;    9.6;    5.0;eor
       5664;20200419;-999;-999;-999;    1;   0.0;   0;-999;   0;  -999;  10.6;    -999;   15.8;   63.13;   24.1;    6.9;    2.9;eor
       5664;20200420;-999;-999;-999;    1;   0.0;   0;-999;   0;  -999;   8.0;    -999;   14.8;   48.88;   19.3;   10.0;    7.0;eor
       5664;20200421;-999;-999;-999;    1;   0.0;   0;-999;   0;  -999;   6.5;    -999;   15.1;   38.46;   21.9;    9.7;    6.9;eor
       5664;20200422;-999;-999;-999;    1;   0.0;   0;-999;   0;  -999;   6.1;    -999;   15.3;   36.42;   23.6;    7.8;    1.7;eor
       5664;20200423;-999;-999;-999;    1;   0.0;   0;-999;   0;  -999;   6.7;    -999;   13.6;   47.63;   23.9;    3.8;   -1.1;eor
       5664;20200424;-999;-999;-999;    1;   0.0;   0;-999;   0;  -999;   7.9;    -999;   13.9;   54.83;   23.4;    3.8;   -1.7;eor
       5664;20200425;-999;-999;-999;    1;   0.0;   0;-999;   0;  -999;   8.0;    -999;   14.0;   53.54;   22.4;    6.5;   -0.2;eor
       5664;20200426;-999;-999;-999;    1;   0.3;   4;-999;   0;  -999;   7.8;    -999;   12.9;   56.63;   21.5;    3.0;   -1.9;eor
       5664;20200427;-999;-999;-999;    1;   0.3;   4;-999;   0;  -999;  10.2;    -999;   15.3;   63.46;   23.6;    9.0;    5.3;eor
       5664;20200428;-999;-999;-999;    1;   0.8;   4;-999;   0;  -999;  11.6;    -999;   13.7;   74.88;   18.6;   10.0;    8.6;eor
       5664;20200429;-999;-999;-999;    1;   4.6;   4;-999;   0;  -999;  10.9;    -999;   11.4;   81.42;   17.9;    6.9;    2.5;eor
       5664;20200430;-999;-999;-999;    1;   1.5;   4;-999;   0;  -999;  10.3;    -999;   10.9;   79.38;   14.2;    6.9;    5.0;eor
       5664;20200501;-999;-999;-999;    1;   3.7;   4;-999;-999;  -999;   9.5;    -999;   11.1;   72.58;   14.8;    8.1;    4.8;eor
       5664;20200502;-999;-999;-999;    1;   4.8;   4;-999;-999;  -999;  10.0;    -999;    8.7;   88.83;   12.6;    6.3;    2.7;eor
       5664;20200503;-999;-999;-999;    1;   0.0;   4;-999;-999;  -999;   8.3;    -999;   11.1;   66.92;   18.6;    4.3;    1.9;eor
       5664;20200504;-999;-999;-999;    1;   0.8;   4;-999;-999;  -999;  11.0;    -999;   13.8;   71.79;   22.8;    5.8;    0.9;eor
       5664;20200505;-999;-999;-999;    1;   0.0;   0;-999;-999;  -999;  10.5;    -999;   11.1;   80.08;   13.6;    8.0;    5.2;eor
       5664;20200506;-999;-999;-999;    1;   0.0;   0;-999;-999;  -999;   6.8;    -999;   10.5;   57.46;   19.1;    3.4;   -1.7;eor
       5664;20200507;-999;-999;-999;    1;   0.0;   0;-999;-999;  -999;   7.9;    -999;   12.9;   57.00;   24.3;    1.5;   -2.8;eor
       5664;20200508;-999;-999;-999;    1;   0.0;   0;-999;-999;  -999;  11.0;    -999;   16.4;   61.21;   26.2;    5.8;    0.8;eor
       5664;20200509;-999;-999;-999;    1;   1.3;   4;-999;-999;  -999;  11.9;    -999;   17.9;   61.67;   27.3;    9.4;    3.8;eor
       5664;20200510;-999;-999;-999;    1;   0.7;   4;-999;-999;  -999;  14.2;    -999;   17.9;   72.79;   25.8;   12.7;   10.1;eor
       5664;20200511;-999;-999;-999;    1;  16.8;   4;-999;-999;  -999;  11.3;    -999;    9.5;   91.63;   15.6;    3.6;    2.8;eor
       5664;20200512;-999;-999;-999;    1;   0.0;   0;-999;-999;  -999;   6.8;    -999;    7.4;   69.83;   14.3;    0.2;   -1.6;eor
       5664;20200513;-999;-999;-999;    1;  13.6;   4;-999;-999;  -999;   9.3;    -999;    8.4;   84.08;   12.6;    5.4;    3.5;eor
       5664;20200514;-999;-999;-999;    1;   0.0;   4;-999;-999;  -999;   9.8;    -999;    9.9;   81.42;   13.6;    7.2;    7.0;eor
       5664;20200515;-999;-999;-999;    1;   0.0;   0;-999;-999;  -999;   8.9;    -999;   11.5;   67.04;   16.7;    4.8;   -0.7;eor
       5664;20200516;-999;-999;-999;    1;   0.0;   0;-999;-999;  -999;   8.1;    -999;   11.8;   64.46;   21.3;    2.5;   -1.8;eor
       5664;20200517;-999;-999;-999;    1;   0.0;   0;-999;-999;  -999;   9.2;    -999;   13.4;   63.83;   22.4;    4.1;   -1.1;eor
       5664;20200518;-999;-999;-999;    1;   0.0;   0;-999;-999;  -999;  10.0;    -999;   15.4;   61.42;   24.8;    5.8;    0.3;eor
       5664;20200519;-999;-999;-999;    1;   0.0;   0;-999;-999;  -999;  11.9;    -999;   16.8;   64.04;   25.5;    7.7;    2.5;eor
       5664;20200520;-999;-999;-999;    1;   0.0;   0;-999;-999;  -999;  11.8;    -999;   17.0;   63.33;   24.9;    9.5;    3.6;eor
       5664;20200521;-999;-999;-999;    1;   0.0;   0;-999;-999;  -999;  13.3;    -999;   17.8;   68.42;   26.9;    9.1;    3.6;eor
       5664;20200522;-999;-999;-999;    1;   1.9;   4;-999;-999;  -999;  14.4;    -999;   18.7;   69.58;   27.3;   10.2;    4.5;eor
       5664;20200523;-999;-999;-999;    1;  17.5;   4;-999;-999;  -999;  13.8;    -999;   12.9;   91.00;   18.7;    8.1;    5.1;eor
       5664;20200524;-999;-999;-999;    1;   0.0;   0;-999;-999;  -999;  10.3;    -999;   12.3;   74.46;   19.4;    7.1;    2.3;eor
       5664;20200525;-999;-999;-999;    1;   0.0;   4;-999;-999;  -999;  10.6;    -999;   12.4;   75.54;   20.1;    5.8;    1.3;eor
       5664;20200526;-999;-999;-999;    1;   0.0;   0;-999;-999;  -999;   9.8;    -999;   14.0;   66.00;   22.3;    5.9;    0.6;eor
       5664;20200527;-999;-999;-999;    1;   0.0;   0;-999;-999;  -999;   9.1;    -999;   14.9;   58.88;   24.1;    5.7;    0.1;eor
       5664;20200528;-999;-999;-999;    1;   0.0;   0;-999;-999;  -999;  10.0;    -999;   15.3;   59.96;   22.7;    7.1;    1.8;eor
       5664;20200529;-999;-999;-999;    1;   0.0;   0;-999;-999;  -999;   8.6;    -999;   14.1;   56.13;   21.3;    5.2;   -0.7;eor
       5664;20200530;-999;-999;-999;    1;   0.0;   0;-999;-999;  -999;   8.3;    -999;   14.1;   54.83;   21.2;    6.6;    0.6;eor
       5664;20200531;-999;-999;-999;    1;   0.0;   0;-999;-999;  -999;   8.3;    -999;   14.5;   53.38;   22.3;    6.0;    0.0;eor
       5664;20200601;-999;-999;-999;    1;   0.0;   0;-999;-999;  -999;   9.8;    -999;   17.8;   50.58;   26.9;    8.9;    3.1;eor
       5664;20200602;-999;-999;-999;    1;   0.0;   0;-999;-999;  -999;  10.4;    -999;   18.3;   53.63;   28.7;    8.1;    2.3;eor
       5664;20200603;-999;-999;-999;    1;   5.1;   4;-999;-999;  -999;  12.6;    -999;   17.3;   67.00;   27.3;   10.2;    5.1;eor
       5664;20200604;-999;-999;-999;    1;  10.4;   4;-999;-999;  -999;  14.4;    -999;   14.6;   87.58;   20.2;   11.4;   10.6;eor
       5664;20200605;-999;-999;-999;    1;  13.4;   4;-999;-999;  -999;  12.2;    -999;   12.4;   84.71;   14.9;   10.3;   10.1;eor
       5664;20200606;-999;-999;-999;    1;  23.5;   4;-999;-999;  -999;  13.6;    -999;   12.7;   91.92;   14.8;   10.9;   11.0;eor
       5664;20200607;-999;-999;-999;    1;   0.0;   4;-999;-999;  -999;  12.7;    -999;   13.0;   85.33;   17.8;   10.1;    7.9;eor
       5664;20200608;-999;-999;-999;    1;   0.3;   4;-999;-999;  -999;  11.4;    -999;   13.8;   74.21;   19.3;    8.6;    4.6;eor
       5664;20200609;-999;-999;-999;    1;   4.2;   4;-999;-999;  -999;  13.3;    -999;   12.3;   92.42;   14.1;   10.3;    8.5;eor
