STATIONS_ID;MESS_DATUM;QN_3;  FX;  FM;QN_4; RSK;RSKF; SDK;SHK_TAG;  NM; VPM;  PM; TMK; UPM; TXK; TNK; TGK;eor
        150;20181208;-999;-999;-999;    3;   8.5;   4;    0.417;   0;  -999;   8.7;    -999;    7.1;   86.08;   10.1;    5.5;    4.0;eor
        150;20181209;-999;-999;-999;    3;   3.0;   4;    1.600;   0;  -999;   8.6;    -999;    7.7;   81.38;   10.0;    4.9;    4.0;eor
        150;20181210;-999;-999;-999;    3;   1.2;   4;    2.683;   0;  -999;   6.9;    -999;    4.8;   80.46;    7.5;    2.6;   -0.2;eor
        150;20181211;-999;-999;-999;    3;   0.4;   4;    3.900;   0;  -999;   6.5;    -999;    3.0;   85.46;    6.0;    1.2;   -0.8;eor
        150;20181212;-999;-999;-999;    3;   0.0;   0;    0.300;   0;  -999;   6.3;    -999;    2.1;   88.42;    4.3;    0.5;   -1.8;eor
        150;20181213;-999;-999;-999;    3;   0.0;   0;    5.650;   0;  -999;   5.0;    -999;   -0.1;   82.50;    1.4;   -1.8;   -3.7;eor
        150;20181214;-999;-999;-999;    3;   0.0;   0;    0.000;   0;  -999;   4.6;    -999;   -0.4;   77.88;    0.0;   -1.0;   -1.5;eor
        150;20181215;-999;-999;-999;    3;   1.8;   4;    0.000;   0;  -999;   4.5;    -999;   -0.4;   76.04;    0.3;   -1.5;   -2.3;eor
        150;20181216;-999;-999;-999;    3;   0.2;   4;    0.000;   4;  -999;   5.4;    -999;   -1.1;   94.96;    0.9;   -2.9;   -2.8;eor
        150;20181217;-999;-999;-999;    3;   0.6;   4;    0.883;   2;  -999;   7.1;    -999;    2.4;   96.92;    5.7;    0.4;   -1.6;eor
        150;20181218;-999;-999;-999;    3;   0.1;   4;    3.217;   0;  -999;   7.0;    -999;    2.4;   96.25;    5.6;   -0.5;   -1.8;eor
        150;20181219;-999;-999;-999;    3;   0.7;   4;    0.000;   0;  -999;   7.0;    -999;    2.5;   95.21;    4.2;    1.0;    0.6;eor
        150;20181220;-999;-999;-999;    3;   0.6;   4;    0.167;   0;  -999;   8.6;    -999;    6.3;   90.25;    7.6;    3.3;    0.4;eor
        150;20181221;-999;-999;-999;    3;   1.3;   4;    0.000;   0;  -999;  10.2;    -999;    9.3;   85.96;   11.8;    6.9;    5.8;eor
        150;20181222;-999;-999;-999;    3;   0.0;   0;    2.183;   0;  -999;   9.9;    -999;   10.0;   80.58;   12.4;    6.7;    3.0;eor
        150;20181223;-999;-999;-999;    3;   9.9;   4;    0.000;   0;  -999;  10.3;    -999;    8.8;   90.38;   13.2;    5.9;    2.4;eor
        150;20181224;-999;-999;-999;    3;   0.0;   0;    3.117;   0;  -999;   7.3;    -999;    5.0;   82.29;   13.1;   -1.4;   -3.6;eor
        150;20181225;-999;-999;-999;    3;   0.0;   0;    3.050;   0;  -999;   5.4;    -999;    0.2;   86.96;    5.6;   -2.6;   -5.3;eor
        150;20181226;-999;-999;-999;    3;   0.0;   0;    0.000;   0;  -999;   4.9;    -999;   -2.9;   98.58;   -1.5;   -5.2;   -7.0;eor
        150;20181227;-999;-999;-999;    3;   0.0;   0;    0.000;   0;  -999;   5.4;    -999;   -1.7;  100.00;   -0.9;   -2.7;   -2.3;eor
        150;20181228;-999;-999;-999;    3;   0.0;   4;    0.000;   0;  -999;   5.6;    -999;   -1.2;  100.00;    0.3;   -2.1;   -3.2;eor
        150;20181229;-999;-999;-999;    3;   0.6;   4;    0.000;   0;  -999;   6.5;    -999;    1.2;   97.17;    4.4;   -2.0;   -1.7;eor
        150;20181230;-999;-999;-999;    3;   1.3;   4;    0.000;   0;  -999;   8.0;    -999;    6.0;   85.38;    7.0;    4.4;    3.3;eor
        150;20181231;-999;-999;-999;    3;   0.1;   4;    0.000;   0;  -999;   9.5;    -999;    7.3;   92.96;    9.4;    5.6;    5.0;eor
        150;20190101;-999;-999;-999;    3;   1.4;   4;    0.000;   0;  -999;   8.2;    -999;    6.2;   86.00;    7.1;    3.2;    2.0;eor
        150;20190102;-999;-999;-999;    3;   0.0;   4;    3.600;   0;  -999;   5.5;    -999;    3.0;   72.08;    5.1;   -1.0;   -3.7;eor
        150;20190103;-999;-999;-999;    3;   0.1;   4;    0.000;   0;  -999;   5.7;    -999;    1.4;   84.54;    2.9;   -1.1;   -3.9;eor
        150;20190104;-999;-999;-999;    3;   2.3;   4;    2.350;   0;  -999;   6.1;    -999;    2.2;   85.42;    3.9;   -0.1;   -2.6;eor
        150;20190105;-999;-999;-999;    3;   0.0;   0;    0.000;   0;  -999;   7.6;    -999;    4.9;   87.00;    7.1;    2.1;    1.6;eor
        150;20190106;-999;-999;-999;    3;   0.2;   4;    0.000;   0;  -999;   7.6;    -999;    5.3;   85.83;    6.3;    3.9;    2.9;eor
        150;20190107;-999;-999;-999;    3;   2.2;   4;    1.083;   0;  -999;   7.0;    -999;    4.4;   83.67;    6.7;    3.5;    2.6;eor
        150;20190108;-999;-999;-999;    3;   0.6;   4;    1.550;   0;  -999;   7.5;    -999;    5.4;   83.21;    6.8;    3.4;    1.8;eor
        150;20190109;-999;-999;-999;    3;   0.0;   0;    1.467;   0;  -999;   5.8;    -999;    2.8;   77.00;    4.2;    1.3;    0.2;eor
        150;20190110;-999;-999;-999;    3;   0.0;   0;    0.283;   0;  -999;   5.0;    -999;    0.8;   77.58;    2.2;   -1.0;   -2.4;eor
        150;20190111;-999;-999;-999;    3;   1.6;   4;    0.000;   0;  -999;   6.1;    -999;    1.1;   91.83;    3.4;   -0.8;   -1.9;eor
        150;20190112;-999;-999;-999;    3;   1.5;   4;    0.117;   0;  -999;   7.6;    -999;    4.5;   90.04;    6.3;    3.2;    2.5;eor
        150;20190113;-999;-999;-999;    3;   5.2;   4;    0.000;   0;  -999;   9.1;    -999;    7.4;   88.42;    9.3;    5.1;    3.3;eor
        150;20190114;-999;-999;-999;    3;   2.7;   4;    0.333;   0;  -999;   6.9;    -999;    4.3;   82.13;    6.6;    1.4;   -0.8;eor
        150;20190115;-999;-999;-999;    3;   0.0;   4;    0.133;   0;  -999;   6.7;    -999;    3.8;   84.21;    5.8;    0.8;   -1.6;eor
        150;20190116;-999;-999;-999;    3;   0.0;   4;    1.067;   0;  -999;   6.6;    -999;    4.5;   78.38;    6.1;    3.1;    0.2;eor
        150;20190117;-999;-999;-999;    3;   1.3;   4;    2.550;   0;  -999;   7.1;    -999;    4.6;   83.25;    7.3;    1.4;   -0.3;eor
        150;20190118;-999;-999;-999;    3;   0.0;   0;    5.717;   0;  -999;   5.1;    -999;    0.3;   81.83;    3.4;   -3.5;   -5.7;eor
        150;20190119;-999;-999;-999;    3;   0.0;   0;    7.083;   0;  -999;   4.4;    -999;   -2.8;   88.33;    1.4;   -6.5;   -8.4;eor
        150;20190120;-999;-999;-999;    3;   0.0;   0;    6.983;   0;  -999;   4.0;    -999;   -4.0;   88.79;   -0.7;   -6.9;   -8.9;eor
        150;20190121;-999;-999;-999;    3;   0.0;   0;    7.250;   0;  -999;   3.9;    -999;   -4.5;   87.63;   -0.3;   -8.0;  -10.4;eor
        150;20190122;-999;-999;-999;    3;   0.1;   4;    0.000;   0;  -999;   4.1;    -999;   -4.4;   92.79;   -1.9;   -7.7;  -10.8;eor
        150;20190123;-999;-999;-999;    3;   0.0;   4;    0.000;   1;  -999;   4.3;    -999;   -2.7;   85.71;   -1.7;   -3.3;   -4.2;eor
        150;20190124;-999;-999;-999;    3;   0.0;   0;    0.000;   0;  -999;   3.9;    -999;   -3.1;   80.00;   -2.3;   -4.4;   -5.9;eor
        150;20190125;-999;-999;-999;    3;   1.3;   4;    0.183;   0;  -999;   4.8;    -999;   -1.1;   84.04;    1.8;   -3.9;   -4.8;eor
        150;20190126;-999;-999;-999;    3;   0.1;   4;    0.200;   0;  -999;   7.0;    -999;    3.1;   91.38;    5.0;    0.6;    0.1;eor
        150;20190127;-999;-999;-999;    3;   1.6;   4;    0.917;   0;  -999;   7.6;    -999;    5.2;   86.29;    8.0;    1.4;   -0.3;eor
        150;20190128;-999;-999;-999;    3;   1.8;   4;    0.050;   0;  -999;   6.2;    -999;    2.1;   86.46;    3.6;    1.1;   -0.3;eor
        150;20190129;-999;-999;-999;    3;   0.3;   4;    1.033;   0;  -999;   5.4;    -999;    0.8;   84.71;    3.7;   -1.7;   -4.5;eor
        150;20190130;-999;-999;-999;    3;   1.4;   4;    0.000;   3;  -999;   5.4;    -999;   -0.4;   90.21;    1.7;   -4.4;   -9.2;eor
        150;20190131;-999;-999;-999;    3;   2.6;   4;    0.050;   2;  -999;   5.0;    -999;   -1.2;   90.17;    1.6;   -5.0;   -9.1;eor
        150;20190201;-999;-999;-999;    3;   1.3;   4;    0.000;   4;  -999;   6.4;    -999;    1.3;   95.04;    3.1;   -0.7;   -1.0;eor
        150;20190202;-999;-999;-999;    3;   0.2;   4;    0.000;   1;  -999;   7.0;    -999;    2.3;   97.13;    4.8;    1.0;   -0.2;eor
        150;20190203;-999;-999;-999;    3;   0.0;   0;    0.317;   0;  -999;   5.9;    -999;    1.9;   83.92;    3.9;    0.6;   -1.7;eor
        150;20190204;-999;-999;-999;    3;   0.0;   0;    7.150;   0;  -999;   5.3;    -999;    0.9;   82.17;    4.6;   -3.2;   -5.5;eor
        150;20190205;-999;-999;-999;    3;   0.0;   0;    0.100;   0;  -999;   5.8;    -999;    1.9;   82.54;    5.3;   -2.3;   -4.8;eor
        150;20190206;-999;-999;-999;    3;   0.0;   0;    7.167;   0;  -999;   5.6;    -999;    0.6;   87.21;    4.4;   -3.2;   -5.3;eor
        150;20190207;-999;-999;-999;    3;   0.4;   4;    0.450;   0;  -999;   6.8;    -999;    2.8;   90.33;    7.1;   -0.8;   -2.1;eor
        150;20190208;-999;-999;-999;    3;   1.8;   4;    0.217;   0;  -999;   7.7;    -999;    5.8;   82.96;    8.7;    2.2;   -0.7;eor
        150;20190209;-999;-999;-999;    3;   1.5;   4;    3.483;   0;  -999;   8.3;    -999;    7.1;   82.46;    9.9;    5.4;    2.7;eor
        150;20190210;-999;-999;-999;    3;   6.5;   4;    0.017;   0;  -999;   8.5;    -999;    7.0;   84.29;   10.4;    4.3;    2.4;eor
        150;20190211;-999;-999;-999;    3;   0.2;   4;    2.100;   0;  -999;   6.4;    -999;    4.7;   75.33;    7.8;    1.3;   -1.3;eor
        150;20190212;-999;-999;-999;    3;   0.0;   0;    1.250;   0;  -999;   5.9;    -999;    2.9;   78.67;    7.2;   -0.1;   -2.7;eor
        150;20190213;-999;-999;-999;    3;   0.0;   0;    8.100;   0;  -999;   5.8;    -999;    2.5;   79.79;    8.8;   -2.0;   -4.7;eor
        150;20190214;-999;-999;-999;    3;   0.0;   0;    7.833;   0;  -999;   5.8;    -999;    2.2;   81.88;   10.7;   -3.0;   -5.6;eor
        150;20190215;-999;-999;-999;    3;   0.0;   0;    8.883;   0;  -999;   6.4;    -999;    4.1;   78.67;   11.3;   -1.2;   -4.7;eor
        150;20190216;-999;-999;-999;    3;   0.0;   0;    8.917;   0;  -999;   6.9;    -999;    4.7;   80.17;   12.3;   -1.4;   -4.4;eor
        150;20190217;-999;-999;-999;    3;   0.0;   0;    8.933;   0;  -999;   6.7;    -999;    5.2;   77.88;   13.6;   -1.2;   -4.0;eor
        150;20190218;-999;-999;-999;    3;   0.0;   0;    8.883;   0;  -999;   6.5;    -999;    6.0;   69.83;   15.5;   -1.7;   -4.9;eor
        150;20190219;-999;-999;-999;    3;   0.2;   4;    3.217;   0;  -999;   7.3;    -999;    6.4;   75.54;   11.1;    1.6;   -1.9;eor
        150;20190220;-999;-999;-999;    3;   0.0;   0;    6.000;   0;  -999;   7.1;    -999;    5.6;   78.83;   12.3;    0.2;   -3.4;eor
        150;20190221;-999;-999;-999;    3;   0.0;   0;    1.067;   0;  -999;   8.7;    -999;    7.4;   83.92;   12.7;    0.3;   -2.2;eor
        150;20190222;-999;-999;-999;    3;   0.0;   0;    0.600;   0;  -999;   9.2;    -999;    9.1;   80.38;   12.6;    4.1;    0.4;eor
        150;20190223;-999;-999;-999;    3;   0.0;   0;    8.883;   0;  -999;   5.6;    -999;    3.6;   72.17;    8.8;   -0.4;   -4.2;eor
        150;20190224;-999;-999;-999;    3;   0.0;   0;   10.117;   0;  -999;   3.7;    -999;    4.0;   48.50;   11.5;   -2.2;   -6.0;eor
        150;20190225;-999;-999;-999;    3;   0.0;   0;   10.133;   0;  -999;   4.5;    -999;    6.8;   47.92;   15.7;   -0.9;   -5.2;eor
        150;20190226;-999;-999;-999;    3;   0.0;   0;    9.950;   0;  -999;   6.1;    -999;    7.9;   60.29;   17.4;   -0.4;   -4.2;eor
        150;20190227;-999;-999;-999;    3;   0.0;   0;   10.200;   0;  -999;   5.9;    -999;    8.7;   55.67;   18.4;    0.7;   -4.1;eor
        150;20190228;-999;-999;-999;    3;   0.3;   4;    9.117;   0;  -999;   8.0;    -999;   10.5;   63.08;   18.1;    4.4;   -2.0;eor
        150;20190301;-999;-999;-999;    3;   0.2;   4;    0.850;   0;  -999;   9.2;    -999;    8.7;   82.04;   12.1;    5.8;    4.8;eor
        150;20190302;-999;-999;-999;    3;   0.0;   0;    1.417;   0;  -999;   8.9;    -999;    8.2;   82.04;   12.1;    5.3;    4.4;eor
        150;20190303;-999;-999;-999;    3;   0.0;   0;    0.000;   0;  -999;   9.3;    -999;   10.2;   75.04;   11.7;    8.4;    6.0;eor
        150;20190304;-999;-999;-999;    3;   6.4;   4;    1.733;   0;  -999;   8.4;    -999;    8.7;   75.29;   12.9;    4.3;    2.3;eor
        150;20190305;-999;-999;-999;    3;   1.1;   4;    1.750;   0;  -999;   7.7;    -999;    5.8;   83.33;    8.4;    3.3;    0.4;eor
        150;20190306;-999;-999;-999;    3;   0.4;   4;    5.917;   0;  -999;   8.7;    -999;    8.7;   78.75;   14.6;    3.7;    1.1;eor
        150;20190307;-999;-999;-999;    3;   2.5;   4;    4.900;   0;  -999;   8.6;    -999;    9.7;   71.54;   13.2;    5.8;    3.2;eor
        150;20190308;-999;-999;-999;    3;   0.5;   4;    2.067;   0;  -999;   7.8;    -999;    7.3;   76.33;    9.7;    4.9;    1.9;eor
        150;20190309;-999;-999;-999;    3;   2.3;   4;    1.950;   0;  -999;   8.9;    -999;    9.5;   74.58;   11.8;    6.7;    5.1;eor
        150;20190310;-999;-999;-999;    3;   3.5;   4;    5.583;   0;  -999;   9.0;    -999;    9.4;   75.88;   14.5;    3.0;    0.1;eor
        150;20190311;-999;-999;-999;    3;   0.0;   0;    6.217;   0;  -999;   5.6;    -999;    5.1;   63.63;    8.5;    2.6;   -0.7;eor
        150;20190312;-999;-999;-999;    3;   0.5;   4;    4.217;   0;  -999;   5.7;    -999;    5.9;   62.92;   10.4;    0.2;   -3.5;eor
        150;20190313;-999;-999;-999;    3;   8.5;   4;    3.333;   0;  -999;   7.1;    -999;    5.7;   77.71;    9.1;    1.7;    0.1;eor
        150;20190314;-999;-999;-999;    3;   2.2;   4;    1.067;   0;  -999;   8.0;    -999;    5.8;   86.79;    8.2;    3.6;    2.5;eor
        150;20190315;-999;-999;-999;    3;   1.8;   4;    2.517;   0;  -999;  10.4;    -999;    9.8;   84.75;   14.2;    5.6;    2.8;eor
        150;20190316;-999;-999;-999;    3;   0.0;   0;    0.433;   0;  -999;   9.8;    -999;   10.3;   78.25;   11.8;    8.2;    4.5;eor
        150;20190317;-999;-999;-999;    3;   3.2;   4;    1.983;   0;  -999;   8.1;    -999;    7.5;   77.67;   10.4;    2.2;   -0.9;eor
        150;20190318;-999;-999;-999;    3;   0.3;   4;    5.650;   0;  -999;   6.7;    -999;    4.8;   77.88;    9.3;    1.6;   -1.7;eor
        150;20190319;-999;-999;-999;    3;   0.0;   0;   10.383;   0;  -999;   5.8;    -999;    4.6;   69.75;   10.2;   -0.1;   -3.6;eor
        150;20190320;-999;-999;-999;    3;   0.0;   0;   11.383;   0;  -999;   5.5;    -999;    5.2;   65.17;   12.3;   -1.7;   -4.8;eor
        150;20190321;-999;-999;-999;    3;   0.0;   0;   11.433;   0;  -999;   5.8;    -999;    7.6;   59.71;   15.7;   -0.5;   -3.6;eor
        150;20190322;-999;-999;-999;    3;   0.0;   0;   11.083;   0;  -999;   6.8;    -999;    9.8;   59.96;   18.8;    2.0;   -1.9;eor
        150;20190323;-999;-999;-999;    3;   0.0;   0;   11.117;   0;  -999;   7.9;    -999;    9.5;   67.04;   16.8;    3.0;   -0.9;eor
        150;20190324;-999;-999;-999;    3;   0.0;   0;    4.467;   0;  -999;   8.0;    -999;    7.4;   78.50;   13.9;    1.1;   -1.8;eor
        150;20190325;-999;-999;-999;    3;   2.7;   4;    4.583;   0;  -999;   6.5;    -999;    5.5;   72.46;   10.8;    1.6;   -1.9;eor
        150;20190326;-999;-999;-999;    3;   0.0;   0;    3.217;   0;  -999;   6.6;    -999;    5.4;   73.92;    8.6;    1.0;   -1.6;eor
        150;20190327;-999;-999;-999;    3;   0.0;   0;    5.317;   0;  -999;   6.6;    -999;    6.4;   69.79;   11.9;    2.4;   -2.1;eor
        150;20190328;-999;-999;-999;    3;   0.0;   0;    9.000;   0;  -999;   7.6;    -999;    8.0;   72.33;   14.9;    0.9;   -2.7;eor
        150;20190329;-999;-999;-999;    3;   0.0;   0;   10.533;   0;  -999;   8.4;    -999;   10.1;   70.38;   16.7;    3.5;   -0.3;eor
        150;20190330;-999;-999;-999;    3;   0.0;   0;   11.350;   0;  -999;   7.4;    -999;   11.4;   59.58;   20.9;    1.2;   -1.7;eor
        150;20190331;-999;-999;-999;    3;   0.0;   0;    9.817;   0;  -999;   7.9;    -999;   11.7;   59.75;   19.8;    3.8;   -0.7;eor
        150;20190401;-999;-999;-999;    3;   0.0;   0;   11.333;   0;  -999;   7.9;    -999;   10.2;   65.25;   17.3;    3.7;    1.4;eor
        150;20190402;-999;-999;-999;    3;   0.4;   4;    8.533;   0;  -999;   9.1;    -999;   11.5;   68.38;   20.9;    4.6;    0.7;eor
        150;20190403;-999;-999;-999;    3;   7.3;   4;    0.000;   0;  -999;   9.0;    -999;    7.1;   88.46;    9.3;    4.7;    4.1;eor
        150;20190404;-999;-999;-999;    3;   8.2;   4;    0.050;   0;  -999;   8.1;    -999;    4.8;   93.71;    6.6;    3.3;    1.9;eor
        150;20190405;-999;-999;-999;    3;   0.7;   4;    0.000;   0;  -999;   8.7;    -999;    6.2;   91.75;    7.9;    3.8;    1.6;eor
        150;20190406;-999;-999;-999;    3;   0.0;   0;    5.517;   0;  -999;   9.6;    -999;    9.1;   83.92;   14.9;    1.8;   -0.2;eor
        150;20190407;-999;-999;-999;    3;   0.0;   0;   11.650;   0;  -999;  10.0;    -999;   12.1;   72.75;   18.6;    6.9;    2.6;eor
        150;20190408;-999;-999;-999;    3;   0.0;   0;    0.167;   0;  -999;  11.1;    -999;   10.5;   86.92;   13.7;    7.2;    3.0;eor
        150;20190409;-999;-999;-999;    3;   2.4;   4;    0.200;   0;  -999;  11.2;    -999;   10.5;   88.79;   15.6;    6.9;    3.4;eor
        150;20190410;-999;-999;-999;    3;   0.0;   4;    0.017;   0;  -999;   8.1;    -999;    8.7;   72.13;   13.0;    3.9;   -0.7;eor
        150;20190411;-999;-999;-999;    3;   0.0;   0;   12.383;   0;  -999;   5.1;    -999;    6.0;   56.50;   11.2;    1.0;   -3.5;eor
        150;20190412;-999;-999;-999;    3;   0.0;   0;    6.633;   0;  -999;   4.9;    -999;    4.0;   60.96;    8.8;   -0.8;   -4.6;eor
        150;20190413;-999;-999;-999;    3;   0.7;   4;    2.483;   0;  -999;   5.5;    -999;    3.4;   71.08;    7.1;    1.4;    0.5;eor
        150;20190414;-999;-999;-999;    3;   0.0;   0;    8.133;   0;  -999;   6.3;    -999;    5.1;   74.29;   11.5;    1.1;   -1.8;eor
        150;20190415;-999;-999;-999;    3;   0.0;   0;   12.067;   0;  -999;   7.3;    -999;    9.3;   65.50;   16.9;   -0.5;   -3.6;eor
        150;20190416;-999;-999;-999;    3;   4.0;   4;    7.417;   0;  -999;   8.1;    -999;   10.9;   62.58;   17.0;    3.2;   -1.6;eor
        150;20190417;-999;-999;-999;    3;   0.0;   0;    4.767;   0;  -999;  11.2;    -999;   12.6;   77.92;   17.1;    8.9;    3.3;eor
        150;20190418;-999;-999;-999;    3;   0.0;   0;   12.483;   0;  -999;   8.2;    -999;   14.2;   52.38;   20.8;    7.2;    1.6;eor
        150;20190419;-999;-999;-999;    3;   0.0;   0;   12.967;   0;  -999;   7.8;    -999;   15.2;   47.17;   23.0;    7.2;    2.2;eor
        150;20190420;-999;-999;-999;    3;   0.0;   0;   12.767;   0;  -999;   7.6;    -999;   16.5;   43.17;   23.5;    8.6;    2.7;eor
        150;20190421;-999;-999;-999;    3;   0.0;   0;   13.100;   0;  -999;  -999;    -999;   16.5;-999;   24.1;    8.4;    2.0;eor
        150;20190422;-999;-999;-999;    3;   0.0;   0;   11.500;   0;  -999;  -999;    -999;   17.0;-999;   24.0;    7.5;    1.6;eor
        150;20190423;-999;-999;-999;    3;   0.0;   0;    6.000;   0;  -999;   9.5;    -999;   14.2;   58.38;   19.6;    9.1;    7.4;eor
        150;20190424;-999;-999;-999;    3;   5.3;   4;    9.000;   0;  -999;  10.8;    -999;   13.8;   72.90;   24.0;    6.9;    4.1;eor
        150;20190425;-999;-999;-999;    3;   1.7;   4;    6.983;   0;  -999;   9.9;    -999;   13.2;   67.04;   23.8;    6.5;    4.0;eor
        150;20190426;-999;-999;-999;    3;   1.7;   4;    0.383;   0;  -999;   9.8;    -999;   10.1;   79.79;   13.5;    7.4;    4.5;eor
        150;20190427;-999;-999;-999;    3;   3.4;   4;    2.867;   0;  -999;   9.1;    -999;    8.7;   80.38;   13.0;    5.5;    2.4;eor
        150;20190428;-999;-999;-999;    3;   0.2;   4;    5.533;   0;  -999;   7.8;    -999;    7.2;   76.71;   12.7;    3.2;    0.1;eor
        150;20190429;-999;-999;-999;    3;   1.2;   4;    4.467;   0;  -999;   8.5;    -999;    8.9;   76.21;   14.6;    2.1;   -0.8;eor
        150;20190430;-999;-999;-999;    3;   0.0;   0;    8.867;   0;  -999;   8.8;    -999;   12.8;   61.92;   18.4;    8.8;    5.1;eor
        150;20190501;-999;-999;-999;    3;   0.0;   0;   12.850;-999;  -999;   8.9;    -999;   13.5;   60.29;   20.1;    6.1;    2.2;eor
        150;20190502;-999;-999;-999;    3;   3.2;   4;    6.150;-999;  -999;  10.0;    -999;   13.1;   68.29;   19.8;    8.5;    5.5;eor
        150;20190503;-999;-999;-999;    3;   1.9;   4;    3.750;-999;  -999;   8.5;    -999;   10.7;   67.08;   15.1;    6.2;    3.7;eor
        150;20190504;-999;-999;-999;    3;   3.1;   4;    3.150;-999;  -999;   7.2;    -999;    5.9;   77.29;    9.0;    2.4;   -0.1;eor
        150;20190505;-999;-999;-999;    3;   0.2;   4;    5.833;-999;  -999;   6.5;    -999;    5.6;   72.92;   11.2;   -0.1;   -2.2;eor
        150;20190506;-999;-999;-999;    3;   0.0;   0;    5.233;-999;  -999;   6.5;    -999;    7.4;   64.75;   12.2;    1.3;   -1.5;eor
        150;20190507;-999;-999;-999;    3;   0.1;   4;    2.383;-999;  -999;   7.0;    -999;    9.2;   61.58;   13.6;    5.1;    2.6;eor
        150;20190508;-999;-999;-999;    3;   2.6;   4;    0.050;-999;  -999;   9.8;    -999;    8.9;   84.38;   12.5;    4.1;    1.4;eor
        150;20190509;-999;-999;-999;    3;   8.4;   4;    1.067;-999;  -999;  10.9;    -999;   10.1;   87.33;   15.0;    7.0;    5.0;eor
        150;20190510;-999;-999;-999;    3;  19.5;   4;    8.567;-999;  -999;   9.7;    -999;   12.3;   69.75;   18.3;    5.1;    1.7;eor
        150;20190511;-999;-999;-999;    3;  10.5;   4;    0.083;-999;  -999;  11.2;    -999;    9.8;   91.88;   12.3;    5.0;    1.5;eor
        150;20190512;-999;-999;-999;    3;   0.0;   0;    5.450;-999;  -999;   7.5;    -999;    8.5;   69.38;   14.4;    3.9;    1.3;eor
        150;20190513;-999;-999;-999;    3;   0.0;   0;   13.800;-999;  -999;   6.1;    -999;    9.8;   53.04;   15.6;    4.4;    0.3;eor
        150;20190514;-999;-999;-999;    3;   0.0;   0;   11.383;-999;  -999;   6.2;    -999;    9.9;   52.13;   15.6;    4.7;    1.1;eor
        150;20190515;-999;-999;-999;    3;   0.0;   0;   13.083;-999;  -999;   6.0;    -999;    9.4;   52.54;   15.0;    4.0;    0.3;eor
        150;20190516;-999;-999;-999;    3;   0.0;   0;    5.300;-999;  -999;   8.0;    -999;   10.4;   64.29;   16.8;    6.1;    4.5;eor
        150;20190517;-999;-999;-999;    3;   2.0;   4;    6.833;-999;  -999;  10.9;    -999;   12.7;   76.25;   18.8;    7.8;    8.2;eor
        150;20190518;-999;-999;-999;    3;   3.9;   4;    6.117;-999;  -999;  12.3;    -999;   14.2;   78.08;   21.0;    8.3;    6.6;eor
        150;20190519;-999;-999;-999;    3;   0.0;   0;    8.567;-999;  -999;  13.3;    -999;   15.9;   75.42;   22.7;   10.1;    8.2;eor
        150;20190520;-999;-999;-999;    3;   7.6;   4;    1.917;-999;  -999;  13.3;    -999;   14.0;   82.83;   17.5;   11.6;    9.8;eor
        150;20190521;-999;-999;-999;    3;  20.6;   4;    0.000;-999;  -999;  13.1;    -999;   12.3;   91.71;   13.1;   11.3;   10.8;eor
        150;20190522;-999;-999;-999;    3;   0.0;   0;    7.883;-999;  -999;  11.3;    -999;   12.9;   77.17;   17.6;    9.0;    5.9;eor
        150;20190523;-999;-999;-999;    3;   0.0;   0;   12.483;-999;  -999;  10.6;    -999;   14.3;   67.38;   20.7;    6.9;    4.6;eor
        150;20190524;-999;-999;-999;    3;   2.9;   4;   12.850;-999;  -999;  11.4;    -999;   16.7;   62.67;   23.1;    9.5;    6.9;eor
        150;20190525;-999;-999;-999;    3;   0.0;   0;    9.817;-999;  -999;  10.9;    -999;   16.6;   59.42;   21.6;   11.9;    9.1;eor
        150;20190526;-999;-999;-999;    3;   0.0;   0;   11.967;-999;  -999;  11.5;    -999;   16.3;   64.00;   22.6;    9.4;    6.4;eor
        150;20190527;-999;-999;-999;    3;   0.8;   4;    3.600;-999;  -999;  14.0;    -999;   15.2;   80.79;   20.2;   10.9;    8.1;eor
        150;20190528;-999;-999;-999;    3;   0.1;   4;    6.967;-999;  -999;  11.7;    -999;   14.1;   73.96;   19.4;    9.0;    6.9;eor
        150;20190529;-999;-999;-999;    3;   0.0;   0;    5.817;-999;  -999;  10.3;    -999;   13.6;   67.08;   18.7;    9.6;    7.9;eor
        150;20190530;-999;-999;-999;    3;   0.0;   0;    6.567;-999;  -999;  12.1;    -999;   15.7;   69.08;   20.9;    8.7;    5.2;eor
        150;20190531;-999;-999;-999;    3;   0.0;   0;    8.450;-999;  -999;  14.7;    -999;   19.3;   67.21;   25.3;   13.6;   10.6;eor
        150;20190601;-999;-999;-999;    3;   0.0;   0;   14.083;-999;  -999;  15.1;    -999;   20.2;   66.00;   27.6;   11.9;    9.1;eor
        150;20190602;-999;-999;-999;    3;   0.0;   0;   13.917;-999;  -999;  15.3;    -999;   22.6;   58.92;   31.5;   12.5;   10.1;eor
        150;20190603;-999;-999;-999;    3;   0.0;   4;    8.733;-999;  -999;  16.4;    -999;   20.9;   67.63;   29.6;   14.8;   11.7;eor
        150;20190604;-999;-999;-999;    3;   2.0;   4;   13.350;-999;  -999;  16.9;    -999;   21.7;   67.63;   29.6;   12.3;   10.0;eor
        150;20190605;-999;-999;-999;    3;   1.1;   4;    9.167;-999;  -999;  16.8;    -999;   22.8;   62.54;   28.3;   15.7;   13.6;eor
        150;20190606;-999;-999;-999;    3;   0.0;   4;    1.683;-999;  -999;  12.3;    -999;   13.9;   77.67;   17.1;    9.5;    6.9;eor
        150;20190607;-999;-999;-999;    3;   2.3;   4;    8.583;-999;  -999;  12.7;    -999;   14.5;   77.54;   25.0;    6.7;    4.3;eor
        150;20190608;-999;-999;-999;    3;   0.0;   0;    6.550;-999;  -999;   9.9;    -999;   14.8;   59.88;   19.9;    9.4;    5.7;eor
        150;20190609;-999;-999;-999;    3;   0.0;   0;    9.883;-999;  -999;  12.0;    -999;   16.7;   64.50;   23.2;    6.8;    4.7;eor
        150;20190610;-999;-999;-999;    3;   9.5;   4;    3.617;-999;  -999;  15.9;    -999;   17.6;   79.25;   21.9;   14.2;   13.4;eor
        150;20190611;-999;-999;-999;    3;   0.0;   0;    4.517;-999;  -999;  14.7;    -999;   16.7;   78.79;   21.0;   12.4;   11.7;eor
        150;20190612;-999;-999;-999;    3;   3.0;   4;    4.983;-999;  -999;  -999;    -999;   16.0;-999;   20.4;   11.0;    8.5;eor
        150;20190613;-999;-999;-999;    3;   0.0;   0;   12.617;-999;  -999;  11.9;    -999;   17.1;   63.75;   23.7;   10.7;    8.3;eor
        150;20190614;-999;-999;-999;    3;   0.1;   4;    3.317;-999;  -999;  15.5;    -999;   17.4;   78.25;   23.3;   10.2;    8.0;eor
        150;20190615;-999;-999;-999;    3;   3.3;   4;   11.750;-999;  -999;  15.7;    -999;   19.5;   70.58;   25.4;   14.2;   11.9;eor
        150;20190616;-999;-999;-999;    3;   0.5;   4;    5.900;-999;  -999;  14.4;    -999;   17.9;   71.75;   23.9;   11.9;    9.9;eor
        150;20190617;-999;-999;-999;    3;   0.0;   0;   12.783;-999;  -999;  14.4;    -999;   19.0;   68.17;   26.2;    9.7;    8.2;eor
        150;20190618;-999;-999;-999;    3;   0.0;   0;   12.800;-999;  -999;  16.3;    -999;   21.9;   64.92;   29.2;   12.6;   10.6;eor
        150;20190619;-999;-999;-999;    3;   1.1;   4;   12.050;-999;  -999;  16.4;    -999;   23.9;   58.42;   30.5;   16.1;   14.5;eor
        150;20190620;-999;-999;-999;    3;   0.1;   4;    5.700;-999;  -999;  16.8;    -999;   19.3;   76.08;   25.2;   13.9;   11.7;eor
        150;20190621;-999;-999;-999;    3;   0.0;   0;   10.050;-999;  -999;  12.9;    -999;   18.9;   61.92;   24.8;   13.5;    9.6;eor
        150;20190622;-999;-999;-999;    3;   2.1;   4;    9.983;-999;  -999;  14.7;    -999;   18.9;   68.33;   27.4;   11.5;    8.7;eor
        150;20190623;-999;-999;-999;    3;   0.0;   0;   10.283;-999;  -999;  17.5;    -999;   21.5;   70.04;   28.1;   13.7;   12.2;eor
        150;20190624;-999;-999;-999;    3;   0.0;   0;   14.283;-999;  -999;  18.5;    -999;   24.4;   62.54;   30.9;   16.2;   13.7;eor
        150;20190625;-999;-999;-999;    3;   0.0;   0;   12.183;-999;  -999;  19.9;    -999;   25.7;   62.08;   33.9;   16.4;   13.9;eor
        150;20190626;-999;-999;-999;    3;   0.0;   0;   13.900;-999;  -999;  20.4;    -999;   28.5;   54.54;   35.6;   19.2;   16.5;eor
        150;20190627;-999;-999;-999;    3;   0.0;   0;   13.767;-999;  -999;  15.8;    -999;   25.1;   51.17;   31.1;   15.1;   11.7;eor
        150;20190628;-999;-999;-999;    3;   0.0;   0;   14.450;-999;  -999;  11.9;    -999;   21.1;   50.58;   28.4;   14.5;   10.9;eor
        150;20190629;-999;-999;-999;    3;   0.0;   0;   14.483;-999;  -999;  12.7;    -999;   23.6;   46.75;   32.5;   15.1;   10.0;eor
        150;20190630;-999;-999;-999;    3;   0.4;   4;   14.383;-999;  -999;  16.9;    -999;   28.0;   47.79;   37.8;   15.3;   12.5;eor
        150;20190701;-999;-999;-999;    3;   0.0;   0;    7.833;-999;  -999;  15.7;    -999;   23.6;   56.08;   29.7;   18.1;   15.5;eor
        150;20190702;-999;-999;-999;    3;   0.0;   0;   14.150;-999;  -999;  11.1;    -999;   19.6;   50.63;   25.5;   12.7;    9.4;eor
        150;20190703;-999;-999;-999;    3;   0.0;   0;   14.267;-999;  -999;   9.7;    -999;   18.9;   46.50;   25.3;   10.8;    7.5;eor
        150;20190704;-999;-999;-999;    3;   0.0;   0;   14.300;-999;  -999;   9.4;    -999;   18.8;   46.04;   26.7;   10.9;    6.9;eor
        150;20190705;-999;-999;-999;    3;   0.0;   0;    8.300;-999;  -999;  10.7;    -999;   21.6;   44.29;   30.4;   13.1;   10.0;eor
        150;20190706;-999;-999;-999;    3;   0.8;   4;   11.033;-999;  -999;  11.3;    -999;   23.6;   42.92;   32.6;   13.6;   11.0;eor
        150;20190707;-999;-999;-999;    3;   1.0;   4;    3.050;-999;  -999;  12.6;    -999;   17.1;   65.33;   21.8;   11.6;    9.1;eor
        150;20190708;-999;-999;-999;    3;   0.0;   0;   10.983;-999;  -999;   9.6;    -999;   15.3;   57.38;   21.9;    9.7;    7.1;eor
        150;20190709;-999;-999;-999;    3;   0.0;   0;    8.533;-999;  -999;   9.1;    -999;   14.4;   57.96;   20.2;    8.2;    5.7;eor
        150;20190710;-999;-999;-999;    3;   0.0;   0;   13.933;-999;  -999;   8.4;    -999;   17.2;   47.29;   25.8;    6.8;    4.3;eor
        150;20190711;-999;-999;-999;    3;   3.1;   4;    0.517;-999;  -999;  14.4;    -999;   17.4;   72.38;   20.1;   14.8;   12.5;eor
        150;20190712;-999;-999;-999;    3;  15.1;   4;    2.733;-999;  -999;  17.2;    -999;   16.8;   90.38;   22.0;   13.4;   12.3;eor
        150;20190713;-999;-999;-999;    3;   0.9;   4;    6.017;-999;  -999;  15.4;    -999;   17.4;   78.25;   23.2;   13.4;   11.8;eor
        150;20190714;-999;-999;-999;    3;   1.1;   4;    0.983;-999;  -999;  13.9;    -999;   16.5;   74.88;   20.6;   13.9;   13.4;eor
        150;20190715;-999;-999;-999;    3;   0.0;   0;    4.017;-999;  -999;  12.5;    -999;   16.3;   68.38;   21.3;   10.2;    8.1;eor
        150;20190716;-999;-999;-999;    3;   0.0;   0;   12.750;-999;  -999;  12.0;    -999;   16.7;   65.88;   24.4;    8.2;    6.4;eor
        150;20190717;-999;-999;-999;    3;   0.0;   0;   13.117;-999;  -999;  13.2;    -999;   18.5;   65.21;   25.8;   11.1;    9.2;eor
        150;20190718;-999;-999;-999;    3;   0.6;   4;    7.717;-999;  -999;  13.8;    -999;   20.1;   62.54;   29.1;   11.6;   10.1;eor
        150;20190719;-999;-999;-999;    3;   0.5;   4;    4.133;-999;  -999;  16.4;    -999;   20.6;   69.50;   26.4;   16.6;   14.1;eor
        150;20190720;-999;-999;-999;    3;   0.0;   0;   10.233;-999;  -999;  16.3;    -999;   24.0;   58.00;   32.4;   14.6;   13.0;eor
        150;20190721;-999;-999;-999;    3;   0.0;   0;    8.367;-999;  -999;  14.9;    -999;   22.7;   57.04;   29.3;   15.8;   13.8;eor
        150;20190722;-999;-999;-999;    3;   0.0;   0;   13.650;-999;  -999;  13.8;    -999;   23.0;   53.63;   31.6;   14.1;   11.7;eor
        150;20190723;-999;-999;-999;    3;   0.0;   0;   13.983;-999;  -999;  14.8;    -999;   25.5;   49.29;   34.2;   15.3;   13.2;eor
        150;20190724;-999;-999;-999;    3;   0.0;   0;   13.933;-999;  -999;  15.1;    -999;   27.8;   44.46;   37.6;   17.3;   14.9;eor
        150;20190725;-999;-999;-999;    3;   0.0;   0;   13.567;-999;  -999;  14.9;    -999;   29.3;   40.83;   38.4;   18.8;   16.6;eor
        150;20190726;-999;-999;-999;    3;   0.0;   0;    9.633;-999;  -999;  15.9;    -999;   28.6;   42.50;   37.3;   19.6;   17.1;eor
        150;20190727;-999;-999;-999;    3;   1.3;   4;    2.200;-999;  -999;  21.0;    -999;   21.8;   80.92;   26.0;   18.3;   18.2;eor
        150;20190728;-999;-999;-999;    3;   6.7;   4;    0.600;-999;  -999;  20.4;    -999;   19.8;   88.13;   25.5;   17.4;   17.1;eor
        150;20190729;-999;-999;-999;    3;   0.0;   0;   11.250;-999;  -999;  16.4;    -999;   21.3;   67.42;   27.4;   16.6;   16.0;eor
        150;20190730;-999;-999;-999;    3;   0.0;   0;    7.800;-999;  -999;  16.2;    -999;   22.7;   62.46;   30.8;   15.7;   14.5;eor
        150;20190731;-999;-999;-999;    3;   0.0;   0;    8.867;-999;  -999;  13.2;    -999;   20.6;   55.92;   25.8;   13.6;   11.2;eor
        150;20190801;-999;-999;-999;    3;   0.0;   0;    9.467;-999;  -999;  12.5;    -999;   19.5;   57.42;   25.7;   11.8;   10.0;eor
        150;20190802;-999;-999;-999;    3;  11.2;   4;    5.400;-999;  -999;  15.9;    -999;   18.8;   74.75;   25.8;   14.1;   12.4;eor
        150;20190803;-999;-999;-999;    3;   0.0;   0;    7.133;-999;  -999;  15.2;    -999;   19.4;   68.75;   25.0;   14.1;   12.2;eor
        150;20190804;-999;-999;-999;    3;   0.4;   4;   12.450;-999;  -999;  14.4;    -999;   20.7;   62.08;   27.4;   12.4;   10.8;eor
        150;20190805;-999;-999;-999;    3;   0.9;   4;    3.617;-999;  -999;  15.4;    -999;   22.5;   58.29;   29.3;   17.3;   16.1;eor
        150;20190806;-999;-999;-999;    3;   9.8;   4;    1.550;-999;  -999;  18.2;    -999;   20.4;   76.25;   26.1;   15.4;   14.6;eor
        150;20190807;-999;-999;-999;    3;   8.3;   4;    2.450;-999;  -999;  18.2;    -999;   18.5;   85.92;   22.2;   14.9;   13.9;eor
        150;20190808;-999;-999;-999;    3;   0.0;   0;    9.233;-999;  -999;  16.2;    -999;   20.2;   71.42;   27.0;   14.3;   12.7;eor
        150;20190809;-999;-999;-999;    3;  18.6;   4;    3.667;-999;  -999;  19.7;    -999;   21.5;   77.58;   29.7;   14.3;   12.8;eor
        150;20190810;-999;-999;-999;    3;   0.0;   0;    3.583;-999;  -999;  17.0;    -999;   20.6;   71.46;   26.0;   15.0;   12.4;eor
        150;20190811;-999;-999;-999;    3;   0.9;   4;    7.017;-999;  -999;  13.9;    -999;   18.6;   66.92;   25.8;   12.9;   11.1;eor
        150;20190812;-999;-999;-999;    3;   0.1;   4;    7.133;-999;  -999;  14.4;    -999;   16.5;   77.46;   22.8;   12.2;   10.2;eor
        150;20190813;-999;-999;-999;    3;   0.0;   0;    9.033;-999;  -999;  11.8;    -999;   15.9;   67.54;   21.5;   10.9;    8.5;eor
        150;20190814;-999;-999;-999;    3;   0.3;   4;    7.283;-999;  -999;  12.4;    -999;   16.9;   65.92;   23.3;   11.5;    9.5;eor
        150;20190815;-999;-999;-999;    3;   0.3;   4;    2.367;-999;  -999;  14.8;    -999;   17.9;   72.38;   23.7;   14.9;   12.1;eor
        150;20190816;-999;-999;-999;    3;   0.0;   0;   10.700;-999;  -999;  13.7;    -999;   18.2;   67.67;   24.4;   11.7;    9.3;eor
        150;20190817;-999;-999;-999;    3;   2.8;   4;    0.000;-999;  -999;  16.5;    -999;   18.2;   79.29;   22.0;   16.0;   14.5;eor
        150;20190818;-999;-999;-999;    3;   3.4;   4;    6.583;-999;  -999;  19.6;    -999;   21.5;   79.00;   29.1;   16.5;   15.8;eor
        150;20190819;-999;-999;-999;    3;   0.0;   0;    7.867;-999;  -999;  14.4;    -999;   19.0;   68.29;   24.9;   14.4;   11.9;eor
        150;20190820;-999;-999;-999;    3;   0.0;   0;    0.000;-999;  -999;  12.7;    -999;   15.9;   71.13;   20.3;   11.4;    9.3;eor
        150;20190821;-999;-999;-999;    3;   0.0;   0;   12.567;-999;  -999;  12.3;    -999;   16.4;   68.96;   23.7;    9.3;    7.3;eor
        150;20190822;-999;-999;-999;    3;   0.0;   0;   12.567;-999;  -999;  12.0;    -999;   17.8;   62.88;   26.1;    9.6;    7.2;eor
        150;20190823;-999;-999;-999;    3;   0.0;   0;   12.650;-999;  -999;  12.2;    -999;   19.2;   59.04;   27.8;    9.8;    7.6;eor
        150;20190824;-999;-999;-999;    3;   0.0;   0;   12.617;-999;  -999;  14.0;    -999;   20.7;   59.42;   28.8;   11.9;    9.1;eor
        150;20190825;-999;-999;-999;    3;   0.0;   0;   11.450;-999;  -999;  16.0;    -999;   22.8;   59.58;   30.7;   15.4;   13.0;eor
        150;20190826;-999;-999;-999;    3;   0.0;   0;   12.233;-999;  -999;  17.0;    -999;   23.7;   59.96;   32.0;   15.4;   13.5;eor
        150;20190827;-999;-999;-999;    3;   0.0;   0;   11.783;-999;  -999;  17.5;    -999;   24.5;   59.96;   31.7;   15.9;   14.1;eor
        150;20190828;-999;-999;-999;    3;   0.0;   0;    8.650;-999;  -999;  16.2;    -999;   25.3;   52.67;   33.4;   18.8;   16.3;eor
        150;20190829;-999;-999;-999;    3;   0.1;   4;    8.267;-999;  -999;  17.7;    -999;   23.8;   61.04;   30.5;   18.3;   15.4;eor
        150;20190830;-999;-999;-999;    3;   0.0;   0;   12.067;-999;  -999;  16.2;    -999;   22.4;   62.17;   29.5;   15.8;   13.0;eor
        150;20190831;-999;-999;-999;    3;   6.3;   4;   12.000;-999;  -999;  16.4;    -999;   23.6;   59.71;   32.1;   14.9;   12.7;eor
        150;20190901;-999;-999;-999;    3;   0.0;   0;    3.583;-999;  -999;  16.1;    -999;   18.6;   75.83;   22.6;   12.5;    9.7;eor
        150;20190902;-999;-999;-999;    3;   0.0;   0;   10.800;-999;  -999;  10.1;    -999;   15.7;   59.58;   22.3;    9.7;    7.5;eor
        150;20190903;-999;-999;-999;    3;   0.0;   0;   12.200;-999;  -999;  10.0;    -999;   17.2;   55.38;   25.8;    8.0;    5.7;eor
        150;20190904;-999;-999;-999;    3;   0.0;   4;   12.083;-999;  -999;  12.3;    -999;   18.9;   60.08;   26.7;    9.6;    7.4;eor
        150;20190905;-999;-999;-999;    3;   0.0;   0;    5.017;-999;  -999;  11.4;    -999;   15.7;   65.17;   21.5;   10.5;    7.4;eor
        150;20190906;-999;-999;-999;    3;   0.7;   4;   11.333;-999;  -999;   9.5;    -999;   13.6;   64.08;   20.7;    6.1;    4.0;eor
        150;20190907;-999;-999;-999;    3;  13.4;   4;    0.000;-999;  -999;  12.3;    -999;   12.7;   83.42;   14.9;   11.3;    8.2;eor
        150;20190908;-999;-999;-999;    3;   2.8;   4;    0.000;-999;  -999;  13.3;    -999;   12.4;   92.67;   14.4;   11.3;   11.1;eor
        150;20190909;-999;-999;-999;    3;   0.1;   4;    2.733;-999;  -999;  12.0;    -999;   12.6;   83.38;   17.3;    7.7;    6.1;eor
        150;20190910;-999;-999;-999;    3;   0.0;   0;   11.300;-999;  -999;  10.5;    -999;   12.5;   75.83;   20.1;    5.5;    3.8;eor
        150;20190911;-999;-999;-999;    3;   0.0;   0;    7.717;-999;  -999;  10.9;    -999;   15.0;   66.58;   22.9;    5.9;    4.1;eor
        150;20190912;-999;-999;-999;    3;   0.1;   4;    4.400;-999;  -999;  15.6;    -999;   18.6;   72.75;   24.0;   15.2;   12.1;eor
        150;20190913;-999;-999;-999;    3;   0.0;   0;    2.950;-999;  -999;  16.0;    -999;   17.8;   79.08;   22.8;   12.3;   10.1;eor
        150;20190914;-999;-999;-999;    3;   0.0;   0;   11.233;-999;  -999;  13.4;    -999;   16.5;   73.00;   23.0;   11.5;    8.7;eor
        150;20190915;-999;-999;-999;    3;   0.0;   0;   11.583;-999;  -999;  12.4;    -999;   18.3;   62.25;   27.9;    8.7;    6.8;eor
        150;20190916;-999;-999;-999;    3;   0.0;   0;    3.383;-999;  -999;  12.2;    -999;   17.8;   62.13;   26.0;   10.0;    7.2;eor
        150;20190917;-999;-999;-999;    3;   0.0;   0;    8.083;-999;  -999;  11.1;    -999;   15.7;   62.96;   21.0;   10.1;    7.0;eor
        150;20190918;-999;-999;-999;    3;   0.0;   0;   11.150;-999;  -999;   8.2;    -999;   11.6;   62.46;   17.8;    4.9;    2.1;eor
        150;20190919;-999;-999;-999;    3;   0.0;   0;   10.883;-999;  -999;   7.6;    -999;   10.5;   62.38;   16.8;    4.7;    1.7;eor
        150;20190920;-999;-999;-999;    3;   0.0;   0;   11.167;-999;  -999;   7.4;    -999;   11.3;   57.33;   18.5;    5.0;    1.4;eor
        150;20190921;-999;-999;-999;    3;   0.0;   0;   11.350;-999;  -999;   8.0;    -999;   13.4;   56.13;   23.8;    3.1;    0.7;eor
        150;20190922;-999;-999;-999;    3;   9.7;   4;    6.300;-999;  -999;  10.9;    -999;   15.3;   63.79;   22.9;    6.6;    4.1;eor
        150;20190923;-999;-999;-999;    3;   0.4;   4;    5.250;-999;  -999;  14.6;    -999;   15.3;   84.46;   20.8;   10.4;    8.0;eor
        150;20190924;-999;-999;-999;    3;   5.0;   4;    3.850;-999;  -999;  13.8;    -999;   13.6;   88.42;   18.2;    8.8;    6.4;eor
        150;20190925;-999;-999;-999;    3;   2.2;   4;    3.433;-999;  -999;  14.8;    -999;   14.9;   87.79;   19.8;   12.0;    9.6;eor
        150;20190926;-999;-999;-999;    3;   0.3;   4;    0.000;-999;  -999;  16.3;    -999;   15.9;   89.88;   18.5;   13.3;   12.1;eor
        150;20190927;-999;-999;-999;    3;   4.9;   4;    1.417;-999;  -999;  15.2;    -999;   14.8;   90.08;   16.9;   12.1;    9.6;eor
        150;20190928;-999;-999;-999;    3;   0.0;   0;    4.433;-999;  -999;  13.5;    -999;   15.2;   78.42;   18.7;   12.2;    9.2;eor
        150;20190929;-999;-999;-999;    3;   4.9;   4;    3.433;-999;  -999;  14.0;    -999;   15.9;   77.88;   20.8;   11.1;   10.1;eor
        150;20190930;-999;-999;-999;    3;   0.2;   4;    3.650;-999;  -999;  12.6;    -999;   14.7;   75.75;   19.4;   10.7;    8.0;eor
        150;20191001;-999;-999;-999;    3;   8.5;   4;    1.200;   0;  -999;  15.0;    -999;   15.0;   87.58;   20.2;   10.6;    8.0;eor
        150;20191002;-999;-999;-999;    3;   1.8;   4;    2.433;   0;  -999;  11.1;    -999;   11.7;   80.04;   15.0;    5.9;    3.8;eor
        150;20191003;-999;-999;-999;    3;   0.0;   0;    3.883;   0;  -999;   9.5;    -999;    8.9;   83.63;   13.5;    5.3;    2.9;eor
        150;20191004;-999;-999;-999;    3;   4.5;   4;    0.550;   0;  -999;  11.3;    -999;    9.9;   91.29;   14.1;    6.7;    5.6;eor
        150;20191005;-999;-999;-999;    3;   0.0;   0;    1.550;   0;  -999;  10.4;    -999;   10.4;   82.08;   12.2;    6.9;    4.2;eor
        150;20191006;-999;-999;-999;    3;  17.4;   4;    0.000;   0;  -999;  10.6;    -999;    8.1;   97.38;    9.5;    6.5;    4.3;eor
        150;20191007;-999;-999;-999;    3;   0.3;   4;    0.217;   0;  -999;  11.4;    -999;    9.8;   94.46;   12.0;    7.5;    7.6;eor
        150;20191008;-999;-999;-999;    3;   6.1;   4;    0.333;   0;  -999;  13.4;    -999;   12.4;   92.67;   15.4;    9.4;    6.2;eor
        150;20191009;-999;-999;-999;    3;  11.1;   4;    1.217;   0;  -999;  11.9;    -999;   10.9;   90.88;   13.8;    8.6;    6.0;eor
        150;20191010;-999;-999;-999;    3;   0.0;   0;    6.433;   0;  -999;  11.0;    -999;   11.1;   83.46;   16.0;    8.1;    5.0;eor
        150;20191011;-999;-999;-999;    3;   0.0;   0;    3.067;   0;  -999;  12.6;    -999;   12.9;   85.04;   18.7;    8.3;    5.2;eor
        150;20191012;-999;-999;-999;    3;   0.0;   0;    5.650;   0;  -999;  14.1;    -999;   15.9;   78.63;   22.2;    9.5;    5.8;eor
        150;20191013;-999;-999;-999;    3;   0.0;   0;    6.883;   0;  -999;  16.3;    -999;   18.2;   78.96;   25.0;   13.3;    9.5;eor
        150;20191014;-999;-999;-999;    3;   0.0;   0;    9.667;   0;  -999;  14.9;    -999;   17.2;   76.42;   23.1;   12.7;    9.2;eor
        150;20191015;-999;-999;-999;    3;   2.8;   4;    1.417;   0;  -999;  14.5;    -999;   14.8;   86.50;   20.9;   11.5;    9.5;eor
        150;20191016;-999;-999;-999;    3;   0.0;   4;    0.483;   0;  -999;  12.1;    -999;   12.8;   81.96;   16.1;   10.5;    8.3;eor
        150;20191017;-999;-999;-999;    3;   5.7;   4;    2.283;   0;  -999;  14.0;    -999;   14.2;   85.79;   17.4;   11.8;   10.9;eor
        150;20191018;-999;-999;-999;    3;   0.4;   4;    3.300;   0;  -999;  12.8;    -999;   13.0;   84.63;   17.5;    9.2;    6.3;eor
        150;20191019;-999;-999;-999;    3;   5.7;   4;    0.283;   0;  -999;  13.5;    -999;   12.6;   91.96;   15.9;    9.3;    7.8;eor
        150;20191020;-999;-999;-999;    3;   2.2;   4;    0.633;   0;  -999;  15.2;    -999;   14.1;   94.04;   17.0;   12.4;   11.6;eor
        150;20191021;-999;-999;-999;    3;   0.2;   4;    1.333;   0;  -999;  14.3;    -999;   14.4;   87.50;   18.2;   10.4;    9.1;eor
        150;20191022;-999;-999;-999;    3;   0.0;   4;    4.600;   0;  -999;  12.0;    -999;   11.9;   86.75;   16.7;    9.0;    6.7;eor
        150;20191023;-999;-999;-999;    3;   0.0;   0;    0.000;   0;  -999;  12.6;    -999;   10.9;   96.17;   13.4;    8.4;    5.7;eor
        150;20191024;-999;-999;-999;    3;   0.0;   0;    4.417;   0;  -999;  13.5;    -999;   14.1;   85.04;   21.3;    9.4;    8.0;eor
        150;20191025;-999;-999;-999;    3;   0.0;   0;    4.400;   0;  -999;  12.4;    -999;   12.6;   85.17;   17.1;    9.0;    5.6;eor
        150;20191026;-999;-999;-999;    3;   0.0;   0;    8.517;   0;  -999;  12.7;    -999;   12.7;   86.17;   17.9;    8.2;    4.3;eor
        150;20191027;-999;-999;-999;    3;   2.4;   4;    0.750;   0;  -999;  11.4;    -999;   10.8;   87.83;   15.6;    5.9;    4.3;eor
        150;20191028;-999;-999;-999;    3;   0.0;   0;    2.400;   0;  -999;   8.4;    -999;    4.8;   97.50;    7.7;    1.6;   -0.7;eor
        150;20191029;-999;-999;-999;    3;   0.0;   0;    0.000;   0;  -999;   8.6;    -999;    5.9;   92.92;    9.2;    3.3;   -0.1;eor
        150;20191030;-999;-999;-999;    3;   0.0;   0;    3.717;   0;  -999;   7.1;    -999;    4.5;   84.04;    7.9;    1.3;   -1.3;eor
        150;20191031;-999;-999;-999;    3;   0.0;   0;    8.583;   0;  -999;   6.2;    -999;    3.2;   81.54;    8.8;   -0.5;   -3.6;eor
        150;20191101;-999;-999;-999;    3;   4.4;   4;    0.000;   0;  -999;   9.5;    -999;    6.2;   96.79;   12.3;    1.0;    0.0;eor
        150;20191102;-999;-999;-999;    3;   2.6;   4;    0.533;   0;  -999;  13.3;    -999;   13.3;   87.25;   16.6;   10.0;    8.7;eor
        150;20191103;-999;-999;-999;    3;   1.5;   4;    0.467;   0;  -999;  12.5;    -999;   11.4;   92.63;   13.9;    9.7;    8.6;eor
        150;20191104;-999;-999;-999;    3;  11.8;   4;    1.567;   0;  -999;  11.1;    -999;    9.9;   91.21;   13.3;    8.3;    5.8;eor
        150;20191105;-999;-999;-999;    3;   2.3;   4;    4.317;   0;  -999;   9.7;    -999;    8.9;   85.67;   12.2;    5.4;    1.8;eor
        150;20191106;-999;-999;-999;    3;   1.1;   4;    0.717;   0;  -999;  10.0;    -999;    8.5;   90.33;   11.6;    6.0;    4.0;eor
        150;20191107;-999;-999;-999;    3;   1.4;   4;    0.750;   0;  -999;   9.3;    -999;    7.3;   90.88;    9.4;    4.3;    1.4;eor
        150;20191108;-999;-999;-999;    3;   2.2;   4;    0.000;   0;  -999;   8.4;    -999;    5.0;   95.79;    7.4;    2.9;    0.9;eor
        150;20191109;-999;-999;-999;    3;   0.5;   4;    5.550;   0;  -999;   7.9;    -999;    5.3;   88.96;    8.4;    0.0;   -2.1;eor
        150;20191110;-999;-999;-999;    3;   0.0;   0;    0.000;   0;  -999;   6.9;    -999;    1.6;   99.83;    3.1;   -0.9;   -2.8;eor
        150;20191111;-999;-999;-999;    3;   0.4;   4;    0.000;   0;  -999;   7.1;    -999;    2.3;   98.88;    4.2;    1.3;    0.2;eor
        150;20191112;-999;-999;-999;    3;   1.1;   4;    1.783;   0;  -999;   7.5;    -999;    4.7;   88.25;    8.5;    1.4;   -1.8;eor
        150;20191113;-999;-999;-999;    3;   0.0;   0;    0.417;   0;  -999;   7.1;    -999;    3.5;   90.71;    5.1;    0.2;   -2.3;eor
        150;20191114;-999;-999;-999;    3;   0.0;   0;    3.267;   0;  -999;   6.9;    -999;    3.7;   87.04;    7.1;    0.5;   -2.1;eor
        150;20191115;-999;-999;-999;    3;   0.0;   0;    0.467;   0;  -999;   6.8;    -999;    3.3;   88.08;    5.8;    1.6;    0.1;eor
        150;20191116;-999;-999;-999;    3;   0.0;   0;    2.317;   0;  -999;   7.0;    -999;    2.8;   93.25;    8.3;   -0.6;   -3.0;eor
        150;20191117;-999;-999;-999;    3;   9.4;   4;    0.000;   0;  -999;   7.9;    -999;    3.7;   98.75;    5.7;   -0.3;   -0.4;eor
        150;20191118;-999;-999;-999;    3;   1.2;   4;    0.000;   0;  -999;   7.5;    -999;    3.6;   95.29;    4.5;    2.5;    1.7;eor
        150;20191119;-999;-999;-999;    3;   0.0;   4;    1.450;   0;  -999;   7.2;    -999;    3.9;   89.33;    7.2;   -0.3;   -3.2;eor
        150;20191120;-999;-999;-999;    3;   0.0;   0;    1.200;   0;  -999;   6.3;    -999;    1.1;   95.17;    4.7;   -0.7;   -3.2;eor
        150;20191121;-999;-999;-999;    3;   0.0;   0;    0.000;   0;  -999;   6.5;    -999;    0.9;   99.08;    2.7;   -0.7;   -3.0;eor
        150;20191122;-999;-999;-999;    3;   0.0;   0;    0.000;   0;  -999;   7.2;    -999;    2.4;   98.50;    4.2;   -0.3;   -1.3;eor
        150;20191123;-999;-999;-999;    3;   0.0;   0;    2.983;   0;  -999;   7.9;    -999;    5.3;   88.42;    9.2;    0.7;   -2.0;eor
        150;20191124;-999;-999;-999;    3;   0.0;   0;    2.733;   0;  -999;   8.0;    -999;    4.7;   93.50;    8.8;    1.3;   -0.7;eor
        150;20191125;-999;-999;-999;    3;   0.5;   4;    0.000;   0;  -999;   8.0;    -999;    3.6;   99.79;    5.5;    0.7;   -1.4;eor
        150;20191126;-999;-999;-999;    3;   1.4;   4;    0.200;   0;  -999;  10.2;    -999;    7.4;   98.13;    9.8;    4.5;    3.9;eor
        150;20191127;-999;-999;-999;    3;   2.4;   4;    0.017;   0;  -999;  10.2;    -999;    9.2;   88.29;   12.3;    6.5;    4.1;eor
        150;20191128;-999;-999;-999;    3;   0.9;   4;    1.850;   0;  -999;   9.9;    -999;   10.0;   80.75;   11.7;    8.9;    6.6;eor
        150;20191129;-999;-999;-999;    3;   0.6;   4;    0.400;   0;  -999;   8.0;    -999;    6.2;   83.29;    9.4;    2.7;    0.0;eor
        150;20191130;-999;-999;-999;    3;   0.0;   0;    6.050;   0;  -999;   6.4;    -999;    2.9;   85.00;    6.6;   -0.1;   -3.4;eor
        150;20191201;-999;-999;-999;    3;   0.0;   0;    0.000;   0;  -999;   5.6;    -999;    1.0;   84.96;    2.2;   -0.3;   -3.1;eor
        150;20191202;-999;-999;-999;    3;   0.0;   0;    3.883;   0;  -999;   5.7;    -999;    1.7;   82.83;    5.5;   -2.0;   -5.1;eor
        150;20191203;-999;-999;-999;    3;   0.0;   0;    0.000;   0;  -999;   7.2;    -999;    2.9;   94.67;    5.9;   -0.3;   -2.6;eor
        150;20191204;-999;-999;-999;    3;   0.0;   0;    3.933;   0;  -999;   6.0;    -999;    0.6;   93.58;    4.4;   -2.6;   -5.1;eor
        150;20191205;-999;-999;-999;    3;   0.0;   0;    0.367;   0;  -999;   4.8;    -999;   -3.1;   97.75;   -1.7;   -5.0;   -6.8;eor
        150;20191206;-999;-999;-999;    3;   2.1;   4;    0.000;   0;  -999;   6.6;    -999;    1.5;   94.92;    6.8;   -3.2;   -6.1;eor
        150;20191207;-999;-999;-999;    3;   0.0;   0;    0.600;   0;  -999;   9.2;    -999;    8.0;   85.75;    9.5;    6.5;    3.4;eor
        150;20191208;-999;-999;-999;    3;   1.3;   4;    0.200;   0;  -999;   9.6;    -999;    9.0;   83.46;   10.6;    7.4;    4.7;eor
        150;20191209;-999;-999;-999;    3;   2.3;   4;    0.000;   0;  -999;   8.0;    -999;    6.5;   82.92;    8.0;    4.5;    1.7;eor
        150;20191210;-999;-999;-999;    3;   0.0;   0;    6.000;   0;  -999;   6.2;    -999;    2.8;   83.54;    6.6;    0.2;   -2.7;eor
        150;20191211;-999;-999;-999;    3;   5.6;   4;    0.000;   0;  -999;   6.4;    -999;    1.3;   94.29;    3.7;    0.3;   -0.1;eor
        150;20191212;-999;-999;-999;    3;   0.5;   4;    1.283;   0;  -999;   6.9;    -999;    2.8;   91.96;    5.9;    0.2;   -1.1;eor
        150;20191213;-999;-999;-999;    3;   9.5;   4;    0.100;   1;  -999;   6.9;    -999;    3.0;   91.25;    6.3;    0.1;   -0.2;eor
        150;20191214;-999;-999;-999;    3;   5.7;   4;    2.433;   0;  -999;   7.7;    -999;    6.4;   80.83;    8.3;    3.4;    1.8;eor
        150;20191215;-999;-999;-999;    3;   2.8;   4;    0.000;   0;  -999;   9.4;    -999;    8.0;   87.58;   11.0;    5.7;    3.4;eor
        150;20191216;-999;-999;-999;    3;   0.0;   0;    0.083;   0;  -999;  10.1;    -999;    8.7;   89.71;   11.9;    6.3;    5.1;eor
        150;20191217;-999;-999;-999;    3;   0.2;   4;    2.217;   0;  -999;   9.7;    -999;    9.6;   80.67;   14.3;    7.4;    5.3;eor
        150;20191218;-999;-999;-999;    3;   0.0;   0;    1.550;   0;  -999;  10.0;    -999;    8.6;   88.96;   11.9;    2.6;    0.3;eor
        150;20191219;-999;-999;-999;    3;   0.0;   0;    0.250;   0;  -999;   8.2;    -999;    4.0;   99.88;    7.0;    1.1;   -0.9;eor
        150;20191220;-999;-999;-999;    3;  12.1;   4;    0.000;   0;  -999;   8.3;    -999;    4.5;   97.38;    8.8;    0.6;    0.8;eor
        150;20191221;-999;-999;-999;    3;   0.8;   4;    2.900;   0;  -999;   8.2;    -999;    4.9;   94.46;    8.4;    0.9;   -1.9;eor
        150;20191222;-999;-999;-999;    3;   0.1;   4;    0.267;   0;  -999;   8.7;    -999;    6.7;   89.38;    9.9;    4.1;    2.3;eor
        150;20191223;-999;-999;-999;    3;   0.0;   0;    1.783;   0;  -999;   8.3;    -999;    7.1;   82.04;    9.6;    5.0;    0.8;eor
        150;20191224;-999;-999;-999;    3;   4.0;   4;    0.933;   0;  -999;   8.4;    -999;    7.0;   84.08;   10.0;    4.3;    0.5;eor
        150;20191225;-999;-999;-999;    3;   0.3;   4;    2.250;   0;  -999;   8.4;    -999;    6.7;   85.63;    9.0;    2.8;   -0.7;eor
        150;20191226;-999;-999;-999;    3;   0.5;   4;    1.800;   0;  -999;   7.3;    -999;    3.4;   94.00;    5.5;    0.9;   -2.0;eor
        150;20191227;-999;-999;-999;    3;   0.6;   4;    0.000;   0;  -999;   7.8;    -999;    4.0;   95.25;    5.2;    1.2;   -2.0;eor
        150;20191228;-999;-999;-999;    3;   0.0;   0;    5.317;   0;  -999;   5.4;    -999;    0.1;   87.25;    2.8;   -2.7;   -5.1;eor
        150;20191229;-999;-999;-999;    3;   0.0;   0;    6.883;   0;  -999;   4.7;    -999;   -1.7;   88.21;    1.5;   -4.4;   -7.3;eor
        150;20191230;-999;-999;-999;    3;   0.0;   0;    6.883;   0;  -999;   4.9;    -999;   -1.2;   87.83;    3.9;   -4.4;   -6.3;eor
        150;20191231;-999;-999;-999;    3;   0.0;   0;    0.600;   0;  -999;   5.5;    -999;   -0.7;   93.38;    2.5;   -4.4;   -6.4;eor
        150;20200101;-999;-999;-999;    3;   0.0;   0;    2.700;   0;  -999;   5.4;    -999;   -1.0;   95.46;    1.8;   -4.4;   -6.7;eor
        150;20200102;-999;-999;-999;    3;   0.0;   0;    0.000;   0;  -999;   5.7;    -999;   -0.8;   99.75;    0.6;   -2.7;   -2.5;eor
        150;20200103;-999;-999;-999;    3;   1.8;   4;    0.217;   0;  -999;   8.4;    -999;    5.8;   90.17;    8.5;    0.4;    0.3;eor
        150;20200104;-999;-999;-999;    3;   0.0;   0;    0.317;   0;  -999;   6.9;    -999;    4.1;   83.71;    5.7;    1.9;   -1.7;eor
        150;20200105;-999;-999;-999;    3;   0.0;   0;    0.000;   0;  -999;   7.5;    -999;    4.8;   87.33;    7.1;    0.0;   -3.1;eor
        150;20200106;-999;-999;-999;    3;   0.1;   4;    0.000;   0;  -999;   6.0;    -999;   -0.1;   99.17;    2.2;   -2.3;   -5.1;eor
        150;20200107;-999;-999;-999;    3;   0.0;   0;    4.150;   0;  -999;   7.3;    -999;    4.0;   90.25;    8.7;   -0.8;   -1.7;eor
        150;20200108;-999;-999;-999;    3;   1.0;   4;    0.000;   0;  -999;   9.1;    -999;    6.0;   95.92;    8.3;    2.9;    1.8;eor
        150;20200109;-999;-999;-999;    3;   0.0;   0;    0.117;   0;  -999;  10.8;    -999;   10.0;   88.38;   12.1;    7.1;    6.7;eor
        150;20200110;-999;-999;-999;    3;   0.1;   4;    3.650;   0;  -999;   8.9;    -999;    8.1;   82.17;   10.8;    5.2;    3.6;eor
        150;20200111;-999;-999;-999;    3;   0.0;   0;    2.100;   0;  -999;   6.3;    -999;    3.1;   83.54;    7.0;   -0.1;   -4.3;eor
        150;20200112;-999;-999;-999;    3;   0.0;   0;    0.700;   0;  -999;   6.6;    -999;    3.2;   86.25;    5.8;   -0.5;   -4.4;eor
        150;20200113;-999;-999;-999;    3;   0.0;   4;    0.283;   0;  -999;   8.3;    -999;    5.1;   94.29;    8.0;    3.7;    0.9;eor
        150;20200114;-999;-999;-999;    3;   0.0;   0;    0.083;   0;  -999;   7.7;    -999;    8.3;   70.75;   10.6;    4.5;    3.2;eor
        150;20200115;-999;-999;-999;    3;   0.0;   0;    6.717;   0;  -999;   8.4;    -999;   10.4;   67.25;   13.6;    6.5;    0.5;eor
        150;20200116;-999;-999;-999;    3;   0.0;   0;    7.033;   0;  -999;   9.2;    -999;    9.2;   78.96;   13.2;    5.1;    0.1;eor
        150;20200117;-999;-999;-999;    3;   0.6;   4;    1.017;   0;  -999;   8.2;    -999;    5.9;   87.67;   10.0;    2.0;   -1.9;eor
        150;20200118;-999;-999;-999;    3;   0.0;   0;    2.500;   0;  -999;   6.6;    -999;    3.5;   84.71;    6.0;    0.0;   -3.3;eor
        150;20200119;-999;-999;-999;    3;   0.0;   4;    1.717;   0;  -999;   6.4;    -999;    2.7;   85.83;    5.7;   -0.3;   -2.9;eor
        150;20200120;-999;-999;-999;    3;   0.0;   0;    7.100;   0;  -999;   5.9;    -999;    1.9;   84.58;    5.6;   -2.1;   -5.7;eor
        150;20200121;-999;-999;-999;    3;   0.0;   0;    7.517;   0;  -999;   5.0;    -999;   -0.7;   86.38;    3.9;   -4.1;   -7.3;eor
        150;20200122;-999;-999;-999;    3;   0.0;   0;    0.000;   0;  -999;   4.7;    -999;   -3.2;   97.42;   -1.3;   -5.7;   -8.8;eor
        150;20200123;-999;-999;-999;    3;   0.0;   0;    0.500;   0;  -999;   5.7;    -999;   -0.2;   95.13;    1.5;   -1.4;   -3.4;eor
        150;20200124;-999;-999;-999;    3;   0.0;   0;    0.000;   0;  -999;   5.7;    -999;   -0.3;   94.67;    0.3;   -1.1;   -1.1;eor
        150;20200125;-999;-999;-999;    3;   0.0;   0;    0.000;   0;  -999;   6.4;    -999;    0.6;   99.50;    2.2;   -0.7;   -0.6;eor
        150;20200126;-999;-999;-999;    3;   0.0;   0;    0.000;   0;  -999;   6.5;    -999;    0.7;  100.00;    2.1;   -0.5;   -0.3;eor
        150;20200127;-999;-999;-999;    3;   1.8;   4;    0.033;   0;  -999;   7.9;    -999;    4.7;   92.38;    8.5;   -0.2;   -1.0;eor
        150;20200128;-999;-999;-999;    3;   5.9;   4;    1.917;   0;  -999;   7.2;    -999;    4.6;   83.83;    7.2;    1.4;   -1.9;eor
        150;20200129;-999;-999;-999;    3;   1.1;   4;    3.700;   0;  -999;   6.3;    -999;    3.6;   79.38;    7.1;    1.7;   -2.1;eor
        150;20200130;-999;-999;-999;    3;   0.1;   4;    2.183;   0;  -999;   8.4;    -999;    6.4;   86.13;   10.9;    1.7;   -1.5;eor
        150;20200131;-999;-999;-999;    3;   0.0;   0;    1.250;   0;  -999;  11.8;    -999;   11.9;   84.29;   13.9;   10.7;    7.5;eor
        150;20200201;-999;-999;-999;    3;  12.7;   4;    0.000;   0;  -999;  11.4;    -999;   10.9;   87.00;   12.2;    6.7;    4.2;eor
        150;20200202;-999;-999;-999;    3;   3.3;   4;    0.000;   0;  -999;  10.5;    -999;   10.4;   82.21;   14.2;    6.3;    3.2;eor
        150;20200203;-999;-999;-999;    3;  24.6;   4;    0.550;   0;  -999;   9.8;    -999;    9.6;   82.75;   11.8;    6.4;    6.2;eor
        150;20200204;-999;-999;-999;    3;   0.0;   0;    4.817;   0;  -999;   6.9;    -999;    4.7;   80.33;    6.8;    3.5;    1.0;eor
        150;20200205;-999;-999;-999;    3;   0.0;   0;    8.367;   0;  -999;   5.9;    -999;    3.7;   73.96;    7.4;   -0.8;   -4.6;eor
        150;20200206;-999;-999;-999;    3;   0.0;   0;    7.050;   0;  -999;   5.5;    -999;    0.7;   84.71;    5.7;   -2.6;   -5.7;eor
        150;20200207;-999;-999;-999;    3;   0.0;   0;    7.617;   0;  -999;   5.5;    -999;    0.4;   86.75;    6.0;   -4.0;   -7.1;eor
        150;20200208;-999;-999;-999;    3;   0.0;   0;    1.617;   0;  -999;   6.0;    -999;    1.7;   87.17;    4.5;   -2.0;   -4.8;eor
        150;20200209;-999;-999;-999;    3;  13.9;   4;    2.233;   0;  -999;   8.3;    -999;    8.9;   73.13;   12.9;    1.5;   -0.8;eor
        150;20200210;-999;-999;-999;    3;   5.6;   4;    3.850;   0;  -999;   8.2;    -999;    8.4;   74.00;   12.0;    4.9;    3.5;eor
        150;20200211;-999;-999;-999;    3;   2.0;   4;    5.033;   0;  -999;   5.9;    -999;    5.1;   67.71;    8.1;    2.0;    0.8;eor
        150;20200212;-999;-999;-999;    3;   3.6;   4;    2.633;   0;  -999;   6.4;    -999;    3.1;   83.08;    6.2;    0.8;   -2.0;eor
        150;20200213;-999;-999;-999;    3;   3.8;   4;    0.067;   0;  -999;   7.1;    -999;    3.2;   91.71;    6.9;    0.2;   -2.8;eor
        150;20200214;-999;-999;-999;    3;   0.0;   0;    0.600;   0;  -999;   7.8;    -999;    6.4;   81.29;    8.6;    4.0;    0.5;eor
        150;20200215;-999;-999;-999;    3;   0.0;   0;    7.583;   0;  -999;   8.2;    -999;    7.1;   81.83;   11.8;    2.6;   -1.1;eor
        150;20200216;-999;-999;-999;    3;   1.3;   4;    3.417;   0;  -999;   8.9;    -999;   13.5;   58.17;   17.6;    9.1;    6.8;eor
        150;20200217;-999;-999;-999;    3;   0.2;   4;    0.000;   0;  -999;   8.8;    -999;    8.3;   80.54;   14.4;    6.6;    4.2;eor
        150;20200218;-999;-999;-999;    3;   0.2;   4;    4.383;   0;  -999;   7.0;    -999;    6.3;   73.38;    8.7;    4.2;    1.6;eor
        150;20200219;-999;-999;-999;    3;   0.6;   4;    5.517;   0;  -999;   6.5;    -999;    5.4;   72.17;    8.6;    2.3;   -1.9;eor
        150;20200220;-999;-999;-999;    3;   0.9;   4;    0.517;   0;  -999;   7.8;    -999;    7.0;   77.63;   10.8;    4.6;    2.5;eor
        150;20200221;-999;-999;-999;    3;   0.0;   0;    6.200;   0;  -999;   6.2;    -999;    4.7;   72.29;    8.7;    0.9;   -2.6;eor
        150;20200222;-999;-999;-999;    3;   0.0;   4;    2.933;   0;  -999;   7.2;    -999;    7.4;   69.46;   10.5;    2.6;   -1.6;eor
        150;20200223;-999;-999;-999;    3;   2.5;   4;    0.000;   0;  -999;  10.3;    -999;   10.1;   83.29;   12.3;    6.6;    5.4;eor
        150;20200224;-999;-999;-999;    3;   2.3;   4;    0.000;   0;  -999;   9.2;    -999;    8.1;   84.79;   11.7;    5.0;    4.1;eor
        150;20200225;-999;-999;-999;    3;   2.4;   4;    2.600;   0;  -999;   8.8;    -999;    7.6;   83.92;   10.5;    3.3;    0.6;eor
        150;20200226;-999;-999;-999;    3;   0.0;   0;    3.217;   0;  -999;   6.1;    -999;    3.2;   79.50;    5.6;    1.1;   -1.6;eor
        150;20200227;-999;-999;-999;    3;  13.6;   4;    0.000;   0;  -999;   6.3;    -999;    1.8;   90.67;    4.0;    0.0;   -1.1;eor
        150;20200228;-999;-999;-999;    3;   0.1;   4;    8.933;   8;  -999;   5.8;    -999;    3.1;   76.29;    6.8;   -1.6;    0.0;eor
        150;20200229;-999;-999;-999;    3;   6.4;   4;    1.783;   0;  -999;   8.7;    -999;    8.8;   76.83;   15.5;    4.5;    0.3;eor
        150;20200301;-999;-999;-999;    3;   4.2;   4;    4.767;   0;  -999;   7.8;    -999;    7.7;   75.04;   11.8;    3.5;    2.3;eor
        150;20200302;-999;-999;-999;    3;   3.8;   4;    2.483;   0;  -999;   7.7;    -999;    5.4;   86.13;    8.7;    1.4;   -2.7;eor
        150;20200303;-999;-999;-999;    3;   0.1;   4;    4.867;   0;  -999;   6.7;    -999;    4.0;   81.58;    7.7;    0.2;   -3.4;eor
        150;20200304;-999;-999;-999;    3;   0.4;   4;    4.633;   0;  -999;   6.9;    -999;    4.3;   83.46;    9.2;    0.8;   -2.5;eor
        150;20200305;-999;-999;-999;    3;   9.6;   4;    0.000;   0;  -999;   8.4;    -999;    5.2;   94.04;    8.2;    3.2;    2.0;eor
        150;20200306;-999;-999;-999;    3;   0.4;   4;    0.000;   0;  -999;   7.7;    -999;    5.8;   83.25;    8.2;    4.8;    2.1;eor
        150;20200307;-999;-999;-999;    3;   0.0;   0;    4.950;   0;  -999;   6.5;    -999;    5.2;   74.33;    9.3;    2.0;   -2.4;eor
        150;20200308;-999;-999;-999;    3;   0.6;   4;    3.000;   0;  -999;   7.9;    -999;    8.0;   73.29;   12.8;    4.0;    2.2;eor
        150;20200309;-999;-999;-999;    3;   2.5;   4;    6.967;   0;  -999;   7.9;    -999;    7.3;   77.50;   11.6;    3.3;   -2.4;eor
        150;20200310;-999;-999;-999;    3;   0.9;   4;    0.067;   0;  -999;   9.7;    -999;    8.1;   87.88;   12.9;    4.6;    1.6;eor
        150;20200311;-999;-999;-999;    3;   0.0;   0;    1.917;   0;  -999;  12.2;    -999;   13.3;   79.50;   15.6;   11.5;    7.6;eor
        150;20200312;-999;-999;-999;    3;   0.2;   4;    2.083;   0;  -999;   9.4;    -999;   10.7;   72.63;   13.2;    6.1;    1.1;eor
        150;20200313;-999;-999;-999;    3;   0.0;   0;    4.533;   0;  -999;   6.6;    -999;    6.6;   67.67;   10.2;    2.5;   -2.0;eor
        150;20200314;-999;-999;-999;    3;   0.0;   4;    1.767;   0;  -999;   6.8;    -999;    5.0;   79.21;   10.1;    1.0;   -2.4;eor
        150;20200315;-999;-999;-999;    3;   0.0;   0;   10.850;   0;  -999;   7.0;    -999;    8.0;   66.75;   14.0;    3.0;    0.0;eor
        150;20200316;-999;-999;-999;    3;   0.0;   0;   10.517;   0;  -999;   8.3;    -999;   10.9;   64.13;   18.2;    3.1;   -1.2;eor
        150;20200317;-999;-999;-999;    3;   0.0;   0;    3.567;   0;  -999;  10.4;    -999;   11.5;   76.50;   16.2;    7.4;    1.9;eor
        150;20200318;-999;-999;-999;    3;   0.0;   0;    4.717;   0;  -999;   9.7;    -999;   10.6;   76.54;   16.2;    4.4;    0.0;eor
        150;20200319;-999;-999;-999;    3;   0.0;   0;   11.033;   0;  -999;   8.8;    -999;   10.8;   69.54;   17.2;    3.2;   -0.7;eor
        150;20200320;-999;-999;-999;    3;   2.9;   4;    4.383;   0;  -999;   9.5;    -999;   11.2;   72.38;   17.1;    6.6;    1.9;eor
        150;20200321;-999;-999;-999;    3;   4.8;   4;    0.000;   0;  -999;   6.8;    -999;    4.6;   80.46;    6.5;    1.2;   -0.8;eor
        150;20200322;-999;-999;-999;    3;   0.0;   0;   11.567;   0;  -999;   4.0;    -999;    3.3;   53.46;    8.3;   -0.9;   -3.2;eor
        150;20200323;-999;-999;-999;    3;   0.0;   0;   11.650;   0;  -999;   3.1;    -999;    2.6;   43.08;    8.1;   -1.4;   -6.8;eor
        150;20200324;-999;-999;-999;    3;   0.0;   0;   11.650;   0;  -999;   3.1;    -999;    2.6;   43.54;    8.9;   -3.9;   -8.5;eor
        150;20200325;-999;-999;-999;    3;   0.0;   0;   11.633;   0;  -999;   2.9;    -999;    3.5;   38.79;    9.1;   -2.5;   -7.8;eor
        150;20200326;-999;-999;-999;    3;   0.0;   0;    9.500;   0;  -999;   4.3;    -999;    4.3;   51.17;    9.8;   -1.5;   -5.7;eor
        150;20200327;-999;-999;-999;    3;   0.0;   0;   11.433;   0;  -999;   6.1;    -999;    8.7;   55.08;   15.8;    0.6;   -3.5;eor
        150;20200328;-999;-999;-999;    3;   0.0;   0;   11.233;   0;  -999;   6.9;    -999;   11.2;   53.17;   17.6;    4.5;   -1.3;eor
        150;20200329;-999;-999;-999;    1;   0.0;   0;    1.833;   0;  -999;   5.3;    -999;    4.4;   63.79;    6.8;    1.2;   -1.6;eor
        150;20200330;-999;-999;-999;    1;   0.0;   0;   11.950;   0;  -999;   3.4;    -999;    2.4;   48.42;    7.7;   -3.7;   -7.1;eor
        150;20200331;-999;-999;-999;    1;   0.0;   0;    8.200;   0;  -999;   4.7;    -999;    4.5;   56.58;    8.7;   -2.6;   -5.8;eor
        150;20200401;-999;-999;-999;    1;   0.0;   0;   12.083;   0;  -999;   3.7;    -999;    2.8;   51.79;    9.9;   -3.9;   -8.5;eor
        150;20200402;-999;-999;-999;    1;   0.0;   0;   11.833;   0;  -999;   4.7;    -999;    6.1;   52.04;   14.8;   -2.4;   -7.1;eor
        150;20200403;-999;-999;-999;    1;   0.0;   0;    3.067;   0;  -999;   6.3;    -999;    7.4;   61.96;   13.6;    1.1;   -2.6;eor
        150;20200404;-999;-999;-999;    1;   0.0;   0;   12.000;   0;  -999;   5.7;    -999;    7.5;   56.71;   14.1;    0.0;   -4.2;eor
        150;20200405;-999;-999;-999;    1;   0.0;   0;   12.100;   0;  -999;   6.1;    -999;   10.8;   50.38;   18.9;    1.2;   -2.9;eor
        150;20200406;-999;-999;-999;    1;   0.0;   0;   12.133;   0;  -999;   6.5;    -999;   13.7;   44.25;   22.9;    2.5;   -2.2;eor
        150;20200407;-999;-999;-999;    1;   0.0;   0;   12.033;   0;  -999;   8.8;    -999;   15.3;   52.29;   22.3;    7.7;    1.2;eor
        150;20200408;-999;-999;-999;    1;   0.0;   0;   11.950;   0;  -999;   8.7;    -999;   15.1;   54.00;   22.7;    8.4;    1.0;eor
        150;20200409;-999;-999;-999;    1;   0.0;   0;    7.433;   0;  -999;   8.9;    -999;   16.1;   50.33;   23.4;    9.0;    3.1;eor
        150;20200410;-999;-999;-999;    1;   0.0;   0;   12.000;   0;  -999;   9.0;    -999;   15.4;   52.75;   21.9;    8.7;    3.1;eor
        150;20200411;-999;-999;-999;    1;   0.0;   0;   12.233;   0;  -999;   7.4;    -999;   14.0;   46.63;   21.4;    7.1;    1.6;eor
        150;20200412;-999;-999;-999;    1;   0.1;   4;    7.183;   0;  -999;   8.7;    -999;   15.1;   52.42;   23.5;    6.6;    1.9;eor
        150;20200413;-999;-999;-999;    1;   0.6;   4;    2.633;   0;  -999;   7.9;    -999;   10.0;   62.75;   14.2;    2.2;   -3.9;eor
        150;20200414;-999;-999;-999;    1;   0.0;   0;    9.700;   0;  -999;   4.7;    -999;    4.9;   55.71;   10.5;   -1.3;   -6.6;eor
        150;20200415;-999;-999;-999;    1;   0.0;   0;   12.417;   0;  -999;   5.5;    -999;    8.0;   54.50;   16.7;   -1.2;   -5.4;eor
        150;20200416;-999;-999;-999;    1;   0.0;   0;   11.700;   0;  -999;   7.9;    -999;   14.2;   51.42;   24.3;    2.5;   -1.8;eor
        150;20200417;-999;-999;-999;    1;   0.0;   0;   11.167;   0;  -999;  10.2;    -999;   16.2;   57.08;   24.2;    7.8;    4.4;eor
        150;20200418;-999;-999;-999;    1;   0.0;   0;    5.750;   0;  -999;  11.9;    -999;   16.7;   64.96;   24.5;   11.0;    6.6;eor
        150;20200419;-999;-999;-999;    1;   0.0;   0;    8.400;   0;  -999;  11.0;    -999;   13.4;   72.04;   18.9;    7.5;    5.0;eor
        150;20200420;-999;-999;-999;    1;   0.0;   0;   12.750;   0;  -999;   5.6;    -999;   12.4;   41.46;   18.8;    5.6;    2.9;eor
        150;20200421;-999;-999;-999;    1;   0.0;   0;   12.817;   0;  -999;   5.8;    -999;   13.5;   39.38;   20.9;    6.0;    3.7;eor
        150;20200422;-999;-999;-999;    1;   0.0;   0;   12.883;   0;  -999;   6.2;    -999;   14.4;   39.71;   21.6;    6.8;    3.9;eor
        150;20200423;-999;-999;-999;    1;   0.0;   0;   12.850;   0;  -999;   7.2;    -999;   14.1;   46.29;   21.5;    7.6;    2.6;eor
        150;20200424;-999;-999;-999;    1;   0.0;   0;   11.050;   0;  -999;   7.8;    -999;   15.1;   48.54;   23.7;    5.6;    1.7;eor
        150;20200425;-999;-999;-999;    1;   0.0;   0;   12.633;   0;  -999;   7.3;    -999;   11.1;   56.83;   16.4;    6.1;    0.7;eor
        150;20200426;-999;-999;-999;    1;   0.0;   0;   12.950;   0;  -999;   7.0;    -999;   11.9;   53.71;   19.5;    3.6;   -1.4;eor
        150;20200427;-999;-999;-999;    1;   0.0;   4;   11.783;   0;  -999;   7.7;    -999;   14.5;   49.79;   22.7;    4.2;    0.9;eor
        150;20200428;-999;-999;-999;    1;   1.2;   4;    2.033;   0;  -999;  11.6;    -999;   13.5;   74.33;   18.1;    9.7;    5.9;eor
        150;20200429;-999;-999;-999;    1;   5.3;   4;    5.200;   0;  -999;  10.5;    -999;   13.7;   68.92;   19.5;    9.3;    6.0;eor
        150;20200430;-999;-999;-999;    1;   2.4;   4;    2.167;   0;  -999;  11.3;    -999;   11.7;   82.13;   15.0;    8.5;    7.0;eor
        150;20200501;-999;-999;-999;    1;  10.1;   4;    4.750;-999;  -999;  10.1;    -999;    9.9;   83.25;   14.4;    6.6;    4.4;eor
        150;20200502;-999;-999;-999;    1;   2.2;   4;   10.200;-999;  -999;   8.9;    -999;    9.2;   77.67;   15.2;    4.8;    1.9;eor
        150;20200503;-999;-999;-999;    1;   0.0;   0;    8.517;-999;  -999;   9.0;    -999;   11.5;   68.42;   17.6;    3.3;    0.6;eor
        150;20200504;-999;-999;-999;    1;   1.8;   4;    2.250;-999;  -999;  11.2;    -999;   12.2;   78.13;   18.4;    6.0;    2.8;eor
        150;20200505;-999;-999;-999;    1;   0.0;   0;    7.967;-999;  -999;   7.5;    -999;    9.3;   66.83;   14.7;    4.5;    1.8;eor
        150;20200506;-999;-999;-999;    1;   0.0;   0;   13.550;-999;  -999;   6.5;    -999;    9.9;   55.54;   16.2;    2.9;   -0.4;eor
        150;20200507;-999;-999;-999;    1;   0.0;   0;   13.617;-999;  -999;   8.0;    -999;   12.8;   57.00;   20.8;    3.1;    0.2;eor
        150;20200508;-999;-999;-999;    1;   0.0;   0;   10.217;-999;  -999;   9.5;    -999;   16.0;   54.96;   23.1;    7.4;    4.5;eor
        150;20200509;-999;-999;-999;    1;   0.1;   4;    1.083;-999;  -999;  11.4;    -999;   14.8;   67.83;   17.5;   11.8;    8.9;eor
        150;20200510;-999;-999;-999;    1;   9.0;   4;    5.583;-999;  -999;  14.5;    -999;   16.9;   77.71;   25.1;   10.7;    8.6;eor
        150;20200511;-999;-999;-999;    1;  14.1;   4;    0.117;-999;  -999;   9.5;    -999;    7.1;   91.29;   14.8;    2.8;    0.1;eor
        150;20200512;-999;-999;-999;    1;   0.0;   0;   11.650;-999;  -999;   6.5;    -999;    7.2;   65.42;   12.7;    1.1;   -1.4;eor
        150;20200513;-999;-999;-999;    1;   0.0;   0;    7.667;-999;  -999;   7.3;    -999;    9.5;   63.46;   14.2;    2.4;   -0.5;eor
        150;20200514;-999;-999;-999;    1;   0.0;   0;    8.833;-999;  -999;   7.8;    -999;   10.0;   64.25;   14.8;    5.1;    3.5;eor
        150;20200515;-999;-999;-999;    1;   0.0;   0;   11.017;-999;  -999;   7.3;    -999;   12.0;   53.54;   17.2;    6.9;    2.4;eor
        150;20200516;-999;-999;-999;    1;   0.0;   0;   12.917;-999;  -999;   7.7;    -999;   12.1;   56.33;   19.1;    3.7;   -0.2;eor
        150;20200517;-999;-999;-999;    1;   0.0;   0;   13.533;-999;  -999;   8.3;    -999;   13.0;   57.42;   19.3;    7.0;    2.4;eor
        150;20200518;-999;-999;-999;    1;   0.0;   0;   13.833;-999;  -999;  10.0;    -999;   16.2;   56.38;   24.4;    6.2;    2.8;eor
        150;20200519;-999;-999;-999;    1;   0.0;   0;   13.600;-999;  -999;  10.2;    -999;   18.7;   49.88;   25.1;   10.6;    5.4;eor
        150;20200520;-999;-999;-999;    1;   0.0;   0;    7.000;-999;  -999;  13.4;    -999;   17.9;   66.38;   24.2;   11.1;    7.1;eor
        150;20200521;-999;-999;-999;    1;   0.0;   0;   13.483;-999;  -999;  13.7;    -999;   18.4;   65.79;   24.8;   11.6;    7.5;eor
        150;20200522;-999;-999;-999;    1;   0.0;   4;    1.367;-999;  -999;  16.3;    -999;   20.1;   69.54;   25.4;   12.6;    9.5;eor
        150;20200523;-999;-999;-999;    1;   2.0;   4;    0.750;-999;  -999;  11.6;    -999;   13.5;   74.50;   17.4;    8.3;    5.3;eor
        150;20200524;-999;-999;-999;    1;   0.0;   0;    7.183;-999;  -999;  10.3;    -999;   13.4;   69.33;   19.2;    6.8;    3.8;eor
        150;20200525;-999;-999;-999;    1;   0.0;   0;    4.283;-999;  -999;  11.6;    -999;   14.7;   70.83;   20.3;    9.0;    4.9;eor
        150;20200526;-999;-999;-999;    1;   0.0;   0;   13.083;-999;  -999;  10.1;    -999;   14.2;   64.25;   20.0;    6.4;    2.6;eor
        150;20200527;-999;-999;-999;    1;   0.0;   0;   14.033;-999;  -999;  10.0;    -999;   15.7;   59.21;   22.9;    6.2;    3.1;eor
        150;20200528;-999;-999;-999;    1;   0.0;   0;   13.567;-999;  -999;   9.1;    -999;   16.3;   50.17;   20.8;   10.1;    5.2;eor
        150;20200529;-999;-999;-999;    1;   0.0;   0;   12.433;-999;  -999;   8.5;    -999;   15.0;   51.29;   21.4;    6.9;    3.4;eor
        150;20200530;-999;-999;-999;    1;   0.0;   0;   14.167;-999;  -999;   8.0;    -999;   15.5;   47.13;   20.5;    9.0;    5.3;eor
        150;20200531;-999;-999;-999;    1;   0.0;   0;   12.467;-999;  -999;   9.2;    -999;   15.1;   54.54;   20.6;    8.3;    5.5;eor
        150;20200601;-999;-999;-999;    1;   0.0;   0;   14.167;-999;  -999;  10.7;    -999;   18.0;   53.71;   25.1;    8.2;    5.2;eor
        150;20200602;-999;-999;-999;    1;   0.0;   0;   14.100;-999;  -999;  11.4;    -999;   19.8;   51.33;   27.1;   10.9;    7.0;eor
        150;20200603;-999;-999;-999;    1;   3.8;   4;    8.583;-999;  -999;  13.2;    -999;   19.2;   62.04;   28.3;   12.2;    9.4;eor
        150;20200604;-999;-999;-999;    1;  13.0;   4;    0.200;-999;  -999;  14.8;    -999;   14.7;   88.17;   17.3;   10.3;    9.3;eor
        150;20200605;-999;-999;-999;    1;   8.3;   4;    0.833;-999;  -999;  10.9;    -999;   11.4;   81.13;   14.8;    7.7;    6.3;eor
        150;20200606;-999;-999;-999;    1;   0.5;   4;    4.983;-999;  -999;  11.2;    -999;   12.9;   77.08;   18.6;    8.3;    7.2;eor
        150;20200607;-999;-999;-999;    1;   0.0;   0;    7.600;-999;  -999;  11.2;    -999;   14.2;   71.00;   19.1;   10.0;    6.6;eor
        150;20200608;-999;-999;-999;    1;   0.0;   0;    9.700;-999;  -999;  10.8;    -999;   14.7;   67.13;   20.7;    7.6;    4.7;eor
        150;20200609;-999;-999;-999;    1;   0.0;   0;    1.083;-999;  -999;  12.2;    -999;   14.9;   72.67;   18.6;   10.7;    8.9;eor
