STATIONS_ID;MESS_DATUM;QN_3;  FX;  FM;QN_4; RSK;RSKF; SDK;SHK_TAG;  NM; VPM;  PM; TMK; UPM; TXK; TNK; TGK;eor
        840;20181208;   10;  17.3;   6.0;    3;  14.3;   8;    0.000;   0;   7.3;   6.3;  901.40;    1.1;   95.29;    4.1;   -0.1;   -0.4;eor
        840;20181209;   10;  18.3;   5.1;    3;  10.1;   8;    0.000;   0;   7.5;   6.7;  895.51;    1.7;   96.71;    3.2;   -0.2;   -0.2;eor
        840;20181210;   10;  13.8;   3.6;    3;  14.5;   8;    0.000;   1;   7.5;   5.1;  907.78;   -1.7;   94.67;   -0.2;   -2.5;   -2.5;eor
        840;20181211;   10;  12.6;   2.9;    3;  29.7;   7;    0.000;  11;   7.7;   5.2;  910.15;   -1.9;   97.04;   -1.7;   -2.1;   -2.1;eor
        840;20181212;   10;   7.7;   2.2;    3;   3.1;   4;    0.000;  31;   7.3;   4.6;  914.84;   -3.3;   95.00;   -2.1;   -6.2;   -1.0;eor
        840;20181213;   10;   8.6;   2.9;    3;   0.0;   4;    3.067;  30;   3.9;   3.3;  913.26;   -6.8;   90.46;   -5.3;   -9.8;   -3.0;eor
        840;20181214;   10;  11.4;   4.3;    3;   0.0;   7;    0.050;  27;   7.5;   3.4;  914.39;   -6.4;   89.42;   -5.9;   -7.6;   -2.7;eor
        840;20181215;   10;   6.7;   1.4;    3;   0.0;   7;    0.000;  27;   7.8;   3.5;  916.79;   -6.5;   92.13;   -5.9;   -7.2;   -2.2;eor
        840;20181216;   10;  11.4;   3.6;    3;   0.7;   7;    0.000;  26;   7.8;   3.5;  908.09;   -6.4;   93.21;   -3.6;   -7.4;   -2.1;eor
        840;20181217;   10;   9.5;   2.3;    3;   0.6;   8;    1.867;  25;   7.5;   5.3;  914.45;   -1.5;   96.54;    0.5;   -3.6;   -1.8;eor
        840;20181218;   10;  12.8;   3.1;    3;   0.0;   8;    0.483;  24;   6.8;   5.5;  918.72;   -0.7;   95.46;    0.4;   -2.1;   -0.9;eor
        840;20181219;   10;  12.4;   3.7;    3;   6.9;   8;    0.000;  22;   6.5;   4.7;  912.10;   -2.5;   93.33;   -0.8;   -3.9;   -1.9;eor
        840;20181220;   10;   9.7;   3.1;    3;   2.6;   8;    0.000;  27;   7.9;   5.6;  910.65;   -1.0;   97.54;    0.5;   -2.9;   -0.6;eor
        840;20181221;   10;  16.0;   5.0;    3;  17.9;   8;    0.000;  24;   7.8;   6.9;  905.80;    1.9;   98.38;    5.3;    0.2;   -0.1;eor
        840;20181222;   10;  15.4;   4.6;    3;   5.3;   6;    0.000;  14;   7.5;   7.5;  906.89;    3.5;   95.38;    5.0;    2.0;   -0.1;eor
        840;20181223;   10;  10.8;   2.9;    3;  19.3;   8;    0.000;   7;   7.3;   6.6;  912.32;    1.4;   97.29;    2.3;    0.1;    0.0;eor
        840;20181224;   10;  10.2;   2.3;    3;  10.5;   8;    0.000;  18;   7.7;   5.0;  915.89;   -2.3;   96.83;    0.1;   -4.6;   -1.0;eor
        840;20181225;   10;   9.1;   2.4;    3;   2.3;   8;    0.000;  24;   7.7;   5.0;  923.78;   -2.4;   97.25;   -1.8;   -3.7;   -1.0;eor
        840;20181226;   10;   9.2;   2.4;    3;   1.6;   8;    0.000;  23;   8.0;   5.4;  922.54;   -1.5;   98.00;    0.3;   -3.6;   -0.7;eor
        840;20181227;   10;   6.0;   1.5;    3;   0.0;   0;    1.533;  18;   7.6;   6.6;  920.31;    1.3;   98.29;    3.9;   -0.3;    0.0;eor
        840;20181228;   10;   5.7;   1.2;    3;   1.5;   8;    3.367;  15;   5.8;   5.6;  919.95;   -0.6;   95.29;    0.8;   -2.5;   -4.2;eor
        840;20181229;   10;  14.0;   2.8;    3;  13.2;   8;    0.000;  14;   7.8;   5.7;  920.94;   -0.9;   98.58;   -0.1;   -1.6;    0.0;eor
        840;20181230;   10;  12.6;   3.3;    3;   8.6;   8;    0.000;  20;   7.7;   6.1;  919.27;    0.1;   98.21;    0.4;   -0.8;    0.0;eor
        840;20181231;   10;   8.4;   1.6;    3;   4.4;   8;    0.000;  20;   7.9;   6.6;  923.78;    1.2;   99.33;    2.4;    0.2;    0.0;eor
        840;20190101;   10;  21.0;   3.9;    3;  15.2;   8;    0.000;  17;   7.6;   6.5;  916.53;    1.0;   98.04;    2.3;   -2.7;    0.0;eor
        840;20190102;   10;  13.7;   3.5;    3;   3.1;   7;    0.050;  24;   7.3;   4.0;  917.24;   -4.4;   90.29;   -2.7;   -7.0;   -0.9;eor
        840;20190103;   10;  11.4;   2.8;    3;   1.5;   7;    0.000;  25;   7.5;   3.6;  923.61;   -5.9;   91.33;   -5.1;   -6.9;   -1.2;eor
        840;20190104;   10;  11.1;   2.5;    3;  16.3;   8;    0.000;  25;   7.9;   4.5;  921.74;   -3.7;   96.13;   -1.2;   -5.6;   -1.2;eor
        840;20190105;   10;  11.2;   3.0;    3;  24.6;   8;    0.000;  31;   7.8;   6.2;  914.94;    0.2;   99.17;    1.4;   -1.2;   -0.6;eor
        840;20190106;   10;  11.6;   2.5;    3;   8.5;   8;    0.000;  26;   7.8;   5.3;  919.40;   -1.7;   97.71;    0.0;   -3.1;   -0.1;eor
        840;20190107;   10;  13.0;   2.7;    3;  12.2;   8;    0.000;  27;   8.0;   5.9;  920.06;   -0.3;   98.83;    0.1;   -1.4;    0.0;eor
        840;20190108;   10;  14.4;   5.2;    3;  31.8;   8;    0.000;  37;   7.5;   5.5;  902.87;   -0.9;   96.88;   -0.3;   -2.4;    0.0;eor
        840;20190109;   10;  12.6;   3.4;    3;  38.3;   7;    0.000;  59;   7.5;   4.4;  901.21;   -3.7;   94.08;   -2.4;   -4.2;    0.0;eor
        840;20190110;   10;   9.9;   2.6;    3;   2.8;   7;    0.000;  92;   7.7;   4.0;  912.66;   -5.0;   94.50;   -3.3;   -8.0;    0.0;eor
        840;20190111;   10;  10.2;   2.7;    3;   5.5;   8;    0.000;  89;   7.8;   4.0;  912.84;   -5.1;   94.13;   -1.3;   -7.8;    0.0;eor
        840;20190112;   10;  15.1;   3.9;    3;  14.2;   8;    0.000;  88;   7.8;   5.5;  908.60;   -1.1;   98.17;   -0.6;   -1.4;    0.0;eor
        840;20190113;   10;  14.9;   4.5;    3;  20.2;   8;    0.000;  93;   7.6;   6.0;  897.50;    0.0;   98.38;    1.3;   -1.2;    0.0;eor
        840;20190114;   10;  15.5;   3.3;    3;  10.1;   7;    0.017;  88;   7.5;   4.6;  899.83;   -3.0;   94.00;    0.0;   -5.2;    0.0;eor
        840;20190115;   10;-999;-999;    3;   4.2;   4;    0.017;  91;  -999;  -999;    -999;   -3.1;-999;   -0.8;   -4.6;    0.0;eor
        840;20190116;   10;  15.6;-999;    3;   0.0;   4;    0.000;-999;  -999;  -999;    -999;   -1.0;-999;   -0.7;   -1.7;    0.0;eor
        840;20190117;   10;  15.8;   5.7;    3;   9.5;   8;    0.000;  87;   7.4;   5.6;  899.14;   -0.4;   94.63;    0.5;   -3.7;    0.0;eor
        840;20190118;   10;  11.0;   2.2;    3;   3.1;   7;    3.000;  92;   4.4;   3.4;  909.59;   -7.0;   90.83;   -3.6;  -13.8;    0.0;eor
        840;20190119;   10;   7.6;   2.1;    3;   0.0;   0;    7.650;  92;   4.1;   2.4;  910.93;   -9.0;   76.79;   -3.6;  -14.0;    0.0;eor
        840;20190120;   10;   7.1;   2.6;    3;   0.0;   7;    0.000;  90;   7.3;   2.9;  909.51;   -8.6;   91.83;   -7.3;  -10.9;    0.0;eor
        840;20190121;   10;   6.1;   1.6;    3;   0.0;   0;    2.883;  89;   6.4;   3.1;  912.66;   -7.5;   87.92;   -4.8;  -10.2;    0.0;eor
        840;20190122;   10;  10.2;   2.6;    3;   0.0;   0;    6.767;  87;   2.5;   2.7;  903.87;   -9.5;   90.17;   -7.2;  -12.9;    0.0;eor
        840;20190123;   10;   9.2;   3.5;    3;   0.0;   7;    7.883;  86;   6.0;   2.5;  894.62;   -9.1;   82.42;   -7.1;  -10.7;   -0.1;eor
        840;20190124;   10;   4.4;   1.3;    3;   0.0;   7;    0.000;  85;   7.9;   3.1;  901.38;   -8.1;   92.92;   -6.2;   -9.3;   -0.1;eor
        840;20190125;   10;  10.8;   2.4;    3;   5.7;   7;    0.000;  86;   7.8;   3.0;  905.99;   -8.5;   92.46;   -6.4;   -9.7;    0.0;eor
        840;20190126;   10;  14.3;   5.0;    3;  15.6;   8;    0.000;  89;   7.8;   5.0;  900.42;   -2.4;   96.04;   -0.1;   -6.7;    0.0;eor
        840;20190127;   10;  10.9;   4.3;    3;   3.4;   8;    0.000;  97;   7.8;   5.8;  889.39;   -0.5;   98.33;    0.2;   -1.1;    0.0;eor
        840;20190128;   10;  12.5;   4.5;    3;   8.7;   7;    0.000;  98;   7.5;   4.9;  889.44;   -2.3;   94.79;   -0.3;   -3.6;    0.0;eor
        840;20190129;   10;  11.0;   2.3;    3;   0.3;   7;    0.017; 106;   7.3;   4.0;  898.57;   -4.7;   92.71;   -3.3;   -6.5;    0.0;eor
        840;20190130;   10;  11.1;   4.0;    3;   0.0;   7;    4.550; 104;   5.5;   3.6;  892.92;   -5.6;   88.63;   -3.9;   -7.3;    0.0;eor
        840;20190131;   10;   9.2;   3.2;    3;   0.0;   7;    7.133; 102;  -999;   3.8;  894.02;   -4.6;   88.21;   -2.6;   -6.2;    0.0;eor
        840;20190201;   10;  13.8;   4.1;    3;   1.5;   4;    0.000; 100;  -999;   4.3;  889.86;   -3.7;   91.00;   -0.7;   -6.1;    0.0;eor
        840;20190202;   10;   7.2;   1.8;    3;   0.9;   4;    0.333;  98;  -999;   5.6;  892.43;   -0.8;   97.75;    1.4;   -1.6;    0.0;eor
        840;20190203;   10;  12.9;   3.2;    3;  19.5;   7;    0.000;  98;  -999;   4.4;  905.81;   -4.1;   96.00;   -1.5;   -4.8;    0.0;eor
        840;20190204;   10;  10.6;   2.5;    3;   0.0;   0;    3.933; 109;  -999;   4.0;  920.17;   -4.6;   91.79;   -2.5;   -6.2;    0.0;eor
        840;20190205;   10;   9.5;   2.5;    3;   0.0;   7;    1.967; 106;  -999;   4.2;  920.20;   -3.8;   89.58;   -1.0;   -6.8;    0.0;eor
        840;20190206;   10;   7.6;   3.0;    3;   0.0;   0;    7.500; 104;  -999;   4.3;  919.19;   -2.8;   87.25;    0.4;   -4.7;    0.0;eor
        840;20190207;   10;  11.8;   4.3;    3;   2.0;   4;    0.000; 103;  -999;   4.3;  909.92;   -1.9;   80.33;    0.0;   -3.1;    0.0;eor
        840;20190208;   10;  13.2;   4.4;    3;   0.2;   8;    0.000; 101;  -999;   5.7;  911.00;   -0.5;   96.29;    0.0;   -1.0;    0.0;eor
        840;20190209;   10;  15.7;   5.5;    3;   1.3;   8;    0.167; 100;  -999;   5.9;  905.59;    0.6;   91.75;    1.9;   -1.1;    0.0;eor
        840;20190210;   10;  17.6;   5.6;    3;  10.6;   8;    0.200;  97;  -999;   6.4;  898.62;    1.7;   92.13;    4.0;    0.2;    0.0;eor
        840;20190211;   10;  14.9;   3.8;    3;   3.7;   4;    0.000;  94;  -999;   5.3;  905.43;   -1.4;   95.96;    0.2;   -3.6;    0.0;eor
        840;20190212;   10;  13.0;   2.6;    3;   2.3;   7;    0.050;  93;  -999;   4.6;  921.44;   -2.9;   93.13;   -1.7;   -4.0;    0.0;eor
        840;20190213;   10;   7.7;   2.3;    3;   0.0;   6;    0.000;  92;  -999;   5.7;  927.61;   -0.6;   96.17;    0.7;   -1.9;    0.0;eor
        840;20190214;   10;   4.3;   1.6;    3;   0.0;   0;    6.650;  89;  -999;   5.4;  929.27;    0.2;   87.08;    6.6;   -3.5;    0.0;eor
        840;20190215;   10;   5.5;   1.6;    3;   0.0;   0;    9.450;  87;  -999;   4.9;  928.21;    3.3;   67.58;   12.7;   -4.2;    0.0;eor
        840;20190216;   10;   9.9;   3.0;    3;   0.0;   0;    9.483;  85;  -999;   4.0;  923.57;    6.3;   43.83;   11.4;    2.5;    0.0;eor
        840;20190217;   10;   6.7;   2.2;    3;   0.0;   0;    9.083;  82;  -999;   3.9;  920.62;    5.7;   45.75;   13.6;   -2.1;    0.0;eor
        840;20190218;   10;   6.9;   2.4;    3;   0.0;   0;    9.583;  81;  -999;   4.0;  916.46;    5.4;   47.42;   11.8;    0.5;    0.0;eor
        840;20190219;   10;   9.2;   3.1;    3;   0.1;   8;    3.733;  79;  -999;   5.4;  913.56;    2.1;   76.88;    6.3;    0.1;    0.0;eor
        840;20190220;   10;   8.1;   1.9;    3;   0.0;   0;    1.500;  78;  -999;   5.5;  917.44;    0.9;   84.83;    3.9;   -1.4;    0.0;eor
        840;20190221;   10;   8.7;   1.9;    3;  13.4;   6;    0.417;  77;  -999;   6.4;  920.31;    1.8;   91.46;    3.8;   -1.6;    0.0;eor
        840;20190222;   10;  11.5;   2.6;    3;   3.3;   6;    0.000;  74;  -999;   6.3;  926.41;    0.3;   97.63;    3.5;   -6.5;    0.0;eor
        840;20190223;   10;   7.8;   2.0;    3;   0.0;   0;    7.350;  72;  -999;   2.4;  932.46;   -4.1;   56.00;    0.0;   -7.8;    0.0;eor
        840;20190224;   10;   4.3;   1.0;    3;   0.0;   0;    5.150;  71;  -999;   2.3;  931.50;    0.3;   38.00;    9.3;   -6.5;    0.0;eor
        840;20190225;   10;   6.4;   1.2;    3;   0.0;   0;   10.000;  71;  -999;   5.3;  931.29;    3.3;   72.08;   10.8;   -3.3;    0.0;eor
        840;20190226;   10;   5.0;   1.2;    3;   0.0;   0;    1.967;  69;  -999;   4.0;  927.65;    3.9;   50.17;    8.2;    0.0;    0.0;eor
        840;20190227;   10;   7.5;   1.3;    3;   0.0;   0;   10.117;  69;  -999;   5.6;  921.89;    5.0;   65.58;   12.8;   -2.2;    0.0;eor
        840;20190228;   10;  10.3;   3.1;    3;   0.6;   6;    8.750;  67;  -999;   5.6;  910.62;    6.7;   57.21;    9.5;    4.4;    0.0;eor
        840;20190301;   10;  10.7;   2.3;    3;   6.2;   4;    0.083;  63;  -999;   7.1;  907.91;    2.8;   95.33;    4.5;   -1.0;    0.0;eor
        840;20190302;   10;  10.9;   2.3;    3;   0.9;   4;    0.000;  61;  -999;   5.9;  910.29;   -0.1;   97.42;    2.7;   -1.6;    0.0;eor
        840;20190303;   10;  14.3;   5.1;    3;   0.2;   6;    0.000;  59;  -999;   7.3;  906.75;    3.5;   92.92;    4.7;    2.6;    0.0;eor
        840;20190304;   10;  18.2;   5.6;    3;   4.1;   8;    2.083;  52;  -999;   6.2;  896.56;    4.0;   77.50;    7.9;   -0.7;    0.0;eor
        840;20190305;   10;  17.6;   5.0;    3;   3.9;   8;    0.183;  53;  -999;   5.6;  902.38;    0.0;   91.33;    1.2;   -1.0;    0.0;eor
        840;20190306;   10;  11.3;   3.7;    3;   0.0;   6;    4.267;  56;  -999;   6.1;  905.02;    2.2;   85.58;    6.7;   -1.8;    0.0;eor
        840;20190307;   10;  13.4;   4.2;    3;   2.3;   8;    2.667;  50;   7.5;   6.1;  898.66;    4.4;   74.38;    8.0;    1.3;    0.0;eor
        840;20190308;   10;  17.7;   5.5;    3;   0.8;   8;    0.300;  45;   7.5;   5.8;  906.69;    1.7;   84.00;    2.8;    0.5;    0.0;eor
        840;20190309;   10;  19.6;   5.4;    3;  10.6;   8;    0.050;  44;   7.4;   6.2;  906.99;    1.5;   91.08;    3.5;   -0.4;    0.0;eor
        840;20190310;   10;  23.8;   5.0;    3;  15.6;   8;    0.150;  43;   7.3;   6.4;  902.42;    2.1;   89.50;    5.5;   -1.8;    0.0;eor
        840;20190311;   10;  14.1;   4.2;    3;  13.3;   7;    0.600;  44;   7.5;   4.7;  908.09;   -2.0;   89.00;   -0.9;   -2.7;    0.0;eor
        840;20190312;   10;  15.5;   4.0;    3;   2.3;   8;    4.867;  54;   7.4;   4.6;  911.71;   -0.7;   80.75;    1.6;   -2.6;    0.0;eor
        840;20190313;   10;  16.8;   5.5;    3;   3.4;   8;    1.917;  52;   7.2;   4.9;  902.18;    0.4;   77.71;    2.4;   -1.3;    0.0;eor
        840;20190314;   10;  16.1;   5.3;    3;   8.8;   8;    0.017;  51;   7.3;   5.6;  898.90;   -0.1;   92.50;    0.9;   -0.8;    0.0;eor
        840;20190315;   10;  16.2;   4.6;    3;  24.9;   8;    0.050;  53;   7.5;   6.7;  900.00;    2.0;   93.58;    5.7;    0.1;    0.0;eor
        840;20190316;   10;  17.6;   4.7;    3;   6.0;   8;    0.000;  48;   7.3;   6.9;  904.29;    2.4;   94.08;    4.6;    0.2;    0.0;eor
        840;20190317;   10;  16.7;   5.3;    3;   3.3;   8;    7.150;  41;   5.8;   6.1;  901.30;    4.0;   76.46;    9.5;   -0.4;    0.0;eor
        840;20190318;   10;  12.4;   3.9;    3;   2.7;   8;    2.583;  38;   6.7;   4.9;  910.15;   -1.1;   87.38;    1.7;   -2.7;    0.0;eor
        840;20190319;   10;   6.7;   1.4;    3;   0.1;   7;    1.283;  39;   7.5;   4.6;  919.87;   -1.3;   82.58;    1.0;   -2.7;    0.0;eor
        840;20190320;   10;   6.4;   1.4;    3;   0.0;   0;   11.317;  38;   2.1;   3.8;  926.73;    0.2;   64.63;    7.4;   -5.8;    0.0;eor
        840;20190321;   10;   5.0;   1.0;    3;   0.0;   0;   11.267;  37;   3.6;   5.5;  928.15;    4.0;   69.04;   11.5;   -3.4;    0.0;eor
        840;20190322;   10;   7.2;   1.8;    3;   0.0;   0;   10.517;  32;   5.4;   6.9;  926.17;    7.8;   68.17;   13.9;   -0.1;    0.0;eor
        840;20190323;   10;   6.1;   2.2;    3;   0.0;   0;   11.283;  28;   3.2;   7.6;  922.68;    8.8;   69.71;   15.1;    2.1;    0.0;eor
        840;20190324;   10;   6.8;   1.7;    3;   0.7;   6;    0.000;  22;   7.9;   7.3;  918.51;    3.0;   96.58;    4.1;    1.6;    0.0;eor
        840;20190325;   10;  12.5;   2.8;    3;   5.1;   8;    1.183;  21;   7.5;   5.2;  912.03;   -0.6;   88.92;    2.5;   -1.6;    0.0;eor
        840;20190326;   10;   8.4;   2.2;    3;   8.4;   4;    0.517;  25;   7.8;   5.4;  919.48;   -0.6;   91.92;    1.0;   -1.7;    0.0;eor
        840;20190327;   10;   7.0;   1.5;    3;   2.2;   8;    0.017;  26;   7.9;   6.1;  924.00;    0.6;   94.88;    2.3;   -0.8;    0.1;eor
        840;20190328;   10;   6.6;   1.4;    3;   9.9;   6;    0.000;  24;   7.9;   7.3;  926.73;    2.8;   97.00;    4.3;    0.9;    0.1;eor
        840;20190329;   10;   6.9;   1.6;    3;   0.0;   0;    8.100;  20;   5.9;   6.7;  925.75;    5.2;   77.13;   10.8;    1.5;    0.1;eor
        840;20190330;   10;   6.1;   1.8;    3;   0.0;   0;   11.283;  16;   5.7;   6.1;  919.36;    5.7;   69.79;   13.0;   -1.8;    0.1;eor
        840;20190331;   10;   7.2;   1.8;    3;   0.0;   6;    5.317;  12;   5.1;   6.8;  917.38;    4.5;   81.38;    9.8;    0.5;    0.0;eor
        840;20190401;   10;  10.4;   3.3;    3;   0.0;   0;   11.367;   7;   1.5;   5.0;  916.83;    3.0;   66.83;    7.7;   -1.9;   -0.4;eor
        840;20190402;   10;  10.4;   4.0;    3;   0.0;   0;   10.633;   3;   4.3;   5.4;  908.49;    6.4;   54.83;   11.6;    1.0;   -1.2;eor
        840;20190403;   10;  10.4;   3.1;    3;   0.0;   6;    5.933;   0;   6.7;   7.1;  900.67;    8.8;   62.71;   13.3;    4.5;    0.9;eor
        840;20190404;   10;  12.5;   3.4;    3;   0.0;   0;   10.683;   0;   4.9;   6.9;  895.91;    8.4;   64.67;   14.3;    2.3;   -1.3;eor
        840;20190405;   10;   7.6;   1.9;    3;   0.0;   0;    2.967;   0;   6.8;   8.4;  901.34;    6.9;   85.33;   10.9;    3.8;    1.8;eor
        840;20190406;   10;  11.2;   3.9;    3;   0.0;   0;    9.767;   0;   1.5;   7.3;  903.28;    8.8;   66.38;   14.3;    4.2;    1.1;eor
        840;20190407;   10;  11.5;   3.5;    3;   0.0;   0;   10.367;   0;   2.8;   6.8;  903.65;    6.7;   70.13;   11.9;    2.0;   -1.8;eor
        840;20190408;   10;   5.9;   1.8;    3;   0.0;   6;    2.450;   0;   7.3;   7.8;  906.33;    7.8;   74.04;   12.1;    1.4;   -1.4;eor
        840;20190409;   10;   8.6;   2.3;    3;   0.0;   0;    9.433;   0;   6.9;   7.0;  907.54;    4.7;   82.00;   10.1;    0.2;   -2.5;eor
        840;20190410;   10;   8.9;   2.8;    3;   0.0;   0;    8.367;   0;   5.5;   4.8;  908.94;    1.2;   72.83;    6.2;   -2.6;   -5.3;eor
        840;20190411;   10;  11.4;   3.4;    3;   0.0;   0;    7.417;   0;   2.3;   3.8;  914.03;   -1.6;   70.96;    3.4;   -5.1;   -8.4;eor
        840;20190412;   10;   7.2;   2.4;    3;   0.0;   7;    0.000;   0;   6.1;   3.5;  915.63;   -3.6;   74.96;   -0.5;   -7.4;  -11.0;eor
        840;20190413;   10;   6.5;   1.6;    3;   0.0;   7;    0.817;   0;   7.2;   3.9;  914.48;   -2.5;   78.13;    1.9;   -7.0;  -10.2;eor
        840;20190414;   10;   6.5;   2.1;    3;   0.9;   7;    0.000;   1;   7.2;   5.2;  915.60;   -1.8;   95.63;    0.9;   -5.7;   -9.3;eor
        840;20190415;   10;   7.5;   2.3;    3;   0.0;   0;   12.700;   0;   0.9;   5.0;  918.70;    3.7;   65.67;    9.9;   -1.5;   -5.1;eor
        840;20190416;   10;   8.9;   3.1;    3;   0.0;   0;   12.850;   0;   0.0;   4.0;  916.19;    5.5;   45.29;   10.7;    0.6;   -2.1;eor
        840;20190417;   10;   8.4;   2.8;    3;   0.0;   0;   12.883;   0;   0.2;   4.9;  920.04;    7.5;   47.71;   12.9;    1.6;   -4.5;eor
        840;20190418;   10;  13.6;   5.0;    3;   0.0;   0;   13.050;   0;   0.0;   5.7;  923.27;    9.5;   49.50;   13.9;    3.9;   -1.5;eor
        840;20190419;   10;  10.2;   3.3;    3;   0.0;   0;   13.050;   0;   0.0;   5.6;  926.23;   10.6;   45.79;   16.2;    4.4;   -2.2;eor
        840;20190420;   10;   7.8;   1.8;    3;   0.0;   0;   13.067;   0;   1.3;   5.7;  924.83;   11.1;   45.33;   17.4;    2.6;   -2.2;eor
        840;20190421;   10;   7.1;   2.0;    3;   0.0;   0;   13.067;   0;   0.0;   5.2;  918.31;   10.6;   42.96;   17.1;    2.8;   -1.9;eor
        840;20190422;   10;  16.0;   4.3;    3;   0.0;   0;   13.200;   0;   0.0;   5.6;  910.41;   10.4;   46.21;   16.0;    5.7;   -0.8;eor
        840;20190423;   10;  17.6;   7.9;    3;   0.0;   0;   10.467;   0;   3.4;   7.8;  902.72;    8.2;   71.92;   13.2;    5.2;    3.8;eor
        840;20190424;   10;  12.9;   5.4;    3;   0.0;   0;   10.350;   0;   5.8;   9.5;  904.35;   11.3;   72.42;   17.4;    5.9;    5.1;eor
        840;20190425;   10;  11.4;   2.9;    3;   0.0;   0;   11.583;   0;   5.3;   7.1;  909.17;   13.5;   47.13;   19.6;    4.0;   -1.0;eor
        840;20190426;   10;   9.8;   2.3;    3;  10.8;   6;    6.383;   0;   7.2;   8.8;  908.31;   11.2;   68.38;   18.1;    3.3;    3.5;eor
        840;20190427;   10;  11.5;   2.7;    3;   2.8;   6;    3.483;   0;   7.8;   7.9;  910.55;    5.9;   85.75;   11.1;    1.6;    1.3;eor
        840;20190428;   10;   7.8;   1.9;    3;   0.3;   6;    0.983;   0;   7.5;   6.8;  913.59;    3.2;   89.00;    6.4;    1.5;    0.0;eor
        840;20190429;   10;  10.4;   2.3;    3;  20.4;   6;    0.000;   0;   7.7;   7.8;  913.63;    3.9;   95.88;    6.0;    2.5;    2.6;eor
        840;20190430;   10;   8.3;   2.1;    3;   0.0;   0;   10.967;   0;   4.2;   6.4;  913.22;    4.5;   77.00;    9.2;    0.0;   -3.0;eor
        840;20190501;   10;   8.3;   1.6;    3;   0.0;   6;    5.417;   0;   6.6;   7.8;  911.01;    7.8;   75.50;   13.9;    0.5;   -2.5;eor
        840;20190502;   10;  11.4;   1.9;    3;   2.1;   6;    7.350;   0;   6.5;   7.9;  905.36;    8.0;   75.88;   14.2;    2.8;   -1.1;eor
        840;20190503;   10;   7.7;   1.4;    3;   2.5;   8;    0.283;   0;   7.7;   6.7;  905.23;    2.5;   90.92;    5.1;   -1.6;   -4.0;eor
        840;20190504;   10;   7.8;   2.0;    3;   9.9;   7;    0.000;   1;   7.5;   5.4;  902.67;   -0.6;   92.54;    1.4;   -2.1;   -2.1;eor
        840;20190505;   10;   6.6;   1.6;    3;   0.9;   7;    2.417;   3;   7.7;   5.4;  910.52;   -0.5;   91.13;    2.6;   -2.2;   -5.0;eor
        840;20190506;   10;   6.3;   1.3;    3;   0.1;   8;    2.150;   0;   6.3;   5.0;  913.14;    0.5;   79.71;    4.3;   -3.1;   -6.8;eor
        840;20190507;   10;   6.2;   1.4;    3;   0.0;   8;    1.183;   0;   6.5;   5.4;  912.85;    2.4;   74.50;    6.6;   -2.5;   -7.3;eor
        840;20190508;   10;  12.1;   3.9;    3;   0.4;   6;    5.783;   0;   7.3;   6.8;  904.23;    6.2;   72.08;   12.2;    1.2;   -0.9;eor
        840;20190509;   10;  10.3;   3.3;    3;   6.6;   6;    2.733;   0;   7.6;   8.1;  899.28;    7.2;   80.92;   11.7;    5.1;    4.6;eor
        840;20190510;   10;  12.5;   2.8;    3;   0.4;   6;    5.117;   0;   6.7;   7.7;  906.25;    6.9;   79.08;   10.7;    1.9;   -1.5;eor
        840;20190511;   10;   9.6;   2.4;    3;  25.1;   8;    0.300;   0;   7.6;   8.8;  908.18;    6.2;   92.58;   10.0;    2.3;   -0.1;eor
        840;20190512;   10;  11.3;   2.9;    3;   0.0;   6;    2.583;   0;   7.9;   6.4;  921.40;    3.5;   82.67;    7.3;    0.6;    0.4;eor
        840;20190513;   10;  10.5;   1.9;    3;   0.3;   7;    8.183;   0;   5.3;   5.3;  927.96;    3.4;   69.63;    8.0;   -0.2;   -3.3;eor
        840;20190514;   10;  11.7;   2.1;    3;   2.5;   8;    5.467;   0;   5.1;   5.7;  923.46;    1.6;   83.04;    5.7;   -1.1;   -4.7;eor
        840;20190515;   10;   9.2;   2.0;    3;   3.7;   8;    0.000;   0;   6.7;   5.7;  917.77;   -0.1;   92.54;    1.4;   -2.4;   -4.9;eor
        840;20190516;   10;   6.9;   1.8;    3;   1.5;   6;    0.000;   0;   8.0;   7.2;  910.61;    2.6;   96.96;    4.2;    1.2;    1.3;eor
        840;20190517;   10;  10.5;   3.9;    3;   0.0;   0;    6.133;-999;   5.0;   8.3;  906.67;    7.4;   81.38;   12.0;    4.1;    3.9;eor
        840;20190518;   10;   8.5;   3.1;    3;   0.0;   0;   11.317;-999;   3.8;   9.3;  904.79;   10.8;   73.96;   15.5;    5.4;    4.4;eor
        840;20190519;   10;   9.3;   3.1;    3;   0.1;   6;   11.650;-999;   5.8;   9.7;  903.03;   13.5;   64.13;   17.7;    8.0;    5.3;eor
        840;20190520;   10;   7.2;   1.3;    3;   4.6;   6;    0.167;-999;   7.7;  11.7;  900.66;   11.1;   88.38;   13.8;    8.4;    5.9;eor
        840;20190521;   10;   7.1;   1.6;    3;  43.2;   6;    1.267;-999;   7.6;  11.7;  903.68;   11.2;   88.00;   14.5;    7.9;    5.2;eor
        840;20190522;   10;  10.3;   2.4;    3;   8.9;   6;    0.000;-999;   7.8;  10.4;  911.70;    8.0;   97.29;    9.5;    5.6;    5.3;eor
        840;20190523;   10;   7.9;   1.7;    3;   0.0;   0;    8.850;-999;   6.7;   8.6;  915.14;    8.6;   78.29;   13.6;    4.4;    2.0;eor
        840;20190524;   10;   6.3;   1.5;    3;   0.0;   0;    6.517;-999;   7.0;   8.7;  912.75;   10.9;   69.04;   17.4;    3.8;    1.0;eor
        840;20190525;   10;   6.4;   1.3;    3;   3.5;   6;    8.300;-999;   5.0;  10.2;  912.55;   10.4;   81.42;   15.8;    4.4;    2.0;eor
        840;20190526;   10;  12.0;   2.6;    3;   0.0;   0;   11.700;-999;   6.3;   9.6;  912.07;   12.1;   70.63;   17.2;    6.1;    3.3;eor
        840;20190527;   10;   9.9;   2.5;    3;   3.9;   6;    7.733;-999;   7.4;  10.7;  907.60;   13.0;   72.17;   17.4;    7.9;    4.8;eor
        840;20190528;   10;   8.2;   1.5;    3;  10.9;   6;    0.150;-999;   7.9;  10.5;  905.08;    8.7;   92.79;   11.0;    6.6;    6.7;eor
        840;20190529;   10;  10.2;   2.0;    3;   0.3;   6;    1.917;-999;   7.0;   8.0;  915.84;    5.8;   86.88;    9.1;    0.2;   -2.3;eor
        840;20190530;   10;   7.5;   1.5;    3;   0.6;   6;   14.033;-999;   3.0;   6.9;  921.20;    9.4;   61.79;   15.8;   -1.4;   -3.2;eor
        840;20190531;   10;   6.1;   1.3;    3;   0.0;   6;    1.483;-999;   7.5;  11.9;  921.88;   12.9;   80.79;   17.6;    8.4;    5.6;eor
        840;20190601;   10;   6.2;   1.6;    3;   0.0;   0;   11.450;-999;   5.4;  11.6;  920.41;   15.7;   68.46;   22.1;    8.3;    5.4;eor
        840;20190602;   10;   7.5;   2.1;    3;   0.0;   0;   14.300;-999;   4.0;  11.2;  917.42;   18.7;   55.54;   24.6;    9.8;    6.7;eor
        840;20190603;   10;   9.7;   2.7;    3;   0.0;   0;   12.233;-999;   3.0;  11.6;  914.84;   19.7;   52.79;   25.7;   12.8;    8.2;eor
        840;20190604;   10;   6.4;   1.7;    3;   0.0;   0;    9.883;-999;   4.0;  11.9;  912.33;   18.7;   57.04;   24.0;   10.3;    7.4;eor
        840;20190605;   10;   9.5;   2.6;    3;   0.0;   0;   11.950;-999;   1.5;  12.5;  908.80;   20.9;   51.88;   25.4;   16.1;   12.4;eor
        840;20190606;   10;   9.0;   2.7;    3;   5.9;   6;    5.000;-999;   5.0;  13.8;  909.20;   15.3;   80.00;   20.2;    8.5;    8.0;eor
        840;20190607;   10;  11.5;   3.6;    3;   0.0;   6;    8.550;-999;   4.0;  13.0;  912.17;   13.6;   83.25;   19.0;    5.9;    3.4;eor
        840;20190608;   10;  14.1;   4.0;    3;   0.0;   6;    9.550;-999;   4.4;   8.0;  919.08;   11.4;   60.71;   16.1;    4.1;    1.2;eor
        840;20190609;   10;  10.4;   3.0;    3;   0.0;   0;   11.450;-999;   5.6;   9.0;  920.26;   14.4;   56.54;   19.7;    3.5;    0.8;eor
        840;20190610;   10;   7.7;   2.4;    3;  33.7;   8;    4.317;-999;   7.3;  14.2;  912.55;   17.5;   72.00;   22.7;   13.5;   12.4;eor
        840;20190611;   10;   9.3;   2.2;    3;   0.0;   0;    8.433;-999;   5.7;  16.6;  909.04;   17.4;   84.75;   23.9;   13.2;   12.4;eor
        840;20190612;   10;  15.3;   2.9;    3;  19.3;   8;    9.417;-999;   6.0;  15.7;  908.64;   17.7;   80.58;   25.9;   11.9;    7.9;eor
        840;20190613;   10;   6.7;   1.4;    3;   0.0;   6;    5.050;-999;   5.6;  12.4;  913.66;   13.8;   79.42;   18.6;    8.6;    6.7;eor
        840;20190614;   10;  12.8;   3.6;    3;   0.0;   6;   11.600;-999;   3.7;  12.7;  916.02;   18.7;   61.58;   24.7;    8.0;    5.5;eor
        840;20190615;   10;  13.7;   3.6;    3;   5.7;   6;   11.167;-999;   6.2;  14.6;  912.28;   20.3;   62.08;   24.8;   14.5;   11.6;eor
        840;20190616;   10;   6.6;   1.4;    3;   4.5;   6;    1.217;-999;   7.7;  12.7;  918.12;   13.2;   84.08;   16.8;   10.4;    9.9;eor
        840;20190617;   10;   8.0;   1.9;    3;   0.0;   0;    8.183;-999;   5.9;  11.2;  919.15;   15.3;   67.00;   20.9;    7.8;    5.6;eor
        840;20190618;   10;   9.3;   3.2;    3;   0.0;   0;   12.600;-999;   3.3;  12.4;  915.52;   18.0;   61.13;   22.5;   12.9;   10.5;eor
        840;20190619;   10;   9.0;   2.7;    3;   1.4;   6;   10.633;-999;   5.8;  13.9;  911.27;   19.6;   61.67;   24.3;   16.4;   14.5;eor
        840;20190620;   10;  13.4;   3.1;    3;   0.1;   6;    4.917;-999;   6.2;  13.3;  911.54;   17.8;   66.00;   21.7;   12.6;    9.6;eor
        840;20190621;   10;   7.4;   1.5;    3;   0.1;   6;    8.200;-999;   4.5;  13.0;  915.95;   15.0;   76.83;   18.8;   11.2;    6.9;eor
        840;20190622;   10;  11.1;   3.1;    3;   4.6;   6;    3.750;-999;   6.0;  13.7;  917.70;   14.6;   82.29;   18.3;   10.3;    7.0;eor
        840;20190623;   10;  11.2;   3.4;    3;   0.0;   0;    8.367;-999;   5.5;  13.0;  918.67;   16.9;   67.92;   21.0;   13.2;   10.4;eor
        840;20190624;   10;   7.3;   2.6;    3;   0.0;   0;   15.167;-999;   0.5;  11.4;  921.34;   18.4;   54.67;   23.3;   12.4;    9.5;eor
        840;20190625;   10;  11.3;   3.1;    3;   0.0;   0;   15.117;-999;   5.2;  14.7;  921.41;   21.6;   57.54;   26.9;   14.6;   10.9;eor
        840;20190626;   10;   9.3;   2.0;    3;   0.0;   0;   14.100;-999;   1.6;  16.5;  922.30;   25.1;   54.17;   31.1;   17.7;   13.3;eor
        840;20190627;   10;   8.3;   2.0;    3;   0.0;   0;   13.850;-999;   0.5;  11.2;  921.84;   18.0;   56.08;   22.0;   10.8;    9.6;eor
        840;20190628;   10;   7.0;   1.8;    3;   0.0;   0;   10.900;-999;   3.3;  10.3;  921.31;   13.1;   70.38;   19.3;    7.9;    4.4;eor
        840;20190629;   10;   7.5;   2.1;    3;   0.0;   0;   15.150;-999;   0.1;   9.6;  919.80;   18.6;   49.42;   26.3;    6.0;    3.4;eor
        840;20190630;   10;   9.7;   2.8;    3;   0.0;   0;   14.700;-999;   0.4;  10.1;  916.01;   24.0;   36.00;   31.2;   15.7;   10.7;eor
        840;20190701;   10;  10.9;   2.4;    3;   0.0;   6;    8.867;-999;   6.2;  14.8;  914.83;   21.7;   56.75;   26.4;   14.5;   11.8;eor
        840;20190702;   10;   8.1;   1.9;    3;   0.0;   0;   10.817;-999;   2.8;   9.5;  917.72;   14.0;   60.21;   18.7;    7.6;    2.6;eor
        840;20190703;   10;   7.2;   1.6;    3;   0.0;   0;   13.150;-999;   1.0;   7.8;  919.48;   11.3;   59.67;   16.4;    5.5;    1.8;eor
        840;20190704;   10;   6.7;   1.4;    3;   0.0;   0;   14.500;-999;   3.2;   7.8;  919.15;   12.6;   56.33;   19.7;    5.1;    1.2;eor
        840;20190705;   10;   9.3;   1.8;    3;   0.0;   0;    5.367;-999;   6.8;   8.9;  914.53;   14.6;   54.25;   21.5;    7.8;    6.4;eor
        840;20190706;   10;  11.4;   2.7;    3;   2.1;   6;    9.550;-999;   5.9;   9.7;  909.64;   17.7;   51.17;   24.6;    8.3;    5.5;eor
        840;20190707;   10;   8.2;   1.6;    3;   0.3;   6;    3.267;-999;   6.4;   9.8;  909.82;   10.4;   77.54;   16.0;    5.1;    1.5;eor
        840;20190708;   10;   7.7;   1.6;    3;   0.0;   6;    4.267;-999;   7.0;   7.7;  913.67;    8.9;   68.92;   13.4;    3.7;    0.9;eor
        840;20190709;   10;   7.7;   1.3;    3;   0.4;   6;    0.350;-999;   7.9;   8.6;  914.93;    8.6;   77.67;   11.7;    6.6;    5.9;eor
        840;20190710;   10;   7.0;   1.5;    3;   0.8;   6;    7.700;-999;   7.7;   8.4;  915.36;   11.1;   66.13;   16.5;    7.0;    7.0;eor
        840;20190711;   10;   6.3;   1.5;    3;   4.0;   6;    0.050;-999;   7.8;  11.3;  912.27;   12.1;   80.13;   15.4;    9.0;    8.4;eor
        840;20190712;   10;   9.9;   1.8;    3;  32.2;   8;    2.067;-999;   7.8;  12.7;  909.99;   12.2;   89.25;   17.3;    9.3;    8.9;eor
        840;20190713;   10;   6.9;   1.5;    3;  21.0;   6;    1.033;-999;   7.7;  12.8;  911.71;   11.4;   94.67;   14.2;    9.6;    9.5;eor
        840;20190714;   10;   6.2;   1.5;    3;   0.5;   6;    0.000;-999;   7.9;  12.3;  914.28;   10.5;   97.08;   11.1;    9.6;    9.4;eor
        840;20190715;   10;   6.1;   1.6;    3;   0.0;   0;    6.883;-999;   5.6;  11.8;  914.48;   11.7;   86.50;   16.1;    8.6;    6.7;eor
        840;20190716;   10;   7.0;   1.7;    3;   0.0;   0;    6.300;-999;   6.4;  10.6;  913.88;   10.6;   83.67;   16.1;    7.3;    5.7;eor
        840;20190717;   10;   5.6;   1.4;    3;   0.0;   0;    6.783;-999;   5.8;  11.9;  912.71;   12.1;   84.58;   17.2;    9.2;    6.3;eor
        840;20190718;   10;   6.9;   1.9;    3;   0.6;   6;    8.617;-999;   5.0;  10.5;  911.71;   15.8;   60.00;   21.2;   10.5;    8.4;eor
        840;20190719;   10;  11.2;   2.1;    3;   1.9;   6;    0.583;-999;   7.5;  13.6;  914.10;   14.2;   83.54;   17.9;   10.3;    8.1;eor
        840;20190720;   10;  10.2;   2.2;    3;   0.3;   6;   11.033;-999;   7.6;  14.0;  914.47;   18.6;   68.08;   25.0;   10.5;    7.6;eor
        840;20190721;   10;   8.1;   1.4;    3;  13.4;   8;    6.133;-999;   7.2;  14.4;  918.54;   15.8;   80.92;   19.9;   10.5;    8.8;eor
        840;20190722;   10;   7.0;   1.4;    3;   0.0;   6;   11.150;-999;   6.8;  12.2;  921.94;   16.8;   66.54;   22.9;    8.9;    7.1;eor
        840;20190723;   10;   6.5;   1.3;    3;   0.0;   0;   14.617;-999;   0.7;  12.7;  921.08;   19.3;   59.00;   25.5;   12.3;    9.7;eor
        840;20190724;   10;   6.9;   1.6;    3;   0.0;   0;   14.567;-999;   0.6;  12.0;  918.22;   22.6;   46.00;   28.9;   14.1;    9.8;eor
        840;20190725;   10;   7.1;   1.7;    3;   0.0;   0;   14.283;-999;   1.5;  11.8;  917.60;   24.2;   40.42;   29.5;   17.5;   12.7;eor
        840;20190726;   10;   8.2;   2.2;    3;   0.0;   0;   13.367;-999;   1.5;  12.3;  912.12;   21.5;   48.63;   27.2;   14.1;   10.4;eor
        840;20190727;   10;   7.6;   2.5;    3;   0.0;   0;    7.317;-999;   5.2;  12.9;  904.58;   19.2;   58.21;   23.9;   14.9;   10.1;eor
        840;20190728;   10;   7.9;   2.2;    3;   0.0;   0;    6.383;-999;   7.3;  15.4;  902.45;   17.7;   76.83;   22.1;   13.8;   11.7;eor
        840;20190729;   10;   5.6;   1.4;    3;   0.0;   6;    1.383;-999;   7.4;  17.3;  909.07;   18.2;   82.71;   21.8;   14.3;   12.0;eor
        840;20190730;   10;   5.8;   1.2;    3;   0.0;   0;    1.133;-999;   7.6;  17.0;  912.13;   18.0;   82.96;   21.5;   13.8;   11.2;eor
        840;20190731;   10;   8.2;   1.6;    3;   1.4;   6;    3.667;-999;   4.7;  14.2;  914.77;   14.6;   85.46;   18.7;   10.9;    6.4;eor
        840;20190801;   10;   5.8;   1.3;    3;   0.0;   0;    8.283;-999;   4.6;  10.9;  915.60;   14.1;   70.29;   19.4;    7.6;    4.9;eor
        840;20190802;   10;   5.4;   1.0;    3;   0.0;   6;    3.250;-999;   6.9;  11.2;  913.42;   14.5;   70.17;   20.1;    8.1;    5.8;eor
        840;20190803;   10;   7.1;   1.3;    3;   1.2;   6;    2.483;-999;   6.9;  12.3;  913.32;   13.0;   82.04;   18.0;   10.0;    7.4;eor
        840;20190804;   10;   6.4;   1.2;    3;   0.0;   0;    9.183;-999;   4.8;  12.4;  914.84;   15.1;   74.50;   20.4;   10.7;    7.8;eor
        840;20190805;   10;   8.4;   2.6;    3;   0.0;   6;    3.133;-999;   8.0;  12.9;  912.52;   16.8;   68.00;   20.7;   12.2;    9.1;eor
        840;20190806;   10;   9.4;   2.5;    3;   2.5;   6;    5.400;-999;   7.5;  14.4;  911.14;   17.0;   75.13;   22.1;   12.8;   10.3;eor
        840;20190807;   10;   9.2;   2.6;    3;  17.1;   6;    0.550;-999;   7.3;  15.2;  908.55;   14.4;   92.29;   16.8;   11.3;   10.0;eor
        840;20190808;   10;  10.2;   2.5;    3;   0.0;   0;    9.067;-999;   5.5;  12.8;  911.99;   14.3;   79.92;   19.6;   10.0;    6.8;eor
        840;20190809;   10;   8.6;   2.5;    3;  10.2;   6;    9.850;-999;   5.8;  13.1;  912.44;   18.2;   64.92;   24.4;    9.5;    6.3;eor
        840;20190810;   10;  12.9;   3.7;    3;   0.2;   6;    1.333;-999;   6.2;  15.9;  913.58;   16.3;   85.63;   18.7;   12.5;   10.1;eor
        840;20190811;   10;   9.1;   2.3;    3;   8.7;   6;   12.750;-999;   3.6;  12.9;  915.37;   17.1;   69.08;   22.6;   11.0;    7.2;eor
        840;20190812;   10;   7.6;   1.5;    3;   0.1;   6;    1.883;-999;   7.8;  12.8;  914.39;   12.9;   86.04;   15.7;   10.8;   10.3;eor
        840;20190813;   10;  10.8;   2.8;    3;   0.0;   6;    8.383;-999;   5.5;  10.4;  915.09;   12.4;   73.88;   16.3;    7.5;    3.9;eor
        840;20190814;   10;   7.4;   1.5;    3;   0.2;   6;    5.683;-999;   4.5;   9.2;  915.70;   10.3;   74.67;   15.8;    4.9;    1.8;eor
        840;20190815;   10;  12.5;   3.4;    3;   0.6;   6;    3.950;-999;   5.8;  11.2;  912.80;   11.8;   80.63;   16.1;    5.7;    2.3;eor
        840;20190816;   10;   9.3;   2.0;    3;   0.2;   6;    4.533;-999;   7.2;  11.4;  915.03;   12.5;   79.50;   16.6;    9.0;    4.4;eor
        840;20190817;   10;  12.3;   3.3;    3;   0.3;   6;    0.150;-999;   7.4;  12.0;  912.33;   14.3;   73.17;   17.7;    9.4;    4.7;eor
        840;20190818;   10;  13.4;   3.5;    3;   4.8;   6;    9.433;-999;   5.3;  15.1;  909.82;   18.1;   74.75;   24.7;   13.1;   10.4;eor
        840;20190819;   10;   9.1;   1.9;    3;   0.5;   6;    4.283;-999;   7.3;  13.7;  915.40;   15.0;   81.17;   19.7;   10.3;    7.4;eor
        840;20190820;   10;   5.8;   1.3;    3;   9.2;   6;    1.217;-999;   7.6;  11.9;  919.90;   13.5;   79.00;   18.7;    9.8;    7.8;eor
        840;20190821;   10;   5.0;   1.4;    3;   0.0;   0;    9.283;-999;   4.5;  10.6;  924.80;   12.1;   76.58;   16.9;    7.9;    5.1;eor
        840;20190822;   10;   8.0;   2.3;    3;   0.0;   0;   12.667;-999;   2.0;   9.7;  924.29;   14.2;   61.88;   19.6;    6.9;    3.1;eor
        840;20190823;   10;   6.6;   1.7;    3;   0.0;   0;   13.050;-999;   0.0;  11.1;  923.60;   15.6;   65.17;   22.4;    7.7;    4.1;eor
        840;20190824;   10;   7.7;   2.3;    3;   0.0;   0;    7.000;-999;   3.3;  15.0;  920.82;   17.3;   76.50;   22.4;   10.7;    6.0;eor
        840;20190825;   10;  10.2;   3.1;    3;   0.0;   0;   12.367;-999;   1.0;  15.8;  919.33;   20.2;   68.13;   24.9;   16.1;   12.3;eor
        840;20190826;   10;   8.7;   2.0;    3;   0.6;   6;    8.850;-999;   2.5;  16.0;  918.88;   19.2;   73.25;   25.1;   14.4;   10.8;eor
        840;20190827;   10;   6.7;   2.1;    3;   0.0;   0;    6.233;-999;   5.2;  15.9;  917.58;   19.6;   69.88;   24.2;   15.1;   11.8;eor
        840;20190828;   10;   7.4;   2.2;    3;   0.0;   0;    9.850;-999;   5.7;  15.7;  916.53;   20.2;   68.17;   25.6;   14.2;   11.1;eor
        840;20190829;   10;  12.0;   1.5;    3;   0.8;   6;    6.467;-999;   7.5;  15.5;  918.44;   18.7;   72.92;   25.5;   14.2;   11.1;eor
        840;20190830;   10;   6.5;   1.7;    3;   5.7;   6;    8.050;-999;   2.8;  16.2;  921.00;   18.9;   75.71;   25.8;   12.3;   10.3;eor
        840;20190831;   10;   8.4;   2.4;    3;   0.0;   0;   12.033;-999;   0.7;  15.2;  916.22;   20.7;   63.42;   25.3;   14.6;   11.0;eor
        840;20190901;   10;   9.4;   2.2;    3;   1.1;   6;    6.300;-999;   5.0;  15.3;  912.27;   17.5;   77.21;   23.3;   11.1;    9.9;eor
        840;20190902;   10;   6.7;   1.5;    3;   0.0;   0;    5.050;-999;   5.0;   9.0;  918.62;   10.2;   72.88;   15.1;    3.7;    0.5;eor
        840;20190903;   10;   8.5;   2.0;    3;   0.0;   0;   12.117;-999;   2.1;   7.5;  920.84;   10.8;   62.13;   18.4;    2.2;   -0.5;eor
        840;20190904;   10;   9.8;   2.7;    3;   0.1;   6;   12.317;-999;   0.1;   8.7;  915.67;   13.9;   56.92;   20.6;    5.5;    2.7;eor
        840;20190905;   10;   8.5;   1.5;    3;   0.0;   6;    3.500;-999;   6.3;   9.6;  915.06;   11.7;   70.58;   16.5;    7.7;    3.9;eor
        840;20190906;   10;   5.4;   1.7;    3;   2.8;   6;    4.067;-999;   7.2;   8.7;  919.51;    9.8;   73.21;   14.4;    5.2;    2.0;eor
        840;20190907;   10;   3.9;   1.1;    3;   1.4;   6;    0.467;-999;   7.8;   9.9;  915.60;    9.4;   84.04;   11.6;    7.5;    6.9;eor
        840;20190908;   10;   7.8;   1.4;    3;  24.0;   6;    0.567;-999;   7.6;   9.7;  913.73;    9.3;   83.92;   12.6;    5.9;    3.9;eor
        840;20190909;   10;  12.0;   2.4;    3;  42.6;   6;    0.000;-999;   7.5;  10.1;  909.15;    7.6;   96.29;    8.2;    6.9;    6.6;eor
        840;20190910;   10;   6.8;   1.9;    3;   0.0;   0;    7.467;-999;   6.1;   9.2;  915.07;    8.5;   84.17;   13.2;    3.3;    0.6;eor
        840;20190911;   10;   7.2;   1.5;    3;   0.3;   6;   10.883;-999;   1.6;   8.2;  920.40;    9.4;   73.13;   16.7;    2.1;   -0.4;eor
        840;20190912;   10;   9.3;   2.8;    3;   0.2;   6;    3.833;-999;   5.7;  11.9;  925.49;   12.0;   84.42;   15.9;    9.3;    6.7;eor
        840;20190913;   10;   8.2;   1.8;    3;   0.1;   6;    0.517;-999;   7.0;  13.6;  927.56;   13.6;   87.25;   16.4;   11.0;    6.0;eor
        840;20190914;   10;   6.0;   1.5;    3;   0.0;   0;    6.133;-999;   5.5;  10.8;  927.85;   11.3;   81.29;   15.0;    8.2;    4.5;eor
        840;20190915;   10;   9.9;   2.8;    3;   0.0;   0;    9.450;-999;   4.5;  11.6;  920.81;   14.1;   73.46;   20.4;    7.3;    3.8;eor
        840;20190916;   10;   8.5;   1.7;    3;   7.8;   6;    0.133;-999;   7.1;  10.9;  916.32;   11.5;   79.92;   15.5;    7.9;    3.8;eor
        840;20190917;   10;   9.7;   2.1;    3;   0.6;   6;    3.633;-999;   7.2;   9.0;  914.39;    7.8;   85.29;   11.1;    4.1;    3.4;eor
        840;20190918;   10;   8.1;   1.7;    3;   0.1;   6;    4.050;-999;   5.9;   7.3;  919.29;    5.4;   81.92;   10.1;    2.2;   -0.8;eor
        840;20190919;   10;   8.2;   1.6;    3;   0.0;   6;    4.617;-999;   7.2;   6.7;  923.05;    4.3;   81.71;    8.6;   -0.2;   -2.7;eor
        840;20190920;   10;   5.3;   1.2;    3;   0.0;   0;   10.750;-999;   3.9;   6.6;  923.61;    5.1;   76.79;   11.2;   -0.7;   -3.0;eor
        840;20190921;   10;   9.4;   2.6;    3;   0.0;   0;   11.233;-999;   0.0;   7.7;  919.20;   10.9;   59.83;   17.4;    4.9;    2.8;eor
        840;20190922;   10;  10.7;   3.8;    3;   0.0;   0;   10.850;-999;   2.8;   8.2;  911.84;   13.2;   54.67;   19.1;    9.8;    6.6;eor
        840;20190923;   10;   6.6;   1.5;    3;   2.4;   6;    5.433;-999;   8.0;  10.8;  911.60;   12.0;   76.71;   16.8;    7.0;    2.9;eor
        840;20190924;   10;   5.6;   1.4;    3;   4.5;   6;    1.733;-999;   7.8;  11.9;  911.06;   11.3;   88.71;   14.6;   10.2;    8.5;eor
        840;20190925;   10;  13.8;   3.0;    3;   7.2;   6;    1.117;-999;   7.6;  11.5;  906.37;   10.1;   93.29;   11.9;    8.7;    8.0;eor
        840;20190926;   10;   8.8;   2.8;    3;   5.7;   6;    2.217;-999;   7.7;  12.0;  910.59;   10.9;   91.42;   14.6;    8.4;    7.9;eor
        840;20190927;   10;  10.8;   4.0;    3;   8.0;   6;    0.000;-999;   7.5;  12.6;  910.31;   11.1;   94.63;   12.6;    8.0;    7.0;eor
        840;20190928;   10;  13.9;   4.6;    3;   1.0;   6;    1.050;-999;   6.8;  10.9;  911.90;    9.7;   90.96;   12.2;    7.9;    6.8;eor
        840;20190929;   10;  18.3;   5.3;    3;   3.8;   6;    3.450;-999;   7.6;  10.2;  905.80;   11.5;   76.17;   14.8;    8.3;    7.4;eor
        840;20190930;   10;  19.7;   5.4;    3;   1.8;   6;    0.383;-999;   7.1;  10.4;  904.87;    9.2;   88.71;   11.5;    7.2;    5.9;eor
        840;20191001;   10;  14.2;   4.4;    3;   4.1;   6;    1.550;   0;   7.5;  11.1;  904.37;   10.0;   90.42;   12.1;    7.5;    6.5;eor
        840;20191002;   10;  13.4;   3.1;    3;   8.9;   6;    0.000;   0;   7.2;   9.3;  903.66;    6.3;   95.00;   10.7;    1.9;    0.8;eor
        840;20191003;   10;  10.9;   3.0;    3;  12.8;   6;    0.000;   0;   7.3;   8.0;  910.83;    4.2;   96.33;    5.7;    1.9;    0.9;eor
        840;20191004;   10;   8.3;   2.6;    3;  15.1;   6;    0.000;   0;   7.6;   8.2;  906.33;    4.9;   93.96;    6.2;    4.0;    3.6;eor
        840;20191005;   10;  12.5;   3.1;    3;  15.0;   8;    0.000;   0;   7.8;   7.9;  907.25;    3.9;   97.33;    6.8;    1.8;    2.0;eor
        840;20191006;   10;   7.7;   2.6;    3;   0.1;   6;    2.550;   0;   7.5;   6.7;  913.01;    3.0;   88.92;    4.8;    1.1;   -0.2;eor
        840;20191007;   10;   8.6;   1.6;    3;   0.3;   6;    8.400;   0;   4.5;   6.2;  913.67;    2.9;   83.46;    7.9;   -1.3;   -5.7;eor
        840;20191008;   10;  13.8;   4.3;    3;  20.5;   6;    0.000;   0;   7.5;   9.6;  907.91;    6.7;   97.08;    9.1;    3.2;    3.2;eor
        840;20191009;   10;  12.7;   3.7;    3;   5.4;   6;    0.433;   0;   7.6;   9.4;  907.23;    7.1;   92.38;    8.9;    5.6;    4.4;eor
        840;20191010;   10;  12.8;   4.6;    3;  10.1;   6;    0.267;   0;   7.1;   8.4;  910.30;    5.3;   94.13;    6.8;    4.5;    3.4;eor
        840;20191011;   10;  12.0;   4.5;    3;   0.0;   6;    0.100;   0;   7.3;   9.8;  914.05;    7.8;   92.17;    9.5;    5.7;    4.9;eor
        840;20191012;   10;  12.6;   4.2;    3;   0.0;   0;    9.233;   0;   3.7;  10.9;  912.80;   12.0;   78.00;   17.1;    7.2;    5.8;eor
        840;20191013;   10;  11.9;   3.5;    3;   0.0;   0;    8.617;   0;   2.3;  12.0;  914.39;   14.6;   73.08;   19.3;   10.7;    8.8;eor
        840;20191014;   10;   8.4;   2.8;    3;   0.0;   0;   10.017;   0;   2.2;  12.3;  913.84;   15.0;   72.46;   20.7;   10.9;    7.3;eor
        840;20191015;   10;   9.4;   1.8;    3;   2.8;   6;    9.417;   0;   4.4;  11.6;  906.97;   12.2;   83.13;   20.5;    7.4;    3.7;eor
        840;20191016;   10;  12.2;   4.2;    3;   0.5;   6;    1.133;   0;   6.7;   9.7;  909.89;    7.9;   90.42;    9.8;    6.6;    5.5;eor
        840;20191017;   10;  10.1;   3.1;    3;   0.3;   6;    3.050;   0;   7.9;   9.1;  912.22;    9.0;   79.00;   12.8;    5.8;    4.3;eor
        840;20191018;   10;  10.8;   3.5;    3;   2.3;   6;    1.700;   0;   7.6;  11.0;  910.32;   10.1;   88.21;   13.0;    7.1;    5.5;eor
        840;20191019;   10;  12.2;   3.4;    3;   2.5;   6;    0.150;   0;   7.7;  10.0;  909.09;    8.3;   91.50;    9.4;    7.3;    6.1;eor
        840;20191020;   10;  10.1;   3.2;    3;   0.0;   0;    8.250;   0;   7.3;  10.3;  909.49;   11.2;   78.17;   15.8;    8.0;    6.8;eor
        840;20191021;   10;   6.4;   1.5;    3;   0.0;   0;    3.200;   0;   7.2;  10.8;  916.02;   11.6;   79.58;   16.8;    7.0;    4.1;eor
        840;20191022;   10;   4.5;   1.2;    3;   0.0;   0;    4.517;   0;   6.9;  11.4;  920.31;   10.5;   89.88;   16.2;    6.6;    2.8;eor
        840;20191023;   10;   8.1;   2.7;    3;   0.0;   0;    7.167;   0;   6.4;  12.0;  915.17;   11.1;   91.21;   14.2;    8.5;    4.6;eor
        840;20191024;   10;   9.0;   2.3;    3;   0.0;   6;    8.000;   0;   6.8;  10.0;  910.08;   11.9;   73.17;   17.3;    6.8;    3.4;eor
        840;20191025;   10;  11.2;   3.1;    3;   0.0;   0;    4.500;   0;   6.8;  10.0;  917.77;    9.9;   82.42;   12.7;    6.4;    2.1;eor
        840;20191026;   10;  12.2;   4.1;    3;   0.0;   0;    8.933;   0;   5.6;  10.8;  916.78;   10.7;   84.33;   14.8;    8.5;    7.1;eor
        840;20191027;   10;  12.7;   3.5;    3;   3.8;   6;    3.650;   0;   6.9;   9.1;  915.09;    8.4;   82.79;   12.8;    2.4;    2.3;eor
        840;20191028;   10;   6.8;   1.2;    3;   0.0;   0;    3.783;   0;   7.1;   6.4;  916.60;    1.9;   91.04;    6.4;   -2.0;   -5.2;eor
        840;20191029;   10;   7.0;   1.4;    3;   0.0;   6;    0.183;   0;   7.3;   6.1;  917.95;    0.8;   93.92;    2.5;   -1.8;   -4.4;eor
        840;20191030;   10;   8.2;   2.7;    3;   0.0;   0;    4.200;   0;   3.8;   4.7;  921.28;   -0.6;   80.38;    3.3;   -3.7;   -9.2;eor
        840;20191031;   10;  10.6;   2.8;    3;   0.0;   0;    9.200;   0;   2.7;   4.3;  918.29;   -1.2;   77.75;    3.6;   -4.7;   -9.4;eor
        840;20191101;   10;  12.5;   3.9;    3;   5.9;   8;    2.417;   0;   7.4;   5.6;  908.46;   -0.2;   92.83;    3.7;   -3.2;   -3.9;eor
        840;20191102;   10;  11.8;   3.7;    3;   5.0;   6;    0.000;   0;   7.7;  10.1;  896.15;    7.5;   97.21;    9.6;    3.7;    3.6;eor
        840;20191103;   10;  10.7;   2.8;    3;   8.0;   6;    0.600;   0;   7.6;   9.8;  890.15;    7.5;   94.33;    9.0;    5.7;    5.3;eor
        840;20191104;   10;  12.8;   4.1;    3;   2.7;   6;    0.033;   0;   7.5;   8.7;  891.06;    5.7;   94.83;    6.8;    4.9;    4.8;eor
        840;20191105;   10;  11.8;   3.3;    3;   0.0;   6;    0.367;   0;   6.7;   7.4;  895.44;    3.9;   91.83;    5.5;    1.8;   -0.5;eor
        840;20191106;   10;   8.5;   3.0;    3;   1.8;   6;    0.067;   0;   7.5;   7.3;  899.10;    3.2;   94.13;    4.3;    2.5;    1.2;eor
        840;20191107;   10;   8.9;   2.9;    3;   0.0;   6;    0.667;   0;   7.8;   7.3;  900.91;    3.4;   94.08;    4.8;    2.3;    0.7;eor
        840;20191108;   10;   7.2;   1.6;    3;   1.3;   6;    0.533;   0;   7.8;   7.1;  901.56;    3.0;   93.50;    5.1;    0.6;   -1.8;eor
        840;20191109;   10;   8.2;   1.8;    3;   4.3;   8;    0.000;   0;   7.1;   6.5;  903.77;    1.3;   95.50;    3.0;   -0.4;   -2.0;eor
        840;20191110;   10;   4.9;   1.2;    3;   0.0;   0;    3.733;   0;   4.3;   5.6;  908.25;    0.1;   91.29;    4.0;   -2.1;   -7.0;eor
        840;20191111;   10;  11.5;   3.3;    3;   0.0;   7;    5.500;   0;   4.9;   4.8;  906.12;   -2.3;   93.21;   -0.1;   -3.8;   -6.5;eor
        840;20191112;   10;  10.4;   3.3;    3;   0.4;   8;    0.000;   0;   7.8;   5.7;  902.16;   -0.4;   95.50;    0.4;   -1.9;   -1.9;eor
        840;20191113;   10;   8.1;   2.5;    3;   0.5;   7;    0.000;   0;   7.3;   5.6;  899.60;   -0.3;   94.46;    0.3;   -1.3;   -2.6;eor
        840;20191114;   10;  14.3;   4.6;    3;   0.0;   0;    4.100;   0;   7.2;   5.4;  901.87;   -0.5;   92.71;    1.6;   -1.5;   -2.7;eor
        840;20191115;   10;  15.3;   5.5;    3;   0.4;   6;    1.183;   0;   7.8;   7.3;  898.96;    3.4;   92.92;    5.4;    0.3;   -0.1;eor
        840;20191116;   10;  11.3;   2.7;    3;   0.0;   6;    0.317;   0;   7.7;   6.7;  904.38;    1.9;   93.88;    5.5;   -1.9;   -4.4;eor
        840;20191117;   10;  14.9;   4.4;    3;   0.9;   6;    0.000;   0;   7.8;   8.4;  904.09;    5.3;   93.04;    8.3;   -1.7;   -4.2;eor
        840;20191118;   10;  12.6;   4.0;    3;   3.9;   6;    0.250;   0;   6.5;   7.3;  903.60;    3.1;   93.08;    7.6;   -0.6;   -1.3;eor
        840;20191119;   10;  14.4;   2.7;    3;   1.6;   8;    0.133;   0;   7.2;   5.8;  911.18;    0.2;   92.46;    1.5;   -0.6;   -0.8;eor
        840;20191120;   10;   6.8;   1.6;    3;   0.1;   6;    0.000;   0;   8.0;   6.5;  910.81;    0.9;   98.42;    4.6;   -0.4;   -0.1;eor
        840;20191121;   10;   8.3;   2.2;    3;   3.0;   6;    0.000;   0;   7.8;   8.6;  905.88;    5.1;   97.96;    5.9;    3.3;    3.3;eor
        840;20191122;   10;  11.2;   3.7;    3;   0.0;   0;    3.383;   0;   7.3;   6.9;  905.49;    2.3;   96.04;    3.3;    0.8;   -0.6;eor
        840;20191123;   10;  13.4;   6.0;    3;   0.0;   0;    1.400;   0;   7.3;   7.1;  901.39;    2.8;   95.21;    4.5;    1.9;    1.2;eor
        840;20191124;   10;   9.4;   1.9;    3;   0.0;   0;    4.617;   0;   7.1;   6.8;  904.65;    2.9;   91.21;    6.9;    0.2;   -2.4;eor
        840;20191125;   10;   5.5;   1.1;    3;   0.0;   0;    3.567;   0;   7.9;   6.9;  906.25;    3.3;   88.38;   12.4;   -0.9;   -3.4;eor
        840;20191126;   10;   8.3;   1.9;    3;   0.0;   6;    0.200;   0;   8.0;   6.8;  904.37;    1.6;   97.67;    4.3;   -1.0;   -3.4;eor
        840;20191127;   10;  12.7;   4.0;    3;   3.2;   6;    0.100;   0;   7.7;   7.2;  896.45;    2.8;   96.46;    4.3;    1.6;    1.3;eor
        840;20191128;   10;  18.3;   5.5;    3;  10.5;   8;    0.000;   0;   7.4;   7.8;  894.13;    4.1;   94.58;    5.0;    3.6;    3.2;eor
        840;20191129;   10;  13.8;   3.1;    3;   7.8;   8;    1.067;   0;   7.3;   6.1;  901.77;    0.7;   93.50;    4.0;   -2.6;   -2.8;eor
        840;20191130;   10;   7.6;   1.4;    3;   0.0;   8;    0.000;   3;   7.2;   5.0;  915.21;   -2.0;   94.25;   -0.8;   -5.1;  -11.5;eor
        840;20191201;   10;  11.3;   2.3;    3;   0.0;   8;    2.267;   1;   6.8;   4.0;  913.53;   -3.8;   87.75;   -1.7;   -6.8;  -13.3;eor
        840;20191202;   10;  10.2;   1.9;    3;   1.3;   8;    0.017;   1;   7.8;   4.8;  915.00;   -2.5;   94.79;   -1.6;   -3.9;   -4.5;eor
        840;20191203;   10;   8.1;   1.7;    3;   1.1;   8;    1.017;   2;   7.7;   5.3;  920.00;   -1.3;   94.58;    0.2;   -3.0;   -8.0;eor
        840;20191204;   10;   8.4;   2.2;    3;   0.0;   0;    7.517;   2;   2.7;   4.4;  917.50;   -0.9;   77.58;    2.4;   -3.1;   -8.0;eor
        840;20191205;   10;   8.8;   2.5;    3;   0.0;   0;    7.367;   2;   2.0;   3.8;  914.56;   -2.2;   74.58;    2.0;   -5.4;   -8.2;eor
        840;20191206;   10;  14.0;   5.2;    3;   2.7;   8;    6.583;   3;   5.3;   4.2;  909.69;   -1.6;   77.58;    0.1;   -3.8;   -7.1;eor
        840;20191207;   10;  14.3;   5.1;    3;   0.9;   6;    0.000;   3;   7.7;   6.7;  907.65;    1.9;   95.63;    2.9;   -0.7;   -0.8;eor
        840;20191208;   10;  17.2;   6.0;    3;   3.6;   8;    0.083;   0;   7.6;   7.2;  903.73;    3.3;   92.54;    5.1;    1.7;    1.3;eor
        840;20191209;   10;  17.2;   4.8;    3;   6.2;   8;    0.000;   0;   7.5;   6.4;  899.73;    1.8;   91.75;    3.0;   -0.3;   -0.1;eor
        840;20191210;   10;  11.6;   2.8;    3;   0.3;   8;    0.033;   1;   6.4;   5.0;  915.60;   -1.8;   93.58;   -0.3;   -3.7;   -5.3;eor
        840;20191211;   10;  13.5;   4.5;    3;   1.3;   8;    2.083;   0;   7.0;   4.0;  907.20;   -2.8;   80.75;   -1.1;   -4.0;   -5.4;eor
        840;20191212;   10;  10.4;   2.8;    3;   0.6;   8;    0.000;   3;   7.8;   5.1;  898.13;   -1.8;   95.46;   -1.1;   -2.7;   -2.9;eor
        840;20191213;   10;  15.2;   4.8;    3;   4.9;   8;    0.150;   3;   7.6;   4.8;  881.99;   -2.6;   95.13;   -0.6;   -4.3;   -5.0;eor
        840;20191214;   10;  20.0;   5.6;    3;   7.3;   8;    0.000;   9;   7.4;   5.7;  889.98;   -0.2;   94.21;    0.8;   -1.2;   -0.7;eor
        840;20191215;   10;  14.7;   4.3;    3;  13.1;   6;    0.000;  11;   7.7;   6.8;  901.53;    2.1;   94.88;    5.0;   -0.2;   -0.9;eor
        840;20191216;   10;   9.5;   3.3;    3;   0.1;   6;    4.150;   3;   7.9;   7.4;  906.90;    4.2;   89.08;    7.5;    2.0;   -0.3;eor
        840;20191217;   10;   8.4;   3.0;    3;   0.0;   0;    4.917;   0;   7.3;   6.3;  906.45;    6.9;   63.21;   10.0;    3.8;   -0.1;eor
        840;20191218;   10;   9.3;   2.7;    3;   0.1;   6;    0.100;   0;   6.6;   7.7;  913.37;    5.5;   85.96;    8.1;    3.8;    0.5;eor
        840;20191219;   10;  10.7;   3.9;    3;   0.0;   0;    4.017;   0;   6.1;   7.3;  911.64;    5.0;   83.88;    9.2;    1.8;    0.1;eor
        840;20191220;   10;  12.4;   4.2;    3;   3.3;   6;    5.083;   0;   4.1;   7.2;  895.56;    5.1;   82.38;    8.2;    3.4;    2.0;eor
        840;20191221;   10;  11.4;   3.1;    3;   0.0;   0;    0.733;   0;   7.5;   6.7;  891.94;    2.2;   93.79;    4.6;    0.6;    0.0;eor
        840;20191222;   10;  12.0;   3.2;    3;   2.7;   8;    0.000;   0;   7.9;   6.6;  887.50;    1.3;   97.58;    2.7;   -0.2;   -0.3;eor
        840;20191223;   10;  10.0;   3.1;    3;   2.9;   8;    0.000;   0;   7.7;   6.5;  900.45;    1.4;   96.00;    2.0;    0.7;    0.2;eor
        840;20191224;   10;  14.4;   3.9;    3;  10.3;   8;    0.517;   0;   7.5;   6.3;  907.31;    1.1;   94.96;    2.4;    0.0;   -0.8;eor
        840;20191225;   10;  10.5;   2.6;    3;  19.4;   8;    0.000;   0;   7.8;   6.4;  909.87;    1.0;   97.17;    2.3;   -0.2;    0.0;eor
        840;20191226;   10;   7.6;   1.4;    3;   1.8;   8;    0.033;   4;   7.6;   5.4;  917.42;   -1.0;   94.63;   -0.2;   -2.1;   -1.8;eor
        840;20191227;   10;   5.8;   1.3;    3;   0.9;   8;    0.150;   4;   7.9;   4.8;  920.65;   -2.2;   92.92;   -1.4;   -3.3;   -5.2;eor
        840;20191228;   10;   8.3;   1.7;    3;   0.0;   8;    0.000;   4;   7.9;   3.8;  930.50;   -5.2;   89.46;   -3.0;   -8.2;   -6.8;eor
        840;20191229;   10;   5.4;   1.5;    3;   0.0;   0;    7.133;   4;   5.2;   3.9;  930.16;   -4.5;   87.46;    1.8;   -9.1;   -8.7;eor
        840;20191230;   10;   9.0;   2.5;    3;   0.0;   0;    4.317;   5;   6.9;   3.5;  926.25;    1.1;   52.92;    5.3;   -4.1;   -4.4;eor
        840;20191231;   10;  11.0;   2.3;    3;   0.5;   6;    0.000;   4;   5.8;   4.6;  923.94;    0.8;   73.58;    5.4;   -1.6;   -4.0;eor
        840;20200101;   10;   6.2;   1.5;    3;   0.0;   0;    7.233;   4;   2.1;   3.1;  926.47;    0.7;   53.63;    7.5;   -4.9;   -8.2;eor
        840;20200102;   10;  11.4;   2.9;    3;   0.1;   8;    7.233;   4;   0.6;   3.2;  921.70;    2.6;   48.13;    6.8;   -2.8;   -7.2;eor
        840;20200103;   10;  15.7;   5.0;    3;   6.5;   8;    0.000;   4;   8.0;   6.0;  915.77;    0.1;   97.25;    3.1;   -2.6;   -2.4;eor
        840;20200104;   10;  13.7;   3.7;    3;   7.6;   8;    0.000;   3;   7.6;   5.4;  917.85;   -1.0;   94.92;    3.1;   -2.7;   -1.7;eor
        840;20200105;   10;   8.4;   1.7;    3;   0.2;   8;    0.267;   9;   7.7;   4.4;  925.84;   -3.1;   91.00;   -1.3;   -5.0;   -4.0;eor
        840;20200106;   10;   7.2;   2.3;    3;   0.0;   6;    0.000;   9;   5.5;   5.0;  921.42;   -1.8;   92.54;   -0.9;   -4.0;   -4.5;eor
        840;20200107;   10;  11.1;   2.5;    3;   2.0;   8;    0.000;   8;   6.8;   5.2;  919.80;   -1.1;   92.67;    0.0;   -2.5;   -3.8;eor
        840;20200108;   10;  11.3;   3.8;    3;   2.9;   8;    0.000;   8;   7.6;   6.2;  920.62;    0.9;   93.71;    3.8;   -1.4;   -2.1;eor
        840;20200109;   10;   9.8;   3.1;    3;   3.5;   6;    0.000;   4;   8.0;   7.7;  915.17;    3.4;   98.08;    4.4;    2.4;    0.0;eor
        840;20200110;   10;  14.9;   4.6;    3;   4.4;   8;    0.000;   0;   7.7;   7.2;  913.52;    3.0;   95.33;    4.1;    0.0;    0.0;eor
        840;20200111;   10;  10.4;   2.6;    3;   0.1;   8;    0.000;   0;   7.4;   5.2;  923.53;   -1.6;   94.46;    0.0;   -2.9;   -4.0;eor
        840;20200112;   10;  12.6;   4.3;    3;   0.1;   6;    4.733;   0;   7.2;   5.0;  918.68;   -1.7;   91.92;    0.0;   -2.6;   -4.1;eor
        840;20200113;   10;  10.0;   3.1;    3;   0.1;   8;    0.000;   0;   7.9;   5.7;  915.79;   -0.6;   97.63;   -0.1;   -1.1;   -1.3;eor
        840;20200114;   10;   9.7;   3.8;    3;   0.0;   0;    2.250;   0;   7.8;   5.4;  911.52;    0.3;   87.29;    2.7;   -1.4;   -2.6;eor
        840;20200115;   10;  11.0;   3.9;    3;   0.0;   0;    5.983;   0;   5.2;   5.1;  914.65;    3.5;   65.21;    7.7;    1.5;   -1.5;eor
        840;20200116;   10;  11.3;   2.7;    3;   0.0;   0;    4.617;   0;   3.8;   6.9;  922.50;    4.2;   84.17;    8.3;    1.4;   -0.1;eor
        840;20200117;   10;  13.5;   4.2;    3;   0.5;   6;    1.817;   0;   4.1;   6.1;  915.25;    1.0;   92.58;    2.6;   -0.8;   -1.2;eor
        840;20200118;   10;   9.7;   2.5;    3;   0.4;   8;    0.567;   0;   7.8;   5.6;  917.76;    0.3;   89.38;    2.2;   -1.4;   -1.8;eor
        840;20200119;   10;   7.0;   1.5;    3;   1.7;   8;    0.000;   0;   7.7;   5.0;  925.96;   -1.9;   93.96;   -1.4;   -2.5;   -2.5;eor
        840;20200120;   10;   4.9;   1.0;    3;   0.3;   8;    0.000;   1;   5.2;   4.4;  936.09;   -3.1;   90.29;   -1.3;   -6.3;  -12.1;eor
        840;20200121;   10;   3.6;   1.1;    3;   0.0;   0;    8.050;   0;   2.2;   4.0;  932.33;   -2.7;   80.63;    5.4;   -7.1;  -11.3;eor
        840;20200122;   10;   7.6;   1.7;    3;   0.1;   8;    4.100;   0;   5.0;   4.2;  926.08;   -2.0;   76.88;    2.7;   -6.4;  -11.8;eor
        840;20200123;   10;   6.1;   1.6;    3;   0.0;   0;    3.667;   1;   4.5;   4.3;  924.11;   -3.1;   88.38;   -0.9;   -5.2;   -9.5;eor
        840;20200124;   10;   6.8;   2.1;    3;   0.0;   0;    8.267;   0;   2.0;   3.8;  916.50;   -3.0;   76.75;    1.4;   -7.3;  -10.4;eor
        840;20200125;   10;   4.2;   1.5;    3;   0.0;   0;    7.017;   0;   3.0;   3.7;  914.80;   -0.6;   65.04;    7.5;   -5.8;   -8.6;eor
        840;20200126;   10;   6.9;   1.9;    3;   0.3;   6;    0.000;   0;   7.1;   5.6;  913.42;    0.8;   86.46;    5.6;   -2.8;   -6.1;eor
        840;20200127;   10;  12.7;   3.6;    3;   4.0;   8;    0.117;   0;   7.9;   6.3;  907.59;    1.0;   96.21;    1.9;   -0.1;   -1.3;eor
        840;20200128;   10;  18.0;   5.5;    3;   6.4;   8;    0.000;   0;   7.5;   5.7;  894.71;   -0.3;   93.96;    1.5;   -2.9;   -3.6;eor
        840;20200129;   10;  13.3;   4.7;    3;   0.2;   8;    0.017;   3;   7.6;   4.7;  901.18;   -2.3;   91.71;   -1.8;   -3.3;   -4.2;eor
        840;20200130;   10;  13.7;   5.2;    3;   0.9;   8;    0.150;   3;   7.7;   5.6;  906.26;   -0.2;   92.67;    1.3;   -2.2;   -3.0;eor
        840;20200131;   10;  16.9;   5.6;    3;   1.4;   6;    0.067;   0;   7.6;   8.8;  904.88;    6.1;   93.42;    7.4;    1.4;    0.4;eor
        840;20200201;    3;  15.0;   5.6;    3;  12.5;   8;    0.000;   0;   7.3;   8.8;  903.91;    6.6;   90.04;    8.3;    4.2;    3.8;eor
        840;20200202;    3;  15.4;   5.0;    3;  11.4;   8;    0.250;   0;   7.7;   7.5;  904.98;    3.7;   92.92;    7.2;    0.9;    0.6;eor
        840;20200203;    3;  14.0;   4.3;    3;  21.3;   8;    0.017;   0;   7.8;   7.4;  906.40;    3.7;   92.46;    4.8;    1.3;    0.3;eor
        840;20200204;    3;  11.6;   2.5;    3;  18.2;   8;    0.000;  12;   7.7;   5.3;  902.89;   -1.4;   95.17;    1.3;   -2.3;   -0.1;eor
        840;20200205;    3;  14.1;   2.9;    3;   3.4;   8;    0.450;  21;   7.5;   4.4;  920.80;   -3.6;   92.88;   -1.7;   -5.9;   -1.2;eor
        840;20200206;    3;   8.6;   1.7;    3;   0.1;   8;    0.000;  21;   7.9;   4.5;  922.80;   -3.4;   93.29;   -2.2;   -7.1;   -1.7;eor
        840;20200207;    3;  11.7;   2.4;    3;   0.2;   8;    0.000;  18;   7.9;   5.1;  921.65;   -1.6;   92.88;   -0.3;   -2.5;   -0.5;eor
        840;20200208;    3;  11.3;   3.7;    3;   0.0;   0;    7.933;  16;   3.9;   5.1;  918.42;   -0.9;   88.96;    2.1;   -3.2;   -1.1;eor
        840;20200209;    3;  19.0;   5.1;    3;  10.1;   6;    6.383;  15;   5.8;   5.7;  910.53;    2.1;   81.00;    4.7;   -1.4;   -1.2;eor
        840;20200210;    3;  20.9;   6.6;    3;   9.4;   8;    0.600;   5;   7.3;   6.2;  894.23;    1.9;   88.08;    6.4;   -0.3;   -1.3;eor
        840;20200211;    3;  18.4;   5.7;    3;   1.8;   8;    1.400;   9;   7.1;   4.7;  897.93;   -1.6;   86.17;    0.7;   -3.1;   -1.8;eor
        840;20200212;    3;  17.4;   5.4;    3;   0.1;   8;    0.317;  10;   7.3;   4.4;  907.07;   -2.2;   84.29;   -0.7;   -3.2;   -2.1;eor
        840;20200213;    3;  12.6;   4.4;    3;   2.8;   8;    0.283;   8;   7.5;   4.9;  905.89;   -1.6;   90.25;    0.0;   -3.6;   -2.9;eor
        840;20200214;    3;   9.6;   2.5;    3;   2.6;   8;    0.033;  11;   7.6;   6.0;  911.56;    0.3;   96.29;    1.4;   -0.2;   -0.2;eor
        840;20200215;    3;  13.9;   3.8;    3;   0.0;   0;    3.533;   9;   7.0;   6.1;  917.54;    1.1;   91.75;    3.3;   -0.9;    0.0;eor
        840;20200216;    3;  14.5;   5.3;    3;   2.6;   6;    0.500;   8;   7.9;   5.6;  911.05;    5.8;   62.29;    8.8;    2.2;   -0.2;eor
        840;20200217;    3;  17.7;   4.7;    3;   5.7;   8;    0.050;   0;   7.6;   6.9;  911.32;    4.2;   84.67;   10.6;    0.7;    0.0;eor
        840;20200218;    3;  13.3;   5.0;    3;   2.1;   8;    0.233;   0;   7.4;   5.7;  915.98;    0.5;   89.25;    1.7;   -0.3;   -1.8;eor
        840;20200219;    3;  12.4;   3.9;    3;   6.7;   8;    0.000;   0;   7.4;   5.2;  911.96;   -0.8;   90.58;    0.2;   -2.6;   -2.4;eor
        840;20200220;    3;  14.9;   3.8;    3;   9.3;   8;    0.000;   7;   7.2;   5.5;  913.30;   -0.7;   94.00;    1.4;   -3.6;   -3.2;eor
        840;20200221;    3;  15.1;   3.9;    3;   0.0;   8;    0.983;   8;   7.3;   5.2;  916.81;   -0.9;   90.63;    1.4;   -2.3;   -1.7;eor
        840;20200222;    3;  16.9;   5.4;    3;   1.3;   6;    1.983;   6;   6.3;   5.2;  916.93;    2.0;   75.04;    5.6;   -1.6;   -2.4;eor
        840;20200223;    3;  22.4;   6.3;    3;  15.1;   8;    0.000;   0;   7.5;   8.0;  909.56;    4.3;   95.29;    6.7;    0.0;   -0.5;eor
        840;20200224;    3;  16.1;   3.7;    3;   3.1;   8;    1.500;   0;   7.5;   5.6;  911.17;    0.2;   89.08;    4.8;   -2.2;   -2.4;eor
        840;20200225;    3;  14.9;   5.3;    3;   6.1;   8;    0.000;   0;   7.4;   7.3;  897.38;    3.0;   95.25;    4.6;    0.5;   -0.4;eor
        840;20200226;    3;  16.9;   4.5;    3;   6.2;   8;    0.033;   0;   7.6;   4.9;  893.06;   -1.6;   90.21;    0.6;   -2.6;   -2.6;eor
        840;20200227;    3;  11.1;   3.4;    3;  10.6;   8;    0.800;   9;   7.3;   4.6;  896.82;   -2.4;   89.17;   -0.8;   -3.4;   -4.1;eor
        840;20200228;    3;  11.9;   3.4;    3;   7.0;   8;    1.517;  19;   7.7;   4.5;  907.51;   -2.8;   90.79;   -1.0;   -3.6;   -1.2;eor
        840;20200229;    3;  14.8;   4.6;    3;   4.2;   8;    1.233;  20;   7.8;   6.1;  898.50;    0.9;   92.71;    4.7;   -3.0;   -1.0;eor
        840;20200301;    3;  13.1;   4.0;    3;   3.4;   8;    0.567;   8;   7.5;   6.3;  895.90;    1.5;   92.00;    3.5;    0.8;   -3.0;eor
        840;20200302;    3;  18.2;   4.6;    3;   0.4;   8;    6.850;   6;   6.5;   5.1;  890.78;    1.9;   74.54;    4.9;   -1.1;   -1.2;eor
        840;20200303;    3;  10.7;   1.9;    3;   5.6;   8;    0.000;   5;   7.3;   5.5;  896.10;    0.0;   90.13;    2.9;   -3.7;   -5.7;eor
        840;20200304;    3;   8.5;   2.5;    3;   0.4;   8;    0.733;   8;   5.7;   5.0;  905.90;   -1.9;   93.38;   -0.3;   -4.6;   -6.4;eor
        840;20200305;    3;  13.5;   3.8;    3;   5.5;   8;    5.650;   8;   5.5;   5.0;  897.52;    0.1;   82.00;    3.5;   -3.4;   -5.1;eor
        840;20200306;    3;  11.7;   4.0;    3;  12.5;   8;    0.000;   7;   7.4;   6.2;  891.13;    0.8;   95.83;    2.5;   -0.7;    0.0;eor
        840;20200307;    3;  10.0;   2.4;    3;   4.3;   8;    0.067;  15;   7.8;   5.3;  908.13;   -1.2;   94.63;    0.0;   -1.9;   -0.2;eor
        840;20200308;    3;   9.5;   3.1;    3;   0.3;   8;    1.700;  16;   6.6;   5.5;  912.21;   -0.3;   90.88;    1.6;   -2.6;   -0.7;eor
        840;20200309;    3;   7.5;   2.2;    3;   3.9;   8;    1.017;  11;   6.7;   6.2;  908.28;    1.2;   92.42;    4.2;    0.0;    0.0;eor
        840;20200310;    3;  15.8;   5.1;    3;  21.0;   8;    0.000;   9;   7.7;   6.4;  906.00;    1.0;   96.46;    6.1;   -0.4;    0.0;eor
        840;20200311;    3;  14.6;   4.3;    3;  29.5;   6;    0.000;   5;   7.6;   9.3;  907.87;    6.3;   97.25;    7.4;    3.2;    0.0;eor
        840;20200312;    3;  18.3;   5.2;    3;   4.0;   8;    0.217;   0;   7.1;   8.2;  907.07;    5.4;   90.63;    8.0;    1.7;    0.6;eor
        840;20200313;    3;  14.4;   4.3;    3;   1.6;   8;    1.600;   0;   6.9;   5.2;  910.63;    0.7;   81.25;    2.9;   -1.6;   -2.9;eor
        840;20200314;    3;   9.3;   2.0;    3;   0.0;   0;    7.200;   0;   4.9;   4.5;  916.63;    0.2;   73.67;    5.2;   -1.9;   -3.4;eor
        840;20200315;    3;  14.4;   4.8;    3;   0.0;   0;   10.833;   0;   4.7;   3.0;  915.22;    1.4;   47.63;    6.4;   -3.2;   -4.1;eor
        840;20200316;    3;   9.0;   2.6;    3;   0.0;   6;   10.133;   0;   7.3;   5.0;  916.38;    5.0;   57.21;   12.1;   -0.2;   -2.7;eor
        840;20200317;    3;   6.8;   1.6;    3;   0.2;   6;    1.817;   0;   6.0;   7.5;  923.26;    5.9;   81.50;   11.2;    1.0;   -2.8;eor
        840;20200318;    3;   7.6;   2.1;    3;   0.0;   0;    8.083;   0;   3.3;   7.6;  923.13;    5.8;   82.96;   11.7;    0.8;   -4.1;eor
        840;20200319;    3;   5.7;   1.1;    3;   0.0;   0;    3.133;   0;   5.6;   7.9;  920.42;    7.1;   80.25;   12.6;    2.1;   -1.9;eor
        840;20200320;    3;  10.2;   2.1;    3;   6.7;   8;    0.000;   0;   7.5;   7.7;  917.67;    4.5;   91.04;    7.5;   -1.3;   -1.1;eor
        840;20200321;    3;  11.9;   4.3;    3;   0.1;   8;    0.000;   2;   6.6;   4.6;  919.07;   -2.6;   90.96;   -1.2;   -6.2;   -8.2;eor
        840;20200322;    3;  10.1;   3.5;    3;   0.0;   0;    9.700;   0;   2.2;   2.7;  924.17;   -5.3;   65.88;   -1.8;   -8.3;  -12.3;eor
        840;20200323;    3;   7.5;   2.8;    3;   0.0;   0;   11.550;   0;   0.0;   2.2;  926.97;   -4.9;   54.46;    0.6;  -11.4;  -14.4;eor
        840;20200324;    3;   9.6;   3.4;    3;   0.0;   0;   11.617;   0;   0.0;   2.0;  925.29;   -2.9;   42.58;    2.8;   -8.2;  -11.1;eor
        840;20200325;    3;  12.8;   4.2;    3;   0.0;   0;   11.650;   0;   0.0;   2.1;  920.51;   -2.2;   42.46;    2.9;   -7.2;  -10.5;eor
        840;20200326;    3;  18.1;   6.5;    3;   0.0;   0;    7.667;   0;   4.5;   3.6;  916.27;   -0.3;   60.88;    3.5;   -5.3;   -6.5;eor
        840;20200327;    3;  16.3;   5.6;    3;   0.0;   0;   10.867;   0;   2.1;   4.9;  914.47;    6.5;   51.67;   12.2;    2.0;   -3.5;eor
        840;20200328;    3;   7.5;   2.0;    3;   0.0;   0;   11.500;   0;   0.0;   5.3;  913.53;    4.4;   64.88;    9.9;   -1.2;   -5.0;eor
        840;20200329;    1;  11.9;   2.7;    1;   6.5;   8;    0.067;   0;   6.6;   4.8;  914.54;   -1.9;   90.67;    0.4;   -6.0;   -4.0;eor
        840;20200330;    1;   8.8;   1.8;    1;   1.5;   8;   10.983;   5;   4.6;   2.8;  918.42;   -4.5;   66.17;   -0.2;   -9.9;  -12.5;eor
        840;20200331;    1;   8.8;   1.9;    1;   0.9;   8;    2.483;   6;   5.6;   3.2;  919.40;   -5.0;   76.42;   -2.9;  -10.8;   -9.1;eor
        840;20200401;    1;   5.1;   1.6;    1;   0.0;   0;   11.767;   6;   0.0;   2.7;  914.01;   -2.6;   57.50;    5.3;  -11.3;   -9.7;eor
        840;20200402;    1;   9.9;   1.9;    1;   0.0;   8;   12.067;   3;   0.3;   3.4;  907.15;    0.8;   54.33;    8.1;   -6.9;  -10.7;eor
        840;20200403;    1;   7.0;   1.6;    1;   0.7;   8;    0.067;   2;   6.3;   5.5;  909.66;    0.8;   84.38;    3.9;   -2.8;   -6.8;eor
        840;20200404;    1;   5.4;   1.3;    1;   0.0;   0;    5.083;   1;   4.2;   5.5;  918.90;    2.1;   78.50;    7.9;   -1.6;   -5.2;eor
        840;20200405;    1;  12.8;   4.8;    1;   0.0;   0;   12.200;   0;   0.0;   4.9;  921.40;    5.8;   55.67;   10.5;    0.0;   -4.5;eor
        840;20200406;    1;  13.1;   3.8;    1;   0.0;   0;   12.333;   0;   0.0;   5.0;  919.97;    9.2;   44.88;   15.7;    2.2;   -2.1;eor
        840;20200407;    1;   7.8;   2.1;    1;   0.0;   0;   12.183;   0;   0.1;   7.0;  925.70;    9.3;   61.75;   16.1;    1.1;   -2.5;eor
        840;20200408;    1;   8.4;   2.3;    1;   0.0;   0;   12.400;   0;   0.0;   5.1;  922.28;    9.6;   46.13;   16.9;    1.4;   -3.3;eor
        840;20200409;    1;   8.1;   1.4;    1;   0.0;   0;   11.783;   0;   0.4;   6.8;  919.90;    8.7;   62.38;   16.3;    0.6;   -2.8;eor
        840;20200410;    1;   7.0;   1.3;    1;   0.0;   0;   10.533;   0;   4.2;   7.0;  920.52;    7.4;   71.29;   14.1;    0.4;   -3.6;eor
        840;20200411;    1;   7.8;   1.7;    1;   0.0;   0;   12.417;   0;   5.2;   5.4;  920.15;    6.4;   59.63;   12.6;   -1.2;   -5.4;eor
        840;20200412;    1;  11.7;   2.2;    1;   0.5;   6;   10.717;   0;   3.0;   6.5;  914.04;   10.9;   52.50;   17.8;    3.4;   -2.7;eor
        840;20200413;    1;  10.3;   2.2;    1;   3.3;   8;    2.700;   0;   6.5;   6.3;  910.39;    3.1;   79.96;    9.6;   -2.7;   -3.4;eor
        840;20200414;    1;   8.6;   1.8;    1;   0.6;   8;    2.800;   0;   4.9;   3.7;  916.09;   -1.9;   71.33;    2.2;   -4.3;   -7.9;eor
        840;20200415;    1;   7.1;   1.8;    1;   0.0;   0;   10.050;   0;   5.5;   4.8;  918.33;    3.2;   65.08;   11.7;   -4.1;   -7.4;eor
        840;20200416;    1;   7.7;   2.1;    1;   0.0;   0;   12.883;   0;   3.3;   6.0;  914.40;   10.0;   52.25;   18.1;    0.4;   -3.3;eor
        840;20200417;    1;  10.5;   1.5;    1;   0.0;   0;   12.650;   0;   1.5;   7.4;  913.16;    9.7;   63.79;   16.4;    2.8;   -0.7;eor
        840;20200418;    1;   6.5;   1.3;    1;  12.0;   6;    7.183;   0;   5.0;   8.8;  912.78;   11.2;   68.29;   17.7;    3.9;   -0.3;eor
        840;20200419;    1;   9.2;   2.6;    1;   0.1;   6;    6.850;   0;   4.3;   7.2;  914.08;    6.3;   74.71;    9.9;    2.4;   -0.8;eor
        840;20200420;    1;  16.0;   5.3;    1;   0.0;   0;   12.983;   0;   0.0;   4.2;  916.36;    5.5;   47.25;   10.9;    0.4;   -1.5;eor
        840;20200421;    1;  14.2;   6.2;    1;   0.0;   0;   13.050;   0;   0.0;   4.5;  916.32;    7.0;   45.29;   11.9;    2.1;   -0.1;eor
        840;20200422;    1;  12.9;   4.6;    1;   0.0;   0;   13.167;   0;   0.0;   4.7;  917.70;    8.0;   44.67;   13.0;    3.3;    0.2;eor
        840;20200423;    1;  10.5;   3.1;    1;   0.0;   0;   12.933;   0;   0.3;   5.5;  916.82;    8.9;   49.88;   14.8;    2.2;   -3.3;eor
        840;20200424;    1;   9.8;   2.1;    1;   0.0;   0;    8.833;   0;   6.7;   6.4;  908.45;    9.6;   56.38;   16.6;    1.1;   -2.7;eor
        840;20200425;    1;   9.2;   1.6;    1;   0.0;   0;    0.250;   0;   6.7;   5.9;  907.13;    2.7;   79.71;    5.9;   -2.3;   -5.5;eor
        840;20200426;    1;   5.3;   1.5;    1;   0.0;   0;   10.450;   0;   3.2;   5.6;  907.87;    6.3;   62.50;   12.9;   -2.4;   -5.9;eor
        840;20200427;    1;   8.6;   2.5;    1;   0.0;   0;   11.250;   0;   1.3;   6.6;  906.99;    9.9;   55.88;   15.7;    0.2;   -3.4;eor
        840;20200428;    1;   8.1;   2.6;    1;   0.0;   6;    7.400;   0;   6.1;   8.9;  903.95;   12.2;   65.08;   17.1;    7.2;    4.7;eor
        840;20200429;    1;   8.2;   2.3;    1;   2.0;   6;    2.683;   0;   6.1;   9.4;  904.08;    8.6;   84.33;   11.6;    4.9;    2.0;eor
        840;20200430;    1;  13.0;   3.6;    1;   2.0;   6;    1.083;   0;   7.8;   8.8;  903.61;    8.0;   82.58;   11.9;    4.0;    1.4;eor
        840;20200501;    1;  15.3;   4.0;    1;   6.7;   6;    5.083;-999;   7.0;   7.9;  901.46;    5.8;   86.46;    9.4;    3.5;    2.5;eor
        840;20200502;    1;  12.8;   3.5;    1;   3.4;   8;    3.633;-999;   7.5;   7.2;  904.38;    4.0;   88.21;    8.4;    1.7;    1.4;eor
        840;20200503;    1;   7.8;   1.8;    1;   0.5;   6;    3.000;-999;   7.6;   7.4;  913.08;    5.0;   85.96;    9.0;    2.1;   -1.4;eor
        840;20200504;    1;   8.0;   2.2;    1;   3.5;   6;    1.900;-999;   6.9;   7.4;  912.74;    5.8;   82.13;   12.4;    0.7;   -2.0;eor
        840;20200505;    1;   8.5;   1.8;    1;   0.0;   8;    3.317;-999;   5.5;   6.0;  913.81;    2.3;   83.63;    5.5;   -1.8;   -4.1;eor
        840;20200506;    1;   7.7;   1.7;    1;   0.0;   0;    4.567;-999;   4.6;   5.9;  917.80;    3.2;   77.25;    8.2;   -1.6;   -3.6;eor
        840;20200507;    1;   8.2;   1.8;    1;   0.0;   0;   13.367;-999;  -999;   5.1;  918.49;    7.4;   53.17;   15.2;    1.4;   -1.6;eor
        840;20200508;    1;   7.4;   1.9;    1;   0.0;   0;    8.417;-999;   7.5;   7.1;  915.19;   11.5;   54.00;   18.6;    1.7;   -0.7;eor
        840;20200509;    1;   6.5;   1.6;    1;   0.2;   6;    5.850;-999;   6.5;   8.8;  911.28;   13.0;   59.17;   18.3;    4.4;    0.5;eor
        840;20200510;    1;   8.7;   2.4;    1;   7.7;   6;    3.450;-999;   7.0;  12.0;  905.29;   13.4;   77.79;   16.9;   10.2;    6.7;eor
        840;20200511;    1;  12.0;   2.7;    1;  19.2;   8;    0.000;-999;   7.8;   8.0;  901.96;    3.4;   97.38;   11.7;   -2.1;   -2.1;eor
        840;20200512;    1;   6.3;   1.3;    1;   0.0;   0;    9.000;-999;   4.4;   5.1;  911.28;    0.2;   82.17;    4.9;   -4.9;  -10.0;eor
        840;20200513;    1;   5.5;   1.3;    1;   0.0;   6;    7.150;-999;   6.7;   5.7;  907.66;    4.2;   71.29;    9.5;   -3.2;   -5.6;eor
        840;20200514;    1;   8.4;   2.1;    1;   0.0;   6;    4.533;-999;   6.6;   6.8;  911.24;    4.7;   80.71;    8.2;    1.0;   -3.1;eor
        840;20200515;    1;   8.4;   1.9;    1;   0.0;   0;    7.750;-999;   3.7;   5.9;  913.74;    4.4;   72.29;    9.8;   -1.3;   -4.4;eor
        840;20200516;    1;   7.2;   1.4;    1;   0.0;   0;   13.717;-999;   1.0;   6.0;  917.12;    6.5;   65.42;   14.1;   -2.1;   -5.6;eor
        840;20200517;    1;   7.6;   1.5;    1;   0.0;   0;   11.450;-999;   3.9;   6.9;  917.87;    8.0;   66.54;   13.7;    1.4;   -1.4;eor
        840;20200518;    1;   8.2;   1.7;    1;   0.0;   0;   13.167;-999;   3.7;   7.9;  919.22;   10.3;   65.83;   17.8;    0.7;   -1.7;eor
        840;20200519;    1;   7.8;   1.8;    1;   0.1;   6;    9.950;-999;   3.2;   9.3;  917.73;   12.2;   68.00;   18.4;    4.7;    2.0;eor
        840;20200520;    1;   7.3;   1.2;    1;   0.5;   6;    0.400;-999;   6.9;  10.2;  918.20;    9.5;   85.50;   13.0;    4.7;    1.2;eor
        840;20200521;    1;   7.5;   1.6;    1;   0.0;   0;   14.250;-999;   2.6;   8.0;  919.49;   10.0;   67.21;   15.5;    2.6;   -0.4;eor
        840;20200522;    1;   7.8;   2.3;    1;  17.0;   6;    4.233;-999;   6.7;  10.0;  918.92;   12.6;   68.54;   18.0;    8.1;    6.1;eor
        840;20200523;    1;   9.3;   2.0;    1;   4.0;   6;    0.017;-999;   7.5;  10.9;  918.52;    9.2;   92.63;   12.6;    4.8;    3.4;eor
        840;20200524;    1;  12.4;   3.2;    1;  11.9;   6;    4.600;-999;   7.1;   8.3;  922.36;    7.6;   80.17;   11.2;    5.2;    4.7;eor
        840;20200525;    1;  10.5;   2.5;    1;   7.2;   6;    0.550;-999;   7.6;   9.1;  924.17;    6.5;   93.71;    8.7;    5.8;    5.7;eor
        840;20200526;    1;   6.8;   1.6;    1;   0.2;   6;    2.617;-999;   6.1;   9.1;  928.71;    7.2;   89.71;   11.5;    3.7;    0.9;eor
        840;20200527;    1;   7.0;   1.5;    1;   4.8;   6;   11.167;-999;   5.9;   8.4;  927.83;   10.0;   71.54;   15.8;    2.2;   -0.3;eor
        840;20200528;    1;  10.9;   2.1;    1;   0.1;   6;    4.817;-999;   6.9;   8.5;  924.26;    8.4;   77.50;   11.5;    4.8;    1.1;eor
        840;20200529;    1;  11.7;   2.4;    1;   0.0;   0;    9.167;-999;   4.2;   7.1;  922.50;    8.2;   68.13;   12.7;    3.4;    0.0;eor
        840;20200530;    1;  10.4;   1.8;    1;   0.0;   6;    5.267;-999;   6.7;   7.0;  918.48;    7.0;   70.96;   10.7;    3.2;   -0.8;eor
        840;20200531;    1;   8.1;   1.6;    1;   0.0;   6;    2.400;-999;   5.8;   8.2;  917.42;    6.9;   82.46;   11.4;    2.0;   -1.2;eor
        840;20200601;    1;   9.7;   2.0;    1;   0.0;   0;   14.783;-999;   0.1;   8.8;  918.70;   11.5;   66.75;   16.5;    4.1;    0.5;eor
        840;20200602;    1;   8.6;   1.9;    1;   0.0;   0;   14.800;-999;   0.5;   8.6;  914.84;   12.4;   61.96;   18.3;    4.3;    1.0;eor
        840;20200603;    1;   6.5;   1.8;    1;   0.2;   6;    8.900;-999;   7.2;   9.5;  905.02;   14.4;   60.63;   20.5;    6.3;    4.0;eor
        840;20200604;    1;   9.7;   2.9;    1;   7.7;   6;    2.800;-999;   7.6;  11.3;  895.88;   12.0;   81.08;   15.4;    9.8;    7.3;eor
        840;20200605;    1;  13.9;   3.8;    1;   3.7;   6;    2.383;-999;   7.5;   9.3;  895.88;    8.2;   85.63;   12.0;    5.0;    4.9;eor
        840;20200606;    1;  10.6;   3.3;    1;   0.5;   6;    1.350;-999;   6.7;   9.1;  902.08;    7.4;   88.04;   11.2;    4.9;    4.6;eor
        840;20200607;    1;   5.5;   1.5;    1;  11.6;   6;    0.000;-999;   7.0;   9.9;  906.42;    7.9;   92.92;    9.7;    4.7;    1.4;eor
        840;20200608;    1;   4.7;   1.3;    1;   0.0;   6;    3.000;-999;   6.3;   8.7;  911.12;    8.5;   79.00;   12.6;    2.6;    0.8;eor
        840;20200609;    1;   9.5;   2.1;    1;  16.5;   6;    0.000;-999;   7.9;  10.5;  912.18;   10.0;   85.67;   13.3;    7.1;    6.8;eor
