STATIONS_ID;MESS_DATUM;QN_3;  FX;  FM;QN_4; RSK;RSKF; SDK;SHK_TAG;  NM; VPM;  PM; TMK; UPM; TXK; TNK; TGK;eor
       3289;20181208;-999;-999;-999;    3;   2.8;   4;-999;   0;  -999;   7.1;    -999;    5.6;   77.96;    7.2;    4.1;    2.5;eor
       3289;20181209;-999;-999;-999;    3;   4.1;   4;-999;   0;  -999;   7.6;    -999;    5.8;   83.00;    7.6;    3.5;    2.7;eor
       3289;20181210;-999;-999;-999;    3;   1.1;   4;-999;   0;  -999;   6.2;    -999;    2.7;   83.04;    3.9;    1.5;    0.2;eor
       3289;20181211;-999;-999;-999;    3;   3.0;   4;-999;   0;  -999;   6.3;    -999;    2.6;   86.04;    3.4;    1.7;    1.1;eor
       3289;20181212;-999;-999;-999;    3;   0.9;   4;-999;   0;  -999;   6.2;    -999;    0.7;   96.42;    1.8;   -0.4;   -1.3;eor
       3289;20181213;-999;-999;-999;    3;   0.0;   0;-999;   0;  -999;   4.9;    -999;   -1.2;   87.50;   -0.4;   -2.4;   -2.5;eor
       3289;20181214;-999;-999;-999;    3;   0.0;   0;-999;   0;  -999;   4.2;    -999;   -1.1;   74.33;   -0.4;   -1.9;   -2.2;eor
       3289;20181215;-999;-999;-999;    3;   0.0;   0;-999;   0;  -999;   4.4;    -999;   -2.0;   83.54;   -1.1;   -3.1;   -4.6;eor
       3289;20181216;-999;-999;-999;    3;   0.1;   4;-999;   0;  -999;   4.4;    -999;   -2.2;   84.00;    0.1;   -5.7;   -8.0;eor
       3289;20181217;-999;-999;-999;    3;   0.0;   4;-999;   0;  -999;   6.2;    -999;    1.9;   87.88;    3.6;   -1.0;   -3.6;eor
       3289;20181218;-999;-999;-999;    3;   0.0;   0;-999;   0;  -999;   6.3;    -999;    2.9;   84.25;    5.8;    0.4;   -2.5;eor
       3289;20181219;-999;-999;-999;    3;   3.4;   4;-999;   0;  -999;   5.9;    -999;    2.0;   82.83;    3.1;    0.5;   -2.6;eor
       3289;20181220;-999;-999;-999;    3;   0.1;   4;-999;   0;  -999;   7.2;    -999;    4.1;   87.83;    5.7;    2.1;    1.3;eor
       3289;20181221;-999;-999;-999;    3;   1.3;   4;-999;   0;  -999;   8.4;    -999;    7.4;   81.58;   10.9;    5.1;    4.1;eor
       3289;20181222;-999;-999;-999;    3;   0.3;   4;-999;   0;  -999;   8.3;    -999;    8.4;   75.13;   10.2;    6.0;    4.4;eor
       3289;20181223;-999;-999;-999;    3;  14.4;   4;-999;   0;  -999;   8.0;    -999;    6.0;   85.13;    7.3;    3.3;    2.8;eor
       3289;20181224;-999;-999;-999;    3;   2.1;   4;-999;   0;  -999;   6.5;    -999;    1.5;   94.92;    3.2;   -0.2;   -1.2;eor
       3289;20181225;-999;-999;-999;    3;   0.0;   4;-999;   0;  -999;   6.1;    -999;    2.0;   86.96;    2.8;    0.4;    0.0;eor
       3289;20181226;-999;-999;-999;    3;   0.5;   4;-999;   0;  -999;   6.7;    -999;    2.6;   90.58;    4.3;    0.9;    0.7;eor
       3289;20181227;-999;-999;-999;    3;   0.0;   0;-999;   0;  -999;   7.6;    -999;    4.8;   88.54;    8.2;    2.4;    1.0;eor
       3289;20181228;-999;-999;-999;    3;   0.2;   4;-999;   0;  -999;   6.4;    -999;    1.4;   94.42;    2.9;   -2.3;   -3.1;eor
       3289;20181229;-999;-999;-999;    3;   4.1;   4;-999;   0;  -999;   7.0;    -999;    2.9;   92.54;    4.9;    1.5;    0.9;eor
       3289;20181230;-999;-999;-999;    3;   0.0;   0;-999;   0;  -999;   7.4;    -999;    5.1;   83.79;    5.9;    3.4;    2.6;eor
       3289;20181231;-999;-999;-999;    3;   0.5;   4;-999;   0;  -999;   8.5;    -999;    5.4;   94.71;    6.4;    4.6;    4.0;eor
       3289;20190101;-999;-999;-999;    3;   4.6;   4;-999;   0;  -999;   7.7;    -999;    5.3;   85.50;    6.7;    1.5;    0.7;eor
       3289;20190102;-999;-999;-999;    3;   0.7;   4;-999;   0;  -999;   4.8;    -999;    0.8;   73.63;    2.1;   -1.3;   -3.0;eor
       3289;20190103;-999;-999;-999;    3;   0.4;   4;-999;   0;  -999;   4.4;    -999;   -1.3;   78.21;    1.4;   -3.8;   -5.2;eor
       3289;20190104;-999;-999;-999;    3;   7.7;   4;-999;   1;  -999;   5.7;    -999;    0.3;   91.04;    2.2;   -1.3;   -1.5;eor
       3289;20190105;-999;-999;-999;    3;   7.3;   4;-999;   0;  -999;   8.1;    -999;    4.5;   95.96;    6.4;    2.2;    1.5;eor
       3289;20190106;-999;-999;-999;    3;   4.2;   4;-999;   0;  -999;   7.1;    -999;    2.9;   93.29;    5.2;    1.6;    1.0;eor
       3289;20190107;-999;-999;-999;    3;   2.0;   4;-999;   0;  -999;   7.5;    -999;    3.7;   93.96;    4.3;    2.7;    1.9;eor
       3289;20190108;-999;-999;-999;    3;   7.0;   4;-999;   0;  -999;   6.7;    -999;    3.4;   86.29;    4.7;    0.5;   -0.1;eor
       3289;20190109;-999;-999;-999;    3;  19.0;   4;-999;   4;  -999;   5.9;    -999;   -0.4;   99.38;    0.6;   -0.9;   -1.1;eor
       3289;20190110;-999;-999;-999;    3;   1.9;   4;-999;  28;  -999;   5.2;    -999;   -2.0;   98.46;   -0.4;   -4.0;   -4.7;eor
       3289;20190111;-999;-999;-999;    3;   3.5;   4;-999;  29;  -999;   5.6;    -999;   -1.0;   97.75;    2.1;   -3.9;   -4.6;eor
       3289;20190112;-999;-999;-999;    3;   3.4;   4;-999;  20;  -999;   6.5;    -999;    2.3;   90.67;    3.1;    1.5;    0.8;eor
       3289;20190113;-999;-999;-999;    3;   5.2;   4;-999;   6;  -999;   7.3;    -999;    4.2;   88.04;    7.1;    2.4;    1.4;eor
       3289;20190114;-999;-999;-999;    3;   1.2;   4;-999;   0;  -999;   5.5;    -999;    1.8;   79.33;    4.8;   -0.7;   -2.1;eor
       3289;20190115;-999;-999;-999;    3;   0.3;   4;-999;   1;  -999;   5.8;    -999;    2.3;   79.29;    4.5;    0.2;   -0.4;eor
       3289;20190116;-999;-999;-999;    3;   0.0;   0;-999;   0;  -999;   6.3;    -999;    3.6;   80.13;    4.3;    2.1;    1.0;eor
       3289;20190117;-999;-999;-999;    3;   1.6;   4;-999;   0;  -999;   6.5;    -999;    3.5;   82.21;    6.1;    0.0;   -1.3;eor
       3289;20190118;-999;-999;-999;    3;   0.0;   0;-999;   1;  -999;   4.2;    -999;   -1.8;   79.00;    0.9;   -6.5;   -8.5;eor
       3289;20190119;-999;-999;-999;    3;   0.0;   0;-999;   0;  -999;   3.2;    -999;   -4.6;   76.13;    0.9;   -8.3;  -10.1;eor
       3289;20190120;-999;-999;-999;    3;   0.0;   0;-999;   0;  -999;   3.5;    -999;   -4.6;   79.75;   -2.0;   -7.9;  -10.1;eor
       3289;20190121;-999;-999;-999;    3;   0.0;   0;-999;   0;  -999;   3.5;    -999;   -5.4;   84.96;   -0.4;   -8.7;  -10.8;eor
       3289;20190122;-999;-999;-999;    3;   0.0;   0;-999;   0;  -999;   3.1;    -999;   -6.5;   83.08;   -1.4;  -10.7;  -12.7;eor
       3289;20190123;-999;-999;-999;    3;   0.0;   0;-999;   0;  -999;   3.0;    -999;   -7.3;   86.46;   -3.7;  -10.0;  -12.1;eor
       3289;20190124;-999;-999;-999;    3;   0.1;   4;-999;   0;  -999;   3.6;    -999;   -5.6;   89.96;   -3.9;   -7.9;   -7.9;eor
       3289;20190125;-999;-999;-999;    3;   3.6;   4;-999;   1;  -999;   3.8;    -999;   -4.6;   87.46;   -1.5;   -6.2;   -7.4;eor
       3289;20190126;-999;-999;-999;    3;   2.5;   4;-999;   6;  -999;   6.2;    -999;    1.4;   90.63;    3.7;   -1.7;   -1.9;eor
       3289;20190127;-999;-999;-999;    3;   0.9;   4;-999;   0;  -999;   6.8;    -999;    3.6;   86.25;    5.6;    2.2;    1.4;eor
       3289;20190128;-999;-999;-999;    3;   2.7;   4;-999;   0;  -999;   6.0;    -999;    1.4;   88.21;    3.0;   -0.4;   -0.6;eor
       3289;20190129;-999;-999;-999;    3;   1.9;   4;-999;   3;  -999;   5.1;    -999;   -0.6;   87.67;    1.5;   -3.2;   -5.8;eor
       3289;20190130;-999;-999;-999;    3;   0.0;   0;-999;   6;  -999;   4.3;    -999;   -1.4;   77.67;    1.2;   -7.1;   -9.7;eor
       3289;20190131;-999;-999;-999;    3;   0.0;   0;-999;   4;  -999;   4.2;    -999;   -0.5;   72.67;    3.0;   -5.1;   -9.8;eor
       3289;20190201;-999;-999;-999;    3;   0.7;   4;-999;   3;  -999;   5.0;    -999;    0.2;   80.08;    2.9;   -4.8;   -7.2;eor
       3289;20190202;-999;-999;-999;    3;   0.3;   4;-999;   3;  -999;   6.2;    -999;    0.6;   96.92;    2.1;   -0.2;   -1.0;eor
       3289;20190203;-999;-999;-999;    3;   3.9;   4;-999;   2;  -999;   5.5;    -999;   -0.5;   93.50;    0.3;   -1.1;   -3.0;eor
       3289;20190204;-999;-999;-999;    3;   0.0;   0;-999;   4;  -999;   4.6;    -999;   -1.2;   81.67;    2.2;   -5.2;  -13.0;eor
       3289;20190205;-999;-999;-999;    3;   0.0;   0;-999;   4;  -999;   4.7;    -999;   -0.5;   79.17;    2.6;   -3.3;   -6.4;eor
       3289;20190206;-999;-999;-999;    3;   0.0;   0;-999;   3;  -999;   4.7;    -999;    0.7;   73.88;    5.0;   -1.9;   -4.0;eor
       3289;20190207;-999;-999;-999;    3;   0.2;   4;-999;   3;  -999;   4.7;    -999;    0.6;   73.08;    2.9;   -1.5;   -4.2;eor
       3289;20190208;-999;-999;-999;    3;   0.0;   0;-999;   2;  -999;   6.4;    -999;    3.9;   78.83;    5.6;    2.2;    0.9;eor
       3289;20190209;-999;-999;-999;    3;   0.0;   0;-999;   0;  -999;   6.6;    -999;    5.7;   71.54;    8.3;    3.7;    2.6;eor
       3289;20190210;-999;-999;-999;    3;   3.1;   4;-999;   0;  -999;   7.4;    -999;    6.2;   77.46;    8.8;    4.0;    2.1;eor
       3289;20190211;-999;-999;-999;    3;   0.2;   4;-999;   0;  -999;   6.2;    -999;    2.8;   83.67;    4.8;    0.9;   -0.6;eor
       3289;20190212;-999;-999;-999;    3;   0.3;   4;-999;   0;  -999;   5.6;    -999;    2.0;   79.08;    4.0;    0.4;   -0.3;eor
       3289;20190213;-999;-999;-999;    3;   0.0;   0;-999;   0;  -999;   6.4;    -999;    4.1;   77.96;    6.4;    0.6;   -2.0;eor
       3289;20190214;-999;-999;-999;    3;   0.0;   0;-999;   0;  -999;   5.4;    -999;    3.0;   73.71;   11.6;   -1.3;   -3.3;eor
       3289;20190215;-999;-999;-999;    3;   0.0;   0;-999;   0;  -999;   5.6;    -999;    3.7;   73.08;   15.1;   -2.7;   -4.5;eor
       3289;20190216;-999;-999;-999;    3;   0.0;   0;-999;   0;  -999;   5.1;    -999;    8.9;   47.71;   16.6;    1.2;   -2.2;eor
       3289;20190217;-999;-999;-999;    3;   0.0;   0;-999;   0;  -999;   5.7;    -999;    7.8;   58.33;   17.1;    0.0;   -2.9;eor
       3289;20190218;-999;-999;-999;    3;   0.0;   0;-999;   0;  -999;   5.6;    -999;    8.7;   51.17;   16.1;    2.1;   -1.4;eor
       3289;20190219;-999;-999;-999;    3;   0.3;   4;-999;   0;  -999;   6.4;    -999;    5.6;   71.04;    8.0;    2.0;   -1.2;eor
       3289;20190220;-999;-999;-999;    3;   0.0;   0;-999;   0;  -999;   6.5;    -999;    4.7;   76.75;    8.9;   -0.1;   -2.2;eor
       3289;20190221;-999;-999;-999;    3;   0.8;   4;-999;   0;  -999;   7.5;    -999;    6.4;   78.13;    9.4;    2.2;    0.5;eor
       3289;20190222;-999;-999;-999;    3;   0.3;   4;-999;   0;  -999;   7.9;    -999;    4.5;   91.21;    8.0;   -2.8;   -4.8;eor
       3289;20190223;-999;-999;-999;    3;   0.0;   0;-999;   0;  -999;   3.5;    -999;    0.4;   58.75;    6.0;   -3.6;   -5.3;eor
       3289;20190224;-999;-999;-999;    3;   0.0;   0;-999;   0;  -999;   3.4;    -999;    1.6;   55.13;   12.2;   -4.4;   -5.8;eor
       3289;20190225;-999;-999;-999;    3;   0.0;   0;-999;   0;  -999;   4.8;    -999;    4.5;   60.29;   15.0;   -2.4;   -4.1;eor
       3289;20190226;-999;-999;-999;    3;   0.0;   0;-999;   0;  -999;   5.2;    -999;    5.9;   61.79;   15.3;   -0.2;   -2.6;eor
       3289;20190227;-999;-999;-999;    3;   0.0;   0;-999;   0;  -999;   5.1;    -999;    7.5;   53.67;   17.8;   -1.0;   -3.0;eor
       3289;20190228;-999;-999;-999;    3;   0.0;   4;-999;   0;  -999;   6.3;    -999;   10.0;   51.29;   15.4;    4.7;    1.7;eor
       3289;20190301;-999;-999;-999;    3;   2.9;   4;-999;   0;  -999;   8.7;    -999;    7.1;   86.29;   10.5;    1.6;    1.5;eor
       3289;20190302;-999;-999;-999;    3;   0.4;   4;-999;   0;  -999;   7.3;    -999;    4.0;   90.04;    7.4;    1.5;    1.4;eor
       3289;20190303;-999;-999;-999;    3;   0.3;   4;-999;   0;  -999;   8.7;    -999;    8.7;   77.00;   10.0;    7.0;    6.1;eor
       3289;20190304;-999;-999;-999;    3;   1.1;   4;-999;   0;  -999;   7.3;    -999;    8.6;   65.75;   13.5;    3.4;    1.5;eor
       3289;20190305;-999;-999;-999;    3;   0.7;   4;-999;   0;  -999;   6.6;    -999;    4.5;   78.08;    7.4;    2.4;    0.6;eor
       3289;20190306;-999;-999;-999;    3;   0.0;   0;-999;   0;  -999;   7.2;    -999;    7.3;   71.54;   11.3;    1.9;    0.3;eor
       3289;20190307;-999;-999;-999;    3;   0.2;   4;-999;   0;  -999;   7.3;    -999;    9.7;   61.04;   12.9;    5.9;    4.5;eor
       3289;20190308;-999;-999;-999;    3;   0.6;   4;-999;   0;  -999;   6.9;    -999;    6.4;   71.71;    8.8;    5.0;    3.7;eor
       3289;20190309;-999;-999;-999;    3;   3.1;   4;-999;   0;  -999;   7.4;    -999;    6.8;   74.21;   10.8;    4.0;    2.5;eor
       3289;20190310;-999;-999;-999;    3;   6.8;   4;-999;   0;  -999;   7.6;    -999;    6.7;   77.00;   12.7;    0.4;   -0.1;eor
       3289;20190311;-999;-999;-999;    3;   5.7;   4;-999;   3;  -999;   6.0;    -999;    1.8;   86.79;    3.8;    0.0;   -0.8;eor
       3289;20190312;-999;-999;-999;    3;   0.2;   4;-999;   0;  -999;   5.5;    -999;    4.5;   67.04;    7.3;    0.5;   -0.8;eor
       3289;20190313;-999;-999;-999;    3;   0.0;   4;-999;   0;  -999;   6.0;    -999;    5.1;   69.50;    8.5;    1.6;    0.1;eor
       3289;20190314;-999;-999;-999;    3;   0.7;   4;-999;   0;  -999;   6.7;    -999;    4.8;   78.71;    6.3;    3.4;    2.6;eor
       3289;20190315;-999;-999;-999;    3;  10.4;   4;-999;   0;  -999;   8.2;    -999;    6.8;   81.75;   10.9;    4.2;    3.0;eor
       3289;20190316;-999;-999;-999;    3;   1.8;   4;-999;   0;  -999;   8.3;    -999;    7.3;   81.33;   10.2;    4.8;    3.9;eor
       3289;20190317;-999;-999;-999;    3;   1.0;   4;-999;   0;  -999;   7.5;    -999;    7.6;   72.42;   12.9;    3.0;    1.7;eor
       3289;20190318;-999;-999;-999;    3;   0.6;   4;-999;   0;  -999;   5.9;    -999;    3.6;   75.13;    7.2;    0.3;   -1.6;eor
       3289;20190319;-999;-999;-999;    3;   0.0;   0;-999;   0;  -999;   5.3;    -999;    2.8;   71.50;    7.2;   -0.9;   -2.8;eor
       3289;20190320;-999;-999;-999;    3;   0.0;   0;-999;   0;  -999;   4.9;    -999;    3.8;   66.29;   11.9;   -2.7;   -4.6;eor
       3289;20190321;-999;-999;-999;    3;   0.0;   0;-999;   0;  -999;   6.9;    -999;    6.8;   71.83;   15.5;   -1.0;   -2.8;eor
       3289;20190322;-999;-999;-999;    3;   0.0;   0;-999;   0;  -999;   9.0;    -999;   10.0;   75.08;   17.4;    1.7;   -0.4;eor
       3289;20190323;-999;-999;-999;    3;   0.0;   0;-999;   0;  -999;   8.6;    -999;   10.3;   72.13;   19.2;    3.7;    0.8;eor
       3289;20190324;-999;-999;-999;    3;   0.1;   4;-999;   0;  -999;   8.9;    -999;    6.2;   93.75;    7.7;    2.9;    0.9;eor
       3289;20190325;-999;-999;-999;    3;   1.1;   4;-999;   0;  -999;   6.4;    -999;    3.4;   82.38;    8.2;    0.8;   -0.4;eor
       3289;20190326;-999;-999;-999;    3;   2.5;   4;-999;   0;  -999;   6.6;    -999;    4.0;   81.75;    7.6;    1.3;   -0.2;eor
       3289;20190327;-999;-999;-999;    3;   0.6;   4;-999;   0;  -999;   7.3;    -999;    6.0;   78.63;    8.8;    3.4;    2.4;eor
       3289;20190328;-999;-999;-999;    3;   2.3;   4;-999;   0;  -999;   9.3;    -999;    7.3;   90.67;    9.4;    5.0;    4.5;eor
       3289;20190329;-999;-999;-999;    3;   0.0;   0;-999;   0;  -999;   8.9;    -999;    8.7;   80.38;   13.8;    3.3;    0.2;eor
       3289;20190330;-999;-999;-999;    3;   0.0;   0;-999;   0;  -999;   7.5;    -999;    9.6;   66.46;   17.8;    0.5;   -1.5;eor
       3289;20190331;-999;-999;-999;    3;   0.0;   0;-999;   0;  -999;   7.9;    -999;    7.6;   76.50;   12.7;    1.7;   -0.8;eor
       3289;20190401;-999;-999;-999;    3;   0.0;   0;-999;   0;  -999;   5.9;    -999;    5.5;   67.63;   11.7;    0.1;   -2.1;eor
       3289;20190402;-999;-999;-999;    3;   2.5;   4;-999;   0;  -999;   6.9;    -999;   10.2;   56.25;   18.3;    1.8;   -1.3;eor
       3289;20190403;-999;-999;-999;    3;   0.3;   4;-999;   0;  -999;   9.9;    -999;   11.3;   75.50;   16.5;    5.9;    4.4;eor
       3289;20190404;-999;-999;-999;    3;   0.2;   4;-999;   0;  -999;   9.1;    -999;    8.6;   81.58;   15.7;    2.9;    1.3;eor
       3289;20190405;-999;-999;-999;    3;   0.0;   0;-999;   0;  -999;   9.7;    -999;    7.9;   91.58;   11.0;    4.3;    1.5;eor
       3289;20190406;-999;-999;-999;    3;   0.0;   0;-999;   0;  -999;   9.3;    -999;   10.8;   75.00;   18.1;    3.5;    2.5;eor
       3289;20190407;-999;-999;-999;    3;   0.0;   0;-999;   0;  -999;   8.5;    -999;   10.2;   70.79;   17.5;    2.9;   -0.1;eor
       3289;20190408;-999;-999;-999;    3;   0.0;   0;-999;   0;  -999;   9.0;    -999;   11.2;   70.33;   17.3;    4.6;    2.2;eor
       3289;20190409;-999;-999;-999;    3;   0.0;   0;-999;   0;  -999;   7.9;    -999;    6.5;   82.08;    9.5;    3.8;    1.7;eor
       3289;20190410;-999;-999;-999;    3;   0.0;   0;-999;   0;  -999;   5.5;    -999;    4.5;   67.71;    9.8;    0.3;   -3.2;eor
       3289;20190411;-999;-999;-999;    3;   0.0;   0;-999;   0;  -999;   4.4;    -999;    1.5;   65.33;    6.7;   -3.1;   -6.7;eor
       3289;20190412;-999;-999;-999;    3;   0.0;   0;-999;   0;  -999;   4.7;    -999;    1.1;   71.04;    3.0;   -2.1;   -2.9;eor
       3289;20190413;-999;-999;-999;    3;   0.0;   0;-999;   0;  -999;   5.2;    -999;    1.1;   79.54;    5.2;   -2.1;   -5.6;eor
       3289;20190414;-999;-999;-999;    3;   1.7;   4;-999;   0;  -999;   6.1;    -999;    0.3;   96.17;    2.7;   -3.9;   -6.7;eor
       3289;20190415;-999;-999;-999;    3;   0.0;   0;-999;   0;  -999;   6.6;    -999;    6.9;   69.63;   12.7;    2.7;   -0.7;eor
       3289;20190416;-999;-999;-999;    3;   0.0;   0;-999;   0;  -999;   5.3;    -999;    8.3;   53.04;   16.3;   -1.3;   -4.5;eor
       3289;20190417;-999;-999;-999;    3;   0.0;   0;-999;   0;  -999;   6.0;    -999;   10.3;   50.25;   17.6;    0.8;   -3.2;eor
       3289;20190418;-999;-999;-999;    3;   0.0;   0;-999;   0;  -999;   6.5;    -999;   12.5;   49.00;   19.3;    3.5;    0.0;eor
       3289;20190419;-999;-999;-999;    3;   0.0;   0;-999;   0;  -999;   7.2;    -999;   14.2;   47.67;   21.4;    5.5;    1.1;eor
       3289;20190420;-999;-999;-999;    3;   0.0;   0;-999;   0;  -999;   7.1;    -999;   12.3;   54.58;   21.0;    3.1;   -0.5;eor
       3289;20190421;-999;-999;-999;    3;   0.0;   0;-999;   0;  -999;   7.0;    -999;   12.6;   52.46;   20.7;    2.8;   -0.3;eor
       3289;20190422;-999;-999;-999;    3;   0.0;   0;-999;   0;  -999;   6.9;    -999;   11.6;   53.46;   19.3;    2.7;   -0.8;eor
       3289;20190423;-999;-999;-999;    3;   0.0;   0;-999;   0;  -999;   8.8;    -999;   13.2;   59.42;   19.3;    7.0;    4.7;eor
       3289;20190424;-999;-999;-999;    3;   0.1;   4;-999;   0;  -999;  10.2;    -999;   16.9;   55.33;   24.3;    9.5;    6.6;eor
       3289;20190425;-999;-999;-999;    3;   0.0;   0;-999;   0;  -999;   7.8;    -999;   17.5;   41.96;   24.9;    8.3;    4.8;eor
       3289;20190426;-999;-999;-999;    3;  11.5;   4;-999;   0;  -999;  10.1;    -999;   12.6;   70.92;   18.1;    7.1;    4.6;eor
       3289;20190427;-999;-999;-999;    3;   3.8;   4;-999;   0;  -999;   9.7;    -999;    9.9;   81.13;   16.8;    5.5;    4.5;eor
       3289;20190428;-999;-999;-999;    3;   7.5;   4;-999;   0;  -999;   8.4;    -999;    7.0;   84.88;   11.3;    3.5;    1.7;eor
       3289;20190429;-999;-999;-999;    3;  11.8;   4;-999;   0;  -999;   9.5;    -999;    6.6;   96.17;    8.9;    3.2;    1.7;eor
       3289;20190430;-999;-999;-999;    3;   0.1;   4;-999;   0;  -999;   7.4;    -999;    8.7;   69.08;   14.7;    2.9;    0.1;eor
       3289;20190501;-999;-999;-999;    3;   0.3;   4;-999;-999;  -999;   9.6;    -999;   11.7;   72.71;   18.8;    5.0;    2.2;eor
       3289;20190502;-999;-999;-999;    3;   1.3;   4;-999;-999;  -999;   9.3;    -999;   11.2;   72.04;   17.7;    5.1;    2.1;eor
       3289;20190503;-999;-999;-999;    3;   3.6;   4;-999;-999;  -999;   7.6;    -999;    7.2;   75.04;   10.2;    3.3;    1.4;eor
       3289;20190504;-999;-999;-999;    3;   8.0;   4;-999;-999;  -999;   6.7;    -999;    2.7;   90.79;    5.7;    0.4;   -1.0;eor
       3289;20190505;-999;-999;-999;    3;   0.0;   0;-999;-999;  -999;   6.0;    -999;    4.2;   75.25;    9.2;    0.9;   -1.3;eor
       3289;20190506;-999;-999;-999;    3;   0.0;   4;-999;-999;  -999;   5.8;    -999;    5.4;   66.42;    9.8;    1.1;   -0.6;eor
       3289;20190507;-999;-999;-999;    3;   0.0;   0;-999;-999;  -999;   6.9;    -999;    6.7;   70.79;   11.0;    1.3;   -0.8;eor
       3289;20190508;-999;-999;-999;    3;   1.5;   4;-999;-999;  -999;   8.6;    -999;   10.3;   68.33;   16.5;    3.1;    0.3;eor
       3289;20190509;-999;-999;-999;    3;   2.5;   4;-999;-999;  -999;   9.9;    -999;   11.1;   75.83;   15.8;    8.3;    6.9;eor
       3289;20190510;-999;-999;-999;    3;   0.9;   4;-999;-999;  -999;   9.6;    -999;   10.6;   76.42;   15.5;    6.9;    4.9;eor
       3289;20190511;-999;-999;-999;    3;  19.2;   4;-999;-999;  -999;  10.3;    -999;    8.3;   93.42;   10.4;    5.6;    5.2;eor
       3289;20190512;-999;-999;-999;    3;   0.0;   0;-999;-999;  -999;   7.3;    -999;    8.1;   70.21;   13.3;    3.5;    1.1;eor
       3289;20190513;-999;-999;-999;    3;   0.0;   0;-999;-999;  -999;   6.1;    -999;    7.0;   63.83;   13.3;    0.9;   -1.6;eor
       3289;20190514;-999;-999;-999;    3;   0.2;   4;-999;-999;  -999;   6.3;    -999;    5.9;   68.75;   11.2;    0.0;   -2.2;eor
       3289;20190515;-999;-999;-999;    3;   0.7;   4;-999;-999;  -999;   6.1;    -999;    4.8;   71.71;    8.9;   -1.3;   -3.2;eor
       3289;20190516;-999;-999;-999;    3;   1.9;   4;-999;-999;  -999;   8.7;    -999;    6.0;   92.46;    7.4;    4.8;    4.4;eor
       3289;20190517;-999;-999;-999;    3;   0.0;   0;-999;-999;  -999;   9.8;    -999;   10.5;   78.96;   16.6;    5.3;    2.4;eor
       3289;20190518;-999;-999;-999;    3;   0.0;   0;-999;-999;  -999;  10.4;    -999;   13.5;   70.21;   22.1;    3.9;    1.1;eor
       3289;20190519;-999;-999;-999;    3;   0.2;   4;-999;-999;  -999;  11.9;    -999;   15.7;   70.04;   22.8;    7.7;    5.5;eor
       3289;20190520;-999;-999;-999;    3;  27.0;   4;-999;-999;  -999;  14.5;    -999;   14.1;   89.58;   19.7;    9.5;    7.4;eor
       3289;20190521;-999;-999;-999;    3;   1.5;   4;-999;-999;  -999;  14.4;    -999;   15.0;   85.33;   20.1;   12.9;   12.7;eor
       3289;20190522;-999;-999;-999;    3;   0.0;   0;-999;-999;  -999;  11.9;    -999;   11.8;   85.54;   13.8;    6.7;    4.5;eor
       3289;20190523;-999;-999;-999;    3;   0.0;   0;-999;-999;  -999;   9.8;    -999;   13.2;   67.92;   19.8;    5.7;    3.8;eor
       3289;20190524;-999;-999;-999;    3;   0.0;   0;-999;-999;  -999;  10.5;    -999;   14.6;   66.54;   21.9;    7.3;    5.3;eor
       3289;20190525;-999;-999;-999;    3;   4.4;   4;-999;-999;  -999;  12.0;    -999;   13.2;   79.29;   18.4;    7.7;    6.5;eor
       3289;20190526;-999;-999;-999;    3;   0.0;   0;-999;-999;  -999;  10.9;    -999;   14.9;   66.63;   21.8;    5.7;    4.2;eor
       3289;20190527;-999;-999;-999;    3;   1.0;   4;-999;-999;  -999;  13.1;    -999;   15.9;   73.08;   20.9;   12.5;   12.0;eor
       3289;20190528;-999;-999;-999;    3;   4.4;   4;-999;-999;  -999;  12.3;    -999;   12.7;   85.04;   17.1;   10.2;   10.0;eor
       3289;20190529;-999;-999;-999;    3;   0.0;   0;-999;-999;  -999;   9.2;    -999;   10.5;   74.58;   15.9;    4.1;    2.5;eor
       3289;20190530;-999;-999;-999;    3;   0.0;   0;-999;-999;  -999;   9.3;    -999;   13.6;   63.00;   21.4;    2.7;    1.2;eor
       3289;20190531;-999;-999;-999;    3;   0.0;   0;-999;-999;  -999;  14.3;    -999;   17.4;   72.42;   22.4;   12.4;   10.4;eor
       3289;20190601;-999;-999;-999;    3;   0.0;   0;-999;-999;  -999;  14.4;    -999;   19.1;   68.58;   26.5;   10.7;    9.0;eor
       3289;20190602;-999;-999;-999;    3;   0.0;   0;-999;-999;  -999;  14.1;    -999;   21.6;   58.75;   29.2;   11.8;    9.9;eor
       3289;20190603;-999;-999;-999;    3;   1.0;   4;-999;-999;  -999;  13.1;    -999;   23.5;   48.21;   30.5;   15.8;   13.4;eor
       3289;20190604;-999;-999;-999;    3;   0.0;   0;-999;-999;  -999;  15.2;    -999;   22.3;   58.75;   29.0;   14.3;   11.9;eor
       3289;20190605;-999;-999;-999;    3;   0.0;   0;-999;-999;  -999;  15.3;    -999;   24.6;   50.83;   29.9;   16.8;   12.9;eor
       3289;20190606;-999;-999;-999;    3;   4.8;   4;-999;-999;  -999;  14.9;    -999;   18.1;   71.75;   23.0;    9.8;    8.7;eor
       3289;20190607;-999;-999;-999;    3;   0.1;   4;-999;-999;  -999;  14.7;    -999;   16.5;   79.71;   24.6;    8.3;    8.4;eor
       3289;20190608;-999;-999;-999;    3;   0.0;   0;-999;-999;  -999;  10.0;    -999;   14.8;   60.92;   20.4;    8.3;    5.4;eor
       3289;20190609;-999;-999;-999;    3;   0.4;   4;-999;-999;  -999;  11.6;    -999;   16.8;   63.00;   23.4;    7.3;    4.5;eor
       3289;20190610;-999;-999;-999;    3;  13.6;   4;-999;-999;  -999;  16.3;    -999;   18.8;   77.08;   26.2;   14.2;   13.1;eor
       3289;20190611;-999;-999;-999;    3;   3.6;   4;-999;-999;  -999;  17.0;    -999;   18.8;   79.67;   23.8;   13.5;   12.6;eor
       3289;20190612;-999;-999;-999;    3;  15.6;   4;-999;-999;  -999;  17.9;    -999;   17.3;   90.58;   24.3;   13.6;   13.0;eor
       3289;20190613;-999;-999;-999;    3;   0.0;   0;-999;-999;  -999;  13.2;    -999;   18.1;   66.88;   24.0;   11.9;   10.0;eor
       3289;20190614;-999;-999;-999;    3;   0.0;   0;-999;-999;  -999;  15.6;    -999;   21.3;   63.83;   28.9;   10.9;    8.8;eor
       3289;20190615;-999;-999;-999;    3;   0.0;   0;-999;-999;  -999;  16.7;    -999;   22.1;   64.00;   26.8;   13.7;   11.7;eor
       3289;20190616;-999;-999;-999;    3;   0.3;   4;-999;-999;  -999;  15.3;    -999;   16.3;   82.75;   20.5;   12.5;   11.1;eor
       3289;20190617;-999;-999;-999;    3;   0.0;   0;-999;-999;  -999;  14.3;    -999;   18.9;   68.46;   25.1;   11.3;    9.7;eor
       3289;20190618;-999;-999;-999;    3;   0.0;   0;-999;-999;  -999;  14.2;    -999;   21.8;   56.75;   28.1;   12.6;    9.8;eor
       3289;20190619;-999;-999;-999;    3;   2.0;   4;-999;-999;  -999;  15.7;    -999;   23.1;   58.13;   30.7;   17.3;   14.7;eor
       3289;20190620;-999;-999;-999;    3;   7.1;   4;-999;-999;  -999;  17.0;    -999;   19.6;   75.75;   26.1;   13.4;   12.0;eor
       3289;20190621;-999;-999;-999;    3;   0.1;   4;-999;-999;  -999;  15.4;    -999;   17.5;   78.25;   22.5;   12.5;   11.2;eor
       3289;20190622;-999;-999;-999;    3;   0.0;   0;-999;-999;  -999;  15.2;    -999;   18.3;   72.83;   24.5;   11.3;    9.5;eor
       3289;20190623;-999;-999;-999;    3;   0.0;   0;-999;-999;  -999;  14.5;    -999;   20.7;   60.17;   26.6;   14.5;   12.8;eor
       3289;20190624;-999;-999;-999;    3;   0.0;   0;-999;-999;  -999;  13.4;    -999;   21.9;   54.58;   27.9;   13.2;   10.8;eor
       3289;20190625;-999;-999;-999;    3;   0.0;   0;-999;-999;  -999;  15.0;    -999;   25.8;   47.13;   33.3;   18.7;   15.8;eor
       3289;20190626;-999;-999;-999;    3;   0.0;   0;-999;-999;  -999;  18.7;    -999;   27.3;   54.83;   35.3;   17.6;   14.7;eor
       3289;20190627;-999;-999;-999;    3;   0.0;   0;-999;-999;  -999;  12.4;    -999;   21.4;   51.21;   27.5;   12.9;   10.7;eor
       3289;20190628;-999;-999;-999;    3;   0.0;   0;-999;-999;  -999;  11.1;    -999;   17.0;   60.25;   24.2;   11.0;    8.5;eor
       3289;20190629;-999;-999;-999;    3;   0.0;   0;-999;-999;  -999;  11.1;    -999;   21.7;   48.42;   30.7;    9.3;    6.7;eor
       3289;20190630;-999;-999;-999;    3;   0.0;   0;-999;-999;  -999;  12.2;    -999;   27.4;   36.88;   36.3;   16.2;   11.3;eor
       3289;20190701;-999;-999;-999;    3;   0.0;   0;-999;-999;  -999;  15.6;    -999;   23.6;   54.58;   29.3;   14.1;   11.9;eor
       3289;20190702;-999;-999;-999;    3;   0.0;   0;-999;-999;  -999;  10.4;    -999;   17.2;   54.96;   22.9;    8.8;    6.9;eor
       3289;20190703;-999;-999;-999;    3;   0.0;   0;-999;-999;  -999;   8.9;    -999;   14.8;   56.17;   21.9;    7.0;    4.8;eor
       3289;20190704;-999;-999;-999;    3;   0.0;   0;-999;-999;  -999;   8.4;    -999;   15.6;   51.96;   24.6;    6.7;    4.8;eor
       3289;20190705;-999;-999;-999;    3;   0.0;   0;-999;-999;  -999;  10.2;    -999;   18.5;   49.88;   26.0;   11.6;   10.4;eor
       3289;20190706;-999;-999;-999;    3;   0.2;   4;-999;-999;  -999;  11.7;    -999;   21.0;   51.29;   29.2;   11.6;    9.6;eor
       3289;20190707;-999;-999;-999;    3;   0.0;   4;-999;-999;  -999;  10.3;    -999;   15.0;   61.38;   19.4;    8.0;    6.6;eor
       3289;20190708;-999;-999;-999;    3;   0.0;   0;-999;-999;  -999;   9.1;    -999;   13.0;   62.17;   16.9;    7.1;    5.8;eor
       3289;20190709;-999;-999;-999;    3;   0.0;   0;-999;-999;  -999;   9.8;    -999;   12.7;   67.63;   16.7;    8.3;    6.0;eor
       3289;20190710;-999;-999;-999;    3;   0.0;   0;-999;-999;  -999;   9.6;    -999;   15.4;   58.00;   22.1;    8.0;    5.9;eor
       3289;20190711;-999;-999;-999;    3;   6.3;   4;-999;-999;  -999;  13.3;    -999;   16.4;   72.58;   22.4;   13.6;   13.4;eor
       3289;20190712;-999;-999;-999;    3;  10.2;   4;-999;-999;  -999;  15.3;    -999;   16.3;   83.79;   23.0;   11.8;   10.8;eor
       3289;20190713;-999;-999;-999;    3;   8.7;   4;-999;-999;  -999;  15.4;    -999;   16.0;   85.04;   20.6;   13.0;   12.9;eor
       3289;20190714;-999;-999;-999;    3;   1.3;   4;-999;-999;  -999;  14.5;    -999;   14.2;   89.63;   16.8;   11.9;   11.0;eor
       3289;20190715;-999;-999;-999;    3;   0.0;   0;-999;-999;  -999;  12.9;    -999;   15.5;   73.96;   20.3;   12.8;   11.0;eor
       3289;20190716;-999;-999;-999;    3;   0.0;   0;-999;-999;  -999;  12.4;    -999;   14.6;   75.17;   20.3;   11.6;   11.1;eor
       3289;20190717;-999;-999;-999;    3;   0.0;   0;-999;-999;  -999;  13.4;    -999;   15.8;   75.71;   21.1;   10.9;    9.5;eor
       3289;20190718;-999;-999;-999;    3;   0.2;   4;-999;-999;  -999;  12.3;    -999;   18.5;   62.88;   26.6;    9.3;    7.8;eor
       3289;20190719;-999;-999;-999;    3;   0.8;   4;-999;-999;  -999;  16.1;    -999;   18.9;   73.67;   23.2;   15.2;   13.2;eor
       3289;20190720;-999;-999;-999;    3;   3.8;   4;-999;-999;  -999;  15.6;    -999;   22.5;   61.96;   30.1;   13.6;   11.7;eor
       3289;20190721;-999;-999;-999;    3;   0.0;   0;-999;-999;  -999;  15.1;    -999;   20.7;   64.38;   26.8;   14.1;   12.3;eor
       3289;20190722;-999;-999;-999;    3;   0.0;   0;-999;-999;  -999;  13.3;    -999;   20.4;   59.54;   27.7;   12.4;   10.9;eor
       3289;20190723;-999;-999;-999;    3;   0.0;   0;-999;-999;  -999;  14.0;    -999;   23.5;   52.63;   31.9;   13.9;   12.3;eor
       3289;20190724;-999;-999;-999;    3;   0.0;   0;-999;-999;  -999;  13.5;    -999;   26.6;   43.00;   34.7;   15.6;   13.5;eor
       3289;20190725;-999;-999;-999;    3;   0.0;   0;-999;-999;  -999;  12.9;    -999;   27.3;   39.42;   34.9;   17.5;   15.3;eor
       3289;20190726;-999;-999;-999;    3;   0.0;   0;-999;-999;  -999;  13.8;    -999;   24.8;   46.17;   31.6;   16.4;   14.3;eor
       3289;20190727;-999;-999;-999;    3;   0.0;   0;-999;-999;  -999;  13.3;    -999;   23.0;   48.83;   29.4;   15.2;   12.4;eor
       3289;20190728;-999;-999;-999;    3;   0.0;   0;-999;-999;  -999;  16.4;    -999;   22.5;   61.33;   29.3;   16.1;   14.4;eor
       3289;20190729;-999;-999;-999;    3;   0.0;   0;-999;-999;  -999;  19.4;    -999;   21.6;   75.42;   26.3;   17.5;   16.2;eor
       3289;20190730;-999;-999;-999;    3;   1.1;   4;-999;-999;  -999;  17.2;    -999;   21.8;   68.00;   28.0;   16.8;   14.7;eor
       3289;20190731;-999;-999;-999;    3;   1.8;   4;-999;-999;  -999;  16.3;    -999;   18.8;   75.83;   25.8;   13.8;   11.1;eor
       3289;20190801;-999;-999;-999;    3;   0.0;   0;-999;-999;  -999;  12.2;    -999;   18.4;   61.33;   25.2;   11.5;    9.6;eor
       3289;20190802;-999;-999;-999;    3;   0.2;   4;-999;-999;  -999;  13.1;    -999;   18.0;   66.50;   26.7;   12.3;   10.9;eor
       3289;20190803;-999;-999;-999;    3;   0.9;   4;-999;-999;  -999;  15.2;    -999;   17.2;   78.83;   24.2;   12.3;   11.3;eor
       3289;20190804;-999;-999;-999;    3;   0.0;   0;-999;-999;  -999;  13.8;    -999;   19.3;   65.46;   26.8;   13.5;   11.2;eor
       3289;20190805;-999;-999;-999;    3;   0.0;   4;-999;-999;  -999;  14.8;    -999;   20.4;   63.46;   25.9;   13.5;   11.6;eor
       3289;20190806;-999;-999;-999;    3;   0.0;   4;-999;-999;  -999;  16.4;    -999;   20.7;   68.38;   26.9;   15.0;   12.6;eor
       3289;20190807;-999;-999;-999;    3;   5.9;   4;-999;-999;  -999;  18.0;    -999;   18.2;   85.83;   20.4;   15.5;   14.0;eor
       3289;20190808;-999;-999;-999;    3;   0.0;   0;-999;-999;  -999;  14.1;    -999;   19.3;   65.46;   26.0;   13.2;   11.2;eor
       3289;20190809;-999;-999;-999;-999;-999;-999;-999;-999;  -999;  -999;    -999;   21.5;-999;   29.7;   12.7;   10.6;eor
       3289;20190810;-999;-999;-999;    3;   0.0;   4;-999;-999;  -999;  -999;    -999;   21.3;-999;   24.0;   17.0;   13.0;eor
       3289;20190811;-999;-999;-999;    3;   0.3;   4;-999;-999;  -999;  -999;    -999;   21.3;-999;   28.0;   14.0;   12.0;eor
       3289;20190812;-999;-999;-999;    3;   0.1;   4;-999;-999;  -999;  -999;    -999;   18.0;-999;   22.0;   14.0;   13.0;eor
       3289;20190813;-999;-999;-999;    3;   0.0;   0;-999;-999;  -999;  -999;    -999;   16.0;-999;   22.2;   10.4;    7.0;eor
       3289;20190814;-999;-999;-999;    3;   0.0;   0;-999;-999;  -999;   8.9;    -999;   15.4;   52.96;   21.7;    8.5;    6.0;eor
       3289;20190815;-999;-999;-999;    3;   1.7;   4;-999;-999;  -999;  12.8;    -999;   16.1;   69.21;   21.4;    8.3;    5.7;eor
       3289;20190816;-999;-999;-999;    3;   0.0;   0;-999;-999;  -999;  12.3;    -999;   17.7;   62.92;   23.3;   13.7;   12.4;eor
       3289;20190817;-999;-999;-999;    3;   1.3;   4;-999;-999;  -999;  13.3;    -999;   19.0;   60.25;   22.7;   14.3;   12.8;eor
       3289;20190818;-999;-999;-999;    3;  14.3;   4;-999;-999;  -999;  17.0;    -999;   21.2;   70.96;   30.5;   15.7;   14.4;eor
       3289;20190819;-999;-999;-999;    3;   0.0;   0;-999;-999;  -999;  14.5;    -999;   19.0;   68.38;   24.8;   13.8;   12.5;eor
       3289;20190820;-999;-999;-999;    3;   2.7;   4;-999;-999;  -999;  12.9;    -999;   16.2;   71.75;   21.7;   11.1;    9.3;eor
       3289;20190821;-999;-999;-999;    3;   0.0;   0;-999;-999;  -999;  11.1;    -999;   16.1;   63.54;   22.4;   10.0;    7.8;eor
       3289;20190822;-999;-999;-999;    3;   0.0;   0;-999;-999;  -999;  10.5;    -999;   17.3;   57.08;   24.7;    8.4;    6.5;eor
       3289;20190823;-999;-999;-999;    3;   0.0;   0;-999;-999;  -999;  11.5;    -999;   18.8;   57.42;   27.3;    9.4;    7.2;eor
       3289;20190824;-999;-999;-999;    3;   0.0;   0;-999;-999;  -999;  15.1;    -999;   19.5;   68.13;   27.1;   10.3;    8.1;eor
       3289;20190825;-999;-999;-999;    3;   0.0;   4;-999;-999;  -999;  17.2;    -999;   22.6;   65.42;   30.4;   14.8;   13.0;eor
       3289;20190826;-999;-999;-999;    3;   0.3;   4;-999;-999;  -999;  17.3;    -999;   21.5;   69.54;   29.5;   15.2;   13.2;eor
       3289;20190827;-999;-999;-999;    3;   0.2;   4;-999;-999;  -999;  17.2;    -999;   21.6;   70.46;   30.6;   15.1;   13.4;eor
       3289;20190828;-999;-999;-999;    3;   1.9;   4;-999;-999;  -999;  18.6;    -999;   22.4;   70.79;   31.2;   16.2;   14.1;eor
       3289;20190829;-999;-999;-999;    3;   2.6;   4;-999;-999;  -999;  18.0;    -999;   20.3;   76.58;   27.7;   15.1;   13.0;eor
       3289;20190830;-999;-999;-999;    3;   0.2;   4;-999;-999;  -999;  18.9;    -999;   20.4;   81.13;   29.8;   15.3;   13.7;eor
       3289;20190831;-999;-999;-999;    3;   0.0;   0;-999;-999;  -999;  16.4;    -999;   23.5;   61.67;   30.7;   14.9;   13.2;eor
       3289;20190901;-999;-999;-999;    3;  11.5;   4;-999;-999;  -999;  16.5;    -999;   20.7;   67.96;   26.9;   13.0;   12.4;eor
       3289;20190902;-999;-999;-999;    3;   0.0;   0;-999;-999;  -999;  10.3;    -999;   14.3;   65.79;   20.5;    7.4;    5.4;eor
       3289;20190903;-999;-999;-999;    3;   0.0;   0;-999;-999;  -999;   9.4;    -999;   14.8;   61.25;   23.5;    5.7;    3.9;eor
       3289;20190904;-999;-999;-999;    3;   0.4;   4;-999;-999;  -999;  10.2;    -999;   17.6;   56.13;   26.2;    8.1;    6.2;eor
       3289;20190905;-999;-999;-999;    3;   0.0;   0;-999;-999;  -999;  11.1;    -999;   15.7;   63.71;   20.8;    9.2;    7.0;eor
       3289;20190906;-999;-999;-999;    3;   0.0;   0;-999;-999;  -999;   9.4;    -999;   12.6;   67.25;   19.0;    6.7;    4.9;eor
       3289;20190907;-999;-999;-999;    3;   0.0;   0;-999;-999;  -999;  10.0;    -999;   13.5;   66.63;   19.1;   10.2;    9.6;eor
       3289;20190908;-999;-999;-999;    3;  19.0;   4;-999;-999;  -999;  11.5;    -999;   12.4;   80.96;   17.0;    8.2;    6.9;eor
       3289;20190909;-999;-999;-999;    3;  24.3;   4;-999;-999;  -999;  12.7;    -999;   11.2;   95.29;   12.0;    9.0;    7.3;eor
       3289;20190910;-999;-999;-999;    3;   0.0;   0;-999;-999;  -999;  10.6;    -999;   12.2;   76.46;   18.2;    6.6;    5.0;eor
       3289;20190911;-999;-999;-999;    3;   0.2;   4;-999;-999;  -999;   9.7;    -999;   14.1;   64.42;   21.7;    5.3;    4.2;eor
       3289;20190912;-999;-999;-999;    3;   0.0;   0;-999;-999;  -999;  13.8;    -999;   17.0;   71.42;   22.4;   13.2;   11.4;eor
       3289;20190913;-999;-999;-999;    3;   0.0;   0;-999;-999;  -999;  15.1;    -999;   16.9;   78.38;   21.2;   13.3;   11.4;eor
       3289;20190914;-999;-999;-999;    3;   0.0;   0;-999;-999;  -999;  10.6;    -999;   14.1;   67.08;   19.3;    8.7;    7.2;eor
       3289;20190915;-999;-999;-999;    3;   0.0;   0;-999;-999;  -999;  11.7;    -999;   17.3;   62.33;   25.9;    8.5;    7.1;eor
       3289;20190916;-999;-999;-999;    3;   5.7;   4;-999;-999;  -999;  13.0;    -999;   14.0;   81.21;   18.3;   10.7;    9.1;eor
       3289;20190917;-999;-999;-999;    3;   0.0;   0;-999;-999;  -999;  10.6;    -999;   12.1;   76.04;   16.6;    7.5;    5.7;eor
       3289;20190918;-999;-999;-999;    3;   0.0;   0;-999;-999;  -999;   8.2;    -999;    9.2;   72.13;   15.2;    4.6;    2.6;eor
       3289;20190919;-999;-999;-999;    3;   0.0;   0;-999;-999;  -999;   7.9;    -999;    8.1;   75.50;   14.3;    2.8;    0.8;eor
       3289;20190920;-999;-999;-999;    3;   0.0;   0;-999;-999;  -999;   7.8;    -999;    8.9;   71.54;   16.2;    2.5;    0.6;eor
       3289;20190921;-999;-999;-999;    3;   0.0;   0;-999;-999;  -999;   9.0;    -999;   12.1;   67.38;   21.6;    3.7;    1.5;eor
       3289;20190922;-999;-999;-999;    3;   0.0;   0;-999;-999;  -999;   9.7;    -999;   16.3;   54.92;   24.5;    6.3;    3.4;eor
       3289;20190923;-999;-999;-999;    3;   0.3;   4;-999;-999;  -999;  12.8;    -999;   14.4;   77.83;   18.7;    9.4;    6.7;eor
       3289;20190924;-999;-999;-999;    3;   0.8;   4;-999;-999;  -999;  13.1;    -999;   15.5;   75.29;   20.5;   10.4;    8.1;eor
       3289;20190925;-999;-999;-999;    3;  10.0;   4;-999;-999;  -999;  13.4;    -999;   13.9;   84.67;   18.1;   12.0;   10.3;eor
       3289;20190926;-999;-999;-999;    3;   0.8;   4;-999;-999;  -999;  13.8;    -999;   15.1;   80.71;   19.2;   11.3;    9.5;eor
       3289;20190927;-999;-999;-999;    3;   3.2;   4;-999;-999;  -999;  14.3;    -999;   15.0;   83.88;   16.7;   11.5;    9.8;eor
       3289;20190928;-999;-999;-999;    3;   0.9;   4;-999;-999;  -999;  12.2;    -999;   14.1;   76.54;   17.5;   11.4;    9.2;eor
       3289;20190929;-999;-999;-999;    3;   1.5;   4;-999;-999;  -999;  11.8;    -999;   15.2;   68.71;   18.7;   11.7;   10.4;eor
       3289;20190930;-999;-999;-999;    3;   0.9;   4;-999;-999;  -999;  11.6;    -999;   13.7;   74.08;   16.2;   10.7;    9.2;eor
       3289;20191001;-999;-999;-999;    3;   9.4;   4;-999;   0;  -999;  12.9;    -999;   14.2;   79.46;   16.6;   11.1;    9.9;eor
       3289;20191002;-999;-999;-999;    3;  14.1;   4;-999;   0;  -999;  10.6;    -999;    9.6;   86.54;   14.4;    4.6;    2.8;eor
       3289;20191003;-999;-999;-999;    3;   2.0;   4;-999;   0;  -999;   9.7;    -999;    8.6;   86.50;   10.5;    5.6;    4.9;eor
       3289;20191004;-999;-999;-999;    3;   7.3;   4;-999;   0;  -999;   9.6;    -999;    8.9;   84.46;   11.4;    7.2;    5.8;eor
       3289;20191005;-999;-999;-999;    3;   1.5;   4;-999;   0;  -999;   9.4;    -999;    7.2;   92.17;   10.5;    2.0;    0.1;eor
       3289;20191006;-999;-999;-999;    3;   0.1;   4;-999;   0;  -999;   8.0;    -999;    6.2;   85.17;    9.5;    1.1;   -0.7;eor
       3289;20191007;-999;-999;-999;    3;   0.0;   0;-999;   0;  -999;   7.7;    -999;    6.0;   83.04;   12.6;    0.0;   -1.8;eor
       3289;20191008;-999;-999;-999;    3;   8.7;   4;-999;   0;  -999;  11.3;    -999;   10.8;   86.71;   13.6;    7.4;    6.9;eor
       3289;20191009;-999;-999;-999;    3;   0.6;   4;-999;   0;  -999;  10.5;    -999;   11.0;   79.92;   14.1;    8.4;    5.4;eor
       3289;20191010;-999;-999;-999;    3;   2.6;   4;-999;   0;  -999;   9.7;    -999;    9.7;   80.33;   13.9;    8.3;    6.6;eor
       3289;20191011;-999;-999;-999;    3;   0.0;   0;-999;   0;  -999;  11.0;    -999;   11.9;   78.75;   14.2;    8.8;    7.2;eor
       3289;20191012;-999;-999;-999;    3;   0.2;   4;-999;   0;  -999;  12.2;    -999;   16.2;   67.17;   20.9;   10.8;    8.8;eor
       3289;20191013;-999;-999;-999;    3;   0.0;   0;-999;   0;  -999;  14.2;    -999;   19.4;   63.25;   24.0;   15.5;   13.4;eor
       3289;20191014;-999;-999;-999;    3;   0.0;   0;-999;   0;  -999;  14.1;    -999;   19.2;   64.21;   24.6;   14.0;   10.5;eor
       3289;20191015;-999;-999;-999;    3;   5.8;   4;-999;   0;  -999;  14.0;    -999;   16.6;   74.71;   23.6;   12.1;    8.6;eor
       3289;20191016;-999;-999;-999;    3;   0.3;   4;-999;   0;  -999;  11.4;    -999;   12.7;   77.71;   15.2;   10.5;    8.9;eor
       3289;20191017;-999;-999;-999;    3;   0.0;   0;-999;   0;  -999;  11.1;    -999;   13.5;   71.00;   17.4;   11.5;    9.7;eor
       3289;20191018;-999;-999;-999;    3;   4.8;   4;-999;   0;  -999;  12.8;    -999;   13.7;   81.08;   18.6;    9.7;    7.6;eor
       3289;20191019;-999;-999;-999;    3;   0.0;   0;-999;   0;  -999;  11.4;    -999;   12.4;   79.79;   14.8;    9.7;    8.1;eor
       3289;20191020;-999;-999;-999;    3;   0.0;   0;-999;   0;  -999;  12.4;    -999;   15.2;   72.33;   20.9;   11.2;    8.1;eor
       3289;20191021;-999;-999;-999;    3;   0.0;   0;-999;   0;  -999;  12.6;    -999;   13.3;   82.83;   20.4;    8.3;    5.8;eor
       3289;20191022;-999;-999;-999;    3;   0.0;   0;-999;   0;  -999;  11.9;    -999;   11.6;   87.75;   17.4;    7.5;    4.9;eor
       3289;20191023;-999;-999;-999;    3;   0.0;   0;-999;   0;  -999;  12.6;    -999;   11.2;   94.29;   16.7;    8.2;    5.1;eor
       3289;20191024;-999;-999;-999;    3;   0.0;   0;-999;   0;  -999;  12.0;    -999;   12.7;   82.58;   20.8;    7.6;    4.6;eor
       3289;20191025;-999;-999;-999;    3;   0.0;   0;-999;   0;  -999;  11.7;    -999;   13.0;   78.25;   16.6;    9.9;    6.9;eor
       3289;20191026;-999;-999;-999;    3;   0.0;   0;-999;   0;  -999;  11.9;    -999;   14.0;   75.17;   19.6;    9.7;    6.8;eor
       3289;20191027;-999;-999;-999;    3;   8.9;   4;-999;   0;  -999;  10.2;    -999;   10.5;   80.25;   15.6;    4.6;    2.9;eor
       3289;20191028;-999;-999;-999;    3;   0.0;   0;-999;   0;  -999;   7.6;    -999;    4.3;   91.08;    7.7;    0.0;   -1.1;eor
       3289;20191029;-999;-999;-999;    3;   0.0;   0;-999;   0;  -999;   7.1;    -999;    3.3;   90.96;    7.7;   -1.2;   -3.0;eor
       3289;20191030;-999;-999;-999;    3;   0.0;   0;-999;   0;  -999;   6.2;    -999;    1.5;   92.08;    7.0;   -2.0;   -3.6;eor
       3289;20191031;-999;-999;-999;    3;   0.0;   0;-999;   0;  -999;   5.3;    -999;    0.1;   86.29;    6.6;   -4.5;   -4.6;eor
       3289;20191101;-999;-999;-999;    3;   2.5;   4;-999;   0;  -999;   6.9;    -999;    3.7;   85.13;    8.1;   -1.9;   -4.4;eor
       3289;20191102;-999;-999;-999;    3;   0.4;   4;-999;   0;  -999;  12.1;    -999;   12.3;   84.29;   15.8;    8.1;    7.1;eor
       3289;20191103;-999;-999;-999;    3;   7.2;   4;-999;   0;  -999;  11.2;    -999;   11.4;   83.46;   13.8;    9.3;    7.2;eor
       3289;20191104;-999;-999;-999;    3;   0.4;   4;-999;   0;  -999;  10.2;    -999;    9.8;   84.42;   11.8;    8.0;    6.4;eor
       3289;20191105;-999;-999;-999;    3;   0.0;   0;-999;   0;  -999;   8.6;    -999;    7.7;   81.46;    9.4;    4.2;    1.8;eor
       3289;20191106;-999;-999;-999;    3;   0.0;   0;-999;   0;  -999;   8.4;    -999;    7.3;   82.54;    9.6;    4.2;    2.4;eor
       3289;20191107;-999;-999;-999;    3;   0.0;   0;-999;   0;  -999;   8.5;    -999;    8.0;   79.63;   10.6;    6.3;    4.8;eor
       3289;20191108;-999;-999;-999;    3;   4.9;   4;-999;   0;  -999;   8.6;    -999;    6.3;   90.08;    7.4;    5.1;    3.8;eor
       3289;20191109;-999;-999;-999;    3;   3.1;   4;-999;   0;  -999;   7.8;    -999;    4.5;   92.42;    6.1;    1.1;   -1.1;eor
       3289;20191110;-999;-999;-999;    3;   0.0;   0;-999;   0;  -999;   6.6;    -999;    3.0;   87.54;    8.3;   -0.5;   -2.4;eor
       3289;20191111;-999;-999;-999;    3;   0.0;   0;-999;   0;  -999;   5.8;    -999;    1.4;   86.50;    3.6;   -1.3;   -2.7;eor
       3289;20191112;-999;-999;-999;    3;   0.0;   0;-999;   0;  -999;   6.4;    -999;    4.0;   78.63;    6.7;    1.8;    1.0;eor
       3289;20191113;-999;-999;-999;    3;   0.0;   0;-999;   0;  -999;   6.5;    -999;    4.2;   78.42;    6.2;    2.8;    1.5;eor
       3289;20191114;-999;-999;-999;    3;   0.0;   0;-999;   0;  -999;   6.0;    -999;    2.9;   81.00;    7.2;   -0.6;   -2.3;eor
       3289;20191115;-999;-999;-999;    3;   5.5;   4;-999;   0;  -999;   7.0;    -999;    2.8;   93.75;    8.0;   -1.2;   -2.6;eor
       3289;20191116;-999;-999;-999;    3;   0.0;   4;-999;   0;  -999;   7.3;    -999;    4.0;   89.54;    7.6;    0.6;   -1.6;eor
       3289;20191117;-999;-999;-999;    3;   2.2;   4;-999;   0;  -999;   6.9;    -999;    1.8;   97.83;    3.9;   -1.3;   -1.7;eor
       3289;20191118;-999;-999;-999;    3;   0.7;   4;-999;   0;  -999;   7.3;    -999;    4.7;   86.04;    6.2;    3.5;    3.2;eor
       3289;20191119;-999;-999;-999;    3;   1.3;   4;-999;   0;  -999;   7.1;    -999;    4.4;   84.50;    5.5;    3.0;    2.4;eor
       3289;20191120;-999;-999;-999;    3;   0.0;   4;-999;   0;  -999;   7.3;    -999;    2.9;   96.50;    3.4;    2.4;    1.8;eor
       3289;20191121;-999;-999;-999;    3;   0.3;   4;-999;   0;  -999;   8.3;    -999;    4.5;   98.46;    5.7;    3.3;    3.3;eor
       3289;20191122;-999;-999;-999;    3;   0.0;   0;-999;   0;  -999;   7.6;    -999;    4.6;   89.25;    6.3;    2.6;    0.4;eor
       3289;20191123;-999;-999;-999;    3;   0.0;   0;-999;   0;  -999;   7.6;    -999;    5.2;   86.21;    8.8;    1.3;   -1.1;eor
       3289;20191124;-999;-999;-999;    3;   0.0;   0;-999;   0;  -999;   7.3;    -999;    3.7;   91.21;    9.4;   -0.1;   -1.4;eor
       3289;20191125;-999;-999;-999;    3;   0.0;   0;-999;   0;  -999;   7.0;    -999;    2.0;   98.08;    4.5;   -0.4;   -1.1;eor
       3289;20191126;-999;-999;-999;    3;   0.0;   0;-999;   0;  -999;   8.2;    -999;    6.2;   86.25;    9.1;    3.7;    2.6;eor
       3289;20191127;-999;-999;-999;    3;   0.3;   4;-999;   0;  -999;   8.5;    -999;    7.1;   83.67;    9.6;    3.9;    1.4;eor
       3289;20191128;-999;-999;-999;    3;   1.8;   4;-999;   0;  -999;   8.8;    -999;    9.1;   75.58;   10.3;    8.0;    6.7;eor
       3289;20191129;-999;-999;-999;    3;   0.6;   4;-999;   0;  -999;   7.0;    -999;    5.0;   78.92;    8.6;    1.7;    0.1;eor
       3289;20191130;-999;-999;-999;    3;   0.0;   4;-999;   0;  -999;   6.2;    -999;    2.5;   85.29;    5.3;    0.3;   -1.4;eor
       3289;20191201;-999;-999;-999;    3;   0.0;   0;-999;   0;  -999;   5.3;    -999;   -0.5;   89.08;    1.6;   -3.6;   -5.0;eor
       3289;20191202;-999;-999;-999;    3;   0.0;   0;-999;   0;  -999;   6.0;    -999;    1.4;   88.58;    3.1;   -0.6;   -0.8;eor
       3289;20191203;-999;-999;-999;    3;   0.0;   0;-999;   0;  -999;   6.4;    -999;    2.6;   86.83;    5.8;    0.0;   -1.8;eor
       3289;20191204;-999;-999;-999;    3;   0.0;   0;-999;   0;  -999;   5.2;    -999;    1.1;   80.42;    6.6;   -2.5;   -4.5;eor
       3289;20191205;-999;-999;-999;    3;   0.0;   0;-999;   0;  -999;   4.9;    -999;    0.4;   78.88;    3.5;   -1.8;   -4.3;eor
       3289;20191206;-999;-999;-999;    3;   3.3;   4;-999;   0;  -999;   5.4;    -999;    2.0;   75.96;    5.3;   -1.5;   -3.0;eor
       3289;20191207;-999;-999;-999;    3;   0.4;   4;-999;   0;  -999;   7.8;    -999;    6.4;   80.42;    8.0;    3.9;    2.8;eor
       3289;20191208;-999;-999;-999;    3;   0.8;   4;-999;   0;  -999;   8.2;    -999;    7.9;   76.29;    9.5;    6.4;    5.8;eor
       3289;20191209;-999;-999;-999;    3;   1.0;   4;-999;   0;  -999;   7.2;    -999;    6.0;   77.54;    7.5;    3.3;    2.7;eor
       3289;20191210;-999;-999;-999;    3;   0.0;   0;-999;   0;  -999;   5.8;    -999;    2.3;   80.88;    5.6;    0.0;   -2.2;eor
       3289;20191211;-999;-999;-999;    3;   3.7;   4;-999;   0;  -999;   4.7;    -999;    1.7;   67.75;    3.4;    0.4;   -0.5;eor
       3289;20191212;-999;-999;-999;    3;   0.0;   0;-999;   2;  -999;   6.1;    -999;    1.4;   89.54;    2.8;   -0.7;   -2.9;eor
       3289;20191213;-999;-999;-999;    3;   0.6;   4;-999;   0;  -999;   5.7;    -999;    1.9;   81.29;    3.8;    0.2;   -1.3;eor
       3289;20191214;-999;-999;-999;    3;   2.1;   4;-999;   0;  -999;   6.5;    -999;    4.2;   79.04;    6.1;    2.7;    0.6;eor
       3289;20191215;-999;-999;-999;    3;   2.5;   4;-999;   0;  -999;   7.7;    -999;    6.0;   81.29;    9.7;    2.6;    0.6;eor
       3289;20191216;-999;-999;-999;    3;   0.0;   0;-999;   0;  -999;   8.3;    -999;    7.8;   78.25;   11.0;    4.3;    1.9;eor
       3289;20191217;-999;-999;-999;    3;   0.0;   0;-999;   0;  -999;   7.3;    -999;   11.1;   55.42;   13.9;    7.0;    5.3;eor
       3289;20191218;-999;-999;-999;    3;   0.0;   0;-999;   0;  -999;   8.6;    -999;    8.2;   78.83;   10.9;    4.0;    1.0;eor
       3289;20191219;-999;-999;-999;    3;   0.0;   0;-999;   0;  -999;   8.0;    -999;    6.7;   82.21;   12.3;    3.3;    0.6;eor
       3289;20191220;-999;-999;-999;    3;   0.0;   0;-999;   0;  -999;   7.7;    -999;    8.0;   71.67;   11.4;    3.9;    1.1;eor
       3289;20191221;-999;-999;-999;    3;   0.0;   0;-999;   0;  -999;   7.6;    -999;    6.0;   81.38;    8.9;    2.6;   -0.1;eor
       3289;20191222;-999;-999;-999;    3;   0.0;   0;-999;   0;  -999;   7.7;    -999;    5.8;   82.67;    7.3;    3.3;    0.8;eor
       3289;20191223;-999;-999;-999;    3;   0.2;   4;-999;   0;  -999;   7.3;    -999;    5.7;   79.88;    7.4;    3.1;    1.6;eor
       3289;20191224;-999;-999;-999;    3;   6.3;   4;-999;   0;  -999;   7.2;    -999;    5.3;   80.75;    7.1;    3.3;    2.1;eor
       3289;20191225;-999;-999;-999;    3;   4.7;   4;-999;   0;  -999;   8.0;    -999;    4.8;   92.96;    6.2;    3.2;    2.2;eor
       3289;20191226;-999;-999;-999;    3;   0.0;   0;-999;   0;  -999;   6.7;    -999;    3.2;   87.83;    4.7;    1.5;    0.7;eor
       3289;20191227;-999;-999;-999;    3;   0.2;   4;-999;   0;  -999;   5.6;    -999;    1.2;   84.63;    4.3;   -1.8;   -3.5;eor
       3289;20191228;-999;-999;-999;    3;   0.0;   0;-999;   0;  -999;   4.8;    -999;   -0.5;   81.29;    0.3;   -3.0;   -4.9;eor
       3289;20191229;-999;-999;-999;    3;   0.0;   0;-999;   0;  -999;   4.1;    -999;   -1.5;   75.17;    3.4;   -5.0;   -6.9;eor
       3289;20191230;-999;-999;-999;    3;   0.0;   0;-999;   0;  -999;   3.3;    -999;    4.7;   39.42;    7.7;   -0.1;   -1.5;eor
       3289;20191231;-999;-999;-999;    3;   0.0;   0;-999;   0;  -999;   5.3;    -999;    3.3;   68.96;    6.1;    0.9;   -0.8;eor
       3289;20200101;-999;-999;-999;    3;   0.0;   0;-999;   0;  -999;   4.8;    -999;   -0.2;   80.58;    5.5;   -3.8;   -5.5;eor
       3289;20200102;-999;-999;-999;    3;   0.0;   0;-999;   0;  -999;   4.5;    -999;    0.8;   69.50;    6.4;   -3.6;   -5.9;eor
       3289;20200103;-999;-999;-999;    3;   1.6;   4;-999;   0;  -999;   7.1;    -999;    4.5;   83.96;    7.1;    1.5;    0.4;eor
       3289;20200104;-999;-999;-999;    3;   3.2;   4;-999;   0;  -999;   6.5;    -999;    2.8;   85.96;    5.1;    0.4;   -1.1;eor
       3289;20200105;-999;-999;-999;    3;   0.0;   0;-999;   0;  -999;   5.7;    -999;    1.6;   83.13;    3.3;   -0.5;   -1.6;eor
       3289;20200106;-999;-999;-999;    3;   0.0;   0;-999;   0;  -999;   6.0;    -999;    2.4;   82.67;    3.8;   -1.2;   -2.8;eor
       3289;20200107;-999;-999;-999;    3;   0.1;   4;-999;   0;  -999;   6.2;    -999;    2.5;   85.08;    4.8;    0.4;   -0.9;eor
       3289;20200108;-999;-999;-999;    3;   4.1;   4;-999;   0;  -999;   7.2;    -999;    4.6;   84.29;    6.2;    1.8;    0.9;eor
       3289;20200109;-999;-999;-999;    3;   2.0;   4;-999;   0;  -999;   9.5;    -999;    8.1;   88.17;   10.1;    5.9;    5.1;eor
       3289;20200110;-999;-999;-999;    3;   2.0;   4;-999;   0;  -999;   8.5;    -999;    7.5;   81.67;    9.4;    3.2;    2.2;eor
       3289;20200111;-999;-999;-999;    3;   0.0;   0;-999;   0;  -999;   5.9;    -999;    2.6;   79.54;    4.8;    0.3;   -1.3;eor
       3289;20200112;-999;-999;-999;    3;   0.0;   0;-999;   0;  -999;   5.6;    -999;    1.9;   79.29;    3.8;    0.2;   -1.8;eor
       3289;20200113;-999;-999;-999;    3;   0.0;   0;-999;   0;  -999;   6.9;    -999;    3.6;   86.63;    4.3;    2.4;    1.4;eor
       3289;20200114;-999;-999;-999;    3;   0.0;   0;-999;   0;  -999;   6.4;    -999;    6.8;   65.46;    9.9;    3.0;    1.1;eor
       3289;20200115;-999;-999;-999;    3;   0.0;   0;-999;   0;  -999;   6.5;    -999;    9.0;   57.25;   12.0;    6.3;    4.0;eor
       3289;20200116;-999;-999;-999;    3;   0.0;   0;-999;   0;  -999;   7.9;    -999;    8.6;   71.29;   11.6;    5.2;    3.1;eor
       3289;20200117;-999;-999;-999;    3;   0.0;   0;-999;   0;  -999;   7.0;    -999;    5.4;   77.96;    6.8;    1.9;   -0.1;eor
       3289;20200118;-999;-999;-999;    3;   0.0;   0;-999;   0;  -999;   6.3;    -999;    4.0;   77.38;    6.7;    1.4;   -0.1;eor
       3289;20200119;-999;-999;-999;    3;   3.4;   4;-999;   0;  -999;   6.2;    -999;    1.3;   91.75;    3.2;    0.2;   -0.8;eor
       3289;20200120;-999;-999;-999;    3;   0.0;   0;-999;   0;  -999;   5.7;    -999;    0.9;   88.38;    4.6;   -3.4;   -4.9;eor
       3289;20200121;-999;-999;-999;    3;   0.0;   0;-999;   0;  -999;   4.5;    -999;   -2.0;   85.46;    4.4;   -5.6;   -7.2;eor
       3289;20200122;-999;-999;-999;    3;   0.0;   4;-999;   0;  -999;   5.0;    -999;   -1.1;   87.25;    1.5;   -5.7;   -7.5;eor
       3289;20200123;-999;-999;-999;    3;   0.0;   0;-999;   0;  -999;   5.4;    -999;    0.2;   87.13;    2.4;   -3.8;   -5.3;eor
       3289;20200124;-999;-999;-999;    3;   0.0;   0;-999;   0;  -999;   4.7;    -999;   -1.0;   82.25;    2.7;   -4.1;   -5.5;eor
       3289;20200125;-999;-999;-999;    3;   0.0;   0;-999;   0;  -999;   4.2;    -999;   -4.5;   94.88;   -2.4;   -6.1;   -7.3;eor
       3289;20200126;-999;-999;-999;    3;   0.0;   4;-999;   0;  -999;   5.8;    -999;    0.6;   89.50;    6.3;   -5.4;   -6.7;eor
       3289;20200127;-999;-999;-999;    3;   0.0;   0;-999;   0;  -999;   7.3;    -999;    5.2;   82.08;    7.1;    2.8;    1.0;eor
       3289;20200128;-999;-999;-999;    3;   2.2;   4;-999;   0;  -999;   6.5;    -999;    4.3;   78.17;    6.3;    1.4;    0.2;eor
       3289;20200129;-999;-999;-999;    3;   0.1;   4;-999;   0;  -999;   5.4;    -999;    2.4;   74.92;    3.7;    1.0;   -0.3;eor
       3289;20200130;-999;-999;-999;    3;   0.1;   4;-999;   0;  -999;   6.5;    -999;    4.8;   75.04;    7.7;    1.8;    0.6;eor
       3289;20200131;-999;-999;-999;    3;   0.0;   0;-999;   0;  -999;   9.8;    -999;   10.7;   75.83;   14.1;    7.6;    6.8;eor
       3289;20200201;-999;-999;-999;    3;   5.3;   4;-999;   0;  -999;  10.1;    -999;   10.4;   80.08;   12.4;    7.3;    5.2;eor
       3289;20200202;-999;-999;-999;    3;   2.1;   4;-999;   0;  -999;   8.3;    -999;    8.1;   76.04;   11.2;    5.7;    4.8;eor
       3289;20200203;-999;-999;-999;    3;  13.0;   4;-999;   0;  -999;   8.1;    -999;    8.4;   73.00;   10.3;    6.0;    4.9;eor
       3289;20200204;-999;-999;-999;    3;   0.6;   4;-999;   0;  -999;   6.4;    -999;    2.9;   85.17;    6.0;    0.6;    0.0;eor
       3289;20200205;-999;-999;-999;    3;   0.0;   0;-999;   0;  -999;   4.9;    -999;    1.3;   73.71;    3.4;   -2.2;   -3.8;eor
       3289;20200206;-999;-999;-999;    3;   0.0;   0;-999;   0;  -999;   5.4;    -999;    1.4;   79.42;    2.9;   -1.6;   -2.6;eor
       3289;20200207;-999;-999;-999;    3;   0.0;   0;-999;   0;  -999;   5.7;    -999;    2.5;   78.54;    4.3;   -1.4;   -3.5;eor
       3289;20200208;-999;-999;-999;    3;   0.0;   0;-999;   0;  -999;   5.5;    -999;    3.8;   69.38;    8.3;   -1.0;   -3.3;eor
       3289;20200209;-999;-999;-999;    3;   7.6;   4;-999;   0;  -999;   6.7;    -999;    8.1;   62.17;   11.7;    3.0;    0.1;eor
       3289;20200210;-999;-999;-999;    3;   4.3;   4;-999;   0;  -999;   7.3;    -999;    6.6;   74.71;   11.9;    2.6;    1.6;eor
       3289;20200211;-999;-999;-999;    3;   0.1;   4;-999;   0;  -999;   5.3;    -999;    2.8;   70.79;    5.8;    0.9;   -0.1;eor
       3289;20200212;-999;-999;-999;    3;   0.0;   0;-999;   0;  -999;   4.9;    -999;    2.5;   68.21;    5.2;    0.8;   -0.9;eor
       3289;20200213;-999;-999;-999;    3;   0.3;   4;-999;   0;  -999;   5.7;    -999;    2.6;   77.88;    4.7;    0.4;   -1.1;eor
       3289;20200214;-999;-999;-999;    3;   0.2;   4;-999;   0;  -999;   7.1;    -999;    4.5;   83.92;    7.7;    2.0;    0.0;eor
       3289;20200215;-999;-999;-999;    3;   0.0;   0;-999;   0;  -999;   7.0;    -999;    5.9;   75.33;    9.0;    2.8;    0.9;eor
       3289;20200216;-999;-999;-999;    3;   2.2;   4;-999;   0;  -999;   6.8;    -999;   11.6;   50.13;   15.9;    7.8;    6.5;eor
       3289;20200217;-999;-999;-999;    3;   0.1;   4;-999;   0;  -999;   7.8;    -999;    8.0;   73.00;   14.8;    5.2;    3.6;eor
       3289;20200218;-999;-999;-999;    3;   0.1;   4;-999;   0;  -999;   6.4;    -999;    5.6;   70.00;    7.8;    3.9;    2.8;eor
       3289;20200219;-999;-999;-999;    3;   1.3;   4;-999;   0;  -999;   6.0;    -999;    4.0;   73.13;    5.1;    0.4;   -1.8;eor
       3289;20200220;-999;-999;-999;    3;   3.4;   4;-999;   0;  -999;   6.3;    -999;    4.3;   75.46;    7.0;    0.4;   -1.3;eor
       3289;20200221;-999;-999;-999;    3;   0.0;   0;-999;   0;  -999;   6.0;    -999;    4.3;   72.04;    6.2;    1.8;    0.7;eor
       3289;20200222;-999;-999;-999;    3;   0.2;   4;-999;   0;  -999;   6.1;    -999;    7.0;   61.54;   11.1;    3.1;    1.9;eor
       3289;20200223;-999;-999;-999;    3;   3.1;   4;-999;   0;  -999;   8.9;    -999;    8.9;   77.88;   11.7;    4.0;    2.6;eor
       3289;20200224;-999;-999;-999;    3;   1.2;   4;-999;   0;  -999;   6.5;    -999;    4.7;   74.79;    9.5;    1.6;   -0.2;eor
       3289;20200225;-999;-999;-999;    3;   2.5;   4;-999;   0;  -999;   8.1;    -999;    7.5;   77.17;   10.2;    3.7;    2.4;eor
       3289;20200226;-999;-999;-999;    3;   3.7;   4;-999;   1;  -999;   6.0;    -999;    1.9;   85.75;    5.0;    0.0;   -1.2;eor
       3289;20200227;-999;-999;-999;    3;   4.5;   4;-999;   0;  -999;   5.6;    -999;    1.6;   81.25;    4.0;    0.1;   -0.6;eor
       3289;20200228;-999;-999;-999;    3;   1.6;   4;-999;   3;  -999;   5.6;    -999;    1.6;   81.67;    3.9;    0.0;   -1.0;eor
       3289;20200229;-999;-999;-999;    3;   3.0;   4;-999;   0;  -999;   7.3;    -999;    5.7;   79.50;   10.3;    0.7;    0.0;eor
       3289;20200301;-999;-999;-999;    3;   0.4;   4;-999;   0;  -999;   6.9;    -999;    6.8;   69.67;   10.3;    4.6;    3.5;eor
       3289;20200302;-999;-999;-999;    3;   0.5;   4;-999;   0;  -999;   6.2;    -999;    6.1;   66.88;   10.3;    2.4;    1.3;eor
       3289;20200303;-999;-999;-999;    3;   3.9;   4;-999;   0;  -999;   6.4;    -999;    3.8;   79.67;    6.3;    0.8;   -0.7;eor
       3289;20200304;-999;-999;-999;    3;   0.0;   0;-999;   0;  -999;   5.9;    -999;    2.3;   81.33;    5.3;   -0.1;   -1.6;eor
       3289;20200305;-999;-999;-999;    3;   0.9;   4;-999;   0;  -999;   5.9;    -999;    4.7;   70.46;    9.2;   -0.2;   -2.3;eor
       3289;20200306;-999;-999;-999;    3;   3.6;   4;-999;   0;  -999;   7.4;    -999;    5.5;   82.25;    7.3;    2.7;    2.3;eor
       3289;20200307;-999;-999;-999;    3;   0.1;   4;-999;   0;  -999;   6.3;    -999;    3.3;   81.92;    5.1;    1.9;    0.5;eor
       3289;20200308;-999;-999;-999;    3;   1.4;   4;-999;   0;  -999;   6.4;    -999;    4.8;   73.63;    8.3;    0.6;   -1.4;eor
       3289;20200309;-999;-999;-999;    3;   1.4;   4;-999;   0;  -999;   7.5;    -999;    6.3;   78.67;   10.3;    3.0;    1.6;eor
       3289;20200310;-999;-999;-999;    3;   7.4;   4;-999;   0;  -999;   7.7;    -999;    5.8;   82.54;   10.6;    2.7;    1.6;eor
       3289;20200311;-999;-999;-999;    3;  36.5;   4;-999;   0;  -999;  10.9;    -999;    9.4;   92.38;   11.5;    6.6;    6.0;eor
       3289;20200312;-999;-999;-999;    3;   0.6;   4;-999;   0;  -999;   8.4;    -999;    9.8;   68.46;   13.3;    5.4;    3.8;eor
       3289;20200313;-999;-999;-999;    3;   0.0;   0;-999;   0;  -999;   6.0;    -999;    5.2;   68.29;    8.5;    2.0;    0.2;eor
       3289;20200314;-999;-999;-999;    3;   0.0;   0;-999;   0;  -999;   5.5;    -999;    4.3;   67.58;    8.3;    2.1;    0.5;eor
       3289;20200315;-999;-999;-999;    3;   0.0;   0;-999;   0;  -999;   4.3;    -999;    6.9;   44.88;   12.4;    2.2;   -0.1;eor
       3289;20200316;-999;-999;-999;    3;   0.0;   0;-999;   0;  -999;   6.8;    -999;    9.3;   57.79;   17.7;    3.1;   -0.2;eor
       3289;20200317;-999;-999;-999;    3;   2.0;   4;-999;   0;  -999;   9.1;    -999;    8.2;   83.71;   12.9;    3.5;    1.1;eor
       3289;20200318;-999;-999;-999;    3;   0.0;   0;-999;   0;  -999;   8.6;    -999;    9.4;   75.17;   17.3;    1.8;   -1.0;eor
       3289;20200319;-999;-999;-999;    3;   0.0;   0;-999;   0;  -999;   9.1;    -999;   10.7;   72.75;   17.0;    5.8;    3.7;eor
       3289;20200320;-999;-999;-999;    3;   0.0;   4;-999;   0;  -999;   8.5;    -999;    6.2;   88.92;    8.2;    2.6;    2.3;eor
       3289;20200321;-999;-999;-999;    3;   0.0;   0;-999;   0;  -999;   5.5;    -999;    2.2;   76.67;    5.2;   -2.1;   -3.7;eor
       3289;20200322;-999;-999;-999;    3;   0.0;   0;-999;   0;  -999;   3.5;    -999;   -0.8;   63.08;    3.9;   -4.4;   -6.8;eor
       3289;20200323;-999;-999;-999;    3;   0.0;   0;-999;   0;  -999;   2.9;    -999;   -1.2;   53.83;    4.4;   -6.6;   -9.0;eor
       3289;20200324;-999;-999;-999;    3;   0.0;   0;-999;   0;  -999;   2.9;    -999;   -0.1;   50.71;    6.2;   -7.1;   -9.3;eor
       3289;20200325;-999;-999;-999;    3;   0.0;   0;-999;   0;  -999;   3.0;    -999;    0.6;   50.46;    7.8;   -6.8;   -9.1;eor
       3289;20200326;-999;-999;-999;    3;   0.0;   0;-999;   0;  -999;   4.1;    -999;    3.1;   54.54;    9.9;   -3.0;   -5.5;eor
       3289;20200327;-999;-999;-999;    3;   0.0;   0;-999;   0;  -999;   5.6;    -999;    8.2;   53.75;   17.0;   -0.2;   -2.8;eor
       3289;20200328;-999;-999;-999;    3;   0.0;   0;-999;   0;  -999;   5.7;    -999;    5.9;   64.50;   13.3;   -0.6;   -3.0;eor
       3289;20200329;-999;-999;-999;    1;   1.7;   4;-999;   0;  -999;   5.8;    -999;    1.5;   84.33;    5.5;   -3.2;   -5.9;eor
       3289;20200330;-999;-999;-999;    1;   0.0;   4;-999;   2;  -999;   3.8;    -999;   -0.8;   68.33;    5.3;   -8.3;  -11.8;eor
       3289;20200331;-999;-999;-999;    1;   1.2;   4;-999;   0;  -999;   4.1;    -999;    0.1;   67.42;    3.9;   -5.0;   -7.3;eor
       3289;20200401;-999;-999;-999;    1;   0.0;   0;-999;   0;  -999;   3.4;    -999;    0.7;   57.88;    9.2;   -6.6;   -8.6;eor
       3289;20200402;-999;-999;-999;    1;   0.0;   0;-999;   0;  -999;   4.4;    -999;    4.2;   58.17;   13.0;   -4.6;   -6.8;eor
       3289;20200403;-999;-999;-999;    1;   0.4;   4;-999;   0;  -999;   6.6;    -999;    5.4;   73.46;    8.6;    0.9;   -1.9;eor
       3289;20200404;-999;-999;-999;    1;   0.0;   0;-999;   0;  -999;   6.1;    -999;    6.0;   67.33;   11.2;    0.0;   -2.5;eor
       3289;20200405;-999;-999;-999;    1;   0.0;   0;-999;   0;  -999;   5.8;    -999;    9.3;   52.50;   16.4;    0.3;   -3.0;eor
       3289;20200406;-999;-999;-999;    1;   0.0;   0;-999;   0;  -999;   5.8;    -999;   13.0;   41.04;   21.7;    2.3;   -2.3;eor
       3289;20200407;-999;-999;-999;    1;   0.0;   0;-999;   0;  -999;   9.3;    -999;   11.9;   66.79;   18.8;    3.9;    0.1;eor
       3289;20200408;-999;-999;-999;    1;   0.0;   0;-999;   0;  -999;   7.0;    -999;   11.1;   60.88;   21.0;    3.4;    0.0;eor
       3289;20200409;-999;-999;-999;    1;   0.0;   0;-999;   0;  -999;   8.0;    -999;   10.8;   63.08;   19.3;    3.0;   -0.5;eor
       3289;20200410;-999;-999;-999;    1;   0.0;   0;-999;   0;  -999;   7.8;    -999;   10.3;   64.92;   18.1;    2.7;    0.1;eor
       3289;20200411;-999;-999;-999;    1;   0.0;   0;-999;   0;  -999;   5.7;    -999;    8.0;   56.46;   15.6;   -0.1;   -2.3;eor
       3289;20200412;-999;-999;-999;    1;   0.2;   4;-999;   0;  -999;   7.3;    -999;   13.9;   48.50;   22.3;    3.2;   -0.5;eor
       3289;20200413;-999;-999;-999;    1;   2.1;   4;-999;   0;  -999;   6.7;    -999;    7.0;   65.08;   13.1;   -0.4;   -3.8;eor
       3289;20200414;-999;-999;-999;    1;   0.0;   4;-999;   0;  -999;   4.4;    -999;    3.1;   59.96;    8.7;   -0.7;   -3.7;eor
       3289;20200415;-999;-999;-999;    1;   0.0;   0;-999;   0;  -999;   5.6;    -999;    6.8;   60.58;   16.3;   -1.3;   -3.2;eor
       3289;20200416;-999;-999;-999;    1;   0.0;   0;-999;   0;  -999;   6.9;    -999;   12.2;   53.83;   22.9;    1.7;   -1.6;eor
       3289;20200417;-999;-999;-999;    1;   0.0;   0;-999;   0;  -999;   8.4;    -999;   11.1;   65.58;   18.5;    3.7;    0.9;eor
       3289;20200418;-999;-999;-999;    1;  10.2;   4;-999;   0;  -999;   9.4;    -999;   12.4;   68.42;   20.4;    3.7;    1.1;eor
       3289;20200419;-999;-999;-999;    1;   0.2;   4;-999;   0;  -999;   7.2;    -999;    8.9;   65.17;   14.0;    4.7;    2.9;eor
       3289;20200420;-999;-999;-999;    1;   0.0;   0;-999;   0;  -999;   5.4;    -999;    8.4;   51.08;   14.1;    1.8;   -0.1;eor
       3289;20200421;-999;-999;-999;    1;   0.0;   0;-999;   0;  -999;   5.9;    -999;    9.7;   51.54;   16.7;    2.5;    1.1;eor
       3289;20200422;-999;-999;-999;    1;   0.0;   0;-999;   0;  -999;   6.0;    -999;   10.8;   48.79;   18.0;    3.3;    1.4;eor
       3289;20200423;-999;-999;-999;    1;   0.0;   0;-999;   0;  -999;   6.8;    -999;   11.3;   54.63;   19.7;    2.1;   -1.0;eor
       3289;20200424;-999;-999;-999;    1;   0.0;   0;-999;   0;  -999;   7.6;    -999;   13.2;   53.42;   21.7;    5.1;    1.7;eor
       3289;20200425;-999;-999;-999;    1;   0.0;   0;-999;   0;  -999;   7.0;    -999;    7.6;   67.79;   12.7;    1.9;   -1.0;eor
       3289;20200426;-999;-999;-999;    1;   0.0;   0;-999;   0;  -999;   6.4;    -999;    9.1;   60.54;   18.0;   -0.1;   -3.0;eor
       3289;20200427;-999;-999;-999;    1;   0.0;   0;-999;   0;  -999;   7.3;    -999;   13.2;   52.79;   21.6;    1.9;   -1.1;eor
       3289;20200428;-999;-999;-999;    1;   0.3;   4;-999;   0;  -999;   9.9;    -999;   14.2;   63.04;   21.7;    5.7;    2.1;eor
       3289;20200429;-999;-999;-999;    1;   2.2;   4;-999;   0;  -999;  10.8;    -999;   13.2;   71.13;   17.6;    9.9;    8.8;eor
       3289;20200430;-999;-999;-999;    1;   0.4;   4;-999;   0;  -999;  10.0;    -999;   12.1;   71.17;   16.2;    9.2;    8.1;eor
       3289;20200501;-999;-999;-999;    1;   1.0;   4;-999;-999;  -999;   8.9;    -999;    9.8;   73.46;   14.0;    7.5;    6.3;eor
       3289;20200502;-999;-999;-999;    1;   2.6;   4;-999;-999;  -999;   8.5;    -999;    8.1;   78.46;   13.0;    5.4;    3.0;eor
       3289;20200503;-999;-999;-999;    1;   0.0;   4;-999;-999;  -999;   8.4;    -999;    9.8;   70.96;   15.4;    4.4;    3.1;eor
       3289;20200504;-999;-999;-999;    1;   1.6;   4;-999;-999;  -999;   8.9;    -999;    8.3;   82.67;   14.8;    1.8;    0.2;eor
       3289;20200505;-999;-999;-999;    1;   0.0;   0;-999;-999;  -999;   6.3;    -999;    5.4;   73.38;   12.5;   -0.5;   -1.9;eor
       3289;20200506;-999;-999;-999;    1;   0.0;   0;-999;-999;  -999;   6.3;    -999;    7.1;   65.25;   14.6;   -1.2;   -3.2;eor
       3289;20200507;-999;-999;-999;    1;   0.0;   0;-999;-999;  -999;   6.1;    -999;   11.5;   51.92;   20.1;    1.3;   -1.3;eor
       3289;20200508;-999;-999;-999;    1;   0.0;   0;-999;-999;  -999;   8.1;    -999;   14.3;   53.79;   22.7;    4.8;    2.8;eor
       3289;20200509;-999;-999;-999;    1;   0.0;   0;-999;-999;  -999;   8.8;    -999;   13.8;   58.50;   20.6;    5.1;    2.6;eor
       3289;20200510;-999;-999;-999;    1;   8.2;   4;-999;-999;  -999;  12.8;    -999;   15.8;   72.08;   23.5;    8.5;    6.3;eor
       3289;20200511;-999;-999;-999;    1;  25.7;   4;-999;-999;  -999;   8.6;    -999;    5.3;   93.21;   13.6;   -0.7;   -2.3;eor
       3289;20200512;-999;-999;-999;    1;   0.0;   0;-999;-999;  -999;   5.8;    -999;    4.4;   72.13;   10.5;   -2.2;   -3.5;eor
       3289;20200513;-999;-999;-999;    1;   0.0;   0;-999;-999;  -999;   6.3;    -999;    7.5;   64.38;   13.6;   -1.0;   -2.1;eor
       3289;20200514;-999;-999;-999;    1;   0.0;   0;-999;-999;  -999;   7.7;    -999;    7.6;   74.42;   12.4;    3.1;    1.2;eor
       3289;20200515;-999;-999;-999;    1;   0.0;   0;-999;-999;  -999;   6.4;    -999;    8.0;   63.46;   14.9;    0.7;   -0.7;eor
       3289;20200516;-999;-999;-999;    1;   0.0;   0;-999;-999;  -999;   7.0;    -999;    9.5;   63.08;   18.3;    0.4;   -1.0;eor
       3289;20200517;-999;-999;-999;    1;   0.0;   0;-999;-999;  -999;   7.9;    -999;   11.2;   62.92;   18.4;    4.5;    3.0;eor
       3289;20200518;-999;-999;-999;    1;   0.0;   0;-999;-999;  -999;   9.3;    -999;   13.9;   61.71;   23.1;    3.8;    2.3;eor
       3289;20200519;-999;-999;-999;    1;   0.1;   4;-999;-999;  -999;  10.7;    -999;   15.3;   63.79;   22.3;    7.8;    5.4;eor
       3289;20200520;-999;-999;-999;    1;   0.0;   4;-999;-999;  -999;  12.0;    -999;   13.3;   79.00;   16.3;    7.5;    5.7;eor
       3289;20200521;-999;-999;-999;    1;   0.0;   0;-999;-999;  -999;   9.5;    -999;   13.8;   63.63;   20.9;    5.3;    2.7;eor
       3289;20200522;-999;-999;-999;    1;   8.9;   4;-999;-999;  -999;  12.8;    -999;   16.4;   68.38;   23.8;    9.3;    6.5;eor
       3289;20200523;-999;-999;-999;    1;   2.3;   4;-999;-999;  -999;  12.3;    -999;   12.7;   82.96;   16.2;    8.2;    7.1;eor
       3289;20200524;-999;-999;-999;    1;   4.1;   4;-999;-999;  -999;   9.8;    -999;   11.9;   71.83;   17.0;    7.8;    6.2;eor
       3289;20200525;-999;-999;-999;    1;   0.4;   4;-999;-999;  -999;  10.3;    -999;   11.2;   78.50;   15.1;    6.9;    5.1;eor
       3289;20200526;-999;-999;-999;    1;   0.0;   0;-999;-999;  -999;  10.1;    -999;   11.6;   75.50;   17.3;    7.9;    6.4;eor
       3289;20200527;-999;-999;-999;    1;   0.4;   4;-999;-999;  -999;  10.3;    -999;   14.4;   66.25;   21.2;    5.9;    3.9;eor
       3289;20200528;-999;-999;-999;    1;   0.0;   0;-999;-999;  -999;   9.6;    -999;   13.2;   65.21;   17.1;    7.1;    4.9;eor
       3289;20200529;-999;-999;-999;    1;   0.0;   0;-999;-999;  -999;   8.6;    -999;   12.2;   63.25;   18.1;    4.5;    2.6;eor
       3289;20200530;-999;-999;-999;    1;   0.0;   0;-999;-999;  -999;   8.3;    -999;   11.2;   64.13;   15.9;    5.0;    3.0;eor
       3289;20200531;-999;-999;-999;    1;   0.0;   0;-999;-999;  -999;   9.1;    -999;   10.7;   71.88;   17.1;    3.8;    2.0;eor
       3289;20200601;-999;-999;-999;    1;   0.0;   0;-999;-999;  -999;   9.6;    -999;   14.0;   63.50;   21.8;    4.7;    1.8;eor
       3289;20200602;-999;-999;-999;    1;   0.0;   0;-999;-999;  -999;  10.2;    -999;   16.1;   59.17;   23.9;    6.6;    3.4;eor
       3289;20200603;-999;-999;-999;    1;   4.4;   4;-999;-999;  -999;  11.8;    -999;   15.3;   71.17;   25.9;    8.8;    6.2;eor
       3289;20200604;-999;-999;-999;    1;   4.6;   4;-999;-999;  -999;  13.9;    -999;   14.0;   86.63;   17.4;    9.4;    7.2;eor
       3289;20200605;-999;-999;-999;    1;   4.4;   4;-999;-999;  -999;  10.8;    -999;   11.5;   80.08;   15.8;    7.9;    6.5;eor
       3289;20200606;-999;-999;-999;    1;   1.7;   4;-999;-999;  -999;  10.1;    -999;   11.6;   74.46;   16.6;    6.2;    5.0;eor
       3289;20200607;-999;-999;-999;    1;   0.4;   4;-999;-999;  -999;  11.0;    -999;   12.3;   77.13;   16.2;    6.9;    4.0;eor
       3289;20200608;-999;-999;-999;    1;   0.0;   0;-999;-999;  -999;   9.8;    -999;   12.8;   68.96;   17.7;    7.1;    5.2;eor
       3289;20200609;-999;-999;-999;    1;   8.9;   4;-999;-999;  -999;  12.2;    -999;   13.2;   81.13;   18.7;    9.3;    8.5;eor
