STATIONS_ID;MESS_DATUM;QN_3;  FX;  FM;QN_4; RSK;RSKF; SDK;SHK_TAG;  NM; VPM;  PM; TMK; UPM; TXK; TNK; TGK;eor
       1327;20181208;-999;-999;-999;    3;   4.2;   4;    1.100;   0;  -999;   8.6;    -999;    8.0;   79.88;   10.5;    5.6;    4.4;eor
       1327;20181209;-999;-999;-999;    3;   7.1;   4;    0.000;   0;  -999;   8.6;    -999;    7.6;   83.08;    9.6;    5.3;    4.7;eor
       1327;20181210;-999;-999;-999;    3;   5.6;   4;    0.350;   0;  -999;   7.4;    -999;    4.4;   88.63;    6.6;    2.9;    1.6;eor
       1327;20181211;-999;-999;-999;    3;   1.6;   4;    1.400;   0;  -999;   7.1;    -999;    3.3;   91.00;    5.4;    0.3;   -1.6;eor
       1327;20181212;-999;-999;-999;    3;   0.0;   0;    0.867;   0;  -999;   6.5;    -999;    1.5;   95.63;    4.1;   -0.8;   -3.3;eor
       1327;20181213;-999;-999;-999;    3;   0.0;   0;    6.783;   0;  -999;   5.1;    -999;    0.8;   79.25;    3.0;   -2.0;   -5.0;eor
       1327;20181214;-999;-999;-999;    3;   0.0;   0;    0.650;   0;  -999;   4.3;    -999;    0.6;   66.42;    1.8;    0.2;   -0.6;eor
       1327;20181215;-999;-999;-999;    3;   2.0;   4;    0.000;   0;  -999;   4.1;    -999;   -0.2;   67.79;    0.9;   -1.1;   -2.3;eor
       1327;20181216;-999;-999;-999;    3;   0.0;   0;    0.333;   2;  -999;   5.8;    -999;    0.5;   90.38;    3.1;   -1.8;   -3.2;eor
       1327;20181217;-999;-999;-999;    3;   0.4;   4;    2.750;   0;  -999;   7.3;    -999;    4.5;   86.29;    8.1;   -0.4;   -2.6;eor
       1327;20181218;-999;-999;-999;    3;   0.0;   0;    4.583;   0;  -999;   7.2;    -999;    4.9;   83.63;    7.5;    3.3;    0.4;eor
       1327;20181219;-999;-999;-999;    3;   0.0;   0;    3.367;   0;  -999;   8.2;    -999;    7.7;   77.96;   10.3;    5.2;    2.0;eor
       1327;20181220;-999;-999;-999;    3;   1.2;   4;    0.783;   0;  -999;   8.2;    -999;    7.3;   80.58;    9.1;    5.6;    4.4;eor
       1327;20181221;-999;-999;-999;    3;   1.7;   4;    0.167;   0;  -999;   9.7;    -999;   10.7;   75.29;   14.6;    7.7;    6.6;eor
       1327;20181222;-999;-999;-999;    3;   2.6;   4;    1.500;   0;  -999;   9.5;    -999;    9.4;   80.17;   11.4;    7.1;    5.3;eor
       1327;20181223;-999;-999;-999;    3;  19.4;   4;    0.000;   0;  -999;   9.8;    -999;    8.0;   90.50;   11.0;    6.0;    4.6;eor
       1327;20181224;-999;-999;-999;    3;   0.0;   0;    1.467;   0;  -999;   7.4;    -999;    3.9;   90.42;    6.5;   -1.9;   -3.7;eor
       1327;20181225;-999;-999;-999;    3;   0.0;   0;    1.533;   0;  -999;   6.1;    -999;    2.0;   86.21;    6.0;   -1.7;   -5.0;eor
       1327;20181226;-999;-999;-999;    3;   0.0;   0;    6.917;   0;  -999;   5.2;    -999;   -0.2;   87.38;    4.5;   -4.0;   -5.8;eor
       1327;20181227;-999;-999;-999;    3;   0.0;   0;    2.100;   0;  -999;   5.7;    -999;    1.3;   85.38;    4.4;   -2.0;   -4.3;eor
       1327;20181228;-999;-999;-999;    3;   0.1;   4;    7.300;   0;  -999;   5.9;    -999;    1.2;   88.83;    3.9;   -2.8;   -4.4;eor
       1327;20181229;-999;-999;-999;    3;   1.1;   4;    0.000;   0;  -999;   8.1;    -999;    5.6;   89.08;    8.4;    2.2;    1.9;eor
       1327;20181230;-999;-999;-999;    3;   1.8;   4;    0.000;   0;  -999;   8.8;    -999;    7.2;   86.42;    7.9;    6.1;    5.2;eor
       1327;20181231;-999;-999;-999;    3;   0.1;   4;    0.000;   0;  -999;  10.4;    -999;    8.1;   95.96;    9.1;    7.2;    6.3;eor
       1327;20190101;-999;-999;-999;    3;   2.2;   4;    0.000;   0;  -999;   8.6;    -999;    6.4;   89.29;    8.0;    2.7;    2.3;eor
       1327;20190102;-999;-999;-999;    3;   0.1;   4;    1.283;   0;  -999;   6.2;    -999;    3.2;   80.50;    5.6;   -0.1;   -1.7;eor
       1327;20190103;-999;-999;-999;    3;   0.7;   4;    0.117;   0;  -999;   6.8;    -999;    2.5;   92.79;    3.8;   -0.2;   -2.1;eor
       1327;20190104;-999;-999;-999;    3;   1.6;   4;    0.000;   0;  -999;   7.0;    -999;    2.7;   94.83;    3.9;    1.4;    0.2;eor
       1327;20190105;-999;-999;-999;    3;   0.9;   4;    0.000;   0;  -999;   8.4;    -999;    5.0;   96.42;    5.9;    3.2;    3.1;eor
       1327;20190106;-999;-999;-999;    3;   0.1;   4;    0.000;   0;  -999;   8.0;    -999;    4.5;   94.83;    5.4;    3.9;    3.6;eor
       1327;20190107;-999;-999;-999;    3;   3.0;   4;    0.333;   0;  -999;   8.1;    -999;    5.3;   90.00;    7.8;    3.1;    0.7;eor
       1327;20190108;-999;-999;-999;    3;   3.9;   4;    1.017;   0;  -999;   7.9;    -999;    5.8;   85.29;    8.4;    3.9;    3.1;eor
       1327;20190109;-999;-999;-999;    3;   0.0;   4;    1.933;   0;  -999;   6.2;    -999;    3.2;   81.13;    5.2;    1.0;    0.0;eor
       1327;20190110;-999;-999;-999;    3;   0.1;   4;    0.083;   0;  -999;   5.8;    -999;    0.7;   89.96;    1.3;   -0.2;   -0.4;eor
       1327;20190111;-999;-999;-999;    3;   1.6;   4;    0.000;   0;  -999;   7.7;    -999;    3.7;   95.75;    6.3;    0.6;    0.0;eor
       1327;20190112;-999;-999;-999;    3;   2.8;   4;    0.000;   0;  -999;   8.4;    -999;    6.0;   89.42;    7.1;    4.9;    4.0;eor
       1327;20190113;-999;-999;-999;    3;  12.9;   4;    0.000;   0;  -999;   9.6;    -999;    7.7;   90.88;    8.9;    6.1;    4.8;eor
       1327;20190114;-999;-999;-999;    3;   4.0;   4;    1.300;   0;  -999;   7.4;    -999;    4.3;   88.83;    6.8;    0.9;   -0.8;eor
       1327;20190115;-999;-999;-999;    3;   0.0;   0;    0.317;   0;  -999;   7.2;    -999;    4.7;   84.04;    6.8;    1.3;   -0.2;eor
       1327;20190116;-999;-999;-999;    3;   0.0;   4;    0.467;   0;  -999;   6.9;    -999;    5.2;   77.92;    6.1;    3.8;    1.8;eor
       1327;20190117;-999;-999;-999;    3;   1.1;   4;    2.250;   0;  -999;   6.8;    -999;    3.6;   86.46;    6.9;    0.6;   -0.7;eor
       1327;20190118;-999;-999;-999;    3;   0.0;   0;    4.667;   0;  -999;   5.5;    -999;    0.6;   86.17;    3.7;   -2.9;   -4.4;eor
       1327;20190119;-999;-999;-999;    3;   0.0;   0;    7.867;   0;  -999;   4.5;    -999;   -1.2;   81.75;    2.3;   -3.5;   -5.4;eor
       1327;20190120;-999;-999;-999;    3;   0.0;   0;    8.000;   0;  -999;   4.0;    -999;   -3.4;   84.29;    0.5;   -6.5;   -9.2;eor
       1327;20190121;-999;-999;-999;    3;   0.0;   0;    8.217;   0;  -999;   3.6;    -999;   -4.5;   83.25;    1.2;   -8.5;  -10.8;eor
       1327;20190122;-999;-999;-999;    3;   0.5;   4;    5.050;   0;  -999;   3.9;    -999;   -3.0;   78.67;    0.0;   -6.1;   -8.6;eor
       1327;20190123;-999;-999;-999;    3;   0.0;   0;    0.000;   2;  -999;   4.5;    -999;   -2.0;   85.83;   -0.9;   -2.6;   -2.7;eor
       1327;20190124;-999;-999;-999;    3;   0.0;   0;    0.150;   0;  -999;   4.2;    -999;   -3.3;   86.46;   -2.6;   -4.2;   -4.3;eor
       1327;20190125;-999;-999;-999;    3;   2.2;   4;    2.650;   0;  -999;   5.6;    -999;    0.5;   87.46;    4.1;   -2.7;   -2.7;eor
       1327;20190126;-999;-999;-999;    3;   0.7;   4;    0.717;   0;  -999;   8.0;    -999;    5.8;   86.21;    8.2;    4.0;    3.5;eor
       1327;20190127;-999;-999;-999;    3;   4.4;   4;    1.250;   0;  -999;   7.4;    -999;    5.3;   82.83;    8.5;    2.6;    1.5;eor
       1327;20190128;-999;-999;-999;    3;   3.5;   4;    0.000;   0;  -999;   6.5;    -999;    2.5;   89.42;    3.9;    0.9;   -0.2;eor
       1327;20190129;-999;-999;-999;    3;   0.0;   0;    4.783;   0;  -999;   5.5;    -999;    1.4;   81.46;    4.0;   -0.2;   -2.6;eor
       1327;20190130;-999;-999;-999;    3;   4.8;   4;    0.000;   0;  -999;   5.5;    -999;   -0.4;   92.04;    0.3;   -3.7;   -4.6;eor
       1327;20190131;-999;-999;-999;    3;   1.8;   4;    2.983;   8;  -999;   4.7;    -999;   -2.4;   91.96;    1.3;   -5.7;   -9.6;eor
       1327;20190201;-999;-999;-999;    3;   4.1;   4;    2.950;   5;  -999;   6.1;    -999;    1.7;   88.92;    5.9;   -0.6;   -2.6;eor
       1327;20190202;-999;-999;-999;    3;   0.2;   4;    0.000;   0;  -999;   6.6;    -999;    1.0;   99.75;    2.3;    0.2;   -0.1;eor
       1327;20190203;-999;-999;-999;    3;   0.0;   0;    2.283;   0;  -999;   6.1;    -999;    1.4;   89.79;    4.7;   -0.1;   -2.2;eor
       1327;20190204;-999;-999;-999;    3;   0.1;   4;    3.150;   0;  -999;   5.1;    -999;    1.9;   73.71;    4.5;   -0.9;   -3.2;eor
       1327;20190205;-999;-999;-999;    3;   0.1;   4;    0.000;   0;  -999;   6.8;    -999;    3.7;   84.58;    5.6;    1.6;   -0.8;eor
       1327;20190206;-999;-999;-999;    3;   0.0;   0;    4.033;   0;  -999;   5.9;    -999;    4.9;   68.29;   10.9;    0.8;   -0.9;eor
       1327;20190207;-999;-999;-999;    3;   0.0;   4;    3.617;   0;  -999;   7.2;    -999;    6.6;   73.88;    9.8;    3.8;    2.3;eor
       1327;20190208;-999;-999;-999;    3;   0.8;   4;    0.233;   0;  -999;   7.8;    -999;    6.9;   78.13;    8.5;    3.6;    1.7;eor
       1327;20190209;-999;-999;-999;    3;   0.3;   4;    5.017;   0;  -999;   7.7;    -999;    7.8;   72.79;   10.3;    6.1;    5.0;eor
       1327;20190210;-999;-999;-999;    3;   7.3;   4;    0.100;   0;  -999;   8.4;    -999;    7.4;   81.79;   10.1;    3.2;    2.8;eor
       1327;20190211;-999;-999;-999;    3;   0.0;   0;    1.600;   0;  -999;   7.1;    -999;    3.9;   87.71;    6.8;    0.8;   -1.1;eor
       1327;20190212;-999;-999;-999;    3;   0.0;   0;    1.650;   0;  -999;   6.3;    -999;    2.8;   85.17;    7.2;   -0.1;   -1.7;eor
       1327;20190213;-999;-999;-999;    3;   0.0;   0;    7.833;   0;  -999;   6.1;    -999;    3.5;   78.29;    8.8;   -0.9;   -3.5;eor
       1327;20190214;-999;-999;-999;    3;   0.0;   0;    9.500;   0;  -999;   5.5;    -999;    4.9;   65.04;   13.9;   -2.3;   -5.0;eor
       1327;20190215;-999;-999;-999;    3;   0.0;   0;    9.583;   0;  -999;   6.1;    -999;    7.0;   61.88;   14.9;    0.8;   -2.8;eor
       1327;20190216;-999;-999;-999;    3;   0.0;   0;    9.233;   0;  -999;   6.5;    -999;    7.6;   64.88;   16.7;    1.4;   -2.8;eor
       1327;20190217;-999;-999;-999;    3;   0.0;   0;    9.383;   0;  -999;   6.3;    -999;    8.7;   60.54;   18.5;    1.0;   -2.8;eor
       1327;20190218;-999;-999;-999;    3;   0.2;   4;    9.250;   0;  -999;   6.3;    -999;    8.9;   57.38;   16.4;    0.8;   -2.4;eor
       1327;20190219;-999;-999;-999;    3;   0.0;   0;    6.783;   0;  -999;   7.4;    -999;    7.2;   73.04;   11.4;    2.7;    0.8;eor
       1327;20190220;-999;-999;-999;    3;   0.0;   0;    4.733;   0;  -999;   7.3;    -999;    6.1;   78.08;   11.3;    1.8;   -0.9;eor
       1327;20190221;-999;-999;-999;    3;   0.6;   4;    3.050;   0;  -999;   9.1;    -999;    9.0;   79.08;   14.3;    3.9;    2.0;eor
       1327;20190222;-999;-999;-999;    3;   0.2;   4;    2.483;   0;  -999;  10.2;    -999;    8.8;   90.42;   12.6;    3.4;   -1.0;eor
       1327;20190223;-999;-999;-999;    3;   0.0;   0;    7.450;   0;  -999;   6.6;    -999;    5.8;   73.04;   10.2;    1.7;   -1.2;eor
       1327;20190224;-999;-999;-999;    3;   0.0;   0;   10.017;   0;  -999;   4.0;    -999;    6.8;   44.00;   14.6;    0.9;   -1.8;eor
       1327;20190225;-999;-999;-999;    3;   0.0;   0;   10.200;   0;  -999;   5.4;    -999;    8.2;   52.13;   17.7;    0.2;   -2.0;eor
       1327;20190226;-999;-999;-999;    3;   0.0;   0;   10.250;   0;  -999;   6.9;    -999;    8.0;   67.67;   18.8;    0.1;   -3.1;eor
       1327;20190227;-999;-999;-999;    3;   0.0;   0;   10.267;   0;  -999;   7.1;    -999;    9.5;   64.38;   20.6;   -0.5;   -3.2;eor
       1327;20190228;-999;-999;-999;    3;   1.5;   4;    5.883;   0;  -999;   8.8;    -999;    9.4;   74.67;   16.1;    3.9;   -0.1;eor
       1327;20190301;-999;-999;-999;    3;   0.8;   4;    0.000;   0;  -999;   9.1;    -999;    6.9;   91.50;    9.4;    5.0;    4.6;eor
       1327;20190302;-999;-999;-999;    3;   0.0;   0;    0.683;   0;  -999;   8.9;    -999;    8.0;   82.83;   11.6;    5.0;    4.3;eor
       1327;20190303;-999;-999;-999;    3;   0.0;   0;    0.000;   0;  -999;   9.8;    -999;   10.6;   76.25;   12.3;    8.1;    6.8;eor
       1327;20190304;-999;-999;-999;    3;   2.7;   4;    3.767;   0;  -999;   8.1;    -999;    9.0;   69.79;   12.6;    5.4;    4.5;eor
       1327;20190305;-999;-999;-999;    3;   0.5;   4;    1.617;   0;  -999;   7.3;    -999;    6.0;   78.08;   10.0;    2.8;    1.4;eor
       1327;20190306;-999;-999;-999;    3;   0.0;   0;    0.033;   0;  -999;   8.6;    -999;   10.0;   71.04;   13.2;    5.9;    5.3;eor
       1327;20190307;-999;-999;-999;    3;   1.0;   4;    6.050;   0;  -999;   8.6;    -999;    9.3;   73.04;   11.9;    5.7;    4.5;eor
       1327;20190308;-999;-999;-999;    3;   2.1;   4;    3.017;   0;  -999;   7.7;    -999;    7.4;   74.54;   10.5;    5.3;    4.9;eor
       1327;20190309;-999;-999;-999;    3;   5.8;   4;    3.050;   0;  -999;   8.9;    -999;    9.3;   76.17;   13.5;    6.8;    5.9;eor
       1327;20190310;-999;-999;-999;    3;   4.4;   4;    1.817;   0;  -999;   8.3;    -999;    7.9;   77.71;   13.9;    2.2;    0.9;eor
       1327;20190311;-999;-999;-999;    3;   2.1;   4;    4.600;   0;  -999;   6.5;    -999;    3.7;   81.54;    7.7;    0.3;   -0.5;eor
       1327;20190312;-999;-999;-999;    3;   0.2;   4;    0.767;   0;  -999;   6.0;    -999;    5.9;   66.46;    9.4;    1.1;   -0.5;eor
       1327;20190313;-999;-999;-999;    3;   6.5;   4;    1.233;   0;  -999;   7.3;    -999;    5.7;   79.33;    8.1;    3.9;    3.0;eor
       1327;20190314;-999;-999;-999;    3;   3.6;   4;    1.533;   0;  -999;   8.1;    -999;    6.6;   83.04;   11.0;    3.8;    3.4;eor
       1327;20190315;-999;-999;-999;    3;  19.7;   4;    0.000;   0;  -999;  10.2;    -999;    9.5;   85.13;   12.4;    6.0;    5.0;eor
       1327;20190316;-999;-999;-999;    3;   0.7;   4;    0.283;   0;  -999;   9.6;    -999;    9.5;   81.29;   11.7;    7.3;    6.8;eor
       1327;20190317;-999;-999;-999;    3;   1.2;   4;    2.700;   0;  -999;   7.5;    -999;    6.8;   76.46;   10.5;    2.0;    0.8;eor
       1327;20190318;-999;-999;-999;    3;   0.4;   4;    3.900;   0;  -999;   6.6;    -999;    4.2;   80.46;    8.9;    0.2;   -1.6;eor
       1327;20190319;-999;-999;-999;    3;   0.0;   0;    9.967;   0;  -999;   6.0;    -999;    4.3;   74.71;   10.7;   -1.2;   -4.0;eor
       1327;20190320;-999;-999;-999;    3;   0.0;   0;    4.333;   0;  -999;   7.0;    -999;    6.3;   75.25;   13.7;   -1.1;   -3.6;eor
       1327;20190321;-999;-999;-999;    3;   0.0;   0;   11.283;   0;  -999;   7.5;    -999;    8.5;   72.21;   16.6;    0.3;   -1.7;eor
       1327;20190322;-999;-999;-999;    3;   0.0;   0;   11.550;   0;  -999;   7.4;    -999;   10.7;   63.63;   19.7;    0.7;   -2.1;eor
       1327;20190323;-999;-999;-999;    3;   0.0;   0;    0.183;   0;  -999;   9.1;    -999;    7.9;   85.33;   11.1;    4.3;    1.8;eor
       1327;20190324;-999;-999;-999;    3;   0.0;   0;    4.950;   0;  -999;   8.3;    -999;    7.2;   81.50;   11.7;    2.4;   -0.5;eor
       1327;20190325;-999;-999;-999;    3;   3.0;   4;    4.150;   0;  -999;   7.3;    -999;    6.0;   78.29;    8.9;    1.0;   -0.8;eor
       1327;20190326;-999;-999;-999;    3;   0.0;   0;    0.683;   0;  -999;   7.2;    -999;    6.1;   76.17;    8.7;    4.5;    3.7;eor
       1327;20190327;-999;-999;-999;    3;   0.0;   0;    3.367;   0;  -999;   7.4;    -999;    6.5;   77.92;   10.3;    2.0;   -0.5;eor
       1327;20190328;-999;-999;-999;    3;   0.0;   0;    1.317;   0;  -999;   8.2;    -999;    7.5;   79.50;   12.6;    2.5;   -0.3;eor
       1327;20190329;-999;-999;-999;    3;   0.0;   0;   12.117;   0;  -999;   8.2;    -999;    9.8;   70.50;   17.5;    0.3;   -2.3;eor
       1327;20190330;-999;-999;-999;    3;   0.0;   0;   11.533;   0;  -999;   8.2;    -999;   11.3;   65.00;   19.3;    2.5;    0.3;eor
       1327;20190331;-999;-999;-999;    3;   0.0;   0;   11.100;   0;  -999;   8.6;    -999;    8.6;   77.25;   14.8;    2.8;    0.0;eor
       1327;20190401;-999;-999;-999;    3;   0.0;   0;   11.900;   0;  -999;   7.4;    -999;    9.0;   68.08;   17.9;   -0.6;   -3.0;eor
       1327;20190402;-999;-999;-999;    3;   2.5;   4;    1.600;   0;  -999;   9.1;    -999;   10.2;   72.92;   16.0;    4.2;    1.4;eor
       1327;20190403;-999;-999;-999;    3;   0.2;   4;    0.000;   0;  -999;   8.0;    -999;    7.3;   78.17;    9.4;    5.3;    4.0;eor
       1327;20190404;-999;-999;-999;    3;   0.6;   4;    0.183;   0;  -999;   7.7;    -999;    5.6;   84.29;    7.8;    3.4;    1.1;eor
       1327;20190405;-999;-999;-999;    3;   0.0;   0;    1.717;   0;  -999;   8.3;    -999;    6.5;   86.04;    9.6;    3.1;    1.8;eor
       1327;20190406;-999;-999;-999;    3;   0.0;   0;    8.850;   0;  -999;   9.2;    -999;   10.5;   74.92;   17.3;    5.9;    4.3;eor
       1327;20190407;-999;-999;-999;    3;   0.0;   0;   10.167;   0;  -999;   8.9;    -999;   12.5;   65.92;   21.0;    2.9;    0.7;eor
       1327;20190408;-999;-999;-999;    3;   0.2;   4;    3.383;   0;  -999;  11.2;    -999;   11.5;   83.33;   18.4;    6.0;    2.1;eor
       1327;20190409;-999;-999;-999;    3;   4.0;   4;    0.483;   0;  -999;  11.4;    -999;   11.2;   86.29;   15.5;    8.4;    6.8;eor
       1327;20190410;-999;-999;-999;    3;   0.0;   0;    7.150;   0;  -999;   7.6;    -999;    8.1;   70.96;   14.1;    0.7;   -2.0;eor
       1327;20190411;-999;-999;-999;    3;   0.0;   0;   12.467;   0;  -999;   5.4;    -999;    5.3;   64.88;   12.6;   -1.8;   -4.6;eor
       1327;20190412;-999;-999;-999;    3;   0.0;   0;    0.267;   0;  -999;   5.0;    -999;    3.7;   64.63;    6.5;   -0.3;   -2.3;eor
       1327;20190413;-999;-999;-999;    3;   1.1;   4;    2.650;   0;  -999;   5.6;    -999;    2.4;   78.38;    6.3;   -1.5;   -3.1;eor
       1327;20190414;-999;-999;-999;    3;   0.4;   4;    7.217;   1;  -999;   6.0;    -999;    4.6;   74.46;   12.1;   -2.3;   -4.4;eor
       1327;20190415;-999;-999;-999;    3;   0.0;   0;    9.867;   0;  -999;   7.1;    -999;    9.3;   64.79;   17.8;   -0.5;   -2.9;eor
       1327;20190416;-999;-999;-999;    3;   1.3;   4;    9.350;   0;  -999;   8.0;    -999;   11.4;   60.29;   19.1;    3.9;   -0.9;eor
       1327;20190417;-999;-999;-999;    3;   0.5;   4;    3.900;   0;  -999;  10.9;    -999;   12.0;   78.96;   17.6;    6.6;    2.9;eor
       1327;20190418;-999;-999;-999;    3;   0.0;   0;   12.583;   0;  -999;   8.0;    -999;   14.8;   52.00;   22.1;    5.5;    1.4;eor
       1327;20190419;-999;-999;-999;    3;   0.0;   0;   12.917;   0;  -999;   7.3;    -999;   14.9;   49.75;   24.6;    3.3;    1.1;eor
       1327;20190420;-999;-999;-999;    3;   0.0;   0;   12.833;   0;  -999;   8.6;    -999;   14.6;   56.92;   25.3;    3.4;    0.9;eor
       1327;20190421;-999;-999;-999;    3;   0.0;   0;   12.933;   0;  -999;   8.1;    -999;   14.5;   55.50;   24.6;    3.4;    0.9;eor
       1327;20190422;-999;-999;-999;    3;   0.0;   0;   12.350;   0;  -999;   7.5;    -999;   16.0;   47.38;   25.2;    3.7;    0.8;eor
       1327;20190423;-999;-999;-999;    3;   0.0;   0;    7.883;   0;  -999;   8.8;    -999;   15.2;   51.33;   21.2;    6.3;    3.0;eor
       1327;20190424;-999;-999;-999;    3;   6.0;   4;    7.467;   0;  -999;  10.7;    -999;   16.1;   61.71;   24.3;    8.4;    5.1;eor
       1327;20190425;-999;-999;-999;    3;   0.6;   4;    1.733;   0;  -999;   9.8;    -999;   13.4;   65.83;   20.2;    7.0;    4.0;eor
       1327;20190426;-999;-999;-999;    3;   0.0;   4;    3.417;   0;  -999;   9.8;    -999;   11.7;   72.58;   16.9;    9.0;    5.5;eor
       1327;20190427;-999;-999;-999;    3;   1.2;   4;    1.950;   0;  -999;   8.9;    -999;    9.1;   76.71;   13.5;    6.4;    5.2;eor
       1327;20190428;-999;-999;-999;    3;   3.8;   4;    3.583;   0;  -999;   8.5;    -999;    7.9;   80.17;   11.6;    2.8;    0.4;eor
       1327;20190429;-999;-999;-999;    3;   0.5;   4;    8.517;   0;  -999;   8.8;    -999;    9.2;   77.08;   15.3;    0.3;   -1.7;eor
       1327;20190430;-999;-999;-999;    3;   0.0;   0;    8.917;   0;  -999;   9.9;    -999;   11.8;   73.67;   17.1;    6.4;    4.5;eor
       1327;20190501;-999;-999;-999;    3;   0.0;   0;    4.983;-999;  -999;   9.9;    -999;    8.6;   89.17;   14.3;    3.7;    1.6;eor
       1327;20190502;-999;-999;-999;    3;   5.5;   4;    4.233;-999;  -999;   9.9;    -999;    9.8;   82.92;   16.4;    4.2;    2.0;eor
       1327;20190503;-999;-999;-999;    3;  14.4;   4;    2.600;-999;  -999;   8.8;    -999;    8.6;   79.92;   12.5;    6.3;    5.3;eor
       1327;20190504;-999;-999;-999;    3;   1.7;   4;    4.833;-999;  -999;   7.2;    -999;    4.4;   86.08;    9.0;    0.5;    0.3;eor
       1327;20190505;-999;-999;-999;    3;   2.9;   4;    3.517;-999;  -999;   7.5;    -999;    5.2;   84.71;   10.8;    0.3;   -0.9;eor
       1327;20190506;-999;-999;-999;    3;   0.1;   4;    0.500;-999;  -999;   7.6;    -999;    6.3;   80.13;   10.7;    2.8;    1.6;eor
       1327;20190507;-999;-999;-999;    3;   0.0;   4;    3.233;-999;  -999;   7.7;    -999;    8.5;   70.79;   13.1;    5.0;    3.0;eor
       1327;20190508;-999;-999;-999;    3;   3.3;   4;    0.050;-999;  -999;  10.0;    -999;    9.5;   83.08;   13.1;    4.9;    2.2;eor
       1327;20190509;-999;-999;-999;    3;   0.6;   4;    4.183;-999;  -999;  10.5;    -999;   11.3;   78.21;   15.5;    7.0;    5.5;eor
       1327;20190510;-999;-999;-999;    3;   7.2;   4;    3.250;-999;  -999;  10.2;    -999;   11.3;   76.54;   15.7;    8.1;    6.9;eor
       1327;20190511;-999;-999;-999;    3;   4.0;   4;    2.917;-999;  -999;  10.4;    -999;    9.9;   85.54;   13.4;    4.8;    2.4;eor
       1327;20190512;-999;-999;-999;    3;   0.0;   0;    5.650;-999;  -999;   7.6;    -999;    8.6;   69.50;   14.1;    3.6;    2.1;eor
       1327;20190513;-999;-999;-999;    3;   0.0;   0;   14.783;-999;  -999;   6.5;    -999;    9.2;   60.38;   16.5;    0.6;   -2.0;eor
       1327;20190514;-999;-999;-999;    3;   0.0;   0;   13.533;-999;  -999;   7.1;    -999;    9.5;   62.75;   17.0;    0.9;   -1.6;eor
       1327;20190515;-999;-999;-999;    3;   0.0;   0;   14.783;-999;  -999;   6.1;    -999;    9.9;   56.08;   17.9;    0.7;   -1.6;eor
       1327;20190516;-999;-999;-999;    3;   4.6;   4;    5.917;-999;  -999;   8.5;    -999;    9.9;   71.08;   16.3;    2.6;    0.4;eor
       1327;20190517;-999;-999;-999;    3;   3.0;   4;    0.350;-999;  -999;  11.3;    -999;   11.0;   86.33;   15.7;    7.6;    6.7;eor
       1327;20190518;-999;-999;-999;    3;   0.6;   4;    4.117;-999;  -999;  12.8;    -999;   14.7;   78.25;   21.4;    8.1;    5.6;eor
       1327;20190519;-999;-999;-999;    3;   0.6;   4;    3.050;-999;  -999;  13.7;    -999;   15.0;   80.83;   20.5;   10.9;    9.7;eor
       1327;20190520;-999;-999;-999;    3;   0.9;   4;    0.000;-999;  -999;  13.4;    -999;   12.9;   89.92;   14.8;    9.9;    8.2;eor
       1327;20190521;-999;-999;-999;    3;  13.0;   4;    0.000;-999;  -999;  12.7;    -999;   11.1;   95.83;   11.9;   10.5;    9.8;eor
       1327;20190522;-999;-999;-999;    3;   0.0;   0;    7.200;-999;  -999;  11.2;    -999;   12.7;   77.25;   18.2;    9.2;    8.2;eor
       1327;20190523;-999;-999;-999;    3;   0.0;   0;   12.750;-999;  -999;  11.0;    -999;   15.6;   64.92;   22.7;    6.5;    3.7;eor
       1327;20190524;-999;-999;-999;    3;   0.0;   0;   10.233;-999;  -999;  11.5;    -999;   16.3;   63.96;   23.0;    7.6;    4.0;eor
       1327;20190525;-999;-999;-999;    3;   0.0;   0;    9.000;-999;  -999;  10.8;    -999;   13.3;   71.79;   19.3;    6.8;    4.8;eor
       1327;20190526;-999;-999;-999;    3;   0.3;   4;    5.933;-999;  -999;  12.5;    -999;   15.9;   70.29;   21.3;    9.3;    7.7;eor
       1327;20190527;-999;-999;-999;    3;   0.0;   0;    1.367;-999;  -999;  12.7;    -999;   14.8;   76.75;   18.5;   11.6;   10.0;eor
       1327;20190528;-999;-999;-999;    3;   4.7;   4;    3.950;-999;  -999;  11.4;    -999;   12.3;   80.08;   16.7;    9.3;    7.8;eor
       1327;20190529;-999;-999;-999;    3;   0.0;   0;   12.617;-999;  -999;   9.3;    -999;   13.0;   65.54;   19.6;    5.7;    3.5;eor
       1327;20190530;-999;-999;-999;    3;   0.0;   0;    1.950;-999;  -999;  13.2;    -999;   16.0;   72.00;   20.3;    9.8;    7.8;eor
       1327;20190531;-999;-999;-999;    3;   0.0;   0;    5.583;-999;  -999;  14.0;    -999;   17.8;   70.38;   23.1;   11.7;    8.6;eor
       1327;20190601;-999;-999;-999;    3;   0.0;   0;   14.850;-999;  -999;  15.0;    -999;   19.1;   70.54;   26.9;    9.6;    6.5;eor
       1327;20190602;-999;-999;-999;    3;   0.0;   0;   15.350;-999;  -999;  14.4;    -999;   23.3;   55.08;   30.6;   11.7;    9.1;eor
       1327;20190603;-999;-999;-999;    3;   4.3;   4;    4.150;-999;  -999;  17.0;    -999;   20.3;   71.96;   25.0;   16.0;   12.2;eor
       1327;20190604;-999;-999;-999;    3;   4.1;   4;   10.883;-999;  -999;  17.0;    -999;   21.5;   69.38;   29.7;   12.9;   11.9;eor
       1327;20190605;-999;-999;-999;    3;  14.1;   4;    9.967;-999;  -999;  17.4;    -999;   20.8;   72.42;   27.3;   15.7;   14.8;eor
       1327;20190606;-999;-999;-999;    3;   0.0;   0;    7.583;-999;  -999;  12.2;    -999;   14.7;   73.83;   18.3;   10.9;    7.1;eor
       1327;20190607;-999;-999;-999;    3;   1.7;   4;   10.417;-999;  -999;  11.8;    -999;   15.5;   68.38;   24.8;    8.9;    6.3;eor
       1327;20190608;-999;-999;-999;    3;   0.1;   4;    6.650;-999;  -999;  10.1;    -999;   14.7;   60.67;   19.2;   10.0;    6.4;eor
       1327;20190609;-999;-999;-999;    3;   0.0;   0;    8.967;-999;  -999;  11.7;    -999;   16.2;   65.67;   22.9;    8.2;    5.5;eor
       1327;20190610;-999;-999;-999;    3;   0.3;   4;    4.033;-999;  -999;  14.0;    -999;   17.7;   70.63;   23.8;   12.2;   11.1;eor
       1327;20190611;-999;-999;-999;    3;   0.0;   0;    5.667;-999;  -999;  13.1;    -999;   16.2;   72.13;   21.1;   12.8;   12.1;eor
       1327;20190612;-999;-999;-999;    3;   6.8;   4;    6.450;-999;  -999;  13.3;    -999;   15.9;   74.29;   20.2;   12.3;    9.1;eor
       1327;20190613;-999;-999;-999;    3;   0.4;   4;   10.017;-999;  -999;  11.6;    -999;   15.9;   66.33;   21.8;   11.1;    8.6;eor
       1327;20190614;-999;-999;-999;    3;   2.1;   4;   11.050;-999;  -999;  13.6;    -999;   19.2;   65.42;   27.1;    8.7;    6.8;eor
       1327;20190615;-999;-999;-999;    3;   0.1;   4;    6.367;-999;  -999;  15.7;    -999;   19.0;   73.04;   24.0;   14.6;   12.7;eor
       1327;20190616;-999;-999;-999;    3;   0.0;   0;    6.867;-999;  -999;  13.6;    -999;   17.9;   67.92;   22.3;   11.4;    8.5;eor
       1327;20190617;-999;-999;-999;    3;   0.0;   0;   14.450;-999;  -999;  13.2;    -999;   19.7;   61.83;   27.8;    9.0;    6.8;eor
       1327;20190618;-999;-999;-999;    3;   0.0;   0;   13.550;-999;  -999;  15.2;    -999;   21.6;   62.79;   29.9;   10.8;    8.5;eor
       1327;20190619;-999;-999;-999;    3;   0.4;   4;    8.350;-999;  -999;  16.0;    -999;   21.3;   66.08;   29.2;   12.9;   10.5;eor
       1327;20190620;-999;-999;-999;    3;  10.0;   4;    2.767;-999;  -999;  16.1;    -999;   17.3;   81.67;   23.0;   13.1;   11.3;eor
       1327;20190621;-999;-999;-999;    3;   0.0;   0;   14.000;-999;  -999;  11.6;    -999;   16.4;   65.54;   21.8;   10.6;    8.8;eor
       1327;20190622;-999;-999;-999;    3;   0.0;   0;   14.717;-999;  -999;  13.7;    -999;   18.2;   68.71;   26.3;    8.7;    7.1;eor
       1327;20190623;-999;-999;-999;    3;   0.0;   0;   13.567;-999;  -999;  15.7;    -999;   22.3;   62.00;   29.6;   12.0;   10.3;eor
       1327;20190624;-999;-999;-999;    3;   0.0;   0;   13.367;-999;  -999;  17.6;    -999;   25.6;   55.67;   32.4;   17.9;   14.5;eor
       1327;20190625;-999;-999;-999;    3;   0.0;   0;   14.133;-999;  -999;  18.0;    -999;   27.6;   52.88;   35.9;   17.7;   15.7;eor
       1327;20190626;-999;-999;-999;    3;   0.0;   0;   14.450;-999;  -999;  20.9;    -999;   25.4;   66.38;   31.5;   19.6;   18.8;eor
       1327;20190627;-999;-999;-999;    3;   0.0;   0;   15.283;-999;  -999;  13.4;    -999;   20.9;   58.38;   27.5;   12.6;   11.1;eor
       1327;20190628;-999;-999;-999;    3;   0.0;   0;   15.917;-999;  -999;  12.3;    -999;   19.3;   60.54;   28.2;   10.1;    8.4;eor
       1327;20190629;-999;-999;-999;    3;   0.0;   0;   15.917;-999;  -999;  11.5;    -999;   23.9;   46.13;   34.0;    9.7;    8.6;eor
       1327;20190630;-999;-999;-999;    3;   0.0;   0;   13.167;-999;  -999;  17.1;    -999;   25.0;   54.58;   32.1;   14.4;   11.6;eor
       1327;20190701;-999;-999;-999;    3;   0.0;   0;   10.650;-999;  -999;  13.5;    -999;   20.0;   59.25;   24.8;   14.2;   12.3;eor
       1327;20190702;-999;-999;-999;    3;   0.0;   0;   12.650;-999;  -999;  11.1;    -999;   17.2;   59.25;   24.4;   10.1;    8.1;eor
       1327;20190703;-999;-999;-999;    3;   0.0;   0;   11.950;-999;  -999;  10.1;    -999;   15.9;   59.08;   22.9;    8.2;    6.0;eor
       1327;20190704;-999;-999;-999;    3;   0.0;   0;   14.500;-999;  -999;   9.3;    -999;   16.4;   54.54;   24.2;    7.1;    4.9;eor
       1327;20190705;-999;-999;-999;    3;   0.0;   0;   10.300;-999;  -999;  11.8;    -999;   20.1;   52.08;   26.8;   13.0;   11.3;eor
       1327;20190706;-999;-999;-999;    3;   0.7;   4;   10.000;-999;  -999;  12.7;    -999;   20.8;   56.33;   28.6;   13.6;   12.3;eor
       1327;20190707;-999;-999;-999;    3;   0.0;   0;    5.567;-999;  -999;  11.2;    -999;   16.2;   62.92;   21.2;    8.5;    6.7;eor
       1327;20190708;-999;-999;-999;    3;   0.0;   0;    1.633;-999;  -999;  10.2;    -999;   13.2;   68.38;   17.6;    6.8;    4.5;eor
       1327;20190709;-999;-999;-999;    3;   0.0;   0;    8.733;-999;  -999;   9.3;    -999;   14.4;   60.88;   21.1;    6.9;    5.1;eor
       1327;20190710;-999;-999;-999;    3;   0.1;   4;   10.683;-999;  -999;   9.0;    -999;   16.7;   52.67;   25.1;    7.0;    4.5;eor
       1327;20190711;-999;-999;-999;    3;   0.9;   4;    2.400;-999;  -999;  13.9;    -999;   19.3;   62.50;   25.5;   15.3;   13.0;eor
       1327;20190712;-999;-999;-999;    3;   0.4;   4;    5.333;-999;  -999;  15.0;    -999;   18.5;   72.96;   25.7;   14.3;   12.9;eor
       1327;20190713;-999;-999;-999;    3;   2.2;   4;    1.667;-999;  -999;  15.9;    -999;   16.5;   84.67;   21.5;   13.5;   12.1;eor
       1327;20190714;-999;-999;-999;    3;   0.0;   0;    1.117;-999;  -999;  12.6;    -999;   15.6;   71.75;   18.3;   13.1;   12.6;eor
       1327;20190715;-999;-999;-999;    3;   0.0;   0;    0.067;-999;  -999;  12.3;    -999;   14.8;   73.29;   17.0;   11.8;   11.4;eor
       1327;20190716;-999;-999;-999;    3;   0.0;   0;    5.867;-999;  -999;  12.1;    -999;   15.3;   70.29;   20.5;   10.4;    8.2;eor
       1327;20190717;-999;-999;-999;    3;   0.0;   0;    6.517;-999;  -999;  12.6;    -999;   15.9;   72.04;   23.0;    7.0;    4.5;eor
       1327;20190718;-999;-999;-999;    3;   2.0;   4;    5.000;-999;  -999;  13.2;    -999;   19.4;   62.17;   27.3;   10.4;    8.9;eor
       1327;20190719;-999;-999;-999;    3;   0.0;   0;    7.017;-999;  -999;  14.9;    -999;   20.4;   65.17;   25.9;   16.1;   14.4;eor
       1327;20190720;-999;-999;-999;    3;   7.8;   4;    6.400;-999;  -999;  16.6;    -999;   22.0;   66.13;   29.2;   15.1;   11.9;eor
       1327;20190721;-999;-999;-999;    3;   0.0;   0;   11.600;-999;  -999;  14.9;    -999;   19.7;   67.17;   25.7;   14.2;   11.9;eor
       1327;20190722;-999;-999;-999;    3;   0.0;   0;   13.750;-999;  -999;  14.4;    -999;   22.0;   57.92;   29.6;   13.1;   11.4;eor
       1327;20190723;-999;-999;-999;    3;   0.0;   0;   15.033;-999;  -999;  14.5;    -999;   25.9;   49.58;   35.4;   13.6;   11.9;eor
       1327;20190724;-999;-999;-999;    3;   0.0;   0;   13.933;-999;  -999;  14.5;    -999;   29.5;   41.83;   39.7;   16.1;   13.8;eor
       1327;20190725;-999;-999;-999;    3;   0.0;   0;    9.767;-999;  -999;  16.7;    -999;   30.2;   44.42;   40.6;   19.9;   17.6;eor
       1327;20190726;-999;-999;-999;    3;   0.3;   4;    8.100;-999;  -999;  17.0;    -999;   26.3;   55.92;   39.6;   17.4;   15.6;eor
       1327;20190727;-999;-999;-999;    3;  17.0;   4;    0.433;-999;  -999;  20.8;    -999;   20.6;   86.33;   27.1;   18.4;   17.2;eor
       1327;20190728;-999;-999;-999;    3;   1.8;   4;    0.000;-999;  -999;  19.4;    -999;   17.9;   93.92;   19.2;   16.9;   16.8;eor
       1327;20190729;-999;-999;-999;    3;   0.0;   0;   13.567;-999;  -999;  14.7;    -999;   20.2;   65.58;   26.4;   14.1;   12.5;eor
       1327;20190730;-999;-999;-999;    3;   0.0;   0;    8.567;-999;  -999;  14.1;    -999;   21.8;   58.42;   29.7;   12.3;   10.6;eor
       1327;20190731;-999;-999;-999;    3;   1.1;   4;    5.900;-999;  -999;  13.8;    -999;   19.0;   63.33;   24.1;   13.9;   11.3;eor
       1327;20190801;-999;-999;-999;    3;   0.0;   0;    5.333;-999;  -999;  14.1;    -999;   19.2;   64.79;   25.3;   11.3;    9.1;eor
       1327;20190802;-999;-999;-999;    3;  11.6;   4;    6.200;-999;  -999;  15.7;    -999;   19.0;   73.42;   26.3;   14.0;   12.4;eor
       1327;20190803;-999;-999;-999;    3;   0.0;   0;    5.600;-999;  -999;  16.5;    -999;   18.2;   80.33;   23.1;   12.7;   11.0;eor
       1327;20190804;-999;-999;-999;    3;   1.1;   4;   11.583;-999;  -999;  14.7;    -999;   20.4;   65.58;   29.0;   10.3;    8.9;eor
       1327;20190805;-999;-999;-999;    3;   0.0;   0;    8.233;-999;  -999;  15.6;    -999;   22.1;   60.00;   26.5;   17.8;   16.4;eor
       1327;20190806;-999;-999;-999;    3;   0.8;   4;    2.917;-999;  -999;  16.3;    -999;   20.4;   69.21;   25.2;   17.0;   15.1;eor
       1327;20190807;-999;-999;-999;    3;   0.0;   0;    5.050;-999;  -999;  15.7;    -999;   19.1;   72.21;   24.2;   15.6;   14.3;eor
       1327;20190808;-999;-999;-999;    3;   0.0;   0;    6.217;-999;  -999;  14.9;    -999;   19.3;   67.42;   24.1;   13.7;   11.2;eor
       1327;20190809;-999;-999;-999;    3;   7.6;   4;    0.133;-999;  -999;  19.1;    -999;   20.4;   80.33;   27.2;   14.6;   12.2;eor
       1327;20190810;-999;-999;-999;    3;   0.0;   0;    9.533;-999;  -999;  14.8;    -999;   21.0;   60.71;   25.6;   15.8;   13.3;eor
       1327;20190811;-999;-999;-999;    3;   0.0;   0;    5.550;-999;  -999;  12.1;    -999;   17.8;   60.75;   22.3;   12.7;    9.8;eor
       1327;20190812;-999;-999;-999;    3;   4.9;   4;    5.567;-999;  -999;  13.8;    -999;   16.0;   77.13;   23.9;   12.1;   10.5;eor
       1327;20190813;-999;-999;-999;    3;   0.5;   4;    6.633;-999;  -999;  12.0;    -999;   15.1;   71.75;   21.0;   10.4;    7.7;eor
       1327;20190814;-999;-999;-999;    3;   0.6;   4;    9.133;-999;  -999;  11.7;    -999;   17.0;   63.75;   23.1;    9.6;    7.1;eor
       1327;20190815;-999;-999;-999;    3;   1.0;   4;    3.550;-999;  -999;  15.4;    -999;   18.1;   74.54;   23.6;   14.8;   12.9;eor
       1327;20190816;-999;-999;-999;    3;   0.0;   4;    9.067;-999;  -999;  13.8;    -999;   18.4;   66.79;   23.4;   12.9;   11.1;eor
       1327;20190817;-999;-999;-999;    3;  12.6;   4;    0.350;-999;  -999;  16.1;    -999;   19.5;   71.54;   22.4;   16.4;   15.3;eor
       1327;20190818;-999;-999;-999;    3;   7.3;   4;    0.633;-999;  -999;  17.9;    -999;   17.9;   87.33;   23.7;   14.0;   13.4;eor
       1327;20190819;-999;-999;-999;    3;   0.0;   4;    9.933;-999;  -999;  12.7;    -999;   17.2;   66.63;   22.9;   11.4;    8.8;eor
       1327;20190820;-999;-999;-999;    3;   0.0;   0;    9.367;-999;  -999;  11.7;    -999;   15.9;   66.96;   21.4;    9.8;    6.8;eor
       1327;20190821;-999;-999;-999;    3;   0.0;   0;   11.500;-999;  -999;  11.6;    -999;   16.7;   64.92;   24.2;    8.5;    5.9;eor
       1327;20190822;-999;-999;-999;    3;   0.0;   0;   12.783;-999;  -999;  11.5;    -999;   18.6;   59.00;   27.1;    8.7;    6.5;eor
       1327;20190823;-999;-999;-999;    3;   0.0;   0;   12.500;-999;  -999;  12.6;    -999;   19.7;   60.17;   28.8;   10.4;    7.5;eor
       1327;20190824;-999;-999;-999;    3;   0.0;   0;   12.833;-999;  -999;  12.4;    -999;   20.8;   57.08;   30.8;    9.6;    6.7;eor
       1327;20190825;-999;-999;-999;    3;   0.0;   0;   11.167;-999;  -999;  16.0;    -999;   22.7;   61.00;   31.6;   11.7;    9.8;eor
       1327;20190826;-999;-999;-999;    3;   0.0;   0;   10.717;-999;  -999;  17.7;    -999;   24.6;   61.08;   33.1;   15.7;   13.5;eor
       1327;20190827;-999;-999;-999;    3;   0.1;   4;    9.150;-999;  -999;  17.8;    -999;   24.6;   62.21;   33.5;   15.7;   13.7;eor
       1327;20190828;-999;-999;-999;    3;   0.0;   0;    5.517;-999;  -999;  16.9;    -999;   23.8;   59.67;   31.8;   17.1;   14.4;eor
       1327;20190829;-999;-999;-999;    3;   0.0;   0;    5.417;-999;  -999;  17.3;    -999;   21.3;   69.38;   25.3;   17.4;   14.7;eor
       1327;20190830;-999;-999;-999;    3;   0.0;   0;   11.617;-999;  -999;  14.4;    -999;   20.1;   64.29;   27.9;   13.4;   10.7;eor
       1327;20190831;-999;-999;-999;    3;   0.0;   0;   11.083;-999;  -999;  14.5;    -999;   23.4;   55.67;   32.9;   10.7;    8.5;eor
       1327;20190901;-999;-999;-999;    3;   0.1;   4;    2.450;-999;  -999;  13.3;    -999;   17.1;   68.63;   20.4;   12.3;    9.6;eor
       1327;20190902;-999;-999;-999;    3;   0.0;   0;   10.883;-999;  -999;   9.4;    -999;   15.0;   57.96;   21.4;    8.6;    6.0;eor
       1327;20190903;-999;-999;-999;    3;   0.0;   0;    4.083;-999;  -999;  11.6;    -999;   15.5;   65.29;   20.6;    9.4;    6.5;eor
       1327;20190904;-999;-999;-999;    3;   1.4;   4;    7.150;-999;  -999;  13.4;    -999;   17.6;   68.83;   26.4;   12.4;   10.7;eor
       1327;20190905;-999;-999;-999;    3;   0.7;   4;    4.183;-999;  -999;  12.2;    -999;   13.1;   80.88;   17.9;    9.4;    7.2;eor
       1327;20190906;-999;-999;-999;    3;   1.8;   4;   10.917;-999;  -999;   9.4;    -999;   14.1;   62.38;   21.4;    6.0;    3.3;eor
       1327;20190907;-999;-999;-999;    3;   2.5;   4;    0.900;-999;  -999;  12.7;    -999;   13.7;   81.50;   17.1;   11.3;   10.0;eor
       1327;20190908;-999;-999;-999;    3;  18.6;   4;    0.383;-999;  -999;  13.0;    -999;   12.2;   90.88;   14.6;   11.4;   10.7;eor
       1327;20190909;-999;-999;-999;    3;   0.0;   0;    3.583;-999;  -999;  11.3;    -999;   13.1;   76.33;   17.7;    9.4;    7.4;eor
       1327;20190910;-999;-999;-999;    3;   0.0;   0;   11.917;-999;  -999;   9.8;    -999;   13.0;   69.42;   20.1;    5.9;    3.9;eor
       1327;20190911;-999;-999;-999;    3;   0.3;   4;    1.750;-999;  -999;  11.9;    -999;   15.0;   70.29;   20.6;    7.9;    5.7;eor
       1327;20190912;-999;-999;-999;    3;   0.4;   4;    6.083;-999;  -999;  15.9;    -999;   18.8;   73.92;   23.8;   15.0;   13.5;eor
       1327;20190913;-999;-999;-999;    3;   0.0;   4;    0.767;-999;  -999;  16.2;    -999;   17.6;   80.00;   21.4;   10.8;    8.1;eor
       1327;20190914;-999;-999;-999;    3;   0.0;   0;   11.750;-999;  -999;  11.3;    -999;   14.9;   70.38;   22.4;    7.9;    5.5;eor
       1327;20190915;-999;-999;-999;    3;   0.0;   0;   11.883;-999;  -999;  10.6;    -999;   17.1;   58.46;   25.1;    8.0;    5.0;eor
       1327;20190916;-999;-999;-999;    3;   0.9;   4;    0.400;-999;  -999;  13.7;    -999;   15.9;   77.38;   22.4;   12.2;   10.1;eor
       1327;20190917;-999;-999;-999;    3;   0.0;   0;    5.867;-999;  -999;  11.5;    -999;   13.9;   73.71;   18.2;    6.7;    3.7;eor
       1327;20190918;-999;-999;-999;    3;   0.0;   0;    8.317;-999;  -999;   8.9;    -999;   11.1;   69.83;   17.7;    4.6;    1.2;eor
       1327;20190919;-999;-999;-999;    3;   0.0;   0;   11.000;-999;  -999;   8.2;    -999;   10.4;   68.71;   17.5;    3.4;    0.5;eor
       1327;20190920;-999;-999;-999;    3;   0.0;   0;   11.167;-999;  -999;   7.4;    -999;   11.6;   59.46;   20.2;    1.9;   -0.5;eor
       1327;20190921;-999;-999;-999;    3;   0.0;   0;   11.683;-999;  -999;   7.5;    -999;   15.6;   46.46;   24.5;    8.0;    4.9;eor
       1327;20190922;-999;-999;-999;    3;   5.2;   4;    5.483;-999;  -999;  12.6;    -999;   18.2;   60.58;   26.6;    7.4;    4.5;eor
       1327;20190923;-999;-999;-999;    3;   0.0;   0;    1.733;-999;  -999;  14.6;    -999;   16.1;   80.00;   20.5;   12.8;    9.5;eor
       1327;20190924;-999;-999;-999;    3;   4.6;   4;    2.233;-999;  -999;  13.4;    -999;   14.7;   80.46;   18.8;   10.3;    7.2;eor
       1327;20190925;-999;-999;-999;    3;   2.3;   4;    3.350;-999;  -999;  14.0;    -999;   15.5;   80.08;   19.1;   12.5;   10.5;eor
       1327;20190926;-999;-999;-999;    3;   4.0;   4;    0.000;-999;  -999;  15.9;    -999;   16.5;   84.21;   19.0;   13.5;   11.4;eor
       1327;20190927;-999;-999;-999;    3;   0.1;   4;    6.833;-999;  -999;  13.6;    -999;   16.0;   76.21;   20.3;   13.3;   12.1;eor
       1327;20190928;-999;-999;-999;    3;   0.0;   0;    3.167;-999;  -999;  12.9;    -999;   15.3;   74.58;   17.9;   13.5;   11.7;eor
       1327;20190929;-999;-999;-999;    3;   0.7;   4;    0.783;-999;  -999;  13.6;    -999;   16.3;   73.33;   18.6;   14.4;   12.9;eor
       1327;20190930;-999;-999;-999;    3;   0.2;   4;    3.183;-999;  -999;  12.1;    -999;   15.0;   71.33;   17.6;   13.1;   12.1;eor
       1327;20191001;-999;-999;-999;    3;  18.7;   4;    0.317;   0;  -999;  14.9;    -999;   15.8;   82.96;   18.7;   14.0;   12.8;eor
       1327;20191002;-999;-999;-999;    3;   0.5;   4;    3.833;   0;  -999;  10.7;    -999;   10.6;   83.46;   14.5;    7.9;    6.5;eor
       1327;20191003;-999;-999;-999;    3;   0.1;   4;    0.717;   0;  -999;  10.3;    -999;   10.6;   80.88;   14.3;    7.5;    6.4;eor
       1327;20191004;-999;-999;-999;    3;   5.8;   4;    0.000;   0;  -999;  11.0;    -999;   11.2;   82.38;   14.3;    8.5;    7.8;eor
       1327;20191005;-999;-999;-999;    3;   0.0;   0;    0.200;   0;  -999;  10.2;    -999;    9.7;   84.54;   12.0;    7.5;    5.5;eor
       1327;20191006;-999;-999;-999;    3;  15.1;   4;    0.217;   0;  -999;  10.1;    -999;    8.4;   91.79;    9.2;    7.5;    7.1;eor
       1327;20191007;-999;-999;-999;    3;   5.7;   4;    0.867;   0;  -999;  11.1;    -999;   10.6;   87.29;   13.1;    8.0;    7.4;eor
       1327;20191008;-999;-999;-999;    3;   3.5;   4;    0.000;   0;  -999;  13.0;    -999;   13.0;   86.67;   15.4;   11.2;    9.7;eor
       1327;20191009;-999;-999;-999;    3;   0.2;   4;    1.850;   0;  -999;  10.9;    -999;   11.9;   78.33;   14.4;    9.8;    8.5;eor
       1327;20191010;-999;-999;-999;    3;   0.0;   0;    7.433;   0;  -999;  10.4;    -999;   12.0;   74.75;   15.6;    9.5;    8.1;eor
       1327;20191011;-999;-999;-999;    3;   0.0;   0;    0.750;   0;  -999;  12.2;    -999;   14.2;   75.17;   17.2;    9.8;    7.2;eor
       1327;20191012;-999;-999;-999;    3;   0.0;   0;    5.317;   0;  -999;  13.6;    -999;   16.3;   73.79;   20.7;   12.4;    8.8;eor
       1327;20191013;-999;-999;-999;    3;   1.0;   4;    6.467;   0;  -999;  16.4;    -999;   19.7;   72.08;   24.3;   15.3;   11.3;eor
       1327;20191014;-999;-999;-999;    3;   0.0;   0;    8.700;   0;  -999;  15.1;    -999;   18.4;   72.92;   24.1;   13.6;   10.9;eor
       1327;20191015;-999;-999;-999;    3;   5.6;   4;    0.033;   0;  -999;  14.5;    -999;   15.1;   84.46;   17.7;   11.8;   11.2;eor
       1327;20191016;-999;-999;-999;    3;   1.0;   4;    1.783;   0;  -999;  12.3;    -999;   13.3;   80.54;   15.4;   10.6;    8.8;eor
       1327;20191017;-999;-999;-999;    3;   0.2;   4;    2.000;   0;  -999;  13.7;    -999;   14.9;   80.67;   17.3;   12.6;   10.2;eor
       1327;20191018;-999;-999;-999;    3;   1.5;   4;    4.517;   0;  -999;  11.4;    -999;   13.2;   74.58;   17.4;   10.2;    7.4;eor
       1327;20191019;-999;-999;-999;    3;   2.6;   4;    0.000;   0;  -999;  12.2;    -999;   12.7;   82.46;   15.5;   10.8;    9.3;eor
       1327;20191020;-999;-999;-999;    3;  17.3;   4;    0.000;   0;  -999;  13.3;    -999;   11.7;   96.67;   12.4;   11.0;   10.6;eor
       1327;20191021;-999;-999;-999;    3;   0.0;   0;    6.033;   0;  -999;  12.3;    -999;   13.1;   81.79;   17.4;    9.6;    7.3;eor
       1327;20191022;-999;-999;-999;    3;   0.0;   0;    3.200;   0;  -999;  11.1;    -999;   10.5;   87.67;   15.5;    6.4;    3.8;eor
       1327;20191023;-999;-999;-999;    3;   0.0;   0;    6.600;   0;  -999;  12.2;    -999;   11.4;   90.38;   14.7;    7.7;    6.1;eor
       1327;20191024;-999;-999;-999;    3;   0.0;   0;    3.667;   0;  -999;  12.8;    -999;   14.8;   76.54;   20.8;   10.9;    9.0;eor
       1327;20191025;-999;-999;-999;    3;   0.0;   0;    7.517;   0;  -999;  11.9;    -999;   14.3;   73.67;   17.2;   11.9;   10.1;eor
       1327;20191026;-999;-999;-999;    3;   1.0;   4;    6.017;   0;  -999;  12.4;    -999;   16.3;   68.04;   21.0;   12.7;   11.0;eor
       1327;20191027;-999;-999;-999;    3;   1.9;   4;    0.000;   0;  -999;  10.1;    -999;    9.6;   84.33;   15.7;    4.2;    2.5;eor
       1327;20191028;-999;-999;-999;    3;   0.0;   0;    7.583;   0;  -999;   8.4;    -999;    6.1;   89.21;   11.4;    1.2;   -0.8;eor
       1327;20191029;-999;-999;-999;    3;   0.0;   0;    2.100;   0;  -999;   8.5;    -999;    6.3;   89.17;   10.6;    0.9;   -1.7;eor
       1327;20191030;-999;-999;-999;    3;   0.0;   0;    2.033;   0;  -999;   6.6;    -999;    2.4;   91.00;    7.4;   -1.6;   -3.4;eor
       1327;20191031;-999;-999;-999;    3;   0.0;   0;    8.617;   0;  -999;   6.1;    -999;    3.4;   80.17;    9.6;   -1.1;   -3.4;eor
       1327;20191101;-999;-999;-999;    3;   6.5;   4;    0.000;   0;  -999;   9.5;    -999;    7.6;   88.38;   13.4;    2.2;    1.1;eor
       1327;20191102;-999;-999;-999;    3;   2.9;   4;    1.600;   0;  -999;  12.1;    -999;   13.4;   78.67;   15.9;   10.8;    9.7;eor
       1327;20191103;-999;-999;-999;    3;   0.0;   4;    0.200;   0;  -999;  11.3;    -999;   11.8;   81.88;   15.5;    9.7;    8.2;eor
       1327;20191104;-999;-999;-999;    3;   0.8;   4;    2.083;   0;  -999;  10.3;    -999;   10.2;   82.33;   13.0;    8.0;    4.9;eor
       1327;20191105;-999;-999;-999;    3;   5.0;   4;    1.900;   0;  -999;   9.8;    -999;    9.1;   85.38;   12.3;    7.3;    4.4;eor
       1327;20191106;-999;-999;-999;    3;   1.6;   4;    0.000;   0;  -999;  10.0;    -999;    7.9;   93.63;    9.4;    6.2;    4.1;eor
       1327;20191107;-999;-999;-999;    3;   0.0;   0;    0.850;   0;  -999;   9.0;    -999;    7.7;   85.42;   10.7;    3.5;    0.8;eor
       1327;20191108;-999;-999;-999;    3;   0.1;   4;    3.967;   0;  -999;   7.8;    -999;    5.1;   89.25;   10.9;    1.4;   -0.3;eor
       1327;20191109;-999;-999;-999;    3;   0.0;   4;    3.300;   0;  -999;   7.2;    -999;    4.9;   83.58;    9.0;    1.5;   -1.3;eor
       1327;20191110;-999;-999;-999;    3;   0.0;   0;    2.950;   0;  -999;   6.6;    -999;    1.5;   96.04;    5.8;   -1.3;   -2.7;eor
       1327;20191111;-999;-999;-999;    3;   0.0;   4;    0.500;   0;  -999;   7.1;    -999;    4.0;   86.96;    7.0;   -0.6;   -2.7;eor
       1327;20191112;-999;-999;-999;    3;   0.5;   4;    1.800;   0;  -999;   7.0;    -999;    4.6;   82.38;    7.5;    2.3;    0.4;eor
       1327;20191113;-999;-999;-999;    3;   0.0;   0;    0.433;   0;  -999;   7.3;    -999;    4.9;   83.42;    7.2;    2.2;   -0.7;eor
       1327;20191114;-999;-999;-999;    3;   0.0;   0;    0.567;   0;  -999;   6.9;    -999;    5.1;   79.71;    8.3;    0.6;   -1.2;eor
       1327;20191115;-999;-999;-999;    3;   0.0;   0;    0.083;   0;  -999;   6.6;    -999;    3.7;   83.38;    7.0;    0.5;   -0.6;eor
       1327;20191116;-999;-999;-999;    3;   0.0;   0;    6.167;   0;  -999;   6.3;    -999;    3.8;   79.75;    8.9;   -0.8;   -2.7;eor
       1327;20191117;-999;-999;-999;    3;  19.4;   4;    0.000;   0;  -999;   6.7;    -999;    1.5;   97.17;    3.8;   -1.9;   -3.5;eor
       1327;20191118;-999;-999;-999;    3;  23.1;   4;    0.000;   0;  -999;   7.7;    -999;    3.8;   95.50;    6.0;    3.1;    3.0;eor
       1327;20191119;-999;-999;-999;    3;   0.8;   4;    0.933;   0;  -999;   7.1;    -999;    3.7;   88.67;    6.4;   -0.6;   -2.8;eor
       1327;20191120;-999;-999;-999;    3;   0.0;   0;    5.183;   0;  -999;   6.3;    -999;    2.2;   88.29;    6.3;   -1.4;   -3.2;eor
       1327;20191121;-999;-999;-999;    3;   0.2;   4;    3.667;   0;  -999;   6.5;    -999;    2.1;   91.54;    5.3;   -1.3;   -3.5;eor
       1327;20191122;-999;-999;-999;    3;   0.0;   0;    2.533;   0;  -999;   7.7;    -999;    4.6;   89.92;    7.2;    2.6;    2.1;eor
       1327;20191123;-999;-999;-999;    3;   0.0;   0;    0.550;   0;  -999;   7.5;    -999;    5.8;   81.38;    9.9;    1.9;   -0.2;eor
       1327;20191124;-999;-999;-999;    3;   0.0;   0;    5.550;   0;  -999;   7.8;    -999;    5.7;   85.25;   11.6;    2.0;    0.0;eor
       1327;20191125;-999;-999;-999;    3;   0.0;   0;    0.933;   0;  -999;   8.8;    -999;    6.9;   87.92;   10.3;    2.5;    1.1;eor
       1327;20191126;-999;-999;-999;    3;   0.1;   4;    0.000;   0;  -999;  10.1;    -999;    9.9;   82.13;   12.3;    6.5;    5.3;eor
       1327;20191127;-999;-999;-999;    3;   0.2;   4;    0.833;   0;  -999;  10.2;    -999;   10.5;   80.04;   12.9;    8.3;    7.5;eor
       1327;20191128;-999;-999;-999;    3;  10.0;   4;    0.117;   0;  -999;   9.8;    -999;    9.8;   80.88;   11.1;    8.3;    7.9;eor
       1327;20191129;-999;-999;-999;    3;   0.0;   0;    4.000;   0;  -999;   7.7;    -999;    5.4;   85.17;    8.3;    1.6;   -0.4;eor
       1327;20191130;-999;-999;-999;    3;   0.0;   0;    7.300;   0;  -999;   6.3;    -999;    1.9;   90.42;    6.9;   -1.5;   -3.4;eor
       1327;20191201;-999;-999;-999;    3;   0.0;   0;    0.400;   0;  -999;   5.7;    -999;    0.5;   90.83;    3.0;   -1.6;   -2.8;eor
       1327;20191202;-999;-999;-999;    3;   1.3;   4;    0.400;   0;  -999;   6.8;    -999;    2.5;   92.71;    6.1;   -1.1;   -3.0;eor
       1327;20191203;-999;-999;-999;    3;   0.0;   0;    0.000;   0;  -999;   8.3;    -999;    5.7;   90.50;    7.8;    2.6;   -0.6;eor
       1327;20191204;-999;-999;-999;    3;   0.0;   0;    6.000;   0;  -999;   6.3;    -999;    2.0;   89.63;    5.7;   -0.7;   -3.1;eor
       1327;20191205;-999;-999;-999;    3;   0.0;   0;    5.000;   0;  -999;   5.3;    -999;    0.6;   83.63;    6.4;   -2.5;   -4.9;eor
       1327;20191206;-999;-999;-999;    3;   1.4;   4;    0.000;   0;  -999;   6.6;    -999;    4.5;   77.04;    7.7;   -0.1;   -2.9;eor
       1327;20191207;-999;-999;-999;    3;   0.0;   0;-999;   0;  -999;   8.8;    -999;    8.4;   79.33;    9.5;    7.4;    6.5;eor
       1327;20191208;-999;-999;-999;    3;   1.1;   4;-999;   0;  -999;   8.9;    -999;    9.2;   75.54;   11.4;    6.4;    4.5;eor
       1327;20191209;-999;-999;-999;    3;   7.0;   4;-999;   0;  -999;   7.7;    -999;    6.3;   80.75;    8.1;    3.4;    2.2;eor
       1327;20191210;-999;-999;-999;    3;   3.5;   4;-999;   0;  -999;   6.2;    -999;    3.9;   77.83;    6.2;    1.4;   -0.1;eor
       1327;20191211;-999;-999;-999;    3;   5.5;   4;-999;   0;  -999;   7.2;    -999;    4.6;   85.38;    6.0;    3.4;    1.0;eor
       1327;20191212;-999;-999;-999;    3;   0.0;   0;-999;   0;  -999;   6.4;    -999;    4.0;   78.46;    5.8;    2.3;    0.1;eor
       1327;20191213;-999;-999;-999;    3;   2.9;   4;-999;   0;  -999;   7.1;    -999;    4.5;   83.71;    7.3;    2.1;    2.1;eor
       1327;20191214;-999;-999;-999;    3;   2.6;   4;-999;   0;  -999;   7.3;    -999;    6.0;   77.92;    8.0;    4.3;    3.5;eor
       1327;20191215;-999;-999;-999;    3;   1.7;   4;-999;   0;  -999;   7.7;    -999;    7.4;   75.00;   10.7;    2.7;   -0.6;eor
       1327;20191216;-999;-999;-999;    3;   0.6;   4;-999;   0;  -999;   9.6;    -999;    8.1;   89.13;   10.5;    5.6;    3.5;eor
       1327;20191217;-999;-999;-999;    3;   1.3;   4;-999;   0;  -999;  10.0;    -999;   12.3;   70.25;   16.6;    8.0;    7.0;eor
       1327;20191218;-999;-999;-999;    3;   0.0;   0;-999;   0;  -999;   8.6;    -999;    7.7;   82.17;   10.2;    4.6;    0.5;eor
       1327;20191219;-999;-999;-999;    3;   0.0;   0;-999;   0;  -999;   9.3;    -999;    8.6;   83.54;   12.1;    4.6;    1.2;eor
       1327;20191220;-999;-999;-999;    3;   0.1;   4;-999;   0;  -999;   9.1;    -999;    9.8;   74.88;   13.1;    6.8;    4.1;eor
       1327;20191221;-999;-999;-999;    3;   0.0;   0;-999;   0;  -999;   8.0;    -999;    7.4;   77.88;   10.0;    5.4;    2.4;eor
       1327;20191222;-999;-999;-999;    3;   0.6;   4;-999;   0;  -999;   8.8;    -999;    8.1;   81.08;   10.9;    5.1;    3.8;eor
       1327;20191223;-999;-999;-999;    3;   1.0;   4;-999;   0;  -999;   8.5;    -999;    7.3;   83.38;    8.6;    5.2;    3.3;eor
       1327;20191224;-999;-999;-999;    3;   4.5;   4;-999;   0;  -999;   8.4;    -999;    8.1;   77.50;   11.1;    5.2;    2.4;eor
       1327;20191225;-999;-999;-999;    3;   2.0;   4;-999;   0;  -999;   9.0;    -999;    6.8;   90.58;    9.0;    4.5;    3.6;eor
       1327;20191226;-999;-999;-999;    3;   1.9;   4;    0.200;   0;  -999;   7.7;    -999;    4.6;   90.50;    5.4;    2.9;   -0.4;eor
       1327;20191227;-999;-999;-999;    3;   0.0;   0;    0.000;   0;  -999;   7.9;    -999;    4.9;   90.96;    5.8;    2.0;   -0.3;eor
       1327;20191228;-999;-999;-999;    3;   0.0;   0;    3.717;   0;  -999;   5.6;    -999;    0.3;   90.00;    3.1;   -2.4;   -4.3;eor
       1327;20191229;-999;-999;-999;    3;   0.0;   0;    1.433;   0;  -999;   5.2;    -999;    0.3;   83.33;    2.9;   -1.7;   -2.7;eor
       1327;20191230;-999;-999;-999;    3;   0.0;   0;    7.567;   0;  -999;   4.0;    -999;    4.0;   51.63;   10.6;   -0.3;   -3.3;eor
       1327;20191231;-999;-999;-999;    3;   0.0;   0;    0.000;   0;  -999;   5.8;    -999;    2.4;   79.54;    4.9;   -0.7;   -3.5;eor
       1327;20200101;-999;-999;-999;    3;   0.0;   0;    7.350;   0;  -999;   5.7;    -999;    0.9;   88.38;    4.8;   -1.6;   -3.0;eor
       1327;20200102;-999;-999;-999;    3;   0.0;   0;    2.850;   0;  -999;   6.1;    -999;    1.5;   88.29;    5.3;   -2.8;   -5.3;eor
       1327;20200103;-999;-999;-999;    3;   2.0;   4;    0.333;   0;  -999;   8.9;    -999;    7.6;   84.88;   10.1;    3.4;    1.9;eor
       1327;20200104;-999;-999;-999;    3;   0.0;   0;    0.017;   0;  -999;   7.6;    -999;    5.1;   86.83;    6.7;    2.9;    0.9;eor
       1327;20200105;-999;-999;-999;    3;   0.0;   0;    0.000;   0;  -999;   7.6;    -999;    5.8;   82.42;    7.0;    5.0;    3.8;eor
       1327;20200106;-999;-999;-999;    3;   2.0;   4;    7.017;   0;  -999;   6.2;    -999;    4.8;   72.17;    8.4;    2.2;   -0.3;eor
       1327;20200107;-999;-999;-999;    3;   0.4;   4;    3.200;   0;  -999;   7.8;    -999;    6.4;   81.50;    8.9;    3.9;    1.0;eor
       1327;20200108;-999;-999;-999;    3;   2.8;   4;    0.033;   0;  -999;  10.0;    -999;    9.4;   83.92;   11.3;    6.3;    5.1;eor
       1327;20200109;-999;-999;-999;    3;   1.8;   4;    0.000;   0;  -999;  11.3;    -999;   11.5;   83.21;   13.4;    9.5;    8.7;eor
       1327;20200110;-999;-999;-999;    3;   1.0;   4;    0.017;   0;  -999;   8.8;    -999;    7.6;   84.29;   11.1;    2.2;    0.4;eor
       1327;20200111;-999;-999;-999;    3;   0.0;   0;    1.183;   0;  -999;   6.6;    -999;    4.2;   81.08;    6.7;    1.5;   -1.4;eor
       1327;20200112;-999;-999;-999;    3;   0.0;   0;    2.383;   0;  -999;   7.2;    -999;    5.0;   81.54;    7.9;    1.2;   -1.0;eor
       1327;20200113;-999;-999;-999;    3;   0.0;   0;    1.650;   0;  -999;   8.0;    -999;    6.8;   81.46;    9.2;    4.5;    1.9;eor
       1327;20200114;-999;-999;-999;    3;   0.0;   0;    0.283;   0;  -999;   8.7;    -999;    9.6;   73.04;   11.6;    8.0;    7.1;eor
       1327;20200115;-999;-999;-999;    3;   0.0;   0;    5.117;   0;  -999;   9.0;    -999;   11.0;   68.29;   13.4;    7.6;    6.2;eor
       1327;20200116;-999;-999;-999;    3;   0.0;   0;    7.817;   0;  -999;   8.5;    -999;    7.8;   81.29;   12.0;    2.6;   -0.5;eor
       1327;20200117;-999;-999;-999;    3;   0.1;   4;    0.317;   0;  -999;   8.3;    -999;    7.6;   79.13;    9.7;    4.1;    2.1;eor
       1327;20200118;-999;-999;-999;    3;   2.7;   4;    1.967;   0;  -999;   6.7;    -999;    3.9;   82.79;    6.9;    1.3;   -0.3;eor
       1327;20200119;-999;-999;-999;    3;   0.5;   4;    0.500;   0;  -999;   6.9;    -999;    2.7;   92.63;    4.4;    0.0;   -2.5;eor
       1327;20200120;-999;-999;-999;    3;   0.0;   4;    1.600;   0;  -999;   6.4;    -999;    1.5;   94.13;    5.8;   -2.8;   -5.3;eor
       1327;20200121;-999;-999;-999;    3;   0.0;   0;    8.200;   0;  -999;   5.1;    -999;   -0.7;   87.71;    5.1;   -4.4;   -6.3;eor
       1327;20200122;-999;-999;-999;    3;   0.0;   0;    0.000;   0;  -999;   5.5;    -999;   -1.1;   96.54;    2.1;   -4.9;   -6.3;eor
       1327;20200123;-999;-999;-999;    3;   0.0;   0;    0.000;   0;  -999;   6.3;    -999;    1.4;   93.21;    2.3;   -1.2;   -2.5;eor
       1327;20200124;-999;-999;-999;    3;   0.0;   0;    2.400;   0;  -999;   5.5;    -999;   -0.9;   95.71;    0.8;   -3.5;   -4.4;eor
       1327;20200125;-999;-999;-999;    3;   0.0;   0;    0.000;   0;  -999;   6.4;    -999;    1.1;   96.25;    3.8;   -0.9;   -0.9;eor
       1327;20200126;-999;-999;-999;    3;   0.0;   0;    5.850;   0;  -999;   7.4;    -999;    4.5;   87.88;   10.3;   -0.4;   -0.5;eor
       1327;20200127;-999;-999;-999;    3;   2.0;   4;    0.000;   0;  -999;   8.5;    -999;    7.5;   81.21;    9.0;    6.3;    3.8;eor
       1327;20200128;-999;-999;-999;    3;   1.0;   4;    3.500;   0;  -999;   6.6;    -999;    5.2;   74.38;    8.0;    2.7;    1.3;eor
       1327;20200129;-999;-999;-999;    3;   0.0;   0;    1.700;   0;  -999;   6.3;    -999;    4.2;   76.50;    6.5;    2.1;   -0.1;eor
       1327;20200130;-999;-999;-999;    3;   0.0;   0;    1.283;   0;  -999;   8.3;    -999;    7.8;   77.46;   13.2;    4.1;    2.5;eor
       1327;20200131;-999;-999;-999;    3;   0.3;   4;    5.750;   0;  -999;  11.2;    -999;   12.2;   78.46;   15.1;   10.2;    6.9;eor
       1327;20200201;-999;-999;-999;    3;   5.4;   4;    0.050;   0;  -999;  10.4;    -999;   10.7;   79.67;   12.1;    7.5;    5.9;eor
       1327;20200202;-999;-999;-999;    3;   1.6;   4;    0.000;   0;  -999;   9.4;    -999;    9.8;   76.88;   14.2;    5.8;    5.0;eor
       1327;20200203;-999;-999;-999;    3;  13.2;   4;    0.400;   0;  -999;   9.2;    -999;    9.6;   77.33;   11.1;    4.3;    3.9;eor
       1327;20200204;-999;-999;-999;    3;   3.9;   4;    2.367;   0;  -999;   7.3;    -999;    4.3;   87.75;    6.2;    2.0;    1.7;eor
       1327;20200205;-999;-999;-999;    3;   0.0;   0;    5.667;   0;  -999;   6.8;    -999;    3.9;   83.96;    7.1;    0.9;   -0.6;eor
       1327;20200206;-999;-999;-999;    3;   0.0;   0;    1.783;   0;  -999;   6.1;    -999;    2.8;   82.42;    6.8;   -1.3;   -3.3;eor
       1327;20200207;-999;-999;-999;    3;   0.0;   0;    9.083;   0;  -999;   5.6;    -999;    2.0;   80.13;    6.9;   -2.0;   -3.5;eor
       1327;20200208;-999;-999;-999;    3;   0.0;   0;    0.000;   0;  -999;   7.2;    -999;    6.4;   73.63;   11.0;    0.6;   -0.9;eor
       1327;20200209;-999;-999;-999;    3;   9.8;   4;    0.617;   0;  -999;   8.7;    -999;   10.2;   70.04;   13.1;    5.9;    3.5;eor
       1327;20200210;-999;-999;-999;    3;   1.8;   4;    3.533;   0;  -999;   7.6;    -999;    7.7;   72.46;   11.1;    4.0;    3.0;eor
       1327;20200211;-999;-999;-999;    3;   2.6;   4;    3.750;   0;  -999;   5.7;    -999;    4.9;   66.50;    7.1;    1.9;    0.8;eor
       1327;20200212;-999;-999;-999;    3;   0.7;   4;    6.000;   0;  -999;   5.9;    -999;    4.3;   70.96;    7.3;    2.2;    0.4;eor
       1327;20200213;-999;-999;-999;    3;   1.5;   4;    1.483;   0;  -999;   7.0;    -999;    4.7;   81.71;    7.4;    2.0;   -0.2;eor
       1327;20200214;-999;-999;-999;    3;   0.0;   0;    0.050;   0;  -999;   7.7;    -999;    6.4;   79.83;    8.1;    4.9;    1.5;eor
       1327;20200215;-999;-999;-999;    3;   0.0;   0;    5.017;   0;  -999;   8.1;    -999;    8.7;   72.25;   12.4;    3.7;   -0.7;eor
       1327;20200216;-999;-999;-999;    3;   1.1;   4;    3.250;   0;  -999;   9.7;    -999;   13.8;   62.21;   17.8;    8.4;    7.2;eor
       1327;20200217;-999;-999;-999;    3;   0.7;   4;    3.833;   0;  -999;   7.7;    -999;    7.9;   72.79;   11.2;    5.7;    3.8;eor
       1327;20200218;-999;-999;-999;    3;   1.0;   4;    2.617;   0;  -999;   7.1;    -999;    6.5;   73.42;    8.8;    4.4;    2.8;eor
       1327;20200219;-999;-999;-999;    3;   0.0;   4;    2.600;   0;  -999;   6.6;    -999;    5.3;   74.71;    7.4;    3.0;   -0.2;eor
       1327;20200220;-999;-999;-999;    3;   3.1;   4;    0.783;   0;  -999;   7.9;    -999;    7.5;   76.58;   10.3;    3.8;    2.7;eor
       1327;20200221;-999;-999;-999;    3;   0.0;   0;    5.117;   0;  -999;   6.6;    -999;    5.5;   74.00;    9.5;    2.1;    0.6;eor
       1327;20200222;-999;-999;-999;    3;   0.5;   4;    0.667;   0;  -999;   7.4;    -999;    8.1;   67.79;   10.6;    3.7;   -0.1;eor
       1327;20200223;-999;-999;-999;    3;   1.9;   4;    0.050;   0;  -999;  10.1;    -999;   10.3;   79.63;   14.3;    5.5;    4.2;eor
       1327;20200224;-999;-999;-999;    3;   2.8;   4;    0.200;   0;  -999;   8.6;    -999;    7.9;   79.58;   12.3;    3.3;    0.4;eor
       1327;20200225;-999;-999;-999;    3;   3.5;   4;    4.533;   0;  -999;   7.8;    -999;    7.6;   74.79;   11.0;    3.1;    2.1;eor
       1327;20200226;-999;-999;-999;    3;   1.7;   4;    1.267;   0;  -999;   6.3;    -999;    3.1;   82.75;    4.8;    0.8;    0.3;eor
       1327;20200227;-999;-999;-999;    3;  10.0;   4;    0.000;   0;  -999;   6.3;    -999;    1.9;   89.88;    4.0;    0.0;    0.1;eor
       1327;20200228;-999;-999;-999;    3;   0.5;   4;    6.883;   2;  -999;   6.1;    -999;    3.7;   77.42;    6.6;    0.3;   -1.3;eor
       1327;20200229;-999;-999;-999;    3;   0.3;   4;    2.367;   0;  -999;   8.1;    -999;    8.5;   72.50;   14.6;    4.7;    3.2;eor
       1327;20200301;-999;-999;-999;    3;   9.5;   4;    4.100;   0;  -999;   7.0;    -999;    6.5;   73.17;    9.7;    3.0;    3.0;eor
       1327;20200302;-999;-999;-999;    3;   3.4;   4;    0.117;   0;  -999;   7.6;    -999;    6.2;   80.67;   10.3;    3.4;    1.3;eor
       1327;20200303;-999;-999;-999;    3;   0.2;   4;    5.483;   0;  -999;   6.5;    -999;    4.6;   77.79;    8.4;    1.8;    0.2;eor
       1327;20200304;-999;-999;-999;    3;   2.3;   4;    6.167;   0;  -999;   7.1;    -999;    5.5;   78.67;    9.8;    3.3;    0.8;eor
       1327;20200305;-999;-999;-999;    3;  16.0;   4;    0.000;   0;  -999;   8.2;    -999;    5.4;   91.21;    6.9;    3.8;    3.2;eor
       1327;20200306;-999;-999;-999;    3;   1.3;   4;    0.000;   0;  -999;   7.9;    -999;    5.0;   90.33;    6.8;    2.8;    1.4;eor
       1327;20200307;-999;-999;-999;    3;   0.0;   0;    4.317;   0;  -999;   7.0;    -999;    6.2;   74.88;    9.3;    3.1;    2.0;eor
       1327;20200308;-999;-999;-999;    3;   0.9;   4;    2.533;   0;  -999;   8.3;    -999;    8.7;   73.75;   12.6;    5.8;    4.2;eor
       1327;20200309;-999;-999;-999;    3;   2.3;   4;    3.167;   0;  -999;   7.7;    -999;    7.0;   77.04;   10.0;    4.9;    3.1;eor
       1327;20200310;-999;-999;-999;    3;   3.3;   4;    0.000;   0;  -999;  10.3;    -999;   10.3;   80.71;   14.4;    5.5;    4.3;eor
       1327;20200311;-999;-999;-999;    3;   1.9;   4;    0.050;   0;  -999;  12.4;    -999;   13.2;   81.21;   14.9;   11.9;   10.5;eor
       1327;20200312;-999;-999;-999;    3;   0.1;   4;    6.817;   0;  -999;   7.9;    -999;    9.9;   63.79;   13.3;    5.2;    4.0;eor
       1327;20200313;-999;-999;-999;    3;   0.3;   4;    0.950;   0;  -999;   7.0;    -999;    6.5;   72.21;    9.6;    3.1;    0.5;eor
       1327;20200314;-999;-999;-999;    3;   0.0;   0;    7.650;   0;  -999;   6.8;    -999;    6.7;   71.42;   12.1;    0.7;   -1.8;eor
       1327;20200315;-999;-999;-999;    3;   0.0;   0;    7.317;   0;  -999;   7.7;    -999;    9.6;   65.00;   14.3;    4.1;    0.4;eor
       1327;20200316;-999;-999;-999;    3;   0.0;   0;    9.067;   0;  -999;   8.7;    -999;    9.8;   72.63;   16.5;    1.1;   -0.9;eor
       1327;20200317;-999;-999;-999;    3;   0.0;   0;    9.650;   0;  -999;   8.3;    -999;   10.2;   69.00;   15.7;    5.5;    2.7;eor
       1327;20200318;-999;-999;-999;    3;   0.0;   0;    9.650;   0;  -999;   9.4;    -999;   11.4;   70.63;   18.1;    4.3;    0.8;eor
       1327;20200319;-999;-999;-999;    3;   0.0;   0;    7.583;   0;  -999;   9.8;    -999;   11.1;   75.79;   17.6;    4.7;    2.0;eor
       1327;20200320;-999;-999;-999;    3;   4.5;   4;    0.000;   0;  -999;   9.7;    -999;    8.3;   87.88;   10.6;    4.3;    4.0;eor
       1327;20200321;-999;-999;-999;    3;   0.0;   0;    5.417;   0;  -999;   5.9;    -999;    5.9;   65.29;   11.0;    1.5;    0.0;eor
       1327;20200322;-999;-999;-999;    3;   0.0;   0;   11.900;   0;  -999;   3.7;    -999;    4.6;   46.08;   10.8;    0.0;   -1.5;eor
       1327;20200323;-999;-999;-999;    3;   0.0;   0;   11.800;   0;  -999;   2.9;    -999;    3.8;   38.04;    9.4;   -0.5;   -3.6;eor
       1327;20200324;-999;-999;-999;    3;   0.0;   0;   11.917;   0;  -999;   2.8;    -999;    4.1;   36.79;   10.1;   -0.7;   -4.3;eor
       1327;20200325;-999;-999;-999;    3;   0.0;   0;   11.900;   0;  -999;   2.7;    -999;    5.2;   33.08;   12.6;   -2.7;   -8.4;eor
       1327;20200326;-999;-999;-999;    3;   0.0;   0;   11.750;   0;  -999;   3.8;    -999;    4.9;   46.17;   11.6;   -2.6;   -6.5;eor
       1327;20200327;-999;-999;-999;    3;   0.0;   0;   11.250;   0;  -999;   5.9;    -999;    6.6;   65.17;   16.7;   -2.1;   -4.7;eor
       1327;20200328;-999;-999;-999;    3;   0.0;   0;   11.183;   0;  -999;   6.6;    -999;    7.9;   65.50;   15.8;    1.6;   -1.3;eor
       1327;20200329;-999;-999;-999;    1;   0.0;   0;    1.950;   0;  -999;   5.6;    -999;    3.1;   72.54;    7.3;   -1.5;   -3.0;eor
       1327;20200330;-999;-999;-999;    1;   0.1;   4;    7.967;   0;  -999;   4.5;    -999;    2.4;   61.38;    7.6;   -4.3;   -7.3;eor
       1327;20200331;-999;-999;-999;    1;   0.0;   0;   11.117;   0;  -999;   5.3;    -999;    4.8;   64.29;   10.6;   -1.8;   -5.2;eor
       1327;20200401;-999;-999;-999;    1;   0.0;   0;   12.083;   0;  -999;   4.2;    -999;    3.5;   59.04;   10.7;   -4.7;   -7.4;eor
       1327;20200402;-999;-999;-999;    1;   0.0;   0;   11.250;   0;  -999;   5.6;    -999;    4.5;   68.04;   10.2;   -3.2;   -5.9;eor
       1327;20200403;-999;-999;-999;    1;   0.0;   0;    1.883;   0;  -999;   6.7;    -999;    7.3;   66.08;   11.3;    0.6;   -2.5;eor
       1327;20200404;-999;-999;-999;    1;   0.0;   0;   12.567;   0;  -999;   5.1;    -999;    7.0;   56.38;   15.3;   -2.3;   -5.9;eor
       1327;20200405;-999;-999;-999;    1;   0.0;   0;   12.617;   0;  -999;   5.8;    -999;   11.4;   48.17;   19.6;   -0.3;   -3.4;eor
       1327;20200406;-999;-999;-999;    1;   0.0;   0;   12.500;   0;  -999;   6.5;    -999;   14.2;   43.71;   22.3;    4.1;   -0.3;eor
       1327;20200407;-999;-999;-999;    1;   0.0;   0;    9.833;   0;  -999;  10.2;    -999;   13.7;   68.00;   21.7;    5.4;    2.4;eor
       1327;20200408;-999;-999;-999;    1;   0.0;   0;   12.100;   0;  -999;   8.7;    -999;   14.7;   59.29;   25.1;    3.6;    0.9;eor
       1327;20200409;-999;-999;-999;    1;   0.0;   0;   12.133;   0;  -999;   9.8;    -999;   14.3;   62.25;   22.4;    5.9;    2.6;eor
       1327;20200410;-999;-999;-999;    1;   0.0;   0;   12.583;   0;  -999;   8.4;    -999;   12.7;   61.83;   21.9;    3.4;    0.8;eor
       1327;20200411;-999;-999;-999;    1;   0.0;   0;   12.167;   0;  -999;   7.8;    -999;   14.0;   54.58;   23.9;    2.7;   -0.3;eor
       1327;20200412;-999;-999;-999;    1;   0.0;   0;   11.567;   0;  -999;   8.7;    -999;   16.0;   51.71;   23.0;    7.4;    3.3;eor
       1327;20200413;-999;-999;-999;    1;   0.3;   4;    6.117;   0;  -999;   7.0;    -999;    7.9;   65.50;   11.2;    1.1;   -1.1;eor
       1327;20200414;-999;-999;-999;    1;   0.0;   0;    5.383;   0;  -999;   5.2;    -999;    4.8;   62.42;   10.4;   -0.8;   -3.5;eor
       1327;20200415;-999;-999;-999;    1;   0.0;   0;   11.317;   0;  -999;   5.7;    -999;    9.3;   54.42;   19.5;   -2.0;   -3.9;eor
       1327;20200416;-999;-999;-999;    1;   0.0;   0;   11.250;   0;  -999;   7.4;    -999;   14.3;   49.63;   23.8;    2.5;   -0.9;eor
       1327;20200417;-999;-999;-999;    1;   0.0;   0;   12.133;   0;  -999;   9.3;    -999;   13.7;   63.38;   23.2;    5.4;    2.5;eor
       1327;20200418;-999;-999;-999;    1;   0.0;   0;    2.683;   0;  -999;  11.4;    -999;   12.3;   79.29;   19.6;    5.5;    3.3;eor
       1327;20200419;-999;-999;-999;    1;   0.0;   0;    0.550;   0;  -999;  10.2;    -999;   12.2;   73.08;   17.6;    7.7;    4.8;eor
       1327;20200420;-999;-999;-999;    1;   0.0;   0;   12.900;   0;  -999;   5.2;    -999;   13.1;   36.25;   20.2;    5.6;    3.5;eor
       1327;20200421;-999;-999;-999;    1;   0.0;   0;   12.883;   0;  -999;   5.4;    -999;   13.7;   37.38;   21.5;    4.3;   -0.3;eor
       1327;20200422;-999;-999;-999;    1;   0.0;   0;   13.033;   0;  -999;   5.8;    -999;   15.1;   37.42;   23.3;    3.0;   -1.5;eor
       1327;20200423;-999;-999;-999;    1;   0.0;   0;   12.317;   0;  -999;   6.8;    -999;   13.8;   49.25;   23.3;    1.3;   -1.2;eor
       1327;20200424;-999;-999;-999;    1;   0.0;   0;   10.550;   0;  -999;   7.7;    -999;   13.3;   53.17;   20.5;    6.3;    2.3;eor
       1327;20200425;-999;-999;-999;    1;   0.0;   0;    8.100;   0;  -999;   7.4;    -999;    9.1;   65.96;   15.1;    4.0;    0.3;eor
       1327;20200426;-999;-999;-999;    1;   0.0;   0;   13.250;   0;  -999;   7.4;    -999;   10.3;   63.33;   19.2;    1.5;   -1.1;eor
       1327;20200427;-999;-999;-999;    1;   0.0;   0;   12.500;   0;  -999;  -999;    -999;   11.2;-999;   21.7;    1.6;   -1.2;eor
       1327;20200428;-999;-999;-999;    1;   1.5;   4;    2.217;   0;  -999;  10.9;    -999;   13.9;   68.88;   19.3;    6.7;    3.2;eor
       1327;20200429;-999;-999;-999;    1;   1.7;   4;    3.200;   0;  -999;  10.3;    -999;   13.7;   66.54;   17.3;    9.6;    7.0;eor
       1327;20200430;-999;-999;-999;    1;   7.1;   4;    5.900;   0;  -999;   9.5;    -999;   11.2;   72.88;   16.5;    7.6;    6.2;eor
       1327;20200501;-999;-999;-999;    1;   2.1;   4;    6.800;-999;  -999;   8.9;    -999;   10.1;   72.58;   15.3;    5.6;    4.2;eor
       1327;20200502;-999;-999;-999;    1;   1.6;   4;    7.000;-999;  -999;   8.9;    -999;    8.9;   78.58;   12.9;    5.1;    2.4;eor
       1327;20200503;-999;-999;-999;    1;   2.4;   4;    8.100;-999;  -999;   8.9;    -999;   11.0;   69.50;   17.5;    3.4;    0.7;eor
       1327;20200504;-999;-999;-999;    1;   0.8;   4;    3.650;-999;  -999;  10.0;    -999;   10.8;   77.42;   15.2;    3.7;    0.7;eor
       1327;20200505;-999;-999;-999;    1;   0.0;   0;   12.267;-999;  -999;   6.4;    -999;    9.0;   60.88;   16.5;    1.6;   -0.5;eor
       1327;20200506;-999;-999;-999;    1;   0.0;   0;   14.233;-999;  -999;   5.9;    -999;    9.6;   56.38;   18.4;   -0.3;   -3.0;eor
       1327;20200507;-999;-999;-999;    1;   0.0;   0;   13.017;-999;  -999;   7.2;    -999;   12.9;   53.88;   21.8;    2.2;   -0.6;eor
       1327;20200508;-999;-999;-999;    1;   0.0;   0;   10.833;-999;  -999;   8.1;    -999;   15.0;   52.38;   22.5;    5.4;    2.6;eor
       1327;20200509;-999;-999;-999;    1;   0.0;   0;    8.333;-999;  -999;  10.4;    -999;   16.6;   58.17;   24.7;    8.2;    6.0;eor
       1327;20200510;-999;-999;-999;    1;   5.0;   4;    3.783;-999;  -999;  12.6;    -999;   14.8;   75.33;   20.2;    7.3;    6.8;eor
       1327;20200511;-999;-999;-999;    1;   0.0;   4;    5.633;-999;  -999;   6.1;    -999;    8.0;   58.83;   13.0;    3.1;   -0.1;eor
       1327;20200512;-999;-999;-999;    1;   0.0;   0;   11.833;-999;  -999;   5.5;    -999;    6.3;   60.83;   12.8;   -0.7;   -3.4;eor
       1327;20200513;-999;-999;-999;    1;   0.0;   0;    6.383;-999;  -999;   6.4;    -999;    8.6;   59.50;   14.8;    2.6;    0.9;eor
       1327;20200514;-999;-999;-999;    1;   0.0;   0;   12.617;-999;  -999;   5.7;    -999;    9.0;   52.83;   15.6;    2.2;   -1.3;eor
       1327;20200515;-999;-999;-999;    1;   0.0;   0;   14.717;-999;  -999;   5.9;    -999;    8.5;   57.71;   16.1;   -0.3;   -3.5;eor
       1327;20200516;-999;-999;-999;    1;   0.0;   0;   12.067;-999;  -999;   6.8;    -999;   10.9;   56.08;   18.4;    0.4;   -2.0;eor
       1327;20200517;-999;-999;-999;    1;   0.0;   0;   14.717;-999;  -999;   7.6;    -999;   11.8;   58.96;   19.0;    3.4;    0.4;eor
       1327;20200518;-999;-999;-999;    1;   0.0;   0;   13.317;-999;  -999;   9.3;    -999;   15.6;   54.75;   23.4;    6.3;    2.7;eor
       1327;20200519;-999;-999;-999;    1;   0.0;   0;   11.217;-999;  -999;   9.6;    -999;   16.8;   51.46;   23.8;    6.3;    3.2;eor
       1327;20200520;-999;-999;-999;    1;   0.0;   0;    8.967;-999;  -999;  12.2;    -999;   15.9;   68.96;   21.8;    9.4;    6.2;eor
       1327;20200521;-999;-999;-999;    1;   0.0;   0;   14.817;-999;  -999;  12.1;    -999;   18.3;   62.17;   27.5;    6.4;    3.9;eor
       1327;20200522;-999;-999;-999;    1;   1.6;   4;    0.100;-999;  -999;  14.4;    -999;   19.1;   67.96;   26.7;   11.0;    8.4;eor
       1327;20200523;-999;-999;-999;    1;   0.0;   0;    4.983;-999;  -999;   9.2;    -999;   13.9;   58.33;   18.6;    8.7;    7.2;eor
       1327;20200524;-999;-999;-999;    1;   0.3;   4;    4.667;-999;  -999;  10.1;    -999;   13.3;   66.88;   18.3;    8.0;    6.2;eor
       1327;20200525;-999;-999;-999;    1;   0.0;   0;    3.833;-999;  -999;  11.5;    -999;   15.1;   68.25;   20.5;    7.6;    4.0;eor
       1327;20200526;-999;-999;-999;    1;   0.0;   0;   14.667;-999;  -999;   9.2;    -999;   14.7;   59.67;   22.6;    5.6;    2.7;eor
       1327;20200527;-999;-999;-999;    1;   0.0;   0;   13.433;-999;  -999;   9.6;    -999;   16.7;   54.67;   24.1;    5.3;    2.2;eor
       1327;20200528;-999;-999;-999;    1;   0.0;   0;   15.183;-999;  -999;   8.0;    -999;   15.3;   49.25;   22.2;    6.3;    2.7;eor
       1327;20200529;-999;-999;-999;    1;   0.0;   0;   14.517;-999;  -999;   7.5;    -999;   15.5;   47.33;   23.7;    4.1;    0.7;eor
       1327;20200530;-999;-999;-999;    1;   0.0;   0;   10.517;-999;  -999;   7.5;    -999;   16.0;   45.71;   24.7;    4.5;    1.9;eor
       1327;20200531;-999;-999;-999;    1;   0.0;   0;   13.967;-999;  -999;   7.7;    -999;   15.4;   49.25;   24.0;    4.8;    2.3;eor
       1327;20200601;-999;-999;-999;    1;   0.0;   0;   14.567;-999;  -999;   9.4;    -999;   17.9;   51.38;   28.0;    5.8;    3.7;eor
       1327;20200602;-999;-999;-999;    1;   0.0;   0;   13.950;-999;  -999;   9.6;    -999;   20.2;   46.54;   29.6;    7.2;    4.6;eor
       1327;20200603;-999;-999;-999;    1;   6.4;   4;    8.067;-999;  -999;  10.5;    -999;   19.4;   47.71;   24.5;   13.0;   11.4;eor
       1327;20200604;-999;-999;-999;-999;-999;-999;-999;-999;  -999;  -999;    -999;   -999;-999;-999;-999;-999;eor
       1327;20200608;-999;-999;-999;    1;  -999;-999;-999;-999;  -999;  -999;    -999;   -999;-999;-999;-999;-999;eor
       1327;20200609;-999;-999;-999;    1;   2.3;   4;    2.450;-999;  -999;  12.4;    -999;   13.6;   80.46;   18.5;    8.8;    7.1;eor
